-2.508691e-01 7.574257e-02 2.767932e-01 1.917619e-01 8.458886e-02 -1.354040e-01 5.883625e-02 6.243650e-02 3.233155e-02 4.658191e-02 -1.097930e-01 -7.807661e-02 -1.559604e-01 4.309499e-02 -1.861935e-01 -3.795720e-02 -4.079187e-02 -2.990003e-01 1.035602e-01 -2.299075e-01 -1.030893e-01 8.495638e-03 -2.690311e-02 9.294980e-02 3.651073e-02 -1.862045e-01 -8.047886e-02 2.994510e-01 7.312399e-02 6.184443e-02 1.926238e-01 2.853437e-01 -5.884959e-02 -1.235772e-01 -1.778735e-01 -7.501569e-02 1.755083e-01 7.585333e-02 5.356224e-02 -2.317841e-02 1.580769e-01 5.618120e-02 3.922872e-02 1.811009e-01 1.565366e-01 1.268583e-01 7.907179e-02 2.006363e-01 -1.460367e-01 
-1.780232e-01 5.453503e-03 -7.155839e-02 -1.245771e-01 -8.051998e-02 1.900241e-01 -6.050569e-02 -1.785368e-01 -1.091577e-01 -5.347111e-02 -1.137863e-01 -6.659879e-02 -8.677021e-02 -1.528537e-02 -1.667746e-01 -1.013023e-02 1.964306e-01 5.179942e-02 6.114413e-02 -1.367464e-01 2.281941e-01 1.032245e-01 2.048624e-01 -2.055285e-02 1.538849e-01 -1.813510e-01 -1.457182e-01 -4.416490e-02 -6.628690e-02 -3.013250e-01 -3.637828e-02 -2.058017e-02 -6.747933e-02 -2.253321e-01 -2.450929e-02 1.924692e-01 -1.281323e-01 4.981675e-02 1.774564e-01 3.664587e-02 -1.855288e-01 2.392852e-01 2.305625e-01 -1.645873e-01 2.874219e-01 -1.841737e-01 1.503256e-01 -1.962204e-02 3.123031e-03 
-1.575824e-01 -6.038647e-02 -2.186102e-02 1.246235e-01 7.093022e-02 1.755869e-01 -1.056105e-01 6.664927e-02 5.421965e-02 2.264893e-01 1.893065e-01 1.670788e-01 1.788958e-01 -6.227644e-02 9.113757e-02 2.551704e-01 -2.328561e-02 -6.871792e-02 -7.824315e-02 -7.008735e-02 1.100755e-01 5.453175e-02 -2.187565e-02 1.275873e-01 4.304202e-02 2.266888e-02 -8.462524e-02 -1.391591e-01 -2.508727e-01 -1.182032e-01 -2.264804e-01 2.434574e-01 -7.757760e-02 -1.390226e-01 -7.595662e-02 1.102437e-01 1.018755e-01 -2.678169e-01 -2.304126e-02 -1.297001e-01 -1.280820e-01 -6.001358e-02 1.485362e-01 -9.719258e-02 -2.009196e-01 3.134878e-01 -9.835046e-02 1.381230e-01 -2.249796e-01 
-1.194894e-01 1.709974e-01 -9.246407e-02 -4.219067e-02 5.902803e-02 -5.256897e-02 4.856165e-02 -2.916905e-01 3.140842e-01 7.079377e-03 6.965620e-02 -1.027381e-01 2.398376e-01 1.564018e-01 1.461472e-01 -4.675910e-02 -2.504395e-01 1.447427e-01 1.139947e-02 2.664187e-01 2.059641e-02 -2.569484e-01 -9.991058e-02 3.582871e-02 1.451001e-01 8.005734e-02 4.083787e-02 2.898701e-01 -2.543345e-02 1.235821e-01 1.741881e-01 -3.624543e-02 8.206420e-02 -2.097261e-01 2.444382e-02 1.956294e-02 1.831437e-01 -3.489619e-02 1.337067e-01 1.559091e-02 -1.966010e-01 2.251836e-01 1.625502e-01 -9.951699e-02 5.222255e-02 2.527461e-02 -7.619110e-02 1.031961e-02 7.927236e-03 
-1.333559e-01 1.301008e-01 -1.401196e-01 1.996119e-01 -1.241051e-01 -1.076974e-01 9.229996e-02 9.483693e-02 -4.891596e-02 -1.620058e-01 1.273077e-01 2.729040e-02 2.019689e-01 1.105911e-01 1.985282e-01 3.329670e-01 -1.985944e-01 4.186014e-02 1.705774e-01 -1.934289e-01 -8.604546e-02 7.036050e-02 3.399110e-02 -2.948513e-02 -1.732460e-01 7.074418e-02 1.307209e-01 5.785178e-02 2.818909e-03 -4.288724e-03 -2.200346e-01 9.705891e-02 -2.432313e-01 -7.232171e-02 1.797490e-02 -6.605330e-03 -5.697644e-02 1.198194e-01 -1.832171e-01 3.340424e-01 8.112743e-02 1.303902e-01 3.114929e-02 -5.164752e-02 4.217281e-02 -2.903312e-01 1.376255e-01 1.121026e-01 6.849951e-02 
-1.548404e-01 1.839764e-01 1.148390e-01 1.808751e-01 -8.601945e-02 -9.634019e-02 -1.327000e-01 -1.821506e-01 -3.180421e-01 -1.346922e-01 7.618190e-02 -1.701229e-01 2.094204e-01 1.363634e-01 1.873015e-01 -7.618893e-02 1.603648e-01 1.746089e-01 -2.772159e-02 1.900659e-01 -4.627289e-02 1.298981e-01 -7.069275e-02 2.388495e-01 1.004646e-01 -9.815216e-02 4.444670e-02 -1.124334e-01 1.539284e-01 -2.458329e-01 -2.849719e-02 -4.787563e-02 -4.944196e-02 7.227187e-02 -2.806633e-01 1.086938e-01 8.382800e-02 -5.444690e-02 3.959579e-02 -2.975400e-02 1.434651e-01 6.857414e-02 -2.532394e-01 1.442206e-01 1.298611e-02 6.647408e-02 -1.564043e-01 -1.282116e-01 -9.639004e-02 
-2.138666e-02 2.015143e-01 -9.292144e-02 -1.962452e-01 1.342119e-02 8.772506e-02 2.067696e-02 -1.434957e-01 2.299499e-01 1.786799e-01 -1.291614e-01 -1.290278e-01 1.039625e-01 1.436469e-01 -1.175100e-01 4.227473e-02 1.708117e-01 3.098296e-03 4.828179e-02 -1.401919e-01 -1.523050e-01 -6.843541e-02 2.792761e-01 2.264961e-01 6.684420e-02 1.480756e-01 1.050928e-01 -3.547602e-02 -2.285803e-01 6.760792e-02 3.634155e-02 4.959272e-02 -6.432154e-02 2.610052e-01 -1.484655e-01 6.525887e-02 -7.877091e-02 1.123487e-01 2.179383e-02 4.328510e-02 2.524129e-01 -4.134072e-02 1.796891e-01 1.384837e-01 -2.893941e-01 -1.104391e-01 8.853961e-02 -2.047536e-01 -1.665616e-01 
-5.098107e-02 1.793809e-01 1.302145e-01 -8.906905e-02 1.470094e-01 4.065854e-02 1.681094e-01 1.289692e-02 -1.347670e-01 2.443869e-01 -4.858358e-02 1.350872e-01 -5.918742e-03 -3.881943e-02 1.276682e-01 -7.254723e-02 6.053443e-02 -3.285442e-02 -2.988563e-01 3.987324e-02 -9.035348e-02 1.147537e-01 -1.638321e-01 1.211918e-01 -1.366995e-01 6.666515e-02 1.916554e-02 5.455882e-03 -4.989058e-01 8.055042e-02 9.386657e-02 8.025734e-02 3.768791e-02 -2.060752e-01 -1.057973e-01 -1.333200e-02 -1.022510e-01 8.466947e-02 1.194646e-02 -5.966156e-02 2.826768e-02 1.155776e-01 -3.186601e-01 -1.302881e-01 1.259483e-01 -2.307313e-01 3.776220e-02 -1.589573e-02 1.852498e-01 
-1.868294e-02 2.791773e-01 4.674776e-02 -5.574795e-02 1.452702e-01 -1.222596e-01 1.669591e-01 -2.749409e-02 -2.126890e-01 -1.325645e-01 9.195341e-02 2.005424e-01 -4.678647e-02 -1.118065e-01 -9.831255e-03 -4.878638e-02 -1.547745e-01 1.483050e-01 1.898602e-01 -1.974756e-01 -2.678796e-02 -2.203070e-01 1.953600e-01 -2.704158e-01 1.749008e-01 -4.294137e-03 -1.005226e-01 6.501913e-02 -1.992858e-02 6.928456e-02 -1.646042e-01 4.455779e-02 1.308550e-01 1.172284e-01 -2.946535e-01 2.561158e-02 -1.200516e-01 -2.904239e-01 2.055864e-01 -1.860610e-01 -3.513971e-02 1.017714e-02 -8.621728e-02 1.609204e-05 -1.816782e-01 -5.989048e-02 3.391139e-02 6.139441e-02 1.343952e-01 
-2.063661e-01 -1.260587e-01 -2.595730e-01 4.921126e-02 9.350472e-02 5.276494e-02 -1.420970e-02 1.826174e-02 1.333268e-01 -6.937331e-02 -2.032557e-01 1.778162e-01 1.027951e-01 3.613486e-02 3.661133e-02 1.159230e-01 1.886018e-01 2.237632e-01 9.904230e-02 3.779646e-02 1.160333e-01 7.116566e-02 -2.017341e-01 -8.596290e-03 -2.341023e-02 -7.989916e-02 -2.084362e-01 -1.057594e-01 9.996537e-03 2.573975e-01 1.217419e-01 -1.385417e-01 -6.513099e-02 5.677825e-02 -1.359706e-01 -2.293016e-01 8.133600e-02 -2.947237e-01 6.914170e-03 -1.170166e-01 3.799952e-01 -9.076750e-03 4.462517e-02 -6.996799e-02 1.809021e-01 -1.849561e-02 2.129139e-01 -1.050514e-03 6.214533e-02 
-2.366252e-02 1.012784e-01 1.813422e-02 -4.006072e-02 -9.973529e-02 3.472674e-01 -1.283480e-01 2.425186e-01 -1.816632e-02 4.722676e-02 -1.978325e-01 -1.970211e-01 1.692806e-01 -1.295811e-01 1.026793e-01 -2.973156e-01 -2.248613e-01 1.351004e-01 -6.679573e-04 -9.556294e-02 1.779495e-01 8.709901e-02 1.030160e-01 -2.659992e-01 2.999105e-02 4.316918e-02 -4.839459e-02 -9.264150e-02 -1.200408e-01 -6.802663e-02 2.494741e-01 1.893066e-02 -4.146260e-02 6.916466e-02 -8.679600e-02 -7.411367e-02 2.214786e-01 -4.312903e-02 -1.633898e-01 2.159989e-01 -1.696926e-02 1.598182e-01 -9.691983e-02 1.688047e-01 -1.406109e-01 5.994456e-02 3.728534e-02 1.641934e-01 5.832424e-02 
-1.428875e-01 -1.931720e-02 -2.324185e-01 -8.010004e-02 -5.200055e-02 1.052971e-01 -2.990534e-01 1.561638e-02 -1.775246e-02 -4.484662e-02 1.271080e-01 1.461166e-02 -1.308975e-01 1.772714e-01 5.230619e-02 5.799758e-02 8.092827e-02 -1.906953e-01 -1.697017e-01 9.154948e-02 1.984337e-01 -1.803017e-01 3.043264e-02 5.339995e-02 -1.486961e-02 -9.061285e-02 -3.382545e-01 1.621974e-01 1.002429e-01 9.397132e-02 1.683183e-02 1.345720e-01 2.577619e-01 -1.749541e-02 -8.601977e-02 3.038162e-02 -4.517402e-02 4.714305e-02 1.915064e-02 2.341792e-01 6.891790e-02 -1.431976e-01 -2.079204e-01 5.314930e-03 -2.272466e-01 -3.122094e-01 -1.334373e-01 1.718087e-01 -1.655936e-02 
-1.705186e-01 -7.990192e-02 -1.120363e-01 1.006182e-01 -1.651411e-01 -1.999042e-01 1.010077e-01 1.324019e-01 1.816858e-02 2.381679e-01 -3.187787e-02 -1.496106e-01 -1.146038e-01 -7.988833e-02 3.136325e-02 -1.269761e-01 2.964876e-01 3.063572e-01 -4.838699e-02 5.337494e-02 -2.054350e-01 1.509792e-01 1.338109e-01 5.308483e-02 6.028921e-02 -1.591680e-01 -2.739571e-02 1.141001e-01 6.298478e-02 2.151812e-01 -8.091328e-02 1.761922e-02 -1.026032e-01 2.428589e-02 1.837310e-01 -1.411805e-01 -1.392420e-01 -6.300321e-02 5.414549e-02 -8.475407e-03 -1.941892e-01 2.675449e-01 -5.343083e-02 -6.807054e-02 -2.876416e-01 2.023651e-04 -7.788818e-02 2.412650e-01 -4.820962e-02 
-3.887752e-02 1.122765e-01 -2.394996e-01 1.604339e-01 1.889889e-01 1.130671e-02 2.149779e-01 1.925937e-01 9.545229e-02 -4.429844e-02 3.571317e-02 -8.606257e-02 4.037561e-02 -1.399362e-01 -2.545789e-01 1.950607e-01 4.729757e-02 -8.341352e-03 -4.580046e-02 -1.798587e-02 4.245375e-02 1.732771e-01 -1.260471e-01 -1.699296e-01 1.513398e-01 -2.047972e-01 -2.690025e-03 7.846317e-02 -9.560705e-02 1.478095e-01 -5.333683e-02 -2.906297e-01 1.985282e-01 6.731955e-02 -1.370491e-01 3.683770e-01 1.140128e-01 2.189278e-01 -1.587722e-01 4.994369e-02 -5.589057e-02 7.602932e-02 -1.072684e-01 2.999813e-02 2.558065e-03 4.987697e-02 -1.725357e-01 -1.229831e-01 -1.158349e-01 
-2.737531e-02 2.696706e-01 -6.065626e-02 1.117486e-01 -2.354382e-01 -1.516506e-01 -1.220018e-02 1.491899e-01 -4.725189e-02 1.930343e-01 1.190132e-01 4.546489e-02 2.112593e-01 -7.296551e-03 -7.441465e-02 -1.763888e-01 2.265694e-01 -3.171552e-01 1.700006e-01 2.806450e-01 1.277275e-01 -1.158011e-02 1.573302e-01 -4.955873e-02 -7.060983e-02 -6.253942e-02 -1.310157e-03 -3.659628e-02 -1.084448e-01 5.633812e-02 -1.556449e-01 1.292997e-01 2.313835e-01 1.937164e-01 1.121859e-01 -3.843989e-02 1.543014e-01 -7.815715e-02 -6.742238e-02 -1.588631e-02 1.836967e-02 3.763669e-02 1.926255e-01 7.696455e-03 2.145793e-01 1.633299e-02 2.762488e-02 -5.971519e-02 2.714924e-01 
-1.060390e-01 -8.795760e-02 -1.462880e-01 6.933417e-02 1.191307e-01 2.845759e-01 -1.664327e-01 -1.698524e-01 -1.224459e-01 3.399362e-02 2.682520e-01 -2.037923e-01 2.664732e-01 -5.703152e-02 2.180701e-02 -1.560340e-01 -2.935459e-02 -1.464986e-01 1.502986e-01 -2.626145e-01 -2.291707e-01 -5.157240e-02 1.757801e-02 -3.102149e-02 3.386655e-02 -1.643982e-01 2.091081e-02 -2.131764e-03 4.753191e-03 1.610810e-01 6.118235e-02 -3.053142e-02 -1.409008e-02 1.146623e-01 -1.664439e-02 -2.819899e-01 -1.474408e-01 2.012630e-01 -1.097105e-01 -2.311787e-01 -1.014313e-01 -9.839842e-02 -6.976876e-02 -2.615069e-01 1.285856e-01 2.485233e-03 -1.132076e-01 -3.168878e-02 1.796916e-02 
-2.581113e-02 5.795598e-02 -6.320053e-02 6.657249e-02 -9.202070e-02 1.508686e-01 1.283640e-01 -3.178462e-02 -8.090001e-03 2.816593e-01 1.108354e-01 -1.926995e-01 -1.492094e-01 8.643829e-02 -1.275659e-01 9.968692e-02 -1.347215e-01 1.099978e-01 1.027703e-01 -1.266711e-01 4.406938e-02 -8.343679e-02 -1.037593e-01 1.340387e-01 3.022654e-02 -3.387293e-01 2.097109e-01 -4.399888e-02 3.143244e-02 -1.027681e-03 1.043379e-01 4.102232e-02 3.782999e-02 -1.684224e-01 1.497017e-01 1.135723e-02 -3.677773e-02 -4.213252e-01 -6.002178e-02 1.290218e-01 -6.919857e-02 -2.339391e-01 -1.296514e-01 1.979859e-01 -3.838832e-03 -9.660628e-02 4.703074e-02 -2.630166e-01 1.916767e-01 
-1.751828e-01 3.416934e-02 -6.720852e-02 -2.020494e-01 -4.799753e-02 -1.713052e-01 -2.148361e-01 -1.959891e-02 -5.991454e-02 -1.615030e-01 -1.284377e-01 -1.628374e-01 8.015970e-02 -1.149715e-01 -1.810507e-01 1.941026e-01 -1.284049e-01 -2.894314e-01 -4.958569e-02 1.702522e-01 -3.397171e-02 1.615363e-01 -2.515454e-01 -1.237601e-01 3.052623e-01 3.377230e-02 9.080689e-03 5.131496e-02 -1.419331e-01 5.104451e-03 -7.196741e-02 9.922034e-02 -1.587784e-01 7.476006e-02 9.537984e-02 -2.014690e-01 -1.696377e-01 -6.814948e-02 1.309740e-01 9.095122e-02 -9.156852e-02 4.114450e-02 -1.529358e-01 7.678571e-03 -1.663502e-01 1.482785e-01 2.067598e-01 -1.950646e-01 9.344607e-02 
-7.986170e-03 3.037639e-01 -2.270715e-03 -3.000470e-02 8.165710e-02 1.843094e-01 1.288423e-01 -1.414453e-02 -7.891940e-02 -9.223212e-02 -9.612395e-02 1.206501e-01 -1.536190e-01 1.498065e-01 -3.910916e-03 1.292525e-01 -1.579175e-01 1.113658e-01 -9.750100e-02 2.183106e-01 -9.964981e-02 -6.112740e-02 1.310906e-01 -9.626284e-02 -1.012124e-01 -3.487124e-01 -2.913742e-01 -2.261980e-02 -1.222196e-01 -9.540699e-02 -9.899321e-02 3.933143e-02 -2.432865e-01 8.302011e-02 2.632220e-01 -2.834563e-01 1.016475e-01 1.588006e-01 -3.436278e-03 -5.358058e-02 5.091997e-02 -3.299414e-02 7.871179e-02 6.723077e-02 1.076709e-02 7.235928e-02 -2.487678e-01 -1.354029e-01 -8.152288e-02 
-7.505397e-03 2.613460e-01 2.088263e-02 -2.210562e-01 -1.808214e-01 7.795939e-02 -1.388586e-01 1.815620e-01 1.450667e-01 -2.066590e-01 3.390536e-01 6.782076e-02 8.777691e-02 2.243791e-02 -5.523061e-02 -3.924551e-02 -7.483409e-04 1.311816e-01 5.350880e-02 -4.490090e-02 -1.125256e-01 3.661458e-01 -3.167468e-02 2.142731e-02 -1.816950e-02 -4.750432e-02 1.257373e-02 4.716113e-02 -2.791079e-02 5.526913e-02 1.701819e-01 -6.516607e-02 2.855225e-02 -2.202371e-01 1.751721e-01 1.517757e-01 -1.344529e-01 7.310022e-02 2.389544e-01 -1.771130e-01 1.967460e-01 -2.029175e-01 8.300667e-02 1.273394e-01 -3.291977e-02 9.398652e-02 -2.430415e-02 1.992928e-01 1.215680e-01 
-2.040600e-01 -1.258270e-01 7.048332e-02 -1.578825e-01 -1.994223e-01 -6.384405e-02 2.116195e-01 1.831416e-01 -1.051190e-01 9.152463e-02 2.773680e-02 -1.765830e-01 9.871779e-02 1.628561e-01 -2.142083e-01 1.536667e-01 -1.495817e-01 9.352842e-02 -2.655140e-01 3.422068e-02 4.369182e-02 -2.534002e-01 -5.319972e-02 -5.417025e-02 1.814614e-02 -7.938149e-02 7.741108e-02 -2.058517e-01 1.486964e-01 -1.436436e-01 4.603716e-02 3.957849e-02 1.242260e-01 -3.739566e-02 -1.371632e-01 -2.800461e-02 -2.553843e-02 2.066212e-01 -8.191186e-02 -2.201094e-01 2.340607e-01 7.403987e-02 1.380375e-01 -2.327543e-01 -1.502126e-01 8.097435e-02 2.805437e-02 8.871461e-02 2.258571e-01 
-1.526039e-02 2.255567e-01 -1.442535e-01 -2.062166e-04 1.402549e-01 9.204159e-02 -9.076823e-02 1.403304e-01 -9.723955e-02 -2.205596e-01 -1.643143e-01 -9.073066e-02 1.570177e-02 1.786903e-01 1.168569e-01 1.145917e-02 1.766326e-01 -6.603339e-02 -1.714781e-01 -1.484076e-01 -1.372013e-01 -2.024567e-01 1.611864e-02 -4.720372e-02 -2.618865e-01 1.454000e-02 3.775030e-02 -1.584988e-01 1.931724e-01 2.144649e-01 7.405041e-02 2.133258e-01 6.113186e-02 -6.932504e-02 2.137536e-01 2.849249e-01 -1.155522e-02 -8.332255e-02 2.066286e-02 -1.071525e-01 -1.459886e-01 1.772140e-01 -7.889824e-02 -3.761556e-02 -1.135009e-03 2.461612e-01 2.379858e-01 -1.417651e-01 -4.106751e-02 
-1.841605e-01 -2.133388e-02 -4.658661e-03 -7.905472e-02 1.357902e-01 1.355159e-01 7.091511e-02 -2.520368e-01 -2.098904e-01 -1.635964e-02 1.011946e-01 2.498032e-01 -1.311409e-02 -2.381957e-01 -5.896334e-02 -2.022015e-01 -1.545904e-02 -8.622660e-02 3.476405e-02 8.660142e-02 1.621232e-01 6.719874e-02 -1.476714e-01 5.077529e-02 4.379854e-03 -1.725902e-02 1.083294e-01 1.007618e-01 1.978387e-01 8.883339e-02 3.745672e-03 8.188852e-02 -1.480615e-01 -3.816831e-02 2.317491e-01 1.660973e-01 8.617598e-02 5.279730e-02 -2.998207e-01 -1.664051e-01 1.692228e-01 1.961083e-01 1.457410e-01 1.314969e-01 -3.325702e-01 -1.688456e-01 6.936439e-02 -6.785935e-02 4.022745e-02 
-2.383885e-01 -1.538943e-01 4.329548e-02 -7.086659e-02 1.691353e-01 3.358303e-02 -2.190197e-01 4.609899e-03 -1.295266e-01 2.248914e-01 9.893582e-02 1.654065e-01 -9.035142e-02 -9.732455e-02 1.950542e-01 2.686415e-01 6.450353e-02 2.558537e-01 6.393438e-02 1.103553e-01 2.350908e-02 3.222280e-02 1.196022e-01 -1.943299e-01 -1.545425e-01 -7.178413e-02 2.541113e-01 1.882796e-01 1.756095e-02 -2.673600e-02 1.379904e-01 1.034851e-01 1.944226e-01 1.456602e-01 -8.127300e-02 -3.282173e-02 -2.185151e-02 2.622684e-01 1.588005e-01 1.203214e-01 -5.977997e-02 -8.127620e-03 7.447898e-02 1.746202e-01 5.681497e-02 1.933340e-01 1.207491e-01 -1.569192e-01 8.938525e-02 
-2.535210e-01 -9.988123e-02 1.288348e-01 -2.785161e-02 -2.343547e-01 1.546819e-01 1.601228e-01 -8.233372e-02 -3.005127e-01 -1.880631e-01 3.184999e-03 -8.300063e-02 -7.122333e-02 -5.163259e-02 5.702751e-02 1.749235e-01 -3.264857e-02 -1.942554e-01 -1.520189e-01 -2.903554e-02 -1.538211e-01 4.637220e-02 1.095507e-01 8.330865e-03 -1.403845e-01 1.734834e-01 2.148143e-02 1.190362e-01 -1.528217e-01 1.397540e-01 1.662626e-01 -3.113439e-01 2.030401e-01 1.119262e-01 7.607657e-02 -1.367676e-02 -2.495077e-02 -3.300756e-01 1.005313e-03 8.386715e-02 2.600580e-02 7.021753e-02 2.356451e-01 3.909956e-02 4.464681e-02 1.922171e-02 -1.865643e-01 1.240562e-02 -1.186974e-01 
-4.577948e-02 1.695334e-02 -2.290872e-01 -3.106103e-01 -1.034781e-01 -1.023577e-01 1.222351e-02 5.757763e-02 -1.032336e-01 6.887084e-02 5.257427e-02 -5.372956e-02 -1.940417e-01 -2.153080e-01 5.862468e-02 1.290727e-01 1.420193e-02 -9.445103e-03 3.155052e-01 3.317654e-02 7.010226e-04 -2.372000e-01 -1.213812e-01 -6.903284e-03 9.674504e-02 1.157225e-01 1.123610e-01 -2.939437e-01 -6.960945e-02 6.701178e-02 1.532421e-01 1.958154e-01 -1.259355e-01 2.717653e-02 7.750860e-02 9.967380e-02 7.060808e-02 3.958192e-02 5.270810e-02 -3.595496e-02 1.126963e-01 1.306621e-01 -1.373002e-01 6.788651e-02 2.493373e-01 -3.159507e-02 -3.385645e-01 1.465843e-01 -1.955771e-01 
-2.361630e-02 2.346803e-01 -6.172326e-03 -5.196045e-02 5.892687e-02 -2.009478e-01 -3.053147e-02 -1.695728e-02 1.683199e-01 1.218696e-01 -1.149062e-01 -9.131074e-03 2.910825e-02 -2.788420e-01 1.179303e-01 -1.458622e-02 -2.443100e-01 -1.336111e-01 -4.232891e-03 6.615098e-02 1.939950e-01 1.670857e-01 1.514141e-01 5.478989e-02 -2.716331e-01 -1.665378e-01 -1.478674e-02 -9.977104e-02 2.481284e-01 -6.554263e-03 1.665113e-01 -2.197891e-02 5.375701e-02 -6.725155e-02 -1.392112e-01 -3.109345e-02 -4.354810e-01 -1.010657e-01 -8.503392e-02 5.931685e-02 9.621021e-02 5.592416e-02 5.494922e-02 -2.098931e-01 -1.293537e-02 6.897507e-02 -1.498546e-01 -1.282077e-01 -1.754930e-01 
-1.204836e-01 1.694970e-02 -1.440327e-01 -7.185292e-02 1.657849e-01 -1.924527e-01 -2.639279e-02 -4.322352e-02 -6.520817e-02 -1.053378e-01 -2.296801e-01 1.252660e-01 8.878586e-02 6.496398e-02 -5.559579e-02 1.225356e-01 -7.206278e-02 7.393684e-02 -1.672914e-01 -7.572462e-02 6.079047e-02 1.805177e-01 3.503641e-01 2.400526e-01 2.557992e-01 1.338359e-01 7.003966e-02 -8.053413e-02 8.084129e-02 7.256811e-02 1.152250e-01 9.904495e-02 8.002865e-02 -3.613892e-02 6.103911e-02 -8.236986e-02 2.956236e-02 1.514692e-02 -3.132100e-01 -1.218084e-01 -2.346393e-01 -1.930759e-01 -1.335075e-02 1.864895e-01 1.629710e-01 -4.381574e-03 -1.710456e-01 1.393759e-01 2.296031e-01 
-1.873280e-01 6.014600e-02 -4.250914e-02 1.450704e-01 -2.684884e-01 -1.393722e-01 -2.119467e-01 2.376627e-01 -6.465448e-02 -8.157175e-02 -2.285843e-01 2.592451e-01 -1.729522e-01 -1.360049e-02 1.697393e-01 -2.473039e-01 -8.636713e-02 9.516437e-02 2.816166e-02 -1.695226e-01 -5.718253e-02 -1.295224e-01 -1.875996e-01 1.037429e-01 1.832430e-01 -5.973054e-02 8.811685e-02 6.962826e-02 -1.578204e-01 9.300391e-03 8.196276e-02 -2.848839e-02 -7.270355e-03 9.942249e-03 -1.601753e-02 1.089414e-01 3.797910e-02 1.134546e-01 -5.746280e-02 1.218956e-02 -5.965471e-02 -2.238197e-01 2.167379e-01 -2.614803e-01 -8.245375e-02 -2.753464e-02 -1.071040e-01 -2.866920e-01 -2.384072e-02 
-1.217395e-01 6.137232e-02 1.052408e-01 4.569945e-03 3.097198e-02 3.004532e-01 1.761511e-01 -8.242087e-02 7.415480e-02 -6.913809e-02 -2.713305e-02 1.089702e-01 -1.537402e-01 1.522614e-01 -1.292457e-01 -1.234278e-01 -9.066151e-03 9.375489e-02 1.522082e-01 -4.967019e-02 1.280666e-01 1.143815e-01 -1.083506e-01 2.013917e-01 8.644463e-02 1.976069e-01 4.164606e-02 -1.326155e-02 1.024085e-01 1.094016e-01 -1.913244e-01 1.589037e-01 1.212538e-01 1.715960e-01 5.108931e-02 -1.306535e-02 -1.616226e-01 5.713375e-02 3.789630e-02 3.464939e-01 9.448202e-02 9.340417e-02 -1.182337e-01 -2.366512e-01 6.152019e-02 3.579218e-01 -1.881073e-01 2.865003e-02 1.924608e-01 
-2.378590e-01 9.629583e-02 2.231985e-01 1.325290e-01 1.145998e-01 -1.882174e-01 -3.298514e-02 -2.402993e-03 -4.938161e-02 3.637422e-03 1.181456e-01 -1.790739e-01 -1.648602e-02 -1.133196e-01 -4.234302e-02 2.882450e-02 9.983980e-02 9.361960e-02 2.043099e-01 -9.607083e-02 2.417693e-01 -2.103693e-01 1.517113e-02 1.056068e-01 -1.026569e-01 2.411475e-01 -3.217198e-01 -2.331760e-01 -1.208312e-01 1.101130e-01 3.164788e-03 -2.848700e-01 2.112880e-02 -2.468665e-01 1.709084e-01 -1.238322e-01 -2.928224e-02 2.141629e-01 -2.887816e-02 6.225039e-02 -6.314056e-02 -8.450980e-02 -2.246167e-02 1.309621e-01 -1.402370e-01 9.852277e-02 6.264440e-02 -1.137643e-01 4.759213e-02 
-3.136955e-02 1.998476e-01 -1.073438e-01 -1.180695e-01 -1.523594e-01 -7.722152e-04 1.425222e-01 -4.643993e-02 -1.704225e-01 1.919106e-01 8.661675e-02 1.926928e-01 9.330150e-02 1.726800e-01 -1.553558e-01 -1.016035e-01 1.722774e-01 -3.533951e-02 -1.852641e-01 -3.968921e-02 1.528427e-01 -5.514026e-02 -1.919873e-01 -1.987252e-01 -8.138292e-02 1.252401e-01 4.904580e-02 3.347889e-02 1.792301e-01 1.485525e-01 7.443259e-02 -1.214147e-01 -3.692727e-01 -1.362629e-02 -2.567075e-01 -8.331261e-02 -1.189000e-01 4.065817e-02 2.052102e-03 1.455312e-01 -2.711733e-01 -2.105042e-01 9.659221e-02 1.335704e-01 7.969545e-02 1.168453e-01 -2.079302e-02 6.689256e-02 -1.351474e-01 
-1.924534e-01 -1.558062e-01 -8.410839e-02 -5.647353e-02 1.151971e-01 5.802837e-02 2.259318e-01 2.815289e-02 1.436640e-01 -1.315254e-01 -4.549121e-02 -3.898733e-04 1.619410e-01 -3.335364e-01 1.382956e-01 -2.008062e-01 1.755543e-01 -8.605809e-02 -1.159851e-01 1.192568e-01 -3.389349e-01 -2.215033e-01 8.483071e-02 -7.121322e-02 6.984666e-02 -7.563028e-02 -4.769167e-02 -5.883089e-02 5.055657e-02 -1.288211e-01 -1.165435e-01 6.445945e-02 -7.799918e-02 -2.456398e-01 -7.017180e-02 8.625949e-02 -8.658551e-02 -1.803077e-02 2.206245e-02 3.068271e-01 1.181457e-01 -2.296390e-01 7.174904e-02 1.495350e-01 5.237283e-02 9.852815e-02 -7.367420e-02 -2.544733e-02 1.836354e-01 
-1.453386e-01 -6.515955e-02 -1.425948e-01 1.233766e-01 -6.444867e-02 4.259249e-02 2.216748e-01 9.980890e-02 -7.249615e-02 8.513051e-02 -2.610049e-02 2.143506e-01 2.067132e-01 1.539551e-02 -5.406181e-03 -1.226105e-01 -1.492514e-01 -9.461466e-02 -8.688875e-02 -3.042641e-02 1.547555e-01 -3.328098e-03 2.433204e-01 1.264918e-02 1.640669e-01 5.855260e-02 1.755789e-01 -3.730403e-02 9.469041e-02 -3.341909e-02 -2.159799e-02 -9.079046e-02 1.210214e-01 -9.397684e-02 2.809410e-01 -1.223224e-01 6.562880e-02 9.728243e-02 3.737183e-01 -6.013009e-03 1.465792e-01 -7.185533e-02 -2.932820e-01 -1.482596e-02 3.328787e-02 -3.377214e-02 1.562929e-01 -7.966642e-02 -3.683922e-01 
-1.208218e-01 -6.711376e-02 -3.050660e-01 -1.567098e-02 1.286649e-01 -1.701648e-01 -1.254494e-01 -8.825342e-03 -1.881259e-02 -6.315354e-02 5.775277e-02 -1.597811e-01 -1.117648e-01 1.266747e-01 -1.448907e-01 -3.303814e-01 -1.305715e-01 1.681155e-01 -1.368148e-01 -8.259828e-02 9.233828e-02 -4.262237e-02 -9.178322e-02 -7.632156e-02 -2.165075e-01 8.983388e-02 1.199630e-01 1.623343e-01 -2.510626e-01 -1.746705e-01 -3.015656e-01 3.324056e-02 1.315187e-01 -3.979105e-02 3.915560e-02 -8.210029e-02 -2.010665e-01 -8.758866e-02 -1.376014e-01 -8.258952e-02 1.742692e-01 4.807461e-02 6.721463e-02 2.317953e-01 1.586990e-01 1.073182e-01 -3.629039e-02 2.967083e-02 -1.637401e-01 
-3.476956e-02 2.566136e-01 1.136144e-01 1.587798e-01 2.709479e-01 1.632319e-01 -8.725379e-02 3.303649e-01 4.920531e-02 8.412234e-02 1.024642e-01 -3.771502e-02 -5.729212e-02 -1.260102e-02 -5.869664e-03 1.118054e-01 2.228285e-01 2.320875e-02 -7.178083e-02 7.875755e-02 -4.217840e-02 -1.199329e-01 -7.385953e-02 -9.785317e-02 3.032581e-01 2.876932e-01 7.655721e-02 1.523987e-01 1.778074e-01 -2.945784e-01 1.337828e-01 -4.298322e-02 -1.568197e-02 3.302564e-02 1.541108e-01 -1.444218e-01 -2.095802e-01 -1.461001e-01 -1.380937e-01 -4.148214e-02 9.348321e-02 4.489420e-02 8.776390e-02 -7.738291e-02 9.263931e-02 -1.807141e-01 -4.751948e-02 -2.573213e-03 -7.722977e-02 
-2.153268e-01 -1.367402e-01 1.306936e-01 5.288336e-02 2.663232e-01 9.624780e-02 -8.202185e-02 2.081199e-01 -3.387054e-02 1.404308e-01 -1.889998e-01 -1.299679e-01 -2.435911e-02 3.017073e-01 9.137185e-02 -1.058918e-01 -2.212957e-01 -1.575203e-01 1.603464e-01 2.497701e-01 1.220256e-02 6.322781e-02 1.208858e-02 -4.995624e-02 -4.656049e-03 -5.533807e-03 9.382954e-02 -1.595046e-01 2.137720e-02 2.030213e-01 -1.827613e-01 -1.641885e-01 -1.927934e-01 5.441933e-02 -2.509759e-02 2.620348e-01 -1.663354e-01 -1.040975e-02 2.093325e-01 -1.122842e-01 -5.233875e-02 -8.149921e-02 1.103852e-01 1.063970e-01 1.734954e-02 -1.903981e-01 -1.045787e-01 1.165611e-01 8.702161e-02 
-1.070094e-01 1.764229e-01 2.349558e-01 -1.555072e-01 -1.769729e-01 1.272523e-01 1.045680e-03 -8.647170e-02 5.049461e-02 3.460851e-02 -5.386422e-02 -1.826206e-01 -7.879103e-02 -2.112606e-01 1.461730e-01 4.183051e-02 -7.158170e-02 1.757294e-01 -9.618839e-02 1.475057e-01 1.581955e-02 -4.130595e-02 -2.499862e-02 8.833725e-03 1.253688e-01 -3.589519e-02 -1.560027e-02 5.033715e-02 6.352811e-02 2.221472e-01 -3.205128e-01 3.719009e-02 1.005306e-01 9.332938e-02 2.535486e-02 9.500066e-02 -6.202396e-03 5.370963e-02 -2.454565e-01 -8.036460e-02 -1.133918e-02 -2.968802e-01 -4.456636e-02 -5.158583e-02 2.391991e-01 -3.233810e-02 3.451160e-01 1.560108e-01 -2.634431e-01 
-2.894846e-02 4.530609e-02 -9.474894e-02 -2.943225e-01 3.922697e-02 -4.539109e-02 -2.088298e-01 9.772211e-02 -3.066835e-02 2.472989e-01 1.581155e-01 7.791888e-02 -2.173465e-01 7.845634e-02 5.127612e-02 -3.235628e-02 -1.063854e-01 -1.269529e-01 -2.367369e-02 -6.223222e-02 -1.886623e-01 9.730872e-04 2.419239e-01 9.438696e-02 8.074219e-02 4.697450e-02 -5.883123e-02 1.104576e-01 1.323509e-01 -2.884575e-03 -1.749429e-01 -3.978368e-01 -1.732753e-01 -1.428421e-01 -7.248008e-02 3.831600e-02 2.602247e-01 -8.469600e-02 -1.479162e-01 6.742802e-02 1.509541e-01 1.592114e-01 -1.409652e-01 -1.355839e-01 8.183507e-02 2.131645e-01 9.866009e-02 -9.222927e-02 1.165557e-01 
-1.405308e-03 1.561645e-01 -2.632854e-01 2.237580e-01 -6.263378e-03 6.620596e-02 -1.104393e-01 -1.307128e-01 -1.540003e-01 2.258600e-01 -1.558229e-01 1.185244e-01 -2.472923e-03 -1.797614e-01 -2.540855e-01 2.414818e-02 -2.405355e-01 5.229335e-02 4.241731e-02 1.124634e-01 -3.544048e-01 -5.782986e-02 -1.601464e-01 2.015531e-01 -1.233428e-01 1.193526e-01 -1.849138e-01 -9.144683e-02 8.533799e-02 -2.062126e-01 8.328558e-02 -1.239811e-01 1.306334e-01 1.327584e-01 4.596502e-02 1.186285e-01 -4.741452e-02 6.055422e-02 1.065293e-01 5.832131e-02 -5.986654e-02 -3.417276e-02 4.734524e-02 3.888925e-02 8.392479e-04 2.146172e-02 1.889074e-01 2.798638e-01 5.564585e-02 
-6.453757e-03 3.973240e-03 -6.920233e-02 -3.793632e-01 2.630628e-01 -9.346265e-03 2.233989e-01 3.367758e-01 -1.488392e-01 -1.397518e-01 9.740342e-02 -7.086456e-02 4.287792e-02 2.051975e-02 5.711381e-02 -1.075639e-01 1.501145e-03 4.542587e-04 1.796154e-01 5.206257e-02 -2.297336e-02 1.130890e-01 -1.615568e-01 3.662006e-01 -9.448944e-02 -8.939112e-02 -1.257698e-02 -1.296023e-02 6.055228e-02 -1.269350e-01 -1.999996e-02 -5.828391e-04 1.700175e-01 6.606903e-02 -1.054416e-01 -2.136097e-01 1.625610e-01 -1.923634e-02 3.163981e-02 1.137094e-01 -2.577403e-01 -4.019775e-02 1.713798e-01 -5.111063e-02 -7.258560e-02 -9.726378e-02 1.561027e-01 -4.213393e-03 -1.718419e-01 
-2.518336e-01 3.023639e-02 1.250660e-01 -1.846286e-01 -1.064638e-01 -2.695236e-03 3.565054e-02 -5.944103e-02 3.142061e-01 -2.041927e-02 -1.607317e-01 2.478548e-01 1.045937e-01 1.313171e-01 1.180179e-01 4.193244e-02 1.357016e-01 -1.577402e-01 1.724464e-01 -1.405867e-01 -9.385032e-03 -1.542510e-01 -1.335300e-01 -2.264318e-02 -1.066605e-01 -1.930458e-01 9.188001e-02 2.033650e-02 -3.762105e-02 -3.166328e-01 -2.758674e-02 -2.659226e-01 9.140131e-02 1.638461e-01 1.148179e-01 2.619983e-03 -1.144244e-01 -8.182264e-03 -1.671239e-01 -1.314814e-01 -1.719088e-01 8.564007e-02 -2.632192e-01 1.411275e-01 -5.614022e-02 3.789850e-02 -6.468966e-03 1.903553e-01 1.096298e-02 
-2.546153e-01 -1.349421e-01 4.972608e-02 -7.613437e-02 -9.534433e-02 -2.649730e-02 8.688150e-02 -7.089701e-04 9.158892e-02 5.849364e-02 3.984818e-02 5.028802e-02 2.238504e-02 1.769752e-01 -2.055634e-01 -7.452039e-02 -4.522653e-02 1.063015e-01 2.277048e-01 1.521099e-01 -2.588124e-01 2.188525e-01 7.760788e-02 -2.741664e-01 -1.526252e-01 2.713944e-01 -2.599948e-01 -5.822146e-04 7.112851e-02 -1.070576e-01 1.082735e-01 2.223711e-01 5.849652e-02 -8.300543e-02 -3.117175e-02 1.195017e-01 6.368686e-02 -7.916817e-02 -1.953989e-01 -7.677016e-02 -1.163611e-01 -1.173128e-01 -1.800750e-01 -1.226474e-01 1.848305e-03 -1.119705e-01 -2.451408e-02 -2.775935e-01 -1.556191e-01 
-1.937010e-01 9.634116e-02 1.782512e-01 -9.226470e-02 5.387461e-02 -4.479170e-02 -2.190586e-01 -1.838054e-02 2.095064e-01 3.314805e-02 -2.987579e-04 9.806829e-03 8.702564e-02 -2.097240e-01 -2.115849e-01 -8.064199e-06 -1.662183e-02 9.309110e-02 -2.772418e-01 -2.674963e-01 -5.659917e-02 3.869544e-02 -1.198902e-01 -3.062140e-02 -1.944333e-01 3.940400e-02 7.905174e-02 -1.451406e-01 2.028521e-01 4.443365e-02 -2.354808e-01 2.012002e-02 1.295384e-02 1.326654e-01 5.096943e-02 -8.729597e-02 3.195204e-01 -7.546542e-02 2.607474e-01 5.643539e-02 -6.283774e-02 5.053128e-02 2.911174e-02 -4.136319e-03 8.090965e-02 -2.918878e-01 -2.373802e-01 -9.946054e-02 5.422113e-02 
-2.095517e-01 1.039946e-02 -2.402800e-02 1.383592e-01 1.066569e-01 -6.209370e-02 1.525899e-02 -8.220415e-03 1.632717e-01 -2.615515e-01 2.781050e-01 -2.439164e-02 -2.096784e-01 -8.527833e-02 -1.797191e-01 -9.342367e-02 -8.361382e-03 6.610180e-03 -1.159122e-01 1.928253e-01 1.154059e-01 -9.657433e-02 2.220555e-01 8.831312e-02 -1.551079e-01 -4.397853e-02 2.117967e-01 -6.806663e-02 -1.746925e-01 -7.805309e-02 2.412390e-01 -2.546495e-02 -3.049132e-01 2.765439e-01 -3.569493e-02 9.586629e-02 1.037985e-01 -8.165496e-02 6.337435e-03 3.305871e-02 -8.554215e-02 -1.362389e-01 -1.463899e-01 -2.423008e-01 -3.092527e-03 4.784735e-03 1.696508e-01 1.396647e-01 3.480149e-02 
-4.422009e-02 1.709672e-01 -1.204979e-01 -4.227974e-02 1.879483e-01 -1.514424e-01 1.008248e-01 -2.681052e-01 -1.136876e-01 1.208502e-01 -1.814339e-01 -2.353557e-01 -1.035946e-01 7.774168e-02 1.903296e-01 1.229391e-02 1.588209e-01 -8.423430e-02 6.804875e-02 -1.159245e-01 5.252650e-02 2.059410e-01 -7.308883e-02 -2.855603e-01 -4.790643e-02 3.865356e-02 1.205717e-01 1.775162e-02 4.548457e-03 -1.775750e-01 9.518678e-03 -3.723552e-02 6.457520e-02 -4.447675e-02 1.609467e-01 1.821355e-02 2.562041e-01 -1.302543e-02 6.189137e-02 5.031962e-02 1.367347e-01 -3.395981e-01 5.266351e-02 -2.957785e-01 -1.711589e-01 4.545134e-02 -5.295856e-02 2.065976e-01 5.835054e-02 
-5.284030e-02 1.508387e-01 -1.485816e-01 1.614046e-01 -1.472138e-01 2.469135e-01 -3.079596e-02 -4.073751e-02 1.407094e-01 -1.534535e-01 -8.026297e-02 8.506167e-03 -3.279486e-01 -5.538864e-02 -1.956195e-02 4.230848e-02 6.473210e-02 -1.235427e-01 9.725308e-02 1.820861e-01 -7.128709e-02 6.225693e-02 4.170993e-02 -4.141332e-02 -6.569403e-02 1.200483e-01 3.185948e-01 -1.726997e-01 5.588309e-02 2.382897e-02 -1.476053e-01 -4.294758e-02 1.363296e-01 -3.392246e-01 -3.144123e-01 -3.159667e-01 9.133543e-02 9.132460e-02 4.478407e-04 -1.848951e-01 -1.064256e-01 5.066258e-02 1.282675e-03 7.505371e-02 -1.483628e-01 -4.082040e-02 7.801388e-03 -4.698615e-04 9.366020e-03 
-5.477195e-02 -5.666709e-03 -2.111134e-01 2.289048e-02 -1.519533e-01 1.276283e-01 2.065042e-01 1.279634e-01 6.658828e-02 3.189355e-02 -8.575117e-02 -2.189595e-01 -4.136941e-02 -1.931739e-01 1.886278e-01 7.680155e-02 -2.978271e-02 -4.421432e-02 -4.520267e-03 -7.890049e-02 2.018497e-01 1.813963e-02 -5.067792e-03 1.787131e-01 -1.694826e-01 2.349766e-01 -1.725348e-01 3.772100e-01 1.190060e-01 -1.448950e-01 -6.512315e-02 4.018749e-02 -1.969925e-01 1.497767e-01 -5.067538e-02 6.979257e-02 2.566341e-02 6.225441e-02 1.688729e-01 -3.419047e-01 -5.743732e-02 -9.029664e-02 -9.797347e-02 7.333602e-02 3.841889e-02 3.436520e-02 -6.642870e-02 -1.627534e-01 2.333994e-01 
-1.088490e-01 5.043768e-03 -1.040686e-01 9.172758e-02 -1.827343e-02 -8.705359e-02 1.738408e-01 -1.104304e-01 1.989194e-01 6.537005e-02 3.006156e-01 -2.595367e-03 -2.798098e-01 1.072437e-01 3.501781e-01 -1.023905e-01 -1.202151e-01 -1.298518e-01 -2.132242e-01 -1.458761e-01 -5.123473e-02 1.933017e-01 -1.129772e-01 -9.935851e-02 2.258196e-01 3.541030e-02 -2.045686e-01 -3.424616e-01 5.700160e-02 -5.245853e-02 8.416400e-02 4.633157e-02 8.579909e-02 2.248149e-01 -1.194998e-03 -1.731772e-02 -3.232206e-02 7.258636e-02 2.519189e-02 -1.193393e-02 -5.788274e-02 1.167942e-01 1.427674e-01 1.872773e-01 5.824969e-02 -2.418295e-02 1.580770e-01 -7.690317e-02 3.896986e-02 
