-1.744070e-01 1.282148e-01 -9.675374e-02 -1.816585e-01 2.797913e-01 -6.619138e-02 9.878109e-02 2.588225e-01 -1.814887e-01 -6.560640e-02 -1.512397e-01 -1.159815e-01 8.730580e-02 3.390117e-02 1.523874e-01 3.384601e-02 1.595447e-01 -6.425652e-02 -2.423156e-01 -4.770434e-02 1.117091e-01 -5.159110e-02 3.771931e-02 3.123127e-01 6.370193e-02 -7.130967e-02 -1.641552e-01 -7.707970e-02 1.224124e-01 -1.105102e-01 1.515309e-01 -8.528436e-02 2.055148e-01 7.443551e-02 -2.222413e-01 3.069484e-03 -6.506972e-02 4.210608e-02 -9.133304e-02 2.237124e-01 7.852687e-02 -1.593266e-01 2.182510e-01 -1.248487e-01 7.455991e-02 -7.223100e-02 -7.484234e-02 -2.594596e-01 2.189458e-02 
-1.714834e-01 1.099161e-02 4.246198e-02 2.289388e-02 -1.333164e-01 7.156376e-02 -1.333980e-01 1.355748e-01 -1.698478e-01 2.710579e-01 7.926525e-02 3.954119e-02 -9.969007e-02 1.007439e-01 -1.191153e-01 1.235061e-02 3.595646e-01 -1.281601e-01 2.174809e-01 1.692049e-01 -9.195457e-02 -3.156512e-02 -1.216422e-01 -1.359750e-01 1.014403e-01 1.958249e-01 -1.436000e-01 1.232653e-01 -1.713599e-01 1.602557e-02 9.146763e-02 1.714089e-01 -1.084194e-02 5.572679e-02 -1.541130e-01 1.628402e-01 -1.402656e-01 -1.897813e-02 -1.574257e-01 -6.947170e-02 -1.966860e-01 -3.893006e-02 2.927235e-02 -5.648094e-02 1.663794e-01 3.485632e-01 -1.214903e-01 -1.856645e-01 -4.988388e-02 
-2.112961e-01 1.578348e-01 -1.789742e-01 -9.404744e-02 -8.196958e-02 -1.011187e-01 -3.949070e-02 1.658965e-01 -1.340567e-01 1.791363e-01 1.292966e-01 9.429526e-03 -1.272697e-01 -1.016384e-01 1.279188e-01 -1.327452e-01 1.050483e-01 1.992628e-01 1.055571e-01 9.480003e-02 -2.108657e-02 2.951548e-01 2.356389e-01 -1.006061e-01 -1.073932e-01 1.973607e-01 -7.785577e-03 1.346733e-01 2.544255e-01 7.735220e-02 6.135726e-02 -6.430982e-02 -3.579900e-02 7.153702e-02 6.495965e-04 -1.612580e-01 -5.966544e-02 1.568894e-01 7.152137e-02 3.023135e-02 6.815826e-02 3.009599e-02 9.095315e-02 -2.476927e-01 -1.608988e-01 -3.792510e-02 2.995084e-01 2.850639e-01 -6.861119e-02 
-2.325931e-01 -1.252739e-01 2.818010e-01 -3.161470e-02 -1.630782e-01 8.642795e-02 -1.325661e-01 9.585148e-02 1.133804e-01 -1.817453e-01 -2.203697e-01 -2.150926e-01 7.745934e-02 2.494847e-01 7.610571e-02 -3.074818e-02 1.111841e-02 -5.104529e-02 7.977653e-02 -2.923000e-01 4.056859e-02 1.035433e-01 1.248862e-01 1.639989e-01 -5.563513e-02 -1.149272e-01 -6.540792e-02 2.140631e-01 -4.602202e-02 9.260487e-02 9.636059e-02 3.187851e-01 1.904269e-01 -3.320723e-03 1.400722e-01 1.112623e-01 -5.147661e-03 -4.253532e-02 -5.918334e-02 -1.318956e-01 8.379987e-02 2.363386e-01 1.003250e-01 -9.482010e-02 -8.571644e-02 7.485133e-02 1.464595e-01 1.124292e-01 1.260684e-01 
-1.622928e-01 -1.584964e-01 -1.084389e-01 1.303864e-02 -2.101747e-01 2.936891e-01 1.120329e-01 -1.445534e-01 9.232915e-02 2.893673e-01 -1.982679e-02 -7.016865e-02 5.517961e-02 -7.802848e-03 -1.257623e-01 6.865844e-03 7.095145e-02 -2.600747e-02 -1.032159e-02 4.971627e-03 -1.673502e-01 -6.919282e-02 3.789188e-02 3.119221e-01 8.463381e-02 4.480217e-02 -2.597303e-04 -2.671957e-02 9.530774e-02 -1.291903e-01 -1.054384e-01 -1.754873e-02 2.406154e-01 2.191660e-01 -1.778522e-01 -1.418870e-01 1.591731e-01 -2.955238e-01 1.134661e-01 1.046058e-01 -9.601139e-03 -8.032424e-02 -5.460071e-02 4.999730e-02 -2.376977e-01 1.460225e-02 -1.713627e-01 2.621934e-01 -1.035106e-01 
-1.410651e-01 -7.907082e-02 -1.149739e-03 -1.985103e-01 -8.181759e-02 -1.518170e-01 1.314472e-01 8.856860e-02 1.298080e-01 4.648607e-02 1.851802e-01 2.581396e-01 3.011387e-01 8.050270e-02 6.664228e-02 -2.333295e-01 -1.759492e-01 1.290724e-01 -1.018321e-02 -7.399929e-02 -6.288318e-03 -9.580789e-02 7.982271e-02 1.296200e-01 4.617648e-02 -2.147183e-03 1.424738e-03 1.305418e-01 -1.294030e-01 1.110531e-01 -1.428563e-01 -2.493986e-02 -9.790198e-02 2.984033e-01 1.033909e-01 -1.026135e-01 -1.886475e-01 6.637109e-02 7.064595e-02 -1.177372e-01 -3.087814e-01 1.606552e-01 1.776956e-01 -2.447606e-02 9.960300e-02 -1.364421e-01 -2.309439e-01 -1.250232e-01 -1.384997e-01 
-1.484258e-01 3.981935e-02 -5.567890e-02 -1.512121e-01 -9.513685e-02 -2.544319e-01 -1.621402e-01 -2.421004e-01 -5.283776e-02 -2.020734e-02 8.008989e-02 -1.995443e-01 -1.448964e-01 4.670888e-02 4.555255e-02 3.270814e-02 6.743809e-02 2.565235e-01 -2.161600e-01 -8.959936e-02 -2.458210e-01 5.769628e-02 8.085996e-02 1.036910e-01 -5.395314e-02 1.340859e-01 2.266862e-01 1.511913e-01 -2.918374e-03 -1.604429e-01 -2.811521e-02 -2.207704e-01 2.983765e-02 -1.160339e-01 5.217529e-02 3.969414e-01 1.913308e-01 4.512600e-03 6.653479e-02 -1.609654e-01 -4.781148e-02 -3.597369e-02 -9.255730e-03 -3.629479e-02 1.058427e-01 5.048537e-03 -2.552499e-01 -5.090849e-02 1.176823e-01 
-8.947339e-02 -1.423990e-01 -6.913341e-02 5.471151e-02 2.580620e-01 2.290102e-01 -2.162544e-01 -2.302084e-02 1.482796e-01 7.240144e-02 -3.871574e-02 1.689378e-01 -1.490341e-01 -1.891968e-01 -3.641911e-02 -6.119957e-03 -4.750318e-03 1.550366e-01 -2.518304e-01 8.623308e-02 -2.737608e-02 3.312833e-01 -6.849260e-02 -1.297835e-01 -8.330012e-02 3.281129e-02 -9.902148e-02 -1.059734e-01 1.053905e-01 9.774937e-02 9.499271e-03 2.465910e-01 1.842405e-01 1.735553e-01 -2.087448e-02 -1.461129e-02 1.248392e-01 6.894441e-02 1.741784e-01 -4.429702e-02 -1.258054e-01 1.890703e-01 1.401232e-01 1.716994e-01 3.767415e-02 -5.121400e-02 -8.856537e-02 -2.004393e-01 2.707503e-01 
-9.671220e-02 7.399626e-02 3.920738e-02 -1.861190e-02 2.947482e-01 -4.176638e-02 -3.008325e-01 -1.250991e-01 -9.931451e-02 4.471603e-05 1.220235e-01 6.486929e-02 -2.684592e-02 -2.234584e-02 -1.656143e-01 8.138305e-03 2.037582e-01 -2.012246e-01 -1.152258e-01 8.677822e-03 3.486690e-03 1.829073e-01 1.852409e-01 -6.516621e-03 2.087263e-01 -3.987797e-01 -1.538098e-02 -3.001989e-02 -2.160087e-01 -4.362652e-02 1.285208e-01 -1.435930e-01 4.691569e-02 -1.414255e-02 1.106451e-01 -1.718787e-01 6.421834e-02 -8.595804e-02 -7.726109e-02 -2.004533e-01 -8.660497e-02 1.259726e-01 -6.772936e-02 -6.935256e-02 -6.074098e-03 -1.010827e-01 -5.585437e-02 1.838547e-01 -3.105388e-01 
-5.077226e-02 -2.715746e-01 6.881743e-02 -5.650294e-02 1.677069e-01 -1.160334e-01 -1.720281e-02 5.638027e-03 1.296950e-01 -9.887198e-03 -7.096647e-02 -6.473891e-02 1.123929e-01 6.731929e-02 -1.971463e-02 1.348297e-01 -1.140956e-01 -2.300593e-01 -8.997056e-02 4.090874e-02 -1.837350e-01 1.523357e-02 1.942340e-01 6.442084e-02 -8.093652e-02 3.279802e-01 -1.534758e-01 -1.233610e-01 9.028293e-02 2.860579e-01 2.456003e-01 -1.720479e-01 1.956273e-02 2.983747e-04 -5.128686e-02 1.217719e-01 -7.811845e-02 1.233861e-01 -6.010120e-02 -9.293859e-02 -2.771679e-01 -2.028853e-01 -1.563025e-01 2.547175e-01 3.168265e-02 -1.032639e-02 1.726353e-01 1.722588e-01 -9.094252e-02 
-1.579296e-01 -1.750566e-01 1.640901e-01 -8.131228e-02 6.999640e-02 -9.594086e-02 -9.054119e-02 -8.747000e-02 1.582523e-01 1.370726e-01 -1.161219e-01 1.124191e-01 -1.594635e-02 -7.433272e-02 -9.241534e-02 1.454534e-01 -2.849558e-01 2.538676e-01 1.050461e-01 1.905328e-02 6.171344e-02 6.126051e-02 -1.874778e-01 -1.013066e-01 -1.531508e-04 -1.023299e-02 -1.953961e-01 8.537270e-02 -2.451097e-01 -3.121350e-02 1.090277e-01 -1.112032e-01 -7.562651e-02 1.488082e-01 -7.659049e-02 2.267197e-03 1.576126e-01 -1.656049e-01 -1.552585e-01 -7.083583e-02 2.391222e-01 -3.775729e-01 1.933325e-01 -2.478433e-01 4.513830e-02 -8.691934e-02 1.013078e-01 6.678184e-03 -3.201160e-02 
-1.404737e-01 -1.597068e-02 -8.401431e-02 -1.819734e-01 -3.647481e-02 -1.397673e-01 7.775656e-02 1.052697e-01 -1.615688e-01 -2.261060e-01 -2.523316e-01 -9.689048e-02 -2.566651e-01 8.476386e-02 1.070064e-01 3.904229e-02 -1.477411e-01 -1.137002e-01 1.430405e-01 1.127097e-01 -1.067184e-01 2.848864e-02 -1.763925e-01 -1.715434e-01 4.707452e-02 4.173871e-02 3.058542e-01 -5.632955e-02 1.031926e-01 1.852351e-01 7.099878e-02 -2.361266e-02 8.623993e-02 2.041699e-01 4.159000e-03 -2.847405e-01 1.108789e-01 -3.722365e-01 -1.140163e-02 -6.684599e-02 -8.125923e-02 1.136457e-01 -1.137918e-01 -4.793025e-03 2.152303e-01 -5.003904e-02 -6.161003e-02 -4.718978e-02 -2.477564e-02 
-2.244223e-01 2.277686e-01 1.857060e-01 3.465440e-02 1.505318e-02 -1.833418e-01 1.243929e-01 -2.195952e-01 7.618609e-02 1.358129e-01 -8.830458e-02 1.814857e-01 -1.264080e-02 1.795317e-01 -1.033368e-01 -2.556738e-02 2.363091e-01 -6.699188e-03 -1.034600e-01 1.357644e-01 -1.638356e-01 -2.584551e-01 1.442628e-01 -1.219584e-01 -2.450538e-01 -1.909578e-01 -9.165469e-02 1.577971e-01 1.228953e-01 3.449034e-02 -1.421120e-01 1.023387e-01 1.301661e-02 2.977252e-02 -6.790575e-02 -4.449104e-02 -6.943250e-04 -1.122177e-01 3.892141e-02 5.500568e-02 1.211514e-01 -1.965499e-02 -4.640136e-02 2.315865e-01 2.192229e-01 -2.204273e-01 2.522762e-01 -4.835735e-02 8.023638e-02 
-7.429799e-03 -1.662141e-01 4.802046e-02 5.483885e-04 1.647283e-03 -2.579945e-01 -2.361621e-01 5.599734e-02 -2.581380e-01 3.557165e-02 -7.940760e-02 1.509619e-01 3.295997e-01 -5.021761e-02 5.740937e-02 -2.266067e-01 2.112087e-02 -2.019293e-01 8.225828e-02 -5.513185e-02 1.962016e-02 6.079646e-02 -3.831597e-02 -2.332401e-02 -4.396748e-02 2.119736e-01 1.378760e-01 -1.325017e-01 -1.566002e-01 -2.589583e-01 4.318594e-04 2.757998e-01 3.688300e-02 -9.917720e-02 -1.662247e-01 -4.105303e-02 1.279190e-01 2.487352e-02 3.271567e-01 2.654357e-02 1.406901e-01 -9.523473e-02 -2.916139e-02 4.201400e-02 1.532542e-01 -1.571219e-01 -2.356122e-02 1.619708e-01 4.317730e-02 
-3.310148e-02 -2.176717e-01 -3.598189e-02 2.363081e-01 -2.298870e-02 -6.340010e-02 1.975812e-02 2.156782e-02 -1.009137e-01 -6.821152e-02 -1.588260e-01 -1.023700e-01 -7.936963e-02 -6.832824e-02 -2.146548e-01 -1.736699e-01 -1.932348e-02 1.360066e-01 -4.392416e-03 -1.054758e-01 2.746530e-02 -1.170511e-01 2.229327e-01 -1.490292e-01 4.863270e-02 2.765019e-01 -2.754599e-01 -8.456938e-02 1.701198e-01 -2.321127e-01 -9.502028e-02 -1.266322e-01 9.668749e-02 -1.057707e-01 6.463159e-02 -1.511233e-01 -1.755103e-01 -9.011349e-02 -1.418808e-01 -2.870094e-01 2.282906e-01 1.865946e-01 7.496610e-02 8.494603e-02 5.201982e-02 -6.246015e-02 -1.105603e-01 -1.615347e-01 -1.773447e-01 
-2.083154e-01 2.057540e-01 -2.057025e-01 9.815922e-02 1.097347e-01 1.013737e-01 1.594303e-01 -1.442478e-01 9.971954e-02 1.113172e-03 -1.282168e-02 -2.106738e-01 -1.169303e-02 7.008116e-02 -8.598058e-02 -9.736226e-02 -1.714503e-01 -3.172618e-01 1.580502e-01 -3.637622e-03 1.120245e-01 3.349224e-02 2.272163e-01 -1.175366e-01 -1.798516e-01 5.547284e-03 -4.420419e-02 1.736245e-03 -2.539690e-01 5.156325e-02 1.226956e-01 -1.682486e-01 -1.467969e-01 1.776008e-01 -1.327913e-01 3.272657e-03 -7.717835e-03 1.306968e-01 2.602453e-01 -1.045935e-01 2.324673e-01 3.573185e-02 3.185244e-02 -6.963667e-03 1.948773e-02 1.276484e-01 -2.262691e-01 -1.908984e-02 2.172354e-01 
-1.985635e-01 -1.709272e-01 2.642404e-01 1.215924e-01 -8.554236e-02 2.137086e-01 1.369499e-01 -1.968596e-01 -7.060420e-02 -7.482723e-02 4.194524e-02 7.057597e-02 -1.959947e-01 -1.568776e-01 1.873965e-01 -1.848588e-01 -7.801925e-02 -6.263225e-02 -1.967540e-02 8.797117e-02 -6.289495e-02 -6.790159e-02 -4.469478e-04 1.122682e-01 2.047576e-01 -2.382109e-03 2.078740e-01 1.421509e-01 2.312622e-02 -2.422619e-01 3.449648e-01 -5.040401e-02 -2.010082e-01 5.520328e-05 -1.737054e-01 -1.006246e-01 6.772262e-02 2.871518e-01 -1.653589e-01 5.000486e-02 -3.343980e-02 1.092966e-01 8.424231e-02 1.237922e-01 7.193988e-02 -9.985862e-02 1.046223e-01 -3.986940e-02 2.075803e-02 
-1.683119e-02 -3.005360e-01 -2.335620e-01 3.611060e-03 -1.205711e-01 -1.116786e-01 5.127337e-03 -1.467617e-01 1.226448e-01 3.813733e-02 1.363246e-01 -1.595079e-01 8.319360e-02 -2.235343e-01 -5.111706e-02 2.163506e-02 9.366355e-02 3.096533e-02 9.072543e-02 2.725394e-01 2.872372e-01 -1.163954e-01 8.482570e-02 2.619638e-01 5.812555e-03 -1.308087e-01 -3.772930e-02 5.433446e-02 8.638885e-02 2.685180e-01 1.071950e-01 8.083180e-02 2.587506e-02 -2.661660e-01 -2.995011e-02 -7.101538e-02 1.412643e-01 -4.001967e-02 1.262880e-01 -5.617062e-02 2.573521e-02 9.133779e-02 -4.264562e-02 -1.884367e-01 3.290800e-01 4.020848e-02 9.668084e-02 -1.372218e-01 2.096854e-03 
-6.111949e-02 -2.935218e-02 -7.988956e-02 1.766281e-01 9.444236e-02 -1.668257e-02 6.976663e-02 -4.956826e-02 -1.028915e-01 -1.306014e-01 -1.776831e-01 -3.215463e-02 1.939731e-01 5.728073e-02 1.316528e-01 -3.702477e-01 9.699651e-02 1.357119e-01 -3.321289e-01 1.684809e-01 3.845748e-03 -1.466097e-01 -6.571817e-03 -9.290989e-02 6.182248e-02 5.114424e-02 -5.301992e-02 3.919504e-02 -1.814180e-01 9.102457e-02 -1.154597e-01 -2.227002e-02 -2.393035e-02 5.179116e-02 1.271701e-01 -1.818102e-01 2.924236e-01 2.030747e-02 -1.336750e-01 -8.090493e-02 -1.284739e-01 -1.578840e-01 -1.046026e-01 -1.178629e-01 -1.311995e-01 3.682716e-01 1.122593e-01 6.201299e-02 1.576134e-01 
-1.793363e-01 -2.440732e-02 -3.067452e-02 1.784339e-01 -4.665582e-02 1.179190e-01 1.700589e-01 1.405548e-01 3.491210e-02 -1.430541e-02 -9.531957e-02 -6.568930e-02 -4.301901e-02 -3.109737e-02 -1.734652e-01 -1.286303e-01 1.892208e-01 -7.456803e-02 -1.358459e-01 -3.883699e-02 3.428295e-01 1.893242e-01 -1.688612e-01 -3.671599e-02 1.282278e-01 4.652434e-02 1.893414e-01 1.930264e-01 -1.565751e-02 3.900324e-02 -1.538966e-02 -1.294009e-01 -8.521594e-02 -1.292044e-01 2.204425e-01 1.380284e-01 -1.781207e-01 -2.049379e-01 2.099361e-01 -4.991174e-02 -1.586010e-01 -3.135724e-01 1.656517e-01 1.651484e-01 3.774013e-02 -2.207894e-01 7.194872e-02 6.791518e-02 1.864562e-02 
-1.819705e-01 -1.134232e-01 -5.144787e-02 -2.718256e-01 -1.187201e-01 2.251097e-01 1.216544e-01 -1.092034e-03 -1.260025e-01 -2.727183e-01 9.245069e-02 4.747440e-02 1.950659e-01 -9.778313e-02 -2.278815e-01 2.732065e-01 7.286298e-02 9.407857e-03 -8.266016e-02 2.063046e-01 -2.054465e-01 3.870012e-02 1.484478e-01 -6.341962e-02 1.821459e-01 5.759722e-04 1.089173e-01 -1.626804e-01 -5.019362e-02 -6.232328e-02 -1.226965e-01 1.348635e-01 -3.349489e-02 8.696429e-02 2.388981e-01 -1.197820e-02 -2.067078e-01 1.561557e-01 -4.185508e-02 -8.100966e-02 2.426146e-01 -1.554033e-01 -6.184206e-02 -8.069786e-02 8.677813e-02 -2.251848e-02 5.254050e-02 1.843469e-02 2.028720e-01 
-1.730781e-01 -7.542951e-02 -1.104396e-02 -5.517132e-02 -1.326083e-01 3.094532e-02 1.077242e-01 -8.160549e-02 -1.554364e-01 9.079074e-02 -1.546236e-01 1.196329e-01 -1.533718e-01 -1.216066e-01 1.302986e-01 1.188102e-01 5.339441e-02 -1.250335e-01 1.683858e-01 -7.154761e-02 3.325229e-01 -1.459634e-01 5.788107e-02 -1.223902e-01 -2.366996e-01 -9.780669e-02 -7.434192e-02 -2.305764e-01 1.735924e-02 -6.162763e-02 -2.072556e-01 -4.185319e-02 1.891782e-01 2.320825e-02 1.852482e-01 1.213716e-01 2.041976e-01 2.817092e-01 -2.068413e-01 -4.688005e-02 -2.679516e-01 -6.023809e-02 3.412512e-02 -6.677008e-02 4.849825e-02 -1.378680e-01 -1.428233e-01 1.818875e-01 4.237410e-02 
-6.172416e-02 -7.133169e-02 -2.803774e-01 -1.336295e-01 -1.666399e-01 -1.490910e-01 -1.575289e-01 3.315622e-02 3.518784e-02 -2.262458e-01 -9.559606e-02 3.510225e-01 -9.439145e-02 1.520335e-01 -4.253219e-02 -3.062584e-02 -3.146175e-02 -7.579249e-03 1.424911e-01 1.199076e-01 5.618783e-02 1.516873e-01 6.170068e-02 1.539153e-01 -4.614007e-02 -1.536526e-01 -2.025846e-01 1.631141e-01 1.025890e-01 -1.160054e-01 1.037576e-01 -1.836886e-02 -1.578554e-01 -1.879331e-01 5.544186e-02 -1.331628e-01 1.338127e-02 -3.361090e-02 -1.227733e-01 1.090769e-01 2.381936e-02 -1.483394e-01 1.303918e-02 3.509469e-01 -1.501260e-01 1.630918e-01 -2.248262e-01 4.732596e-02 1.554245e-01 
-2.301407e-01 -1.020604e-02 1.326179e-01 1.518214e-01 -1.667185e-01 -6.971050e-02 -8.000678e-02 -4.181145e-02 3.066097e-01 -1.458937e-01 8.841990e-02 4.464032e-02 1.959252e-01 2.194167e-01 2.651246e-02 1.432111e-01 6.884224e-02 1.813927e-01 -4.201056e-02 -2.300962e-02 1.872489e-01 1.076820e-01 6.432929e-02 -2.982008e-01 5.981392e-02 -4.074415e-02 2.048243e-01 -3.008342e-01 7.319099e-02 -8.889997e-02 1.699504e-02 -2.021062e-01 1.492223e-01 -1.181209e-01 -2.769850e-01 -1.271801e-01 -1.087077e-01 1.547176e-02 1.717900e-02 2.057565e-01 -1.037130e-01 3.381476e-02 5.518094e-02 -4.993833e-02 8.483554e-02 2.233151e-01 -3.263955e-02 3.389673e-02 -1.936981e-02 
-8.922453e-03 -7.100857e-02 2.132138e-02 1.542424e-01 -4.852340e-02 -1.484970e-01 1.661680e-01 -3.684799e-01 -3.315639e-01 2.476196e-02 1.327041e-01 2.669135e-02 1.274125e-01 2.156570e-01 -1.100296e-01 -1.291091e-01 -7.968369e-02 -1.021750e-01 8.281275e-02 -5.210989e-02 -1.224817e-02 3.467406e-01 -8.105540e-02 3.734454e-02 8.301355e-02 -9.589173e-02 2.944249e-02 -1.813899e-01 2.553926e-01 2.511783e-01 -5.228748e-02 6.309352e-02 1.490369e-02 1.189549e-01 5.597610e-02 1.786352e-01 1.126512e-01 3.279671e-02 -1.076228e-01 5.405137e-02 1.226548e-01 -7.448143e-02 2.145343e-01 4.055225e-02 -9.776800e-02 8.369595e-02 3.960584e-02 -1.955482e-01 -1.433113e-01 
-1.444568e-01 1.936861e-03 6.193932e-03 1.661553e-02 -7.658121e-02 -1.144080e-01 1.709299e-01 3.593172e-02 -2.614357e-01 -6.873932e-02 -1.202997e-02 -1.414339e-01 1.341244e-01 -2.159392e-01 -2.677177e-01 1.564975e-01 -3.234397e-02 1.315360e-01 -1.494262e-01 -1.892763e-02 -1.051562e-01 -3.536996e-02 -1.058498e-01 -1.414661e-01 -1.500182e-01 7.654949e-03 -7.055117e-02 8.718001e-02 -2.520233e-01 2.611006e-01 1.114360e-01 7.819654e-02 -6.117144e-02 -2.471374e-01 -1.678731e-01 -5.133413e-02 4.315517e-02 -6.238168e-03 -1.055272e-01 2.609481e-01 -8.044746e-02 2.571824e-01 1.658101e-01 8.998655e-02 -2.001545e-01 -1.352487e-01 -1.904770e-01 1.605653e-01 -5.868980e-03 
-1.733036e-01 7.830544e-02 1.117971e-01 -9.776022e-02 1.842939e-01 1.676812e-02 -9.995221e-02 -1.013286e-01 8.664903e-02 -3.254327e-02 2.947008e-01 -1.702996e-01 1.608860e-01 -1.639209e-01 -1.010443e-01 -7.125151e-02 -1.839975e-01 -2.694949e-01 6.054771e-02 -6.625812e-02 2.989644e-02 -1.357289e-02 1.914848e-02 -1.416796e-01 -1.319533e-01 1.056510e-01 3.291638e-02 1.891013e-01 3.043783e-01 -1.781982e-01 -9.142371e-02 1.614966e-01 -2.508009e-02 -1.587551e-01 5.324163e-02 -1.661695e-01 2.418970e-02 -1.795259e-01 -2.101237e-01 6.215066e-02 -2.267846e-01 -1.632889e-01 -7.139307e-02 -1.700738e-01 -1.545698e-01 -2.812056e-02 -7.067122e-02 -1.862649e-01 1.445904e-01 
-1.775311e-01 -1.390763e-02 -5.644154e-02 1.948211e-01 -1.443823e-01 -1.008886e-01 -7.292156e-02 1.800302e-01 1.141880e-01 2.429241e-02 -1.716318e-01 -2.301056e-01 1.098984e-01 -1.214899e-01 -4.394717e-02 1.101918e-01 -5.723466e-02 -9.214449e-02 -7.472172e-02 1.832747e-01 -1.345734e-01 2.053382e-01 -1.524791e-01 1.380300e-01 -3.430253e-01 -1.362995e-01 2.757792e-02 -5.040232e-02 -5.272050e-02 -2.935465e-01 -1.152322e-01 -1.136664e-02 -2.008319e-01 1.498799e-01 1.860539e-01 -1.309009e-02 5.189213e-02 1.416507e-01 -2.624236e-03 1.010435e-01 -5.205139e-02 6.826898e-02 -7.471989e-02 5.078196e-02 2.877252e-02 9.202281e-02 1.256014e-01 -2.027672e-01 -3.372756e-01 
-1.527583e-01 1.044993e-01 -1.389780e-01 -5.075518e-02 1.075777e-01 2.037633e-01 -1.976861e-01 -9.663841e-02 -1.425821e-01 -3.791249e-02 4.304392e-02 -1.193908e-01 1.985106e-01 -9.034102e-02 2.494415e-01 -1.934224e-02 -2.395359e-01 8.407903e-02 1.948135e-02 1.390360e-01 2.029753e-01 6.139551e-02 -5.166594e-02 -2.891900e-02 1.011570e-01 1.110064e-02 -6.549077e-02 1.908991e-01 -1.169080e-02 3.103545e-02 -3.041778e-01 -3.595923e-02 5.601709e-02 4.722082e-02 -1.653312e-01 2.371253e-01 -1.274939e-01 -1.013510e-01 -2.169201e-01 6.059022e-02 1.101645e-01 1.221670e-01 -1.132915e-01 3.147770e-01 2.254535e-01 3.211993e-02 7.041114e-02 1.967886e-01 -1.223189e-01 
-8.318626e-03 -2.079756e-02 -1.402460e-01 1.392501e-02 2.178638e-01 -2.223957e-01 9.266377e-02 -1.746340e-01 6.293046e-02 -1.589850e-01 -1.422182e-01 2.769634e-01 -1.272706e-01 -1.260017e-01 -2.901394e-01 4.725222e-02 1.398224e-02 -4.091599e-02 -5.373404e-02 -2.663816e-03 2.119759e-01 -6.568713e-02 4.647015e-03 1.992038e-01 -1.012064e-01 1.587673e-01 2.766878e-01 4.074740e-02 -2.488707e-02 -1.372034e-01 -3.328788e-02 1.473271e-01 -1.949278e-03 1.937479e-01 -1.690608e-01 2.116869e-01 -2.094650e-01 -8.685057e-02 -1.227962e-01 -1.481755e-02 -6.004650e-02 1.990039e-01 -8.517421e-03 -1.643893e-01 -1.365034e-01 1.990164e-01 1.714262e-01 1.160431e-01 -1.666842e-02 
-1.880977e-02 -2.311602e-01 -2.605194e-02 2.851314e-01 9.020471e-02 -1.101537e-01 -8.598120e-02 1.812311e-01 -9.944785e-02 -1.483175e-01 3.137455e-01 -7.868597e-02 -2.211685e-01 -1.365582e-01 6.734262e-02 4.533908e-02 7.195137e-02 1.650239e-02 1.900095e-01 -2.165050e-01 -1.653141e-01 -2.589885e-02 2.074284e-01 1.424920e-01 -8.107329e-02 -1.251099e-01 8.788403e-02 -3.334430e-02 -2.331406e-01 8.464268e-02 -3.127003e-01 -7.860520e-02 1.827662e-02 1.280044e-01 -1.198573e-01 -1.003851e-01 -2.751200e-02 -1.084177e-01 -6.797893e-02 9.235708e-02 -5.373401e-02 -1.671317e-01 1.510887e-01 1.411360e-01 4.529614e-02 3.519059e-02 1.668542e-01 -3.756660e-02 2.093405e-01 
-8.215258e-02 -2.252542e-01 -4.880778e-03 -6.864185e-02 1.459674e-02 -3.966226e-02 -1.944480e-01 3.279600e-02 -1.276794e-01 1.087179e-01 -1.051682e-01 -6.612653e-02 -5.779183e-02 -7.264326e-02 -1.285905e-01 -2.871492e-01 -2.051215e-01 -1.165571e-02 1.228065e-02 8.390696e-02 -1.713928e-01 -2.400822e-01 -2.024003e-01 -1.271125e-01 -3.824380e-02 -4.266260e-01 5.152965e-02 -4.935549e-03 1.578373e-01 3.357144e-02 1.897212e-02 -1.735823e-01 1.828756e-01 -4.347804e-02 -4.389763e-02 1.372841e-01 -3.776854e-01 1.331747e-01 1.884502e-01 1.840492e-02 -2.447412e-02 -4.963612e-02 -1.645602e-02 -9.329327e-02 -1.356785e-01 1.143645e-01 2.675299e-02 5.694396e-02 9.947133e-02 
-5.974420e-02 -2.110776e-01 -1.979849e-01 -1.190578e-01 -8.707874e-02 -2.368301e-02 -1.077906e-01 6.569112e-02 1.298895e-01 -1.989731e-01 6.959709e-02 7.302737e-02 -6.073874e-02 -5.986672e-02 8.537345e-03 5.778169e-02 1.193915e-01 -2.416067e-01 -1.346218e-01 -2.294489e-01 2.108423e-02 -2.245533e-01 1.673871e-02 -3.572515e-01 2.050765e-01 1.831599e-02 -7.702068e-02 2.326500e-01 8.754866e-02 5.834125e-02 -6.928111e-02 -2.457895e-02 -6.794551e-02 1.746504e-01 -3.424486e-02 1.809310e-01 2.844832e-01 9.387121e-02 1.608147e-01 2.149043e-01 1.394559e-01 3.829765e-02 2.082090e-02 3.999783e-05 -1.237478e-01 1.023504e-02 9.116134e-02 -1.135555e-01 -2.592637e-01 
-1.030842e-01 8.488618e-02 -7.692748e-03 4.597879e-02 2.737115e-01 -2.588733e-01 4.371248e-02 3.585821e-02 1.001535e-01 9.802833e-02 1.269385e-02 -1.925995e-01 1.245192e-02 9.340081e-02 -1.718221e-01 9.133336e-02 -6.437040e-02 8.425282e-02 3.006146e-01 1.183182e-01 -2.283077e-02 -1.380559e-01 -1.056563e-01 3.867202e-02 4.322826e-01 8.155855e-02 -7.852681e-02 -1.691014e-02 3.913304e-02 -1.803742e-01 -1.957778e-02 1.230328e-02 7.710953e-02 4.036012e-02 3.029368e-01 3.776826e-03 1.629265e-01 1.518740e-01 9.985093e-02 2.030551e-01 -9.216543e-02 1.758480e-01 1.527238e-01 1.497439e-01 2.589145e-02 4.298366e-02 8.731963e-02 1.532044e-01 1.727745e-01 
-1.110833e-01 5.370953e-02 -8.234207e-02 1.829565e-01 3.095610e-02 1.607558e-01 -2.510886e-01 -1.574108e-01 -1.982865e-01 -1.328913e-01 -1.132607e-01 -4.870082e-02 -8.736556e-02 1.958844e-01 -2.104201e-01 1.911310e-02 -5.929751e-02 2.896648e-01 6.962742e-02 -2.439526e-01 8.150690e-02 -9.070336e-02 3.228945e-02 1.156705e-01 2.980886e-02 5.067727e-02 -8.988999e-02 -1.990052e-03 5.045849e-02 9.388342e-02 5.641018e-02 1.354863e-01 -2.152758e-01 1.336665e-01 5.063605e-03 -9.133278e-02 -7.252663e-02 1.452552e-01 1.287502e-01 2.554634e-01 -1.811162e-01 -1.424188e-01 -3.541463e-01 -1.611324e-01 1.341919e-01 -1.743089e-01 -4.433859e-02 -4.357099e-02 -6.372042e-02 
-2.427924e-02 -1.252344e-02 -2.289394e-01 1.477732e-01 3.279397e-02 4.905904e-02 1.436594e-01 -2.401471e-01 7.042567e-02 -2.467044e-01 3.866536e-02 1.370433e-01 1.978012e-01 -1.254895e-01 2.192305e-01 -6.751531e-02 2.140059e-01 1.107974e-02 2.595215e-01 -8.412774e-02 -2.598198e-01 9.738005e-02 -2.167545e-01 -6.662351e-02 -1.031188e-01 3.311632e-02 -2.289408e-01 4.249409e-02 -1.118064e-01 -1.168012e-01 2.275273e-01 -1.668207e-01 2.411763e-01 9.639112e-03 1.568990e-01 1.154761e-01 -1.365645e-01 -1.465966e-01 1.440235e-02 1.172705e-01 -7.870473e-02 8.834515e-02 -1.069063e-01 -1.385041e-01 2.701096e-02 -1.483907e-01 8.832058e-02 -3.531300e-02 4.949227e-02 
-9.383119e-02 9.337736e-02 -1.673639e-02 3.167516e-01 9.141115e-02 -1.470137e-01 1.790685e-02 7.025534e-02 8.012395e-02 4.555916e-02 -5.442633e-02 6.733142e-02 1.835625e-01 -2.804119e-01 1.332202e-01 2.086331e-01 1.302073e-01 2.919055e-02 1.930964e-02 -2.473562e-01 -1.008364e-01 -7.966212e-02 -1.740780e-01 1.505922e-02 7.150446e-02 -1.155359e-01 1.027245e-01 1.210401e-01 3.308210e-01 1.503003e-01 9.865998e-02 1.104618e-01 -1.100766e-01 1.217284e-01 1.053745e-02 -6.985898e-02 -4.679712e-02 1.201250e-01 -7.030906e-02 -2.597559e-01 1.679857e-01 -1.185509e-01 -4.534098e-02 3.941584e-02 1.038145e-01 1.435255e-01 -2.990760e-01 2.124048e-01 1.487257e-02 
-2.097161e-01 -1.512926e-01 2.448500e-01 1.237374e-01 5.996022e-02 -1.332805e-01 1.314533e-01 2.092784e-01 -3.926731e-03 -3.177883e-02 3.753941e-01 6.412560e-02 -2.078609e-01 6.485845e-02 1.118604e-01 -1.014249e-01 -3.508470e-02 5.559315e-04 -1.728664e-01 1.676700e-01 1.457721e-01 -1.691338e-02 -6.843284e-02 4.896944e-02 -6.856671e-02 2.579186e-02 -1.705282e-01 -1.642933e-01 2.126072e-02 5.456975e-03 8.832370e-02 5.750509e-02 -6.531060e-02 8.883808e-02 1.757039e-01 2.039317e-01 -2.485811e-02 -1.838091e-01 3.224506e-02 1.617868e-01 2.222204e-01 8.906601e-02 -3.446043e-01 -7.527313e-02 -4.199403e-02 -8.148400e-03 -2.184705e-01 1.417520e-01 2.580819e-02 
-4.004065e-02 -2.295952e-01 1.014643e-01 -8.138153e-02 3.063612e-01 1.416049e-01 -1.647676e-01 -1.111352e-01 8.437575e-03 1.712779e-01 -1.792440e-01 3.184110e-02 9.309669e-02 4.177864e-02 1.557069e-01 2.132441e-02 2.458288e-01 6.449339e-02 1.747271e-01 7.752738e-02 2.878170e-02 -1.104182e-01 1.050145e-01 8.316128e-03 -1.746362e-01 1.474515e-01 3.330583e-01 2.712034e-02 -3.986182e-02 1.776620e-01 -1.330779e-02 -1.390863e-01 -1.215985e-01 -5.984540e-02 2.899837e-01 -5.728754e-02 -9.137460e-02 -4.022255e-02 -5.686226e-02 2.797180e-01 2.215345e-01 6.255032e-02 8.855549e-02 4.260702e-02 -1.410531e-01 3.422307e-02 -1.779948e-01 -1.245260e-01 -8.821382e-02 
-2.131425e-01 1.408515e-01 -1.412488e-01 -2.082434e-01 1.122788e-01 2.284120e-01 6.301300e-02 1.342618e-01 1.093891e-01 4.742684e-03 9.501910e-02 1.047271e-01 -3.946540e-02 -7.041410e-02 -1.532776e-01 -2.965812e-01 -4.251072e-02 1.056452e-01 5.790013e-02 -3.119892e-01 -1.505092e-01 -1.238185e-01 -6.997249e-02 5.571894e-02 -1.263467e-01 -2.266701e-02 6.475871e-02 -3.502174e-01 1.957246e-02 3.144383e-02 1.102241e-01 6.784219e-02 -1.283953e-01 -2.303647e-01 8.613546e-02 1.021025e-01 1.793978e-01 -1.017821e-01 -7.206362e-02 4.876826e-03 4.778959e-02 -5.671316e-03 1.036383e-01 9.599568e-02 2.366878e-01 2.109593e-01 1.363421e-01 8.696641e-02 -1.717200e-01 
-2.001604e-01 1.082523e-01 2.018112e-01 -5.653893e-02 -6.379343e-02 5.725263e-02 -9.141807e-02 7.439772e-03 -2.289518e-01 2.195045e-02 8.300240e-02 2.540972e-01 5.780044e-02 -6.286171e-02 -9.136684e-02 2.012357e-01 -3.794610e-02 -9.463432e-02 -2.807334e-02 -1.713168e-01 1.175052e-01 -3.387686e-02 -2.678082e-01 2.286210e-01 -4.048230e-02 1.748211e-01 -8.038602e-02 6.009122e-02 6.023747e-03 9.413224e-02 -1.051522e-01 -4.005428e-01 8.611823e-02 -8.364662e-02 5.163294e-02 -1.926812e-01 8.267798e-02 4.534183e-02 2.088441e-01 -1.297042e-01 7.765781e-02 1.783768e-01 -1.431860e-01 5.477403e-02 -7.001331e-02 1.801976e-01 1.928305e-01 -1.712454e-01 1.308910e-01 
-9.564137e-02 -1.283617e-01 -1.094927e-01 -1.758923e-01 1.291515e-01 -7.138477e-03 1.219438e-02 -1.557877e-01 -7.790851e-02 -9.816563e-02 2.233659e-01 -2.389946e-01 -7.347555e-03 2.051960e-01 1.743106e-01 1.355374e-01 1.994823e-01 1.743368e-01 4.653697e-02 1.020697e-02 1.555633e-01 -1.751149e-01 -2.786600e-01 -4.732681e-02 -1.585668e-01 -3.927692e-02 -5.671629e-02 -1.404372e-01 1.483623e-03 -1.451114e-01 7.868879e-02 1.599159e-01 -1.756498e-01 6.718703e-02 -1.094747e-01 -1.143374e-01 -7.840873e-02 6.684495e-03 1.389590e-01 -3.520145e-01 -4.518856e-02 -2.694213e-02 8.680995e-02 2.077107e-01 -2.853644e-01 -4.348370e-02 1.117215e-01 6.564352e-03 -8.870590e-02 
-2.238871e-01 1.171311e-01 1.426267e-01 1.221003e-02 1.597265e-01 -3.415851e-02 1.830482e-01 -5.490761e-02 1.030450e-01 -1.946502e-01 -1.029722e-01 7.867742e-02 -2.003610e-01 -1.236219e-01 1.468254e-01 1.214862e-04 -7.781370e-02 6.862106e-02 1.703279e-01 1.167418e-01 -1.100999e-01 6.691232e-02 5.501196e-02 7.087793e-02 1.300439e-01 3.120387e-02 -3.040799e-02 4.274590e-02 -1.264544e-01 1.096753e-01 -2.369053e-01 2.094743e-01 2.085937e-01 -3.107962e-01 -8.901817e-02 2.980745e-03 -3.579487e-02 1.504612e-01 2.601636e-01 -6.564788e-02 -1.474487e-03 -1.980134e-01 -8.759152e-02 -1.152050e-02 -1.842503e-01 7.384247e-02 -1.080262e-01 -1.308114e-01 -3.525796e-01 
-1.766038e-01 1.697945e-01 -2.204625e-01 3.422738e-02 -2.564786e-01 -2.042693e-01 -2.125093e-01 -2.048928e-01 1.433443e-01 2.352908e-01 -1.678455e-02 -3.654220e-02 -1.422164e-01 -1.092552e-01 2.046952e-01 -1.194917e-02 -9.468631e-02 -1.531203e-01 -2.091509e-01 -1.306838e-01 1.874567e-02 -1.033647e-01 -5.577893e-02 4.460064e-02 2.122350e-01 1.110146e-01 2.216553e-02 -2.546907e-01 -2.196930e-01 1.288582e-01 6.186938e-02 1.671013e-01 4.057868e-02 -4.757590e-02 1.648733e-01 -1.115073e-01 -2.565856e-01 -2.619275e-02 -1.546577e-01 6.967215e-02 9.424927e-02 -3.441498e-02 -6.094510e-03 7.201800e-02 -1.482272e-01 -9.416296e-02 9.509348e-02 -1.237894e-01 7.609837e-02 
-1.612555e-01 1.403713e-01 -1.143658e-01 2.951076e-01 -3.184751e-02 1.075098e-01 -1.587849e-01 2.275495e-01 -9.140856e-02 -1.983734e-02 -4.171940e-02 1.917183e-01 1.899458e-01 4.395673e-02 6.268980e-02 1.286247e-01 -1.477582e-01 4.841641e-02 1.311608e-01 2.256829e-01 -4.756508e-02 -2.228033e-01 2.088550e-01 1.789869e-02 8.400675e-02 -4.901369e-02 1.178762e-01 -1.432110e-01 7.755253e-02 3.317310e-02 1.165052e-01 -2.170655e-02 -9.991688e-02 -6.156350e-02 -5.291512e-02 3.018987e-01 1.736925e-01 -2.040809e-01 2.034072e-02 -2.009066e-01 -8.341127e-02 6.134534e-02 5.637111e-02 -6.274022e-02 -2.890887e-01 -2.165871e-01 7.097262e-02 -1.711822e-01 5.176727e-02 
-4.806886e-02 -5.420803e-02 -2.142854e-01 1.939262e-01 8.658388e-02 1.111007e-01 -1.120195e-01 6.172528e-02 1.447285e-01 -8.748981e-02 1.316525e-01 7.470982e-02 -9.574574e-02 3.993254e-01 -5.862143e-02 -4.735031e-03 -3.838239e-02 -1.947543e-01 -9.760556e-02 1.414085e-01 -1.502490e-01 -6.140186e-02 -3.162375e-01 1.160599e-01 -9.831530e-02 1.478032e-01 6.882988e-02 8.154243e-02 6.821593e-03 8.371312e-02 -2.037436e-01 -2.562313e-02 8.818818e-02 -1.882626e-01 -5.894554e-02 -9.641452e-02 2.568970e-02 2.315192e-01 -1.783692e-01 -7.018879e-02 1.326252e-01 4.133781e-02 1.806187e-01 -2.289264e-01 8.954636e-02 -2.398999e-01 -6.445121e-02 1.684794e-01 -3.355058e-02 
-7.020695e-02 -1.889820e-01 -7.946872e-02 4.304359e-02 1.191129e-01 4.575336e-02 1.460888e-01 -1.138209e-01 -1.369415e-01 1.765280e-01 -1.383649e-01 9.186050e-02 -6.198212e-02 1.120545e-01 2.639104e-01 2.566253e-01 -1.315779e-01 -1.302596e-01 -1.587186e-01 -1.144530e-01 -1.454436e-01 7.188395e-02 7.867842e-02 -4.774644e-02 9.745983e-02 -6.626357e-02 -1.828122e-01 -1.203686e-02 6.687817e-02 -1.255389e-01 -1.701479e-01 4.498551e-02 -3.676408e-01 -2.427532e-01 1.965006e-02 -7.507130e-03 -1.247235e-01 -2.073653e-01 1.962266e-01 5.149625e-02 -1.415032e-01 1.340882e-01 1.488898e-01 -2.278254e-01 1.291610e-01 1.613939e-01 4.527877e-02 1.039312e-01 5.729616e-02 
-1.099993e-01 -1.385922e-01 -4.009938e-02 -1.466954e-01 7.439374e-02 -8.317444e-02 1.219500e-01 1.042417e-01 1.782005e-01 1.473967e-01 -1.666544e-01 -5.942911e-02 5.288540e-02 1.223019e-02 -4.820399e-02 -1.554626e-01 2.140601e-01 1.682969e-02 1.502454e-01 -1.251709e-01 -3.379228e-02 2.339447e-01 -1.049447e-01 6.104576e-03 1.987790e-01 -8.611205e-02 -5.840517e-03 -1.202217e-01 -2.893431e-03 6.071985e-02 -2.447808e-01 -1.069967e-01 -2.642496e-01 -9.255057e-02 -2.798297e-01 7.475459e-02 5.392027e-02 8.674303e-02 -2.005938e-01 -7.868779e-02 2.841266e-02 1.505103e-01 -3.689169e-01 -4.092769e-02 -1.440567e-01 -2.189047e-01 2.500522e-02 -1.108965e-01 2.083862e-01 
-4.867979e-02 -1.770200e-01 -2.702840e-01 6.683237e-02 1.274603e-01 2.577061e-03 2.570183e-01 1.469196e-01 -1.062486e-01 3.158904e-01 1.109706e-01 9.073430e-02 3.854748e-02 2.214230e-01 -9.821232e-03 1.534932e-01 -1.891427e-01 1.137320e-01 -5.621736e-02 -1.781383e-01 5.068896e-02 5.596322e-02 8.850496e-02 -1.386762e-01 -3.917377e-02 -9.958990e-02 2.302587e-01 2.389496e-01 -1.351179e-01 -1.351488e-01 1.798269e-01 1.059442e-01 2.930314e-01 -1.140276e-01 6.443234e-02 -5.485378e-02 3.337059e-02 9.879729e-02 -9.271486e-02 -2.963820e-02 5.146667e-02 -3.339341e-02 -2.905060e-01 1.066343e-01 7.295090e-04 4.061025e-02 9.180568e-02 -1.537484e-01 -3.792370e-02 
