-1.063574e-01 -2.124475e-01 1.689760e-01 1.504939e-01 5.171921e-02 9.440294e-02 -3.927327e-02 5.187670e-02 1.099270e-01 -1.299059e-01 9.012726e-03 -9.119521e-02 -4.273353e-02 -1.634109e-01 1.652865e-01 2.036994e-01 2.398075e-01 -4.985081e-02 -6.979970e-02 -6.187757e-02 -2.600538e-02 3.072403e-02 -2.101629e-01 1.726848e-01 1.144294e-01 -3.306543e-04 4.098581e-02 -1.575227e-01 -1.174636e-02 -2.059261e-01 1.118576e-01 -1.652596e-01 -1.101220e-01 2.144152e-01 -6.458407e-02 2.735676e-02 8.599277e-02 6.525151e-02 8.420383e-02 -7.253092e-02 -2.314955e-01 -6.858415e-02 1.109129e-01 1.614784e-01 1.600304e-01 1.182301e-01 -1.127293e-01 3.414941e-01 -2.125974e-01 -2.788733e-01 
-2.831207e-03 -2.356319e-01 -2.214215e-02 -1.206485e-01 -1.692239e-01 -1.480325e-01 1.201457e-01 2.895833e-03 2.200191e-01 7.854810e-02 1.141011e-01 1.513607e-01 -2.026955e-01 -1.877378e-01 -9.633991e-02 9.288402e-02 1.854515e-01 -2.683562e-03 1.935388e-01 -4.258601e-02 1.075152e-01 1.782400e-01 2.832820e-02 4.345792e-02 -1.188870e-01 8.420070e-02 -3.510554e-02 1.020256e-01 -4.266971e-02 -1.232384e-01 -4.414926e-02 -7.537793e-02 1.805208e-01 -6.136918e-02 -3.563981e-03 1.881213e-01 -7.099792e-02 -1.296863e-01 -1.414324e-01 1.550521e-01 -2.748733e-01 -1.736056e-01 3.690745e-02 1.858384e-01 8.971196e-02 -5.604546e-02 2.542847e-01 -3.296851e-01 -1.636142e-01 1.091934e-01 
-1.803229e-01 1.912769e-01 1.350016e-02 -1.946784e-01 7.769614e-02 -1.722464e-01 3.115949e-02 -7.271531e-02 -1.394798e-01 2.792812e-01 1.529040e-01 -3.461314e-01 -1.247961e-02 6.114458e-02 5.132140e-02 -1.105170e-01 1.584411e-01 -3.269976e-03 -3.369731e-02 -1.415023e-01 1.195379e-01 -8.424839e-02 4.695338e-02 9.804564e-02 -1.168542e-01 -9.719319e-02 2.872555e-01 1.312294e-01 -5.509523e-02 -1.338180e-01 -8.964172e-02 -2.958121e-02 1.810460e-01 -7.272725e-02 4.215969e-02 -1.337138e-01 1.902709e-01 3.939085e-02 -1.445811e-01 -1.185250e-01 -3.626306e-02 -1.266869e-01 -1.530120e-01 4.507812e-02 -1.016269e-01 1.650953e-01 8.748619e-02 2.485897e-01 -2.187903e-01 1.765121e-01 
-5.180828e-03 -2.440173e-01 1.845580e-01 -1.244639e-01 1.476548e-01 -3.879740e-02 1.973968e-01 -1.667489e-01 -2.099369e-01 1.533959e-02 -2.174300e-01 9.889547e-02 -1.306006e-01 2.805390e-01 -9.117576e-02 -1.552315e-01 3.679749e-02 1.098037e-01 9.138088e-02 1.140713e-01 -2.347966e-01 -3.463926e-02 2.291874e-01 3.076188e-02 1.989002e-01 -2.803103e-01 -2.630526e-02 1.920687e-02 2.843681e-01 -9.455350e-02 4.757689e-02 -3.138507e-01 1.877828e-02 7.572333e-02 1.048601e-01 -3.411680e-02 6.235551e-02 3.698807e-02 2.055279e-01 4.246531e-02 -4.767592e-02 -4.414037e-02 2.990660e-03 -8.571651e-02 8.837385e-02 1.482571e-02 9.411941e-02 -6.238426e-02 -1.223682e-01 4.518599e-02 
-2.416257e-01 -2.107525e-02 -2.979831e-02 -8.223445e-02 2.863222e-02 2.572116e-01 9.136307e-02 -8.269484e-02 -2.081455e-01 -2.630512e-01 2.564323e-01 -4.547015e-02 1.108748e-01 -1.560258e-01 1.219241e-01 -2.675838e-01 -6.044413e-02 -2.094337e-01 1.080460e-01 5.322263e-02 1.709706e-01 1.770005e-01 2.710996e-02 -9.407008e-02 -2.938060e-01 -1.026716e-01 7.019590e-02 5.954174e-02 9.206822e-02 1.667784e-01 1.306110e-01 -5.270163e-02 6.529936e-02 -7.496014e-03 1.182516e-01 1.629031e-01 -6.289702e-03 9.919800e-02 6.602083e-02 2.414363e-01 8.740544e-02 1.081871e-01 9.838805e-02 -7.152447e-02 1.158084e-01 8.892964e-02 -1.016986e-01 -6.799519e-02 -2.274227e-01 -1.214920e-01 
-1.525710e-01 -1.360747e-01 -2.286760e-02 7.401934e-02 2.343822e-01 -1.348595e-01 1.492705e-01 -1.340687e-01 1.483969e-01 6.291286e-02 -1.715209e-01 -9.700012e-02 7.400154e-02 5.951750e-02 5.846364e-02 2.436131e-01 -1.548346e-01 -7.979557e-02 -1.460319e-01 -1.385348e-01 1.536553e-01 1.125898e-01 5.549757e-02 -1.914224e-01 5.421328e-02 -7.111852e-02 1.887119e-01 -6.956262e-02 -2.405973e-01 6.452492e-02 5.380967e-02 5.125456e-02 5.112449e-02 4.177866e-02 2.086640e-02 -5.803127e-02 -1.453654e-01 1.963860e-01 2.419391e-01 -1.076294e-01 2.845173e-03 3.030350e-01 1.331879e-01 1.596921e-01 -2.957013e-02 -2.016022e-01 4.521301e-03 -1.646019e-01 -2.183948e-01 2.235147e-01 
-1.615711e-01 -9.081595e-02 6.903685e-02 2.071876e-01 -1.112149e-01 2.242274e-01 -2.107009e-01 2.366464e-01 6.655100e-02 2.379633e-02 2.905740e-02 -1.682319e-01 -3.551117e-02 2.026277e-01 -8.799581e-02 -5.956557e-02 -1.668368e-01 1.052894e-01 -1.909894e-01 -1.505452e-01 2.097919e-03 8.200223e-02 -2.176270e-01 -1.557095e-01 1.019439e-01 -2.836510e-02 -1.252838e-02 1.855250e-01 1.597642e-01 6.844003e-02 -4.636884e-02 -1.096989e-01 -5.620775e-02 -1.554834e-01 1.370747e-03 -2.043883e-01 1.107867e-01 -7.522920e-02 -2.055178e-01 -1.566102e-02 -4.203117e-02 4.993107e-03 3.375512e-01 -1.490612e-01 1.139299e-01 1.331864e-02 2.689715e-01 -1.194954e-01 -1.709761e-01 6.405385e-02 
-1.995152e-01 -7.321201e-03 -1.656115e-01 -1.759946e-01 -2.285990e-02 -5.537344e-03 -6.776750e-02 -1.157872e-01 1.209007e-01 1.006706e-01 -8.394982e-02 -5.656533e-02 1.728835e-01 -1.479598e-01 1.818758e-01 2.007510e-01 1.524698e-01 6.407494e-02 -1.028912e-01 9.937080e-02 -3.436443e-01 7.434977e-02 2.714502e-01 -2.037487e-01 6.802544e-02 1.440237e-02 -2.907291e-01 4.144621e-02 -6.769794e-02 -2.413541e-03 -8.748302e-02 -7.992676e-02 1.441826e-01 -1.000543e-01 -9.558760e-02 -1.095058e-01 3.982426e-02 2.181630e-01 -2.016200e-01 3.040574e-01 5.982709e-02 4.335592e-02 1.297882e-01 -9.758915e-02 -1.219773e-01 -8.900661e-03 4.658251e-02 1.289957e-01 -3.712094e-02 -1.597033e-01 
-2.414839e-02 -2.286033e-01 -1.300194e-01 -2.110835e-01 -2.362341e-01 1.019096e-01 5.635830e-02 5.106586e-02 -2.077155e-01 -1.697133e-01 -1.253710e-01 3.513814e-02 5.431951e-02 1.326381e-01 6.005560e-02 7.280582e-02 1.374079e-01 2.483751e-02 1.608302e-02 1.125470e-01 9.378952e-02 4.966536e-02 -1.036753e-01 -2.079980e-01 -3.873125e-02 -7.953532e-02 1.197619e-01 9.524260e-02 -1.182397e-01 5.293517e-02 6.343174e-02 2.144622e-01 -8.585267e-02 9.924585e-02 -2.929054e-01 -7.404883e-02 1.847281e-01 1.021368e-01 1.833844e-01 -9.336058e-02 -1.996709e-01 -1.328915e-01 8.424641e-02 2.144075e-02 -3.238480e-01 2.817331e-01 1.339529e-01 -7.868553e-02 1.710696e-01 3.864575e-02 
-2.100714e-01 9.465786e-02 -7.294354e-02 1.627783e-01 5.737730e-02 -1.104413e-01 -9.285730e-02 1.256484e-01 -5.757380e-02 -3.488746e-02 2.014697e-02 6.648037e-02 1.264809e-01 9.016954e-02 1.621889e-01 2.464893e-01 3.155260e-01 -1.210624e-01 1.719463e-01 7.844568e-03 1.236223e-01 -1.263370e-01 5.292100e-02 2.053517e-01 -1.005373e-01 -1.549750e-01 6.452953e-02 2.633350e-01 1.549860e-01 1.528266e-01 -1.273840e-01 -3.416027e-01 -1.038858e-01 1.170615e-02 -1.283441e-01 6.935836e-02 3.893826e-02 8.172607e-02 -6.057302e-02 -1.353407e-01 -5.611830e-02 1.746471e-01 1.711022e-02 -8.038764e-02 1.069412e-02 -2.036092e-01 -2.906734e-02 -1.756247e-01 2.654377e-01 1.205742e-02 
-7.322767e-02 -1.492200e-01 1.376321e-01 -5.778073e-02 -5.145208e-02 2.246066e-01 -1.997382e-02 -4.188185e-02 -1.485542e-01 -7.646206e-02 -1.047499e-01 -1.566519e-01 -1.851068e-01 -8.901116e-02 -1.540371e-01 -1.568557e-01 1.180769e-01 -3.343245e-01 -3.456230e-03 9.854044e-02 -1.282082e-01 -2.127255e-01 -1.082379e-02 -1.332932e-01 9.205572e-02 -4.237122e-02 -3.087520e-02 5.054107e-02 -9.565105e-02 -4.007375e-02 -2.432249e-01 3.778054e-02 -4.957938e-02 -1.473438e-01 1.087352e-01 2.467299e-01 -2.281049e-01 -3.729758e-02 -1.917549e-01 -1.286147e-01 -1.300830e-01 1.777531e-01 1.315118e-01 1.774604e-01 -1.901756e-01 -1.856298e-01 -1.723171e-02 2.003348e-01 9.889010e-02 1.379281e-01 
-1.928813e-01 -1.017722e-01 2.196819e-02 1.237340e-01 3.529185e-02 -6.910514e-02 -1.212049e-01 7.878655e-02 -5.907848e-02 -3.104983e-01 2.285817e-01 -9.080023e-03 -1.956745e-01 1.211658e-01 5.280917e-02 1.577280e-01 -5.557999e-02 -1.491591e-01 9.037811e-02 -9.268524e-02 9.340520e-02 1.417721e-01 1.001872e-01 3.589499e-02 1.919021e-01 -1.404425e-01 -2.675331e-01 -2.482063e-01 2.151250e-02 1.540655e-02 -8.233142e-02 5.515202e-02 1.095528e-01 -2.569869e-01 -1.440076e-01 -1.029124e-02 1.051251e-01 3.589831e-02 1.062043e-01 8.665571e-02 2.359253e-01 -2.055502e-01 -1.716758e-01 1.150112e-01 -6.411777e-04 4.328066e-03 4.332905e-02 1.434864e-01 8.213067e-02 3.074138e-01 
-2.415583e-01 -5.593731e-02 -1.123715e-01 2.503949e-01 1.541709e-01 5.730159e-03 -5.344424e-02 -8.694194e-02 2.651750e-02 -1.198408e-02 -4.971321e-03 5.472798e-02 -6.629856e-03 -1.044680e-01 5.000976e-02 -6.792295e-02 -1.516289e-01 2.740125e-01 4.285202e-02 -8.219523e-02 1.647594e-01 -7.428571e-02 1.765836e-01 -5.433964e-02 -1.987635e-03 3.138853e-02 -1.260910e-01 1.795958e-01 1.489736e-01 -1.390303e-01 -3.863894e-02 1.363560e-01 -2.881219e-01 -6.580762e-03 1.770526e-01 5.734775e-02 -2.683012e-01 2.454474e-01 -4.137841e-02 -2.993793e-02 -2.836186e-01 -3.184339e-01 -7.246411e-02 -8.327541e-02 -1.954141e-01 8.841441e-02 -1.537491e-01 1.403779e-02 -1.662928e-02 7.842161e-02 
-1.034587e-01 5.378520e-02 -5.357544e-02 -3.524517e-01 2.037162e-02 -2.452779e-01 1.387540e-01 3.610233e-02 1.340344e-01 -1.759695e-01 2.185128e-01 -1.266170e-01 -1.419058e-01 -6.348704e-02 -6.543682e-02 -9.179075e-02 -4.070805e-02 1.730619e-01 -1.004689e-01 2.215912e-01 1.149458e-01 -1.783551e-01 -1.746210e-01 -1.451767e-01 1.011266e-01 -8.698170e-02 6.625104e-02 -1.930664e-01 -1.220841e-01 -3.060099e-02 -1.993749e-02 -1.766814e-01 -2.603042e-01 1.350084e-01 -5.271757e-02 -3.035314e-02 -3.688937e-02 1.786420e-01 -1.626656e-01 4.317201e-02 5.554218e-02 -1.166732e-01 1.764355e-01 -1.178415e-01 2.306952e-01 -1.184903e-01 -8.405805e-02 -4.979138e-02 1.738964e-01 1.193461e-01 
-1.363148e-01 4.537844e-02 3.016586e-02 7.031717e-02 -1.694721e-01 1.729614e-02 -3.854704e-02 1.182133e-01 -9.533287e-04 1.430267e-01 -1.200534e-01 -6.563679e-02 1.187631e-01 -2.668907e-01 -1.688537e-01 -2.733847e-01 2.561918e-02 -1.678605e-01 6.328874e-02 3.662341e-02 -1.856575e-01 -1.119278e-01 8.315619e-02 1.098711e-01 -1.734642e-01 8.673805e-03 -1.504922e-01 -6.932682e-02 7.070223e-02 2.187766e-02 2.210156e-01 5.878645e-02 -4.123477e-02 -3.268669e-02 -2.574948e-01 -3.350446e-01 -7.467010e-02 2.955796e-01 1.416264e-01 -1.246895e-01 -6.550979e-02 -5.587031e-02 -3.910340e-02 2.048246e-01 2.778318e-01 -4.244924e-02 5.204190e-02 -8.910537e-02 2.486868e-02 1.861883e-01 
-2.105577e-01 4.816807e-02 1.408908e-01 9.245893e-03 1.808825e-01 -4.961984e-02 -3.368231e-03 -1.776183e-01 -1.472038e-01 8.333343e-02 -1.165367e-01 2.242758e-01 -7.998541e-02 -2.553405e-01 -1.014304e-02 -2.030942e-02 -4.961707e-02 8.793564e-02 2.097793e-01 -2.004013e-02 6.064788e-02 -3.206169e-02 -1.613123e-01 8.071760e-03 2.427598e-02 -1.511837e-01 -1.151392e-01 9.696972e-02 -2.895520e-01 3.592802e-02 -1.767712e-01 2.088749e-01 1.853307e-01 -1.037577e-01 -1.705234e-01 -6.191746e-02 6.095952e-02 -1.875750e-01 1.274070e-01 -1.768884e-01 -4.026997e-02 -8.088983e-02 2.171534e-01 -3.480247e-01 2.179045e-01 -6.376639e-02 2.452075e-04 8.318660e-02 1.126089e-02 -1.052078e-01 
-1.109085e-01 -1.230086e-01 2.377227e-01 -6.684774e-02 1.075076e-01 2.028754e-01 4.090235e-02 -3.136886e-02 3.804283e-02 3.238705e-02 -3.628723e-02 -2.001171e-01 1.613635e-01 9.176184e-02 1.350774e-01 -1.767943e-01 -1.118396e-01 2.786765e-01 -2.706552e-02 -5.179868e-02 2.159350e-04 -2.555353e-02 -1.921629e-02 3.092023e-01 -1.330933e-01 2.401989e-01 -1.465922e-01 -4.337408e-02 -1.000973e-01 -9.296448e-02 -3.778590e-01 -2.817518e-02 6.369869e-02 1.569967e-01 -1.600519e-01 2.221431e-01 9.214618e-02 9.870352e-02 8.674910e-02 2.431267e-02 1.914057e-01 -1.048975e-02 8.744845e-02 1.818946e-01 -4.859446e-02 2.381937e-02 5.275696e-02 -2.085053e-01 1.405384e-01 2.705650e-02 
-1.078371e-01 -1.653049e-01 1.224480e-01 8.898198e-02 1.553761e-01 -1.469136e-01 1.544085e-02 1.402239e-01 1.797380e-01 -7.662112e-02 -1.755504e-01 -1.145813e-01 1.356558e-01 -7.009090e-02 3.946979e-02 -1.018450e-01 9.908029e-03 -2.889150e-01 1.750309e-01 1.098969e-01 -1.752022e-03 -1.203825e-02 4.201475e-02 1.150472e-01 -8.659698e-02 -2.242319e-02 1.644518e-01 -1.664660e-01 -1.253975e-01 -1.387556e-01 -7.594767e-02 2.316668e-03 -2.648304e-01 5.411072e-03 3.199003e-02 -2.492107e-01 -1.622126e-01 -2.579144e-01 -5.044339e-02 2.105970e-01 1.541663e-01 -5.729741e-02 -6.306120e-02 -2.590130e-01 -2.305967e-01 1.327772e-01 2.354877e-01 -8.649188e-02 -1.132874e-02 -7.206394e-02 
-1.552318e-01 1.368573e-01 1.293277e-01 -2.060724e-01 -2.074239e-01 1.394712e-01 1.717277e-01 -4.802305e-02 2.326066e-01 3.464779e-02 -1.175201e-01 1.780711e-01 -3.187444e-03 8.639759e-02 7.715497e-03 -3.135894e-02 2.175360e-01 -1.945058e-02 -2.901196e-01 -2.809120e-01 9.122575e-02 2.825242e-01 -5.749351e-02 9.976626e-03 -2.015761e-01 -2.219705e-01 -4.770084e-02 -4.171329e-02 2.207185e-01 -1.822396e-01 -2.795881e-02 2.726933e-02 -1.401817e-02 2.134317e-03 -4.100654e-03 -3.932781e-02 -2.959463e-01 -8.916651e-02 8.347224e-02 -8.162582e-02 1.618900e-01 -5.351505e-02 3.513509e-02 -1.122469e-01 -3.964522e-02 -5.282375e-02 -7.499985e-02 1.278266e-01 1.807933e-01 4.259609e-02 
-9.465640e-02 1.172809e-02 4.944865e-03 -2.867061e-01 -3.965387e-02 -4.867390e-03 -1.895736e-01 3.356245e-01 -1.762211e-01 5.763860e-02 -2.358198e-01 -2.162038e-02 9.622025e-02 -2.077416e-01 3.952995e-02 1.417927e-01 -9.576890e-02 1.302304e-01 8.459947e-02 -2.569458e-01 -5.619982e-02 -7.389218e-02 1.464510e-01 -1.933276e-01 -1.357356e-01 -3.883108e-02 5.192381e-02 -2.627134e-01 7.546256e-02 9.780695e-02 -8.479609e-02 -1.175638e-01 -1.577056e-01 -3.796774e-02 1.335779e-01 8.509659e-02 1.646444e-01 -2.971481e-01 1.035198e-01 -4.815540e-03 -3.662912e-02 -1.387469e-01 2.968903e-02 1.176923e-01 -1.220671e-02 -1.101147e-01 -2.325970e-01 -6.791113e-02 -1.090350e-01 5.957432e-02 
-2.757475e-02 -2.611267e-01 -1.317408e-01 -1.912663e-03 1.466066e-01 -1.667618e-01 1.365786e-01 2.252294e-01 1.540405e-01 2.028624e-01 1.766182e-01 4.809060e-02 7.041150e-02 4.769891e-02 -8.756532e-02 -7.459678e-02 -1.129002e-02 1.366082e-01 -7.222576e-02 2.324464e-01 8.854285e-02 -1.403016e-02 1.403574e-01 1.233190e-01 -1.136387e-01 -6.062492e-02 -3.975811e-02 -1.011626e-01 1.904902e-01 2.823588e-01 -8.949844e-02 8.286936e-02 6.606812e-02 -1.735534e-01 -3.163908e-02 -7.868750e-03 -9.681811e-02 -1.890774e-01 8.842534e-02 -4.205120e-02 -1.097474e-01 1.910479e-01 2.716964e-01 1.307957e-01 1.556143e-03 2.661592e-01 -8.906145e-02 2.798377e-01 9.448463e-02 -1.170608e-02 
-8.021159e-02 5.801848e-02 2.664963e-01 -1.327644e-01 -1.751672e-01 -2.129904e-01 -1.550993e-01 -1.079537e-01 -3.629844e-02 5.158911e-02 -4.279452e-02 7.844998e-02 1.153925e-01 -8.729219e-02 8.706174e-02 5.099213e-02 4.151152e-03 -1.981129e-02 -2.497099e-01 1.846742e-01 9.808927e-02 -2.711087e-02 -1.036923e-01 9.455668e-02 6.243861e-02 1.805923e-02 -2.684492e-01 -8.739894e-02 -4.901874e-02 1.461783e-01 1.202871e-01 -1.085077e-01 -1.857967e-01 -2.468411e-01 1.202495e-01 2.769336e-01 -2.921142e-02 5.585446e-02 3.237857e-02 -2.572326e-01 1.966013e-02 1.196724e-01 -1.453275e-01 -1.103975e-01 -5.742818e-02 2.930536e-01 1.709506e-01 -1.370380e-01 -2.045196e-01 3.216969e-02 
-1.333717e-01 -1.343010e-01 -1.545015e-01 -6.479597e-02 -1.491633e-01 -4.117920e-02 -1.712609e-01 -9.755402e-02 -1.409081e-02 1.183679e-01 -8.354891e-05 2.240119e-01 1.543021e-01 2.155907e-01 -2.768377e-02 -1.347455e-01 2.153427e-02 -5.985117e-02 1.905929e-01 -1.599771e-01 1.363148e-01 -6.723968e-02 -2.569156e-02 -8.490815e-02 8.380276e-02 2.643162e-01 1.561111e-01 -1.130217e-01 -1.493727e-01 -2.558728e-01 -4.041359e-03 -1.504724e-01 -2.526785e-02 -3.152368e-01 2.781902e-01 -3.716211e-02 3.147580e-02 1.695121e-01 1.526463e-01 2.161428e-02 5.055416e-02 5.419460e-02 1.039317e-01 8.023790e-02 1.812465e-01 5.975738e-02 6.424560e-02 9.742295e-02 2.438446e-01 -1.838296e-01 
-2.550486e-01 2.905356e-01 6.612880e-02 -5.984264e-03 -4.639491e-03 -3.329663e-02 9.979212e-02 -2.047645e-01 1.665522e-01 -1.182350e-01 -1.373190e-01 4.106051e-02 -1.083635e-01 -1.327548e-02 -3.417528e-01 1.095743e-02 -2.175991e-01 -5.634595e-02 1.174752e-01 -1.081334e-01 9.661895e-02 6.597268e-02 2.042951e-01 -2.786649e-02 9.939937e-03 2.073868e-01 8.939783e-02 -1.710008e-01 2.028134e-01 1.025217e-01 2.979750e-02 -5.297239e-02 -1.005538e-01 9.291289e-02 -2.413328e-01 1.474480e-01 2.626372e-01 -5.021770e-03 -1.061767e-01 -1.830960e-02 -1.576545e-01 1.492156e-01 2.920479e-02 1.248022e-02 -1.178229e-01 4.563749e-02 2.103557e-01 1.585855e-01 5.464795e-02 -1.352870e-01 
-1.049986e-01 -1.317139e-01 5.943357e-02 -5.241153e-02 1.354154e-02 1.258618e-01 -1.078530e-02 -2.122955e-02 1.305827e-01 1.366986e-02 -5.182302e-02 9.871187e-02 -1.908083e-01 -3.029290e-02 -3.222700e-01 2.219670e-01 1.412434e-01 5.079731e-02 -1.736638e-02 -4.252223e-03 9.307981e-02 -4.181646e-01 -2.460215e-01 1.451018e-01 -2.115375e-01 8.812239e-02 -5.191417e-02 4.858340e-03 7.522082e-02 1.811337e-01 7.124140e-02 5.082469e-02 1.154813e-01 -1.421518e-02 2.237148e-01 -1.348389e-01 1.526871e-01 1.971646e-01 1.373394e-01 2.260978e-01 1.796615e-01 -1.755381e-02 -1.235333e-02 -1.035325e-01 -2.430835e-01 -7.750186e-02 -5.767761e-02 2.059790e-02 -1.109101e-01 2.786332e-02 
-1.353744e-01 9.799176e-02 1.153091e-01 2.688976e-03 -1.362769e-01 1.280851e-01 -1.601917e-02 2.562946e-01 1.678443e-01 -1.444242e-01 1.314641e-01 1.333454e-01 2.459137e-01 1.154045e-01 -2.938610e-01 3.246978e-02 3.745888e-02 2.718941e-01 2.844457e-01 1.264085e-01 -6.261669e-02 -4.587377e-02 1.621431e-01 6.626561e-03 1.215212e-01 -2.017758e-01 9.642153e-02 8.113599e-02 -2.304936e-01 -1.869142e-01 1.390955e-01 2.597700e-02 8.892084e-02 1.113240e-03 -6.789351e-02 1.034395e-01 -1.063969e-01 2.007294e-02 -8.913847e-02 -1.931040e-01 2.114561e-01 6.845003e-02 1.446565e-03 6.351747e-02 -1.183233e-01 1.384842e-02 -1.092320e-01 1.921047e-02 -2.589703e-01 -3.685518e-02 
-8.742039e-02 -2.602171e-02 -1.309983e-01 -7.962242e-02 -2.527578e-01 -1.725013e-02 8.554771e-02 1.057226e-01 2.200568e-01 1.833995e-01 -1.323918e-01 9.777013e-02 -2.032421e-01 3.839952e-02 1.991739e-01 -1.880394e-01 -6.529408e-02 -2.348057e-01 7.926117e-02 -1.230053e-01 1.022011e-01 -7.745978e-02 1.294023e-01 1.552405e-01 3.117849e-01 -2.288651e-02 -1.247384e-01 2.872034e-01 -1.222354e-01 1.263786e-01 -2.710930e-02 1.048531e-01 -2.020152e-01 2.433864e-01 3.548663e-02 5.461774e-02 1.997476e-01 -3.528833e-02 7.361527e-03 9.428561e-02 1.739501e-01 6.764288e-02 6.060379e-02 1.045051e-02 6.478795e-02 1.214823e-01 -2.046446e-01 4.562312e-02 -1.324278e-01 9.259951e-02 
-1.382628e-01 1.680591e-01 -3.577833e-02 5.100917e-02 -2.685464e-02 -1.665195e-01 -1.028309e-01 1.704754e-01 -1.151889e-01 -7.333064e-02 -2.360001e-01 -2.104100e-01 5.696825e-02 1.240473e-01 -1.295116e-01 -2.422901e-02 2.352494e-01 -5.828083e-02 1.414184e-02 -1.052854e-02 1.978147e-01 -9.574175e-02 -3.259287e-02 -1.273951e-01 2.226983e-01 1.349777e-01 -1.190678e-01 -1.357218e-01 1.288068e-01 1.029448e-02 -6.151586e-02 1.168933e-01 4.155241e-01 2.874808e-01 6.644369e-02 9.134224e-02 -2.677126e-01 -9.024224e-03 1.943088e-02 1.125351e-01 -6.203513e-02 -2.319590e-03 3.935472e-02 -8.846272e-02 1.366042e-01 2.390995e-01 -6.598143e-02 -1.374456e-01 -6.982447e-04 -4.133959e-02 
-2.031300e-01 1.491478e-01 2.088721e-01 -8.000439e-02 -1.592957e-02 1.942792e-01 -1.216639e-01 -1.009732e-01 8.612303e-02 2.403336e-01 8.401910e-03 4.912729e-02 -1.515464e-01 2.210135e-01 1.726360e-01 1.871191e-01 -2.354749e-01 -1.265597e-01 -1.923870e-02 2.177243e-01 -5.882073e-02 -1.527040e-01 -2.892139e-02 7.220574e-02 5.007337e-02 -1.556631e-01 2.457962e-01 -9.028619e-02 2.913411e-02 6.549201e-03 7.584517e-02 1.064390e-01 6.872901e-02 -1.711885e-01 -1.502341e-01 -6.377212e-03 -1.388679e-01 -3.958485e-02 -7.981692e-02 2.238541e-01 -1.730977e-01 -1.275411e-01 -3.086531e-02 1.607160e-01 5.815245e-02 1.185482e-01 -2.224410e-01 -2.339557e-01 8.600810e-02 -1.334069e-01 
-1.015394e-01 -4.598497e-02 2.032726e-01 -1.162397e-01 3.650531e-02 -1.126275e-01 -8.611082e-02 -4.150738e-02 -1.990628e-01 -5.174772e-02 1.068156e-01 -5.369763e-02 4.567470e-02 -6.126612e-02 3.135621e-02 1.991259e-01 8.318752e-02 1.132160e-01 2.497592e-02 -1.222088e-01 -1.989212e-01 2.669405e-02 1.013144e-01 2.005297e-01 7.140350e-02 1.893309e-01 1.552670e-01 1.525896e-01 1.024586e-01 -8.214682e-02 3.708440e-01 3.573008e-01 -1.345998e-01 4.644929e-02 9.005555e-02 1.027578e-01 -4.818927e-02 -9.130143e-02 -4.895091e-02 1.684398e-01 7.769203e-02 1.466261e-01 2.515965e-01 -6.749242e-02 1.202729e-01 1.582818e-02 9.146053e-02 5.167031e-02 1.865618e-01 2.708742e-01 
-1.284381e-02 -5.392794e-02 2.810181e-01 -2.430593e-01 -3.628412e-02 3.387119e-02 6.830621e-02 1.011240e-01 -1.692554e-02 1.180533e-01 2.404052e-01 -1.793847e-01 2.720051e-02 1.388081e-02 -1.671411e-02 2.469170e-01 -2.701313e-01 -1.294683e-01 1.663578e-01 5.166264e-02 1.648525e-01 -1.670785e-02 4.803872e-02 -1.990080e-01 1.109092e-02 2.068097e-01 -2.652029e-01 3.122107e-01 3.806083e-02 -4.750429e-02 5.398916e-02 -1.774812e-01 2.082862e-02 1.629726e-01 1.240076e-02 -2.142489e-01 -1.788175e-01 -1.033827e-01 2.111300e-01 -8.245912e-02 -3.584243e-02 1.425218e-02 -1.285544e-01 -8.432765e-03 -1.980628e-02 -4.888388e-02 4.340124e-02 1.401697e-01 1.120574e-01 -1.218027e-01 
-3.111969e-02 -6.292931e-02 2.840572e-02 6.692122e-02 -2.353569e-01 -1.743086e-01 1.235971e-01 6.937943e-02 -3.866992e-02 2.703848e-02 -2.761445e-01 -2.813360e-01 -2.693275e-01 -4.087174e-02 2.085975e-01 -8.448832e-02 -3.039467e-02 3.030641e-01 3.112376e-01 7.287534e-02 2.516519e-02 1.840646e-01 -2.370045e-01 2.530867e-03 1.310891e-03 1.115467e-01 9.493925e-02 2.746990e-02 1.348221e-01 3.990104e-02 1.254333e-01 -5.125449e-02 3.310536e-02 -2.847629e-01 -1.474573e-01 3.485112e-02 -1.317872e-01 8.813934e-02 4.343963e-03 5.164415e-02 1.184942e-01 1.679760e-01 -1.015184e-01 -3.966111e-02 -1.116369e-01 -1.266102e-01 -1.456259e-01 1.078279e-01 -2.720758e-02 -7.921806e-02 
-3.466500e-02 -2.016492e-01 1.431305e-01 -7.713108e-02 1.937612e-01 2.133556e-03 -1.556908e-01 6.139771e-03 -1.141233e-01 3.712400e-01 1.141470e-01 2.167866e-02 9.903501e-02 -2.657020e-02 -1.849843e-01 -1.608317e-01 1.486241e-01 3.314367e-02 8.821242e-02 -1.674697e-01 1.506022e-01 2.669531e-01 -1.463018e-01 -3.762894e-02 2.302354e-01 -2.009042e-01 -8.035505e-02 -1.289831e-01 -1.798611e-02 2.307894e-01 1.444972e-01 9.523998e-02 -1.120026e-01 1.542795e-01 -3.383394e-02 9.020511e-03 1.799350e-02 1.178910e-01 -2.370383e-01 9.127252e-02 2.810735e-02 2.018284e-02 -1.664597e-01 9.814778e-02 -1.455196e-01 -1.544249e-01 -1.559035e-03 -5.922370e-02 1.295861e-01 -1.974157e-01 
-1.373894e-01 5.346937e-02 2.708865e-02 2.961919e-02 1.144275e-01 1.063373e-01 -8.804909e-02 8.321566e-02 1.081047e-01 9.630994e-02 9.301201e-02 -1.403408e-01 -3.763429e-01 2.537400e-01 3.328611e-02 -9.136773e-03 3.248990e-01 4.247740e-02 5.660596e-02 2.012316e-01 -1.073061e-01 1.791133e-01 2.225054e-01 -1.795899e-01 -2.336146e-01 1.701295e-01 -8.344158e-02 -1.108960e-01 -1.136859e-01 1.531387e-02 -8.757932e-03 2.417652e-01 -1.908869e-01 3.211227e-02 1.624338e-01 1.518490e-04 1.388599e-01 -1.114984e-03 1.082206e-01 -2.279961e-01 -1.833513e-03 6.088538e-02 -8.988115e-02 -1.116544e-01 1.494764e-01 -6.338194e-02 -9.518236e-03 -1.273014e-01 -2.965348e-02 -1.246929e-01 
-7.076889e-02 -2.423593e-01 -2.074700e-01 -1.106485e-02 -2.344208e-01 1.078416e-01 1.289848e-01 1.065405e-02 1.065247e-01 7.509101e-02 1.094386e-01 -3.047817e-01 1.321382e-01 2.090276e-02 2.053889e-02 1.781591e-02 -1.148276e-01 -4.426888e-02 -8.370966e-02 -1.101391e-01 -3.883097e-02 -1.865362e-01 1.500796e-01 1.808021e-01 1.064900e-01 -1.053767e-01 5.845149e-02 -1.650607e-01 -8.028210e-04 6.265026e-02 1.581877e-01 1.141251e-01 1.468078e-01 -3.650083e-02 4.697946e-03 2.657293e-01 1.549483e-02 -3.602390e-02 9.852687e-02 -1.373863e-01 -1.281435e-01 -1.328913e-01 -1.339166e-01 -3.837776e-01 3.958920e-02 -2.783167e-01 1.277448e-01 -8.836902e-03 7.259885e-02 -1.573181e-01 
-7.658673e-02 -2.193702e-01 -3.182735e-03 1.860152e-01 -1.570202e-01 1.315710e-03 1.212932e-01 -2.657331e-01 -3.069002e-02 1.338578e-01 1.188856e-02 -1.393211e-01 2.221042e-01 -1.460372e-01 -2.637504e-01 1.715669e-01 7.202846e-02 -4.358580e-02 -6.796164e-02 2.102127e-01 9.461355e-02 6.153992e-02 -2.980070e-02 -1.754256e-01 7.197363e-02 3.187529e-02 6.967358e-02 6.138823e-02 2.196795e-01 -2.275632e-01 -1.943200e-01 9.117376e-02 -1.220187e-01 -5.410998e-02 -7.282684e-02 4.993829e-03 2.535602e-01 -1.576681e-01 -4.111911e-02 -2.235287e-03 1.877136e-01 3.858988e-02 -1.563427e-01 -2.905521e-02 1.731915e-01 6.879392e-02 -3.153741e-01 -1.229576e-01 1.068229e-02 8.177827e-02 
-6.422066e-02 4.575246e-02 2.397174e-01 1.953979e-01 -2.342717e-01 1.038054e-01 3.400230e-01 1.017331e-01 -1.821970e-01 -2.621950e-02 1.958955e-02 1.208402e-01 1.448119e-03 -1.008854e-01 6.182964e-02 8.489473e-02 1.233943e-01 2.173103e-01 -1.406374e-01 -3.818225e-02 6.687829e-02 -9.326254e-02 1.932612e-01 -7.230988e-02 1.159278e-01 2.810371e-02 2.090547e-01 -2.061368e-02 -1.520794e-01 3.157147e-01 -2.380782e-01 4.322427e-02 -9.730108e-02 -8.371198e-03 1.112017e-01 -1.250352e-01 -1.135630e-01 4.969015e-02 -1.966485e-02 1.742400e-01 1.534837e-02 -1.690508e-02 -2.153979e-01 9.911255e-02 2.069898e-01 7.099387e-03 2.357330e-01 9.334646e-02 3.228493e-02 -9.314388e-02 
-1.246264e-01 1.173478e-02 -1.566715e-01 2.073008e-02 -4.114631e-02 1.159376e-01 3.481777e-01 -1.487136e-02 -3.226108e-01 1.048908e-01 8.614513e-02 1.357511e-01 -6.721455e-02 -5.414169e-03 1.352938e-01 1.241765e-01 -2.699319e-02 -7.671901e-02 6.288224e-02 3.869090e-02 4.180353e-02 -7.045245e-03 8.757809e-03 1.579626e-01 1.003593e-01 2.228376e-01 -1.113475e-01 -2.920939e-01 9.898906e-02 -6.119754e-02 8.400604e-02 -2.437558e-02 3.272529e-02 4.946622e-02 7.780492e-02 -2.348170e-01 -5.690799e-02 -4.446965e-02 -3.011589e-01 -3.140050e-01 1.572420e-01 -6.500360e-02 2.432074e-01 3.519643e-02 -1.838668e-01 -2.695414e-02 -3.067982e-02 -1.687118e-01 -1.059134e-01 -4.817578e-02 
-1.218608e-01 -5.434572e-02 1.071561e-01 1.644033e-01 -7.324297e-02 -1.635232e-01 1.012763e-01 7.123993e-02 -4.483026e-02 -6.657178e-02 2.329811e-01 3.611298e-02 -1.914149e-01 -1.188888e-01 4.598560e-02 -1.655047e-01 -1.852827e-02 9.117210e-02 -1.658974e-01 -2.925148e-01 -1.198040e-01 -2.060100e-01 4.886771e-02 -1.255144e-01 -4.687426e-02 -1.193661e-01 -1.226867e-01 -4.787837e-02 -1.156524e-01 -2.424645e-01 1.088601e-01 -6.160080e-02 1.180271e-01 -2.708798e-03 -3.049685e-02 -1.099761e-01 1.396029e-01 -1.117443e-01 1.869256e-02 6.168006e-02 -1.431715e-01 3.931860e-01 -9.786277e-02 -2.637352e-02 -1.912353e-01 1.527604e-01 -1.567974e-01 -2.443718e-01 1.779995e-01 -1.063671e-01 
-2.078412e-01 1.182374e-03 -2.058165e-01 -1.223925e-01 -1.244855e-01 2.047559e-01 -2.520072e-01 -1.240159e-01 1.520570e-02 -9.573246e-02 -3.145903e-02 6.237780e-02 2.353642e-02 -7.351580e-02 8.308655e-02 -4.735968e-02 -6.450893e-02 2.148289e-01 1.676693e-02 2.590915e-01 1.118338e-01 1.242312e-01 -7.264748e-02 2.235154e-01 9.283800e-02 -5.031928e-02 -1.741307e-02 -1.112868e-01 -5.044813e-03 -6.185579e-02 -6.473807e-02 -5.870560e-03 7.430148e-02 2.048114e-01 1.856958e-01 -2.671909e-01 9.967768e-03 -2.076145e-01 9.453796e-03 4.231913e-02 -2.358883e-01 3.251646e-01 -2.462340e-01 2.729583e-02 6.768763e-03 -1.383964e-01 9.020711e-02 7.097272e-02 1.249734e-02 2.173638e-01 
-2.200453e-01 2.620604e-02 -2.183992e-01 1.123222e-01 1.337408e-01 -4.835951e-03 1.120950e-01 -1.131846e-01 -7.852762e-03 1.988791e-02 -1.409480e-01 -3.205152e-02 5.116886e-02 1.264310e-01 1.050647e-01 -3.809936e-02 5.140559e-02 1.089149e-01 -4.400278e-02 5.179702e-02 5.946041e-02 -2.849722e-01 -1.526251e-01 -1.948001e-01 -1.329879e-01 -1.039258e-01 -2.170496e-01 1.027982e-01 -2.692706e-02 -4.717801e-02 3.186825e-01 1.188420e-02 -8.346334e-02 3.622866e-02 -4.885539e-02 1.469345e-01 -8.238430e-03 -3.533957e-01 -5.266757e-02 5.742946e-02 1.969880e-01 -7.841130e-02 -9.582033e-02 3.445422e-01 1.039655e-01 -7.535030e-02 2.671590e-01 8.759491e-02 2.090308e-02 -8.262009e-02 
-2.360547e-01 7.132829e-02 -2.116150e-02 -1.279172e-01 1.132855e-01 -1.230678e-01 9.756845e-02 -7.477057e-02 1.967241e-01 -2.641703e-01 9.946918e-02 -3.439624e-02 1.204511e-01 -5.756947e-02 -1.123102e-02 -1.594677e-01 1.127663e-01 -2.552609e-02 -5.221954e-02 -4.166817e-02 -3.053345e-01 8.035403e-02 -1.746233e-01 3.598147e-02 3.013633e-01 1.812180e-01 1.076843e-01 2.059602e-01 1.100088e-01 2.537784e-01 -4.812226e-02 5.704721e-02 5.189490e-02 -1.427932e-01 1.499295e-01 -1.368933e-01 2.848838e-02 -1.548250e-01 1.763068e-01 -1.604961e-01 -3.200822e-02 -1.791282e-01 -7.913781e-02 1.971492e-01 -1.183767e-01 -7.043642e-02 -1.006161e-01 -1.771739e-01 2.841270e-02 -1.477409e-01 
-1.329154e-01 8.175213e-04 -1.282691e-01 1.146218e-02 1.116627e-01 8.255469e-02 2.241381e-01 1.906840e-01 -9.523720e-03 7.173313e-03 -2.222344e-01 -1.094662e-01 -5.640713e-02 -7.222649e-02 -1.908050e-01 2.063821e-01 -2.127642e-01 -4.204345e-02 3.203772e-02 -9.195081e-04 -1.987724e-01 2.597447e-01 -1.455856e-01 1.220778e-01 -9.614022e-02 -1.530498e-01 -4.716448e-02 9.868424e-02 -2.089341e-01 2.031088e-02 6.560868e-02 -1.110007e-01 7.948595e-02 1.871451e-03 3.358616e-01 9.260191e-02 8.204050e-02 1.228172e-01 -1.630044e-01 -7.587356e-02 -5.669588e-03 -2.403275e-02 -1.347065e-01 1.223900e-02 1.354104e-01 3.076462e-01 -1.431650e-02 -4.804044e-03 3.154575e-01 3.198119e-02 
-8.303083e-02 -6.692326e-02 2.532598e-01 2.179489e-01 -2.083067e-01 -1.566466e-01 8.232921e-02 -1.594868e-01 6.469147e-02 7.532382e-03 1.518575e-02 6.860264e-02 2.407391e-01 3.005436e-01 8.024771e-02 -9.330194e-02 9.305344e-04 -3.795856e-02 1.079351e-01 3.163098e-02 -1.437234e-01 5.326951e-02 -9.060039e-02 -1.107656e-01 -2.073083e-01 1.248712e-01 -8.988427e-02 -1.168677e-01 -1.969978e-01 2.310673e-01 1.097095e-01 -1.173040e-01 9.400662e-02 1.568083e-01 1.016966e-01 -6.579327e-03 9.194296e-02 -9.660419e-02 -1.660660e-01 4.804685e-02 -2.077706e-01 -1.649931e-01 4.768823e-02 -9.160759e-02 -5.034706e-02 -9.811610e-02 -2.407366e-01 1.602562e-01 2.949331e-02 2.804629e-01 
-7.211975e-02 7.827470e-02 3.500866e-02 -1.771528e-02 -9.100817e-02 -2.914808e-01 7.163461e-02 1.909069e-01 -2.519435e-01 -1.101511e-01 -1.066905e-01 -3.676355e-03 6.700542e-02 1.932664e-01 -1.704079e-01 -1.095582e-02 -1.152975e-01 -8.461198e-02 -2.737510e-01 1.597389e-01 1.307478e-01 1.491408e-01 4.199303e-02 2.561645e-01 -9.184164e-02 -3.579709e-02 -1.514321e-01 1.299601e-01 -1.006812e-01 -1.970702e-01 -4.215692e-02 1.825468e-01 -7.795266e-02 -9.430608e-02 6.412255e-02 -4.145441e-02 1.358876e-01 4.065113e-02 9.394060e-03 1.921921e-01 -1.556422e-01 -4.117576e-02 8.163485e-02 1.081257e-01 -3.203130e-02 -3.458793e-01 -8.282651e-02 2.335303e-02 -1.016188e-01 -2.691728e-01 
-7.827390e-02 -2.164810e-01 -1.036152e-01 6.015430e-02 -2.321518e-01 -1.970669e-01 -3.565185e-01 -2.859215e-01 -1.301520e-01 -8.376088e-02 1.031642e-02 -8.407796e-02 -2.327360e-01 -3.457480e-03 -1.781726e-01 3.783416e-02 -1.038153e-01 5.545522e-02 -1.316156e-01 -5.550425e-02 -7.572200e-02 5.939569e-02 1.881778e-01 1.196614e-01 -1.775547e-01 -5.035109e-02 1.275491e-01 8.598412e-02 -1.336270e-01 1.863138e-01 -2.926594e-02 -1.498827e-01 2.317705e-02 2.171114e-01 -4.238798e-02 -8.418085e-02 -2.371934e-01 -9.198446e-02 -3.489249e-02 -1.352810e-01 2.488850e-01 -1.178925e-01 7.128343e-02 1.022727e-01 1.217256e-04 8.085714e-02 -6.117479e-02 -1.195387e-02 1.599776e-02 -2.070287e-01 
-1.111195e-01 -1.962350e-01 -1.630325e-01 -2.008562e-01 2.085709e-01 9.406008e-02 5.546802e-02 9.554327e-02 -1.383093e-01 -7.095952e-02 -4.058478e-02 1.641621e-01 -2.285428e-03 2.080890e-01 -1.322343e-01 -5.101467e-04 3.036341e-02 -2.716024e-02 -1.520839e-01 -1.761874e-01 -8.893154e-02 -2.462105e-02 -5.459134e-02 7.059766e-02 -3.593695e-02 3.266817e-01 6.684117e-03 6.276287e-02 -1.325180e-01 4.386536e-02 5.725572e-03 -8.849635e-02 -9.409787e-02 -1.034737e-01 -3.691731e-01 7.131581e-03 -1.958090e-01 -6.386033e-02 -1.476604e-01 4.601846e-02 -8.391770e-02 1.062158e-01 -3.326515e-01 -1.854813e-01 1.662799e-01 5.217971e-02 -1.728354e-01 4.539024e-02 -1.974178e-01 7.452387e-02 
-2.023004e-01 9.056231e-02 -5.147523e-02 1.944404e-01 4.966849e-02 4.912730e-02 -5.516658e-02 2.182887e-01 -1.099438e-01 2.763646e-01 6.601175e-02 1.630166e-01 -1.187192e-01 -1.794804e-01 -5.534672e-02 -1.153017e-01 1.088008e-02 -3.492524e-02 -2.670223e-01 2.622303e-01 -4.197219e-02 1.544104e-01 2.109510e-05 -6.341673e-02 1.207121e-01 2.015289e-01 2.039866e-01 4.248553e-02 -9.156476e-02 -8.257229e-02 1.289846e-01 -2.699741e-01 1.048897e-01 1.022592e-01 -8.966750e-02 2.129071e-01 1.584302e-02 -5.632839e-02 2.761694e-01 9.838073e-02 1.041540e-01 -1.573687e-01 2.847820e-02 -9.700284e-02 -2.097888e-01 -9.929624e-02 3.339945e-02 6.269530e-02 8.261748e-02 1.504901e-01 
-1.725242e-01 -1.592927e-02 -1.034990e-01 1.262984e-02 -1.189992e-01 -2.338630e-01 -3.620304e-03 1.006243e-01 -7.757209e-02 1.326408e-01 1.998115e-01 1.915368e-01 1.163375e-02 7.923884e-02 4.782775e-02 7.352001e-02 -1.910552e-01 -8.673448e-02 1.157608e-01 -2.135866e-02 -3.852910e-01 -2.997292e-02 -3.246149e-01 -1.076157e-01 -1.186991e-01 -7.900908e-02 5.933806e-02 -6.434258e-02 2.173699e-01 -7.633813e-02 -3.140153e-01 2.009970e-01 -6.228354e-02 2.570156e-01 7.892415e-03 1.526838e-01 -8.735972e-02 1.551458e-01 7.107569e-02 -1.069776e-02 4.859491e-02 1.048355e-01 -1.064516e-01 1.880420e-03 3.761475e-03 -1.597014e-02 1.842072e-01 7.580234e-02 -1.577192e-01 -4.289796e-02 
-4.193406e-02 -2.889701e-01 1.988975e-01 -8.065973e-02 1.030339e-01 -1.002881e-01 -1.131032e-01 1.801994e-01 1.199547e-01 -1.459030e-01 -1.795293e-01 2.484789e-01 -1.933184e-02 -9.169170e-02 2.279499e-01 -1.022027e-01 -1.292111e-01 -5.695761e-02 -1.580202e-01 1.291049e-01 1.191049e-01 -6.498447e-02 1.226480e-01 -1.447292e-01 -7.830687e-02 8.868597e-02 1.725864e-01 8.952067e-02 1.903342e-01 -5.332659e-02 6.996782e-02 1.331630e-01 3.055005e-01 7.689515e-02 4.061286e-02 -1.042266e-02 1.654105e-01 1.262342e-01 -3.148259e-01 -2.351477e-01 1.265485e-01 -3.121757e-02 -1.560835e-01 7.961748e-03 9.020421e-02 -9.991824e-02 2.559468e-02 5.435016e-02 8.689858e-02 -5.497679e-02 
