-6.129803e-02 -2.643276e-01 1.161907e-01 -1.907608e-01 1.730673e-01 1.054254e-01 -1.537614e-01 1.211528e-01 -6.223005e-02 -1.808979e-02 1.023228e-02 1.038499e-01 -4.957956e-02 -1.483490e-01 -2.108929e-02 2.135059e-01 -1.168089e-01 -2.068863e-01 -1.870984e-01 -1.738955e-01 1.321778e-01 -2.311002e-01 -2.683974e-01 4.554808e-02 2.626920e-01 -2.604496e-01 2.484136e-02 6.169093e-02 -2.162693e-01 2.344156e-01 6.139593e-02 -2.056887e-02 -3.351982e-02 -9.815967e-02 2.333208e-03 -2.932951e-01 6.952411e-03 -1.081320e-02 8.190423e-02 -1.065243e-01 1.226553e-01 -1.819960e-01 8.733841e-02 3.145488e-02 -2.993334e-02 -3.796956e-02 9.672784e-02 -7.518925e-02 -9.224206e-02 -1.645454e-03 
-1.043549e-01 -1.505329e-01 8.578032e-02 -1.917313e-01 -1.268636e-01 -1.503500e-01 1.638228e-01 -4.107781e-02 1.615011e-01 -2.433891e-01 3.332689e-02 1.780710e-03 1.450029e-01 -1.719349e-01 1.777908e-01 5.226555e-02 1.756842e-01 -6.967734e-02 -4.679091e-02 5.492004e-02 1.502613e-01 -4.264333e-02 2.866233e-02 -7.716747e-02 5.562086e-02 -1.560051e-01 2.731263e-02 -6.284317e-02 -7.594328e-02 -2.832283e-01 -2.191146e-01 2.007964e-02 -7.709853e-02 -1.659150e-01 -2.114229e-01 1.877647e-01 -2.262394e-01 2.140671e-01 9.301533e-02 1.442832e-02 6.660209e-02 7.108921e-02 -2.387331e-01 2.173497e-01 -1.466820e-01 1.545087e-01 1.003578e-01 -1.488666e-01 1.201852e-01 1.415311e-01 
-6.645458e-03 -3.064383e-01 -5.370792e-02 4.140865e-02 1.107863e-01 5.779139e-02 2.247448e-01 -1.257278e-02 -1.604051e-01 -7.572568e-02 9.318149e-02 -1.510727e-01 -1.127580e-01 -6.341752e-02 2.318603e-01 -1.075279e-01 1.335569e-02 3.913943e-02 2.095931e-02 -2.364371e-02 1.131692e-02 1.334203e-01 -4.419345e-03 5.636288e-02 -2.914588e-02 -1.480891e-01 -1.860857e-02 -1.425783e-01 1.597605e-01 -1.663484e-01 -3.091829e-02 1.247942e-01 2.097482e-01 3.775216e-01 1.039437e-01 -7.657860e-03 2.128667e-01 2.613660e-01 1.964353e-01 9.828025e-02 -7.321414e-03 -2.091790e-01 2.409664e-01 4.428787e-02 -7.119450e-02 -4.649797e-02 2.344995e-01 7.743049e-04 -2.286668e-02 -1.652263e-01 
-1.213565e-02 -6.315767e-02 -2.870549e-01 -7.521704e-03 3.584010e-02 1.094364e-01 -1.979588e-02 8.965792e-02 3.057340e-01 2.026392e-02 -1.750862e-01 -1.195192e-01 2.333236e-02 -1.500184e-01 -1.883004e-01 1.276907e-01 3.097681e-01 2.603907e-01 1.311146e-02 1.774181e-01 1.788315e-01 4.765506e-02 -1.482932e-01 -5.925941e-03 2.534489e-02 -5.952610e-02 -8.265595e-02 7.355251e-02 -6.256935e-02 1.196777e-01 1.781074e-02 -2.923207e-01 -9.295095e-02 2.473908e-01 -1.311517e-01 -5.535106e-02 5.021768e-02 1.732685e-01 -8.626019e-02 -1.693114e-02 -3.512766e-01 1.554933e-02 3.332255e-02 5.330258e-02 -6.764702e-02 -1.500207e-01 1.588166e-02 3.482620e-02 -9.590429e-02 1.012313e-01 
-1.911975e-01 8.898406e-02 1.132164e-02 1.467808e-01 -2.059480e-01 1.462298e-01 -1.818951e-01 2.463577e-01 -1.127551e-01 -9.970911e-02 8.049284e-02 -8.282043e-02 1.525872e-01 -1.204872e-01 -1.960740e-01 1.374565e-01 -1.159167e-02 3.888889e-02 -1.531210e-01 1.660937e-01 -3.086653e-01 -1.009085e-01 -3.312732e-02 3.261450e-01 -5.257809e-02 -1.601113e-01 -2.189075e-02 1.639738e-01 2.055425e-01 -1.377824e-01 7.921197e-02 6.184821e-02 -7.945062e-02 -1.119617e-01 5.856089e-02 7.259474e-02 5.099769e-03 2.041364e-01 8.610895e-02 2.541685e-01 4.703222e-02 1.053730e-03 -4.450672e-02 -3.429527e-03 -7.031935e-02 1.120797e-01 -1.449719e-02 3.778094e-02 -2.908983e-01 -5.663731e-02 
-6.073364e-02 -1.393827e-02 -1.216607e-01 2.019628e-01 1.654876e-01 -9.758510e-02 -1.067055e-01 -1.391629e-01 -7.598122e-02 -7.836724e-02 -2.008676e-01 -1.070367e-01 2.217078e-01 -1.436361e-01 6.116912e-02 1.568730e-02 -1.170192e-01 1.845830e-01 -2.160821e-01 -6.129377e-02 1.453151e-01 -1.525325e-01 2.058810e-01 -1.362322e-01 -1.601920e-01 -3.018535e-01 -1.118054e-02 1.599033e-01 -2.742914e-02 -1.086534e-01 -1.861850e-01 1.441882e-01 1.242825e-01 3.622668e-02 9.548873e-02 -9.612887e-02 -2.739805e-01 -9.467742e-02 -2.121441e-01 1.019710e-01 -5.026149e-02 6.855522e-03 2.289796e-01 -1.097552e-01 1.032753e-01 -5.371821e-02 -1.967183e-01 -1.606746e-01 2.718978e-02 -3.067869e-02 
-4.874076e-02 -2.663801e-01 7.158767e-02 9.600902e-03 -8.325572e-02 -2.989314e-01 -1.174211e-01 -2.431596e-02 -1.865799e-02 8.625114e-02 -2.910283e-02 -2.435026e-01 1.139325e-01 -4.654577e-02 5.388208e-02 1.092626e-01 1.025362e-01 -3.192024e-01 8.854276e-02 7.435905e-02 3.270558e-02 3.363202e-02 -5.000164e-02 1.452408e-01 1.646918e-01 1.111439e-01 3.158675e-01 -3.293618e-02 1.269164e-01 5.834861e-02 1.841662e-01 -3.626074e-02 -3.632754e-03 2.319134e-01 1.864908e-01 5.662870e-02 -2.990405e-01 5.912656e-02 4.184903e-03 -3.648525e-02 -6.815825e-02 2.843655e-02 2.269933e-02 -1.898618e-01 -5.358360e-02 1.276474e-02 -3.028260e-01 1.790372e-01 1.040272e-01 2.306961e-02 
-1.002467e-01 -2.210975e-01 1.822546e-01 1.258192e-01 1.199012e-01 7.305717e-02 5.548938e-02 -5.341820e-02 -1.001100e-01 -2.419396e-01 -1.566438e-01 1.709794e-01 -1.993747e-01 1.254273e-01 1.725213e-02 -3.380958e-02 -1.231883e-01 4.155188e-02 -5.683679e-02 4.865602e-02 2.818609e-02 2.460427e-01 -1.156074e-01 -1.643525e-01 -3.383786e-02 -1.548275e-02 1.554160e-01 2.072466e-01 2.703931e-01 9.992171e-03 9.988709e-02 6.879890e-02 -1.612045e-01 -1.453887e-01 -5.207216e-02 2.043223e-02 1.003693e-01 1.315665e-01 7.063592e-02 -2.485997e-01 -2.192071e-01 2.880308e-01 1.991068e-02 8.153773e-03 -8.892682e-02 -3.735831e-02 -2.487163e-01 -2.018664e-01 -1.366249e-01 3.996697e-03 
-1.203272e-01 3.666324e-02 -1.201495e-01 7.407821e-02 1.970488e-01 4.234264e-02 1.226882e-01 8.967793e-02 -2.154117e-01 1.433473e-01 -1.515958e-02 1.614392e-02 -1.166679e-01 -1.163683e-01 2.495797e-01 -1.621850e-01 2.286045e-02 -5.429302e-02 2.117044e-01 -2.996862e-01 -5.694320e-03 9.687087e-03 -8.796715e-02 1.654623e-01 5.196887e-02 -9.501312e-02 -2.006794e-01 6.832649e-02 5.101109e-02 -1.567517e-01 -7.978313e-02 -2.538845e-01 -1.330503e-01 -1.935310e-01 1.767263e-01 -1.256740e-01 -1.591429e-02 1.108545e-01 -2.169519e-01 4.848182e-02 -1.399115e-01 -5.225763e-04 -1.013596e-01 1.651277e-01 -4.201559e-03 1.699513e-01 -2.197819e-01 2.455538e-01 4.858960e-02 1.679859e-01 
-1.198465e-01 6.400984e-02 -2.765236e-01 1.641433e-01 -1.743154e-01 -1.525218e-01 -1.168603e-01 1.400471e-01 5.884853e-02 -1.109079e-01 -1.579165e-03 2.552062e-02 -2.594718e-01 -9.028617e-02 3.522509e-02 1.820732e-01 1.200009e-01 -1.872804e-01 1.426972e-01 -1.988785e-01 -2.755562e-02 6.238087e-02 2.902939e-02 1.112494e-01 -1.436004e-02 7.834912e-02 5.054075e-02 -1.539324e-01 1.378781e-01 1.190505e-02 -2.190545e-01 3.135144e-01 7.083777e-02 8.012830e-02 -1.327468e-01 -2.273773e-01 1.042800e-01 -2.273418e-01 -1.469395e-02 -1.963750e-02 -1.107759e-01 -1.217719e-01 -1.212956e-01 1.338240e-02 -3.984275e-02 -1.759499e-02 -7.939192e-02 -2.978275e-01 -1.259561e-01 2.024021e-01 
-2.139332e-01 1.524555e-01 -1.736419e-01 1.388025e-01 6.987968e-02 -2.146010e-01 1.598828e-01 5.363559e-02 -6.227130e-02 4.967467e-02 -1.045093e-01 -1.261394e-01 -9.060535e-02 -3.799056e-02 -1.051577e-01 -4.091553e-03 -7.330334e-02 -4.077322e-02 8.169877e-02 1.938884e-01 3.186891e-01 1.832525e-01 -2.706503e-02 -1.091848e-01 2.299590e-02 -4.984817e-02 7.456215e-02 1.897983e-01 -1.599639e-02 -2.708647e-02 1.784969e-01 -1.087313e-01 -1.996196e-02 -3.795203e-02 -1.236828e-01 -2.351283e-01 1.303591e-01 2.020612e-02 1.032093e-01 1.202699e-01 3.364800e-01 1.949305e-02 -6.757601e-02 -2.697175e-01 1.885091e-02 3.571048e-01 1.365125e-01 -4.773222e-02 6.749134e-02 -2.678790e-02 
-5.825758e-02 4.457833e-03 -2.450742e-01 -1.282747e-01 -9.451263e-02 2.822801e-01 8.334878e-02 -4.162720e-02 1.898130e-02 -4.021103e-02 -4.539799e-01 -2.075720e-01 8.036495e-03 1.095571e-01 5.654818e-02 8.030078e-02 -5.825263e-02 7.407343e-02 3.014328e-02 -2.261373e-01 -4.494685e-02 -1.240465e-01 3.999429e-02 2.903680e-02 7.322070e-02 1.674079e-01 2.851797e-01 7.503943e-02 -6.418764e-02 -4.308141e-02 1.199193e-01 1.422842e-01 1.257165e-01 -1.043863e-01 1.262440e-01 1.466956e-01 4.785814e-02 2.890673e-02 1.622511e-02 -5.148515e-02 1.690536e-01 1.150224e-01 1.726469e-01 7.978046e-02 -1.091619e-01 5.804424e-02 1.541295e-01 9.360142e-02 -3.759275e-02 3.328399e-01 
-1.495206e-01 -4.555030e-02 9.365574e-02 -9.863594e-02 1.578487e-01 -7.515322e-02 -1.973721e-01 -2.501247e-03 3.986743e-02 -1.105352e-01 3.092053e-02 9.938753e-02 -5.440274e-02 -2.279525e-01 1.292530e-01 -7.730875e-02 8.077471e-02 -4.022368e-02 -5.442660e-02 1.605874e-01 -4.105892e-02 6.944562e-02 1.379780e-01 7.530817e-02 1.584032e-01 1.045790e-01 -1.972656e-01 -1.172931e-01 4.729196e-02 -2.747728e-01 2.047192e-01 -4.394572e-02 2.732969e-02 -6.812877e-02 1.142785e-02 -1.590991e-02 -3.763541e-03 -1.954082e-01 -5.865276e-03 -4.636872e-02 -1.111294e-01 2.327463e-01 2.301625e-01 -2.214430e-01 2.836983e-01 -5.109175e-02 3.045562e-01 5.852100e-02 -1.400597e-01 3.054976e-01 
-2.332076e-01 1.384218e-01 8.912240e-02 5.516187e-02 5.118267e-02 1.030569e-01 1.908449e-01 -1.438494e-01 2.082776e-01 8.689737e-02 1.207817e-01 -1.703442e-01 6.903439e-02 6.158482e-02 1.747818e-01 7.182800e-02 7.775801e-03 -3.479515e-01 4.867423e-02 -4.827021e-02 -3.829425e-02 -2.735411e-01 2.530122e-01 -7.979388e-02 1.332936e-01 1.366989e-02 -1.669012e-01 2.159822e-01 3.404209e-02 8.994457e-02 1.370243e-02 -8.618344e-02 1.185279e-01 5.093822e-02 -2.236837e-02 1.262461e-01 2.082712e-01 1.788843e-01 -1.981867e-01 -1.413909e-01 -6.298398e-02 2.081250e-02 -7.747476e-02 -2.146382e-01 -6.697801e-02 -8.310158e-02 1.055094e-02 -1.909650e-01 -2.116177e-01 -8.678690e-02 
-6.890014e-02 -3.768055e-02 -2.892177e-01 -8.618440e-02 8.063993e-02 -7.036194e-02 5.223755e-04 -5.471241e-02 1.441236e-01 -1.210506e-01 2.250820e-01 3.990118e-02 1.059397e-01 -1.484231e-01 -2.800273e-02 2.274259e-01 -7.569705e-02 1.518978e-02 -2.754719e-01 -1.532571e-01 -7.862270e-02 1.147114e-01 -2.226136e-01 -1.645964e-01 -1.362103e-01 7.248995e-02 6.300010e-04 -3.610866e-02 -2.526046e-02 5.574627e-02 -1.203075e-01 8.289476e-02 1.304381e-01 -8.112644e-02 3.134271e-01 1.207829e-01 2.580237e-01 1.283018e-01 6.334293e-02 -9.323990e-02 -6.672427e-02 1.234310e-01 -2.173856e-01 -2.181399e-01 2.164466e-01 1.031473e-01 -4.705150e-02 1.965059e-01 1.350723e-01 -9.615850e-03 
-5.334626e-02 -3.012159e-02 -1.505376e-01 -7.984399e-02 -4.325884e-02 5.348847e-02 -1.009005e-01 -9.959620e-02 -7.120483e-02 -2.930265e-01 6.152946e-02 -5.328783e-02 2.485291e-01 5.009894e-02 3.569661e-02 -7.349539e-02 -1.170099e-01 5.908231e-02 1.464078e-01 6.466768e-02 -7.581236e-02 -3.192550e-02 -1.170585e-01 -1.908968e-02 2.143850e-02 1.636856e-01 -2.191969e-01 -2.146055e-01 1.060317e-01 6.762476e-02 -2.177026e-01 -3.475430e-01 3.663619e-02 -1.263123e-01 -5.701225e-02 -8.845972e-02 3.346800e-02 -4.883165e-02 1.594244e-01 -6.482018e-02 1.625193e-01 -6.135140e-02 2.602676e-01 -2.530566e-01 -3.521944e-01 -2.338633e-03 -2.103234e-01 -8.873290e-02 1.464933e-02 7.114385e-02 
-1.705801e-01 -1.406183e-01 1.722264e-01 7.186205e-02 -2.538087e-01 1.245401e-01 1.362890e-01 1.098004e-01 -7.441813e-02 1.755359e-01 -1.965069e-02 -4.807777e-03 1.976368e-02 1.308772e-01 1.341361e-01 1.689010e-01 -1.835724e-01 2.117806e-01 -6.409482e-02 -5.996496e-02 -5.637691e-02 1.133459e-01 -2.039834e-01 1.661283e-01 -2.703390e-02 4.527669e-02 -6.623626e-03 -2.418404e-01 -2.552243e-01 -9.363104e-02 -3.212636e-02 -5.411606e-03 1.818193e-01 3.564005e-02 -2.447883e-01 -1.300607e-01 -1.122463e-01 5.913606e-02 -3.192716e-01 -3.967089e-02 -1.314671e-01 1.936620e-01 -3.709560e-02 -2.855581e-01 -1.776897e-02 1.004644e-01 7.274512e-02 -4.823276e-02 4.097988e-02 -9.482821e-02 
-1.293698e-01 1.941210e-02 -2.331111e-01 3.517103e-03 -1.192816e-01 2.639026e-02 1.315675e-01 -1.597554e-02 1.998243e-01 -1.586826e-01 -7.648500e-02 5.052090e-02 -1.268823e-01 2.141619e-02 1.276036e-01 -5.959802e-02 1.273646e-01 -2.158914e-01 -9.014327e-02 1.608075e-03 -5.117596e-02 3.160714e-01 2.755148e-02 8.012677e-02 6.586189e-02 -1.559255e-01 -2.153659e-01 -1.759752e-02 -2.544395e-01 1.612241e-01 9.016758e-02 1.257398e-01 -6.294696e-02 -1.149493e-01 8.721049e-02 7.174690e-02 -1.628446e-01 -1.933060e-01 -5.715485e-03 1.030476e-01 7.438687e-02 1.921541e-01 1.992431e-01 5.830543e-02 -1.662983e-01 -5.721289e-02 -7.325915e-02 1.660754e-01 -9.371736e-02 -3.908773e-01 
-2.541314e-01 8.514965e-02 1.448434e-01 1.260284e-01 -5.518472e-02 -1.544479e-02 -8.915581e-03 1.889308e-01 6.664922e-02 2.342355e-01 -1.374694e-01 -9.482644e-02 5.368894e-02 -1.329279e-01 1.900241e-02 -2.514454e-01 3.972352e-02 -3.606290e-02 -1.707281e-01 1.178860e-01 -1.893405e-01 1.815245e-01 -1.041198e-01 -3.791772e-01 -1.237474e-02 8.098559e-02 1.193361e-01 -1.445357e-01 -1.530295e-01 -8.620228e-02 -9.204786e-02 1.731832e-02 -1.633376e-01 -1.064084e-01 3.010906e-01 -3.751764e-02 -8.469046e-03 7.633867e-03 -3.766545e-02 -1.087729e-01 -2.299059e-02 -3.264923e-01 -2.645627e-03 -2.704361e-02 -1.839060e-01 -1.411657e-01 9.090856e-02 -8.664707e-02 -6.096988e-02 7.453345e-02 
-1.914665e-01 1.045190e-01 -6.006968e-02 -3.944468e-03 -1.404001e-01 -1.626096e-02 -2.331478e-01 -1.419426e-01 2.734058e-01 8.043943e-02 3.139042e-02 -4.846835e-02 -1.633954e-02 1.311070e-01 2.595584e-01 7.538231e-02 -1.738728e-01 8.963715e-02 -5.946002e-02 -1.224941e-01 2.471012e-01 -1.280916e-01 -2.092044e-01 5.605132e-02 -1.334257e-01 -5.527810e-02 -6.049381e-02 -7.578185e-02 3.079541e-01 -1.922790e-01 2.847443e-01 4.585343e-02 -3.273101e-01 -3.727006e-02 -4.913209e-02 5.138735e-02 7.141262e-02 -6.702475e-02 -3.520006e-02 -2.625625e-02 3.895120e-03 -1.591250e-01 5.339628e-02 4.005021e-02 -4.233962e-02 -1.412207e-01 7.839343e-02 3.313390e-02 2.212282e-01 -1.414427e-01 
-1.673599e-02 -2.262784e-01 4.538802e-02 1.488144e-01 5.552289e-02 1.935743e-01 1.319739e-01 1.835002e-01 1.835094e-01 -1.975049e-01 -8.266005e-02 2.829638e-01 4.641792e-02 -1.526632e-01 -4.105981e-02 1.827973e-03 -3.810800e-02 8.197320e-02 1.677956e-01 -3.227790e-02 -1.836367e-03 -1.508286e-01 1.707326e-01 1.180358e-01 1.287429e-01 2.472744e-01 6.903962e-02 7.894993e-02 -1.111545e-04 8.778806e-03 -6.219275e-02 1.189447e-03 -2.858623e-01 9.299136e-02 2.723809e-01 -2.082246e-02 3.483235e-02 -9.062836e-02 -7.848921e-02 2.267718e-01 1.357179e-02 1.516899e-02 -8.226753e-02 -1.882743e-01 -4.273858e-02 3.506420e-03 1.146165e-01 -1.606302e-01 3.285133e-01 -1.635057e-01 
-2.377621e-02 -1.075891e-01 -2.054091e-01 2.874995e-01 2.619389e-02 3.059363e-01 -9.347496e-02 -7.439375e-02 -1.776901e-01 -1.312697e-02 1.853101e-01 -3.212132e-04 4.322553e-02 -4.978781e-02 1.547645e-01 9.152840e-02 3.193016e-02 1.412490e-01 -1.038930e-01 8.717794e-02 -6.193869e-02 2.970203e-02 1.944002e-01 -2.626125e-01 3.322296e-01 -3.639728e-02 4.430720e-02 -1.231256e-01 1.095543e-01 8.382949e-02 1.972260e-02 5.283899e-02 -1.921016e-01 1.600938e-01 -1.994372e-01 3.137972e-02 -1.055588e-01 -1.177987e-01 -9.482141e-02 -2.135281e-01 2.031289e-01 -3.308913e-02 -2.107917e-01 4.505713e-02 -4.511759e-03 9.615122e-02 1.441981e-02 2.570210e-01 -4.838443e-02 1.505054e-02 
-9.457891e-02 -1.377380e-01 -8.368390e-02 -3.166342e-02 2.178966e-01 3.532884e-03 -1.082276e-03 1.530699e-01 -1.993894e-01 1.029992e-01 2.904418e-02 -2.633503e-01 1.066947e-01 -3.213640e-02 2.130809e-01 -1.895859e-01 2.024172e-01 1.215057e-03 -1.775390e-01 2.185177e-02 -8.475976e-03 -2.082761e-01 -1.195342e-01 3.104624e-03 -1.176521e-01 1.287613e-01 1.798894e-01 6.852905e-03 2.359458e-02 1.164459e-01 1.807830e-02 -5.463059e-02 5.372901e-02 -1.399535e-01 -2.053714e-01 8.201181e-02 1.705407e-01 -3.756366e-01 1.168096e-01 2.363278e-01 -1.353005e-01 2.272091e-01 -1.814294e-01 4.038090e-02 -8.698248e-02 -1.034276e-01 3.479431e-02 -7.703986e-02 3.712967e-02 -1.597764e-01 
-1.608277e-01 4.268243e-02 8.371926e-02 9.008521e-02 -4.930621e-02 -1.748849e-01 -2.949027e-01 -2.546485e-01 -1.138671e-01 -7.887736e-02 -8.542262e-02 -1.841190e-01 -2.461326e-01 -6.173174e-02 -4.972334e-02 8.480051e-02 -1.246903e-01 1.804651e-01 2.118125e-01 -7.142772e-02 -1.774762e-01 -9.202578e-03 5.675204e-02 2.435449e-03 2.091062e-01 -1.888183e-01 5.534246e-02 -5.078434e-02 -3.470026e-01 -1.062385e-01 -6.177756e-02 -1.949237e-01 -4.980118e-02 9.955208e-02 8.940549e-02 1.196609e-01 2.228064e-01 3.450543e-03 1.445774e-01 5.602813e-02 3.718975e-02 1.814527e-01 -1.774490e-01 6.877597e-02 -2.010636e-03 -2.138900e-01 -2.003545e-02 -6.268615e-02 8.320135e-02 -1.027990e-01 
-1.998309e-01 -1.523565e-02 1.791069e-01 1.005016e-01 2.012373e-01 -2.418368e-01 1.348507e-01 6.853430e-02 9.314056e-02 -1.430439e-01 3.704093e-02 -6.978819e-02 -9.550210e-02 8.354847e-03 -3.001435e-01 3.074492e-02 -8.804761e-02 -6.208028e-02 -2.736361e-02 -1.146657e-01 -1.003414e-01 -1.870731e-01 -5.466985e-03 -7.827942e-02 -2.422600e-01 -1.427451e-02 -4.184860e-03 -1.636584e-01 1.493660e-01 1.124267e-01 -1.184071e-01 1.324392e-02 -8.867491e-02 1.545743e-01 -8.253286e-02 -9.607481e-02 -2.032737e-02 -8.248510e-03 -2.196775e-01 -9.926472e-03 1.679889e-01 2.609829e-01 9.132267e-02 1.334086e-01 -2.365530e-01 -9.326090e-02 1.902777e-01 3.453809e-01 5.968532e-03 9.661509e-02 
-6.897115e-02 -5.028985e-02 4.140733e-02 8.472669e-02 1.828128e-01 -2.652230e-02 4.105658e-02 1.248974e-01 2.700282e-01 -1.165451e-01 -9.844832e-02 -1.640249e-01 3.383380e-01 -5.085102e-02 -1.727611e-01 -1.472171e-01 -1.204555e-01 9.955669e-02 2.318900e-01 -2.191324e-01 -1.310457e-01 1.380678e-01 1.213360e-02 -3.989389e-02 2.214917e-01 -2.071685e-02 -6.397601e-02 -1.705403e-01 1.163512e-01 6.115526e-04 2.942116e-01 1.017906e-01 2.629288e-01 -1.765164e-01 -1.515561e-01 -1.375902e-01 -5.561006e-02 4.587733e-02 5.709327e-02 -3.122677e-02 -9.138053e-03 -7.608083e-02 -1.659765e-01 1.632260e-01 1.859077e-01 -8.374363e-02 -7.509723e-02 -2.324025e-02 1.880194e-02 -1.537382e-01 
-2.485314e-01 1.823029e-01 8.745724e-02 9.374173e-02 1.164912e-01 8.262040e-02 1.612049e-01 -1.226835e-01 1.896096e-02 1.272058e-01 -1.617145e-01 1.029277e-01 -4.802959e-03 2.210247e-02 -1.465660e-02 4.307587e-02 5.715452e-02 -7.928938e-03 7.809366e-02 2.542825e-01 -1.478279e-01 -1.130235e-01 -4.295475e-01 3.890936e-02 2.364750e-01 -1.319455e-01 -1.402363e-01 -2.842847e-02 1.710762e-01 1.607842e-01 -1.860918e-01 1.568517e-01 1.114702e-01 1.445100e-01 1.472621e-02 2.252272e-01 -7.063589e-02 -1.433187e-01 1.056701e-01 2.960449e-02 1.513722e-02 2.662181e-02 1.110329e-01 8.566075e-02 1.846507e-01 1.144648e-01 -4.208801e-02 -9.026775e-02 2.420165e-01 1.012119e-01 
-9.516734e-02 2.727278e-02 4.462203e-02 2.333169e-01 7.533272e-02 -4.192142e-02 -7.648826e-02 -3.235821e-01 -1.138895e-01 3.961790e-03 -8.752341e-02 1.684871e-01 1.944165e-01 -2.262601e-01 1.420904e-01 2.399418e-01 1.648845e-02 -8.503177e-02 1.340223e-01 -6.473373e-02 -1.726624e-01 1.627552e-01 7.586002e-02 6.722307e-02 -3.096977e-01 1.062251e-01 8.565150e-02 4.968095e-02 -7.447817e-02 3.018367e-01 1.193035e-01 -1.258659e-01 3.355750e-03 -1.123120e-01 -1.277614e-01 3.007942e-02 -6.924225e-02 5.492631e-02 8.367372e-02 -6.144138e-03 -1.967660e-01 -1.700731e-01 8.889761e-02 1.312287e-01 -5.995459e-02 1.417277e-01 3.060884e-01 3.950800e-05 6.835086e-02 -2.290046e-02 
-5.932238e-02 -1.940851e-01 -1.928237e-01 1.860838e-01 -1.031198e-01 -1.078881e-01 -4.001086e-02 1.060327e-02 -7.518620e-02 7.973643e-02 2.395668e-01 1.934264e-01 -2.132890e-02 5.842444e-02 -2.727210e-02 -7.451011e-02 2.301329e-01 1.617608e-01 3.160959e-01 1.001601e-01 5.969546e-02 -3.045059e-01 -1.395837e-01 -1.317585e-01 -1.518666e-01 -8.204253e-02 -5.678826e-02 -6.644375e-02 -8.931727e-02 4.249016e-02 3.024529e-01 8.671095e-02 1.848121e-01 -1.337714e-01 2.867063e-01 3.408950e-02 -1.122735e-01 6.997693e-02 -7.387124e-02 -1.568204e-01 1.174505e-01 1.522867e-01 -5.898410e-03 5.460525e-02 -8.723954e-02 -1.173497e-02 7.988739e-02 -1.800771e-01 -8.842018e-02 1.647243e-02 
-6.759314e-04 -2.955547e-01 -1.167968e-01 -1.864612e-01 1.137481e-01 1.248023e-01 -9.831581e-02 -2.263771e-01 5.722509e-02 1.468203e-01 4.579038e-02 -1.645864e-01 9.228722e-02 1.727778e-01 -6.479130e-02 1.125253e-01 -2.332225e-01 -1.854544e-01 8.577801e-02 2.448355e-01 -6.514807e-02 2.003508e-01 -5.665891e-03 -6.171737e-02 -8.354881e-02 2.971532e-02 -9.223344e-02 -1.207206e-01 3.482808e-02 1.462928e-02 -3.100767e-02 1.286047e-02 -1.485596e-01 9.824058e-03 1.627943e-01 -1.183259e-01 3.028207e-02 -3.966268e-02 -2.628159e-01 3.165249e-01 5.955451e-02 9.398068e-02 -9.791313e-02 2.607663e-01 7.978982e-02 9.612087e-02 4.318692e-02 -2.466208e-01 -1.194017e-01 1.040158e-01 
-1.266880e-01 -1.190004e-01 3.956341e-02 -8.045607e-03 -1.907159e-01 -6.414158e-03 4.264229e-02 -2.649349e-02 9.376599e-02 -9.502638e-02 9.017517e-02 8.883795e-02 2.197085e-01 2.026179e-01 -1.530936e-01 -1.748424e-01 -7.602889e-02 -1.627140e-02 8.345475e-02 -1.041059e-01 8.803939e-02 5.907536e-02 1.510333e-02 3.889646e-02 2.082125e-02 -3.441538e-01 2.059134e-01 9.826709e-02 2.863954e-02 -6.197536e-02 -8.381143e-02 -2.079816e-01 7.437831e-02 1.171821e-01 1.292785e-01 1.068232e-01 1.302055e-01 -4.523890e-01 -1.875822e-02 -1.219223e-01 -2.395756e-01 -1.052895e-01 -2.946872e-02 1.951106e-02 -2.602369e-02 2.735431e-01 1.534506e-01 1.019793e-01 -1.565437e-01 3.795788e-02 
-9.513047e-02 -2.010474e-01 1.015634e-01 -4.074739e-02 2.055121e-01 1.911756e-01 -3.233475e-02 2.079514e-01 4.219627e-02 8.197986e-02 8.593800e-02 -1.432137e-01 -1.457952e-01 -4.519921e-02 -9.564978e-02 1.218612e-01 -1.692679e-02 3.582780e-02 1.504727e-01 -8.239302e-02 2.670519e-02 2.189290e-01 9.244633e-02 5.881505e-02 -3.194494e-01 -1.434914e-01 -1.956178e-01 1.061147e-01 -9.747826e-02 1.841352e-02 8.936932e-02 3.673933e-02 1.990627e-02 9.838338e-03 -9.703264e-02 4.201443e-01 -9.566650e-02 -1.760540e-01 6.048668e-02 -6.022633e-02 1.791278e-01 -1.899545e-01 -7.901261e-02 -2.008458e-01 -6.920365e-02 -8.198658e-02 -1.396306e-01 -4.083807e-02 1.119256e-01 2.344755e-01 
-8.401255e-02 -1.813396e-01 -5.279759e-02 1.292802e-01 8.787158e-02 -8.841611e-02 -1.525246e-01 -3.545778e-02 2.286202e-01 3.127351e-01 -4.377094e-02 8.300148e-02 1.166672e-01 2.119260e-01 4.692478e-02 -2.880494e-01 6.298389e-02 7.580489e-02 -4.640957e-02 -7.488746e-02 2.320265e-03 -2.014925e-02 1.984377e-01 2.719170e-01 -2.717833e-02 -1.276163e-01 3.987230e-02 -1.418266e-01 -8.149712e-02 2.248876e-01 -2.269010e-01 1.442599e-01 -2.362905e-01 -6.533682e-02 -8.813288e-02 -2.099204e-02 1.135390e-01 2.469333e-01 2.584165e-01 -5.526066e-02 8.583151e-02 1.231561e-01 5.823771e-02 -1.394737e-01 1.114216e-01 9.843033e-02 -2.138591e-02 1.586996e-02 -6.309806e-02 1.195691e-01 
-2.152702e-01 1.594801e-01 1.068460e-01 -1.463233e-01 2.999389e-01 1.267402e-01 -2.386440e-01 1.410320e-01 5.113866e-02 3.685999e-02 1.546961e-01 3.879232e-02 8.221091e-02 2.270427e-01 2.637852e-02 2.379576e-01 1.483255e-01 5.465908e-02 1.671311e-01 1.323820e-01 5.683409e-02 5.551750e-03 1.606443e-01 -9.656598e-02 1.351011e-02 8.564502e-02 7.281563e-02 3.753954e-02 -1.767837e-01 -2.141093e-01 -4.986875e-02 2.329180e-01 8.771293e-02 2.983683e-02 3.848085e-02 -1.850078e-01 7.896900e-02 1.180433e-02 1.113132e-01 -4.120976e-02 -1.790322e-01 3.811725e-02 1.543649e-01 1.249837e-01 -2.276119e-01 2.249734e-01 -1.320572e-01 1.389013e-01 1.323859e-01 -1.272941e-01 
-1.933996e-01 1.320529e-01 -1.702500e-01 -1.078816e-01 8.913270e-02 6.878302e-02 1.581205e-01 -2.851780e-02 -1.683815e-01 -6.390998e-02 2.375370e-01 -1.732510e-01 -5.835643e-02 2.406121e-01 -1.983917e-01 4.172243e-02 1.659248e-01 3.162296e-02 -1.480510e-01 -2.904862e-02 -7.946035e-02 1.312843e-01 1.542461e-01 2.459152e-01 4.788662e-02 -7.603438e-02 1.624360e-01 -1.497966e-02 1.007296e-01 3.267684e-02 -3.392586e-02 -1.507542e-01 -8.519841e-02 -1.375565e-01 1.233205e-01 -1.313478e-01 -2.457890e-01 4.323730e-02 -6.533454e-03 -2.433591e-01 -3.905762e-02 -1.072645e-02 3.325469e-02 1.403802e-02 1.230572e-01 -2.034118e-01 1.888926e-01 -2.400033e-01 2.870614e-01 -2.332550e-02 
-9.549900e-02 -8.068083e-02 -1.289648e-01 1.454804e-01 9.331093e-02 -2.321705e-02 9.237498e-02 -2.042478e-01 1.429693e-01 2.607498e-02 2.560570e-01 2.287434e-01 4.986058e-03 2.241090e-01 -6.436261e-03 -4.120259e-02 -1.504097e-02 -1.387772e-02 -1.952136e-02 -8.884585e-02 -1.659473e-01 3.641189e-02 -1.942529e-01 -6.317854e-02 9.497962e-02 1.066108e-01 1.660442e-01 3.237927e-01 -1.437162e-01 -2.311452e-01 3.214286e-03 -1.798638e-02 6.720170e-02 2.848314e-02 -1.901844e-01 -9.344497e-02 -1.684354e-01 1.593969e-02 1.017373e-01 3.455496e-01 3.446015e-02 -1.197309e-01 6.569284e-03 -8.212508e-02 -3.574512e-02 -3.083498e-01 -2.114936e-02 1.160833e-01 -7.370355e-02 2.072419e-01 
-1.923777e-01 -3.955198e-03 -1.645891e-01 -2.561576e-01 -2.313103e-02 8.210932e-02 2.354297e-01 3.280440e-02 3.457865e-02 6.808953e-02 -9.375827e-02 2.203557e-01 -7.580883e-02 -1.115204e-01 5.286965e-03 4.127320e-02 -5.588946e-02 -7.403208e-02 3.318688e-02 4.241114e-02 -2.832195e-01 -2.313159e-01 1.493743e-01 -1.407039e-01 -2.608705e-01 -1.230644e-01 2.006576e-01 -2.440969e-01 -4.485172e-02 -1.320551e-01 1.896721e-01 -1.986424e-01 -1.219693e-01 1.681995e-01 -1.332434e-01 -8.198227e-02 -1.878559e-02 -2.864890e-02 1.584450e-01 -2.804783e-02 1.936801e-02 -2.887928e-02 6.211831e-02 -3.530000e-03 2.381633e-01 5.134103e-02 -2.927068e-01 -3.851455e-02 -6.167432e-02 -8.955347e-02 
-7.792943e-02 -1.869741e-01 5.844952e-02 1.077633e-01 -1.745366e-01 9.098883e-02 -1.095350e-01 -8.688997e-02 -3.085542e-02 -7.404817e-02 -5.379294e-02 -2.038751e-01 2.163677e-02 6.223500e-02 -1.372114e-01 -1.623908e-01 1.902456e-01 -1.284462e-01 -1.272909e-01 -2.094807e-01 -1.160205e-01 -7.489583e-02 -1.183619e-01 -7.130835e-02 -1.509660e-01 2.702954e-01 -3.391704e-01 2.631997e-01 -1.405410e-01 -1.608769e-01 1.980216e-02 -4.407528e-03 -1.030205e-01 2.558805e-01 -4.246256e-02 -1.700812e-01 -6.600710e-02 -4.088476e-02 1.574212e-01 -2.014051e-01 5.901139e-02 4.876646e-02 1.395116e-02 1.304040e-01 1.855943e-01 2.264034e-01 -5.963850e-05 -7.164153e-02 1.072833e-01 -6.685434e-02 
-5.489368e-02 -1.828436e-01 -8.408410e-02 -1.855454e-01 1.653889e-01 -2.558105e-01 3.906795e-02 -1.110581e-01 1.208422e-01 1.680015e-01 -9.234445e-02 3.636732e-02 -1.061095e-01 -1.277209e-01 1.799500e-02 6.376138e-02 -2.295230e-02 2.704366e-01 2.080266e-02 1.339036e-01 -1.554125e-01 -7.427001e-03 -2.664313e-02 2.479763e-01 3.178899e-02 2.262876e-01 3.478473e-02 2.374968e-01 9.891650e-02 -1.419853e-01 -2.019830e-01 -3.019374e-03 5.618729e-02 -7.871224e-02 -1.934998e-02 3.563953e-02 -3.135317e-02 -1.319031e-01 -1.338427e-01 -3.145386e-01 2.068292e-01 -1.667602e-01 -4.166949e-02 7.401818e-02 -4.476651e-02 5.250044e-02 1.369996e-02 2.856312e-02 -2.294338e-01 -2.988567e-01 
-2.436154e-01 2.793939e-02 2.320119e-01 -9.719362e-02 -2.178350e-01 -1.105551e-02 2.496526e-01 1.700815e-02 -6.380131e-02 -1.065214e-01 1.145066e-01 -1.251452e-01 1.514725e-01 -2.689173e-02 2.384075e-01 1.310605e-01 -1.136133e-02 2.673802e-01 1.611115e-01 6.753371e-02 2.086080e-01 3.795228e-02 4.513233e-02 2.136327e-02 -9.853718e-02 1.174191e-01 -4.466315e-02 1.181912e-01 -4.405105e-02 2.517307e-01 -7.385352e-02 9.101337e-02 -1.216706e-01 2.673539e-02 1.641401e-01 -2.097292e-01 -2.016698e-05 -9.796594e-02 1.736316e-01 3.417456e-02 8.044994e-02 -2.421898e-03 -4.352817e-02 1.095486e-01 2.595644e-01 -2.261662e-01 -9.612372e-02 1.449352e-01 -2.129583e-01 1.207443e-01 
-1.867506e-01 -6.693256e-03 -7.244592e-02 6.027969e-02 -1.336921e-01 -1.088806e-01 -4.207623e-02 2.373897e-01 -5.138135e-02 2.442123e-01 1.390194e-01 2.416366e-01 1.653872e-01 -1.286783e-01 -3.731019e-02 3.517871e-02 -1.702668e-01 -1.458976e-02 -2.048325e-01 -1.151515e-01 1.591594e-01 1.752102e-01 1.466322e-01 2.059810e-02 1.291689e-01 1.712971e-01 -1.544647e-02 7.612750e-02 3.099294e-02 1.195943e-02 2.658293e-02 -2.009295e-01 1.631496e-01 1.568563e-01 -2.849796e-02 1.798255e-01 1.384377e-01 2.448975e-02 -1.523666e-02 -7.458614e-03 1.625269e-01 1.703363e-01 2.290028e-01 3.779737e-01 -3.331551e-02 -9.311209e-02 -1.240291e-01 -1.723828e-01 1.092169e-01 5.677317e-02 
-2.398122e-01 1.177884e-01 -1.684836e-01 -2.974173e-01 5.175762e-02 -1.868148e-02 -4.258537e-02 -1.289106e-01 -2.652940e-01 -7.216582e-02 -8.198679e-02 1.840516e-01 1.327409e-01 -8.134610e-02 -1.159599e-01 -3.329986e-01 -2.211004e-01 -2.244122e-02 -2.828931e-02 7.462625e-02 1.034871e-01 -1.390546e-02 1.467050e-02 1.675977e-01 -1.163927e-02 7.161143e-02 -1.292215e-01 2.803800e-02 -1.139868e-01 8.029106e-02 1.407816e-01 2.859311e-01 -1.876970e-02 2.768429e-01 -3.697195e-02 1.929705e-02 -6.718508e-02 9.029465e-02 -4.021206e-02 -7.572078e-02 -1.450201e-01 -4.484081e-02 -3.143941e-01 -5.666425e-02 -2.212253e-01 -9.639139e-02 2.516780e-02 2.411560e-02 1.044662e-02 5.850415e-02 
-1.734598e-01 -4.385520e-02 1.213221e-01 1.708789e-01 1.302769e-01 3.865103e-02 1.043654e-01 -2.423890e-01 -7.586327e-02 -1.801168e-02 -1.419656e-01 9.853598e-02 -9.770244e-02 1.472083e-01 -2.419720e-01 1.435436e-01 1.852401e-01 3.956417e-02 -2.662083e-01 -9.655885e-02 3.333161e-01 -7.452421e-02 8.331687e-02 9.770522e-02 4.225086e-02 2.231887e-01 -1.021523e-01 -3.637753e-01 -1.284785e-02 -9.454924e-02 6.557508e-02 -1.112807e-01 8.811744e-02 -8.413402e-02 1.326263e-01 1.258870e-01 -2.279966e-02 -3.386622e-02 9.571174e-02 1.626219e-01 -1.269560e-02 -1.933634e-01 -1.319922e-01 2.608235e-02 -1.403492e-02 6.534363e-02 -1.365117e-01 1.481091e-02 -2.318221e-01 -4.483157e-02 
-1.407879e-01 5.912523e-02 6.198892e-02 -1.321459e-01 7.318509e-02 -1.192308e-01 -1.174175e-01 2.794723e-02 -5.766847e-02 -3.269245e-01 1.231851e-01 -2.159606e-02 -1.470013e-02 8.003553e-02 5.338430e-02 -1.659781e-01 2.270025e-01 1.348786e-01 4.864351e-03 -1.133411e-01 -5.085801e-02 4.355225e-02 -1.169791e-01 -1.154673e-02 4.926135e-02 8.077421e-02 1.837760e-01 -2.123320e-02 -1.407781e-01 1.718849e-01 9.177082e-02 4.078921e-02 -1.322700e-01 6.515428e-02 -1.279700e-01 2.211582e-01 1.486525e-01 1.334064e-01 -4.384834e-01 1.441373e-01 1.212456e-01 -2.171383e-01 2.073460e-01 5.897370e-03 2.094470e-01 1.915011e-01 -1.154673e-01 -1.122915e-01 -5.918308e-02 -5.118463e-03 
-1.558870e-01 2.611521e-02 -8.498499e-02 -1.672060e-01 -3.363675e-02 7.598039e-02 -1.551476e-01 9.371469e-02 -8.320504e-02 1.353531e-01 6.716311e-02 -3.494100e-02 -1.378052e-01 -6.217391e-02 -1.370958e-01 -3.681957e-02 -1.258998e-01 1.871439e-03 2.428554e-01 -2.612075e-01 1.586435e-01 -5.584973e-03 -3.936874e-02 -2.828526e-01 6.929409e-02 1.389711e-01 2.810335e-02 2.774922e-03 1.548972e-01 6.836633e-02 -2.431478e-01 -1.088950e-02 -7.268687e-02 -2.478327e-02 -4.730438e-02 2.102967e-01 -3.642422e-01 1.125832e-01 1.392127e-01 1.446821e-01 -1.501656e-01 8.590700e-02 1.050600e-01 -1.051531e-01 1.307426e-01 5.839747e-02 2.017542e-01 -4.981073e-03 -2.255549e-01 -2.476049e-01 
-6.181799e-02 -1.881179e-01 -2.107973e-01 1.624647e-01 -2.116303e-02 -2.191401e-01 1.147791e-02 3.106346e-01 -1.279445e-01 -1.806641e-01 -1.464964e-01 -2.409674e-02 -3.865541e-02 3.319990e-01 4.282149e-02 8.730605e-02 -2.612403e-01 -1.577501e-01 2.153760e-02 2.873795e-01 1.423450e-02 -1.785294e-01 8.107916e-02 -3.927689e-02 1.759721e-02 9.488939e-02 -1.445206e-01 2.007875e-02 -1.613384e-01 5.216763e-04 -7.967362e-02 -2.781888e-02 -1.819615e-02 -1.489632e-01 -8.928754e-02 1.760591e-01 2.584586e-02 7.620341e-02 3.715914e-03 -7.345762e-02 -1.968771e-01 -2.266535e-01 3.436278e-02 1.022866e-01 2.238505e-01 -9.002340e-02 7.413955e-02 1.635461e-01 8.196371e-02 -1.355514e-02 
-1.324540e-01 -2.071282e-01 4.485445e-02 -2.651438e-01 -2.085145e-01 -1.300574e-01 -7.431338e-02 -1.487197e-02 -2.033260e-01 1.311711e-01 -2.709438e-01 2.015284e-01 8.121057e-02 1.708063e-01 -5.826065e-02 1.328245e-01 3.397976e-01 4.685075e-02 8.704986e-03 -1.110935e-01 -1.447428e-01 8.182193e-02 1.594228e-01 -2.329110e-01 6.647224e-02 -1.483773e-01 -1.988292e-01 1.094309e-01 2.636023e-01 5.608108e-02 -9.489482e-03 1.914550e-02 7.318124e-02 -8.636772e-02 -4.180996e-02 -9.000603e-02 1.612299e-01 2.382497e-02 -1.027644e-01 1.617928e-01 5.777297e-02 -6.640644e-02 -6.560705e-02 -1.424372e-01 -2.268009e-02 -1.324595e-01 5.449430e-02 1.207075e-01 1.685303e-01 -3.170350e-02 
-1.657808e-01 -1.729811e-01 5.251416e-02 -5.326049e-02 -2.368318e-01 8.482290e-02 -2.838063e-02 -1.659841e-01 1.745773e-01 2.227207e-02 1.829621e-01 -1.261700e-01 -3.969982e-01 -1.858050e-01 -8.876613e-02 -2.182517e-01 -1.381608e-01 1.354804e-01 -1.284721e-01 1.496177e-01 -2.470783e-02 -1.240649e-01 2.010112e-01 -3.769157e-02 5.298481e-02 4.824411e-02 1.317319e-02 6.709725e-02 5.845979e-02 2.211814e-01 4.417626e-02 2.682734e-02 2.400330e-01 -2.117040e-01 -4.580069e-02 -1.105922e-01 -7.907875e-03 2.156466e-02 -1.375960e-02 1.301700e-01 -1.857235e-01 -1.255675e-01 7.139842e-02 7.322955e-02 -6.073855e-02 1.760621e-01 -1.151561e-01 1.043897e-01 2.365672e-01 9.171149e-02 
-1.138863e-01 7.873621e-02 5.978307e-02 1.852417e-03 5.895615e-02 1.679943e-01 -3.334651e-01 1.387961e-01 1.765692e-01 -1.827406e-01 -1.706153e-01 1.449945e-01 -1.458446e-01 1.619155e-01 2.830320e-01 -1.341813e-01 2.675863e-02 -6.369416e-02 -6.271957e-02 9.377068e-02 3.676584e-02 5.455335e-02 -4.928552e-03 3.422102e-02 -1.886301e-01 -8.741837e-03 1.027283e-01 2.340759e-02 1.134342e-01 1.129342e-01 -1.013566e-01 -2.829897e-01 3.595244e-01 1.573045e-01 1.107418e-01 -9.200421e-02 -1.885277e-01 1.071356e-01 -2.061190e-02 1.747751e-02 2.157204e-01 1.714808e-02 -2.806924e-01 5.665355e-02 9.412311e-02 -3.571875e-02 7.024722e-02 3.254557e-02 -9.213429e-03 -3.881678e-02 
-9.749492e-02 -7.233931e-02 5.636820e-03 8.485708e-02 -1.108054e-01 3.110680e-01 -7.872480e-02 -1.591189e-01 -8.444827e-02 6.343843e-03 -1.315565e-02 3.859110e-02 8.780869e-02 -2.155621e-01 -2.151550e-01 -1.197702e-01 1.158350e-01 -2.872652e-01 2.004239e-01 1.478660e-01 2.457515e-01 3.282224e-02 -7.941153e-02 9.393943e-02 -1.290138e-01 1.321891e-03 1.999301e-01 -3.332021e-02 -3.667430e-02 -1.753011e-01 -2.115701e-01 7.902217e-02 7.234426e-02 -1.872302e-01 -1.385492e-01 -7.287081e-03 2.042421e-01 4.635991e-02 -1.741820e-01 -1.090599e-01 1.304424e-01 1.161431e-02 8.362856e-02 2.820078e-03 1.886612e-01 -2.630630e-01 -5.865487e-02 1.883816e-01 8.381472e-02 -1.338015e-01 
