  -1.3030046e-01   2.1598029e-01  -1.8838247e-01  -1.4317050e-01  -1.8503809e-01  -2.5162885e-03  -2.4358281e-02  -1.1336534e-01  -7.9938679e-02  -2.5156368e-02  -8.8143628e-02   1.6608303e-01   1.4481538e-01  -1.1948278e-01   3.5328194e-02  -4.1725961e-02   4.0943979e-02   2.9917637e-01  -2.7817715e-01  -3.6990397e-02   5.5837003e-03  -1.8461992e-02  -1.8785330e-01  -7.6276891e-02  -1.4839190e-01  -2.1335415e-01  -5.3769716e-02   3.7751790e-02  -4.6397300e-02  -1.8770028e-01  -3.1952259e-01  -1.9950182e-01   1.9004828e-01  -9.8934155e-02  -1.5011836e-02   2.6376484e-01  -2.1786448e-02   8.2809444e-02   6.8850276e-03   4.0469561e-02  -2.8118984e-02   9.5260212e-04   4.5029509e-02   1.0220280e-01  -1.3572138e-01   1.9690143e-01  -1.8581085e-01  -2.2178383e-01  -1.0318285e-01
  -1.3584456e-01  -5.6751560e-02   1.4083021e-01  -1.0722566e-01  -6.4721945e-02   2.7365469e-01   1.5116109e-01   3.4321240e-02  -3.0563556e-01  -1.1511615e-01   1.0898464e-01   1.1028375e-01   8.3424207e-02  -6.7876873e-02   3.9331777e-02   1.8594708e-01  -4.0831057e-02  -2.0268554e-01  -1.0846652e-01   6.7557331e-02   4.6079827e-02   7.6142108e-03   1.3102733e-01  -1.3181261e-01   9.9081417e-02  -1.0961648e-01   1.3580819e-01  -8.6065321e-02  -9.6623403e-02  -2.0633778e-01  -9.9072815e-02   2.6839377e-01   2.4579350e-01   6.8831070e-02   4.8514474e-02  -3.9109358e-02   9.9024666e-02   3.9992971e-01   1.3772982e-01  -1.5768833e-02  -1.5265550e-01   1.9766259e-04  -4.7128502e-03   4.5923953e-02   4.2535627e-02  -2.4196826e-01   2.0966537e-01  -1.7104415e-02  -1.4163904e-02
  -1.4845383e-01   3.5743812e-02   3.5399623e-02  -1.6918451e-01   1.4032337e-01   7.0685791e-03  -3.3862359e-01  -9.0413043e-03  -2.9201585e-01  -4.1781833e-02  -1.2926590e-01   6.0817801e-02  -1.4208713e-01   3.8370997e-02  -2.6225194e-01   5.2245719e-03  -9.6156159e-02  -5.9267157e-02   7.6937336e-02  -1.2401688e-01  -7.1602303e-02  -4.0562194e-02  -1.1071187e-02   1.0745512e-01   1.5040436e-01   4.3550613e-02  -4.0336400e-03   3.0739453e-01  -3.7821252e-02  -1.1483257e-01  -2.7647871e-01  -5.3081238e-02  -1.0832193e-01   2.7488120e-02  -1.1397498e-01   2.1784139e-01  -1.6840147e-01  -2.5503190e-02  -1.4401999e-01  -4.2935053e-02   6.8754120e-02   5.4636960e-02  -4.8313043e-02  -2.7821409e-01   3.1207155e-01  -1.7765120e-01   1.8539962e-02   8.7805664e-02  -6.7799812e-03
  -1.3804617e-01  -1.5525159e-01  -1.8298135e-02   6.1571810e-02  -1.4076773e-01   1.1285194e-01   4.6093740e-02  -1.1791962e-01  -1.3809573e-02   1.1296044e-01   6.6740604e-02  -1.8624534e-01   1.9634160e-02  -1.8087423e-01  -1.5048276e-01  -2.4139035e-01   1.6004677e-01   1.7128274e-01   2.6698222e-01   2.9219323e-01  -4.6470267e-02   2.2201057e-02  -1.8173284e-02   6.8913100e-02   1.3050723e-01  -3.1152009e-02  -6.9121637e-02  -1.2904052e-02  -1.1791002e-01  -4.2951566e-01   1.1469823e-01   3.0208889e-01   9.8953355e-02   1.0487525e-02  -9.0645001e-02  -4.8061074e-02  -1.5383580e-01  -2.1608863e-01  -1.4782976e-01  -9.4029306e-02  -7.7666809e-02   5.0150343e-02  -8.2289210e-02   3.9753463e-02   9.4693055e-02   1.4717599e-01  -1.9329843e-02  -9.1161874e-02  -1.2346848e-01
  -1.3482800e-01   2.6123076e-02  -4.8397524e-02   5.1877322e-02   2.3020723e-02  -1.1895092e-01   1.5837084e-01   1.9601073e-01  -2.0299902e-01   1.2228019e-01   4.9880981e-02   2.7741387e-01  -2.5026804e-01   1.0823633e-01   2.1155962e-03   2.7441029e-01   2.6362151e-01  -2.5980946e-02   7.6956170e-02   2.4509325e-01  -6.3499190e-02   3.2642730e-03   1.2679425e-01  -5.3526759e-02  -3.1108279e-02   1.8561252e-02  -2.2064786e-01   3.3591909e-02   4.9027074e-03   1.5760501e-03   4.5505090e-02  -2.3593688e-01   2.0721673e-01  -5.0970364e-02  -1.4078355e-01  -5.8771360e-02   3.2108300e-02  -1.9631773e-01   4.6586148e-02  -6.8317925e-02   9.9526455e-02   1.1600899e-01  -3.0999302e-01   1.1119050e-01  -1.6863390e-02  -1.6572051e-01  -1.4454027e-01  -1.2810637e-01   1.8036172e-01
  -1.1721081e-01  -8.6163653e-02  -1.9241001e-02  -2.4570365e-01  -2.5171057e-01   1.1584939e-01  -8.9231135e-02   3.6899666e-02   1.6748735e-01  -1.9403649e-01   1.6095624e-01   2.6710827e-02  -1.1094619e-01   9.9492222e-02  -5.6505209e-03  -7.5128734e-02   1.0786836e-01  -7.3676330e-02   4.7465119e-02  -1.7818571e-02  -1.3318982e-01  -1.8407938e-01   1.2006462e-01  -9.5146225e-02   4.3473792e-02   2.6411558e-02   1.4442071e-01  -1.1250057e-01   2.5444024e-02  -1.1992588e-01  -3.6876770e-02  -2.0329405e-01  -6.8262026e-02   2.7157391e-02   2.1877119e-02  -4.0990682e-02   1.3124719e-01  -1.4481229e-01  -1.8783076e-01   2.0900541e-01   6.8873141e-02  -2.3724950e-01   8.3148271e-03  -2.0461217e-01  -8.2887749e-02   9.9294535e-02   3.0511120e-01  -3.1603502e-01   2.9301496e-01
  -1.5736957e-01   1.4994260e-01   9.9062670e-02   9.9938529e-02   6.3593263e-02  -2.7142018e-01  -7.4754602e-02   6.7641540e-02   4.3522087e-04  -5.4649792e-03   2.0676725e-01  -8.9849558e-02  -6.0023872e-02   1.1931940e-01  -4.6696980e-03  -1.2004562e-01  -6.9943548e-02  -1.8038539e-01  -2.0738718e-01  -3.5996282e-02  -2.7058752e-02  -2.8372211e-01   3.4963123e-02  -3.3806190e-02   2.1806045e-01   1.9727400e-02  -2.1726295e-01   9.0042964e-03   2.1575942e-01  -2.0740012e-02  -2.1205332e-01   2.7845097e-01  -4.9282388e-02  -2.5027213e-02  -3.2888167e-01  -4.7267521e-02  -1.2484690e-01   1.0397302e-01  -1.6019891e-02   4.0942941e-02  -2.4458485e-02  -2.1863451e-02  -7.0297747e-02   2.7114887e-01  -1.7778791e-01   2.4803247e-01   7.2120367e-02   4.2124412e-02   1.0236988e-01
  -1.4260115e-01   2.1765219e-04   1.7536098e-01   2.9703783e-01  -1.3409052e-01  -7.3026179e-02  -1.7056677e-02  -9.7720025e-02  -6.8586247e-02  -2.6346783e-02   2.1474549e-03  -4.3660891e-02   1.1819304e-01   1.5649570e-01   1.1924862e-01  -1.3226363e-01   9.1866467e-02   1.8789764e-01  -1.0512140e-01  -5.6974922e-02   5.5532005e-02  -3.7327036e-01  -7.1015114e-02   5.1294023e-02   2.6555615e-02   1.0413864e-01  -1.2901959e-01   1.9064120e-03  -5.9188110e-02   8.0090450e-02   6.6463644e-02  -9.5799613e-02  -9.5439471e-02   6.9746241e-02   1.1586464e-01   9.7513189e-03   1.2867551e-01   8.0366876e-02   3.9678905e-02  -4.4735781e-01  -2.3708544e-01  -2.0878996e-01  -6.2803313e-02  -1.2223708e-01   1.8685636e-01  -1.9632050e-01  -3.3492886e-02  -2.1002437e-01   2.4734494e-02
  -1.4411488e-01   4.3892178e-02   8.6088405e-02  -1.1741681e-01   7.3666101e-02   2.0001825e-01   3.2594249e-02   3.2503760e-01   1.7275565e-01   1.3432342e-01  -4.9100170e-02  -7.6434497e-02   1.2720735e-01   9.4946590e-02   1.1478284e-01  -4.7563353e-03   6.5971959e-02  -7.6543360e-03   4.1796407e-02  -1.7415328e-01   1.9090140e-01  -2.3844822e-01  -5.9888877e-02   1.1057409e-01  -4.5525538e-03  -2.4356415e-01   4.5888539e-02   2.4593166e-01  -1.8376903e-01   1.9954886e-01   1.3303519e-01   6.2342357e-02   2.7603482e-01  -3.2663539e-02   4.8927497e-02   1.4986754e-01  -1.7332088e-01  -1.6632353e-01  -2.3578902e-01   1.2861507e-01  -2.6017713e-01   2.7341870e-02  -9.5236963e-02   5.8374487e-02  -1.0378271e-01  -7.3392080e-02   4.9803623e-02   9.7540475e-02   7.5426025e-02
  -1.5249572e-01  -8.1522836e-02   2.2899036e-01   5.6786301e-03   7.3665614e-02  -7.7939381e-02  -7.9195620e-02   1.1768447e-01   2.4012298e-01   2.1087427e-01  -1.5688913e-01  -3.9886306e-02  -2.0887556e-02  -1.9935056e-01  -9.6448323e-02  -2.0077748e-02  -2.9216421e-02   3.7937449e-02  -7.7834892e-02  -2.9032336e-01   1.6918401e-01   2.6194230e-01   2.1558835e-01  -1.5888468e-01   1.4637497e-01   1.7154827e-01   1.6653587e-01  -1.7404594e-01  -1.3003000e-02  -1.3629440e-01  -1.6482838e-02  -6.4772403e-02  -7.8610782e-02   2.6911159e-01  -5.1667370e-02   1.7308218e-01  -1.1548713e-02   1.0128784e-02   1.3208663e-03  -7.1601029e-02  -7.0298644e-02   1.2686368e-01  -7.6257979e-02   1.7910585e-01  -6.2566727e-02  -1.0154349e-01  -1.6362162e-01  -2.7540474e-01   1.4742302e-01
  -1.4694219e-01  -9.1522999e-02  -2.5495171e-01  -1.5056099e-01   1.4175816e-01  -1.2438891e-01   3.5298660e-02  -9.3722137e-02   8.1516883e-02  -1.1576849e-01   9.1154900e-02   2.8492260e-02  -5.4123032e-02  -5.5409408e-02  -5.5987028e-02  -1.1963323e-01  -1.8059336e-01  -1.7539918e-01  -8.6399552e-02  -1.1454942e-01  -1.7024660e-01   1.2986530e-01   8.1842446e-02  -7.6807323e-02  -3.3093238e-02   3.3691056e-03  -3.6806779e-01   2.6563962e-02  -3.7291219e-01   2.4761632e-02   3.2637932e-01   1.5050962e-01  -2.5157489e-02  -1.1127873e-01  -9.1080110e-03   2.4318228e-01   1.6556269e-01   5.6744771e-02   9.5253885e-02   9.4243041e-02  -1.4900199e-01  -2.0900457e-01  -1.0439136e-01  -6.2504006e-02   4.2495538e-02  -1.1616574e-02  -1.6147118e-01  -4.1905384e-02   6.5712108e-02
  -1.3406697e-01   1.7169333e-01  -4.8742660e-02   1.7727213e-01  -7.7654527e-02   2.7932005e-02  -2.0113539e-01  -1.2065323e-02  -2.7537169e-02  -2.0244108e-02  -2.0789432e-01  -3.5667797e-01  -7.7484002e-03  -2.6216720e-01   1.4202106e-01   3.7788722e-03  -7.0154134e-02  -2.4867728e-01   1.8199719e-01  -3.9323886e-02  -2.2234206e-01   6.3270466e-02  -1.6142099e-01   5.5394909e-02   7.3977213e-02  -3.6802416e-01  -1.3201994e-01  -1.1842667e-01  -9.1680657e-02   9.0020870e-02  -1.0536804e-01  -6.0197367e-02   4.7627164e-02   6.5461725e-02   8.7738141e-02  -1.0931765e-01  -4.8396814e-02  -5.5853627e-02   1.7323804e-01  -6.8827987e-02   2.2339125e-01  -5.4775250e-02  -6.1947997e-02   3.8412764e-02  -1.4949702e-01  -2.0197541e-01   6.2134448e-02  -1.1879850e-01   1.3192833e-01
  -1.4192721e-01   2.5153275e-02   1.1616968e-01  -1.4046732e-01   8.1322218e-02  -2.5086067e-02   1.6406557e-01  -1.7764940e-01   1.2253725e-02   1.7569406e-01  -1.5812474e-01  -2.4313947e-01  -1.0415642e-01   2.6401984e-01   4.9824768e-02  -1.2009895e-01   1.3148431e-01  -4.4216163e-03  -3.3736088e-02  -3.6269628e-02  -1.1254503e-01  -4.3008298e-02   8.7448270e-02  -5.9277639e-02  -3.0783980e-01   1.1409790e-01  -6.6358890e-02  -1.4559907e-01   3.8764402e-02   1.0439797e-01   1.5487298e-02   1.0804391e-01   2.9051486e-01   2.7249867e-01  -3.8092719e-02   1.2274222e-01  -7.6689700e-02   2.0423332e-01  -9.7325665e-02   4.6232666e-02   3.4866981e-01  -1.2200988e-02  -9.8121781e-02  -2.1901228e-01  -2.5616589e-02   1.8406313e-02   3.4767345e-02  -2.8200202e-02  -2.1875133e-01
  -1.4266346e-01   6.6263000e-02   1.5982259e-01   1.4007877e-01  -9.4134389e-02  -1.0076620e-01   7.3464900e-02  -1.7738784e-01   1.9918081e-01  -4.4162058e-02  -2.3456112e-01   1.3863108e-01  -8.5274458e-02  -6.0914975e-02  -9.8188051e-02   1.2487464e-01   6.4194220e-02  -1.9066582e-01  -2.0868573e-01   2.3889250e-01   3.4418135e-01   9.6366614e-02   1.3215237e-01   2.2298105e-01   2.0321902e-02  -1.2936891e-01  -7.7709334e-02  -4.5949805e-02   3.0323094e-02   1.0687286e-01   1.6169406e-02   1.5050289e-01  -3.2577647e-02  -2.5359396e-01  -7.3484146e-02   7.2293976e-02  -1.4210871e-01  -9.3188917e-02   5.1570401e-02   8.3017993e-02  -2.8364551e-02   3.0582737e-02   1.9236328e-01  -3.4254878e-01  -2.8432651e-02  -2.9698618e-02   9.5354415e-02  -2.0719986e-01  -3.6464093e-02
  -1.5131025e-01   2.6191135e-01  -1.0152681e-03  -3.0032711e-02  -1.6918537e-01   6.7837945e-02  -1.1125441e-01  -2.5006763e-01  -1.0638526e-01   2.8782365e-01   9.2643473e-02  -4.2047682e-03  -4.3923311e-02  -1.0059931e-01   1.8596513e-01   1.3932704e-01   8.5620735e-02  -4.6834770e-02   5.9473198e-02  -7.3157598e-02   4.3156298e-02   4.9652612e-02   8.0383350e-02   1.6560076e-01  -1.8034949e-01   2.9586941e-01  -1.4722911e-02  -6.2078417e-02  -1.8321013e-01  -4.5149053e-03   3.0186991e-04  -5.0168654e-02  -3.4033026e-01  -1.8249083e-01   7.1941621e-02   7.7041487e-03  -5.0530620e-02   5.4559708e-02  -1.1846308e-01   1.6510581e-01  -1.1730660e-01   1.3435912e-03  -2.3646191e-01   2.0363702e-01  -7.8564101e-02  -6.3075346e-02   2.4747316e-01   8.0171393e-02  -1.5376991e-01
  -1.5347239e-01   1.7431197e-01  -7.1448913e-03   1.0555196e-01   1.7858912e-01   2.1419951e-02   7.6015990e-03   1.2634840e-01   2.8887685e-02   1.0084829e-01   3.3799431e-02   2.5106042e-01   1.0297885e-01   2.7316582e-02  -9.1853751e-02  -2.9536366e-01   1.7818803e-01  -3.0518320e-01  -2.5660528e-02  -3.0977415e-03  -6.0484179e-02  -6.8124005e-03  -7.4436716e-02   1.6869957e-01  -3.2131144e-01  -1.7673442e-01   3.1280281e-01   3.1664109e-02   1.9557712e-03  -3.7062293e-02  -7.0737336e-02   1.4327428e-01  -1.7383622e-01   1.2896631e-01   2.2108790e-04  -1.4854964e-01   2.2849732e-01  -8.5935703e-02   1.1430056e-01   1.0562438e-01   2.2548316e-02  -5.3844368e-02  -8.8903265e-02   6.6953567e-02   2.4996876e-01   6.9973686e-02  -1.4985604e-01  -1.2985595e-01  -7.4596746e-02
  -1.3365868e-01  -2.6123414e-01  -5.7389699e-02   2.1461543e-01  -1.3944555e-01  -1.1280032e-01  -3.2168515e-02   1.1490999e-01   1.0557481e-01  -2.1003716e-01   1.2876186e-02   2.0269752e-01   1.6998033e-01   2.1369677e-01  -8.1129732e-02   1.2335869e-01  -1.8856539e-01   5.7745743e-02   6.3972098e-02   1.6213816e-02   6.8175835e-02   7.9575663e-02  -6.6558963e-03   8.7360160e-02  -7.0210957e-02  -1.8123185e-01   3.5086980e-02   1.3044870e-01  -2.6443994e-01  -3.1359918e-02   7.8218655e-02  -2.6186944e-02  -2.1270673e-01   1.4571676e-01  -4.2795514e-02  -5.9733935e-02  -1.3309085e-01   2.5591895e-01  -2.0337065e-01  -8.3070759e-02   3.0246456e-01   8.0024343e-02  -2.0912363e-01   7.3151487e-02  -1.9006062e-01   5.7982107e-02   9.8277346e-02  -6.7658807e-02  -1.5992983e-01
  -1.2382369e-01   1.1101956e-01  -5.5867437e-02   1.8643503e-01  -1.6413663e-01  -4.9352422e-02   1.3201620e-01   1.1647220e-01  -9.2847155e-02   9.8600785e-02  -3.7086880e-02   1.3332150e-01  -1.9339534e-01   2.1899821e-02   1.7858621e-01  -1.0437044e-01  -1.6708649e-01  -2.3074636e-01   1.1056027e-01  -1.0187826e-01  -1.7214117e-01   1.9564274e-02  -2.6175627e-01  -6.7573527e-02  -8.4123845e-02   1.7130172e-01   1.8018392e-01   5.8173694e-02   2.6478909e-02  -1.2148743e-01   3.0372397e-01  -3.6938904e-02   8.3618771e-02  -1.2340755e-01  -6.4063115e-02   1.8734017e-01  -1.3408625e-01   1.2304167e-01  -9.9122669e-02  -1.5726858e-01   3.6245569e-03   2.3269826e-01   3.6770879e-01  -3.9220950e-03   4.7749837e-02   1.0098433e-01   1.0040164e-01  -8.8768534e-02   1.3711773e-01
  -1.1138198e-01   1.2615345e-01  -1.8538442e-01  -5.8784203e-02   3.2111565e-02  -2.9153696e-01   1.1848374e-02   2.1245051e-01  -2.0727940e-01  -1.9271697e-01  -1.1000611e-02  -1.0277297e-01  -7.5719419e-03   3.3500688e-02   4.8374183e-02   3.6312269e-02  -2.0531326e-02   3.0211053e-01   1.0093009e-01  -4.4538193e-02   2.4549409e-02  -5.2518970e-02   2.0295784e-01   4.0041622e-01  -5.3037352e-03  -1.6284603e-02   2.2209797e-01  -3.9023423e-01  -6.9624480e-02  -3.8749573e-03   9.3977807e-02   4.4831274e-02   3.6130969e-02   2.7737132e-02   4.3161737e-02   2.5383844e-02  -2.1092904e-01   8.9237868e-02   1.9667327e-01   1.1673560e-01  -7.5325143e-02   2.0935990e-02  -1.1125752e-02  -6.9154394e-02   1.2733562e-01   1.1290335e-01  -2.3513643e-02   3.8509719e-02   1.7091879e-01
  -1.7391415e-01  -7.0263061e-02   8.2261519e-02  -3.5214277e-02  -1.7029409e-01   1.3484813e-01   3.2516520e-01   2.7549355e-01   2.2393326e-02   2.3611495e-02  -1.2566721e-01   3.5161417e-02  -1.6508015e-01  -4.1869336e-02  -9.2558139e-02  -1.3462646e-01   4.6909183e-02   7.4118853e-03   6.7533864e-02   8.8992597e-02  -1.5475432e-01  -2.7120689e-02   3.3319052e-02  -2.9871941e-02   1.7793416e-01   1.1195071e-02  -2.5848893e-01  -1.0634289e-01  -9.5367127e-02   2.4126327e-01  -2.3937150e-01  -1.0994997e-01  -2.5960794e-01   3.9055163e-02   2.2898137e-01  -7.3149807e-02  -1.2027310e-01   1.8151696e-01  -9.5695442e-02   1.8611279e-01  -5.9052306e-02   2.4160692e-03   2.2826305e-01   1.1199980e-01   1.6412024e-01   5.3496691e-02  -1.7419456e-01   4.4412916e-02  -1.3423732e-01
  -1.4258418e-01  -2.6518756e-01   5.0603824e-02  -1.0972241e-01   7.6951489e-02   1.7082005e-01  -3.7573870e-01  -1.2647567e-02   1.2340434e-01   1.6476153e-01  -1.5135537e-01   5.5894859e-02  -6.4357557e-02   6.5679661e-02   1.1013097e-01  -6.2853127e-02   1.3640399e-02   5.6797417e-02   1.8329887e-01   2.1722346e-01   2.6534319e-02   3.0832200e-03  -1.4369643e-01  -9.7393533e-02  -4.3539183e-02  -2.5799738e-02   7.8754126e-02  -4.7713109e-02   1.4805940e-01   1.1230715e-01   6.2570057e-02  -5.6963004e-02  -4.7558868e-04  -2.9342538e-01  -1.3352203e-01  -1.0668935e-01  -9.6709824e-02   4.1977458e-01   2.0078031e-01   3.3103458e-02  -1.2790297e-01  -5.9784412e-02  -1.7792509e-01  -5.5208822e-02   3.2414610e-02   1.4495162e-01  -1.5031561e-01  -2.1486461e-02   1.2468112e-01
  -1.2505736e-01  -1.1909339e-01  -1.9446270e-02   1.8458865e-01  -5.0465497e-02   1.5503815e-01  -7.9919445e-02   1.8935268e-02   6.2593429e-02  -1.1981320e-01   5.3082525e-02  -2.6119702e-02   1.6390664e-01   8.5783165e-02  -3.1947045e-03  -8.1689596e-02   1.8807576e-01  -1.0293731e-01   8.5994997e-02  -3.6642564e-02  -9.1964901e-02  -4.8459073e-02   2.7226787e-01   1.9407421e-01   1.7160675e-01   9.4469044e-02   2.2834030e-02   8.3768225e-02   2.7924647e-01  -5.9439582e-02   3.5129184e-02  -3.2924616e-02   6.9571270e-02  -2.4940300e-01   2.7657433e-01   4.6132075e-01   1.3150746e-01   2.0108417e-02   1.8087639e-01   3.0396260e-02   2.5246510e-01   6.5165698e-02  -1.5199353e-02   1.5648181e-01  -7.4442165e-02  -1.0618047e-02  -8.0520246e-02   9.0866526e-02  -1.0899380e-01
  -1.4625387e-01  -2.1160619e-01  -3.7883762e-03   1.1642849e-01  -1.8858073e-01  -5.1715500e-02   4.4407330e-02  -1.4146018e-01  -2.5457779e-01   1.6394046e-01  -4.3787389e-02  -1.5586039e-01   1.1922341e-01  -1.0544355e-01  -2.0689525e-01  -4.4152179e-02  -2.3137752e-01  -1.3064317e-01   3.1809940e-02   1.9634008e-03   3.5011061e-01  -1.7020813e-01   1.1594313e-01  -7.1286779e-02  -8.1886656e-02  -3.0494809e-03   7.2989974e-02   1.2578867e-02  -1.0461310e-01   1.2140676e-01   4.8380922e-02  -2.9190769e-01   1.6713619e-01  -8.4809598e-03  -1.8342883e-01  -1.6754921e-02   1.3628304e-01  -8.1172372e-02   4.6287997e-02   1.6996560e-01   1.5832131e-01  -1.6051616e-01   1.0090848e-01   1.8090617e-01   2.0728870e-01   1.4945242e-01  -5.3977858e-03   1.4513147e-01   8.1660423e-02
  -1.3998285e-01   1.8517735e-01  -1.3644780e-01   1.2331356e-02   1.8444928e-02   9.7957734e-02   5.4154654e-02  -1.9757606e-01   9.2179188e-02   1.6858616e-01   2.7721411e-01   1.5720996e-01  -1.0293548e-01  -8.8871522e-02   6.7889513e-02  -3.9089982e-01  -1.5807956e-01   1.2411989e-01  -3.4545824e-02   2.5235713e-02   9.5249336e-02  -3.4022900e-02   2.9056212e-01   4.3124991e-02   1.2672878e-01  -2.2150352e-01   1.0215875e-02   6.0685043e-02   7.0877017e-02  -2.8578049e-02   7.4923328e-02  -1.8988369e-01  -4.0634323e-03   8.8949993e-02   1.1974186e-02  -1.7859181e-01   1.7870653e-03   1.4419214e-01  -4.3010048e-02  -4.5228495e-02   6.7371331e-02   2.0772252e-01   2.6933157e-02  -2.1980106e-01  -1.6317114e-01  -2.0231999e-01  -9.8262331e-02   2.3433681e-01   1.1126942e-01
  -1.5575963e-01  -2.5058350e-01  -2.9451339e-01  -4.7150434e-02  -6.2281268e-02  -1.7836124e-02   1.1838163e-02   1.4190377e-02  -2.0451986e-01  -2.3261781e-02  -1.2601492e-01  -1.1014212e-01  -9.9134082e-02   8.2165181e-02   1.5146896e-01   9.7393940e-03   1.8471946e-01  -1.4739448e-01  -1.1906296e-01  -1.7079657e-02   1.5929436e-01   5.8818070e-02  -3.1187809e-02  -1.9623060e-01  -5.3707935e-02  -2.9912383e-01   1.4853830e-02  -2.2644448e-01   2.4568202e-01  -4.1446100e-03   2.6666021e-02   1.4462501e-02  -3.1094291e-01   1.1860092e-01  -1.7495886e-02   1.9378273e-01   9.3058547e-02  -1.4497499e-01  -1.3805506e-01  -1.6872850e-01  -1.9897941e-01   1.2999243e-01  -7.1442859e-02  -6.9988741e-02  -4.4498231e-02   5.7748436e-02   4.3387919e-02   2.5161698e-01  -5.3390197e-02
  -1.2562133e-01   1.5749584e-01   3.3831082e-02  -5.5530808e-02   6.5672364e-02   1.4396864e-01   1.4461672e-01  -1.4710276e-01   9.8155400e-02   2.2062390e-02   1.9746667e-02  -1.4188885e-01  -1.1420011e-01   4.1492047e-01  -1.3961613e-01   1.0087421e-01  -1.1180136e-01   2.1608347e-01   2.9957332e-01  -9.2272750e-02   6.4785628e-02   1.5715515e-01  -1.0122874e-01   1.2357819e-01   8.3976063e-02  -1.7617799e-01  -5.9786059e-02  -4.1516149e-02  -3.0045995e-02   3.9392240e-02  -1.0130154e-01   2.5437956e-02  -6.9917578e-02  -7.5236517e-02  -2.1969241e-01   6.8965982e-02   4.3931600e-01   1.0494477e-02   9.2023296e-02  -3.6080302e-02  -7.1204109e-02   1.8518994e-01   1.3724537e-01   1.3896482e-01   3.8137836e-02   1.1054804e-02   1.2523579e-01  -1.0302800e-01   4.0340708e-02
  -1.5172105e-01  -1.6223252e-01  -2.9056996e-01   2.5414258e-02   4.7235496e-02  -1.1354210e-01   4.4534897e-02   8.9126767e-02   5.3086423e-02   2.8529761e-01   2.6419838e-01  -8.9149929e-02   2.2428292e-01  -2.0176905e-01   5.1127805e-04   1.7018011e-01  -6.2168803e-02   3.2985623e-03  -1.0042860e-01   1.6068140e-01  -8.8756600e-02   1.1606208e-01  -2.4178634e-01   2.6146453e-01   1.7796635e-01   1.5021567e-01   4.0420101e-02   4.3912180e-03   1.8600798e-01   2.4077706e-01  -1.2645326e-01   1.8127738e-02   1.0790040e-01   1.0369126e-01  -2.0659584e-02   6.8960744e-02   2.0282007e-01   1.2154841e-01  -2.2677019e-01   5.7569017e-02  -2.1665314e-02   2.6416767e-02  -2.3242561e-02  -1.7856180e-01   6.2057630e-02  -5.6012950e-02   6.4307891e-02  -1.5128907e-01   5.8324145e-03
  -1.5091607e-01   7.1203876e-02  -5.8421481e-02  -1.2162449e-01  -4.4176798e-02   4.5622433e-02  -1.6734710e-01   1.5596372e-01  -1.2918612e-02   5.5975837e-02   1.0560637e-02   2.1417754e-01  -5.9112587e-02  -7.6557417e-02  -3.4562568e-01  -2.4716461e-02   1.8240798e-01  -8.7418051e-03   3.0863142e-02  -1.0478645e-01   2.8659077e-02  -6.4979886e-02  -1.9885810e-01   5.9071324e-02   1.6788976e-01   1.2589926e-01  -2.2610327e-02  -1.5870029e-01  -4.6672022e-02   9.1786096e-02   2.1269655e-01  -9.7593473e-02   9.1277859e-02   1.6250565e-01  -1.3703126e-01  -5.4644487e-02   4.0943686e-02  -4.1164812e-02   2.8291233e-01  -1.4338320e-01  -2.1599066e-02  -1.4345446e-01   1.4232162e-01  -5.5744314e-02  -3.2521609e-01   1.7663349e-02   1.6168321e-01   1.4775138e-01  -3.6261160e-01
  -1.5330796e-01   9.3867225e-02   2.8818281e-01  -1.9536727e-01   1.3239987e-01  -1.1702527e-01  -1.3995909e-01   9.5225367e-02  -4.6654703e-02  -5.8140105e-02   1.5563797e-01  -6.2664190e-02  -1.1060110e-01  -1.2937955e-01  -1.5327743e-01   2.3869312e-02  -1.9833581e-01   8.8830656e-02  -1.2322558e-01   2.0262876e-01   1.4769762e-02  -1.6386349e-01  -1.2657375e-01  -1.4322988e-01  -4.9063127e-02  -8.2614367e-02   1.3757664e-01  -2.6427291e-01  -5.8807987e-02   9.2364373e-02   1.3515753e-01   7.6458055e-02  -3.2027411e-02  -3.0766206e-01   2.6740498e-01   3.2833954e-02   1.9099053e-01  -9.0964217e-02  -2.4413053e-01  -1.5565066e-01   2.2959102e-01   1.5511573e-01  -3.4022644e-02   7.0315772e-02  -4.9660315e-03  -3.5615622e-02  -8.4881398e-02   1.1522310e-02  -1.0156923e-01
  -1.3267569e-01   1.7058699e-01  -2.3233713e-01   1.5371484e-01  -4.7493651e-02   1.5270722e-02  -2.2824331e-02  -1.5351583e-01   2.1685654e-01   1.2703228e-02   9.7682844e-02   6.0499766e-02   7.7408559e-02   1.3282183e-01  -2.9379960e-01   1.6421412e-01   8.5446998e-02   5.8924198e-02   2.2814078e-02  -7.5458398e-02  -1.5285678e-01   1.3010403e-01   8.9716243e-02  -2.6310194e-01  -2.8628105e-02  -1.0582477e-01   1.6989325e-01  -1.5583808e-01   1.2791400e-01   1.3515574e-01  -8.2885940e-03   8.1069371e-02   1.0124089e-01  -1.3150249e-01  -1.4562370e-02  -1.3641228e-02  -2.9857775e-01   6.1524608e-03  -1.8762860e-01  -1.2750490e-01  -3.0175628e-02  -3.1574326e-01   7.8862496e-02   1.6949261e-01   2.1421406e-01  -2.0912110e-01  -1.1049067e-02   1.2297289e-01   4.2536603e-02
  -1.3347872e-01   2.0126777e-01   5.8796893e-03  -1.4363259e-01  -1.1292100e-02  -2.5458046e-01  -1.1798344e-01   5.1151448e-03   5.4000601e-02  -2.9066306e-01  -3.4296302e-02  -7.4169433e-03   2.8634572e-01   8.2708174e-02   2.3762357e-01  -1.0062534e-01   2.0133399e-01  -1.4652341e-01   1.9625656e-01  -1.0259505e-02   2.7399126e-01   1.6091626e-01  -1.2191155e-01  -1.3750452e-01   1.9510773e-01   1.2045443e-01  -1.4588152e-01  -4.7062305e-02   5.4431391e-02  -1.1341934e-01   1.0785763e-01  -1.2285347e-01   1.2271149e-01  -1.0986555e-02  -4.7549068e-02  -1.9691009e-01   8.5367812e-02   7.9565768e-02  -1.9869635e-01   1.7175872e-01   3.3105707e-02   8.1385181e-02   7.3293243e-02   1.9721185e-02   1.8931757e-01  -1.4182200e-01  -1.0749107e-01   3.0451959e-02  -1.5280993e-01
  -1.5586105e-01   1.1587524e-01   1.5334264e-01   1.5673068e-01  -2.1169102e-02  -1.0128735e-01   8.4032202e-02  -8.3069882e-02  -5.7701817e-02  -1.2828755e-01  -9.3589863e-02  -7.2415505e-02   2.3556257e-01  -6.7792397e-02  -3.0507727e-01   1.1578172e-01  -5.8029717e-02  -8.6772904e-02   1.7540649e-01  -8.4481132e-02  -2.6104881e-01   5.3703875e-03   1.2631236e-01  -1.5112527e-01  -1.1409271e-01   4.5319162e-02   2.7051366e-02   7.0308757e-02   1.1165131e-01   4.6375172e-02  -1.1259394e-02  -1.2728192e-01   8.4807023e-02  -3.4090687e-02   1.1768877e-01  -1.3896159e-01   8.6614665e-02   1.8540147e-02  -5.2190368e-02   4.9443906e-02  -3.7834644e-01   2.4735489e-01  -1.8456832e-01  -2.7684295e-01  -1.9569366e-01   2.5730237e-01  -4.9910047e-02   7.1498474e-02  -6.8738752e-03
  -1.3525503e-01   1.3453461e-01  -2.7513489e-02   3.0520705e-02  -1.0789870e-01  -2.2545623e-01  -9.3304264e-02   2.4599401e-01   1.2684206e-01   9.3847658e-02  -1.4128193e-01  -2.3925733e-01  -1.6944970e-01  -4.4121503e-02   5.5624199e-02   1.6434291e-01  -5.3366076e-02   2.0921625e-01  -8.1798791e-02   2.2879360e-01  -1.0821706e-01  -3.3924676e-02   1.7595540e-01  -1.3875451e-01  -7.4779168e-02  -9.8941232e-02   9.7291960e-02   3.9939189e-01   1.3096273e-01  -2.0369379e-01   1.7746647e-01   8.6784714e-03  -9.3058278e-02   8.9230504e-02  -7.7353319e-03  -1.2453890e-02   2.0083434e-01   8.9339182e-02   1.0191633e-01   1.6433935e-01  -7.0088449e-02  -1.7378742e-01   1.3324627e-01   1.2293265e-02   3.9714030e-02  -1.2221073e-01   7.5332694e-02   6.3215734e-02  -2.0568690e-01
  -1.4827519e-01  -4.4433985e-02  -9.2390411e-02   1.0407674e-01  -2.6583692e-01   1.4344889e-01  -2.3402573e-01   1.7662464e-01   1.5966309e-01   9.6264398e-02  -1.0847010e-01   1.5812029e-01   4.2688225e-02   1.9782763e-01   5.8582632e-02   2.9014800e-02  -3.5301397e-01   7.0111185e-02  -1.3809000e-01  -7.1709083e-02   3.8098310e-03   1.6461004e-02  -3.0606038e-02  -4.1476105e-03  -1.5243046e-01   1.9364676e-01  -2.5068292e-01  -1.9940487e-01   6.1444953e-02  -1.5958283e-01  -1.3523451e-01   2.0710747e-01   1.6598727e-01   3.4648718e-02   1.4453247e-01  -1.6739632e-01   8.6260476e-02  -2.6195094e-01   1.0116866e-01   8.4907649e-02   1.6511091e-02   1.3950917e-01  -4.2130805e-02  -9.5084304e-02   1.2438985e-01  -5.3266911e-02  -1.0040268e-03   1.8112608e-01   3.3445104e-02
  -1.5542388e-01   2.5653563e-01  -5.9490650e-02  -1.1330858e-01   6.9539768e-02   2.0839999e-01   5.3273783e-02   1.7995053e-02   8.8200034e-02  -2.4269742e-01   1.4175217e-04   8.2158544e-02   1.1307822e-01  -1.5652587e-01   1.5708293e-01  -4.7883198e-02  -2.2557261e-01   4.2484269e-02   1.1692545e-01   3.2088814e-01   9.1161040e-02   4.3949196e-02   1.0317685e-01  -1.7490387e-01  -2.2498315e-02   1.5994901e-01  -1.0643153e-02   1.0439526e-01   9.3235408e-02   2.9205392e-01   3.9120406e-03   4.0295173e-03  -5.8292552e-02   2.5425012e-01  -5.7456945e-02   1.9660100e-01  -1.1087367e-01  -1.5311094e-01   1.6460120e-01  -2.0152673e-01   2.5086809e-02   2.1082820e-02  -1.4713042e-01   7.2673095e-02   1.6239602e-01   1.9949369e-01   2.0380613e-01  -5.4636270e-02  -2.1908211e-02
  -1.2477235e-01  -8.8505419e-02  -4.8607263e-02   1.7365892e-03   2.1246429e-01   1.4211558e-01   5.1100588e-02  -8.0917341e-02   2.0204667e-01  -1.9197142e-01  -6.9088403e-02  -2.2237395e-01   8.8294908e-02   2.8869435e-02  -1.5702245e-01  -2.3873850e-02   1.3101431e-01  -2.0532756e-02  -4.2309768e-01   1.6664268e-01  -1.6329699e-01  -8.1467036e-02  -1.5544908e-01   1.0287228e-01  -9.2837983e-02   1.1349790e-01  -1.0338435e-02  -3.2823682e-02  -1.0614468e-01  -1.4673583e-01   9.9102715e-02  -3.0889961e-01  -4.4206022e-02   8.5729508e-03  -1.0896780e-01  -8.0248294e-02  -1.2215152e-01   2.6348737e-02   1.0683301e-01   6.0657198e-02  -4.2283890e-02   3.1217062e-01   2.5219154e-02   1.6864900e-01   1.1763862e-01  -1.4865598e-01   1.8774759e-01   1.2250016e-01   1.2361778e-01
  -1.4939571e-01  -5.9927416e-02  -3.1463538e-03  -3.5407201e-01  -5.5513746e-02  -4.3116909e-02  -3.1143008e-02   1.0993141e-03   1.4302355e-01   6.4392023e-02   1.5916947e-01  -6.9212392e-02   1.6341057e-01  -1.2376829e-01  -2.7720714e-02   2.8707005e-01   1.5478578e-01  -1.1380577e-01   1.3850786e-01  -8.2101228e-02   7.3287315e-02  -1.1289389e-01   1.1700574e-01   1.2486853e-01  -3.1334933e-01   2.8043028e-03  -1.9929889e-01   1.4467630e-01   2.9207984e-02  -8.9074332e-02  -4.9906056e-02   8.3895485e-02  -1.0997130e-01   6.1204252e-02   7.3815595e-02  -1.1749937e-01  -4.7550273e-02   7.4485437e-02   7.6074699e-02  -3.4879617e-01   1.0754271e-01   6.4978828e-02   3.2813657e-01   1.3693139e-02   5.4142751e-03   1.0416070e-01  -1.4810388e-01   6.0155846e-02   2.1224065e-01
  -1.3420821e-01  -9.6590282e-02  -8.6262611e-02   1.7303912e-01   5.0213439e-01   4.7060967e-03   9.0185222e-04   1.2608006e-01   3.8537285e-02  -1.2991855e-02   4.3584400e-02  -5.2693685e-02  -1.1666047e-01   4.3744608e-02   1.3728636e-01  -3.4215079e-02  -1.3666479e-01  -9.1116610e-02   1.0364458e-01   7.0696220e-02   1.2080215e-01   9.0389642e-02   1.4484844e-01   4.7208954e-02  -1.3626700e-01   7.4047805e-02  -4.6219116e-02  -8.3399404e-02  -7.7626858e-02  -2.2739119e-01  -2.8532236e-01  -2.5014064e-01   1.4644467e-01  -1.2772199e-01   1.2812826e-01  -6.8991531e-02  -2.3270801e-02  -4.1229056e-02  -1.1678976e-01  -1.7864533e-01  -1.3862101e-01  -2.5278569e-01   1.7018216e-01  -8.8174045e-03  -1.2748158e-01   9.4256898e-02   1.3567031e-01  -2.0202264e-02  -1.9738097e-01
  -1.4342614e-01  -1.5605587e-01   6.3246596e-02   2.5724312e-03   6.5268896e-02  -1.5068769e-01  -2.4767262e-01  -2.8651247e-01  -7.8396720e-02  -6.3508702e-02  -1.6540610e-01   2.2359580e-01  -1.9685508e-01  -3.1090344e-02   8.6455682e-02  -4.8209519e-02   1.5855964e-01   1.2169874e-01  -1.0471720e-01  -1.8153436e-02  -1.2431036e-01   1.6032781e-01   7.7025517e-02   1.2352935e-01   8.5423084e-02  -5.3913461e-02   7.2923134e-04   1.6376882e-01  -3.7219276e-02   2.1485206e-01   4.4596953e-02   1.0128463e-01   2.3263121e-01   1.8876846e-01   2.7471331e-01  -1.4886844e-01   1.2871321e-01  -2.5447546e-02  -1.3585860e-01  -1.7772145e-02  -6.5608637e-02   5.5377911e-02   1.4838882e-01   2.7566442e-01   5.1197689e-02   2.0461942e-01   1.9883394e-01   5.1429441e-02   1.3335695e-01
  -1.3864362e-01  -1.4856681e-01   5.5762272e-02   2.0363767e-01   1.6218931e-01  -8.8360553e-02   1.5439254e-01  -8.6565716e-02   1.6170441e-01  -1.3097898e-01   1.8205650e-01   1.3195036e-01  -2.1975053e-01  -3.4079843e-01   2.6338843e-02   1.0717962e-01   9.7459275e-02   2.0163464e-01   1.9729186e-01  -3.0101341e-01   1.4523900e-01  -1.8896379e-01  -2.5744463e-01  -1.5471722e-01  -1.2318457e-01  -7.8301305e-02  -1.0806655e-01   6.2089110e-03   1.4229829e-01  -7.2232690e-02  -4.8192423e-02   5.2401564e-02  -2.2367977e-03   1.7042188e-02   7.2647940e-02   6.9425279e-02  -3.5996788e-02   3.6958831e-02   1.4829486e-01   2.3846117e-01   9.0278017e-02   5.2737190e-02  -1.0377745e-01  -7.2146697e-02   1.6604811e-01  -4.1726028e-02   1.8883088e-01   6.1045610e-02  -2.0862683e-02
  -1.3091553e-01  -9.0935864e-02  -7.4033215e-02  -3.0543972e-01   1.0456190e-01  -1.8696265e-01   2.9511641e-01  -1.0455497e-01  -5.2692940e-02   2.5866895e-01  -1.5927303e-01   5.4676904e-02   1.9110719e-01   1.5934679e-01   1.2458637e-02  -2.9174236e-02  -1.6834220e-01  -1.2475620e-02  -4.7364595e-02  -1.4544918e-01  -3.5816999e-02  -2.1801470e-02  -5.3433073e-02  -5.9307291e-02   2.5296645e-01  -7.2598763e-02   4.9784991e-02   1.1462866e-01   1.6343612e-01  -1.0663070e-01   8.4436187e-02  -4.0238997e-02  -9.1188767e-02  -1.7985471e-01   2.7462677e-01  -2.1293385e-01  -1.8560015e-01  -1.4698189e-01   2.3396855e-01  -5.6786451e-02   8.7840542e-02  -3.7100608e-02  -1.2538243e-01   3.7794192e-02   4.8679513e-02   1.6544298e-02   1.9991212e-01  -1.6513604e-01  -8.7433471e-02
  -1.4283545e-01  -8.0582782e-02   2.9648683e-01   8.3359605e-04  -2.9000291e-02  -1.1996580e-02  -1.0652592e-01  -1.4760849e-01  -1.4525132e-01  -1.2281264e-02   4.2889771e-01  -5.9010153e-02  -1.8347736e-02   2.4802653e-01   3.4358628e-02   7.6288240e-02  -1.2715048e-01  -4.6639081e-02  -8.0148550e-03   1.3361080e-01  -1.1691844e-02   2.1101953e-01  -1.9494936e-01   3.1030858e-02  -6.9997523e-02  -9.0517788e-02  -9.7919019e-03   1.9270382e-02   1.0902618e-01  -1.3101171e-02   8.8367374e-02  -1.2566631e-01  -3.8555159e-02   2.6814025e-01   1.5469597e-01   1.2011753e-01  -2.7789069e-01  -1.7170399e-01   1.6622157e-01   2.2638303e-01  -1.5218609e-01  -7.9644074e-02   1.3457547e-01   2.0778387e-02  -9.0664657e-02  -6.0363959e-02  -2.0409469e-01  -6.2111606e-02  -4.0940764e-02
  -1.4242407e-01  -2.6039918e-01   6.6261978e-02  -2.3768325e-02  -2.6349645e-02  -2.8583236e-02  -5.1414568e-02   1.0025955e-01  -1.6344440e-01  -9.2386011e-02   1.3221908e-01  -3.3114179e-02   1.4775893e-01  -8.1416446e-02   1.7807640e-01  -1.8439063e-01   5.0110841e-02   1.9207290e-01  -2.3265891e-02  -1.7349920e-01  -2.0371433e-01   1.1694386e-01   2.0749227e-01  -1.0845488e-01  -1.7919506e-01   1.6946822e-02   4.8329618e-02   6.2468946e-02  -2.5289226e-02   2.7445795e-01  -9.5258906e-02   8.6458194e-02  -3.1693331e-02  -2.5346274e-01  -3.4498927e-01  -1.3159965e-01  -4.9055123e-02  -2.0155269e-01   9.1096282e-02   1.1491114e-02   3.0566110e-03   1.5794127e-01   1.9390941e-01  -2.4163786e-02  -5.4652258e-02  -2.2321052e-01   7.1978039e-02  -1.5074116e-01  -1.9146359e-01
  -1.4917833e-01   2.0795806e-02   3.4630258e-02   1.4318990e-01   2.6885976e-01   1.3030473e-01  -2.9595219e-02  -1.6446758e-01  -8.5263714e-03   1.3570966e-01  -1.0294490e-01   1.5964639e-01   2.1919445e-01   2.5424475e-02   2.8301895e-01   3.3121243e-01   3.6757954e-02   7.0480311e-02   4.0105111e-03   3.9086833e-02  -2.0946930e-01  -2.5710390e-01   5.6970994e-02  -1.4678287e-01   2.6690196e-01  -1.4770726e-02   9.0085855e-02  -1.3450275e-01  -2.3211900e-01  -6.8623620e-02   6.1453690e-02   4.9943666e-02  -1.5055573e-01   9.6662559e-02  -1.4390875e-01   3.0435654e-02   4.4444839e-02  -1.3587543e-01  -2.1150617e-02   1.4348854e-01   1.3566994e-01  -9.0698598e-03   2.1602941e-01  -1.3479617e-01  -2.7040913e-02   1.4341586e-01  -1.8107289e-01   8.7386678e-02  -5.2107769e-03
  -1.4675955e-01   1.1362735e-02   2.5484793e-01  -3.3142045e-02   9.4938976e-02   7.7979497e-02   2.0157306e-01   5.8684135e-02  -1.6578718e-01  -6.8667652e-02  -2.3468272e-01   1.4736920e-01   2.0513845e-01  -1.1702086e-01  -1.8591914e-02  -1.0741266e-01  -6.7955114e-02   1.8955960e-01   1.6497438e-02   3.8680769e-02  -6.7412364e-02   1.8446566e-01  -1.2740970e-01   1.7599449e-01  -1.3576015e-01   4.4860786e-02  -1.3415651e-01  -3.0153253e-02   2.6658277e-01  -1.1680585e-01   1.1057660e-01   4.2175080e-02  -1.2260414e-01  -2.7626523e-02  -1.3082411e-01   4.3848493e-02   7.7104972e-02  -9.4245254e-03  -1.8826615e-01   3.3129159e-02   8.8739772e-02  -3.5639445e-01   1.1094064e-02   3.7518290e-02  -2.0376502e-01  -1.3832544e-01   4.4676895e-02   2.1283558e-01   2.9752164e-01
  -1.4915204e-01   1.1274175e-01   5.4231587e-02   8.9413437e-02  -1.5094003e-02   3.5382259e-01   3.9648628e-02   1.1656464e-01  -9.9608827e-02  -1.0765630e-01   1.3149874e-01  -1.9928273e-01  -1.6084668e-01  -4.5547273e-02   7.4161456e-02   1.6401056e-01   6.3364694e-02   5.6029589e-02  -3.0624952e-01  -3.0036767e-01   6.7333032e-02   2.6831808e-01   1.5518851e-03   8.1860106e-02   1.2421081e-01  -1.0409070e-02  -1.8417064e-02   1.2256361e-01   7.4762589e-02  -4.8272673e-03   1.9438470e-01  -5.3476812e-02   1.3231205e-02  -1.0519422e-01  -4.9604171e-02  -2.4412449e-01  -7.4794930e-03   8.2659267e-03  -5.1380561e-02  -9.0406116e-02   1.6049174e-01  -1.1694084e-01  -1.2655057e-01  -1.2966388e-01   1.6625855e-01   3.3638018e-01  -1.4093064e-01  -3.7383394e-02  -6.7576170e-02
  -1.5706867e-01   7.0154314e-02  -2.7984666e-01   1.4137702e-01   1.2111612e-01   8.8637491e-02  -6.1607730e-03   2.5961671e-02  -2.1655901e-01  -4.4428799e-02  -3.7969054e-02  -1.5735497e-01  -1.4879174e-02   1.2072222e-01  -1.6406345e-01  -8.3482152e-02   1.5612391e-01   1.1455635e-01  -7.5605816e-03   7.4654972e-02   2.8097741e-01   2.6524764e-02  -1.2603742e-01  -2.5556636e-01  -1.3007675e-02   2.8172125e-01   8.4710527e-02   2.0153696e-01  -1.2791116e-01   7.9932296e-02  -7.0140614e-02   2.5167025e-01  -1.1369632e-01  -2.0939042e-02   2.3858911e-01  -9.4819846e-02  -1.8932312e-02   1.0816608e-02   7.4124549e-02   1.2452548e-01   1.1698167e-01   3.0210391e-02   9.8579081e-02  -6.5954883e-02  -2.8990634e-01  -7.2444313e-02  -7.1928580e-02  -1.0611981e-01   2.6008585e-01
  -1.4894633e-01  -1.0760254e-01  -1.6162352e-01  -1.2000917e-01  -5.7893562e-02   7.8498955e-02   1.4449473e-01  -2.3491035e-01   8.0268849e-02  -2.9135585e-01  -1.6537786e-01  -1.1719062e-02  -2.6131618e-01  -6.3685830e-02   7.3991159e-02   1.1133392e-01  -2.1070318e-01  -9.4562116e-02   5.9374024e-02  -5.4122753e-02  -2.0802604e-03  -2.4597689e-01  -5.7367705e-02   2.1412392e-01   3.3745260e-03   1.8342488e-01   2.3848898e-01   6.2727224e-02   1.5610875e-01   2.3871718e-02  -2.6778713e-02   7.8183589e-02   5.3175906e-02   5.1086783e-02  -9.9330627e-02  -1.5508375e-01   1.3153952e-02  -8.7658839e-02  -8.8125810e-02  -7.9148954e-03  -9.2367233e-02  -4.7429413e-02  -6.1328610e-02   1.6542231e-01  -1.6561337e-01  -1.9033996e-01  -3.7582226e-01  -7.5197058e-02  -1.6710985e-01
  -1.5236965e-01  -4.9924855e-02   1.6437081e-01  -5.1919499e-02  -1.9891596e-01  -2.3046384e-01   1.9484198e-01  -1.7778300e-02   2.0609314e-01  -3.5223705e-02   7.1476276e-02  -4.6059258e-02  -7.2458630e-02   3.7367160e-02   1.5930096e-01  -5.4747402e-02   1.0515711e-01  -2.7924362e-02  -3.4115094e-02   6.5369484e-02  -4.5616185e-02   2.0291203e-01  -1.6314353e-01  -2.3344107e-02   1.1430532e-01   1.0219404e-01   3.0001885e-01   1.0181793e-01  -3.0235493e-01  -3.0877200e-03  -3.0562953e-01   1.2172619e-03   5.9682221e-02  -9.6912396e-02  -3.6472024e-02   6.2629080e-02   5.9398639e-02  -8.9209930e-02   1.7799553e-01  -1.6221962e-01   5.0020784e-02  -1.1521700e-01  -1.3874911e-01  -1.3246087e-01  -3.5442943e-02   4.9824800e-02  -5.3212377e-02   4.1621751e-01   1.0565269e-01
