  -1.2984370e-01   1.3215815e-01   6.1722506e-03  -1.7294762e-01  -1.2544410e-01  -5.7558370e-02  -2.0900249e-01  -2.3766791e-01  -9.3925041e-02   1.8379536e-01  -2.0860319e-01   7.3421809e-02  -2.1772855e-02  -1.3366336e-02  -3.4518059e-02  -2.8883538e-01   6.9722484e-02  -7.3303617e-02  -1.4366429e-01   2.9262521e-01   6.8024533e-04   6.1539992e-03  -1.6968256e-01   1.4912594e-01  -2.1246513e-01  -4.2593675e-02   5.2208403e-03   1.4212787e-01  -1.5372200e-01   4.8923838e-03  -1.1765876e-01  -2.2529696e-01  -1.5157868e-01  -1.2046022e-01  -3.3696724e-03   6.8104636e-02   1.8391011e-01   2.7593692e-01  -1.5130799e-01  -2.1218216e-01   1.1183156e-01  -9.4959898e-02   1.7259402e-02  -5.7832340e-02  -1.5154155e-02  -1.3808506e-01  -3.3920088e-02  -1.4924918e-01  -1.6974160e-01
  -1.3701094e-01  -6.1158822e-03  -7.3342601e-02   2.8765061e-01   6.2548679e-02   1.0611667e-01   1.3014770e-03  -3.3559907e-02   8.6049422e-02   1.7959286e-01  -1.7799874e-01   4.6175885e-03  -1.1239006e-01  -6.0183720e-02  -2.4825139e-01  -1.1227493e-01   1.3947324e-01   4.4728278e-01  -7.0862232e-02  -6.7529344e-02   1.7153229e-01   7.9055515e-03   1.5198635e-01   2.2541160e-01   4.7400607e-02  -6.3784714e-02  -6.5336382e-02   1.7463482e-01  -2.9027694e-02  -4.3913827e-02   3.5148753e-02  -3.3082732e-02  -2.3390006e-01   1.3855454e-01   1.0094883e-01  -1.9641143e-01  -1.6900794e-01  -6.0512631e-02  -5.1614411e-02  -5.6235631e-02  -3.5393651e-02   1.1519432e-01  -1.6091239e-01   5.1720801e-02  -1.3769339e-02  -4.5107935e-03   2.6433006e-01   2.2543216e-01  -1.0735364e-01
  -1.4103356e-01   7.0110807e-02   7.7322704e-02   5.4408783e-02  -2.1239648e-02  -7.6340243e-02   1.1276681e-01   1.0166995e-01   3.3986439e-01   1.4056928e-01  -2.9741697e-01   1.7912930e-01  -6.0428929e-03  -3.8369711e-02   4.1160644e-02   1.3475562e-01   2.2601151e-01  -4.5571877e-03  -1.5613725e-01   2.4871042e-02  -1.6514571e-01   2.0881724e-02   1.2621400e-01  -2.9911479e-01  -1.4333352e-01  -6.3498754e-02  -6.1476586e-02  -3.2399173e-02   1.0524825e-01  -1.7273085e-01  -3.2255505e-02  -1.6445177e-01  -1.1081222e-01  -6.0031684e-02  -1.2254441e-02  -1.5126197e-01   3.0964363e-01  -5.3809879e-02   4.7521332e-02   5.1956495e-02  -5.8801326e-02  -1.0361564e-01  -2.1980465e-02   8.8704318e-02   5.8089924e-02   1.5801779e-01   2.1420563e-02  -9.5829925e-02   3.8595299e-01
  -1.4299272e-01  -1.1903263e-01   2.0048507e-01   1.2973740e-01  -7.6724920e-02  -3.3524573e-02   1.4829146e-01   2.3778149e-02   2.4174253e-02   8.2229114e-02   2.9450298e-01  -2.3862587e-02   2.1994904e-01   3.7043364e-02   1.9681230e-02   7.4869458e-02   2.8134677e-03   5.4752541e-02   2.1362682e-03  -1.3090511e-01   1.5888252e-01   6.7252093e-03   4.1096251e-02   9.0226671e-02   4.3313673e-02  -9.2429556e-02  -1.1998082e-01   4.5048789e-01  -3.9306135e-02   3.2027560e-01   1.3810221e-01   1.1073413e-01   1.0653260e-02  -9.8337972e-02  -4.2003682e-02   1.7386895e-01   3.2484102e-01   2.7867481e-02  -1.9355967e-02  -1.1767785e-01  -6.6508161e-02  -3.7330004e-02   4.4318053e-02   1.4335274e-01  -1.6463947e-02  -8.5041196e-02   1.7758890e-01  -2.6152391e-01   1.0890748e-01
  -1.4029147e-01   1.2297888e-01   1.1554539e-01   2.5999118e-01   4.8321021e-02  -2.0865924e-02  -3.6421108e-02   9.8866905e-03  -2.3545195e-01  -5.1670834e-02  -9.7000769e-02   1.6180829e-01   9.3557524e-02  -1.6490464e-01   1.3297258e-01  -1.1098342e-01  -2.3733428e-01  -1.0893977e-01  -8.1440174e-02  -1.8476583e-01  -1.6645152e-01   2.8625798e-01   1.0609156e-01   1.0800082e-01  -2.7003799e-01  -1.8968179e-02  -1.8225028e-01   7.2823588e-03  -2.5194529e-02   1.7685895e-01  -8.8673117e-03  -1.7698484e-01  -9.2556315e-02  -1.2498359e-01   3.0874040e-02   1.2544349e-01  -1.7170029e-01  -2.4270023e-01   5.8687404e-02   1.8630466e-01   1.6602898e-01   1.7232345e-01   8.8537725e-02  -1.3842384e-02   1.9604070e-01   1.7939796e-01  -1.2542596e-02  -5.8989598e-02  -4.5279904e-02
  -1.4165874e-01  -1.5770783e-01  -1.0585144e-01  -3.6959429e-02  -1.0597116e-01   3.1519215e-02   6.2465143e-02  -2.0291904e-02  -3.6535679e-02  -1.5483018e-01  -2.8330491e-02  -2.3762275e-01  -1.2823482e-02   2.9617437e-02  -1.8095699e-01   4.0747222e-01  -8.5563921e-02  -1.5411856e-01   6.9746043e-02   1.7868913e-01   9.4314726e-02   3.7910846e-01   1.4515516e-01   7.9549853e-02  -1.4600255e-01  -6.3810321e-02   2.2396511e-01  -8.8367048e-02   1.1816148e-01   4.7706071e-02   7.0739232e-03  -2.9925313e-01  -4.5630019e-02   2.0891843e-01  -8.4342507e-02  -1.4214209e-02   1.2589629e-01  -5.4544379e-02   2.0389011e-02  -1.9944256e-01   9.8696469e-02   5.1989893e-02   3.8316778e-03   1.1541606e-01  -1.4624222e-01   1.1993109e-01   1.2189113e-01  -8.0487396e-03  -1.3394364e-01
  -1.5035680e-01  -1.4058777e-01  -1.3680793e-01  -2.2554923e-01   1.3412964e-02  -2.0908261e-02   1.5278094e-01  -4.6822714e-02  -4.5105490e-02  -4.1392331e-03  -1.7132647e-01  -2.5095274e-02  -1.4080346e-02   2.9088856e-01  -2.7843177e-02  -2.4609303e-01  -7.9937186e-02  -1.8748783e-01   1.7401757e-03   1.1839995e-01  -6.0061686e-02  -1.2593777e-01  -2.7887473e-02   4.3174307e-02  -7.6702604e-02  -1.5302295e-01  -2.5203796e-02   3.5190708e-02  -2.2818005e-02   1.1044639e-01   2.1804388e-01   1.2962259e-01  -9.6443418e-02   2.8613827e-01   2.8686543e-01  -1.3473945e-01   4.9828102e-02  -3.5542949e-01   1.8989990e-01   2.7119933e-02  -1.9779998e-01   3.6799047e-02   6.9726445e-02   1.6387358e-01   1.9451512e-01  -1.1661732e-01  -9.3234207e-02  -8.6645275e-02  -2.6976390e-02
  -1.1980676e-01  -1.9516203e-02   1.9226137e-01  -1.5816494e-01   2.0846894e-01   1.5191225e-01   8.3641952e-02  -6.3307492e-02   1.1832629e-01  -1.8746560e-03   1.8085152e-02   2.0328710e-01  -4.9498143e-02   9.9657824e-02   2.0822482e-01   4.5755634e-03  -8.0438174e-02   1.6536194e-01  -1.7383351e-01   5.0665193e-02  -4.7369178e-02  -3.8142097e-02   3.3008041e-02   1.9560159e-01   1.7238215e-01  -2.0308336e-01   2.2740013e-01  -3.0463152e-01  -2.1111526e-01  -1.0678544e-01   8.5776576e-02   1.1035638e-01   6.8157761e-02  -8.0595021e-02  -1.1277558e-01   1.3020436e-01   3.2705799e-02  -7.0408285e-02   9.9004961e-02  -7.4463586e-02   3.8510750e-01  -5.1401919e-02  -3.8664590e-02   2.7548853e-01   4.5952540e-02   2.7634926e-02   1.8735951e-01  -3.8903924e-02  -6.0684180e-02
  -1.4181349e-01  -1.4252560e-01  -2.1394864e-01   1.7600034e-02   9.1948060e-02  -2.0369891e-01   8.2989815e-02  -4.7534238e-02   2.0073294e-02  -1.4360542e-01   1.7940057e-01   3.2866504e-01   6.1039968e-02  -5.9996302e-02   2.0167271e-01  -1.6339558e-01   6.0819926e-02   3.4447907e-02   6.6335660e-02   1.4276695e-01   1.2445041e-01   2.7896558e-01  -1.7952440e-02   2.9332552e-02   9.3196747e-03  -1.5275775e-01   2.7810980e-02  -1.1774428e-01   2.3209168e-01   3.8098128e-02  -4.3697925e-02   1.6729977e-01  -1.4077012e-01  -1.3261288e-01   1.9046312e-01   4.7117145e-02   5.8446490e-02   2.1931758e-01   3.5799758e-02  -5.8281453e-02  -2.1137238e-01  -1.6608744e-01   1.6866438e-01  -3.2756539e-02  -4.3173698e-03   1.8710737e-01   6.2872857e-02   3.0933422e-01  -4.9886857e-02
  -1.3421666e-01   6.2614796e-03   4.8187595e-02   3.8705504e-02   8.9726024e-02  -3.0265477e-01   8.6945355e-03  -3.5735653e-01   2.6205659e-02  -7.9470213e-02  -1.8057770e-01  -3.8811705e-02   7.4859176e-02  -5.0684800e-02   1.7718028e-01   1.0120046e-01  -1.3987451e-02   2.5127349e-03   3.5435462e-01   1.8029598e-01   1.2291294e-02  -1.0261497e-02   1.7275514e-01   7.5194640e-02   1.0283919e-01  -8.3059888e-03  -1.6818131e-03   6.1664583e-02  -5.2305066e-03  -1.4453373e-01  -2.7898568e-01   2.5714236e-01  -4.8392172e-02   9.4444003e-02  -6.4792855e-02   1.5560351e-01  -1.0051097e-01  -1.2940046e-01  -2.8139109e-01  -8.7639173e-03  -4.6511979e-02   1.7889120e-01  -2.2067661e-01   2.6189734e-02   4.9136735e-02  -1.8136524e-02  -5.0646676e-02  -1.6983821e-01   1.5145698e-01
  -1.5831868e-01   4.3225170e-02   3.7950476e-01   6.8355234e-02  -3.7398586e-02   2.3897504e-01   3.9059517e-02  -2.3097410e-01  -1.1321665e-01   6.5599815e-02   1.4703729e-01  -2.1178543e-01  -2.2883408e-01   4.6520778e-02  -1.6389871e-02  -1.6590797e-01  -1.9432177e-01  -1.6750471e-01  -6.4609121e-02   9.6800390e-02  -2.8167741e-02   1.0085431e-02   1.9227592e-01   1.1605429e-01   9.2069634e-02   9.4203442e-02  -2.5732670e-01  -4.5583564e-02   2.8952874e-01  -1.7326356e-01  -1.5434095e-02   7.5923494e-02   6.1870201e-02   2.1176446e-02   4.3997669e-02  -8.7193081e-02   1.7511219e-01  -6.6764855e-02  -6.3439894e-02  -6.5820321e-02   3.6947298e-02  -2.3157733e-01   1.8021799e-03  -1.0328104e-01  -5.7654587e-02   5.3944651e-02  -4.8788758e-02   2.4215878e-01   1.3662073e-01
  -1.5562328e-01   2.0166482e-01   1.9528301e-02  -1.9865910e-02   1.8459175e-01  -2.6273273e-01  -2.2737739e-02   4.3819844e-02   7.4146030e-02  -9.4929245e-02  -9.9315885e-02   7.6406468e-02  -1.7416842e-01   1.0758923e-01  -3.1727421e-01   5.0020488e-02   2.7067535e-02   8.1141715e-02   1.6031553e-02  -2.1012959e-01  -1.8647994e-01   1.9729067e-01  -1.8644708e-01   2.0620564e-01   1.4920288e-01  -2.5697238e-02   5.0842214e-02  -9.6056291e-02   9.8725795e-02   1.4966201e-01  -9.8850882e-02   8.3283325e-03   2.9127986e-01  -1.2648126e-01  -8.1672126e-02  -7.7466664e-02   2.2229971e-01  -1.9615671e-01  -1.8504542e-01  -1.7386430e-02  -1.0392331e-01   1.4763690e-02   1.7365964e-01  -1.0537330e-01   2.8458798e-02  -2.8107026e-01  -1.1863739e-02   6.7404933e-02  -3.6823566e-02
  -1.3834817e-01   5.0982237e-02   5.5981368e-02  -7.8118991e-02  -5.7691625e-02  -6.2880098e-02  -1.8065004e-01   1.7791825e-01   2.2670077e-02  -4.4446117e-04   3.0345289e-01  -1.5872794e-01   3.5720388e-02  -1.0251666e-01  -1.4090323e-01   6.0872933e-02   2.2045237e-01   5.9234299e-02  -4.5230181e-02   5.8248819e-02  -2.1760102e-01   8.0976395e-02   9.3386406e-02   1.3613807e-01   8.8067692e-02   1.3422209e-01  -7.9892617e-02  -1.1593002e-01  -2.8376887e-01  -1.1431907e-01  -2.7037621e-01   1.3129442e-01  -1.5569940e-01  -8.4576964e-02   3.4709346e-01  -4.5488051e-02  -8.4043167e-02  -1.7051272e-01   1.7673510e-01  -1.8635072e-01  -6.9112187e-02  -5.8853674e-02   1.3209933e-01   1.6722983e-02  -9.7532297e-02   1.5197888e-01  -6.3706548e-02  -2.3852427e-01  -2.2506835e-02
  -1.4047131e-01  -9.6866214e-02  -1.4373531e-01  -4.4114135e-02   7.6519779e-02   1.9165094e-02  -2.2380010e-01   5.5660099e-02   2.1178392e-01   1.1041828e-01   9.2294050e-03   3.9590375e-02   3.1217364e-01   4.2313454e-01  -3.3493916e-02   1.0982975e-01  -2.8591313e-01  -7.7186140e-02   1.8848985e-01  -1.5998705e-01  -1.6589753e-01  -2.4963255e-01   7.4962721e-02   5.5986818e-02   1.0348983e-01   5.8570135e-02  -9.5622718e-02   6.9853618e-02   1.7943206e-02  -1.0274813e-01  -1.3500321e-01  -2.3935486e-01  -8.0216723e-02  -1.1744204e-01   1.8882297e-01   9.9049607e-02   9.4028995e-02   7.2980906e-02  -9.4159154e-02   7.0497445e-02   8.5728224e-02   1.3012184e-02  -1.7544331e-02  -3.7240758e-02  -1.0023413e-02   1.1914094e-01   8.5968371e-02   2.0223553e-01  -1.1410853e-01
  -1.5474074e-01  -2.5399620e-01  -3.9070742e-02   2.1284524e-01  -4.8879202e-03  -5.3117888e-02   1.5933276e-01   1.0055573e-01  -8.5281031e-02   1.6702601e-01   1.3064918e-01   5.0255650e-02  -9.0490732e-02   9.8228106e-02  -1.4098994e-01   2.1789126e-02   1.5282541e-01  -1.5068451e-01  -1.2542341e-01   3.1672102e-01  -1.6568394e-01   4.3317493e-02  -7.4873877e-02  -2.8681740e-01   1.3347278e-01  -1.9841245e-01  -7.5506253e-02   1.2551452e-01  -2.3683509e-01  -1.3734330e-02  -3.8984457e-02  -8.0372293e-02   1.2436650e-01  -4.0436252e-02  -2.9476567e-02   2.4293245e-01  -2.1798604e-01  -1.2133231e-01  -1.5361201e-01  -1.8859764e-02   1.4716720e-01   8.5900575e-02   3.8696302e-02  -2.1437345e-02  -5.9640632e-02  -1.1856635e-01  -1.0542597e-01   2.8511241e-01   8.3793592e-02
  -1.2803506e-01   1.1099040e-01   4.8993295e-02   3.2659913e-01  -1.1899474e-01  -2.1531163e-02   3.4749932e-02   1.0183155e-01  -2.6267782e-01  -1.1536092e-01  -2.5641512e-02  -2.5199545e-03   9.0416941e-02   1.0084361e-01   3.2069852e-02   1.3663565e-01  -2.6654369e-02  -2.5865548e-01  -1.7167520e-01  -9.2532763e-02  -7.8974796e-02  -7.7997328e-02  -3.7871844e-01   1.1405779e-01  -3.5635108e-02  -1.0048802e-01   4.9785738e-02  -8.8140019e-02  -1.4513587e-01  -2.0541989e-01  -1.3939459e-01   1.8798254e-01  -1.1980366e-01   1.2014218e-01  -6.8198040e-02  -1.0995436e-01   7.9550520e-02   1.2176842e-01  -4.5370891e-02   1.7212160e-01  -2.2263492e-01  -1.1173964e-01  -2.3023118e-01   1.7743373e-01  -1.0372817e-01   1.0449552e-02   1.9625209e-01   4.3912267e-02  -6.8809075e-02
  -1.3778128e-01   3.1142065e-01   5.7958316e-02   6.8438702e-02   3.8785679e-02   1.1552941e-01  -9.4601497e-02   5.5431427e-03   3.1066791e-01  -5.7022028e-02  -2.1783656e-02  -1.0262389e-02  -5.8369978e-02  -2.6161042e-01   2.1979173e-01   1.2946521e-02  -2.1482850e-02  -1.1035673e-01   1.2186551e-01  -5.6914248e-02   1.9811769e-01  -4.2954420e-02  -2.2491008e-01  -5.7480642e-02  -5.5527000e-02   6.7416112e-03   2.8092549e-02   1.7730291e-01  -1.4398055e-03  -5.5612460e-02  -9.0053044e-02  -1.3558026e-01   1.8618076e-01   2.0851163e-01   2.6564397e-01   2.0464156e-01  -3.4435001e-02  -1.1117474e-01   1.1418706e-01  -7.3442821e-02  -6.4706482e-03   2.7931662e-03   1.4065228e-01   3.0020078e-01  -1.9493284e-01  -1.4631739e-01  -8.2771227e-02   2.0087156e-01  -4.1350314e-02
  -1.2281382e-01  -2.6520585e-02   1.6532750e-01   1.7563300e-02   3.9205006e-01   6.5194323e-02  -5.2001046e-02   1.2375023e-01   2.1852142e-02  -2.1219111e-01   1.8363205e-01  -1.9019374e-01  -1.4942357e-01   1.3578259e-01   1.5742035e-01  -5.0626603e-02  -1.5682759e-01   2.0473562e-01  -7.8320336e-02   1.3843312e-01  -5.2495287e-02   1.1678937e-01  -2.4329466e-01  -2.6770903e-01  -3.8794429e-02  -4.7690380e-02   1.2801674e-01   1.2628721e-01   1.6857580e-01   6.6301770e-03  -1.0585313e-02  -1.3702835e-01  -1.7328777e-01  -9.2379809e-02   2.0994787e-01  -1.5605598e-01  -3.1926770e-02   8.0384147e-02  -9.5122490e-02   2.7064728e-02  -4.7090909e-03   1.6124791e-01  -2.4584341e-01  -9.0815950e-02  -6.1746033e-03  -9.4421279e-02  -1.9941906e-02  -2.1490874e-01   7.7446694e-03
  -1.1574263e-01  -2.0251484e-01  -1.5678041e-01   1.1765736e-01  -1.1044389e-01   8.3117573e-03  -3.0438874e-02  -6.8019965e-02   8.9546727e-02   1.1362528e-01  -2.0996749e-01  -1.4922293e-01  -1.4465233e-01  -6.7489811e-02   7.1971154e-02   3.7315821e-02  -1.2642437e-01   1.3765214e-01   9.8339571e-03  -1.3548962e-01  -3.3362532e-01   1.3133645e-01  -1.4179688e-01  -2.0635855e-01   1.1352822e-01   1.3156495e-01  -7.4393727e-02   3.0767016e-02   1.7543264e-01   1.4051033e-01  -1.2297462e-01   2.0058249e-01  -4.1309792e-02   1.6248608e-01  -3.1425079e-02   1.8907381e-01  -1.0057835e-01   1.1781539e-01   2.0135558e-01  -8.0306223e-02   1.5102656e-01  -3.7330372e-01  -1.3001647e-02   1.7909573e-03   1.2286302e-01  -1.2107867e-01   1.1167899e-01  -1.3244631e-01  -1.5775551e-01
  -1.5169857e-01  -1.5382492e-02  -2.1595604e-01   7.7951284e-02  -1.5356630e-01   2.1667651e-01  -2.8381539e-01  -5.9042741e-02  -2.6843200e-02  -3.1975194e-02   8.4976856e-02   1.3470209e-01  -6.3504766e-02  -2.4116700e-02   1.0022888e-01  -1.4541974e-01  -2.6078086e-02  -1.1620544e-01   3.2830607e-02  -4.8802742e-02  -3.3628835e-02   2.2679645e-03   2.5486499e-01   4.7298037e-02   2.0584986e-01  -2.6833482e-01   2.9611081e-01   5.9046377e-02   3.5958535e-02   6.9538243e-02  -8.0023917e-02  -1.9403832e-01   8.6697441e-02  -9.5075958e-02  -9.2292103e-02  -1.0092988e-01  -1.6039983e-01  -1.1308028e-01   9.4838257e-02   1.4211894e-01  -1.8420276e-01  -1.9704164e-01  -8.9601317e-02  -1.0806833e-01  -1.9723210e-01  -1.9389462e-01   6.4712121e-02  -2.0513116e-01   2.1600494e-01
  -1.4361143e-01   2.1766006e-02   7.9511879e-02  -1.1431701e-01   8.3572375e-03  -1.6035183e-01  -4.2431856e-02   1.5726548e-01  -3.1055708e-01   4.5155722e-02  -9.4077561e-02   1.4053522e-01  -3.0578727e-01   1.1651638e-01   1.6850214e-01   1.5270041e-01   1.7992619e-01  -7.9606128e-02   3.0249413e-01  -1.1615818e-01   2.3976987e-01  -2.1362186e-02  -4.2851576e-03  -1.0938851e-01   1.6700216e-01   2.1189831e-01  -8.9810945e-02   6.1018795e-02  -3.0687311e-02  -2.1348189e-03   1.7676905e-01  -1.3239989e-01  -2.3088021e-01  -2.3514298e-01  -5.5463389e-02  -6.5943604e-02  -4.4456100e-02  -1.8275054e-01   3.0627485e-02  -5.7403546e-02   7.3133045e-02  -2.3931444e-01  -1.1989360e-01   1.2467149e-01  -3.8376966e-02  -2.0069410e-02  -3.4555893e-02   3.6542465e-02  -1.4424502e-01
  -1.3723634e-01   2.2676282e-01  -7.6542622e-02  -9.5980969e-02  -1.2594423e-01  -1.0304752e-01  -1.5853856e-02  -8.1720537e-02  -1.5788487e-01   3.6595455e-01   1.0167282e-01  -1.2454871e-01  -8.1675418e-02   4.6535018e-02  -1.0558473e-01  -6.2790557e-02  -4.7606133e-02   4.9041321e-02   4.8014442e-02  -8.6156835e-03   1.7999720e-01  -6.0621314e-02  -2.4400869e-01  -1.3867792e-01   2.0118490e-01  -1.1594424e-01   7.2155325e-02  -1.4186523e-01   1.7745667e-01   1.9034456e-01  -1.0817484e-01  -5.5019657e-02   1.1474452e-01   5.2472079e-02   7.8862502e-02  -5.2794534e-02  -1.1991967e-01   5.3899767e-02  -9.6896224e-02   1.1977508e-01   9.2485984e-02   1.1294348e-01   1.1824090e-01   1.8139733e-01   9.2987046e-02   4.1356667e-01   1.5324498e-01  -1.3717032e-01   1.8141484e-01
  -1.4508736e-01  -1.2552143e-01   4.6642005e-02  -1.0384504e-02  -5.6845905e-02   6.3067546e-02  -7.8996753e-02   6.0726579e-02  -9.9103239e-02  -1.8745381e-01  -6.9406964e-02  -1.8037735e-02   3.1179958e-01  -1.9096275e-01  -1.5918636e-01   8.3389565e-02   1.5804152e-01  -2.2394791e-02  -1.1440431e-01   1.6217789e-01   5.6311366e-02  -1.5037829e-01  -4.8389436e-02   1.3722067e-01   1.1720362e-01   1.3362373e-01   1.7081103e-01   1.3027646e-01   2.9865509e-01   7.8635909e-02  -1.3269908e-01   1.5436149e-02   5.8531692e-02  -1.9460965e-01   5.7244818e-02  -1.6371527e-01  -6.2267329e-02   2.5209156e-02   9.2615097e-02   8.6117568e-02   2.2435223e-01  -5.3785629e-02  -9.2018964e-02   2.3833130e-01   3.6555875e-01  -1.1865019e-01  -2.0273402e-01   1.4187178e-01   7.4694270e-02
  -1.3219633e-01   2.6347965e-02   1.6029050e-01   2.1576451e-01   2.3001964e-01   3.0850025e-02   1.5711933e-01  -3.0688651e-02  -1.0187615e-01   1.9007326e-02   3.1199578e-02   1.1925404e-01   8.7798196e-02   6.1664568e-02  -2.8804360e-01  -1.0984562e-01  -9.8130096e-02   8.2733545e-03   3.0343344e-01   6.9345250e-02   2.0474408e-01  -1.1077632e-01   1.3676490e-01  -2.2574856e-01  -1.1255949e-01   7.9020585e-02  -2.1068797e-02  -2.7934770e-01  -1.4857071e-01   4.6521128e-02  -2.6373434e-01  -1.0138718e-01   1.8520654e-02   5.4333506e-02  -6.5721471e-02  -5.2634822e-02   1.2401901e-02   2.1864662e-01   3.3590018e-01  -1.8726405e-02  -3.6087947e-02  -3.3765542e-02   1.0969998e-01   1.3524238e-02   7.1570720e-02  -2.4879364e-01   5.1870594e-02  -9.8687838e-02   8.6614800e-03
  -1.2518108e-01   1.8270788e-01  -4.6384954e-02  -2.7960925e-02   8.8802409e-02  -2.0124311e-01   3.9553927e-01   1.9686177e-02   7.8174418e-02  -7.5531395e-02   9.4727807e-02  -5.5066398e-03  -1.2047703e-01   1.0050244e-01   9.7279572e-02  -6.2303794e-02  -2.1565267e-02   8.1920043e-03  -1.9443504e-01   1.4372994e-02  -1.1119505e-01  -8.7756095e-02   1.7447005e-01   1.8682736e-01   1.0762759e-01   2.5035811e-01   1.3473617e-01   2.1858039e-01  -1.2110417e-01   1.1757066e-01  -9.1057270e-02  -2.7110561e-01   1.4291298e-01   1.7928799e-01  -1.1370594e-01   1.6908109e-02  -1.3996423e-01   1.9546449e-01   8.3285911e-02   1.3552355e-02  -1.5734583e-01  -1.5921651e-01  -1.4919747e-01  -3.2127489e-03   8.4650180e-02   2.4054441e-01  -1.8704111e-01   7.1716627e-03  -8.0269435e-02
  -1.3502562e-01  -1.2754560e-01  -1.8797921e-01   9.7770406e-02  -3.4328463e-02  -4.3033743e-02  -1.7855187e-01  -5.8890468e-02  -2.6000015e-01  -6.8291875e-02   3.5790189e-02  -1.3282398e-01  -1.8723550e-01  -1.2701536e-01   1.0990942e-01  -5.5101473e-02   6.8505200e-02   2.3603529e-01   6.8485493e-02  -2.0385090e-02  -2.4997402e-01  -1.1861643e-01   1.1956126e-01   1.8011817e-02   4.8332383e-02   3.7340342e-02  -1.2193793e-01  -1.5846353e-01  -3.8556070e-02  -4.7137370e-02   1.8652778e-01  -1.4658144e-01   1.5201766e-01  -2.3476207e-02   1.0632425e-02   1.3127991e-01   3.3785208e-01   2.2338031e-01   1.0690998e-01   6.6123464e-02  -1.3633220e-01   3.0992206e-01  -5.3550310e-02   3.1615029e-01  -2.2415489e-02  -2.6300300e-02  -1.4166137e-01   5.4828582e-02   4.2069811e-02
  -1.3734757e-01   1.9592868e-01  -3.2661588e-02   2.6149322e-01   1.7355737e-02  -1.1422394e-01  -1.2453832e-01   1.0377839e-01   9.8187486e-04  -8.2743527e-02  -1.2518967e-01  -2.2295838e-01   2.8098403e-01   1.4710988e-03   2.2639986e-01  -5.2158132e-02   6.5383447e-02   3.5798386e-02  -6.1213451e-02   2.0152921e-01   2.0840931e-02  -1.3206049e-01   2.1268717e-01  -1.8819991e-01   3.8488551e-02   7.4537915e-02   3.7746573e-02  -2.2251270e-01  -1.1767300e-01   2.6147280e-01   2.7009154e-01   5.6536774e-02   1.8037666e-01   5.4959480e-02   9.5584057e-02  -1.7781518e-01   3.6468288e-02  -4.6475442e-02  -2.7867212e-01  -8.3360194e-02   7.7876773e-02  -1.9170701e-01   8.2736473e-02  -1.0946742e-01  -3.6296625e-02  -4.1248983e-03   1.0337147e-01   2.0340242e-02  -1.5888328e-01
  -1.6335941e-01  -1.3411589e-03  -2.9207336e-02  -3.0967058e-02  -6.6378092e-02   7.5439984e-03   1.3135194e-01   1.6101076e-03   1.3985546e-01   1.9629785e-01   2.5128717e-01  -2.9982785e-02   1.1105243e-01  -1.9067277e-01  -6.4408656e-02   1.4537463e-01  -5.1423406e-02   2.0047901e-01   4.6736466e-02   6.8831196e-02   7.8048634e-02  -6.9319988e-02  -9.8993381e-02   1.2074488e-01  -1.2233493e-01  -1.4032996e-01  -1.3778752e-01  -2.8798670e-01   1.0298806e-01  -1.1202996e-01   1.7195381e-01  -1.8207490e-01  -1.0911630e-01   2.8776865e-02  -5.5362253e-02   1.6010092e-01  -6.1757987e-02  -1.1906820e-01  -1.9847084e-01   2.9130502e-01  -1.3805934e-01  -2.6486828e-01  -1.0075387e-01  -3.3178472e-02   9.9321744e-02  -1.5757824e-01  -2.6653110e-01  -1.3879159e-01  -1.9247038e-01
  -1.6882103e-01  -1.2401620e-02  -8.9732319e-02  -8.0765507e-02  -1.1069024e-03   4.0677802e-02   1.4484482e-01  -2.2097105e-02   1.6542377e-01  -9.4456583e-02  -2.5565975e-01  -1.6653232e-01  -1.7588141e-01  -1.2183742e-01  -2.4166918e-01   2.6203360e-02  -1.7040721e-01  -2.2002026e-01  -1.7759179e-01  -9.5439963e-02   2.3332464e-01   2.0411379e-02   1.8509831e-01  -1.1128984e-01   5.1064572e-02  -3.7373723e-02  -3.6969551e-02  -3.3847194e-02  -1.2573520e-01   9.9062395e-03   7.0318475e-02   2.1730384e-01   7.1214520e-02  -4.3580900e-01   2.2076878e-01   1.3788728e-01  -5.5765768e-02   1.9268379e-01  -4.4585619e-02   1.8801319e-01  -7.7701790e-02   4.9480296e-02  -1.1049467e-01   4.6684750e-02  -1.0091233e-01   4.2954112e-02  -2.9273494e-02  -9.9479112e-02  -1.3865120e-01
  -1.6923469e-01  -9.1045872e-02  -7.4772663e-02  -1.4233716e-01   3.8773526e-02  -1.3999635e-01  -1.5442321e-01   2.9955895e-01  -1.1524871e-01   1.2429209e-01   1.4651909e-02   1.3388040e-02   7.7413154e-02  -1.3305182e-01  -9.6313387e-02  -2.2860220e-01  -1.6850573e-01   8.1086163e-02  -1.4276084e-02  -4.3157093e-03   2.1150035e-01   2.0838620e-01   9.4384195e-03  -5.4922554e-02  -5.9844548e-02   2.2716060e-01   2.1280587e-01   1.0479683e-01  -1.5323427e-01  -2.5145805e-01   3.7267687e-02   1.1630020e-01   1.7090246e-01   2.1858711e-01   1.9507688e-03   1.5978018e-01   2.5742697e-01  -1.1506342e-01   3.4896686e-02   1.8569036e-01   1.0941519e-01  -8.8495147e-02  -2.0734389e-01  -1.8895419e-01   4.9649676e-02   4.5646786e-02   6.3560019e-02   6.2037267e-02   1.4136019e-01
  -1.3872473e-01  -1.0618862e-01  -3.0067196e-02  -2.0749803e-01   3.0549263e-01   4.8489661e-02   9.2652774e-02  -2.6346737e-01  -1.6473863e-01  -1.9184833e-02  -1.0817914e-01  -1.4103361e-02   3.2145215e-01  -4.1852752e-02  -6.9044647e-03  -2.2164432e-02   1.8001536e-01   3.1360638e-02  -2.2255835e-01  -5.0166002e-02  -1.4658612e-02   6.4172255e-02  -7.7229115e-02  -6.2013482e-02   1.5643530e-01   2.5570788e-01  -1.3698393e-01   3.8188618e-02   9.4734087e-02  -8.2522254e-02   4.9270723e-02  -9.4747383e-02  -3.6639741e-02   8.0671697e-02  -9.7692283e-02   9.1396102e-03  -8.6938360e-02  -4.5952796e-02   2.2744536e-02   2.5231045e-01  -2.3050496e-02   4.3883720e-03   2.3405052e-01   3.3093732e-02  -4.4907426e-01  -3.7702913e-02   1.0557989e-01  -8.9253509e-02   2.8071078e-03
  -1.3724347e-01   6.4982946e-02   7.8432145e-02  -1.5694043e-02   1.6992651e-01  -4.0692101e-02  -3.0538624e-01  -9.1791932e-02   6.7627449e-02   1.0092034e-01   1.9278705e-01   5.5778200e-03  -3.9141476e-02   5.9867511e-02  -5.9905578e-02   2.3689808e-02   2.4614481e-01  -2.9049864e-01  -2.8159578e-01  -2.7531752e-01   7.3635987e-02  -2.6655049e-02   1.9221807e-01  -1.5061767e-01  -4.4415676e-03   5.9637891e-02   1.7729750e-01  -1.2450063e-01   1.4123476e-01   4.1723116e-02   9.1311782e-02   8.5629014e-02  -2.4470209e-01   2.1793472e-01  -1.1845089e-01   2.4862088e-01  -5.3059094e-02   8.3650958e-02  -6.2742774e-02  -1.1454553e-01  -1.0760333e-01   1.5785132e-01  -2.0610037e-02  -7.0160894e-03   2.4243722e-01  -9.3596516e-02  -3.4320250e-02   5.2254264e-02  -6.9955126e-02
  -1.5258028e-01   1.9751023e-01   1.0239230e-01  -1.1472843e-01   2.7886018e-02   1.9970906e-01  -1.2479953e-01  -1.9962489e-02  -2.4081427e-01   1.2209286e-01  -1.0608324e-01   2.7822853e-01   1.1206275e-01   1.3945844e-01  -5.8083726e-02   3.3368953e-01   2.7332924e-02   1.7828507e-01  -2.1846722e-02   1.1954255e-01  -7.0348343e-02   3.5023418e-02   5.5423130e-02  -9.5445956e-02  -1.3459141e-01  -1.1181310e-01  -6.0958174e-02   1.3525315e-01   1.4011700e-01  -6.6038999e-02   1.1498165e-01   1.7125370e-01   3.7480926e-01   2.1657632e-02   9.5453633e-02   8.1758719e-02  -1.3587291e-01   6.8258023e-02   1.5649705e-01  -1.6050483e-01  -2.2171897e-01   1.9481641e-02  -1.4779510e-01  -1.3585369e-01  -9.0230047e-03   1.1952849e-01  -7.1902689e-02  -4.4464038e-02  -1.5111019e-01
  -1.4624182e-01  -5.1309837e-02   2.6228790e-01  -1.8742738e-01  -3.1256714e-01   9.1349901e-02  -4.1166377e-02   1.6769139e-02  -3.4221318e-02  -1.6146581e-01  -1.0881928e-01   9.5831260e-02  -1.3652559e-01   8.8077025e-02   9.9547594e-02   2.0966042e-01  -1.8257304e-02   2.5484666e-01  -8.7335440e-02   2.0616076e-02   7.2917064e-02  -8.6066306e-02   4.5074532e-02  -2.8484424e-02   7.4359221e-04   2.1425974e-02   6.3751581e-02  -6.5338406e-02  -1.5568913e-01   3.5464316e-01  -2.0037677e-01   5.4565985e-02  -2.1196876e-01   1.8738653e-01   9.4975663e-02   9.1636271e-02   7.6886241e-02   6.6714116e-02  -4.5337662e-02   3.1573278e-01  -7.6019949e-03   7.6900987e-02   1.4504045e-01  -2.0902632e-01  -8.7417713e-02  -5.4330673e-02  -8.5144931e-02   1.9339358e-01   9.5719782e-02
  -1.2574324e-01   2.1294554e-01   1.1800804e-01   6.8520114e-02  -1.7822673e-01   1.1673125e-01   6.1953256e-02   1.6469230e-01   1.2620555e-01  -1.8969876e-02  -3.8267738e-03   6.5983630e-02   9.0096191e-02   7.9153672e-02  -2.0116404e-01  -2.9015520e-01   7.8632539e-03   3.3738343e-02   2.8032019e-01   8.1224004e-02  -2.4402411e-01   7.1082284e-02   3.3618333e-02  -8.3902506e-02   3.8294009e-02   5.1052916e-02   2.4689933e-01   9.0636410e-02   1.5052521e-01  -7.5425622e-03   1.7567726e-01   2.2657870e-01  -2.2206269e-01  -1.9318136e-02  -2.4878165e-01   3.9803991e-02   5.3441375e-03   4.4468903e-02  -2.3726500e-02   8.9233409e-02   7.7550003e-02   1.2552010e-01   5.7869818e-02   1.4491864e-01  -2.6935973e-01   1.2975274e-01  -2.4195943e-01  -1.6481778e-02  -1.6983727e-01
  -1.3611086e-01   8.6830779e-02  -5.8697069e-02  -2.4010230e-02  -1.7354926e-01   1.3009460e-01   8.4229539e-02   1.9767432e-01   3.6146897e-02  -3.8590701e-01  -8.2463970e-02   3.1491381e-02   6.1494801e-02   2.0034678e-01  -4.0256313e-02  -1.7102557e-01   2.6023705e-01  -2.9263986e-02   7.8279876e-02  -1.1891698e-01   1.1902314e-01   1.1852273e-01  -6.6582473e-02   1.1584739e-01   1.5256243e-01  -8.0080364e-02  -3.3630841e-01  -1.2951753e-01   7.3734133e-02  -1.2533875e-01   1.0071185e-01  -1.1257281e-01   6.1884385e-02   1.8989104e-01   8.0311393e-02   1.9374377e-01  -1.1627069e-01   1.9782244e-01  -6.7994148e-02  -1.0502532e-01   2.0254944e-01   3.3878894e-02  -9.1120240e-02  -1.3917758e-01   8.2628866e-02  -2.7914238e-02   2.2422730e-02  -1.9136327e-01   1.9667835e-01
  -1.4908444e-01  -2.0776174e-01   1.5007989e-01  -1.7914948e-01  -9.9808954e-02  -4.0924089e-02  -1.5110781e-01   4.5972402e-02   9.0850079e-02  -1.2458780e-01  -6.6819013e-02  -2.6274179e-01   1.2371756e-01   1.5715998e-01   5.8044939e-02  -2.3475979e-01  -4.0283931e-03   1.8597381e-01  -4.8284717e-02  -1.6894443e-01   1.1838073e-01   4.3270592e-02  -5.4760913e-02  -1.2419718e-01  -2.5641779e-01  -1.0813906e-01  -1.1040225e-01  -5.6891673e-02  -7.5192075e-02   1.1246566e-02  -1.7764147e-01  -2.6802830e-02   1.4327366e-01  -1.4572658e-01  -3.7097306e-01  -2.4946693e-02  -2.0633401e-01  -1.1053048e-01  -1.9012178e-02  -1.7186039e-01  -2.4330105e-01  -8.1468678e-02  -3.0319367e-02   1.9623663e-01  -3.4001727e-03   1.2992233e-01  -6.1732953e-02   1.6154442e-01   1.3442585e-02
  -1.5823469e-01  -2.7135222e-01   1.3739061e-01   1.8562371e-01   9.2324721e-03   6.3033284e-02  -1.3869139e-01   1.0591390e-01   1.0852339e-01   1.2690852e-01  -1.7762472e-01   6.3026058e-02  -5.2442174e-02  -1.4322893e-02   1.0091899e-01   1.1531183e-01  -2.1193564e-01  -5.1429668e-02   1.0926385e-02   6.0315315e-02   1.1341065e-01   8.4113413e-02  -1.5216231e-01   1.8581498e-01   1.8954784e-01   1.5916886e-01   8.1137799e-02   1.1151509e-02  -1.2319305e-01  -1.8300123e-01   2.2641366e-01  -1.5444339e-02   1.5042327e-02   3.6811880e-02  -8.5755310e-02  -1.5473283e-01  -1.5794493e-01   1.9778283e-01  -7.8825595e-02  -1.0219967e-01  -1.9926931e-01   9.3640618e-02   4.0897231e-01  -5.3590808e-02   1.4271647e-01   6.4165593e-02  -1.8066244e-01  -1.5303336e-01   1.1754613e-01
  -1.2743803e-01   8.8237208e-02  -3.3206947e-01   2.7153283e-03   1.4001737e-01   5.2987015e-02  -1.4041815e-02   1.5178222e-01  -5.5036054e-02  -1.7319080e-02   5.8861312e-03   8.5827145e-02   1.6560622e-02  -1.3092619e-01   4.6084353e-02   7.2140826e-02  -2.3954765e-01   1.0075669e-02  -1.9955274e-01  -3.9248197e-02   1.7884081e-01  -1.5175475e-01   4.7908098e-03  -5.5720767e-02   1.5753839e-01  -1.8679230e-01  -2.5838812e-01   1.6264477e-02   2.3947890e-02   7.0512109e-02  -2.0083201e-01   1.3959126e-01  -1.4887732e-01   1.0766355e-01  -2.6877910e-01  -1.6428321e-01   1.8462154e-01  -7.9279869e-02   5.0254651e-02  -2.4438832e-01   1.6341947e-01   9.7950167e-02  -6.1932087e-03  -9.0617047e-02  -1.3308573e-01   6.3422850e-02  -3.6105197e-01  -4.3881152e-02  -3.6152058e-02
  -1.2427965e-01  -1.1866315e-01   1.4272611e-01  -3.6223598e-02  -2.0917611e-01   3.5130728e-02   2.0585088e-01  -6.5921958e-02   8.6499403e-02   1.3501295e-01  -5.3192720e-02   6.9563499e-02   1.8272735e-01  -2.2503689e-01   8.5491483e-02  -1.0442271e-01  -2.1168428e-02  -9.9071878e-02   2.2761128e-02  -6.7232754e-02  -5.4509437e-02  -4.2703038e-02  -2.1947679e-01  -3.2639146e-02   2.2529093e-01   1.5614920e-01   8.2281180e-02  -2.3843310e-01   2.1858198e-02   1.4404803e-01   3.4705896e-02  -1.4100601e-01  -9.3930664e-04  -9.8831014e-02   4.6382945e-02  -8.7945827e-03   6.1674286e-02  -1.4289642e-01   1.4575915e-01  -2.8473170e-01  -1.5735728e-01   3.0283738e-01  -3.4365827e-01  -2.7659545e-01  -6.6635602e-02   3.7613255e-03   7.6423771e-02   7.5475004e-02  -7.3792789e-02
  -1.3163824e-01  -5.3587362e-02  -1.5375613e-01  -6.7907891e-02  -2.1365949e-01   1.4544038e-01   1.8967687e-01  -1.8711022e-01  -1.0749564e-01  -1.4640245e-01   1.9438387e-01   3.0012680e-01  -1.8385226e-02  -6.2431388e-02  -6.0072922e-02  -4.5889768e-03  -1.4214242e-01   9.9046168e-02  -3.6022752e-02  -2.7308644e-01  -7.8778211e-02  -3.6265831e-02   4.8855674e-02  -2.4526334e-01  -1.6361448e-01   2.3350510e-01   1.2009323e-01   1.6542881e-02  -8.8923684e-02  -1.4687816e-01  -2.1629837e-02   1.5925836e-02   5.2827982e-02   3.1670438e-02   1.4788316e-01  -1.9482366e-01  -3.8394130e-02  -3.4177497e-02  -4.2465836e-01  -2.1785156e-01   6.3436081e-02  -1.3783960e-02   7.1182310e-02   1.6031922e-01   5.8609516e-02  -7.9680502e-02   8.3827831e-04  -5.9788333e-02   2.2343730e-02
  -1.4379649e-01  -5.9337807e-02   1.4264982e-01   2.4711301e-02  -4.4032994e-02  -4.2685612e-01   5.8160084e-02  -1.5074068e-01  -8.6612950e-02  -2.9512920e-02  -3.4343956e-03  -1.3540688e-01   4.6254960e-02  -7.2460828e-02  -5.4164085e-02   4.8518883e-02  -1.7869637e-02   5.0539863e-02   2.6335738e-02  -3.1352202e-01  -5.5046316e-02  -2.0564155e-01  -1.3321114e-02   2.6614899e-02  -1.4145927e-01  -3.1991489e-01   1.9325169e-01   6.1412209e-02   2.8679511e-02  -1.6899917e-01   2.1289817e-01  -1.0827890e-02  -2.0857743e-02   1.9954863e-02   1.3469041e-01  -1.0133570e-01  -1.2358719e-01   1.3149898e-01   2.0347947e-01  -9.4425088e-02   2.6645604e-01  -5.9256277e-02   7.3200610e-02  -2.2362006e-01  -1.9247528e-01  -1.0500091e-02  -1.5381738e-01   6.1300614e-02   1.1067080e-01
  -1.4348976e-01   3.8484408e-02  -2.0332504e-01   1.1365285e-01  -1.0164876e-01  -3.1511721e-02   1.6251464e-01   2.0415250e-01  -4.6068108e-02   5.2115712e-02   3.8945277e-04  -7.9345936e-02  -1.4100474e-01   1.6546141e-01   1.5907393e-01   1.1137700e-02   1.3807525e-02   7.0901161e-02  -1.3001445e-01   1.2147978e-01   8.8428357e-02  -3.0199388e-01   1.6865408e-02   1.6814396e-01  -3.0727709e-01   2.3441616e-01   1.2434472e-01  -5.4852008e-02   3.0879997e-01  -1.2830242e-01  -9.3594224e-02   9.1237399e-02   1.5453929e-03  -2.1308887e-01  -7.1940216e-02   2.2789887e-01  -7.9147086e-02  -1.4413248e-01   6.8111071e-02  -8.1558606e-02   9.8568532e-03   1.6860913e-01   1.9703341e-01  -1.2362598e-01  -9.4503297e-02  -1.3455433e-01   1.9157516e-01  -8.5228507e-02   6.8927139e-02
  -1.5137216e-01  -2.4546680e-01  -7.0669920e-02   2.1717815e-01   7.8599954e-02   2.0657536e-01  -2.9862563e-02  -2.3593024e-01   1.4341138e-01  -2.0928869e-02   7.7897304e-02   1.3314379e-02  -1.4448592e-01   1.0163831e-01   6.4374927e-02  -2.4203964e-02   3.8713838e-01  -7.9789477e-02   1.3290330e-01  -1.0322479e-01   1.0789702e-01  -6.5965087e-02  -1.5485413e-01   3.9142155e-02  -1.8901831e-01   4.0979535e-02   5.7818731e-02   3.6919149e-02  -7.5419360e-02   4.0235442e-02  -9.7242326e-02   8.0497220e-02   2.1734586e-01  -2.6955589e-03  -2.1466447e-02  -1.2753668e-01   1.8685245e-01  -1.0178896e-01   3.1405926e-02   1.9301350e-01   1.7320959e-01   2.6321144e-02  -1.4527232e-02  -2.1158655e-01   3.1176275e-02   2.9343853e-01  -1.4351689e-01  -1.2826531e-01  -2.3951425e-01
  -1.5272724e-01   2.4177581e-01  -7.9486562e-02  -1.4980765e-01  -1.7296475e-01   7.3671553e-02   1.6399467e-01  -6.1007314e-02  -1.4814154e-02   3.0427738e-02   9.0583032e-02  -2.4466755e-01   8.8080654e-02  -5.0933535e-03   2.2616350e-01   5.0743247e-02   6.9042452e-02   2.4499105e-02   5.4536705e-02  -2.9789769e-02  -7.5220619e-03   1.7606874e-01   7.8120644e-02  -1.5041481e-01   1.5747603e-01  -1.4237071e-01  -1.0420700e-02   1.7347891e-01  -1.1235097e-01  -3.0327990e-01  -5.1618905e-02   5.7001423e-04  -2.5274511e-02  -9.8060823e-02  -1.4374251e-01  -1.7682222e-01   7.4754516e-02   4.0430799e-02   1.4362275e-01   1.3892312e-01  -5.3659623e-03   1.8274777e-01   2.1622384e-01  -1.5891328e-01   3.3459288e-01  -1.7399036e-01   1.4244410e-01   1.1256760e-01  -2.2643764e-01
  -1.3790248e-01  -5.7783491e-02  -3.6008557e-02  -1.9985441e-01   1.0583606e-01   6.6396287e-02   9.9269499e-02   2.3309651e-01   3.2713391e-02   3.7776593e-01   3.8621527e-02  -4.6589500e-02   1.6839810e-02  -2.2870709e-02   2.2440360e-01   3.0163143e-02   1.0556468e-01  -1.7211561e-01   1.3658844e-01  -1.0976735e-01  -1.1171345e-01   1.8559426e-01   1.0643735e-01   2.0441567e-01  -2.3397517e-01   1.9006985e-02  -8.3686181e-02  -8.3873524e-02   4.2626778e-03   1.8417140e-01  -7.6135882e-02   1.5391924e-01   1.0065665e-01   5.4161811e-02   3.7326936e-02  -2.8368381e-01  -1.3358183e-01   2.7451657e-01  -1.1043239e-01   5.6855755e-02   1.2867223e-01   1.0470704e-01  -1.4071862e-01   9.0970630e-02  -1.4622346e-01  -2.3064019e-01  -4.5085508e-02   7.4515317e-02   1.0810895e-01
  -1.5528827e-01  -3.8013538e-02   5.3079953e-02  -1.0296965e-01  -1.5970409e-01  -2.9560481e-01  -2.2839694e-01  -4.2893866e-02   2.7036252e-01  -1.7280685e-01   2.3431237e-01   2.3195275e-01  -1.5197440e-01  -9.7312432e-02  -9.3374475e-02   2.9673424e-02  -1.1978113e-01  -1.0666410e-01  -4.9151042e-02   2.3149042e-01  -3.4813609e-02  -1.1798818e-01  -2.0233642e-02  -3.0553437e-02  -6.5624674e-02   1.0272029e-01  -3.0439589e-01   5.4709535e-02   4.5223513e-02   1.6747038e-02   1.4383095e-01   4.1597213e-02   1.0508142e-01   8.5410530e-02  -1.8006101e-01  -2.3908848e-01  -1.3582886e-01   3.3927605e-02   1.3157066e-01   1.4375224e-01   1.0081012e-01   1.4058515e-01  -6.8383501e-02   2.3068337e-02  -4.1477520e-02  -2.9605464e-02   3.0005896e-01  -3.9168917e-02  -1.0974469e-01
  -1.6268220e-01  -6.1652081e-02   3.6584297e-02  -2.2905478e-01   2.5893734e-01   2.0671803e-01   5.7064151e-02   2.0770783e-01  -1.0107867e-01  -1.3921672e-01  -6.1730175e-02  -6.1036491e-02  -1.0451831e-01  -4.0580867e-01  -9.5657544e-02  -5.8379762e-03   5.8030978e-02  -1.1380877e-01   2.3671864e-01   7.3440721e-03  -2.2346242e-01  -3.3529844e-01  -2.7373234e-02   2.8919691e-02  -6.9222417e-02  -1.6169609e-01   1.9080425e-02   1.0320034e-01  -2.7752370e-02   5.5764585e-02   1.6925413e-02  -1.8101551e-02  -6.0250844e-02   5.4376495e-02  -1.1896467e-01   8.7630597e-02  -7.5733799e-03   3.7331371e-02  -1.7609748e-01  -6.3304312e-02  -1.0762085e-01  -8.2526137e-02   1.2911121e-01  -1.3974968e-01   1.1589894e-01   1.9048224e-01   2.8964631e-01   4.1791255e-02   1.3666588e-02
  -1.5868833e-01   2.5287165e-01  -2.7404285e-01  -7.7336773e-04   9.6895979e-02   1.5702815e-01  -4.6575024e-02  -2.7642889e-01   8.7207152e-02  -6.3509347e-02   9.2112285e-02  -1.1531189e-01   3.5155165e-02   7.1447949e-02  -8.6625578e-02   1.4940920e-01  -4.4416427e-02   2.9395120e-02   9.3234675e-02   7.3004909e-02  -4.5128124e-02   7.5675000e-02  -2.1935158e-01   4.9845421e-02  -1.4161226e-01   1.8479758e-01  -9.8107132e-03  -1.6873746e-02  -2.5624171e-01   1.5435116e-01   2.7019454e-01   1.0315671e-01  -1.7024607e-01  -1.5890511e-01  -1.2392090e-01   2.5931412e-02  -6.0961722e-02  -9.0929296e-03   1.4345356e-01  -5.3415898e-02   1.5906140e-02  -8.2570620e-02  -9.7824793e-02  -8.1475517e-02   6.5679482e-02   1.9482259e-02  -1.8677108e-02   1.9678347e-01   4.3136985e-01
