  -1.2850497e-01   8.6752229e-02   6.4035625e-02  -1.3094588e-02   4.1928071e-02   4.1928996e-01   9.4901853e-03  -6.3635438e-03  -4.6647642e-02  -6.5519927e-02   3.2649180e-02  -9.6678592e-02  -1.1574063e-01  -3.7095905e-01  -7.1209907e-02   4.5452770e-02  -1.2940995e-01  -2.2534881e-01  -1.2320255e-01  -3.5089753e-01   2.8917850e-02  -9.1927912e-02   7.4528691e-03   4.9727586e-02  -1.0285677e-01  -4.7118758e-02  -1.0311290e-01   1.0213774e-01  -5.5264714e-02  -9.2694391e-02   1.5107475e-02   1.5574558e-01   1.8880338e-01   1.8307517e-01   1.1333285e-01   5.2153378e-02  -2.3822596e-01  -1.2304309e-01   5.8080489e-04  -5.4974230e-02   1.5808414e-02  -1.1028177e-01   7.3401345e-02   9.9500428e-02   1.4827740e-01   3.2362752e-01   1.0018997e-01   7.4916467e-02   4.0130429e-02
  -1.3877178e-01   1.6595777e-01   6.3598072e-02  -1.3982270e-01   1.9891589e-01  -1.3950638e-01   4.9320676e-02  -2.6470032e-01   3.7606914e-02  -1.6595029e-01   1.6423644e-01   3.6391369e-01   1.6942640e-01  -1.5965381e-02   4.4935181e-02   2.5974177e-02  -3.5129270e-02  -1.0816535e-01   1.4745866e-01   2.6889136e-02  -3.4217805e-01  -6.7570124e-02   2.4081642e-01  -6.2300061e-02  -2.0295736e-01   1.0468811e-01   9.0155744e-02   4.6882512e-02   6.8055119e-02  -2.0590412e-01   2.8086768e-02   2.0171024e-02   4.4325656e-02   1.1651034e-02   3.3490150e-02   9.2701274e-02   8.4354751e-02  -1.8150122e-02   9.1943449e-02   4.7962382e-02  -2.8807387e-02   1.3084368e-01   2.0077186e-01   3.1593599e-01  -2.8853778e-03   9.2951619e-03  -8.9871111e-03  -2.1941215e-01   1.0967344e-01
  -1.4161993e-01   2.8834727e-01  -9.1652460e-02   9.6122345e-02  -1.6235542e-02   5.8277585e-02  -1.5272026e-01   1.9271116e-02   6.7807760e-02  -4.8647195e-02  -2.1846842e-01  -2.9068494e-01   1.6059931e-01   1.8283053e-01  -9.1811074e-03  -6.2956283e-02  -2.0740215e-01   1.6078002e-01  -2.7438207e-01   2.6221277e-01   7.8279555e-02  -2.2931734e-02  -1.7649503e-03  -2.7597925e-01   1.9168130e-02  -1.5211007e-03  -1.3594889e-01  -1.1583248e-03   2.4803567e-02   6.8185407e-02   7.8850471e-02   1.3346556e-01   1.9023744e-02  -8.7499702e-02   1.2856024e-02   7.6594934e-02  -1.4816556e-01  -7.4536164e-02  -6.7359490e-02   2.1773400e-01  -1.8745454e-02  -4.1261928e-02   7.0798179e-02   3.5391710e-01  -1.8054758e-01   2.6006103e-02   1.4162990e-01  -1.3083115e-01   9.5885500e-02
  -1.5959984e-01  -1.0536815e-01  -2.1896796e-01  -9.9112921e-02  -2.6772771e-02   3.7947353e-02  -1.2949859e-01   5.7793966e-02  -1.6404272e-02  -9.5852752e-03  -5.1410579e-02   7.0115519e-02  -2.1180267e-01   6.7774765e-02  -2.4859314e-01  -3.6507414e-02  -2.0525337e-01  -3.6134926e-02   9.4653532e-02   2.6792631e-02  -1.6991873e-02  -1.7421461e-02   1.4550109e-01  -1.7241645e-03   3.9632716e-02   2.4461737e-02   8.3045947e-02  -2.0195784e-01  -2.2463053e-01   5.6731037e-02   1.4680308e-01  -1.0374145e-01  -3.1790217e-02  -2.2228333e-01  -3.4735831e-02   4.2139636e-01   9.9729886e-03  -5.2272179e-02  -2.1473291e-01  -1.4689925e-02   3.0407779e-01   5.5357635e-02   1.1289671e-01  -8.6610097e-02   2.1983589e-01   6.8725300e-02   9.3386193e-03  -1.9447169e-01  -2.5897861e-01
  -1.3985349e-01   1.6801796e-01   1.0092159e-01  -1.5108254e-01  -1.1086503e-01  -2.3130730e-01   1.8041679e-01   2.0100891e-01  -8.1662609e-02  -4.0274272e-02   3.7489006e-02   9.3645439e-02   2.0804159e-01   5.4506576e-02  -1.5998881e-01   1.2223423e-01  -2.1159364e-02   4.2444853e-02   1.4994219e-01   1.1707319e-02  -9.9257412e-02  -1.1263522e-01  -1.5626868e-01  -7.2420266e-02  -4.0949793e-02   9.5372517e-02   3.4515447e-02   2.4232372e-02  -1.2732437e-01   1.9909470e-01   3.6302722e-02   1.8060492e-01   3.7686505e-01  -1.0666111e-01  -7.8450096e-02   4.4962192e-02  -1.0166023e-01  -9.7500432e-02  -4.5580875e-02   2.1481851e-01   6.0786183e-02  -2.2863677e-01  -1.1692109e-01  -2.9496736e-01   6.7214438e-02   8.6585912e-02  -1.3189290e-01   8.6016529e-02   2.6960037e-01
  -1.3611281e-01   1.6032259e-01  -1.0330273e-01   1.6996770e-01  -2.0764542e-02   1.7198475e-01   1.7249896e-01  -1.1072051e-01   3.1278930e-02   2.8610620e-02   2.5317085e-01  -7.9489345e-02  -2.5854085e-02   1.4488870e-01   4.6954889e-02   8.9115379e-02   1.0894229e-02  -2.9230174e-01  -9.3862104e-02   2.3087556e-02   6.0243889e-02  -8.4348295e-02  -3.4266699e-02  -2.7617778e-01  -1.3379814e-01  -6.9259823e-02   9.6242270e-02  -2.0816371e-01  -4.2209314e-02  -1.4554930e-01  -3.7880307e-02  -6.7006520e-02  -1.4392416e-01   4.1177380e-02   1.1625160e-01   2.7253796e-02  -1.0551513e-01   3.4628174e-01  -1.2211864e-01   1.2116652e-01   5.0879359e-02  -1.9246461e-02  -4.2476544e-03  -1.6769090e-01  -1.3884746e-01  -2.6421626e-02  -4.4807276e-01   6.1134486e-02  -8.2664558e-04
  -1.3442776e-01   1.8572916e-02   1.8708308e-01  -2.0300916e-02  -1.9552039e-02  -1.5570803e-01   1.4422127e-02   1.7985254e-01  -3.2700580e-02  -2.0152194e-02  -2.2884100e-01   3.3015072e-03   2.4095524e-02   2.3274979e-01   1.3713689e-01   1.0134534e-01  -9.7224613e-02  -1.6243029e-01  -8.1567178e-02   9.1156255e-02  -2.8706420e-02  -1.0234444e-01   1.3342436e-01   5.8006495e-02   7.8186992e-03   1.4068105e-01  -1.9145474e-01   8.3522394e-02   1.5344281e-01  -2.9876612e-01  -8.3280594e-02  -1.3135494e-01  -1.3716375e-01   1.2815307e-01   3.7052878e-02   7.4591188e-02   6.1131843e-02  -1.0229009e-01  -2.0353818e-01  -2.4380849e-01  -3.9637127e-02  -3.4148592e-01  -3.1321949e-01   7.7827398e-02   2.2113184e-01   8.1216580e-02  -1.5207279e-01  -2.1767596e-02  -9.4204684e-02
  -1.4021547e-01   1.5862160e-01   3.5639933e-02  -5.1349859e-02   1.2902241e-01  -9.4838012e-02   3.2345201e-01  -2.1776222e-01  -1.0415511e-01  -3.1381278e-01  -1.0737420e-01  -1.4237658e-01  -1.4055602e-01   1.5517302e-03  -2.6686131e-01  -8.2614260e-02   3.5876076e-02   4.1799138e-02  -1.6656992e-02   2.5772662e-02  -2.1447514e-01   4.8609037e-02  -3.3207627e-01   1.1003266e-01   8.9574729e-03   1.0928636e-01  -1.2415289e-01  -1.1688572e-01  -1.0462788e-01   1.3277743e-01  -1.9704949e-01  -1.1397092e-01  -8.8550774e-02   2.8770915e-02   1.1911600e-01   5.7788028e-02   3.4821051e-02   1.8020039e-01  -9.4148155e-02  -1.0826813e-01  -1.4532833e-01   1.4993057e-01  -2.0524574e-01   2.5866925e-02  -8.2104582e-02   1.1019663e-01   1.9980397e-01   2.0320694e-02  -1.1121015e-01
  -1.2992428e-01   1.7677343e-02   6.5985310e-02  -5.7050638e-02  -2.6646560e-01   1.0602100e-01   3.4287869e-02  -1.7667927e-01   2.5955640e-02   7.0905779e-02  -6.3047204e-02   1.9452518e-02   3.1140656e-01  -1.1307028e-01  -3.0517049e-02  -2.2912672e-01   2.8718019e-02  -1.8957752e-01  -7.3489701e-02   1.0858409e-01  -4.7485260e-02   1.3809606e-01  -5.2813062e-02  -1.9654364e-01  -9.5731920e-03   6.0021694e-02   1.9054633e-01  -3.5787303e-01   1.4746662e-01   8.6042079e-02   3.7261951e-01  -6.9247558e-02   3.4426209e-02   5.3613562e-03  -1.2356874e-02  -1.2595245e-01   6.8366539e-02  -4.9299685e-02   1.6291698e-01  -1.9495602e-01  -1.6563082e-01  -1.1980873e-01  -7.8359826e-02  -6.9385215e-02   2.0092079e-01   2.7997008e-02   1.4115948e-01   4.2023219e-02  -1.5900224e-01
  -1.5527620e-01   7.3350369e-02   9.0953214e-02   2.3258047e-03   1.9586518e-01   1.2789976e-01  -1.0836824e-01  -1.3422115e-01  -2.2301710e-01  -1.6135515e-01  -6.4536394e-02   1.9112344e-01  -2.7694298e-01   2.9359607e-02   1.3371243e-01  -2.5050506e-02   2.4611132e-02  -1.8499894e-01  -4.0719483e-03   2.6803033e-01   2.3363255e-01   5.8937992e-02  -2.3377539e-03  -1.1083101e-01   9.0147439e-02  -1.8207939e-02   1.4206404e-01   1.6481816e-01  -5.6423962e-02  -9.2178191e-02  -3.1541706e-02   6.8218592e-03  -3.4186496e-02  -2.6510322e-01  -1.7938864e-01  -9.4856924e-02   1.8085479e-01  -1.0567972e-01   1.8542816e-01   2.7853910e-01  -1.0218337e-02   1.0752409e-02  -1.8541319e-01  -8.4371803e-02   3.1874722e-02   2.0868313e-01   9.1027474e-02   2.3488613e-01  -3.8060298e-02
  -1.3747632e-01   5.4548808e-02  -6.9372102e-02   5.7810975e-02  -1.2683028e-01  -3.0520062e-01  -1.2491121e-01  -2.7442945e-01   4.3105051e-02   2.1896669e-01   3.4989440e-02   1.6857169e-01   4.2646722e-02  -6.9866691e-02   1.4806717e-02   8.0061011e-02   2.2414139e-01   1.7234007e-02  -1.4940646e-01  -2.4752918e-02   1.3495898e-01   1.1641116e-01   1.5545712e-01  -5.9755671e-02   8.3392027e-02   2.4396310e-01   6.7296643e-02   7.0722439e-02  -1.1409666e-01  -8.4031846e-02  -1.7789461e-01  -5.6898377e-02  -1.2670212e-01   1.3679929e-02   7.0341893e-02   6.2570468e-02  -4.0562130e-01  -6.6037076e-02  -1.5265827e-01  -8.8697840e-02  -1.3026237e-02  -3.9489531e-02   7.1127232e-02  -2.1505137e-01  -1.4296805e-01   1.6568831e-01   2.8330442e-01   7.1731610e-02   4.0100500e-02
  -1.5389559e-01  -1.4077088e-01   2.8386157e-01   5.1570532e-02  -1.0461868e-02   1.3665104e-02  -1.6817352e-01   7.8212506e-02   9.8806767e-02  -2.0692969e-01   7.8188047e-02   8.1026278e-02  -1.6170716e-02  -6.1396775e-02   1.8269014e-02   1.3813631e-01   2.4912370e-01   2.0831734e-01  -3.6196628e-01  -3.3804243e-02  -1.8006196e-01  -8.0428362e-02  -1.0988109e-01  -1.5162315e-01  -1.6944103e-01   3.6561501e-02  -6.7818607e-02   1.8275696e-01   8.8370101e-02   2.2399912e-01   2.0809938e-01   9.3330903e-02  -2.6668483e-01  -7.0433839e-02   1.4567824e-01  -1.4628921e-03   1.2156802e-02  -1.2100579e-01   2.3459110e-02  -8.9021948e-03   1.3121706e-01   1.9217517e-01  -2.5075475e-02  -1.5844152e-01   4.7953010e-02   8.4964944e-02  -1.7707321e-01  -8.3135909e-02  -1.4086849e-01
  -1.4373762e-01   1.2753825e-01  -2.7365137e-02  -2.4801707e-01  -3.1145995e-02   2.0043227e-01  -1.3226802e-01  -2.3855736e-02  -2.7042095e-01   9.9507805e-02  -2.2979503e-02   8.7389355e-02  -2.4157956e-01   1.4613086e-01  -2.4164169e-02  -1.4191157e-01   3.3200686e-02   1.9491433e-01   1.6098375e-01  -1.0571836e-01  -2.0864268e-01   4.7130910e-02   1.7856528e-01  -9.7053642e-02   1.2047530e-01   5.2045547e-03  -2.1613255e-01   6.6959067e-02  -3.3544162e-02  -7.2640778e-02   3.2818153e-01   1.2230070e-01  -1.7705982e-01   2.3481714e-01   6.8146820e-02  -1.4373120e-01  -5.3192542e-02   1.6248921e-01  -8.8532423e-02   7.9710953e-02  -1.0682784e-01  -6.3086067e-02  -9.0475457e-02  -1.9437771e-01  -4.9830367e-02  -2.0388772e-01   9.3235241e-02  -2.7503238e-02   1.4781545e-01
  -1.3544751e-01  -4.7526738e-02  -9.9064791e-02   2.2317216e-01   4.3884234e-02  -2.1058473e-01   7.6019707e-02   3.3087194e-02  -1.8445912e-02  -9.5324773e-02  -1.4529879e-01   1.0536070e-01  -4.7803928e-02   3.0754110e-02  -8.5240500e-02  -1.9308562e-01  -1.6540431e-01   5.8171273e-02  -6.3506658e-02  -2.9902415e-01   7.7914849e-02  -6.9269131e-02  -1.0958054e-01  -1.8182483e-01   2.7819677e-01   1.3039782e-01   7.8285381e-02   1.0143667e-01  -2.8182338e-02   4.6852479e-02   4.3828610e-02  -2.7152979e-01  -1.2745633e-01   2.0328710e-01   2.0718673e-01   7.5204007e-02   7.4636568e-02  -5.5597631e-02   3.3709187e-01   1.1545664e-01   2.9220915e-02  -9.6191368e-02   2.2046199e-01   5.6878268e-02   1.5744802e-01  -9.7008993e-02  -1.2144134e-01   1.7102505e-01   1.6034433e-01
  -1.4453910e-01  -3.6189306e-02  -1.1050812e-01  -1.6658745e-01  -1.0696789e-01  -5.4219424e-02   1.4839240e-01   5.0299874e-02   1.1348009e-01   1.4790452e-01  -3.2551353e-01  -3.1577425e-02  -4.8761983e-02  -5.1937023e-02   1.1574000e-01  -1.7851746e-02   2.4628136e-01  -4.6341930e-02  -7.5843046e-02  -1.5683417e-01  -2.8251211e-02  -6.1921216e-02   4.1325841e-01  -4.5307382e-02  -1.5851357e-05  -2.8605775e-03  -1.1206657e-01  -2.5454726e-01  -1.3896170e-01   1.7091157e-01  -1.0202754e-01   3.3253326e-02   7.6354470e-02   5.1440884e-02   5.4017025e-02  -1.0376570e-01   2.0205872e-01  -2.4443839e-02   9.9779194e-02   9.7792036e-02   1.8027752e-01   2.5141626e-01  -2.0309465e-01   1.5771073e-01  -1.1327241e-01   1.8165699e-01  -1.2544051e-01   1.2666901e-01   8.8548374e-02
  -1.4691239e-01  -1.3639258e-01  -1.0088062e-01   1.5567401e-01   1.7314087e-02   4.0788649e-02  -1.5862102e-05   2.9310949e-01  -4.7764573e-02  -1.4093616e-01   7.6020899e-02  -8.3311033e-02   1.1311895e-01  -1.2218527e-01  -2.0082263e-01   8.0948892e-05   3.2979737e-01  -1.7661720e-01   1.7555696e-01   7.4986392e-02  -1.1716704e-01   1.4818654e-01   1.3093350e-01   4.4945885e-02  -7.2176762e-02   2.0636821e-02  -2.8580189e-01  -2.5413480e-02   9.9044144e-02  -1.1731850e-01   6.2971917e-02  -4.7043222e-02  -1.1984900e-01  -3.4382813e-01   1.1536078e-01   1.2979055e-01  -6.8018799e-02   3.6376067e-02   1.1977042e-01   1.7997846e-02   3.4073261e-02  -1.7852897e-01   7.5108955e-02   1.1129882e-01  -1.2138282e-01  -1.6239881e-01   1.2506415e-01   2.9789971e-01   7.5682590e-02
  -1.3271314e-01   1.1231153e-03  -5.2963281e-02   7.7587715e-02  -1.0006281e-01  -1.7174738e-01   4.1343040e-02   1.9870313e-01   1.2623916e-01  -4.8433806e-02   2.0418882e-01   1.5583589e-01  -1.7146877e-01   1.9040385e-01  -8.9416927e-02   3.2879468e-02   2.4107315e-02  -2.6386796e-01   1.1408624e-01  -8.1850388e-02   1.7291449e-01  -2.4943464e-01   8.2521526e-02  -9.3848892e-02   9.5741329e-02  -1.0754858e-01   5.1642965e-02   6.1898545e-02   1.7661321e-01   3.1356411e-01  -4.4636149e-02   3.5140623e-01  -4.7767220e-02   1.2496939e-01   1.3228955e-02  -2.9484183e-02   4.0799888e-03   1.5371888e-01   8.9572188e-02  -4.9705398e-02  -1.3956007e-01  -6.7432333e-02  -5.1372387e-02   1.2492697e-01  -6.5364678e-02   7.3040062e-03   2.7385717e-01  -1.1058281e-01  -2.5899784e-01
  -1.4595228e-01  -1.5752868e-01  -1.7997074e-01   1.9833042e-01  -9.9110836e-02   9.4659820e-02   1.8158142e-01   2.6510197e-01  -1.5074985e-01   1.2696716e-01  -1.3503681e-03   6.8224474e-02   4.3902476e-03  -1.0809928e-01   1.4398903e-01   7.2224773e-02  -5.7284694e-02  -1.0627676e-01  -1.2660389e-02   1.5751202e-01  -1.9463482e-01   1.3188708e-01  -1.5204799e-01  -2.6803436e-02   8.3743402e-02   3.9053699e-01  -1.0616475e-01   8.6671074e-02  -1.4756960e-02  -4.0456009e-02   5.3787409e-02   4.2717244e-02   2.1932663e-02   2.6786479e-01  -4.0512635e-01   6.1676294e-02  -1.4608178e-02  -2.5143274e-02   2.6232556e-02   6.6872205e-02  -8.8749162e-02   2.4400355e-01   9.8662104e-02   4.8252476e-03  -1.4041664e-01   9.3364954e-02  -4.5392680e-02  -8.4098794e-02  -1.2046351e-01
  -1.3260225e-01   1.3324716e-01  -1.7985808e-01  -1.2498067e-02   7.1038559e-02   2.2059923e-01   1.4193979e-01  -6.5935357e-02   1.6962323e-01   1.3398474e-01  -9.7077060e-02   5.2380053e-02   2.0734325e-01   2.1591286e-02   6.9392189e-03  -1.1392522e-02  -1.9899312e-01  -5.4823079e-02   1.3613580e-02   1.2007104e-01  -2.1016987e-02  -2.5254763e-01   6.3044951e-02   1.9607542e-01   1.1725616e-01   9.9856047e-02  -1.0413993e-01   2.4939540e-01  -1.3518972e-02  -6.9316368e-03  -7.7181123e-02   5.2012315e-02   1.9856543e-02  -2.1004940e-01   2.1708719e-01  -8.8772042e-02  -1.8350050e-01  -9.4062042e-02   2.5820269e-01  -1.1001887e-01   3.0443738e-02   2.4762525e-01  -1.5304699e-01  -2.4327403e-01   5.1646708e-02  -2.9114665e-01  -2.4279884e-02  -2.4481788e-03  -1.6800232e-01
  -1.2900154e-01   1.0746490e-01   3.7521015e-01   4.4128820e-02   5.9567441e-02   7.0732621e-02  -3.1764814e-02   8.5849816e-02  -1.6346001e-02   8.4390404e-02  -2.9009534e-01  -3.1280463e-02   1.5534914e-01   1.8142870e-01  -4.8643683e-03   1.8068275e-02   3.7204016e-02  -3.8489982e-03   1.1436307e-01   3.1894169e-02  -4.1347800e-02   1.4719898e-01  -1.6363390e-02   3.4997328e-02   7.9093713e-02  -1.3766664e-01   2.7512214e-01   8.9263147e-02  -1.0048245e-02  -3.7098316e-02  -3.0970234e-02   2.4639491e-01  -1.3204936e-02   1.4187319e-01  -5.6901276e-02   2.2106597e-01  -4.6700601e-02   2.6734375e-01  -7.9765624e-03  -2.2646759e-01   2.2057327e-01   2.2552631e-01   2.0599498e-01   1.2844601e-02   3.1827953e-02  -3.3699438e-02   3.8845496e-02   3.2643598e-01  -1.0010528e-02
  -1.5016005e-01  -2.2027668e-02   1.0197142e-01   1.4622099e-01   3.4327384e-02  -3.1757122e-01  -1.3950194e-01   4.1282506e-03  -2.3315624e-01  -1.2402475e-01  -6.6987782e-03  -3.9938845e-02   2.9482270e-02  -4.3491942e-02   1.6244082e-01   2.6894013e-02  -1.9785768e-01  -1.4572330e-01   9.5241049e-02  -1.0545348e-01   5.7209333e-02   1.5644200e-02   3.2131721e-02   1.0740385e-01  -1.2968254e-01  -2.2452276e-01  -8.3716973e-02  -9.1650206e-02  -3.3164042e-01   1.2755776e-01   2.2536108e-01  -1.0143789e-01  -5.9003007e-02  -6.0465366e-02  -1.6987929e-01  -2.2095949e-01  -3.8087286e-01  -2.7629997e-02   4.5556448e-02  -1.3259504e-01  -6.9753222e-02   1.8208526e-01  -1.1256308e-01   1.5180978e-01  -9.3850412e-03  -1.2815997e-01  -1.2127430e-01   1.2238502e-02  -1.9597291e-02
  -1.4269705e-01   3.8580634e-02  -3.5505941e-01   3.9826603e-02   1.2768193e-01   8.4814021e-02   5.2745223e-02  -8.0688296e-02   4.2131550e-02  -2.6993725e-01   1.3087797e-01   1.1970124e-01   2.0449795e-01   1.0101562e-01   2.0981936e-01  -1.2897309e-01   2.5203116e-01   2.3230293e-01   1.2916553e-01   1.1073191e-02   2.7109695e-01   1.7855622e-01  -1.2805089e-02  -6.5856801e-02  -6.1408965e-02  -6.0820290e-02  -1.3382246e-01   1.6783183e-01  -1.6933469e-02   9.6041133e-02   6.5481011e-02  -3.9102335e-02   2.5220670e-01   2.1487923e-01  -6.2530187e-03   1.9216541e-02   5.1302314e-03  -7.7756049e-03  -2.2070675e-01  -1.3252151e-01   1.2135332e-01  -6.1484649e-04  -7.7004190e-02   7.9101653e-02   1.9416956e-01  -3.3373418e-03  -6.1520133e-02   1.2449251e-01  -1.5945437e-01
  -1.5243515e-01   6.7851876e-02   8.5529131e-03  -1.6138222e-01  -3.0442258e-01   1.3001639e-01  -5.8585800e-02  -1.3110922e-01   2.3067168e-01  -6.7815940e-02  -5.0847860e-02  -7.7354790e-02  -1.3919315e-01   1.6765397e-01   9.5562603e-02   2.7602276e-02   1.1356674e-01   1.3108136e-02   2.4460228e-01  -2.5666521e-01  -3.8422436e-02   2.6778120e-01  -1.3503703e-01   2.3498400e-02   1.8850684e-01  -2.5179018e-02  -1.8618605e-02   8.0548196e-02   1.9037211e-01   4.1056324e-02  -1.4466291e-01  -3.1999500e-02  -5.4766564e-02  -2.5519115e-01  -1.8125274e-01   1.1754743e-01  -2.0873390e-01  -7.3715044e-02   1.3646305e-01  -8.4359372e-03  -2.1359716e-01   2.4952231e-02   1.4970842e-02   1.1600666e-01   6.3575161e-02   8.6983820e-02  -2.8792943e-01  -1.3782286e-01   5.0363023e-02
  -1.5886307e-01  -7.0896386e-02   1.5984034e-01   2.9580516e-01  -6.7235780e-02  -3.5250436e-02  -1.4362940e-01  -9.2827261e-02  -4.5193704e-03  -9.0039807e-02   7.9988236e-02  -1.5955474e-01  -7.8081975e-03  -1.7796086e-01   1.6792775e-01  -9.2075018e-02  -1.6710700e-01   8.5432128e-02   2.2114426e-01   3.2129605e-03  -2.8377988e-02  -1.5286389e-02   1.4646380e-01   1.1707170e-01   2.2215790e-01   3.3801979e-01   8.7290069e-03  -9.6799741e-02   1.1405155e-01   7.9050797e-02  -7.0251103e-02   1.8160185e-01   1.0233013e-01  -1.7590233e-01   2.2333046e-01  -2.6000796e-01   1.2953338e-01   1.7896047e-01  -3.1356765e-01   1.1295875e-01  -1.0809389e-02   3.6678501e-02   1.0231144e-01  -3.6102567e-04   1.3977336e-01   6.3609377e-02  -8.4033849e-02   3.1223991e-02  -1.9695484e-02
  -1.4030113e-01   1.8119023e-01  -1.5706043e-01  -2.1045599e-01   5.1365037e-02  -1.5206494e-01   3.2924313e-02  -4.6981364e-02   2.7881718e-02   1.7295188e-01   1.1080859e-01  -3.6137302e-02  -7.9395935e-02  -1.5201728e-01   6.2657944e-02   1.8149523e-01  -1.8543693e-01  -4.9219788e-03   1.2460255e-01   7.9489490e-02  -1.1864226e-02   1.3818952e-02  -2.0493011e-01   1.7742129e-01   2.6791687e-02  -9.3612073e-02   4.2031704e-03  -5.6143283e-02   4.6800587e-01   1.1401649e-01   1.6264262e-01  -1.0286342e-01  -2.3080013e-01   9.0737394e-02   5.3676180e-03  -1.0702298e-01  -2.5036069e-02  -1.4745104e-01  -9.4264546e-02   6.6593477e-02   3.6922061e-01   1.9208605e-02   1.6684791e-02   8.6597561e-02  -8.6779605e-02   8.7367458e-02   1.6466597e-02   2.4169733e-01   1.2119518e-02
  -1.4904211e-01  -2.1391495e-01  -1.3950309e-01  -3.7737500e-01   8.8276216e-02   2.9998570e-02  -1.9005959e-01   3.7826897e-03  -2.6691451e-02   6.2645115e-02   1.2574947e-01  -1.6342709e-01   2.6328920e-01   6.5763589e-03  -2.7980102e-01   2.0351050e-01   1.1154362e-02  -1.4165458e-01  -1.3417602e-01   1.2595158e-02   1.3388615e-01   1.1910372e-02  -4.3610129e-02   3.4470075e-03   4.0370970e-02   1.4847230e-01   8.9666316e-02   1.4457055e-01  -1.3363298e-01   7.2336930e-02  -1.2313657e-01   1.9770962e-02  -2.0885959e-01   4.8393849e-02  -9.9045527e-02  -1.6477865e-01   9.3123500e-02   1.7330160e-01  -9.6871011e-02   7.7415428e-02  -1.4994635e-01   1.0848423e-01  -9.4609956e-03   1.7980254e-01   3.1402662e-01  -7.7080581e-02  -3.4500883e-02   6.5356256e-02   1.6065099e-01
  -1.3055757e-01  -2.0932775e-01  -1.7850507e-01   1.0711112e-01   1.9493074e-01  -4.7433203e-02   1.6277204e-01  -6.4638833e-02  -2.7661709e-02   1.3579936e-01   5.6290044e-02  -3.9252323e-02  -1.0006953e-01   1.2168911e-01  -2.0826323e-02   1.5924102e-01  -3.0552290e-02   1.3892988e-01  -3.0016554e-01   2.2880375e-02  -4.1038065e-01   5.3138295e-02   1.6456771e-01   1.3199909e-03   2.4219064e-01  -3.0724861e-01   1.5498320e-01   1.1822901e-01   9.2594303e-02   2.6695332e-02   8.3612065e-02  -6.7060544e-02   2.5725845e-01  -1.7251099e-01  -5.9938383e-02  -1.3575544e-01  -8.7346111e-02   1.3482420e-01  -2.5586359e-02  -9.9852765e-02  -1.2019738e-01  -1.4677382e-01   2.5421585e-02   4.5036288e-02   7.2117201e-02   1.4382564e-01  -8.3578988e-03   9.6313581e-02  -3.2363595e-02
  -1.5556183e-01  -7.3781577e-02  -8.2399577e-02  -1.1465874e-01   3.9274145e-02  -1.4123318e-01  -2.3241450e-01  -1.0539845e-02   9.8133404e-02  -3.0617794e-01   5.8281944e-03  -3.0581704e-01   1.0295191e-01  -9.9788637e-02  -1.5902280e-01   7.4575036e-02  -9.1325872e-02   1.9966268e-01   1.1484493e-01  -4.8528645e-02  -4.4163355e-02  -8.6553168e-02   1.5853308e-01  -8.4806101e-02   2.9094152e-02  -7.1021999e-02   1.0174072e-01  -1.1036080e-01   7.5095112e-02  -3.2043420e-01  -1.1233085e-01   6.1591556e-02   6.6877514e-02   2.3461618e-01  -1.6146395e-01  -3.4346897e-02   1.2244174e-02  -9.4857269e-02   2.0092067e-01   5.7194695e-02  -7.0327911e-02  -1.0226961e-02  -2.3648706e-02  -2.5592333e-01  -2.1760147e-01   2.8134649e-02  -6.8121503e-02   1.0274519e-01  -3.0626033e-01
  -1.4170109e-01   2.1238547e-02  -1.9993690e-01   2.6505953e-02  -2.2250241e-01  -1.3976470e-01   5.4889355e-02   7.2551822e-02  -4.2105454e-02  -5.7925913e-02  -4.3107733e-02  -2.8989298e-02  -9.2817777e-02  -4.6603167e-02   5.2528679e-02  -4.9562743e-01   8.1760818e-03  -3.3988952e-02  -1.7858265e-01   7.4981677e-02  -1.6822805e-01  -8.4174865e-03  -1.9125271e-02   1.2549000e-01  -3.0863843e-01  -2.2072452e-01   8.5515483e-02   6.9370168e-02   8.2409221e-02  -1.0349811e-01  -3.0619715e-01   2.0693985e-01  -1.5509117e-01  -2.0202028e-03  -1.4307609e-01  -1.2846138e-01  -3.0690940e-02  -4.9378994e-02  -6.7642535e-02   7.2969312e-02   7.1874538e-02   3.9252903e-03   1.3554246e-01  -1.2361352e-01   2.6431889e-01  -7.7531026e-02   2.3299811e-02  -1.4947390e-02   1.0611968e-01
  -1.3303031e-01  -2.0211211e-01   1.3066955e-01   2.3416904e-02   9.6982843e-02   2.3655451e-02   3.0787887e-02   2.8730670e-02   2.7493766e-01   5.6495232e-02  -1.5015133e-01  -1.0858662e-01   5.1273383e-02   1.1477795e-01   1.5908038e-01   6.1811314e-02  -1.0776943e-01  -1.4547148e-01   1.9487056e-01  -4.9315711e-02  -2.6558295e-02   7.2888220e-03   2.5422344e-02  -1.3519338e-01  -2.5638829e-01  -1.6778830e-01  -1.4132680e-01   9.9593937e-02   9.7589819e-02   1.0458634e-01  -8.1608472e-03  -3.7249606e-01   6.6164936e-02   7.4337685e-02   2.9796341e-02   1.9098392e-02   1.6142755e-02   3.9381260e-02  -1.4700941e-01   2.8233343e-01  -1.7548462e-01   1.4693904e-01   1.0990814e-01  -2.8239423e-01   8.8275558e-02   4.5469916e-02   3.2367947e-01  -2.2551858e-02   6.6895901e-02
  -1.3718143e-01  -3.9028012e-03   7.7611785e-02  -2.1771398e-01  -5.6608022e-02  -1.6418072e-01   2.4108777e-01   4.2568236e-02  -8.1208508e-02   1.6853977e-02  -5.9678932e-03  -9.9044922e-02  -2.4004585e-01  -1.8758527e-01   1.4441923e-01   1.3416566e-01  -7.9235455e-02   1.5540348e-01  -2.0326997e-01   8.3092268e-02   2.8870809e-01   2.4218473e-01   1.5294291e-01   1.3105859e-01  -2.2631483e-01   1.0684277e-01   8.8104129e-02   2.3717096e-02   1.1920125e-01  -1.1656657e-02   1.1629566e-01   6.3057368e-02   1.5568771e-01  -1.3209590e-02   1.6303364e-01   2.6236554e-01  -4.0245830e-02   1.7936290e-01   1.3778008e-01   1.2486813e-01  -2.0580304e-01  -3.1391774e-03   3.7658151e-02   1.2570704e-02   7.8545004e-02  -2.7055939e-01  -4.2445482e-02  -1.4526125e-03  -1.0915625e-01
  -1.5444759e-01  -2.6792778e-01   5.6068036e-02  -1.1550978e-01  -3.4620359e-01   1.0176674e-01  -1.0804297e-01  -1.6150659e-01  -7.7878479e-03  -1.9259112e-01  -1.3236168e-01   1.0166159e-01  -8.0497356e-02  -2.2580372e-01  -1.3192790e-02  -3.6647906e-02  -2.0810684e-02  -1.2789392e-01  -2.1465531e-02   2.0899748e-01  -2.4239804e-02  -1.9440638e-01  -5.3804612e-02  -2.9300609e-02   8.6502109e-02  -8.9346697e-02   1.1767216e-01   2.4506993e-01   1.8904077e-02   1.0098079e-01  -5.5152146e-02  -2.1270242e-01   2.1374148e-01   9.4006293e-02   7.9385370e-03   4.6882317e-02   5.3777340e-03   1.0292734e-01  -1.5319612e-01  -1.0496048e-01   1.4471881e-01  -1.0450696e-01  -5.8695294e-02   1.0099013e-01  -3.3201887e-01  -2.5641941e-01  -4.5492906e-02  -2.5569695e-02   1.3610452e-01
  -1.3501292e-01   3.0023700e-02   1.3573619e-01   2.5601723e-01  -1.9585993e-01   1.6680627e-01   2.4932161e-01  -2.2698403e-01  -2.0705969e-02  -5.1998580e-02   3.0226723e-02   1.2729577e-01   2.1711021e-01   2.5767449e-02  -1.3451420e-01   2.3260834e-01  -1.3097730e-01   1.2305690e-01  -1.0545199e-01  -2.4868468e-01   5.6604290e-02   1.5361736e-01   1.7692456e-01   2.0026801e-01   9.3251453e-03  -1.2731787e-01  -3.9422580e-02  -3.5617689e-03  -6.5320378e-02   4.5297642e-02  -5.5735770e-02   3.2540027e-02  -2.0749598e-01   1.2991985e-02  -2.6150589e-01  -1.7300295e-04   2.1311662e-01  -1.0852085e-01  -9.0093925e-02   2.2831712e-01   1.1312516e-01  -1.6674483e-01  -7.6999108e-02   8.8035222e-03  -4.6115197e-02  -2.1373998e-01   1.2220211e-01  -2.8296389e-02  -7.5868480e-02
  -1.4945913e-01  -3.2067520e-02  -1.0833233e-01   8.1248674e-02   1.9297954e-01   8.0621292e-02  -6.1122299e-02   1.3842332e-01   3.6198108e-01  -1.3430882e-01  -1.9819288e-01   3.3100904e-01  -2.2093742e-01  -2.6289260e-02  -9.0693916e-02   1.9760238e-01  -1.0809901e-01   3.1489679e-02  -7.5351164e-02   1.7608220e-03   7.3396020e-02   1.6075072e-01  -1.3841492e-01  -3.5172485e-02  -6.7672835e-02   4.9258605e-02   5.6082213e-02  -3.2332225e-01   1.3012197e-02  -1.0064167e-01  -1.9404761e-02   1.7221234e-01   5.1022196e-02  -1.1870064e-02  -1.6633088e-02  -1.9370083e-01   1.9339216e-02  -1.2875445e-01  -1.5562446e-01  -2.1095159e-01  -1.3946585e-01   2.5047141e-02   1.0635813e-02  -5.3646391e-02  -4.4750170e-02  -2.1932647e-01   4.6063257e-03   4.9095124e-02   2.6484770e-01
  -1.3418936e-01   1.2560390e-01   1.5705987e-01   3.9079559e-02   2.9249779e-01   4.2983807e-02  -1.0713553e-01   2.7501216e-01   5.1459949e-02   5.5999480e-02   1.7239766e-01   4.4907274e-02   1.0189367e-01  -2.2374252e-01  -9.1092177e-02  -2.4334745e-01  -4.1248251e-02  -2.7068674e-02  -6.9276560e-02   2.1370808e-02   2.2111481e-02   3.3704120e-01   1.4380907e-01   6.5828379e-03   1.8274867e-01  -7.7930706e-02   9.1627836e-02  -2.6708157e-02   1.2889458e-01   1.3697066e-01  -1.9888895e-01  -1.8067718e-01   1.8034987e-02   1.0351369e-01  -2.1904125e-02   4.4169058e-02  -8.8188385e-02   1.0717049e-01   7.2994806e-02   2.9836667e-02   1.3957985e-01  -7.9911204e-03  -3.0900737e-01  -7.8821217e-02  -5.0660144e-02  -4.1036064e-04  -3.9358322e-02  -3.5163925e-01   1.1580608e-01
  -1.5193025e-01  -3.4507255e-01   2.0078543e-02   9.6128418e-02   9.5314988e-02   1.2374750e-01   1.0818591e-01  -2.0202469e-01   1.9248673e-02   1.8699939e-02   7.3159696e-02  -2.0724010e-01  -1.0327069e-01   2.2410766e-01   2.8611922e-02   2.4038421e-02  -4.5345132e-02   1.5385315e-01   1.8419034e-01   1.9641175e-01   6.8316936e-02  -1.2747023e-02   5.0750925e-02   7.6042141e-02  -2.4745065e-01   1.8805408e-01   6.5231188e-02  -6.6932252e-02  -4.3206988e-02   1.1338164e-01  -1.5775761e-02   1.0080167e-01  -1.0099527e-01   1.1558507e-01  -2.3552033e-02  -3.7836242e-02  -1.0844164e-01  -3.7434734e-04   3.4170855e-01  -1.7873615e-01   2.4230773e-01  -2.1430593e-01  -5.8943720e-02  -7.7352487e-03   8.8443804e-03   1.3788760e-01   5.6270560e-02  -1.5609994e-01   2.7798772e-01
  -1.4362608e-01   7.0199146e-03   1.3137779e-01   2.5224809e-02  -7.1865490e-02   7.6856621e-02   1.3220134e-01   8.0666592e-02  -2.2452799e-01  -9.4615023e-03   1.8853720e-01  -4.5378808e-02  -3.6208769e-02  -3.7204798e-02   8.8986235e-02   1.1889571e-01   1.7196921e-01   2.3080607e-01  -1.0565292e-02  -6.8289914e-03   1.2730821e-01  -3.8191022e-01  -2.9341081e-02  -1.8866675e-01   1.9719138e-01  -7.5847898e-02  -2.3815813e-02  -2.7915237e-01   1.7505208e-01  -1.9854496e-01  -1.3091937e-01  -1.4680540e-01   6.3766555e-02  -7.0401419e-02  -1.5031760e-01   6.6736467e-02  -9.0351239e-02  -6.2835037e-02  -1.5252329e-04  -8.9361272e-02   4.7991605e-02   2.6394512e-01  -2.2821275e-02   4.9807201e-02   2.4566516e-01  -1.5567089e-01   2.1751789e-01  -7.0315356e-02   1.7922322e-01
  -1.4122889e-01   9.0897788e-02  -6.5061096e-03   4.6786471e-02  -2.4034078e-01   1.6455905e-01   7.8389561e-02   3.2508615e-01  -9.4853058e-02   6.9986726e-02   9.2728710e-02   9.0664096e-02   2.5719262e-02   8.7326193e-02  -1.7906126e-01  -2.6214189e-02  -8.1173295e-02   2.8422823e-01   1.5241863e-01   4.3028341e-02   9.6444660e-02  -9.8842991e-03   8.3416343e-02   8.1705259e-02  -2.1961815e-01  -3.3158086e-02   3.4665100e-01   1.2838052e-01  -7.7267219e-02  -7.2654878e-02  -5.8533324e-03  -2.5787668e-01  -8.1962506e-02  -4.6845698e-02   2.3065849e-01  -1.8109771e-01   5.3229696e-02  -1.1707838e-01  -6.9646882e-02  -8.9095585e-02  -2.1638458e-01   1.2308421e-01  -1.0830592e-02   1.3188923e-01  -1.6908014e-01   2.5910216e-01  -2.1242388e-02   4.2582645e-02  -1.3163607e-02
  -1.3119581e-01   1.8924639e-01  -8.4152546e-02   2.0846577e-01  -7.0029052e-02  -1.8475145e-02  -2.1585395e-01  -7.8754995e-02   8.7334342e-02   2.6496917e-02   8.4235648e-02  -3.7406161e-02  -6.1926120e-03  -7.3961781e-02   1.8764215e-02   1.0387916e-01   1.5026247e-01  -2.2764789e-02  -9.4887679e-03   2.9421588e-01  -1.3154372e-02  -1.3585172e-01   3.1015085e-02   4.0089996e-01   1.3223252e-01  -2.2814892e-01  -7.4631035e-02  -8.1308338e-02  -1.1758911e-01   1.0359515e-01   1.1365325e-01  -3.4615771e-03  -3.1879077e-02   2.2209562e-01   4.8410875e-02   2.9958829e-01   2.1594041e-01  -5.6206357e-02   8.5500729e-02  -1.0187236e-02  -3.0117077e-01   3.1206425e-02   4.1363105e-02  -1.1760560e-01   9.7385679e-02   1.0898215e-01  -9.3415432e-02  -7.5032754e-03   2.4216274e-01
  -1.4475754e-01  -4.2208907e-02   1.7721688e-01  -7.1845850e-02   1.2353021e-01  -5.3911176e-02   1.4132089e-01   2.2125014e-02   4.0032537e-01   6.6712234e-02   7.3534022e-02  -9.4345782e-03  -2.5849725e-02   2.2635494e-02  -7.5455207e-02  -3.5052467e-01   1.3185946e-01   6.3939740e-02  -9.9152233e-02  -8.0428788e-02   1.7732441e-01  -2.5178427e-01  -7.8706719e-02   2.8270051e-01   6.8078215e-02   1.0828307e-01  -4.9303406e-03   4.7260177e-02  -8.4092125e-02  -2.4664081e-01   3.5648947e-01  -5.4290700e-02   9.7997632e-03  -8.6507323e-02  -2.8291102e-01  -3.9317599e-02  -4.4131979e-02   1.6508381e-01  -9.2209621e-02   1.0601756e-01   1.6035781e-02  -3.6631749e-02   2.0196092e-03   7.3068538e-02  -1.2270888e-01   8.0130622e-02  -6.6158791e-03   1.6177992e-02   2.3289489e-03
  -1.4383900e-01   8.5750610e-02   1.6495405e-01  -1.4085788e-01  -4.0747782e-02   5.0332960e-03  -3.5296988e-02   3.0504236e-02  -1.2571997e-01  -6.5773478e-02   1.7989233e-01  -8.8846467e-02  -7.3987666e-02   3.7575619e-01  -8.9230679e-02  -1.9060387e-02   7.9012512e-02  -2.2036516e-01  -2.2035244e-01   2.3085888e-02   8.6137873e-02   1.5762910e-01   2.7633798e-02   1.9435228e-01   8.4420816e-02   5.9479725e-02  -1.7985216e-01  -7.5097895e-02  -2.5795380e-03   1.9999084e-02  -5.7341113e-02  -1.4131763e-01   2.7897155e-01   6.4812017e-02   7.6473505e-02  -2.6339058e-01   1.0910977e-01  -2.1206659e-01   5.6859866e-02  -8.4547170e-02   1.3839320e-01   5.2433008e-02   4.1398429e-01  -1.0698204e-01  -1.2037739e-01  -6.6354450e-02  -1.1084776e-02  -8.4191681e-02  -5.7550776e-02
  -1.3422321e-01  -1.5685756e-01  -9.3976346e-02  -1.1132507e-01  -1.3692212e-02   1.0261793e-01  -2.2209790e-01   1.2796861e-01  -8.8090573e-02  -3.0308958e-02  -2.2795936e-02   1.8848372e-01   1.8476103e-01   1.6466164e-01   3.6388315e-01   4.9007378e-02   3.6755408e-02   4.3601573e-02  -1.0394228e-01  -1.4513995e-01  -1.2663098e-01  -3.8754418e-02  -3.0992012e-01   2.9403643e-01   1.9021829e-02  -1.4488882e-02   1.3705241e-01  -2.6549478e-01  -9.3418306e-02  -1.0053307e-01  -9.9823853e-02   8.4487263e-03   3.4615787e-02   7.6898629e-03   2.3818869e-01   5.0815685e-02  -8.5275035e-02   1.4784634e-01   1.1064816e-01   2.7532555e-01   5.1567232e-02  -1.3790479e-01  -8.3460231e-02   7.8349767e-02  -7.2068954e-02   2.2173085e-02   1.7121666e-01  -5.0529133e-02  -1.2239633e-01
  -1.2900879e-01   3.3109358e-01   4.5567900e-02   6.3405639e-02  -4.2332187e-02  -1.4874135e-02  -9.4635512e-02   7.4064513e-02   2.1550201e-01   1.9032858e-01  -2.8894077e-02  -9.5054981e-02  -1.9814993e-01  -1.9364077e-01   4.7259027e-02   2.0148664e-01   1.8699785e-01   9.5059340e-02   1.2683161e-01   9.2747803e-02  -1.5555462e-01  -1.2003060e-02  -1.2232538e-01  -1.1765348e-01  -8.8404854e-02   3.7703634e-02   1.6561033e-02   8.0611211e-02  -3.1927086e-01  -1.6420358e-02  -9.6034920e-02  -1.7167188e-01   5.1151553e-02   3.3106291e-02  -7.4253217e-02  -2.3926162e-01   9.3464768e-02   1.2934809e-01   1.4602049e-01   5.9507271e-04   1.5387002e-01  -2.5236303e-01   9.7354483e-02   1.2593051e-01   1.9535031e-01  -1.6298027e-01   8.2404225e-02  -9.2440512e-02  -2.3299798e-01
  -1.5413157e-01  -1.8382426e-01   7.9496166e-02   2.9990328e-02   7.0459966e-02  -5.0663906e-02   2.1367800e-02  -1.3283275e-01  -1.7811256e-01   2.6035611e-01  -2.6298856e-01   2.6346822e-01   9.7917118e-02  -1.2618427e-01  -2.8647042e-01  -4.1590756e-03   7.0740574e-02   1.1548501e-01   1.2482414e-01   1.4165558e-01   2.1776058e-01  -2.4388207e-02  -1.5481907e-01  -2.5909280e-02  -2.3290226e-02  -2.4516267e-01  -3.0934041e-01  -7.1276745e-02   1.1976594e-01  -9.5735855e-02  -9.9874183e-02   9.0438996e-02   3.5213713e-02   9.0422074e-03   8.6284214e-02  -1.2048465e-01  -5.9133248e-02   1.1208744e-01   4.8606638e-02   9.8754341e-02  -4.9564870e-02  -4.7608773e-02   1.7867443e-01   3.6678293e-02   1.8536909e-02   1.5591520e-01  -2.2389108e-01  -2.0738037e-01  -1.6418160e-01
  -1.2838139e-01  -8.3250864e-02  -7.7067841e-02   1.6311362e-01   6.1806942e-02  -1.4484811e-01   7.8077228e-02  -7.5016995e-02  -7.4470485e-02   1.3502259e-01  -8.4556999e-02  -2.8264499e-01  -2.6613715e-02   1.4781714e-02  -6.0945567e-02   4.7733840e-02   2.4565467e-01  -1.9703595e-01   1.1916654e-01  -1.2627561e-01   1.6348979e-02   1.1722142e-01  -1.8661335e-01  -2.7058436e-02   5.8126770e-02  -8.5952532e-02   2.6698460e-01   1.5791085e-01  -2.0904068e-02  -2.6083679e-01   2.0123089e-01   1.8077401e-01   8.4739590e-02   2.2035480e-02   2.3614640e-01  -2.7332169e-03   1.2575196e-01  -2.9132026e-01  -1.2948953e-01   8.8611278e-02   7.2202352e-02   1.1749417e-01  -1.9945782e-01   3.4915565e-02  -2.9696559e-02  -1.3695200e-01   3.9425236e-02  -3.0080787e-01   4.2843434e-02
  -1.6362791e-01   1.5718188e-02  -5.7043770e-02  -2.3043140e-01   1.5802677e-01  -2.2714548e-03   2.2762536e-01   1.1363914e-01  -7.3715106e-02  -7.0165531e-02  -4.9551050e-02  -1.0284161e-01   1.6640972e-01  -2.0170353e-01   3.5145931e-01   3.9623778e-03  -3.5102770e-02   5.8264586e-03   3.8978121e-02  -6.6130513e-02   1.0745130e-01  -4.1084499e-02  -2.5311824e-02  -1.0380367e-01   1.6126853e-01  -1.3426859e-01   1.1749161e-02   4.3543885e-02  -1.7808272e-01   6.2029653e-02  -9.9600053e-03   8.7559256e-02  -2.6335609e-01  -1.9332723e-01  -9.2814485e-04   9.1742642e-03   2.2502463e-01  -1.6452120e-02  -6.2011951e-02  -2.7592483e-01  -7.6211929e-02  -1.9994836e-01   2.9382779e-01  -1.7051529e-01  -2.0593085e-01   8.2749326e-02   2.3665070e-02  -1.9668155e-01   5.4878973e-02
  -1.4073882e-01   5.5111475e-02  -1.1336286e-01   8.5843725e-02  -1.6250349e-01  -1.4295932e-01  -2.3498156e-01  -5.1302579e-02  -3.4194840e-02   1.6203322e-01   1.3244152e-01   1.4270661e-02   2.7298284e-02   2.7218969e-02  -9.4248191e-03   6.7987763e-03  -2.3452233e-01   4.0357752e-02  -9.4136739e-02  -2.3860765e-01   5.5622607e-02   7.4981179e-02  -1.5829991e-01  -8.1876785e-02  -1.8219199e-01  -2.8679823e-03  -2.3832850e-01   1.2585435e-01   5.2736124e-02  -1.7073943e-01   2.5103818e-02   1.9914082e-02   1.7392524e-01  -1.9935353e-01  -5.0750986e-02   8.8382561e-02   3.6961473e-01   2.8880403e-01   1.5729462e-01  -2.6403240e-01   1.0512439e-01   1.2283631e-01  -1.6367937e-01  -7.5242721e-02  -8.8680857e-02   1.1079572e-01   1.0331904e-01   3.9693492e-03   1.3952697e-01
  -1.4020303e-01  -2.0561489e-01   2.2326652e-01  -1.0393637e-01   2.2453087e-02  -1.3855811e-02   3.0143913e-02  -5.7384538e-02   1.4532160e-01   2.9113413e-01   3.6975292e-01   1.1451007e-02  -5.9395100e-02   5.3941748e-03   7.1489604e-02  -2.1424131e-01  -1.7264681e-01   6.9447447e-02   3.8978274e-02   1.0268910e-01  -1.0976917e-01   8.9796152e-02  -1.1303507e-01  -1.9143868e-01   6.0557865e-02  -1.1477775e-01  -1.5646595e-01  -5.9383518e-02  -2.4977671e-01  -8.0971761e-03  -1.7739965e-01   1.3429385e-01  -2.9582780e-03   4.5881245e-02   1.2098821e-01   1.7662559e-01   6.8128777e-02  -3.1389779e-01  -5.3176683e-02   2.7516879e-03  -1.0442844e-01  -1.2800011e-02  -8.6857325e-02   1.5673061e-01  -5.6025574e-02  -1.1927764e-01  -4.2732457e-02   2.7397106e-01  -1.0390330e-01
  -1.6579848e-01   8.4232316e-02  -2.5467658e-02   8.4911868e-02   3.0829986e-01   9.4338836e-02  -2.0309395e-01  -8.8104919e-02  -2.2710011e-01   2.6380904e-01  -9.9966560e-02  -6.1776396e-02  -1.7980361e-02   3.2936567e-02  -1.0813750e-02  -1.2304127e-01   1.4409464e-01   1.9413940e-02  -4.4776063e-03  -2.3428294e-01  -2.2242958e-02  -2.3363906e-01  -6.7365492e-03   5.2015476e-02  -2.6784060e-01   1.8769489e-01   1.4149993e-01  -4.2122172e-02   1.8974072e-01   2.8341559e-01  -1.1808311e-01  -7.0748608e-02   8.2185313e-02  -7.2453595e-02  -1.9218982e-01   1.4299050e-01   7.9232297e-02  -1.4209634e-01  -9.7570453e-02  -7.1986153e-02  -1.8734842e-01  -1.3005544e-01   2.7742159e-02   7.3950529e-03  -1.5539787e-01  -1.9581153e-01  -1.1718359e-01   7.9744701e-02  -9.5163184e-02
