  -1.6123642e-01  -1.2990841e-01  -1.6511058e-01  -1.5295757e-02  -2.3373928e-02   1.3514504e-01   7.5999818e-02   2.2308836e-01  -4.0779632e-02   2.7920629e-01   4.4432440e-02  -8.9410680e-02   1.5849368e-01   9.4336030e-02   1.3457757e-01   1.8516762e-01  -4.7333817e-02  -1.2141382e-01   1.6011859e-01  -7.0016312e-02  -1.5950465e-01  -4.8188124e-02   1.9785769e-02  -8.7114450e-02  -1.4658370e-01   1.2082727e-01   3.5933022e-02   8.1955668e-02  -2.4667460e-01   6.0606836e-02  -1.6553713e-01   3.1996035e-01  -1.1716858e-01  -1.6212646e-01  -8.2484754e-02   5.7838222e-02  -9.1957031e-02   3.5413557e-01  -1.3472127e-01  -1.4709540e-01  -1.4113363e-01   4.8846774e-02  -1.0716029e-01  -5.9143935e-02  -2.8458667e-02   3.5139043e-02  -2.8010657e-01   1.0795465e-01  -6.5954168e-02
  -1.5646805e-01   1.2710408e-01   1.4544631e-01   2.2150462e-01   1.1276648e-01   8.7819837e-02  -1.5028805e-01  -2.7965883e-02  -2.2685314e-01   1.0407964e-01   1.9381316e-01  -1.2921337e-02   2.7343278e-01   6.8745496e-02  -5.0483627e-02   8.2300076e-03   2.4777813e-02   1.1676078e-01  -6.7456254e-02   5.2968759e-02   1.1813099e-01  -8.8192982e-02  -5.3544715e-02   7.8126102e-02   1.1579103e-01  -8.5086996e-02  -1.0866798e-01   1.1641072e-01  -4.4685112e-03   1.2869232e-01  -1.4482304e-01  -1.6348747e-02   1.6484894e-02   2.7510766e-01   1.0450975e-02  -2.9947201e-02  -3.5900400e-02  -9.4930975e-02  -1.9309876e-01  -1.0899601e-01  -3.9019756e-01  -3.8063842e-02   1.7908544e-01   1.7731522e-01   2.1117377e-01  -5.3253740e-02  -1.5350103e-01  -2.6863593e-01   1.7399031e-01
  -1.4716104e-01   7.5192245e-02   4.1541101e-02  -2.6969028e-02   2.2740350e-01  -1.4278447e-01   8.9524207e-03  -2.9558539e-02  -3.9280435e-02  -2.7806013e-02  -4.0798848e-03   2.6589788e-01  -1.0274055e-01   8.6318531e-02   4.1073910e-02  -1.2172251e-01  -7.0635845e-02  -5.9060748e-02   2.0959880e-01  -2.4999694e-01   1.4050032e-01   4.1950100e-02   1.6817277e-02   2.2772936e-03  -5.7967020e-02  -1.2537182e-01  -3.0840771e-02   4.9654241e-01  -1.0526430e-01   2.4965316e-01   1.2191277e-01  -5.1178765e-02  -1.3839673e-01   1.6024527e-02   7.6631672e-02   3.7888967e-03   8.7135830e-02   9.3708372e-02   1.2760316e-01   2.5145968e-01  -3.2081223e-02  -8.5614610e-02  -2.1847628e-01  -1.5163150e-01   9.9925320e-03   2.4153108e-01  -4.9898196e-03  -1.8674210e-01  -4.3202712e-02
  -1.3327150e-01  -6.7439691e-02  -2.6940384e-02   3.8236422e-02  -9.4196031e-04  -5.9553651e-02   7.2752648e-02   2.1568781e-02  -1.4400408e-01  -1.3063194e-01  -2.4203250e-01   1.6465359e-01  -6.0687732e-02  -2.7327705e-01   5.2998091e-02   5.8731641e-02  -1.9057639e-01   2.4653549e-01   3.2182879e-01  -8.4069221e-02  -4.0583860e-03   1.9635200e-01   1.2046181e-02   1.1851059e-01   1.1242037e-01   2.1317671e-01  -5.4628053e-02  -2.9162398e-01  -1.0083744e-01  -1.5295337e-01  -1.3747111e-01   6.1335278e-02  -1.3430681e-01   1.2229139e-01  -1.8291797e-01  -1.7995894e-01   1.6640392e-03   5.2153395e-02   1.9106891e-01  -2.7026262e-04  -2.4039343e-01   2.1419605e-02  -1.1757393e-01  -6.9419371e-02   6.6962697e-02  -4.6839162e-02   1.3703859e-01  -1.0197536e-01   2.1079070e-01
  -1.2364839e-01   1.4311712e-01   7.9310990e-02   1.0810739e-01  -4.1879616e-04  -1.5248884e-01  -2.0077653e-01   2.2664061e-01  -8.2638466e-02   3.6710382e-02  -1.8287729e-01   5.8820000e-02  -1.8834183e-02  -1.8509276e-01   4.7938136e-02   6.8194256e-02  -1.6522789e-01   1.2793598e-01  -1.8905865e-01  -5.9095340e-02  -1.3199618e-01  -1.6450159e-01  -8.2829109e-02   1.2488520e-02   1.0579482e-01   2.0822592e-01  -4.6883723e-02   1.3819183e-01   3.5173125e-02  -5.8912314e-02   2.1536875e-02  -1.0478268e-01   2.5956152e-01  -1.3458820e-01   1.2004681e-01   1.0314399e-01   8.7075263e-02   3.4657960e-02  -2.0848102e-01   1.8080591e-01   6.4172932e-02   3.2674519e-01   9.3915743e-02  -2.5011470e-01   9.7494929e-02   1.6498267e-01  -7.4826818e-02   2.1767130e-01   2.2547796e-01
  -1.3755934e-01  -6.4158479e-02  -2.3186532e-01   3.4647434e-03   1.9662997e-01  -1.1635477e-01  -1.2847309e-01  -8.3919699e-02  -1.0602863e-01   4.6144809e-02  -1.7414113e-02   7.3519629e-02  -1.9943772e-02   1.7810154e-01  -2.0632592e-01   3.7598396e-02   3.5606134e-01   1.0484054e-01   1.3483275e-01   1.9380107e-01  -2.2897836e-01   9.1186971e-03   1.0467428e-02   2.1862387e-01   1.2749230e-01  -1.3286507e-01  -9.8321913e-02  -1.8184589e-01  -6.1962154e-02   2.2185491e-01  -8.3071010e-02   1.6460242e-01   1.1545908e-01  -1.2180527e-01  -9.8401105e-02   2.6373577e-01   1.3105359e-01  -9.2963445e-04   1.5573569e-01   1.1485983e-01   2.6120937e-01   1.4706643e-01  -3.6538250e-02   3.8332556e-02   5.5047492e-02  -3.3481229e-02  -4.3934114e-02  -1.0260431e-01   1.5273686e-01
  -1.4935824e-01  -1.1161688e-02  -2.4711653e-02   1.3673487e-01  -2.1075388e-01   7.9957134e-02   1.0637992e-01   1.3083053e-01  -2.3470781e-01  -8.5229485e-02  -2.3673603e-02  -1.7774900e-02  -2.0253617e-01   8.9079152e-02   5.3793175e-03  -2.4595218e-01   3.1665819e-01   8.3412658e-02   8.2737278e-02   1.3788094e-01  -1.0250249e-01  -7.8904483e-02   7.9629232e-02  -9.4912488e-02  -7.4206299e-02  -2.2669621e-01  -2.4509937e-01   8.7426410e-04  -9.2109115e-02  -3.2432537e-01   4.7444589e-02  -2.2279047e-01  -6.4551968e-02   2.4138560e-02   1.4746336e-01  -3.6919915e-02   2.1613092e-01   1.7762682e-01  -2.0017774e-01   1.0797287e-02  -8.2770351e-02  -1.2858037e-01  -1.8509967e-01  -7.9797919e-02   1.4288074e-01  -9.9136797e-02   7.4822662e-03   1.2803746e-01  -3.9962801e-02
  -1.3209323e-01   7.5454420e-03  -8.6019847e-02  -3.0766179e-01   9.3712057e-04   2.8575826e-02   3.3885207e-02  -1.5431259e-01  -2.6742931e-01   4.3841359e-02  -1.3143305e-01  -1.8168299e-02   1.9079018e-01   1.1248116e-01   2.6263175e-01  -8.6167783e-02   4.0556329e-02  -1.6039294e-01   7.5232941e-03   4.4991595e-02   9.0334398e-02   2.2027437e-01  -8.4484448e-02  -1.4818001e-01   8.6541522e-02   9.0230115e-03  -2.2483726e-01   2.0380355e-01   2.9693867e-01  -2.8306933e-01  -1.7910074e-01   1.0616135e-01   1.0619324e-01   5.7516457e-02   9.2602193e-02  -1.0635298e-01  -7.3292546e-02  -3.6174047e-02   1.2813935e-01  -6.1817465e-02   2.2833141e-01   9.1576002e-02   8.4215873e-02  -1.7184753e-01  -6.8815591e-02  -1.0497848e-01  -1.2260899e-01  -1.1343589e-01   9.7127583e-02
  -1.5168012e-01   4.2282006e-02  -5.1846538e-03   6.9913276e-02   2.0826259e-01   2.5708346e-01   2.2907528e-03   9.5244267e-03  -5.1993422e-02  -4.4436335e-02   9.2351754e-02   9.7400558e-02   9.7871334e-02   3.3475593e-03   1.9308163e-01   2.5405674e-01  -2.1065910e-01   9.2509368e-02  -2.0226865e-01   1.0414620e-01   1.7935501e-02   8.1338449e-02   3.6642994e-01  -1.1411318e-01  -5.6418567e-02  -3.1187342e-01   2.9157384e-01  -1.2691192e-02  -1.5913323e-01  -9.3548446e-02  -1.2252884e-01  -1.0820391e-01   1.5063598e-01   1.2241516e-01   4.8545899e-02   5.0368324e-02   2.3057504e-01  -5.2747638e-02   2.0802902e-01  -5.7431314e-02   8.5938422e-02   1.3202304e-01  -1.7456657e-01  -3.0432426e-02  -3.7132865e-02  -6.9339759e-02   7.0103947e-02   9.3891483e-02  -7.1573911e-03
  -1.4500810e-01  -7.1267329e-02   1.2200148e-01   3.9232333e-02   1.3960666e-01   1.8575389e-01  -1.9291615e-01   2.5921082e-01   2.7905937e-01  -1.5054850e-01  -1.1585866e-01  -2.6509487e-02   7.4569255e-02  -8.4455990e-02   4.2913912e-02   1.0515138e-01   1.4050899e-01  -1.0983183e-02  -4.7623240e-03  -2.3666805e-01  -2.0701891e-01  -4.0857047e-02  -2.6106294e-01  -9.8276723e-02  -1.5061854e-01  -4.1839926e-02  -1.4175334e-01  -1.1977202e-01  -8.5736961e-02  -1.0882523e-01  -8.2512622e-02  -1.2536763e-03   2.5030836e-01   1.9200224e-01   1.3078989e-02  -8.2478557e-02  -1.3975329e-02   5.5927129e-02   1.2083638e-01   1.2790124e-01   1.5852701e-01  -1.8465051e-01   1.0396696e-01  -4.6594262e-03   9.5039796e-02   1.7295246e-02  -3.0424114e-02  -2.8253601e-01  -2.7345680e-01
  -1.4379806e-01   5.0726863e-02   1.4412661e-01   1.0048768e-01  -4.2505014e-02  -9.8809698e-02   1.3303328e-01  -2.3097984e-01   1.1517081e-01  -2.5426470e-01  -9.8500483e-02  -2.3927551e-01  -6.6958805e-02   1.5891842e-01   2.1738767e-01   2.1434882e-02   5.9316193e-02   2.7836575e-01   5.3082143e-02   5.2875298e-02   1.7251096e-01  -2.5014004e-01  -3.8626762e-02  -3.3618053e-02   7.5325527e-02   1.7496632e-01   8.0061775e-02  -3.4324874e-03  -2.2004782e-01  -1.6383070e-01   1.0003998e-01   7.9240411e-02  -9.0848078e-02   5.2976536e-02   9.3224883e-02   1.1547012e-01   8.3640233e-02   3.0458604e-02   4.0368800e-02  -5.4918110e-02   1.1381137e-01   1.6659363e-01   1.7522797e-02   1.7843558e-01  -2.5248418e-01   1.4443287e-01  -2.9586099e-01  -1.8468024e-01  -1.8683098e-02
  -1.2964906e-01   5.5652405e-02  -1.1314633e-01   1.5994994e-01   1.5015644e-01  -1.2613383e-01  -2.9047628e-02  -1.9931601e-02  -2.4178556e-01  -1.3967056e-02  -2.6402769e-02   1.7753042e-01   2.2728024e-01  -2.2282563e-01  -8.4811901e-02  -2.0157309e-01  -3.6047286e-02   1.0375175e-01  -1.8603485e-01  -1.1607872e-02   1.7619908e-01   1.1560717e-02  -1.2969576e-01  -7.3248994e-02  -1.2117893e-01  -1.1424578e-03   5.4822746e-03  -3.0534490e-02  -1.9497975e-01   3.0133936e-03   2.1698367e-01   1.2069925e-01   1.3719786e-02  -1.3289095e-01  -2.4235562e-01  -1.4008096e-01   8.5523658e-02   8.1639275e-02  -1.7904708e-01  -3.1785803e-01   3.4859926e-01  -2.1022840e-01   5.9247567e-02   1.9549375e-02  -1.4482995e-01  -5.2149227e-04   8.8964329e-02   3.6755814e-04  -6.8785665e-02
  -1.5556576e-01   1.0838100e-01  -9.8605325e-02   3.3813409e-01  -9.8599222e-02   7.0594627e-02   1.7364278e-01   1.5985865e-01   3.6956413e-02  -1.9865382e-01  -1.0185469e-01   1.1752908e-02   2.2484005e-03   1.8491126e-02  -1.1002237e-02   1.6501623e-01   3.5032136e-02  -2.4826775e-01   1.7812041e-01   1.6906410e-01   1.7957706e-01  -7.2721153e-02   1.4600577e-01  -1.9773359e-01   2.2875916e-02   3.4298854e-02  -2.6855715e-02   2.1565023e-02   2.4082364e-01   1.4718636e-01  -1.3514652e-02   9.2369055e-02   1.1529621e-01   1.3949718e-01  -2.4353223e-02   1.9045352e-01  -1.0785039e-01   2.0988584e-01  -3.1769510e-02   7.9886044e-02   6.1204913e-02  -1.5548084e-01   1.9382090e-01   2.5977375e-02  -1.8883850e-01   9.2105660e-02   2.9807277e-01  -5.1033341e-03   2.1513878e-01
  -1.2207363e-01  -8.4329677e-02   7.4557174e-02   2.0894695e-01   1.1593259e-01  -5.1252409e-02   1.0920645e-02  -1.5905202e-01   3.2087113e-03  -8.4465750e-03   1.1692248e-01  -2.0793422e-01   2.1295149e-01   1.8239250e-01  -2.9096694e-01  -1.7436510e-01  -5.6379965e-02   1.7864983e-01   2.0381917e-02  -2.0491723e-01  -1.2241788e-01   2.9748701e-01   1.8383783e-01  -1.5970573e-01   1.5290810e-01   1.9208107e-01  -4.6141061e-02  -1.2634061e-01   1.5730889e-01  -4.6995997e-03  -9.9870660e-02  -7.3106620e-02   5.2971714e-03   4.0095313e-02   5.2493129e-02   1.5473541e-01   5.8091892e-02   1.9523697e-02  -2.0557139e-03  -1.4376258e-02  -7.3934036e-02  -7.3052239e-02   3.7928412e-02  -2.9275296e-01  -1.4067216e-01   1.7620992e-01   4.6998181e-03   1.4390543e-01  -2.7578533e-01
  -1.4364790e-01   1.1921459e-01  -2.0239540e-01   1.2200895e-01  -9.0831398e-02   1.3893837e-02  -7.1094537e-02  -2.2563569e-01   3.5540383e-01   2.4278884e-01   8.1758990e-02   9.8510891e-02  -4.3571882e-02  -7.3497810e-02   2.2997284e-01  -1.2350987e-01   2.8143486e-02   1.0122945e-02  -1.0338642e-01   1.5331138e-01  -1.3227355e-02   2.5687990e-01   6.7582007e-02  -1.7884648e-01  -1.1142938e-01   2.3961791e-01  -2.0179322e-01  -1.8835120e-02  -1.3118133e-01   1.3416452e-02   1.9393492e-01   1.8126645e-01   5.2937147e-02   1.5417307e-01   2.4850894e-02   3.5002601e-02   8.8558186e-02  -1.5892469e-01   6.9650995e-02   1.4086626e-01  -3.5854100e-02  -1.5788099e-01  -2.0679772e-02   9.9769951e-02   2.2958172e-01   6.0475048e-02  -8.6489630e-02   1.6987809e-01   1.2541558e-01
  -1.5047643e-01  -2.6572525e-01  -3.4436612e-02  -3.7740795e-02   7.9495137e-02   2.0824617e-01   6.8219565e-02   2.3260316e-02  -1.7516692e-01  -1.0394379e-01  -5.2996022e-02   9.6141434e-02  -9.1653074e-02  -6.1071580e-03  -5.3369978e-02   1.6508904e-01  -1.0080870e-01   7.9950354e-02   8.2001806e-02   2.3541599e-01   9.8352071e-02  -7.4132538e-02   7.9788366e-02  -1.7521601e-01  -1.0597887e-01   1.5124046e-01  -8.3551864e-02  -4.3713594e-02   1.2506456e-02   1.7008105e-01   1.4048084e-01  -1.6224103e-01  -2.0992523e-01  -2.6492622e-01   1.5932713e-01  -2.3615008e-02  -8.2714326e-02  -2.2039081e-01   1.1821407e-01  -4.7413161e-02   6.6609908e-02  -8.6020125e-03   3.5454177e-01  -8.3004552e-02   3.2513781e-01   7.6020163e-02  -1.2110575e-01  -2.6126313e-02  -1.7979413e-01
  -1.3279494e-01   1.6046343e-01   2.5434900e-01  -2.6441276e-01  -1.0562842e-01  -4.8685141e-02  -8.2885715e-02   2.6549366e-01  -2.4133741e-02  -1.3912259e-01   2.3927328e-01   7.9305494e-02  -1.3211764e-03   1.7404938e-01   1.4872469e-01   2.3373780e-02   9.7383164e-02  -7.3743835e-02  -2.1519536e-01   7.5266324e-02   1.9478636e-01   2.3289323e-02   2.3744213e-01   1.8248864e-01   2.7170483e-02   1.6983058e-01  -2.0538889e-01  -1.5305053e-01  -8.5939466e-02   3.9745413e-02   7.5614597e-02   6.7165524e-02  -1.1657627e-02  -1.2745342e-01  -3.1824466e-01   1.6930073e-02   1.1998495e-01   1.5595543e-02   7.6608007e-02   1.5694538e-01  -1.3313610e-01  -6.9473342e-02   1.2080309e-01  -2.0150878e-01  -1.4688465e-01  -1.0354389e-01  -1.0420457e-02  -2.9759439e-02  -1.0541903e-01
  -1.5509901e-01  -1.4894452e-01  -8.3324564e-04  -1.4110882e-01  -1.4358488e-01  -1.1045930e-01  -1.3191465e-01   1.3451393e-01   1.9433391e-01   1.4643828e-01  -9.4875247e-02   1.2255094e-01   2.9531105e-01  -1.4097193e-02  -1.2832224e-01   6.1625132e-02   4.6746682e-02   2.6978458e-01   9.8779394e-03   3.0570117e-01  -1.9551358e-01  -1.7049906e-01   8.9333945e-02  -3.5740803e-02   1.1868120e-01  -1.1703231e-01   1.9441161e-01   2.0212241e-01   1.9087726e-01  -1.7132265e-01   2.8342693e-01   5.2789208e-02  -2.3164001e-01   1.8480871e-01  -1.1584230e-01  -7.5342933e-02  -1.2819758e-01  -2.5051903e-02   5.4022923e-02   8.0665188e-02  -3.1597407e-02  -9.5016134e-02  -2.7485809e-02  -1.2014085e-01  -1.1364749e-01   2.3530442e-02   1.4471285e-02  -3.7382811e-02  -2.3198530e-02
  -1.6057410e-01  -1.2584012e-01  -9.4287785e-03  -2.0133219e-02   1.5787039e-01  -1.9821033e-01   1.5533814e-02   7.7322127e-02  -1.8953392e-01  -3.3524741e-01   1.1672508e-01   8.7243855e-02  -2.6134259e-02   4.3816137e-02   1.3628356e-01   2.1662018e-01   2.4980809e-01  -2.0080402e-02  -1.0682800e-01  -9.7266447e-02  -2.0756225e-01   3.0815812e-01  -3.9377204e-02   6.1027218e-02  -8.5104652e-02   2.4358882e-01   2.3994466e-01   9.4642838e-02   9.9662405e-02   2.9158146e-02   1.4517160e-01  -7.3353056e-02  -3.9240826e-02   1.0668571e-01   1.1791523e-01   7.2449518e-03  -1.9561597e-01  -5.9963554e-02  -1.8554054e-01   5.0201241e-02  -1.3873221e-02  -8.5645576e-02  -9.5407036e-02   2.4868226e-01  -3.7819364e-02  -1.7617853e-01  -7.4529613e-02   1.7053556e-01   3.4568581e-02
  -1.3762404e-01   1.5826190e-01  -2.0437322e-02   1.4574236e-01   6.2501722e-02  -4.7433637e-02   4.2853715e-02   1.4073322e-01   2.7770295e-01  -1.6759755e-01   2.2291024e-01   1.6141400e-01   1.3314875e-01   2.6566050e-01   1.4444935e-01  -2.0567733e-01  -2.7943028e-01   1.0584891e-01   8.5913497e-02   5.0161014e-02  -6.2366202e-03  -9.3461813e-02  -2.3800909e-01   6.9849218e-02   4.2263671e-02  -1.9914737e-02  -1.0345209e-01  -4.0188017e-02   2.2604494e-01  -2.5616488e-03  -1.3039701e-01  -1.3639630e-01  -1.7355040e-01  -1.2722694e-01  -8.1010459e-02   3.3135017e-02  -1.5447182e-01   1.0557780e-01   1.0883415e-01  -1.0726417e-01   1.7242599e-01   1.1522073e-01  -1.3744505e-01   1.1697207e-01   2.1050315e-01  -1.9558171e-01   2.1329289e-02   1.7734443e-01  -3.2581122e-02
  -1.4598853e-01  -1.9283329e-02  -3.4882224e-02   5.6289857e-02  -4.4708918e-02  -5.6900198e-02  -2.0808121e-01  -1.1430252e-01   4.5618365e-02  -4.2401636e-02  -2.4277036e-01   1.9091718e-01   2.1086056e-01   1.7094658e-01  -1.5196301e-01   9.0841026e-02  -1.8034257e-01  -3.0565825e-01  -3.6466403e-02  -1.1172964e-01  -1.9472617e-03   1.2889491e-02  -5.4289172e-02   1.4257316e-01  -1.7568256e-01  -1.2659067e-01  -7.7759551e-02  -2.0351906e-01   8.3502369e-02  -1.6608836e-01   1.5415832e-01   5.0368094e-02  -1.5963499e-01  -1.6674273e-01   2.9993184e-01  -7.1414883e-03   2.9294000e-01   4.2953419e-02   5.2898762e-02   4.4662375e-02  -2.3103975e-01   2.6296343e-02   1.1662344e-01   2.0609022e-01  -1.8225667e-01  -4.8251050e-02  -5.7140872e-02   5.9798851e-02   3.6486586e-02
  -1.2291766e-01   8.1120888e-02  -9.2747150e-02   1.2816129e-01  -1.0208585e-01   2.7470058e-02   5.4134438e-02   1.2143813e-01   1.6806259e-01   9.6751172e-02  -1.1697632e-01   2.2957490e-01  -8.5255883e-02   1.3251686e-01  -1.8438161e-02  -7.5841759e-02   1.3234585e-01   2.4029248e-02   1.5136354e-01  -4.8739442e-02   2.2228984e-01   4.0725917e-02   1.4429863e-01   2.1221355e-01   8.1700811e-02  -4.9343173e-02   1.8293795e-01  -1.8927892e-01   5.7721235e-02   1.6537125e-01   1.6578164e-02   2.3210128e-02   2.7968875e-01   3.5973549e-02   2.2135210e-01  -3.9304994e-01  -1.5727357e-01  -1.5310240e-01  -1.4628403e-01  -1.2888066e-01   4.1556299e-02   5.4410837e-02  -5.4076216e-02  -1.9867374e-01  -9.7150215e-02  -3.7628549e-02  -2.8483043e-01   2.3311618e-02  -1.0253356e-01
  -1.5353039e-01   2.5059404e-02   1.7475775e-02  -1.3959592e-01  -3.5807829e-01  -9.4722725e-02  -1.2313431e-02  -1.1238570e-01   3.5170249e-02  -1.3726414e-01   2.6103487e-01  -9.7283389e-02   1.6398571e-01  -2.3229303e-02   1.5773744e-01   1.3407418e-02   6.2369003e-02   1.9232632e-01  -2.2986403e-02  -9.5043467e-02  -2.0452850e-01   3.4175144e-02   5.8076601e-02   5.9985790e-02  -1.2013074e-01  -1.1969937e-01   4.7333188e-02  -2.9538767e-02  -2.8638364e-02   1.7225900e-01  -7.1653524e-02   5.6087627e-02   7.5202040e-02  -2.6171071e-01   2.9073862e-01  -2.2702159e-01  -3.2644344e-02   9.8650243e-02   5.6852389e-02  -1.3292670e-01   1.1584875e-02  -5.3887241e-02   8.5948917e-02  -1.7457241e-02   7.4031936e-02   2.7788803e-01   3.0941154e-01  -1.2778022e-01   1.9336941e-01
  -1.4541792e-01   1.0073629e-02  -6.9437516e-02   5.1170432e-02   2.2050200e-01   1.7649561e-01  -4.0195164e-02  -2.4623163e-01  -3.4265719e-02   7.3931993e-03  -3.5656878e-03  -5.2574737e-02  -1.8864641e-01  -1.5868903e-01   1.3055788e-01  -2.9201715e-02   3.0995240e-02  -5.3797343e-02  -2.6510012e-01  -1.8589620e-01   1.3760090e-03  -2.2982755e-01   2.3206808e-01   2.9939534e-01   7.0364999e-02  -6.8133202e-02  -5.2353900e-03  -1.3372413e-01   3.0769023e-01  -1.6518598e-01   1.6287937e-01   1.8756291e-01  -9.0818854e-02  -4.5505968e-02  -5.0467910e-03   9.4444190e-02  -2.7700060e-01   2.2740085e-01  -3.2210610e-03  -2.6410227e-02  -2.1972451e-02  -1.0316205e-01  -8.7399342e-02  -8.6000255e-02   1.8923669e-01   1.2032568e-01  -1.9831396e-02  -5.2441295e-02  -4.9382255e-02
  -1.4693624e-01   3.5730434e-02   3.0357211e-01  -9.7825429e-02   1.9808229e-01  -2.4659397e-01   1.0281984e-01  -1.4143369e-01   1.9338527e-02   2.3878952e-01  -1.3660576e-01  -2.9873486e-02  -1.1783885e-01   5.8508816e-02   1.2618230e-01   6.6929918e-02   8.1647001e-02   1.9782477e-01   9.3691883e-02  -5.4671491e-02   1.2038877e-01  -1.3667570e-01  -9.1689889e-02  -7.0185276e-02  -1.9490251e-01  -1.8072573e-01   1.4044489e-01  -9.4308763e-02   5.5744399e-02   2.9850685e-02  -2.5830290e-01   1.9928116e-01  -6.9667322e-02   1.5242813e-03   3.4708447e-02  -1.2203234e-03   3.2513965e-02  -4.1389380e-02  -9.4924831e-02   1.5714896e-01  -4.9243798e-05  -2.0870792e-01   2.4743052e-01  -7.0670746e-02   5.6355693e-02  -1.8867356e-01   1.4460872e-01   3.2285943e-01  -1.0768885e-02
  -1.5355603e-01  -3.3624072e-01  -6.0422286e-03   7.3180482e-02  -1.3005160e-01  -1.9372255e-01  -5.6688638e-02  -8.0470643e-03   1.2159261e-01  -9.5145252e-02   2.1722002e-01  -1.9913974e-02  -1.5008658e-01  -8.7930188e-02  -3.1826019e-01  -7.0192879e-02  -1.2610729e-01  -9.8417772e-02  -2.1698189e-01  -1.1370903e-01   1.5585672e-01  -5.7291753e-02   7.2041848e-02  -1.1617192e-01  -1.0222037e-02  -7.9816699e-02  -3.5026180e-02   4.6235985e-02  -2.4149248e-01  -8.0717563e-02  -1.5241134e-01   6.3039886e-02  -5.2031091e-02   4.2611701e-02   1.3265890e-01   3.7421960e-02  -2.3599178e-01   3.0085624e-02   1.1039446e-01   7.2040661e-02   1.0963804e-01  -2.7186726e-02   1.6015769e-02  -1.7004052e-01  -2.6662713e-02  -3.1832085e-01  -1.5007167e-01  -6.1956608e-02   3.0132433e-01
  -1.2537641e-01   1.3796882e-01  -2.4192534e-01  -2.8108653e-01   1.1888594e-01   2.5241147e-02   2.3317462e-01   8.9564706e-02   1.6967632e-01   1.0284791e-01  -1.1561262e-01   1.5632988e-01  -1.4547982e-01   1.0728576e-01  -8.3460037e-02  -1.5010944e-01  -7.2828981e-02   7.0607573e-02  -1.5207304e-01  -1.8991867e-01  -2.1422546e-01  -1.1511546e-01   2.3815750e-01  -1.1818251e-01   1.7371633e-01   2.0845700e-01   4.7915376e-02   5.6577788e-02  -3.2482385e-02  -1.2210144e-03  -1.0880569e-01  -6.9335495e-02  -5.2372558e-02  -6.2880009e-05   9.5785586e-02   3.7528629e-02   1.5516782e-01   1.0248976e-02  -2.0762249e-01  -1.0127314e-01  -1.2236136e-02  -2.4456792e-02   1.9907560e-01   1.7586159e-01  -2.1684375e-02  -2.0991425e-01   1.7029269e-01  -2.8154064e-01   8.6852740e-03
  -1.5005554e-01   1.6244989e-01  -6.9578062e-02  -1.3658781e-01  -1.0302871e-01   3.4580413e-01  -4.5336629e-02  -1.8752771e-01  -1.4645068e-02  -3.0747719e-02   1.7254561e-01  -8.3394281e-02  -1.4993166e-01   4.7033586e-02  -3.0649781e-01   1.8546083e-01  -1.4722191e-01   2.3006377e-01   1.5938591e-01  -9.6517071e-02   7.4656221e-02   1.7297274e-01  -6.5787052e-02   7.4029482e-02  -2.8975161e-03  -6.9828783e-02  -5.2071375e-02   1.5897060e-01  -1.5820544e-02  -8.5585839e-02   1.7115427e-01   6.8003205e-02   8.8938169e-02   2.1914077e-02  -1.4057996e-01  -2.0138596e-01  -4.1835031e-02   2.1209271e-01  -1.5616419e-01   2.6843635e-01   1.1891156e-01   1.6104620e-01   1.7302572e-01   1.5008399e-01  -3.5568916e-02  -1.1119487e-01   2.0271797e-02   1.3771534e-01  -5.3342536e-02
  -1.2742072e-01   3.0307296e-02   1.8448038e-01  -7.9098262e-02   7.1649754e-02   1.3067703e-01  -1.4150423e-01  -1.3596059e-01   8.6408681e-02  -6.0236769e-02   1.1727963e-01   1.8649022e-01   2.1534191e-03  -3.9201027e-01   3.0818408e-02  -3.5560250e-01   1.8922531e-01  -8.8215789e-02   2.6525128e-01   6.0471614e-03  -1.3513830e-01  -5.0600347e-02   1.5879794e-01  -1.8079234e-01  -1.5259522e-01  -3.7804767e-02   1.1643221e-01  -3.2658678e-03   9.8997481e-02   1.5452585e-02  -8.3208230e-02  -1.6647864e-01   6.1468734e-02  -1.5673854e-01  -1.5180271e-01   7.7656127e-02  -7.3303828e-02   4.1479791e-02   4.0709554e-02  -3.1489131e-02  -1.3349783e-01   1.9127955e-01   1.5986966e-01   1.3167240e-01  -2.2607735e-01  -2.8926960e-02  -2.0208860e-01   5.6124001e-02   7.1102336e-02
  -1.4277784e-01  -2.2294049e-01  -3.7192977e-02  -7.7797366e-02  -2.0662281e-02  -3.2637342e-02  -1.1092405e-01   1.4734840e-01  -7.1608481e-02  -2.8535548e-02  -1.3600631e-01  -1.9929450e-01   9.8153565e-02   6.0054130e-02   8.0925046e-02  -4.2130120e-01  -1.5350587e-01  -1.8706379e-01   2.0295385e-02   1.2307876e-01   9.9047716e-02   9.5077096e-02   1.6442948e-01   2.2558908e-01   7.0908760e-03  -2.4721372e-02   2.0451810e-01  -4.4055276e-02  -1.8152622e-01  -4.3858396e-02  -1.4550085e-01   6.8088962e-03  -4.0523738e-02   1.5209668e-01  -3.9329001e-02  -3.4321165e-02  -8.8188032e-02  -1.6872539e-02  -1.5388774e-01   2.7439014e-01   1.4023009e-01   1.0086206e-01   1.3405486e-01   2.4650451e-01   1.5839474e-01   2.4053646e-01   1.1909330e-01   5.4703445e-02  -1.0431026e-01
  -1.4120732e-01   8.1958148e-02  -1.5902420e-01   1.0618360e-01  -1.6734525e-01  -1.8382982e-01   2.4154671e-01   8.0096987e-02   2.2228014e-02   7.2025965e-02   5.7260028e-02  -8.1961589e-02   7.2947616e-02  -3.0159185e-01   1.5519876e-02   5.7366997e-02   1.4110139e-01   1.3767480e-02  -1.3519609e-01  -9.1113432e-02   1.2154225e-01   1.3443164e-01  -5.3516128e-02  -2.8786996e-02  -2.1829059e-01  -1.4808814e-01  -2.4981342e-02  -7.6074537e-02   1.7618819e-01   1.0345033e-01   6.9120360e-03   4.9269088e-02  -2.3604434e-01   1.0307524e-01  -1.2659639e-02   1.0994176e-01   8.1254859e-02  -6.5842706e-02  -6.4949937e-02   1.2533635e-01  -2.5942765e-02   4.8485583e-01   2.8068073e-03  -5.8878574e-02   5.7831334e-02  -9.8885351e-02   4.4907343e-02  -2.1247265e-01  -2.8693870e-01
  -1.3148413e-01  -1.6584991e-02  -3.1515384e-01  -1.6248493e-03   1.8510145e-02  -1.4699380e-02   1.1579283e-01  -3.3748249e-02   6.0775738e-02  -3.1933454e-01   1.1109768e-01  -9.6595712e-02   3.0132848e-02  -1.6913464e-01   5.8208643e-02  -4.5740174e-02   2.6981108e-02  -1.5335907e-01   7.3133172e-02  -3.6995778e-02  -4.5319913e-02  -1.4818001e-01  -2.0519593e-01   7.1173879e-02   3.7119669e-01  -1.4550091e-01   1.1867701e-01   1.9247922e-01  -1.0317461e-01  -5.4260022e-02  -1.4335542e-03   2.0716775e-01   1.1351886e-01  -7.6345034e-02  -5.8137652e-02  -8.9467531e-03   1.8260118e-01  -2.5175050e-01   7.9790924e-02  -2.2685396e-02  -2.6613869e-01  -7.6105721e-02   1.7246769e-01  -1.3264812e-01   4.7808139e-02  -5.3687181e-02   1.0253905e-02   2.2908024e-01  -1.7155985e-01
  -1.3180303e-01   1.6801125e-01  -4.7257901e-02   2.4805460e-02   5.4500425e-02  -1.0994138e-02  -2.2286283e-01   2.7106680e-01   3.5563859e-02   1.1884668e-01  -3.3891031e-02  -3.8696639e-01  -2.9815160e-01  -1.3788079e-01   1.4076248e-01  -1.0826318e-03  -1.4754777e-01   2.8590111e-02   6.0576136e-02   2.0579364e-02  -9.7508816e-02   2.8918717e-01  -3.6804995e-02   9.7311892e-02   1.2306602e-01  -2.3611965e-01  -3.5886071e-02  -3.2130307e-03   6.2515007e-02   1.3425466e-01   7.5780707e-02  -1.2143650e-01  -2.7774266e-01  -1.0957554e-02   5.5626187e-02   4.7414191e-02   5.8721645e-02  -5.2815618e-02   4.5578816e-02  -1.9939620e-01   1.0009545e-01  -1.8425363e-01   1.5373040e-01  -1.2090112e-02  -2.1512992e-01  -2.5945367e-02  -1.5848973e-01  -2.3188417e-02   1.2254733e-01
  -1.0421470e-01   2.3423895e-02   1.3471633e-02  -8.1427980e-02   7.0746465e-02  -1.9718947e-01  -9.2057809e-02  -1.4999046e-01   1.1115277e-01   1.1335401e-01   6.7514536e-02  -3.0694754e-02   9.7688708e-02  -6.1395574e-02   3.5473008e-02   2.7794914e-01   1.9559870e-01  -2.8643533e-01   4.4439292e-02  -7.7188827e-02   1.2669492e-01  -4.2742389e-02   3.2697703e-02  -2.4456408e-01   4.3652311e-01  -3.4419955e-02  -1.1167662e-02  -1.9082891e-01  -1.0997979e-01   1.2110728e-02   1.2931778e-02  -3.4013119e-01  -1.7183854e-01   1.2060771e-02  -8.0480620e-02  -2.5977173e-01   4.5502893e-02   2.1078094e-01  -8.2701954e-02   6.8755435e-03   1.1789121e-01   6.2992386e-02  -2.5041746e-02   5.5160283e-02   1.6026803e-01   1.0042437e-01   3.8957573e-03   8.1576321e-02   4.3903634e-03
  -1.3032591e-01   1.3420975e-01  -4.3638509e-02   1.6797639e-01  -1.9317914e-02   1.0681927e-01  -1.2409842e-02  -2.1120257e-01  -4.7998285e-02   6.3477016e-02  -2.9175301e-01  -1.0618484e-01  -2.1521510e-02   2.1983592e-01   6.3008776e-02  -1.0114209e-01   1.1490417e-01  -1.0103759e-01  -2.1729299e-01   3.7737646e-02  -1.9017873e-01  -8.8328086e-03  -1.5843746e-01   3.6621799e-02  -8.7933845e-02   4.8027193e-02   8.5162099e-02   6.3278061e-02  -2.7211697e-01   1.6234167e-01   9.2339674e-02  -2.4643861e-01  -5.4223492e-02   3.0549303e-02  -1.3404711e-01  -1.1756398e-01  -2.9746512e-01   6.3893152e-02   2.3193242e-01  -1.3253370e-02  -1.6176153e-01   1.6914261e-01   1.2452089e-01  -2.1250756e-01  -1.0244645e-01  -1.7657526e-01   2.1434528e-01   4.0351073e-02  -5.8782496e-03
  -1.7006858e-01  -1.4917750e-01   3.1980050e-01   7.6158764e-02   5.3500435e-02  -1.5483699e-01   1.3288598e-01  -1.0713285e-01   1.1274359e-01   1.4569230e-01   4.3679690e-02   1.2622606e-01  -2.1276997e-01  -9.7801815e-02  -7.5295768e-03   6.4342882e-02  -1.4637259e-01  -1.3159790e-01  -2.6121535e-02   4.1307744e-01  -9.0865630e-02   2.5350967e-01  -1.2800241e-01   1.1983402e-01   1.7617783e-01  -3.0948930e-02  -4.6823794e-02   1.0701743e-01  -5.3145939e-02  -9.3444930e-02   7.2449180e-03   4.7579996e-02   2.3656179e-01  -1.4353867e-01   1.0435030e-01   5.5747620e-02  -4.7101780e-02   1.9147899e-01  -9.7570596e-02  -1.4344771e-01  -1.0238834e-01   5.0215774e-02  -9.9490882e-03   5.2860274e-02  -2.7236243e-02  -2.2578638e-02   1.3643316e-01  -1.8816186e-01  -2.6535729e-01
  -1.5255301e-01   1.9971604e-01   2.6235217e-02  -1.7025713e-01  -3.8545315e-02  -1.1625770e-01   2.2491858e-01  -3.0171491e-02  -8.2465452e-02   4.5474190e-02  -7.5721480e-02  -3.1549705e-01   2.1806410e-01  -1.9787296e-01  -1.7620958e-01  -4.9839892e-02  -1.2965181e-01  -7.8638317e-02   6.6742055e-02   1.2071170e-01   1.0802881e-02  -1.1250255e-01   3.8824170e-02   1.2987428e-01  -1.0620876e-01   1.6555939e-01   1.3557192e-01  -2.6777840e-02   6.8409740e-02   1.5791490e-01   1.1796436e-01  -1.8528264e-01   2.4862122e-01   1.6069787e-02   9.3002436e-02   1.2675905e-02   1.1587831e-01   1.9481407e-01   2.3121959e-01   8.6706436e-02   2.0100911e-02  -2.3340939e-01  -1.5913190e-01   4.1946801e-02   1.7563480e-01  -2.4036952e-01  -2.0713511e-01  -1.5444307e-02  -2.2167010e-02
  -1.4271226e-01   2.8224852e-01   9.8099062e-02  -2.9713887e-01   6.1946120e-02   9.0122644e-02  -1.1841313e-01  -1.3499270e-01   7.5304177e-02  -3.1307997e-01  -9.6776919e-02  -1.7237089e-02  -3.1619923e-02  -6.5616217e-02  -2.2791414e-01   2.5800552e-02  -8.3369679e-02  -1.6209470e-01  -6.2346596e-03   2.3837838e-01  -1.0220243e-01  -5.2170364e-02  -5.8570017e-02  -6.4450500e-02  -1.1292495e-01   1.7602593e-02  -9.4996553e-02  -9.6428590e-02  -8.6623111e-02   1.5602770e-01  -1.3995224e-01   1.6528622e-01  -1.8267532e-01   2.2525975e-01   9.3159487e-02   2.9776727e-02  -6.1401791e-02  -1.3913670e-01  -2.9066342e-01  -1.6856814e-01   3.3285617e-02   5.3953868e-02  -2.7333016e-01  -2.0158334e-01   1.4514026e-02   1.0308123e-01   3.2827861e-02   6.6130960e-02  -1.5616381e-02
  -1.5375952e-01  -1.5126873e-01   1.1795766e-01   6.6874001e-02   6.4380068e-02   6.9314813e-02  -9.4649548e-02   1.1669901e-01   1.0920996e-01  -3.2281913e-02  -2.4852840e-01  -2.1838673e-01  -5.9706315e-02  -5.5508799e-02  -1.4796386e-01  -9.8084508e-03   1.7826655e-01   8.1752255e-02  -1.9671010e-01  -1.1959551e-02   1.4787950e-01  -1.9487053e-02   1.3984105e-01  -6.2849909e-02   4.0776736e-02   9.9571827e-02  -1.9583038e-01   2.7541050e-01   1.7228111e-01   1.5941595e-01  -1.5876951e-01   1.5021686e-01   2.2886962e-04  -1.9553994e-01  -6.3643948e-02  -2.9873224e-01   1.1042675e-01  -6.8967275e-02   1.6874562e-01  -1.0751334e-01  -7.5367765e-02   1.0195226e-01  -2.6470103e-01   2.9672653e-01  -1.8492883e-02  -2.4475124e-02   1.1171209e-01   1.5582569e-01  -1.9958047e-02
  -1.3314991e-01  -6.0765054e-02  -2.3316902e-01  -1.9164819e-01   1.2304637e-01  -9.3189507e-02  -9.1984325e-02   1.3472479e-01  -1.7443476e-01   1.0721387e-01   2.4011722e-01   7.7494057e-03  -2.9553338e-01   1.0284081e-01  -6.7345199e-02  -1.1088334e-01  -6.0305192e-02   5.5128625e-02  -1.3578921e-01   1.1870574e-01   1.0768553e-01  -1.4915322e-01  -3.0185174e-01  -2.3977483e-01  -8.0074898e-02   5.4852541e-02   1.0948779e-01  -2.3112971e-01   1.5419020e-01   2.4152575e-02   2.2656590e-02  -1.3165245e-03   1.4359446e-01   1.9702736e-01   6.0342469e-02  -1.1704898e-01   2.6290631e-02   1.4220055e-01   2.0852086e-01  -1.3860997e-02  -2.2861641e-01   7.9438688e-02  -5.0984349e-02   7.8183159e-02  -1.6043921e-01   2.5237612e-01   3.4806393e-02   3.5615991e-02  -2.7096303e-02
  -1.3757753e-01  -1.6121719e-01   1.3946283e-01  -6.6512469e-02  -7.8113704e-03   8.6675231e-02   3.5710336e-01   3.3476904e-02  -2.0912867e-03   1.7632494e-01   1.3625960e-01   1.1661262e-01   3.5143759e-02  -1.0026192e-01  -5.9232472e-02   4.9378779e-02   4.3979277e-02  -8.7066201e-02  -5.9924887e-03  -1.2661426e-01  -1.0900074e-01  -1.4569532e-01  -2.7795948e-02   3.5883376e-01  -3.3641300e-02   4.7276979e-02  -2.9163442e-01   5.6561595e-02  -6.5095450e-02   2.6233329e-02   2.1796291e-02  -1.3163187e-01  -4.9269621e-02   3.5711873e-01   3.8106114e-02   1.1543468e-02   5.9422539e-02  -9.9692879e-02   1.5112204e-01  -1.9324600e-01   1.7200036e-01   6.2861227e-02   1.1642346e-01   6.4598831e-02  -1.6979501e-01   1.9403905e-01   3.0515937e-02   2.8735589e-01   7.4027603e-02
  -1.4940250e-01  -2.1984518e-01   1.5724139e-01  -4.9469855e-02   2.1220352e-01   2.7215536e-01   1.6184002e-01   7.9819957e-02   1.9505229e-01   6.1658591e-02   8.2855171e-02  -1.8344412e-01   6.6313226e-02   1.0924124e-01  -2.1278418e-02  -1.0502247e-01   9.8848085e-02  -9.9650110e-02   6.8718570e-02  -3.7726528e-02   1.3034626e-01   9.7458606e-02  -2.1961285e-01   1.2243510e-02  -5.9784247e-02   6.4291284e-02   2.1564785e-01  -7.9465239e-02   7.3322184e-02  -7.3930255e-02   2.8378508e-01  -4.9508340e-03  -3.0589250e-03  -1.1869159e-01  -7.3516674e-02   1.6626086e-02   2.1668419e-01  -1.0229677e-01  -1.7122197e-01  -3.5041310e-02  -2.2787100e-02   1.0775175e-01  -1.0680562e-01  -2.1492251e-01   9.4387862e-02  -1.8492715e-02   1.4604562e-01  -1.3547699e-01   4.0161047e-01
  -1.3098935e-01   1.5285318e-01   1.8948815e-01  -9.4427128e-02  -1.0720599e-01  -1.7972853e-01   4.1548709e-03   1.4914354e-01  -1.2509900e-01   5.6055653e-02  -8.1808305e-02  -5.3051727e-02  -5.3721658e-02   1.5177224e-01  -1.0721887e-01  -7.4198458e-03  -4.9776093e-02  -7.9020453e-02   1.6180434e-01  -2.6736548e-01  -3.4164014e-02   1.9821112e-02   1.3449454e-01  -2.3095868e-01   4.0504549e-02  -1.7487761e-01  -2.6412745e-02  -5.9082831e-02  -9.1074174e-02  -1.1634257e-01   3.4505603e-01   1.5943577e-01   1.9983134e-01   1.4996071e-02  -9.9503234e-02   2.0411307e-01  -2.3930683e-01  -2.1774937e-01   1.3926249e-01  -2.6909488e-01  -3.7046044e-02   1.4155851e-01  -3.1951992e-02   1.6600908e-01   2.3075850e-01   2.4203582e-02   7.7577924e-02   4.8324002e-02  -1.8347276e-02
  -1.5363310e-01   6.0366822e-02  -4.6239756e-03  -4.2937942e-02  -3.5496256e-01   7.5072243e-02  -1.4893618e-01  -5.1442864e-02   4.1273716e-02   2.9683145e-02  -1.0268897e-01   1.7073191e-01  -1.4037775e-01   4.9127542e-02  -1.5784280e-01   8.2266886e-02   1.6451079e-01  -1.3903263e-02  -9.0355643e-02  -8.3526072e-02   1.9904724e-01   1.4052823e-01  -1.5591210e-01   1.2660268e-01  -4.8298241e-02   1.1844284e-01   3.4454153e-01   1.4977896e-01   7.5780313e-02  -1.1812716e-01  -2.6526692e-01  -1.3270337e-01  -5.3704524e-02   2.0396254e-02  -1.7425289e-01   2.8001617e-01   1.4641011e-01   6.1067890e-02   1.0571956e-01  -2.5651406e-01   4.5685411e-02  -1.3096525e-01   4.4135166e-02  -1.8037657e-02   2.1247010e-01   1.5879717e-01  -6.0677794e-02   9.6490472e-03  -3.4675922e-02
  -1.3777562e-01   6.6409046e-02   8.7648593e-02   1.0716723e-01  -1.5162098e-01   2.1113763e-01  -2.7317536e-01   5.3456495e-03  -2.1678310e-01   2.4680661e-01   1.8969699e-01   2.1727307e-02   8.3849705e-03  -1.0969947e-01   6.5857303e-02  -2.7959749e-02   3.7379464e-02  -7.4287476e-02   1.8178415e-01  -6.7527456e-02   4.2325822e-02  -1.8717051e-01  -8.6287439e-02   6.3530269e-03   1.8523315e-01   2.8059396e-01   1.0614421e-01  -3.1446764e-02  -5.0826961e-02  -1.3727930e-02  -1.8829900e-03   8.3022124e-02  -1.2152460e-01  -4.7448000e-02   2.8996339e-01   1.0430691e-01  -9.4888250e-03  -2.0262600e-01   6.1196680e-02   1.1537241e-01   1.6437269e-01  -2.9596913e-02  -2.0451500e-01   3.6381962e-02  -1.4844095e-01  -2.2046446e-01   2.9284278e-01  -5.0298883e-02  -1.7227698e-01
  -1.5241965e-01  -2.7611931e-01   2.8678872e-02   1.1588018e-01  -2.5409935e-01  -9.3354750e-02  -9.8349133e-02  -2.3729526e-01  -9.6303029e-02  -1.1427301e-02   1.3785592e-02  -3.4304944e-02  -1.8396923e-01   1.3280959e-01   1.7312423e-01   5.0108171e-02  -2.7664598e-01  -1.2665201e-01   5.2848820e-02  -9.0802903e-02  -2.4610507e-01  -1.9489087e-01   5.2063754e-02  -5.3368587e-02  -8.6522241e-02  -2.8788617e-03  -1.0522652e-02  -1.1088124e-02   2.2316904e-01   2.0872158e-01   1.4438928e-02  -5.0547249e-02   1.1555568e-01   1.1400399e-01  -3.6923661e-01  -1.2635680e-01   2.4047208e-01  -1.4899741e-01  -1.8380020e-01  -2.0323025e-02   9.5886133e-02  -2.9975903e-02  -8.6506668e-02  -3.2683385e-02  -9.3082425e-03  -9.4510324e-02  -6.4656468e-02  -1.1946287e-01  -4.1279329e-02
  -1.6558984e-01   9.9086788e-02   1.1613871e-01   1.9298878e-02  -1.5285014e-01   1.8347396e-01   3.5137357e-01   1.7411439e-02  -1.1603382e-01   6.2502794e-02  -8.3502868e-02   1.0901333e-01   2.7349848e-02  -1.4313969e-02  -6.4332947e-02  -1.7935012e-02  -6.5974261e-02  -4.6507378e-03  -2.5487684e-01  -3.5286526e-02  -1.2448859e-01   6.6203449e-02  -1.9468089e-01  -1.4092024e-01   1.9843999e-01  -1.7712257e-01   3.4777740e-02  -1.6398554e-01  -6.4740709e-04   3.9339503e-02  -1.2163358e-01  -1.7202518e-02  -5.8524980e-02  -2.4330553e-01  -1.1623812e-01   1.3759814e-02  -1.5259070e-01  -2.1930056e-01  -2.0405592e-02   3.3632028e-01   1.0570901e-02  -1.9070343e-01  -1.7606470e-01   1.5671198e-01  -1.2977572e-01   2.1230098e-01  -1.9754583e-01  -3.7080974e-02   8.4732345e-02
  -1.2202173e-01   2.1492171e-01  -1.8344468e-01   1.3321691e-01   1.7921988e-01  -2.0389848e-01   2.0163881e-02   7.4597412e-04   4.5212290e-02   1.0878048e-01   1.6486756e-01  -1.5231165e-01  -5.2766719e-02   4.2150828e-02  -1.4030203e-01   1.8076855e-01   8.6537227e-03  -1.2102392e-01   1.3174241e-01   8.5827087e-02  -3.4544423e-02  -9.3862218e-02   1.0915670e-01   1.2389876e-01  -2.9956193e-01   1.0869189e-01  -2.8810604e-02   9.6623197e-02  -1.6880489e-02  -4.1141261e-01  -1.7756649e-01  -1.7396951e-01   2.5938160e-02  -2.0182893e-01  -1.4346198e-01  -1.6136309e-01  -1.2092017e-01  -3.2823465e-01  -2.2863735e-02   4.2753668e-02  -6.5939966e-03  -6.2216240e-02  -4.1977695e-02  -7.2379901e-03  -7.4313104e-02   1.6570820e-01   6.0035845e-02  -1.3122897e-01   1.3929623e-02
  -1.4744641e-01  -2.2076616e-01  -2.4183983e-01  -2.3936056e-01  -2.9693219e-02   1.2333790e-02  -1.0265028e-01  -8.3710849e-02   1.1632145e-01   2.9191802e-02  -1.3015902e-01  -4.7136572e-02   1.2535759e-01  -4.9871902e-02   1.4568570e-01   9.2403119e-02  -3.8796506e-02   2.0163059e-01   4.5838936e-02  -6.5177374e-02   2.8783851e-01  -2.5893513e-02  -5.2592418e-02   6.2662157e-02  -2.9859318e-02  -1.0279126e-01  -2.4353235e-01  -3.4599206e-02  -6.5378594e-02   8.2693859e-02   3.4237429e-03  -3.3081088e-01   2.1102724e-01  -8.5192730e-02  -2.0230052e-02   3.4225689e-01  -2.0041841e-01  -8.7129532e-02  -2.1382538e-01  -2.2604464e-02  -1.6162803e-01  -9.5056007e-02  -1.7708830e-01   3.5323380e-02  -1.7528536e-01  -3.9316263e-02   1.2457571e-01   3.8568808e-02  -4.5071252e-02
