  -1.4123215e-01  -1.3968615e-02  -1.6643043e-01  -1.8659231e-02  -7.0512582e-03   1.9028278e-01  -2.5988348e-02  -1.4060249e-02   4.3152766e-02   1.2364145e-01  -4.2096014e-02  -7.2374465e-02   1.7402304e-01   4.9917234e-02   7.5172102e-02  -4.5163984e-01   8.8285317e-02   9.0597142e-02  -1.3858532e-01   1.4403182e-01  -1.4198791e-01  -3.5093204e-02  -4.6362711e-02   3.3555998e-01   1.0891667e-01  -8.6319742e-02  -2.0181770e-03  -3.9921831e-02   1.6013598e-02   5.7333910e-02   5.5942789e-02   1.6943082e-01  -9.7965978e-03   1.2132265e-01  -1.8980547e-01   9.7891612e-02   1.5886025e-01   2.5327880e-01  -1.6187593e-02  -7.2473997e-02  -9.0264767e-02   1.7424000e-01  -1.0587985e-01  -1.3282094e-01   7.4603808e-02   1.9758991e-01   9.4471646e-02   1.5609394e-01   3.1487583e-01
  -1.4264478e-01   4.1381069e-02   2.8638472e-01   1.1679836e-01  -1.5153159e-01  -9.5929538e-02   1.2294127e-01   5.0787776e-02  -1.7780799e-02  -1.9407478e-01  -9.7339185e-02   6.4944323e-03  -2.0157887e-01  -7.9435306e-02  -1.7804388e-01   1.4988273e-01   1.9970156e-03   1.2346981e-01  -8.2510618e-02  -6.7408472e-02  -2.8314660e-02  -3.1480057e-02  -3.3466374e-01   6.9787159e-02   1.3791613e-01   7.9505206e-02   1.1487642e-02  -1.8265874e-01   1.9562122e-01  -1.0188784e-01   1.3853378e-02   3.4961380e-02   2.7243743e-02   1.5883568e-01  -4.1280248e-03   2.4708911e-01   1.3340408e-01   2.9324444e-02   4.3106112e-03  -2.4365004e-02   9.5152403e-02  -1.6330999e-01   3.4833980e-01   3.4149994e-02  -1.1745716e-01  -5.6529055e-03  -4.9332174e-02   1.3243770e-01   3.6236727e-01
  -1.2197654e-01   5.2662675e-02   1.3555979e-01   1.1679203e-01   2.7528218e-01   9.9605129e-02  -5.1634164e-02   9.7739796e-02  -2.4453163e-01   1.9898863e-01  -1.4556085e-01  -1.8370159e-01   1.4216679e-01   3.0638258e-01  -5.5784343e-02   5.4222827e-02  -1.7925029e-01   7.5212350e-02   8.0013712e-02  -4.7716298e-02   4.3316578e-02  -3.4465793e-02  -2.3950109e-01   3.0981077e-02  -2.6485068e-02  -7.6151046e-03   2.5067760e-01   1.7758411e-02  -1.0335106e-01  -1.6855373e-02   1.5197282e-01   5.3698353e-03   3.6459239e-01   1.6398242e-02  -1.6466104e-01   7.7918929e-03   2.1483985e-01  -3.0237100e-02  -6.3637701e-02  -1.6412242e-01  -6.4847687e-02  -6.1629903e-02  -4.4497395e-02   1.6122851e-02  -1.1009156e-01  -3.5726885e-02  -2.2072889e-01   5.3708608e-04  -2.4760212e-01
  -1.3709323e-01   7.2519860e-02   2.5358591e-01  -1.6922997e-01  -9.1507220e-02  -3.5856902e-02   8.3215613e-02   2.3162608e-01   2.1531227e-01   1.5764798e-02  -2.5462511e-01   4.4999738e-02   3.7506216e-02  -6.9088075e-02   7.7543849e-02  -2.1823903e-01  -2.5166029e-02  -3.7542058e-03   2.2995531e-01   9.7018943e-02  -2.4818720e-01   4.7641027e-02  -1.1718476e-01  -1.3369671e-01  -6.8380923e-02   1.0205290e-01  -7.6546169e-02  -4.9091150e-02  -8.6458701e-02  -1.9249853e-01  -2.1992864e-01  -1.9945139e-01   1.1659409e-01  -3.1217900e-01  -1.5843628e-01  -1.2490421e-01   2.5786286e-02   6.1627626e-02  -1.4056298e-01   6.9065747e-02   9.4038204e-02   1.1194658e-01  -1.9950042e-01   1.3779358e-01  -1.1189053e-01  -1.5868710e-01   2.1661813e-02  -7.5213369e-02   1.4244812e-01
  -1.4163430e-01   2.2259353e-01   3.6519862e-02  -2.7324791e-01  -1.0055515e-01   2.1213057e-02  -1.3806777e-01  -1.2142730e-01   2.8161540e-02   5.7228995e-02   1.9431905e-02   2.2398208e-01   1.5275891e-01  -2.4539934e-01   1.4728205e-01  -7.5935478e-02   1.8136983e-01   9.0631224e-02   5.4973072e-02   7.8898460e-02   2.9322824e-02   2.0392682e-01   4.2641688e-02  -1.1691430e-01   5.2685795e-02  -1.4929903e-02   2.0033724e-01   1.2624695e-01   2.2234730e-01  -7.2791808e-02   2.9759993e-01  -4.0110944e-02   1.3293696e-01  -3.3546508e-03   2.8920713e-02  -1.3202161e-01   7.2845318e-02  -1.7996926e-01   2.1180517e-02  -1.4191225e-01   1.0496716e-01  -3.8704632e-02   1.7975520e-01  -8.1701185e-02   1.5980659e-01   1.5168128e-01  -3.2279518e-01  -1.7120181e-01   6.5849302e-02
  -1.6018702e-01  -2.6583843e-02   7.1790410e-02  -3.4040448e-02   2.4893555e-01  -6.2602242e-02  -2.6523181e-01  -6.4495320e-02   1.5384301e-01  -2.9342039e-01  -1.7752539e-01   2.0364351e-01  -1.4501452e-01  -7.2296525e-02   3.4792286e-02   2.1110029e-01   5.3851615e-02   6.8554241e-02   1.9191791e-01   2.2428484e-01   1.4627232e-01  -8.9808759e-03   3.1752702e-02   1.7093044e-01  -2.4379902e-01   1.6100692e-02   1.8007990e-01   6.6234184e-02  -2.3450699e-02   1.0122679e-01  -7.0720095e-02   2.0121770e-01  -9.1377469e-02   7.4314202e-02  -2.1624622e-02  -1.5434991e-01   2.2947554e-01   1.6082935e-01  -2.3651172e-02   1.4451870e-01   3.3407917e-02   2.0329225e-01   3.0074113e-02  -2.2029367e-01  -1.3302461e-01  -6.6488030e-02   5.3975530e-02   1.0331783e-01  -8.4813512e-02
  -1.2439946e-01   6.0723160e-02  -8.5201276e-02   1.7419386e-01   1.3240334e-01  -3.3711518e-02  -1.9629535e-01   8.5224291e-02  -6.5000668e-02   1.2666203e-01   1.0580676e-01  -8.4353148e-02  -5.3901921e-02  -1.8701397e-01  -4.1076973e-02   3.3053652e-02   9.1001617e-02  -1.9395433e-01   1.5541439e-01   1.5240633e-01  -8.0693134e-02  -2.1679294e-01  -1.2775350e-02  -1.4827724e-01  -6.8838992e-02   1.9081196e-02  -3.0870041e-01   2.4232638e-01   2.3348677e-01  -2.4744930e-01  -8.4502791e-02   2.4026473e-01  -1.9440227e-02  -7.7130331e-02  -6.2239595e-02   6.5077831e-02  -7.7672660e-03   8.0313304e-02  -3.4446589e-02  -2.1741551e-01  -3.4110515e-01   1.0348166e-01   2.1563816e-01   1.6339357e-01  -9.4408503e-02   5.1826626e-02  -4.6676966e-02  -8.5023628e-02  -1.3771671e-02
  -1.5901212e-01   1.1682226e-01   2.0410956e-01   9.6926551e-02  -2.4995322e-01   5.9343164e-03   1.2698987e-02  -3.1311992e-02   1.3881505e-01   3.4946235e-02   6.0846742e-02  -2.3947701e-01  -1.1882559e-01  -6.4106628e-02   2.4773198e-01   1.9024789e-03  -1.1717295e-01   1.4641478e-01  -2.0838049e-01   2.2870128e-01   1.3842564e-01  -5.4762839e-02  -1.3393437e-03   1.1850320e-01   1.6523450e-01  -2.7912051e-02   1.0844875e-01   6.3984514e-02   3.2161530e-01   1.2782254e-01   1.8221886e-02   1.6016998e-01  -1.5840731e-02  -2.3351466e-01   2.4253327e-02  -2.1428136e-03  -1.0977323e-01  -2.3043545e-02   1.2930785e-01   2.0766167e-01  -1.0432548e-01  -1.7534864e-02  -2.2349113e-01   1.8302198e-01  -8.8636372e-02  -4.2320288e-02  -1.0959551e-01   1.3741895e-01  -2.5580896e-01
  -1.5068509e-01   3.2791667e-02   7.7439522e-02   4.8862889e-02   1.8389170e-02   2.2046584e-01  -1.0597581e-01   2.6612136e-01   4.4610505e-02  -1.3444138e-01   1.0063880e-01   2.6463088e-03  -1.3186411e-01   1.9126884e-01   3.9861631e-01  -2.0861645e-01   2.2872506e-01   1.4606640e-01   1.1672285e-01  -2.1194615e-01  -9.1313458e-02   7.9378582e-03   7.4031337e-02  -1.1370216e-01  -1.2183728e-01  -1.0368030e-01  -3.9598999e-02  -1.1952397e-01   2.3935118e-02   5.1584988e-02  -1.1966544e-01   4.5209688e-02   1.0451656e-01   9.0923638e-02   6.3546035e-02   1.8186569e-01  -1.9367707e-01  -9.6838740e-02   1.8920677e-02  -5.0457352e-04  -1.1681418e-01  -1.0549955e-01   2.1202703e-01  -2.4492867e-01   1.0837188e-01  -2.4569317e-01   1.1825852e-02   9.3226271e-02  -1.2644290e-01
  -1.6076684e-01  -2.8847076e-01  -1.0441219e-01  -2.0438295e-01   1.7792042e-01  -8.5098147e-02   1.3716140e-01  -2.0159382e-02   1.7705837e-01  -2.6245436e-02  -1.2476456e-01  -1.7386140e-01   7.4580371e-02  -2.1261705e-01  -2.6249933e-02  -1.5695918e-02  -2.1439950e-01  -7.7371038e-02   7.1405167e-02  -9.2153674e-02   2.2518585e-01   1.2021707e-01  -8.6268394e-03   6.6063240e-02   1.4451436e-03  -2.8423788e-01   9.0145111e-02   5.9701654e-02  -4.0346014e-03  -1.8111521e-01   1.9750438e-01   1.3287709e-01   1.0627400e-01  -6.7154304e-03  -1.4273491e-02   2.4477094e-01  -3.3136207e-01   1.8391752e-01   1.0909313e-02   7.8705377e-02  -2.9085808e-02  -2.4885565e-02   4.8929309e-02  -1.9525552e-02   5.3172945e-02  -2.6674107e-01  -3.3291485e-02  -1.5699358e-01   9.0168202e-02
  -1.4403254e-01  -3.8304330e-02   2.7401896e-01   2.4864073e-02   1.3902176e-01   1.2764832e-01   5.0617088e-02   6.0223984e-02  -4.5375978e-02   2.5631374e-01   3.0443920e-01  -1.9962174e-02  -1.2733714e-01  -8.6454478e-02  -8.6706615e-02   1.0659507e-01   1.6028867e-01   1.3947445e-01  -1.3768288e-01   2.2959182e-01   1.3202207e-01   1.3683035e-02   9.8570128e-02  -4.6770583e-03  -1.3060679e-01   3.9570161e-02   1.6729252e-01  -1.8893072e-01  -1.9809227e-01  -1.3787842e-03   1.4129370e-01  -1.3159745e-01  -1.0794041e-01  -3.8372732e-02   2.3690380e-01   8.3582414e-02  -3.2207293e-02  -5.2846458e-02  -1.3416793e-01  -2.0623475e-01  -9.5918024e-02   2.9058998e-01  -7.7215490e-02   1.0693941e-01   7.8298368e-02  -2.0170553e-01   9.8713298e-02  -6.2792297e-02   2.0426768e-01
  -1.5682618e-01   5.7458213e-02  -2.5728877e-01   3.1126973e-01   3.2850414e-02  -8.5274126e-02  -3.0882167e-02   4.5219844e-02   1.2250660e-04  -6.0536764e-02  -5.2993006e-02  -1.7205630e-01  -1.4730369e-01  -2.4092410e-01  -7.6799289e-02  -2.1779205e-01  -9.0755958e-02  -1.3205950e-01   6.9522563e-02  -9.5759362e-02   7.4286363e-02   2.3136566e-01   1.1805783e-01  -6.8104862e-02   8.2269053e-02  -9.7567930e-02   5.1477651e-02  -2.3440484e-01   7.3666613e-02  -1.5493890e-01   1.1393248e-01  -2.6433930e-01  -4.2023006e-02   2.0586969e-02   7.8542581e-02  -1.6661525e-01   3.0921716e-01  -8.4334147e-02  -1.6948097e-01   1.2077005e-01  -9.6704941e-02   5.8630943e-02   3.3236382e-02   4.6096653e-02   1.5956367e-01  -8.2901591e-02   1.2032194e-02   2.8271923e-01  -1.2024341e-01
  -1.3542923e-01  -2.2173714e-02   6.5430686e-02  -2.0189197e-01  -2.2506767e-02   9.6723186e-02  -3.6827430e-01   4.7686392e-03  -1.6778557e-01  -5.9777378e-02  -2.8935064e-01  -3.1937341e-01   4.7893072e-02   5.3271170e-02  -2.3221677e-02   2.7801401e-01   5.2878435e-02   1.3961417e-02  -3.9926139e-02  -1.9781224e-02  -2.2023185e-01   2.6322633e-01   7.9083871e-02  -1.2623894e-01   1.4163389e-01  -1.4285435e-01  -1.3193211e-01  -1.0621984e-01   6.1070167e-02  -1.1997374e-02  -1.7136336e-02   3.7851576e-02  -2.0144189e-01   8.0683125e-02   2.4108316e-01  -4.5955207e-02   1.2458051e-02   4.7793993e-02   2.6852301e-02  -1.3190395e-01  -9.2558744e-02  -1.6314156e-01  -2.9175934e-01  -5.2308891e-02  -5.4154267e-02   5.9986474e-03   4.3324733e-02  -4.3349712e-02   1.1332706e-01
  -1.3657805e-01   4.0707081e-02   4.9128616e-02   2.2351444e-01  -2.1223084e-01   1.1308818e-01   9.6680813e-02  -1.5379922e-01  -2.6182707e-01   4.2379025e-03   8.6935629e-02   9.1643371e-02  -1.1439862e-02   1.0898296e-01  -2.7284698e-02   2.4409153e-03   1.8751161e-01  -1.1164351e-01   1.2910571e-01  -2.1309242e-01   9.8216449e-02   2.0607174e-01   2.3774334e-01   2.1728614e-01   1.9897533e-02   1.6631801e-01   1.4519988e-02   2.1823146e-01  -7.2055178e-02  -2.8811140e-01   7.3188438e-02   1.1734975e-01   1.1672566e-01  -2.5383675e-01   8.4900531e-02  -7.0816620e-02   6.7190315e-02   1.9012710e-01   1.9707641e-01   4.3563613e-02   3.4707219e-02  -8.7897210e-02  -9.7282561e-02  -1.2075204e-01  -1.6359151e-01  -1.8448174e-01   8.0148885e-02   3.9598868e-03   1.3615163e-01
  -1.3260609e-01  -1.6905238e-02   3.2792543e-02  -2.2454431e-01  -7.2293301e-02  -1.3867768e-01  -1.7883697e-01   7.1220711e-02  -3.2016295e-01  -3.3600536e-02   1.5525656e-01  -1.4686040e-01   9.3611709e-02  -2.0336237e-01  -1.8020330e-03  -1.0393835e-01   9.4973716e-02  -2.0665799e-01  -1.9785722e-01   9.9846152e-02  -6.4847329e-02  -2.7821500e-01   1.1452927e-01   1.1671117e-01  -6.2986030e-02   1.6775741e-01   2.2862606e-02   4.6994499e-02  -6.8594541e-02   4.6674687e-02   3.4660635e-02   4.9349364e-03  -2.0110410e-02   1.2910475e-01  -1.7371119e-01  -1.7594770e-02   2.6408906e-02   2.8955643e-02  -2.9156018e-01   1.3010720e-01   2.4191965e-01  -3.0718911e-01   1.6499172e-02  -5.1435053e-04   1.7074468e-02  -3.0658092e-01   1.0853693e-02   4.2293690e-02  -7.9789931e-02
  -1.5579309e-01  -1.1400778e-01  -4.8869358e-03   2.8019565e-01  -4.0734832e-02  -1.7354763e-01   2.0457581e-01   5.2686568e-02  -1.7191621e-01  -9.1516774e-02  -9.8268123e-03   1.0088569e-01   2.1363177e-01   1.7771243e-01  -3.9838623e-02   2.3685607e-02   2.2065273e-01   5.6134811e-02   1.8676540e-01   2.3206040e-01  -1.9234820e-01  -1.3836694e-01   1.5502907e-01  -1.9667165e-01   5.7489182e-02  -3.2954740e-01   1.4944057e-02  -3.1707972e-02   1.4458317e-01   8.4776392e-02   1.1302379e-01  -1.7837518e-02   4.2236176e-02   1.7053220e-01   1.4922518e-01   5.0422966e-02  -3.1758899e-02   1.9485915e-01  -5.6629796e-03   1.7293227e-01   2.7146603e-01   1.2760769e-01  -7.4236280e-02   1.5807191e-01  -1.8580417e-03   1.0995088e-02  -9.6833802e-02  -9.6986487e-02  -4.9955823e-02
  -1.4672521e-01  -2.5328545e-01  -8.6490518e-02  -5.2712274e-02   6.8837152e-02   2.2611725e-01  -3.8479042e-02   2.3867519e-01  -1.4731245e-01   1.7942842e-01   8.7791533e-02   2.5376537e-01   9.9635811e-02  -9.0072989e-02   7.7225770e-02   2.2356129e-02   1.2762815e-02  -8.1853214e-02  -1.5225777e-01   5.0191049e-02   7.1082012e-02   3.6882909e-01  -1.8101685e-01  -1.1430342e-01   6.2662597e-02   7.4138532e-02  -2.3935643e-02  -8.1875727e-02  -5.9851662e-03   7.3197863e-02  -1.1752674e-02   5.4588069e-02   1.5496907e-02  -4.8038134e-02   6.3103599e-02  -6.3983212e-02  -1.2590234e-01   1.1180793e-01  -1.2108247e-01   2.4334426e-01   5.6512098e-02  -4.2764795e-02   1.9570589e-01   1.2581590e-01  -3.4803031e-01   2.3888008e-01   1.2579151e-01   1.1898363e-01  -1.1987334e-01
  -1.4291302e-01   2.4013553e-01  -1.5487112e-01  -1.3429097e-01  -2.7278802e-02   2.7795210e-01   1.8963742e-01  -2.0198891e-03  -3.7045361e-02  -1.8070831e-01  -4.2752788e-02  -1.3909537e-01  -2.0802605e-01   1.3076940e-01  -7.3544508e-02   4.0016472e-02   3.6815519e-02   5.9719532e-02   5.4212123e-02   2.4758556e-01   1.7346400e-01   1.9531954e-02   3.5342531e-02   1.3274239e-01   2.5805429e-01  -2.1038106e-02  -2.4791296e-01   5.4191337e-02  -2.2838830e-01   1.6174550e-01  -4.0418788e-02  -1.9966976e-01   2.3737203e-02   2.0096929e-02  -1.7558904e-02  -1.4360709e-01   4.8445384e-03   1.7220365e-01  -1.0267092e-01   8.9710906e-02  -1.1673374e-01  -5.2093779e-02   2.5963630e-01   5.7531995e-02   2.0637552e-02  -2.4405184e-02  -1.2923311e-01  -3.1114667e-01  -4.2614807e-02
  -1.2687027e-01   8.4275055e-02  -1.4406408e-01  -1.1949400e-01  -1.2337637e-02  -1.2454821e-01   2.0572736e-01   1.2612388e-01  -8.0768377e-02   6.8047866e-02  -1.8816542e-01  -9.5355481e-03   7.4661437e-03   2.1472599e-01  -1.2251985e-02   1.4501448e-02  -1.9743775e-01  -1.8983266e-01   3.6928205e-02   2.4213989e-01   7.1317752e-03   1.5013299e-01   6.3278353e-02  -1.2703020e-01  -4.5657443e-02   2.1836985e-01  -1.2011659e-01   2.0505899e-01   1.3639787e-01   3.2801596e-01   1.2146355e-01   1.2711147e-01   4.0241116e-02  -1.5031036e-01   1.5613160e-01   2.1668712e-01   1.0505682e-01  -2.4589343e-01   4.5907940e-03  -7.4728370e-02   7.3965158e-02   8.8891455e-02   9.7763803e-02  -1.4118771e-01   1.1913426e-01  -1.5656336e-01   1.8975396e-01   1.7439917e-01   1.1382721e-01
  -1.3387125e-01   5.9226771e-02  -2.7775503e-01  -5.3904639e-02  -1.2802406e-01  -2.1480309e-01   1.1831578e-01  -5.5486138e-02   2.1309868e-01  -1.1504843e-01   9.4097147e-02  -1.7658224e-01   1.2399272e-01   8.5051782e-02   6.2833086e-02   5.4210989e-02   2.0441463e-01   4.0353645e-02   7.7722012e-02   5.1450304e-02   1.6687981e-02   1.6024561e-01  -3.4915795e-02   3.7654949e-02   2.4650174e-03   2.9580202e-01  -3.1636038e-02  -1.8075077e-01  -2.0460482e-01  -1.2493283e-01   2.3167435e-02   2.1989448e-01   7.0155949e-02   3.2656844e-01  -3.4514785e-02  -5.9455947e-02  -1.4522569e-01  -2.1328461e-01   6.3365948e-03  -1.8798381e-01   1.3300073e-02   1.2854569e-01  -8.6734746e-02   1.6581974e-01  -2.8553887e-01  -5.7042164e-02  -1.0737967e-01   9.9700455e-02  -7.9163620e-02
  -1.5045114e-01   1.5662609e-01  -1.8925421e-01  -1.3526080e-01   1.1074817e-01  -4.8408526e-03   5.9490496e-02   1.4431153e-01  -2.8081950e-01  -1.1545237e-01   1.3984400e-01   3.0424783e-02   4.1848852e-02  -1.0446474e-01   1.8534479e-02  -8.2896817e-02  -1.9932403e-01   4.0470840e-01   2.0458807e-01  -2.6402248e-01   1.2780709e-01  -1.0404013e-01  -9.3525495e-02  -4.0596288e-02  -2.2979054e-01   1.7084151e-01  -8.3481242e-02   4.3912954e-02   1.9692516e-02   5.1826899e-02   1.3888616e-02   9.2347748e-02  -1.9752006e-01   1.6307836e-05   1.4667339e-01   6.3768428e-02   6.0958754e-02   9.0248138e-03   3.3634201e-02   2.1020051e-01  -4.6897521e-02  -2.7293715e-02  -2.4111957e-01   1.9197016e-01   5.7867402e-02   1.1159110e-01  -1.3162722e-01  -2.9772029e-02   1.6893982e-01
  -1.2609225e-01  -1.2103102e-02   1.2642188e-01  -8.1269490e-02  -1.3823892e-02   7.6978875e-02   1.9624282e-02   1.8449656e-02   9.7817305e-03  -1.4853534e-01   1.6409473e-01  -1.2650307e-02   1.0839118e-01  -2.6896996e-01  -1.6252283e-01  -1.0691567e-02   3.4667994e-03  -8.7958501e-02   9.7095244e-02  -1.3667004e-01  -3.1002652e-02   7.6764208e-02   6.0058804e-02   2.2384428e-01   1.9349516e-01  -3.2425700e-02  -6.5664427e-02   2.3581384e-02  -8.5467247e-03   8.2957149e-02  -3.1715361e-01   1.0657415e-02   1.9642076e-01  -1.0220243e-02   1.6532041e-01   4.1879961e-01   2.0832555e-01  -1.5677613e-01  -6.7758487e-02  -8.3565342e-02   1.2433967e-01   1.9408413e-01  -1.2933650e-01  -6.3615836e-02  -6.5243930e-03   1.7227864e-01   5.1794075e-02  -1.5902171e-01  -3.0767157e-01
  -1.4028319e-01   5.6244824e-02   2.3114929e-01  -6.3381154e-02   7.8949713e-02  -8.9428939e-02  -1.2512154e-01  -3.2302555e-01   9.3026724e-02  -6.3962552e-03   3.3064338e-01   7.7860172e-02   1.9952733e-01   5.3036910e-02   5.1453731e-02   1.7769089e-02  -2.0812525e-01  -2.2139789e-02   7.6791679e-02  -9.4598634e-02  -6.1072218e-02   5.5535360e-02   9.9121879e-02  -2.8965737e-01   2.4069159e-01  -5.5830221e-02  -1.4887579e-01  -1.3361452e-02  -1.5071451e-01   1.8665079e-01   7.5779649e-02  -3.0617376e-02   4.2043391e-02   1.0897779e-01  -2.4602877e-01   4.5020294e-02   1.8244722e-01  -7.6390235e-03   1.3182324e-01   2.1959434e-01  -2.3139256e-01   4.3567139e-02   6.4156024e-02   6.2746321e-02  -1.1062872e-01  -1.5236656e-01   1.0767288e-01   6.1266061e-02   1.3982449e-01
  -1.4778364e-01  -2.2546755e-01   4.1915463e-02  -1.3727738e-01  -3.9428639e-01  -8.7363068e-02  -1.5208715e-02   1.9549093e-01  -3.5492350e-02   2.5984904e-02  -1.9444571e-01   8.4724625e-02  -5.8588304e-02  -1.2174332e-02  -1.2112494e-01   6.8171406e-02   1.7350523e-01  -6.3364404e-02  -1.4691165e-01  -1.8097904e-01   1.2710636e-01  -1.2824248e-01   2.4546903e-02  -1.4995712e-01  -7.4308449e-02   8.4001270e-03  -1.1239750e-01   1.7275180e-02  -2.3752887e-01   6.6827754e-02   2.0341357e-01  -7.1646071e-02  -1.1232443e-01  -5.9564921e-02  -1.7341555e-01   1.4504407e-01   1.1058438e-01   8.8855757e-02   1.4910548e-01   2.7928051e-02  -2.2246954e-01   2.5335373e-01  -2.5011939e-02  -1.0857568e-01   5.4267744e-02   8.6061694e-02  -2.7958755e-01   1.0383231e-01  -1.7170297e-01
  -1.7591034e-01  -1.9500914e-02  -7.0323726e-02   1.0930223e-01   4.3451330e-02   1.0190020e-01   6.9190290e-02  -2.2159783e-01   8.7783336e-02   1.7999057e-02  -1.1979783e-01   1.6797626e-01   1.7608602e-02  -1.8243223e-01   1.1648500e-01  -3.0360388e-02  -4.4877311e-02  -2.1521701e-01  -1.5927100e-02  -1.8516176e-01  -2.6311144e-01  -2.5649255e-01  -2.1633602e-01   1.6229428e-01  -2.4417192e-02   3.3803596e-02  -4.1973476e-02   8.4943475e-02  -2.4483848e-02   2.9926536e-01   1.5096636e-01  -2.2178637e-01   9.3324484e-03   4.0753118e-02   3.7198002e-01  -1.0669316e-01  -1.2314644e-01  -2.0557681e-02  -4.9257839e-02  -1.0135404e-01  -1.4083114e-01   2.1048451e-04  -7.3958499e-02  -4.6486718e-02  -2.5629165e-01  -1.4523291e-01  -1.6242539e-01   3.6855998e-02   3.5861176e-02
  -1.2739740e-01  -3.7997112e-02  -1.8270699e-01  -6.9796201e-03  -5.4711251e-02  -2.5599950e-01  -1.1638560e-01   2.7867434e-01   8.8431117e-02   2.7767945e-01   2.3169134e-01   3.3697672e-02  -2.9741872e-01   9.5427271e-02   5.3092062e-02   1.7570279e-01  -6.5064243e-02  -6.0138824e-02  -3.7790056e-02  -1.2220048e-01   6.0166620e-03   1.1056294e-01  -1.7731804e-03   7.0664850e-02   8.5854815e-02   7.2792605e-04   1.0530228e-01   2.0051530e-01   1.8343548e-01   1.2228012e-01  -2.4343039e-01  -2.1546092e-01   1.9739481e-01   2.6839967e-01  -7.5181524e-02  -9.6856646e-02   1.5090092e-02   1.4700318e-01   5.2852437e-02   2.8443289e-03   3.6922866e-02   6.4907300e-02  -1.7492055e-01  -9.6662842e-02   1.3965107e-02  -3.7171421e-02  -9.6757005e-02  -1.3048804e-01   1.9896891e-01
  -1.4299618e-01   3.5702147e-02  -4.8032973e-04   2.1584876e-01  -9.7901660e-02  -9.9919798e-02  -1.3259757e-01   1.7932574e-01   1.3003124e-01  -1.5627289e-01   6.9967654e-02  -1.9150405e-03   3.1592576e-01   1.1764824e-01  -2.8743286e-01  -1.3149085e-01  -4.6926136e-03   2.2686735e-02  -2.2424542e-01  -1.0886017e-01   1.1375473e-01   5.4391741e-02  -1.0438517e-01  -2.4213349e-02   2.0858089e-02  -2.2792983e-01   1.4023988e-01   1.9813060e-01  -1.4508009e-01   1.3921364e-01  -2.4476457e-01   1.9605347e-01  -1.7033602e-01  -1.8845144e-01   8.4218133e-02  -2.3598250e-01  -4.2225316e-02  -1.9163056e-01  -1.2895516e-01  -5.5546418e-02  -3.0466213e-02  -9.4827629e-03   1.2294585e-01  -1.9722752e-02   3.3466195e-03  -1.0942584e-01  -1.0962872e-01  -1.0057925e-01   1.6211294e-01
  -1.3880093e-01  -1.4544963e-01  -1.0215111e-01   6.9291184e-02  -1.5097747e-01   1.6065991e-01   6.5193869e-02  -2.1113470e-01  -1.0551431e-01  -2.3087310e-01  -5.1795318e-02  -2.6557782e-02  -4.7468210e-02  -5.2316111e-04   2.4895368e-01   4.2109483e-02  -7.9564928e-02  -4.9284255e-02  -1.3918080e-01   7.1927540e-02   8.7638435e-02  -1.6141482e-01  -1.8734952e-01  -4.1238745e-01   1.2250700e-01   1.4529188e-01   2.9961596e-01   2.2587831e-01  -1.1815992e-01  -2.1568983e-01  -1.7790136e-01   3.4364538e-03   9.9422188e-02   1.2587761e-01   6.4343698e-02   3.3978887e-02   2.3750847e-02   1.2771683e-02  -1.7702956e-01  -6.7760387e-03  -7.0902794e-02   8.6796150e-02  -1.1631647e-01  -6.6045565e-02   1.6793290e-01   1.0115760e-01   1.8014536e-01  -5.9427472e-02   6.1778728e-02
  -1.4403839e-01  -5.5035770e-02  -1.4198327e-02   2.7474988e-02  -9.4494453e-02   2.7155047e-01  -1.7674879e-01  -1.0023565e-01  -2.6805801e-02   5.6967021e-02  -5.6729530e-03  -3.3513285e-02   1.7015948e-02  -6.3878616e-02  -6.8034086e-02   6.6078673e-02  -6.1392490e-02  -1.1820482e-01   2.6791089e-02   1.2125468e-01   2.6601709e-01  -1.4713335e-01  -8.6098097e-02  -7.0873352e-03  -2.2070202e-01  -2.0344396e-01  -3.1875557e-01  -1.0529239e-01  -6.8584660e-02  -1.6209542e-02  -1.4233368e-01  -1.3584312e-02   3.3710845e-01   6.8301125e-02   1.5064715e-02  -1.5262138e-01  -6.9674460e-02  -2.1203981e-01   2.7687011e-01   4.2146155e-02   2.8650945e-01   2.5468980e-02  -6.5136173e-02   7.7062058e-02   1.4254850e-01   2.0480535e-02  -5.7405484e-02   2.2442612e-01   1.8491266e-01
  -1.4400868e-01  -2.5864674e-01   1.9363800e-01   9.7967610e-02   1.1054798e-01   1.2968745e-01   2.2484172e-02  -1.0048823e-01  -2.3920881e-02  -2.1627167e-01   4.9100041e-03  -5.2590596e-02  -5.0869480e-02   1.3213808e-01  -1.1198060e-01  -1.5859496e-01   1.4683143e-01  -4.9427635e-02   5.3820621e-02  -9.1566663e-02   1.5782593e-01   1.6439273e-01  -1.1303068e-01   4.4887035e-02  -8.9204125e-02   1.3350273e-01  -1.4730790e-01   1.8515263e-01   3.5118262e-01   1.1447698e-01   1.5129003e-01  -2.1676361e-01  -1.9886578e-01   1.2432320e-01  -3.4814809e-01  -7.4881790e-02  -1.4615816e-01  -1.9552850e-01  -7.5639209e-02  -9.8091161e-02   4.6404706e-02   5.6388623e-02  -1.6782265e-01   6.9318920e-02   1.9802297e-02   3.2336949e-02   1.1240226e-01  -1.3211057e-01  -3.3000444e-02
  -1.4289951e-01  -4.7236698e-02  -2.0216183e-01   1.5272278e-02   6.8804908e-02  -2.3312973e-01  -6.7783550e-02  -3.7981538e-01  -2.6473383e-01   1.8048013e-01  -1.3201205e-01   2.0901962e-01   5.8830389e-02   2.9389982e-02   5.6510845e-02   3.1529857e-02   1.0685003e-01   2.6309525e-01  -4.9102858e-02   8.7752259e-02   5.3033823e-02   1.0236516e-01  -1.5681915e-01   8.3220205e-02   9.4578059e-02  -3.1888841e-02  -8.2070203e-02  -1.0115799e-01   3.5873858e-02  -3.9824976e-02  -3.6570806e-01  -1.9035700e-01  -1.3400595e-01  -1.9747144e-01  -1.3525080e-01   1.8517211e-01  -1.1733594e-01  -3.0338597e-02  -9.6362071e-03  -7.9714719e-02  -1.0950913e-02   2.7129846e-02   4.5702301e-02  -3.6997387e-02   8.6121486e-02  -2.2284776e-01  -1.0508570e-01   8.6510566e-02  -1.0047770e-01
  -1.3570434e-01  -1.9822301e-02  -3.0094984e-02  -1.8502333e-01   9.2243737e-03  -2.6599972e-01  -2.2628566e-02   6.9779633e-02  -9.7502859e-02  -3.5236020e-02   3.9245663e-02   1.5328908e-01  -2.6412411e-01   3.2255383e-02  -4.2540874e-02   3.7205268e-03   1.6059032e-01   1.2505689e-01   9.9302564e-02  -4.9420825e-02  -8.2242046e-02  -1.3862486e-01  -1.9735541e-01   1.4702296e-01   2.2036842e-01  -2.9129587e-01  -2.1824000e-02   1.0315957e-01  -1.5485214e-01  -4.8033421e-02   2.2866820e-01   8.7627599e-02   1.6273986e-01  -1.2622551e-01   1.4051078e-02  -1.8134210e-01  -6.4646714e-02  -2.2642088e-01  -1.3226064e-02  -4.1133607e-02  -1.0064660e-01  -7.9477538e-02  -7.4556295e-02   1.1182332e-01   7.8707214e-02   1.1670361e-01   4.3701164e-01   8.2817788e-02  -7.3340868e-02
  -1.3640106e-01  -1.2944307e-02  -7.2624443e-02  -1.2075989e-01   2.6419095e-02  -1.3400183e-01   2.4411791e-01  -3.6015018e-02   1.0240507e-01  -1.2349869e-01   3.4833186e-01  -2.4123735e-01   1.3897305e-01   3.6275186e-02   1.3820012e-01   1.1506928e-01   7.0186197e-02  -2.0506060e-02  -4.7104778e-02   4.4922580e-02   7.5783684e-02  -2.6901257e-02  -1.8533840e-01  -9.9329735e-02  -2.6146411e-01  -1.8645326e-01  -8.3179892e-02  -5.9273294e-02   7.3451275e-02  -1.6265427e-02   8.7603675e-03  -2.2075324e-01  -5.9409194e-02  -2.6580811e-01   8.2489616e-03  -6.0172420e-02   2.1114268e-01   2.0493980e-01   5.2058859e-02  -2.2605368e-01   6.8261955e-02  -1.8387201e-01   6.9736431e-04  -2.8116095e-01  -1.3838822e-01   1.5871408e-01   8.1326862e-02   7.6287867e-02  -5.2248845e-02
  -1.2802900e-01  -5.2169316e-02  -1.2817167e-01   3.9066338e-02  -2.4400239e-02   1.1243434e-01   6.2837696e-02  -1.6384160e-01   1.0650352e-01   3.1837116e-01  -5.8647933e-02  -2.4024391e-01  -8.8502380e-02   1.2766339e-02   2.1038634e-02   1.8200197e-01   6.5885676e-02   1.9276167e-01  -6.6584947e-02  -2.5329653e-01  -1.5687983e-01  -1.4746569e-01   2.5429750e-02  -4.1469999e-02  -3.6260967e-02  -1.2953234e-02  -1.0004012e-01  -5.7134714e-02   7.7378585e-02  -4.3953678e-02   7.8099809e-02   1.7328170e-01  -5.1952225e-02  -1.1049992e-01  -9.2200860e-02  -9.0342792e-02   1.2451476e-01  -2.3501221e-01  -2.1231653e-01   2.9995184e-01   2.3999668e-01   2.0903922e-01   1.4042641e-01  -2.1154687e-01  -9.9924335e-02   3.5310481e-04   8.1556584e-02  -2.5686787e-01   1.1141072e-02
  -1.5034542e-01   1.0517843e-01   7.8092164e-02   4.6742921e-02  -2.7485434e-01   1.2257455e-01   3.3931911e-02  -9.5644305e-02   6.9648544e-02   2.7230058e-01   7.9308258e-02   3.4897162e-02  -1.2492122e-01  -8.1237133e-02  -1.2493200e-01  -5.7387240e-02  -2.0720839e-01   3.7207004e-03   3.1240525e-01  -4.5202357e-02  -6.4183068e-02   8.9598968e-02  -1.8989793e-01  -1.0581034e-01  -9.9414376e-03  -4.3705011e-02   4.6558108e-02   3.0821294e-02  -1.2348840e-01   1.0854069e-01  -4.4538211e-03   2.0819481e-01  -3.1148841e-01   1.6369398e-01  -4.6521108e-02  -7.3037699e-02  -6.6049908e-02   2.5604933e-01  -5.9537835e-03  -2.5622423e-01   2.4631645e-01  -8.4282726e-02   3.0497186e-02  -1.2585655e-02   1.8136152e-01  -6.7874513e-02   9.8354560e-02   4.8115492e-02  -2.5840390e-01
  -1.3991601e-01  -2.6660873e-02   1.3236558e-01   3.8638168e-02  -1.5502086e-01  -1.0702105e-01   2.3090246e-01  -5.4410762e-02  -2.0640927e-01  -1.1085879e-02  -3.3115725e-02   2.3886120e-01  -1.1751181e-01   2.2836516e-02   1.6123748e-01  -1.2137972e-02  -3.3661381e-01  -1.2180893e-01  -5.6296220e-02   6.8414786e-02   9.9702166e-03   6.5014561e-02   2.5157145e-01   1.1246832e-01  -2.1643883e-01  -2.1029157e-01  -8.1429296e-02  -2.6647653e-01   9.1431351e-03  -3.7634497e-02  -8.7241025e-02   1.8616303e-01  -5.4424116e-03   1.0264597e-01  -1.3197015e-01  -1.0149638e-01  -1.6978453e-02  -1.7198589e-01  -2.4260770e-01  -1.2171771e-01  -2.1054395e-01  -1.0022163e-01  -7.8426952e-02  -1.1529632e-01  -9.1330492e-02   1.7083530e-01  -8.4031562e-02  -1.8902328e-01   5.3743871e-02
  -1.5512162e-01   2.6132567e-01  -2.5171299e-03  -9.0218399e-02   1.5166421e-01   8.5969831e-02   1.1118645e-01   2.3847894e-02   9.2378546e-03   2.6100828e-02  -6.6952982e-02   4.5495638e-02  -1.0617378e-01   8.5208597e-02   8.6748519e-02  -3.1110568e-02  -4.9405104e-02  -1.1512032e-01  -2.7774016e-01  -8.5718020e-03  -1.5745586e-01   6.3406773e-02   5.7517316e-02   5.3733950e-02  -1.5641001e-01  -2.6367615e-01   8.2987142e-02   3.1816871e-01  -1.3950471e-01  -2.8667848e-01  -4.7681411e-02  -1.4513628e-01  -3.0038418e-01   1.8944052e-01  -4.9251023e-02   1.7509291e-01   8.3400324e-02  -1.6801753e-01   2.4877546e-01   6.0180237e-02   1.5923810e-01   4.6810845e-02   6.1599095e-02   1.9861034e-01  -1.6209697e-01   1.5416244e-02   1.0651832e-02   6.1161369e-02  -7.5963743e-02
  -1.3476457e-01  -1.2984058e-01  -1.5102231e-01   6.2030095e-02  -2.5366054e-01   3.4765835e-02  -2.9600481e-01   7.9360645e-03   4.7457871e-03  -1.5155648e-01   1.6243848e-02  -6.3899056e-02   5.1618614e-02   3.6782561e-02  -4.3656496e-02   4.9799793e-02  -3.4377645e-01   2.8136974e-01   6.4838749e-02   2.4504925e-02  -1.6571815e-01  -7.8108933e-02   3.0880679e-01   1.0827847e-01  -1.2174598e-01   6.9655686e-02   1.4132862e-01   4.6615191e-02  -1.7929467e-02   1.2754414e-02   9.8325152e-02  -2.9379982e-01   7.9166066e-02  -1.3145394e-01  -6.9161500e-02   8.0165986e-02  -1.7497303e-01   2.0475827e-02   1.2754995e-02  -1.9928382e-01   7.5448796e-02   7.6055962e-02   2.5539991e-01   1.1836947e-01  -1.5932908e-01   1.3182584e-01   1.6903825e-01   2.0773260e-02   9.8161092e-03
  -1.2830672e-01   9.1662253e-02  -4.5702205e-02  -1.6827362e-01  -4.8219931e-03   2.3278960e-01   1.9779002e-01   2.8532660e-02   1.8467785e-01   1.0407983e-01   2.2214966e-02   1.7607558e-01   1.6501972e-01   5.7718214e-02  -4.3422064e-01   1.5956362e-01   2.4827877e-02   1.3508143e-01   4.6421797e-02   4.5358417e-02  -1.7860696e-02  -1.6122175e-01   1.8860921e-01  -5.0993842e-02   3.2320907e-02   1.0996125e-02   6.9981984e-02   7.0492857e-02   2.2596717e-01  -1.8864534e-01  -9.5970125e-02  -9.2516458e-02   2.6891269e-02   1.2626259e-01  -3.1714603e-02  -2.6965317e-02  -1.3388259e-01  -5.4392405e-02  -1.7150172e-01   9.6300629e-02  -2.2936213e-01  -1.8073267e-01  -1.2548394e-01  -1.9368596e-01  -2.4267079e-02  -1.9756749e-02   2.6902088e-02   3.2097123e-01  -7.3071272e-02
  -1.4746095e-01   9.8381265e-02  -1.3903941e-01   3.0875631e-02   1.0043654e-01   1.1938275e-01  -1.0441437e-01   2.4710635e-01   4.5185430e-02  -7.8459337e-02   5.2198069e-02   2.2498032e-01   1.2051318e-01   1.2086785e-01   1.2832742e-01   1.4006205e-01  -1.3885215e-01  -2.4551141e-01   5.6753441e-02  -1.4770736e-02   1.4780777e-01  -2.8508828e-01  -2.0644026e-02   5.6664724e-02   3.7703345e-01   8.9539487e-02   5.5819134e-02  -3.3459528e-01   8.7874582e-02  -1.5905457e-01   1.2000326e-01  -1.0080815e-02  -2.7502705e-01  -1.3877794e-01  -1.1507886e-01   1.6077861e-02  -2.8654626e-02  -7.4033500e-02   1.5780885e-01  -1.0427147e-01   1.6359029e-01   5.5809057e-02  -9.5174801e-02  -9.3823516e-02   1.1603326e-02  -6.6099085e-02   2.7617309e-02  -1.3812341e-01   1.2320339e-02
  -1.4583226e-01  -4.1735574e-01   3.2699793e-02   1.1488958e-01   4.3961793e-02  -1.0718310e-02   1.1760524e-01   1.1508100e-01   6.8850563e-02   5.5807930e-02   4.7405155e-02  -2.0479571e-02   1.1606638e-01  -1.0026882e-01   1.1187117e-03   1.6255118e-02  -8.2969467e-02   1.2752434e-01   2.5650833e-02   2.4829753e-01  -2.6884000e-01   3.5070068e-02  -4.9622254e-02   1.5069353e-01   2.0797824e-03   2.2020717e-01  -2.9422125e-02   3.1125553e-02  -1.0447894e-01  -1.1329534e-01  -4.6573078e-02  -1.7614840e-02  -8.4011157e-02   8.3111902e-02   6.9067399e-02  -1.4785407e-01   1.6815026e-01  -1.8042580e-01   3.9233800e-01   1.1581511e-01  -1.4895493e-01  -2.4054708e-01   8.3230826e-02  -9.4114080e-02   2.4290583e-01  -2.7417517e-02  -2.4771838e-02  -1.8171400e-01  -9.0334388e-02
  -1.3994900e-01   2.8909814e-01  -7.0242887e-02   2.0156429e-01   1.3493834e-01   4.0979751e-02   1.5100116e-01   8.2197455e-02   4.2908774e-03  -1.3692683e-01  -1.2016912e-01   8.6542196e-02   1.2730320e-01  -2.7891714e-01  -7.3594370e-03   2.8454199e-01   6.7624230e-02   5.7125889e-02  -3.3591904e-01  -1.4672550e-01  -1.7681447e-01   1.1451470e-01   5.3543126e-02  -4.6855708e-02  -1.2790847e-01   7.8328597e-02  -3.6338653e-02  -7.6937513e-02  -4.2356021e-03   1.7472486e-01   2.9884184e-02   7.9894550e-02   2.1031312e-01  -3.6135446e-02  -2.7477672e-01  -7.6196723e-02  -1.1345491e-01   1.7448879e-01   1.2200994e-01  -9.4012835e-02  -2.1178162e-02   1.6710260e-02  -6.6880603e-02   8.6856421e-02   2.6141871e-01  -4.5539190e-02   2.0041733e-01  -6.9763655e-02  -6.9473067e-02
  -1.4455109e-01   2.5902924e-01   1.3410154e-01   1.5936037e-01   5.9202122e-02  -1.9213279e-01  -1.3056497e-02   1.5123515e-03  -1.0936404e-01   1.4910457e-01  -1.1375331e-01  -2.4749087e-01   6.5785236e-02  -1.3293031e-01  -3.4213321e-02  -3.5625812e-02   1.1950109e-01  -1.6412385e-01   2.2708619e-01   6.0935527e-02   8.4015456e-02  -3.3588605e-02  -3.3955159e-03  -3.0591875e-03  -1.5660423e-02   8.3372244e-02   2.0200411e-01  -4.2760740e-02  -1.7496774e-01   1.0812608e-01  -7.0194974e-02  -1.4890324e-01  -8.4843538e-02   2.4031016e-02  -6.2303145e-02   8.0131446e-02  -3.6186645e-01  -9.5013616e-02   1.3527292e-01   2.2591406e-01  -7.6527408e-02  -4.2341388e-02   4.3097036e-02  -2.7428599e-01  -4.4159027e-02   3.6924883e-01   9.8463733e-02  -2.3599767e-02   1.0294931e-01
  -1.4396148e-01  -1.4091468e-01   5.2791635e-04  -2.6007203e-01   3.0666149e-02   7.6727563e-02   1.2873431e-01  -1.3406175e-01  -2.6023923e-02  -7.9205738e-04   2.5161186e-02  -1.1462919e-01  -4.5732625e-03   1.7522247e-01   2.9348015e-02   1.3027531e-01   1.3525500e-01  -2.9533311e-01   1.5540660e-01  -2.0125253e-01  -1.3269097e-01  -4.7507872e-02   9.0344698e-02   1.2247118e-01  -6.7875990e-02   2.3261212e-02   3.3690055e-01  -1.5058475e-01   1.2150815e-01   1.3515277e-01  -2.2600580e-01   8.0309190e-02  -5.3767589e-02  -1.5380568e-01  -2.8387981e-02  -1.0999679e-01   4.1283517e-02   2.3671866e-02   3.6856347e-02   2.3396971e-02  -1.0027885e-01   4.2710098e-02   2.0107978e-01   3.8958487e-01   2.3912124e-01   1.0683472e-01  -7.9699330e-02   1.1767044e-01   7.6274045e-02
  -1.5107876e-01  -9.3938417e-02   4.2803609e-02   2.1073463e-01   1.2829882e-01  -6.0484260e-02  -4.9185260e-02  -6.6968823e-03   3.5040274e-01   1.4717385e-01  -1.4015836e-01   7.6882566e-02   1.7964232e-02   4.9163280e-02   2.2002739e-01   1.2897968e-01   1.1089634e-01   4.2472495e-02   3.6920341e-02  -6.5978411e-02   1.8345909e-01  -3.8315459e-02   2.2672769e-01   3.1787838e-02   6.6301123e-02   7.4264598e-02  -1.5213572e-01   1.4595116e-01  -2.1226281e-01   4.7819096e-02   3.1511096e-02  -1.1985902e-02  -4.8799136e-02  -5.9128731e-02   8.6555824e-03   1.9793963e-01   1.1752575e-01   1.3517000e-02  -2.7292047e-01  -7.7870603e-02   1.2568493e-01  -4.0023415e-01  -7.8363570e-02   2.0781047e-01   1.2866118e-01   2.2171523e-01  -6.4570587e-02   9.1506682e-02   9.1126001e-02
  -1.3075835e-01   2.2073474e-02  -2.1763281e-01  -1.5700240e-02  -2.6780054e-02   1.8123686e-02  -1.3414022e-01  -1.4406827e-01   1.5546016e-01   5.5023200e-02  -7.2268779e-02   1.1091683e-01  -2.1516718e-01   7.3090141e-02  -2.7945165e-01  -2.8133355e-01   1.3048166e-01  -5.4480249e-02  -9.3861732e-02   6.7538464e-02   6.2045357e-02  -6.5497503e-02   1.5791582e-02  -2.1606550e-01  -1.8187385e-01   3.7548999e-02   1.8281920e-01  -2.3569353e-01   6.3677881e-02   1.2988921e-01  -1.6994138e-02   5.4969818e-02   1.0219556e-01  -5.8336088e-02   2.3644854e-02   1.9825162e-01   1.4705047e-01   3.0980345e-03   2.0142637e-01   2.1729072e-02  -5.5442206e-02  -3.0646097e-01  -1.1607017e-01   1.1263129e-01  -1.8260091e-01  -2.8283235e-02   1.3409166e-01  -3.3438285e-01  -4.2391829e-02
  -1.5215424e-01   1.7108238e-01   1.1210864e-01  -2.3355023e-02  -5.3459132e-02  -1.6856971e-01  -2.2407858e-01  -1.2248127e-01   1.4323371e-01  -1.0992147e-02   8.3055735e-02   7.3229008e-02   9.4771880e-02   3.5593901e-01  -6.9925204e-02  -1.1110732e-02  -1.0997244e-01  -1.3759697e-01  -1.6581040e-01  -1.5488986e-02  -5.7223135e-02   6.9012583e-02  -1.8763379e-01   1.6097117e-01  -1.9902527e-01   1.5688912e-01  -1.7582580e-01  -9.4355088e-02   4.8886285e-02  -2.4361224e-01   1.2715109e-01  -4.8750302e-02   6.6929346e-02   3.3310571e-02   2.6309272e-01   5.6130859e-02  -1.1410433e-01   1.7749564e-01  -1.4977377e-01   2.3342568e-01  -4.7735390e-02   9.2835517e-02   3.9023563e-02   4.4987635e-03   2.9963072e-01   1.1789508e-01   4.0524203e-02  -1.0956495e-01  -1.5162286e-01
  -1.4984270e-01  -3.6829841e-02   2.1444417e-01  -1.4049610e-01   1.7572259e-01  -1.9065410e-01   1.0742845e-01  -1.1854490e-02  -2.7873878e-02   1.1552688e-01  -2.1189606e-01  -4.3187302e-02   5.6512684e-02   1.6184697e-02   1.3404618e-02  -2.6130085e-01  -5.2138420e-02   1.3147938e-01  -1.8142331e-01  -1.9311744e-01   2.4962270e-01  -1.9471755e-01   2.4782037e-01  -9.5709413e-02   1.4372120e-01   1.4661187e-01  -1.0473404e-01  -3.1643622e-02   1.0783234e-01  -3.7753632e-02  -1.5420373e-01  -6.2995800e-04   4.2053789e-02   1.5329956e-01   2.2700446e-01  -2.9098672e-01   4.8689250e-03   1.5539041e-01   1.7119098e-01  -1.9662736e-01   8.7358892e-02   9.3566101e-02   1.7440386e-01   4.6794913e-03  -7.2918130e-02   5.2316029e-02   1.5518898e-01  -3.6740967e-03  -1.1915162e-01
  -1.3404968e-01  -8.6720718e-02   1.8308337e-02  -6.5054204e-03   3.2043834e-01  -2.1718903e-02  -5.5628984e-04  -9.6509445e-02  -6.4299621e-03  -1.6662119e-01   1.7370301e-01  -1.6951667e-02  -3.6194581e-01   5.0241145e-02  -1.9932949e-01  -1.4059795e-01  -9.4742406e-02  -3.3311203e-03  -1.3790151e-01   4.1127807e-02  -2.7966070e-01   3.9557142e-02   1.1525271e-01  -1.7283022e-01   1.4534422e-01   1.1882898e-01  -3.1000372e-02  -9.2365813e-03  -1.2669739e-01  -2.7168554e-02   2.9542775e-02   1.4650321e-01   4.9586193e-02  -2.2204683e-01  -3.5127894e-02  -3.3195623e-02  -2.0943230e-01   4.2200834e-02   2.1083077e-02  -4.2816575e-02   2.1338490e-01   1.8609446e-02  -9.0426555e-02  -1.7288368e-01   3.6818607e-02   1.7077939e-01  -3.6924399e-01   1.7086993e-01   1.7519214e-02
