  -1.4346822e-01  -1.9302281e-01  -4.4223032e-02  -1.4452653e-01   8.4887609e-02  -8.4436663e-02  -2.0064529e-01  -1.3021636e-01  -2.8332194e-02   8.7534470e-02  -2.5844341e-02   2.9354151e-02  -5.3442737e-02  -2.5487264e-01  -1.4634774e-01   2.1153452e-01   1.1494555e-01   9.1118352e-02   9.1028968e-02   2.6619232e-01  -1.2666022e-01   1.0397497e-01   2.1097538e-01   2.9954505e-02  -1.4761605e-01  -4.4200871e-02   1.7269857e-01  -3.8334964e-02  -2.7848289e-01  -1.5506401e-01  -1.3908806e-01   1.2731254e-01   1.3381966e-01  -1.1689586e-01  -1.5659685e-02  -3.1756380e-01   9.1164508e-04   3.2690803e-02  -7.2092876e-02  -1.2988490e-01  -1.3845779e-01   6.7140870e-03   1.3138762e-01  -1.4107156e-01   1.8846667e-01   1.9826320e-01   1.3800005e-01  -2.8530317e-02   1.7835860e-01
  -1.5303332e-01   9.3202672e-02   9.9294665e-02   1.1687351e-01   2.7662309e-01   2.0939873e-01  -1.2674297e-01  -1.6308297e-01  -6.1845110e-02   8.6630372e-02   2.6029548e-01  -4.9578293e-02  -1.1682198e-01   4.9893159e-02   1.9053159e-01  -1.9469799e-01   2.2063444e-02   7.6445381e-03  -1.0620441e-02  -6.2114076e-02  -4.3705493e-02   2.0300202e-01  -1.4705267e-01  -9.2985111e-02   1.0151982e-01   2.4637607e-02  -4.6322288e-02   2.4857755e-01  -1.3519814e-01  -8.9895036e-02   1.4237822e-01  -1.4721312e-02  -3.0339100e-02  -1.8844408e-01   3.3676745e-02  -5.1018686e-02   2.2094691e-01   8.8982141e-02   3.4368672e-01  -2.7997929e-01  -9.1199544e-02   6.7263619e-02   1.4306700e-01   3.3457571e-02  -1.1469860e-01   1.3151437e-01   1.1797156e-01  -5.1832007e-02  -1.8696772e-01
  -1.3063370e-01  -1.3643101e-01   1.1285671e-01   2.2493500e-01   2.2905557e-01  -3.6449600e-03  -1.0871205e-01  -3.3467619e-02   9.9534971e-02  -3.9202836e-03  -5.4714149e-02  -1.9418552e-01   1.0337865e-01   1.8722487e-02  -2.0974019e-01   2.2378799e-02   1.1263336e-01   3.7254760e-02  -1.2704789e-01  -7.0256750e-02   1.7316328e-02  -2.0620312e-01  -3.1646207e-01   4.2085147e-02  -8.3801758e-02  -2.3956577e-01  -2.3187286e-02  -4.1236877e-03   1.7742004e-01   6.9773946e-02   1.8766991e-01   1.5709473e-01  -1.4034145e-02  -1.6848637e-01  -4.0812682e-02  -4.1009526e-02   4.3780164e-02  -6.4228383e-02  -4.3106125e-02   1.2076459e-01   1.2040528e-01  -2.7303589e-01   3.4393336e-02   2.4328484e-01   2.1166335e-01   3.2699021e-01  -1.2608705e-01  -3.2009528e-03   1.2979910e-01
  -1.5221676e-01   6.0275606e-02  -1.6833802e-01   1.0125736e-01  -2.2508572e-01   9.8154894e-02  -1.3409631e-01  -5.7908708e-02   1.1431315e-01  -2.1539261e-01   8.7934872e-02  -2.6122344e-01   8.8047015e-02   1.7814517e-02   2.6178720e-02  -2.7521011e-01  -1.2907663e-01  -2.4336669e-01   2.6603995e-02   1.6768434e-01   3.8003703e-02  -1.7489514e-01   5.3489183e-02   8.0357738e-02  -2.5931782e-01  -7.8504799e-02   1.9407359e-01  -1.5010424e-01   1.6605593e-01  -4.3217625e-03  -2.1453399e-01   6.0363355e-02  -9.0644318e-04   3.6591514e-02  -1.3390238e-02  -1.2524141e-01   7.9496558e-03   2.0295115e-02   2.1178735e-01  -2.0684019e-01   1.5809997e-01  -4.7689498e-02   2.0044767e-01  -4.5375953e-02   1.7635567e-01  -1.9861741e-01  -1.7633556e-02  -2.1701240e-02  -1.7308322e-01
  -1.2490786e-01   2.0262153e-01   1.8814444e-02  -1.7943052e-02  -8.8016527e-02   3.2709860e-01  -1.2589709e-01  -5.2330304e-02   1.6546809e-01  -1.6279337e-02  -1.2583209e-01  -5.6371278e-02  -1.9696449e-01  -1.1087683e-01  -3.0323476e-02  -2.2624442e-01   7.4597745e-02   2.1617375e-01   5.5397695e-02  -2.4789757e-01  -7.4244960e-02  -3.6500355e-02  -1.6190923e-02  -3.3411910e-01  -4.2189881e-02  -1.4049692e-01  -9.7816233e-02  -1.2471527e-01  -1.6732266e-01  -2.2951026e-02  -1.9888229e-01  -8.9836220e-02  -6.6744918e-02   1.5456085e-02  -7.8802116e-03   1.2287237e-01   9.4631797e-02  -2.5777513e-02  -2.1760259e-01   4.1689034e-02  -1.7715157e-01  -3.0162668e-01  -6.2220886e-02  -2.4902047e-01   6.6954017e-02  -4.2346814e-02  -6.8025455e-02   1.4994238e-01   3.0734201e-02
  -1.3369507e-01   1.0362650e-01  -3.0907514e-02   2.3189242e-01  -2.3838200e-01   2.3405860e-01  -1.0557187e-01   1.0163452e-01   6.8201278e-04  -3.7069896e-02   1.5812644e-02   1.1564365e-01   3.1029240e-03   9.4450377e-02   1.6657278e-01   4.0049224e-01  -5.6866355e-02   4.5451218e-02  -1.2615259e-01  -3.1066557e-02  -2.1873955e-01   8.6452723e-02  -2.0813247e-01  -6.4992092e-03  -1.8918731e-02   1.5449194e-02   1.9068372e-01  -1.1574715e-01  -9.2122836e-02  -2.5852534e-01  -1.1327922e-01  -1.1489329e-01  -8.3114530e-02  -1.3206509e-01  -6.1359771e-02  -1.1787101e-02   6.3748990e-02  -1.5435192e-01  -5.0115208e-02   2.3546328e-01  -4.6754118e-02   2.8026676e-01   5.4079335e-02   2.2381448e-01   1.5291438e-01  -3.5545973e-02  -1.0327349e-01  -7.3531534e-02  -1.0181399e-01
  -1.3546462e-01  -6.1495856e-03  -3.9506724e-02  -1.9897843e-01   2.2323051e-02  -9.7034937e-04  -2.5489866e-01  -9.1933068e-02  -3.0685785e-02  -8.1758577e-02   2.2792154e-01  -1.2990538e-02   5.8299379e-02  -1.9459990e-01  -3.0598143e-02   1.1265863e-01   1.8012633e-03  -1.3014836e-01  -2.3690110e-01  -4.5809345e-02   7.7450079e-02   2.0915319e-01  -1.4065822e-01   1.0773002e-01   7.6265963e-03   1.3247200e-01  -1.7622310e-01  -2.3635201e-01   8.1877311e-02  -1.2506209e-01  -3.1669847e-02   1.5579737e-01   2.2058584e-02  -1.4396921e-01  -2.6025106e-02  -2.7045282e-02  -2.7747954e-01   3.0669325e-01   6.6618040e-02   1.2292439e-01  -1.2444969e-01  -1.7602402e-01  -2.6445704e-01   3.2968433e-02  -1.5297696e-01  -1.3426100e-01  -1.5259141e-01   1.7296391e-01  -1.3454551e-01
  -1.3112835e-01  -5.6358344e-02  -3.0509058e-02   1.1887593e-01  -1.4525741e-01  -2.5223709e-01  -7.7753038e-02   3.3590634e-01  -9.2645335e-02  -1.6834127e-01  -2.2318418e-01  -2.0884650e-01   9.2367565e-02  -9.4153996e-02  -1.1483758e-02  -8.9585153e-02   2.2055875e-01   5.5949595e-02   2.5138694e-01   8.8811415e-02   1.2980245e-01   2.1401246e-01   1.6632990e-03  -1.1272473e-01   9.6327992e-02  -2.5913883e-02  -1.6690862e-01  -2.9018643e-03  -1.2970898e-01  -2.0067458e-01   1.2087366e-01  -1.6404406e-01  -2.3291152e-01  -2.2371347e-01   4.6675212e-04  -1.2201259e-01  -1.3965623e-01  -2.2111482e-01   7.4170672e-02  -4.9873490e-02   7.5710279e-02  -1.3551765e-01  -4.2971441e-02   6.5779028e-02  -1.2648877e-01  -9.6687574e-02   3.1789127e-02  -9.6480475e-02  -9.4362059e-02
  -1.2683632e-01   3.4500555e-02   1.8152051e-03   1.3794975e-01  -1.2674125e-01   1.4522603e-01  -7.8833816e-02   2.8286636e-01   1.0989272e-01   8.7168953e-02  -1.4951712e-01   9.3870682e-02   3.8584652e-03  -4.6536449e-02  -2.0139189e-01   1.7838077e-01  -1.7067034e-01  -1.8528836e-01   3.2391256e-01  -5.8792043e-02  -2.8281435e-01  -9.4384096e-02   1.4873929e-01  -7.6327343e-02   7.4147030e-02   2.1934706e-01  -2.5603671e-02   1.3088514e-01   1.4005732e-01   5.9028492e-02   3.9280646e-02   2.0648633e-01   1.3400011e-01   2.8217640e-02  -1.4570307e-01  -4.0906698e-03   9.6072419e-02   1.2887637e-01   1.8382700e-01  -2.9767305e-02  -1.3487832e-01  -2.2515642e-01   2.3935011e-02   2.0243633e-01  -2.0288110e-01   1.2679737e-02   1.1658954e-01   1.4290320e-01   3.5471617e-02
  -1.5109646e-01  -2.5741986e-01  -2.3488198e-01   1.0932743e-01   1.8635731e-02  -7.1635984e-02  -5.1053336e-02   6.4793150e-02  -1.6617131e-01   5.1179422e-02  -1.1182655e-01  -2.1179996e-02   2.9204545e-02   8.5878901e-02   2.2122984e-01  -6.1296807e-02   4.4722955e-02   1.3274199e-01  -2.1655078e-01   1.9189245e-01  -5.2111727e-02  -1.6810845e-01  -5.7354856e-02  -2.1924541e-01  -6.4709170e-02   1.7047121e-01  -2.8169118e-02  -7.0904977e-02   1.5530414e-01  -9.5239483e-03   1.1241475e-02  -1.3666447e-01  -5.7930231e-02  -6.3999564e-02   1.1852995e-01   1.5973981e-01   2.0060528e-02   1.1252650e-01  -2.7350028e-02  -1.3441151e-01  -4.7231305e-02   1.1370803e-01  -3.2830733e-02   5.0714440e-02   3.2238335e-02   2.5251772e-03   2.5654468e-01   5.1579517e-01   1.7034770e-01
  -1.5224519e-01  -3.5184886e-02  -1.5232829e-01   1.6208570e-01   2.0617835e-01  -2.1278114e-01  -1.7220406e-01  -1.3928428e-01   3.0052295e-03   6.2910440e-02  -8.6210033e-02   1.4293349e-01  -3.2314228e-01   5.7924459e-02  -1.9335644e-02   4.1424105e-02  -3.1589486e-01  -8.7320520e-02   1.1598411e-01  -1.5663325e-01  -6.9027743e-02  -1.3980105e-01   9.9906488e-02   1.7209875e-01   1.3960312e-01   6.2925272e-02  -1.3681033e-02  -1.9628173e-01  -4.5825700e-02  -1.8007494e-01   3.2134630e-02   1.4538462e-02  -3.6072834e-01   5.1223453e-02  -7.0965902e-03   2.5795191e-01  -1.6560448e-01  -3.7789527e-02   5.4450681e-02  -1.3918143e-01   1.2736674e-01  -3.6257635e-02  -1.1090417e-01  -1.2233836e-01   1.2264231e-01   9.3763639e-02  -6.9405314e-04  -1.4512875e-01   1.0209489e-02
  -1.4916831e-01  -1.0604437e-01  -6.6826160e-02   1.3263424e-01  -7.7827868e-02  -2.8113805e-02   1.1796460e-01  -5.2403874e-02  -2.0431779e-01  -2.7823150e-01  -9.9992853e-02   1.1255831e-01  -1.9728921e-01   7.2408047e-02  -6.2080596e-02   2.7505245e-02   2.0441734e-02  -1.2844890e-01  -2.5439946e-01  -3.5583403e-01   1.6707651e-01   2.0783996e-01   1.7304653e-01   8.8570781e-02   7.6464419e-02  -4.7071423e-03  -2.1831747e-01  -5.5170071e-02   1.1426703e-01  -4.8712699e-02  -1.9121112e-01   7.2494677e-02   1.5678697e-01   1.0596592e-01   3.0572969e-03  -2.4398903e-01   1.9973580e-01  -2.2152911e-01   5.8764209e-02   5.7627858e-02   7.7067774e-02  -2.2661359e-02   1.6831154e-01  -7.1097579e-02  -6.8140150e-02   1.7480757e-01   8.4434314e-02   1.5762577e-01   3.5331427e-02
  -1.3542366e-01  -1.2089539e-01  -1.0497092e-01   6.2656169e-02   2.4553441e-01   1.7878538e-01   6.7987708e-02   5.6535629e-02   1.3026095e-01   2.3434079e-02  -2.7321939e-02  -2.2778564e-01   2.8352978e-01  -1.9663434e-01  -7.3859175e-02   7.8855568e-02  -1.0321647e-01   1.0950750e-01  -2.1850127e-01  -1.8378520e-02  -9.3764011e-02  -2.4126098e-02   7.3982973e-02  -5.0238822e-03   3.5134392e-01  -1.1187368e-01  -8.8275799e-02  -1.0005659e-01  -1.0716601e-01   1.6571888e-01  -7.8012440e-02   8.7357349e-02   1.4806440e-02   4.9124468e-02   3.3447376e-02   1.0078589e-01  -9.5234759e-02  -1.7952849e-01   2.7686485e-01   1.5082898e-01  -5.4311803e-02   1.3730201e-01   9.2387559e-02  -1.5570495e-01  -2.3906208e-02  -2.7760605e-01   1.7455302e-01  -1.3821646e-01   1.5074610e-01
  -1.2048186e-01   8.3753390e-02  -4.3011718e-02   7.8784410e-02  -1.8273307e-01   7.6238870e-02   3.4789547e-01   2.2439665e-01  -1.3333494e-01   1.5394421e-01   1.8196901e-01  -1.8364475e-01  -6.5572785e-02  -1.9296596e-02   2.3049219e-01  -3.4654720e-02  -1.0828842e-01   6.5104282e-02   9.1417104e-02  -5.4094971e-02   1.1240826e-01   1.1191033e-01  -2.0418005e-01   2.2002635e-01   1.1228203e-01   2.9776782e-02   6.6958674e-02  -1.7922720e-01  -1.7074497e-01   4.6237210e-03   1.3031030e-01   9.1044313e-02   1.7559636e-01   1.6393271e-01  -6.2413642e-02  -2.0849612e-02  -2.1512361e-01   9.5087294e-02  -7.4640978e-02  -6.0710034e-02  -6.8820139e-02  -2.3340306e-01   9.6941214e-03  -1.8753730e-02   2.5522514e-01   1.6289921e-01   2.5249240e-01   1.1213632e-02   6.0224639e-02
  -1.4617242e-01   1.0241823e-01   1.5019926e-01  -1.0346086e-01  -1.1671497e-01   4.3444017e-02  -7.3540422e-02  -1.0379143e-01   1.0878018e-01   4.5423194e-02  -3.8200026e-01   1.0986475e-01   2.1998631e-02   1.2815153e-01  -5.1609275e-02   1.8236228e-01   1.1864760e-01  -2.3149667e-02   1.6811093e-02  -4.4655101e-02   1.1013520e-01   1.7768002e-01  -2.2167347e-01   1.9378813e-01  -1.4279880e-01  -8.2683539e-02  -1.3549176e-01   8.4293273e-02  -2.5218339e-02   1.4166141e-01  -6.9765248e-02   1.8791915e-02   1.5980099e-01  -7.0006012e-02   1.2267028e-01   3.4366187e-01  -2.9925943e-01  -1.0776687e-02   6.0571949e-02  -3.1552007e-01   1.1095625e-02   7.9508771e-02   2.8240824e-01  -1.2386925e-02   6.8954046e-03  -6.9800377e-02   4.5213544e-02   4.5400009e-02   2.6709242e-02
  -1.5078941e-01  -4.5617384e-02  -1.1998584e-01  -1.8022287e-01  -9.6209911e-02  -9.7107355e-02  -1.3767380e-02   2.2196853e-01   3.9349179e-03   9.0254081e-02   7.3131193e-02  -1.7090014e-02   1.5614181e-01  -5.9541685e-02   1.5940989e-01   6.3497757e-02  -5.4197547e-02  -3.6510586e-01  -1.1396654e-01  -7.1809958e-02   6.3794498e-02   3.6062364e-02   1.8844444e-01  -2.0498807e-01  -1.6013729e-01  -1.3713916e-01  -1.6817070e-01  -9.1037483e-02  -2.2523199e-02   1.3339455e-01   7.9199544e-02  -7.4669556e-03   3.5615219e-02  -3.6588840e-02   1.8686810e-01   2.5159755e-01   2.1736270e-01  -8.2279487e-02   2.4839541e-03  -1.2098248e-01  -2.9117428e-01   4.3086723e-02  -1.1067142e-01   4.0512610e-02   1.4637782e-01   2.5559586e-01  -1.4048430e-01  -2.6345421e-01  -1.1682783e-02
  -1.3200041e-01   1.4449001e-01  -2.1397674e-01  -1.7901675e-02  -2.3625462e-01  -2.1542110e-01  -1.6365309e-01   1.1753657e-02  -3.0280527e-02  -2.6946762e-02   1.0134692e-01   1.1958994e-01  -2.7545852e-02   6.3313042e-03  -1.5482320e-01  -2.2277231e-01  -1.0027159e-01   3.8075665e-01  -4.4727699e-02  -1.6978522e-01  -7.5834334e-02  -7.6298262e-02   1.4688813e-01   1.3367899e-01   1.5023834e-01  -1.3266088e-01  -7.9719406e-02   2.5699816e-01  -2.5177794e-02   4.8477106e-02   1.2187407e-01   1.3408672e-01   2.3743328e-01  -1.5495359e-01   2.1095339e-01  -2.9801399e-02  -1.1865495e-03   5.6289371e-02  -2.4174897e-02   5.4579863e-03  -2.4448727e-02   1.3955356e-01  -1.1089123e-01   2.1008957e-01   2.5459519e-01  -1.6299518e-01  -2.3228791e-02   3.0018090e-04  -5.0776103e-02
  -1.4815737e-01   1.0980546e-01   1.5593579e-01   2.7169995e-01   8.7196009e-02  -6.6231553e-02   5.1237257e-03   1.1497712e-01   1.1431089e-01   1.3847916e-01   2.1060546e-01  -7.9641317e-02  -3.3906590e-02   1.5344446e-02  -2.5137772e-01   5.6790138e-02  -2.0629067e-01  -1.4303551e-01   5.1778662e-03   3.0816362e-01   4.4773243e-02   2.6524105e-01   2.2199277e-02  -7.3066690e-02   1.8403855e-01  -5.4632639e-02   8.4144311e-03   1.2674157e-01   1.3938909e-01  -4.5697117e-02  -6.9396141e-02  -7.4484110e-02   3.8211047e-02   8.7549293e-02   3.8881149e-01   2.0750283e-02  -2.5740767e-02  -5.9979431e-02  -3.0403860e-01   6.7749670e-03   4.0946141e-02   1.5889625e-02   5.8232516e-02  -1.7471624e-01   1.8622029e-02   7.0301920e-03  -1.4313005e-01   2.2038474e-01  -8.9658208e-02
  -1.4154629e-01   7.1338733e-03  -1.1858111e-01  -1.7336492e-02  -8.9739838e-02   1.0564892e-01   9.6584409e-02  -4.6882623e-02  -1.8041957e-02  -1.3259845e-01   1.7780839e-02  -3.2693086e-02  -1.3444575e-01   1.2700657e-01  -1.9943568e-01  -1.5943613e-01   2.2241579e-01   9.4633634e-02   1.6649773e-01   2.8541619e-01  -1.6580953e-01   2.3758920e-01  -1.2083436e-01   1.1108871e-01   4.7004793e-02   1.5814612e-01  -2.2129815e-01  -5.7672754e-02   3.4254048e-01   1.1810422e-01   1.1512646e-02   7.2235063e-02  -1.3596883e-01   4.1078793e-02  -1.8643711e-01   8.7124369e-02   8.6708627e-02   6.2833677e-02   5.1591563e-02   9.8786360e-02  -1.9916187e-01   2.4336806e-01  -9.3452182e-02  -1.6795948e-01   1.6427519e-01   1.2065283e-01  -6.8214295e-02  -1.8999537e-01   1.3011635e-01
  -1.5820802e-01   8.4455542e-02  -3.6861445e-02   3.4097825e-02  -1.8602509e-01   2.6396938e-02   6.7911954e-02  -1.5892390e-01  -1.1341496e-01   3.4800144e-01  -4.5395907e-02   3.9017690e-02   4.5392935e-02  -2.7538975e-01   1.8890005e-01   2.0916647e-02   2.4637536e-01  -1.3571730e-01   7.1890670e-02  -1.4065177e-01  -2.9423112e-01  -4.5687955e-02  -1.8751109e-02   2.9531439e-02   1.1868108e-01  -5.1531471e-02  -7.2945888e-02  -1.4141294e-01   1.0808855e-01   2.6074760e-01   1.0577044e-01   5.4663117e-02  -1.6844229e-01  -4.1580979e-02   1.7122214e-01  -2.6794659e-01   1.3441979e-02   6.1424018e-02  -1.1965500e-01  -7.4785490e-02   3.3452195e-01   1.1086657e-01   3.3385490e-02  -8.3395196e-02  -1.0905257e-01  -2.7439867e-02  -1.3511119e-01   1.4276634e-02   1.6240171e-02
  -1.4544581e-01  -7.5001941e-02   2.2126666e-02  -4.3497723e-02  -3.0489990e-02   1.6542714e-03  -8.5817210e-02   6.6505892e-02  -2.6635227e-01   1.7961634e-01   2.6644665e-01  -1.4432250e-01  -2.1653914e-02   2.0690490e-01  -1.9341227e-01   3.0438522e-01   2.2671681e-01   3.4062114e-02   9.7928569e-02  -8.0132683e-02   1.5038951e-01  -2.0076465e-01  -1.0116835e-01   5.9059651e-02  -9.4225264e-02   2.3964069e-02  -1.3190144e-01   2.0276846e-01  -1.2296583e-01   1.1441175e-01  -3.5000995e-01   5.5907966e-04  -2.0336495e-01   1.9331944e-01   7.0969480e-02   1.2648775e-02   1.6999671e-01   2.3785698e-02   4.5846782e-02  -2.7898249e-02   7.3668546e-02  -8.1921228e-02  -1.8034858e-01   1.9571774e-03   5.9460232e-02  -1.8917513e-01   1.3566273e-01  -6.1916975e-02  -5.7889551e-02
  -1.3613446e-01  -8.5447787e-02   1.4382917e-01  -4.4277180e-02   1.0964802e-01   2.7518646e-01  -3.5740324e-02  -1.0292895e-02  -2.5540655e-01   1.0402343e-01  -9.1526233e-02   8.4435927e-02  -1.3076128e-01  -3.0506081e-01   7.6881203e-02  -1.9274747e-01  -1.6858281e-01   3.9789059e-02   6.4714141e-02   1.1402015e-01   2.1387525e-01   1.6242907e-01   1.4345145e-01  -6.4796891e-02  -1.7656610e-01   2.5275981e-01  -4.0368183e-03   7.2111681e-02   7.3490531e-02   1.0691049e-01  -1.2628922e-01   2.8711577e-02   2.5675433e-02  -8.3763522e-02   7.5524430e-02   1.6236799e-01  -3.3166351e-02  -6.9814846e-02  -4.0935174e-02   2.4993654e-01   2.8755695e-01  -3.7808259e-02   4.1249713e-03   2.9531440e-01   1.4261513e-01  -6.6643727e-02   3.0141814e-02  -1.6989040e-01   6.2173172e-02
  -1.3905999e-01  -6.4807104e-02  -8.2514487e-02  -4.2456275e-01  -4.7830702e-02  -3.3195588e-03   2.7630527e-01   1.2292247e-01   9.0521767e-02  -6.0677822e-02  -8.8774628e-02  -8.2870681e-03  -2.7655011e-01  -1.3938536e-01   5.8643164e-03   1.6001175e-01  -1.4364838e-01  -5.7410372e-02  -8.8581396e-02   6.8735728e-02  -8.3054452e-02  -1.0218431e-01  -2.5386391e-01  -1.2273385e-01  -3.1703592e-02  -1.1181664e-01   1.4274823e-02   3.0134985e-01   1.2458044e-01  -2.2284491e-01   1.4408095e-01   7.4831261e-02  -5.3891816e-03  -1.2813735e-01   3.4270035e-02   3.8729696e-03   9.8007348e-02  -2.5504630e-02   1.3432243e-01   1.0133187e-01   2.4077206e-01  -5.0464244e-02  -3.6650750e-02  -2.7191981e-01   8.7739180e-02  -6.5739861e-02   7.0450930e-02   2.4010375e-02  -1.2367057e-01
  -1.0952638e-01  -7.1139595e-02  -1.1598642e-01  -4.1261841e-02   2.0221662e-01  -1.0522300e-01  -5.5959426e-02   6.3384483e-02  -4.7704196e-02  -1.3057867e-01   4.5632051e-02   8.7117341e-03   2.8072202e-01  -1.8661362e-01   5.8227924e-02  -1.4669229e-01  -1.5486542e-01  -1.1727153e-01   2.3909916e-01  -3.3967968e-01  -1.1614142e-01   1.6400729e-01  -3.0904998e-01  -5.9444247e-03  -1.6282014e-01  -2.7674675e-02   4.1852492e-02   2.7653685e-01   4.3933338e-02  -1.3900444e-01  -1.1955872e-01  -6.4886722e-02  -3.1046159e-03   2.6332012e-01  -1.1100467e-01  -5.6344847e-02  -4.4667304e-02   9.1551011e-03  -1.6937934e-01  -6.6365372e-02  -1.7690804e-02   2.0370267e-01  -2.1373924e-02  -2.4868636e-03   2.2942102e-02  -6.9177910e-02  -7.9342303e-02   5.3150956e-02   2.8364397e-01
  -1.4684317e-01   3.0576285e-01   1.1809094e-01  -1.0643289e-01  -5.0126406e-02  -1.7052279e-01  -3.2022346e-02  -2.8669979e-01  -1.0277592e-01  -3.1830981e-02   8.1833062e-02  -4.5196701e-02   1.4042070e-01  -3.9206757e-02  -1.2496593e-01   2.1602012e-02  -1.3663561e-01   2.0686266e-02   1.3176791e-01   5.3265738e-02  -1.0062635e-01  -1.6996249e-01  -1.5224693e-01   2.7688008e-03  -1.6635173e-01   2.7225354e-01  -9.6723036e-02  -1.8263128e-01  -6.3331732e-02  -5.4055014e-04   1.7272293e-01  -2.8567689e-01   2.1778328e-01   6.0019322e-02   1.5618698e-01  -2.6214267e-02   6.4376775e-02  -3.6024747e-01   2.0963303e-01   1.6919475e-01  -1.9835176e-02  -3.5656135e-02  -5.8435412e-02  -6.4883341e-02  -6.2675323e-02   8.9675910e-02   1.0433191e-01   6.5256915e-02   8.2080424e-02
  -1.4467362e-01  -3.9845625e-01  -5.1459371e-02  -2.0031645e-01  -1.2450147e-01   1.7785649e-01   7.2832638e-02  -3.6931118e-02   3.6448122e-02   4.9707078e-02   2.3150111e-01  -1.8698969e-02  -5.8698860e-02   2.8673187e-01  -9.7252536e-02  -6.8613867e-02  -8.2329748e-02   3.6299751e-02  -2.0610201e-02  -6.5807998e-02  -1.5331057e-01  -1.0323900e-01   3.5271356e-02  -1.6123744e-01   1.2141717e-01   1.3874631e-01  -5.3304350e-02   4.9734268e-02  -2.9392776e-03   6.8261315e-03  -5.1769679e-02  -2.8746601e-01   1.2490251e-01  -7.9833138e-02  -2.0153546e-02  -1.1920933e-01  -3.7235148e-01  -1.1109972e-01  -6.0552646e-02  -1.3615857e-01   5.1837726e-02  -9.6204945e-02   1.4067240e-01   8.4737813e-02  -1.1578952e-01   8.0132419e-02  -2.5859189e-01  -1.5692691e-01   8.4856341e-02
  -1.4077302e-01   6.3053200e-02  -2.9566657e-01   7.4395116e-02   7.6866478e-02  -9.5850807e-05  -1.8630639e-01   9.9811686e-02  -1.2319475e-01  -7.6303348e-02   9.8148800e-02  -8.4368817e-02  -1.9634613e-01   1.0352270e-01  -2.5535773e-02   6.3130598e-02  -1.3986769e-01  -4.6726021e-02   6.4002530e-02   7.6449503e-02   8.6422882e-02  -9.6740062e-03  -3.4266508e-02  -3.4787975e-03  -1.9137832e-01  -1.8534596e-01  -8.5695455e-03  -1.8990548e-02  -2.0471186e-01   3.5253177e-01   1.9112135e-01  -2.3326292e-02   1.5346253e-01  -1.4990085e-01  -2.7353510e-01   6.5927651e-02  -1.0225741e-03   6.0123317e-02  -2.3778728e-01   1.9270035e-01   1.3399514e-01   1.4486444e-01   1.0497849e-01  -1.5328235e-01  -3.5690494e-01  -1.6231160e-03   4.8290448e-02  -1.1332994e-02  -1.1350890e-02
  -1.4009520e-01   4.0923972e-02   1.7325142e-01  -1.3089498e-01  -1.3164920e-01  -5.8271422e-02  -5.5165004e-02   5.0957083e-02  -2.4904664e-01   3.5828246e-01  -3.7297852e-02   5.4776647e-02   2.1499276e-02   1.2998866e-01  -1.0721750e-01  -2.8483526e-01   1.1775828e-02  -1.2923470e-01   1.1639338e-02  -5.6512985e-02   1.2971608e-01  -1.2588990e-01   2.3055690e-02  -1.1761475e-02   3.7462053e-02  -2.7872034e-01   2.1786100e-01  -1.7725026e-03   1.1888227e-01  -2.1002267e-01  -5.5436145e-02   8.4929449e-02  -1.4297366e-01  -4.4328890e-02  -4.8750666e-02   9.6523271e-03  -1.7145866e-01   4.5893749e-03   1.4796540e-01   3.3841241e-01  -2.5209564e-01   1.4901562e-01   1.7367132e-01  -6.9601358e-02  -1.4899948e-01   7.0436962e-02   5.8263789e-02   6.4251524e-02   7.5200906e-02
  -1.5719580e-01  -1.5211336e-01   2.3710427e-01   7.8089291e-02   1.1930525e-01   7.9075266e-02  -7.7230896e-02  -6.6188288e-03   8.6656047e-02  -1.6202545e-01   7.3115334e-03   3.7908844e-03  -1.8738523e-01   1.9982034e-01   2.2329816e-01   8.1866639e-02   1.3527200e-01  -7.0805005e-03   1.1534717e-01  -9.6288101e-02  -7.9095215e-02   6.9866518e-02   1.7112850e-01  -1.1942040e-01  -2.3297429e-01  -1.2155449e-01   1.4074318e-01   1.4491074e-02   1.0738573e-01   1.4106956e-01   2.8843862e-01   1.3372462e-01   4.4488473e-02   2.1538297e-01   1.9155576e-01  -1.8399663e-01  -2.8276976e-01  -1.2940051e-01   8.0721344e-02   1.0116177e-01  -1.2221067e-01   7.3615718e-02  -2.7859072e-01  -5.5426167e-02   7.2022649e-02  -1.7169916e-01   9.7910498e-02   2.2868216e-02  -5.0262400e-02
  -1.3312982e-01   1.6007843e-01  -1.0295673e-01  -1.6600166e-01   1.7346405e-01   1.2877508e-01   7.8761808e-02   1.3230614e-01   1.2166668e-01  -5.8049737e-02   8.0484357e-02   7.3757642e-02  -1.3176350e-01  -8.1659166e-03   5.6899504e-02  -7.3520446e-02   2.1605604e-01  -2.3220567e-01  -7.7252888e-02   9.4254546e-02  -5.5058418e-02  -3.0671669e-02   1.8093048e-01   4.6664826e-01   1.5475683e-02  -2.1828956e-02   7.1240323e-02   1.4833866e-01  -1.4344509e-01   5.7712064e-02   8.6703859e-02  -2.5881154e-01  -1.8756088e-01  -6.3267878e-02  -3.6748243e-03  -8.6161854e-04   4.8716613e-02  -1.5863816e-01   1.3276497e-02   5.5941308e-02  -1.0312204e-01  -1.4901643e-01   3.5270886e-02   1.7428259e-01   5.4545397e-02  -1.3049133e-01  -1.1803638e-01   2.6102025e-01   2.4343578e-01
  -1.5942172e-01  -2.3723283e-01  -3.0431168e-02   1.4537637e-01  -1.4369833e-01  -4.8683002e-02  -2.6739410e-02  -7.4632807e-02   2.3145749e-02   2.1754430e-02  -2.6177828e-02   2.6841195e-01   1.1553267e-01  -2.0061799e-01  -5.8890624e-04  -1.0868558e-02  -1.9233052e-02   1.3653628e-01  -7.4259173e-02  -9.1594925e-03   5.0708875e-02   1.0624722e-01  -8.8802546e-02   1.9706888e-01   3.6246520e-02  -8.5625874e-02   3.9081691e-01   1.2830650e-01   1.8941241e-01   2.4707395e-01  -5.7318171e-02  -3.4016380e-01   1.2269822e-02  -1.9336644e-02  -6.5478236e-02   7.2438043e-02   9.2743261e-02  -3.8690997e-02   5.8540917e-02  -2.3199032e-02  -1.3289528e-01  -2.4777555e-01  -2.0493220e-01  -1.8036169e-01  -1.3495584e-01   6.8901646e-02   9.0214270e-02  -1.1699289e-01  -1.9503677e-01
  -1.4221325e-01   1.3834189e-01   4.0119518e-02  -2.3162760e-02   1.3184335e-01  -7.1919503e-02  -3.5173746e-02   1.2022752e-01   1.2432768e-01   1.3930226e-01   4.5207195e-02  -4.3410929e-02   6.5190255e-02   2.8330968e-02   4.2132303e-01   1.4531676e-02   1.6918778e-02   2.5670447e-01   5.3938906e-02   1.1387775e-01   2.6371227e-02  -1.6681227e-01   1.0440518e-01   1.7422786e-01  -2.2673310e-02   4.0378947e-02  -1.3422483e-01   1.0681325e-01   1.9792779e-01  -9.0757532e-02  -3.0307747e-01   2.3962455e-01   1.5852111e-01  -7.7605943e-02  -1.9609690e-01   7.7102124e-03  -5.1241042e-02  -3.3383643e-01  -5.5056420e-02  -6.5869216e-02   1.8670293e-02   1.1368009e-02  -1.3135435e-01  -1.1103506e-01  -1.8573546e-01   1.6123009e-01  -1.6848193e-01   4.0217509e-02  -8.3159062e-02
  -1.7031104e-01   7.1908555e-02  -7.5813386e-03  -6.7247776e-02  -9.6688123e-04   1.8609290e-01  -7.1580646e-02   1.9248750e-01  -1.0511463e-01  -2.4249798e-01  -6.2537752e-02   8.9941320e-02   2.8588660e-01   4.3085242e-02  -1.0169783e-01  -7.5858828e-02   1.7216701e-01   8.6499963e-02  -1.0204743e-01   5.0275480e-03  -3.4042649e-02  -7.6226226e-02   1.1283639e-01   1.6541690e-02   3.8596941e-02   1.9865505e-01   2.0073204e-01   9.2531517e-02  -2.6301928e-01  -2.9290579e-02   1.0154562e-01   1.3220971e-01  -6.6105590e-02   2.4213230e-01   1.1901554e-01   1.4580034e-01  -9.3090429e-02   1.3445281e-01   7.1809648e-02   5.2500096e-02   2.6663012e-01   6.4290979e-02  -2.3132477e-02  -1.8733182e-01  -3.0198081e-02   3.7944510e-01  -1.6852971e-01   7.2176641e-02  -1.5903044e-01
  -1.4719772e-01  -1.7058718e-01   7.7850778e-02   1.0040807e-01  -5.9724080e-02  -7.9160303e-02   1.6677888e-01  -3.0824915e-01  -2.9764291e-01  -1.3553551e-02  -1.0676149e-01  -2.8667908e-01   1.8124766e-02   3.7301207e-02   2.7676876e-02  -9.2280422e-03   9.4862787e-02  -7.5087592e-02  -3.2626173e-02   4.8157763e-02  -2.1310335e-01   3.3286909e-02   1.1514254e-01   7.2299653e-02   3.2208814e-02  -5.8988335e-04   1.3458125e-01   7.9518379e-02  -1.0734478e-01  -2.2612746e-01   1.4833838e-01   1.6829700e-01   1.9521853e-01   6.3419086e-02  -1.1269050e-01   3.4249025e-01   1.8155006e-01  -4.0079543e-02  -1.6076216e-01  -2.6175573e-02  -7.6336695e-02  -1.3404273e-01  -1.3970202e-02   2.4484160e-02  -9.8785277e-02  -2.6212285e-01  -2.3422864e-01  -1.7068490e-02  -5.0721386e-02
  -1.5326406e-01  -1.0452420e-01   9.6140333e-03  -9.9192398e-02   1.4271998e-01  -3.5610572e-01   7.7685656e-02  -3.6633935e-02   1.7485920e-01   1.1265107e-01  -1.6533605e-01  -9.8751476e-02  -6.5430138e-02   7.3553026e-02   1.3101862e-01  -4.9865441e-02  -9.2295080e-03   3.3691553e-02   9.3393107e-02   5.2339029e-03  -1.3804261e-01   1.2526346e-01  -6.9728931e-03  -5.6957779e-02   3.8563717e-02   3.1879034e-03  -6.2240439e-02  -4.1793484e-02  -1.7136488e-01   2.1834073e-01  -2.0313332e-01  -1.5951382e-01   4.4084967e-02   1.8760424e-01  -1.1542725e-01  -3.9263474e-02   3.5203687e-02   2.0449325e-01   1.7322757e-01   3.0910296e-01   2.9749955e-03  -1.0627964e-03   1.7007725e-01   1.6888450e-01   1.7465379e-01   6.3264482e-02  -1.5800834e-01   1.5640056e-01  -3.6127438e-01
  -1.4593317e-01   6.1063115e-02  -7.8234954e-02   9.4216364e-03   2.8147494e-01  -9.8959881e-02   4.2420344e-01   1.1612409e-01  -4.9024080e-02  -1.4587511e-01   7.6215692e-02   1.2383471e-01  -8.2019467e-02  -1.0887457e-01  -2.0160302e-01  -2.8257217e-02   1.0527052e-01   1.1498445e-01   8.4687475e-02  -1.3210891e-01  -8.9503137e-03  -1.4720795e-01  -1.0227629e-01  -5.3299653e-02  -1.6041983e-01   1.4183096e-01   2.0936339e-01  -2.2921762e-01   2.9631168e-02   7.2534001e-02  -1.2266933e-01   1.6935259e-01  -7.1995152e-02  -1.9272988e-01   2.1156849e-01   1.5204647e-02  -4.0369470e-02  -4.6312705e-02  -1.1106555e-01  -1.1737712e-01  -2.3325248e-01   7.5483465e-02   1.5518503e-01   1.2786759e-01  -1.5820155e-01  -8.3027533e-02  -3.4103616e-02  -5.2692608e-02  -2.2756063e-01
  -1.3485030e-01   2.0904078e-02   2.5283419e-01   1.8304603e-01   3.5160920e-02   8.8464097e-02   1.9206919e-01   2.2653056e-02  -3.9137995e-02   2.5880324e-02  -1.4857577e-01   5.9954824e-02  -3.8367996e-02  -1.5352799e-01  -2.0079325e-01  -1.2938458e-01  -1.6248765e-02  -2.3309820e-01  -1.5751479e-01   7.4341083e-02   1.8028283e-02  -2.4629920e-01   4.5899988e-03  -7.3566685e-04  -9.4910483e-03  -5.5536142e-02  -1.8323175e-01   4.3958481e-02  -1.8648807e-01  -1.0843701e-02  -5.3656059e-02  -1.7198981e-01   1.4654667e-01  -5.7885255e-02  -3.1044814e-01  -1.2997750e-01  -1.3834621e-01   4.5703968e-02  -4.6947105e-02  -1.7917513e-01  -2.7922680e-02   3.0636690e-01  -3.7418766e-01   2.1526368e-02   1.1728024e-01   9.3660697e-03   3.4840826e-02   4.5349598e-02  -1.7221968e-01
  -1.4818244e-01  -2.6937468e-02  -8.2744913e-02   1.1457418e-01  -4.1795890e-03   1.1033819e-01   3.4336434e-02  -1.6064712e-01  -9.2455141e-02  -2.0385074e-01  -6.9060451e-02   2.5131471e-01   1.1922628e-02  -1.4118146e-01   2.0713560e-01   1.2132893e-01  -5.0412732e-02   4.9164910e-02   1.5226227e-01   2.7497979e-01   2.5205601e-01  -3.2544908e-01  -8.3727350e-02  -1.4419162e-02   1.2932789e-01  -1.7274390e-01  -2.6691845e-01   9.5242098e-02  -1.8902347e-02  -9.4034375e-02   7.7993052e-02  -3.7645260e-02  -1.2735314e-02   2.6199396e-01   1.4397072e-01  -1.2464683e-01  -2.2896127e-02   1.8807487e-01  -1.5697704e-02   7.6719769e-02  -2.3162799e-01  -7.9343333e-02   1.9328469e-01   6.3600226e-02  -7.4202595e-02  -3.0168970e-02  -1.6945918e-01  -1.2121761e-01   1.2349332e-02
  -1.5554048e-01   3.5188617e-01  -1.2282813e-01  -1.7567029e-01   5.4774405e-02  -2.1462748e-02  -5.4133684e-03  -2.1252927e-01  -1.2440555e-01  -2.8565469e-02  -1.8590108e-01  -1.9772205e-01   5.5581652e-02   6.3206625e-02  -1.3484949e-02   2.0953443e-01  -9.8842888e-02   3.4014844e-03  -1.1037012e-01  -2.1962965e-02   2.4630198e-01   4.6225098e-02   8.4763220e-02  -2.6817333e-01   2.3488123e-01   1.4338053e-01   2.5763249e-01   1.6700698e-01   1.5259349e-01   1.9457420e-01   7.1959469e-02   1.2450039e-02  -1.7731992e-01   2.8348289e-02  -2.3259976e-01  -1.8006745e-01  -1.0166527e-01  -7.0659343e-02  -1.0806342e-01  -1.4954477e-01  -1.2790583e-01  -2.0415759e-02  -2.0920044e-02   1.0038832e-01   1.3230502e-01   1.5803762e-02  -4.5580469e-02   1.2307405e-02  -4.8649199e-03
  -1.3338303e-01  -4.2865153e-02   3.2322735e-02   2.4514837e-01  -1.5965099e-01  -6.5602379e-02   2.2257804e-01  -1.0213803e-01   3.1266859e-01   9.4737579e-02   1.1523458e-01  -1.5265298e-01   1.9260160e-03  -1.0760801e-01  -8.8041240e-03   1.5044060e-01   2.9364598e-02   1.3380425e-01   6.4113187e-02  -2.1276052e-01   3.5041721e-01  -2.0729016e-02   2.1403704e-01  -1.4427808e-02  -2.1799358e-01   2.0048088e-01   2.6817432e-02   1.1309702e-01  -2.6522791e-02  -8.8677551e-02   1.1084621e-01  -8.2049374e-02  -6.5232041e-02  -1.6553123e-01  -4.8684379e-02   4.6418313e-02   2.1885294e-02   2.3429050e-01   1.7863424e-01   9.1567780e-02   1.6088560e-02   1.6055007e-01   3.5492657e-02  -1.5387564e-01  -7.4858315e-03  -2.2736688e-03  -2.0736547e-01   6.3770392e-02   2.3602784e-01
  -1.3667816e-01   2.6580850e-02   4.1366534e-02  -8.2061512e-02   1.8723181e-01   1.0899486e-01  -4.7777676e-02   1.4220191e-01   2.4490534e-02   1.4207508e-01  -3.3216470e-01  -1.3562898e-01   1.5557474e-01   2.5936409e-01   1.1547700e-02  -4.5157787e-02  -1.4248606e-01   7.9537753e-02  -1.2267335e-01  -1.0131729e-01  -1.5336046e-02  -2.2435754e-02   7.5825619e-02   2.6638269e-01  -1.3190166e-01   1.8479014e-01  -9.1674014e-02  -6.0217391e-02   1.1456693e-01  -1.5664854e-01   1.1157079e-01  -1.8166973e-01   2.8696969e-02  -4.8482168e-02   1.4912445e-01  -2.6073580e-01   1.7876068e-01   2.6542674e-01  -2.4438511e-01   4.5846428e-02  -7.3144276e-02  -4.3730940e-02   2.7875872e-02  -1.4380770e-01  -3.4126601e-02  -1.1699551e-01   9.3044974e-02  -2.5687784e-01  -8.7414890e-02
  -1.5763640e-01   1.6789850e-01   1.1048254e-01   6.4683402e-02  -1.5530502e-01  -2.6170729e-01  -2.1825394e-02  -1.9954198e-04   2.4370808e-01  -7.9263934e-02   2.2090427e-02  -1.0066781e-01  -2.1552440e-01  -9.1137508e-02   5.2564355e-02  -1.0608997e-01   8.8777814e-02  -2.5598621e-02  -3.9439108e-01   9.3337704e-02  -1.5598804e-01  -2.5853342e-02  -5.8405894e-02  -7.1795240e-02  -6.6891555e-02   9.7709209e-02   3.4965686e-02   1.4649495e-01  -5.8779944e-02  -1.8236975e-02  -1.2831396e-01   5.1586371e-02  -8.4713927e-02   2.3389705e-01   5.0621235e-02   1.3287629e-02  -8.2068472e-02   1.1493693e-01  -1.0042464e-01   3.3110243e-02   1.3986679e-02  -3.6373356e-02   1.3719329e-02   1.9405321e-01  -2.9010660e-01   7.2569433e-02   2.3055985e-01  -3.1901477e-01   2.1670790e-01
  -1.3949328e-01  -6.3383484e-02   1.0140636e-01  -8.8117960e-02  -1.3558710e-01   6.1852557e-02   2.7013494e-01  -1.9419756e-01   6.8185257e-02  -7.2496510e-02  -1.4579692e-02   8.7958233e-02   2.4600479e-01   2.1344829e-01  -1.4671545e-02  -3.9103325e-02  -3.9191923e-01   1.3240980e-01   2.8528727e-02   1.3434637e-01  -6.4658365e-02   1.8547579e-01   4.7416221e-02   4.8522546e-02  -1.5588597e-01  -2.1449405e-01  -1.0671578e-01  -2.7181146e-02  -2.0869634e-01   8.6421752e-02  -5.0682827e-02   2.0449675e-01  -3.7573019e-01  -9.6611027e-02   1.9507653e-02  -9.2182916e-02   9.3120927e-02  -4.5321875e-03  -2.5972752e-02  -4.3603525e-02   4.4134253e-02  -5.0484443e-02  -1.8274497e-01   1.4198220e-01  -1.6425102e-01   6.4548382e-02   6.5766782e-02   1.3919944e-01   7.2984509e-02
  -1.5568798e-01  -9.8660531e-02   1.2046113e-01  -3.6373707e-02  -3.6604696e-02  -8.4533109e-02  -3.3463683e-02  -1.6447537e-01   2.3502857e-01  -1.7946736e-01   1.0871279e-01   1.7457760e-01   1.9935236e-01   1.5524089e-01   1.5402853e-01  -8.4504381e-02   1.4302153e-01  -2.9521504e-01   1.7902650e-01  -4.6030968e-02   1.0838959e-01  -1.2005210e-01  -4.0521039e-02  -5.6629221e-02   2.9499241e-01   2.0503936e-01   1.8085500e-02   4.1022780e-02  -8.7989004e-02   2.9871437e-02  -5.7658803e-02   1.3120333e-01   3.7035025e-02  -2.9297871e-01  -2.6899621e-02   6.7299298e-02   6.8358949e-02   1.0667331e-02  -2.9127076e-01   1.9079949e-01   4.1914039e-02  -1.0867100e-02   3.9923452e-02  -1.0167376e-01   1.4894211e-01  -5.5894192e-02   3.1152282e-01  -3.3549503e-02  -1.6678414e-02
  -1.4297680e-01  -1.0605047e-01  -1.2634398e-01  -2.2500385e-02  -1.0551509e-02  -2.5854716e-02  -7.8814481e-02   6.7408329e-02   2.3981842e-01   3.1888656e-01  -2.2425005e-02   3.1087515e-01  -3.3920450e-03   8.8465454e-02  -1.1321140e-01  -1.5543323e-01   6.9479791e-02   2.2354024e-02  -1.2408833e-01   1.0071047e-01   2.6070912e-01   8.5909121e-02  -2.0326436e-01  -1.0657989e-01  -1.9330385e-02   1.5669789e-01   4.8813430e-02  -1.7027124e-01  -1.5017412e-01  -6.0279802e-02   2.2476197e-01   2.0837888e-01   5.0340835e-02   2.7221182e-01  -1.5640423e-01  -1.1682247e-01   2.0520987e-01  -2.2571330e-01   1.4458192e-02  -1.0658363e-01   6.3811353e-02  -2.7671676e-04  -1.0231539e-02   3.5311362e-02  -1.8455027e-02  -2.4554080e-01  -1.3471481e-01  -1.6838909e-03   1.5747164e-02
  -1.3770395e-01  -5.2527054e-02   3.4645546e-01  -1.7816446e-01  -4.7381005e-02  -4.1159688e-02  -8.7921819e-02   9.1264164e-02   1.6676053e-02  -9.1216234e-02   2.7732688e-01   4.4044743e-02   6.4630262e-02  -1.9197525e-01  -4.9445826e-02   8.9661802e-02  -1.9353855e-02   2.0737869e-01  -4.6791682e-02  -6.6246081e-02  -4.1360038e-02  -3.5696899e-02   1.9730813e-01   3.5270209e-02  -2.7624997e-02  -7.6650883e-02  -1.4142957e-01  -1.2920135e-01   1.9655458e-01  -4.2382693e-02   2.4601001e-01  -1.0833079e-01  -1.8239103e-01   1.7472474e-01  -3.0390462e-01   1.3340416e-01   6.9128446e-02  -1.7797560e-02  -1.7981252e-01  -1.3146894e-01   4.6367030e-02   6.8915498e-02   3.2789924e-01   5.7042801e-02   6.2995708e-02  -5.6573406e-02   1.6666374e-01   8.0765137e-02  -1.7493337e-01
  -1.3736251e-01   1.3305358e-01  -3.1669680e-01  -6.5957330e-02   1.3757164e-01   1.3447937e-01   1.4826158e-01  -1.8024020e-01   1.7354258e-01   9.8175503e-02   4.2087672e-02   1.9130225e-02   1.0399250e-01   6.4615555e-02  -9.9169248e-02   6.1007957e-02   2.3059903e-01  -6.2527842e-04   1.6128691e-01  -3.4571152e-03   7.0938046e-02   1.0376239e-01   1.7372035e-01  -8.3585719e-02   1.4914776e-02  -2.7758347e-01   3.1092227e-02  -1.2052847e-01   1.6705550e-01  -3.0699690e-01  -1.8671211e-02  -1.7132722e-01   1.8438449e-01   1.1988239e-01  -1.9884352e-03   1.2575922e-01  -2.5974568e-02   8.7157864e-02  -2.4328694e-02   2.4356035e-02   2.3107322e-01   2.8119651e-02  -1.7100967e-01   2.6374359e-01  -1.1639334e-01   9.9371720e-02   2.5106004e-01  -4.4548657e-02  -7.0703501e-02
  -1.4789469e-01   2.4221249e-01   1.8076277e-01   7.7461383e-02   1.5950058e-01  -1.8536879e-01   1.0416507e-01   1.6459466e-01  -1.9968236e-01  -8.1533282e-02   8.7915880e-02   3.1726416e-01   9.8503402e-02   1.9511318e-01   6.7314950e-02   4.8669443e-02   3.3799088e-02   4.9848238e-02  -7.4810775e-02   7.4202677e-02  -1.1321191e-01   6.8401981e-02   6.6179041e-02  -2.1643141e-01   4.3441579e-04  -1.3857982e-01   4.2569864e-02  -1.2903778e-01   5.5519713e-02   1.6427591e-02  -9.0156275e-02  -8.3471863e-02   1.3935567e-01  -1.2434493e-01  -1.4293660e-01   7.0149929e-04   2.6606032e-02   2.2647418e-01   1.8366534e-01  -7.0882996e-02   1.9333050e-01  -2.2016015e-01   5.0026806e-03  -1.3862768e-01   1.2411848e-01  -1.9875041e-01  -1.3425105e-01  -1.2579784e-01   3.0656949e-01
  -1.2248830e-01  -9.7432244e-02   2.7089965e-01  -2.3028486e-01  -3.3024824e-02   1.4990504e-02  -1.2231947e-01   1.1512541e-01   5.1364629e-02  -1.7588358e-01  -7.5981086e-02  -1.8965651e-01  -2.0003753e-01  -1.6067304e-02   3.7697401e-02   1.7634094e-02  -7.5942983e-02   6.6868382e-02   1.7133246e-01  -9.5574950e-03   1.7028540e-01  -6.2889320e-02  -1.0592952e-01   9.0917347e-02   3.2272455e-01  -9.0467053e-02   2.3828354e-01  -2.7851661e-01   5.9959033e-03   4.8767822e-02  -7.6321750e-02  -5.7698043e-02   1.3447488e-01   7.5914759e-03   1.2177094e-01   4.7930047e-03   2.8211633e-01   1.2202803e-01   4.5007206e-02  -1.5049972e-01   7.7553823e-02   2.2894121e-01  -1.7715789e-01   1.4242089e-01  -1.5613220e-01   3.7214247e-02  -1.2689594e-01   3.8202755e-02   2.1513914e-01
