  -1.4092507e-01  -2.0917578e-01  -6.8019954e-02  -1.1920245e-01   3.6404588e-01   7.7571866e-02   1.1665688e-01   1.4017134e-01  -7.3933071e-02  -1.5556864e-01  -2.4801123e-01   1.7266177e-01  -8.9128295e-02  -1.4592842e-01   1.6661496e-01  -6.6430427e-02  -2.4967215e-01  -1.2811352e-01  -2.0823475e-02  -1.4207664e-02  -1.5238288e-01   2.1776727e-02   9.8056665e-02  -1.6673606e-01   1.8581833e-02   1.5401452e-01  -3.2771730e-02   5.7987030e-02   3.4622081e-02  -2.2041848e-01  -1.7990759e-01   8.4963887e-02  -4.4278264e-03  -8.8167437e-02  -2.9900239e-01   2.2294994e-01   6.0327156e-02  -7.0886741e-02   2.3889906e-04   1.4767679e-01   1.5307614e-02   1.0355537e-01  -4.8597230e-02   5.5872483e-03  -1.0677833e-01   8.3867566e-02  -2.0683598e-01   8.3543359e-02   2.1460636e-01
  -1.3833039e-01   2.1230257e-01  -1.2603810e-02  -3.6533779e-02  -8.4354308e-02  -1.1428878e-01  -1.1949101e-01  -1.6195596e-01   1.8819336e-01   8.1350468e-02   9.6293429e-02  -2.4797511e-02  -2.2924127e-01  -2.6752322e-01  -9.1483752e-02   2.4440138e-01  -7.2000166e-02  -1.4220250e-01  -3.6762756e-02   2.0091829e-01  -2.9497712e-01  -1.3585465e-02   4.5077889e-02   1.5075726e-01  -3.2432056e-02   8.2680238e-02   1.8803527e-01  -1.9586711e-02   1.4506140e-01  -1.6344273e-01   2.1736339e-01  -1.1294676e-02   2.3072862e-02   1.2243220e-01  -1.0362941e-02   2.0521099e-01  -9.2443422e-02  -5.7087009e-02  -1.3620685e-01  -5.3142656e-02   2.0889639e-01   1.7813931e-01   2.4624290e-01  -5.7855238e-03  -4.3906205e-02  -1.0344861e-02   6.9761198e-02   2.7627480e-01   3.7915961e-02
  -1.3072687e-01  -6.0910653e-02  -1.4910153e-01   1.0233904e-01  -1.7207328e-01   5.1850026e-02  -1.2308916e-01   2.6413410e-01   1.7779579e-01   7.0445707e-02  -3.8971507e-02   1.4181698e-01   1.5844312e-01  -2.8981665e-01   1.5037565e-01   1.5004892e-01  -4.6004423e-02  -1.3880834e-01   2.6797485e-01  -6.6027670e-02   1.7408903e-01  -5.4815744e-02  -1.1822306e-01  -2.8480375e-01   1.8392590e-01  -9.5023833e-02  -9.9303721e-02   1.5189727e-01  -2.6220377e-02  -3.8141368e-03   1.8198353e-01   4.9875031e-02   1.3788067e-01   2.4331199e-02  -3.2379475e-02   1.5796752e-01  -1.8412995e-01   6.8078861e-02  -2.4249825e-01  -1.6505965e-01   1.9211414e-02  -1.4147654e-01  -1.5218054e-01   8.0160215e-02  -1.1163550e-01   4.5042333e-02   1.5280124e-01  -9.7982760e-02  -1.0578797e-01
  -1.3301639e-01   1.2840742e-01  -8.7997381e-02  -1.8338652e-01  -1.7578253e-02   1.0782688e-01   8.3877121e-02  -5.0997029e-02  -4.8259491e-02  -4.6465275e-02   9.6710504e-02  -3.0489746e-01  -1.8437965e-02   1.2720232e-01  -5.5124492e-02   6.9444920e-02   9.3304152e-03  -6.4839090e-02  -9.9644070e-02   7.8405254e-02   4.0776229e-02  -1.4357564e-01  -3.2561161e-01  -2.1862779e-01   2.2832173e-01   8.5496399e-02   2.9727548e-03   2.1549460e-01  -3.2858093e-01  -4.0809565e-02  -2.4646164e-01   7.7390924e-02  -9.4814592e-02  -9.0612019e-02   9.6002917e-02  -3.0430826e-02  -2.3065107e-01   1.8610330e-02  -1.3488707e-01   2.2686277e-01   2.0035988e-02   3.3422242e-02   1.8433061e-01   1.4286423e-01   1.4384395e-01   2.1411315e-01   3.4675825e-02   1.3675199e-01  -8.6820663e-03
  -1.4484015e-01  -9.5487601e-02  -1.6542024e-01   1.5402265e-01   1.0601252e-01  -4.9730813e-02   8.8435360e-02  -6.2534737e-02  -2.5871205e-01   1.1591901e-02   1.7020263e-02   1.2746318e-01  -3.3936215e-02   1.9154612e-01   7.3763915e-02   1.7790260e-01  -1.1008955e-01   9.1022746e-03   1.0379598e-01  -2.3729588e-02   1.3539200e-01   1.2173593e-01  -2.2526796e-01   2.0353014e-01   9.7993274e-02   2.6506640e-01  -1.1690988e-01  -7.7638940e-02  -5.5945536e-02  -3.0753408e-02  -1.4634983e-01  -1.6872237e-02   8.4030293e-02   1.5499540e-01  -6.1546655e-02  -8.6464005e-02   6.7604832e-02  -2.4321393e-01  -1.7471422e-01  -2.0791868e-02   2.7057808e-01  -1.1586866e-01   3.5762418e-02  -2.9525846e-01  -1.8748310e-02  -2.3353141e-01   2.2916659e-01   1.0005076e-01  -1.7635567e-01
  -1.4016118e-01  -7.3449424e-02   2.1242333e-01   4.3721527e-02   3.5307725e-02  -3.5715009e-02   1.7467021e-01  -5.2437913e-02  -1.0223895e-01   3.1593367e-01  -2.0664559e-02   7.2021613e-02  -4.2270603e-02  -2.7273127e-01   4.8948710e-02  -1.2342716e-01  -1.7374081e-01   1.5054929e-01   6.4187400e-02   2.8769309e-01   2.2035460e-02  -1.9926185e-02  -1.2582578e-01   2.9744951e-01   6.0669910e-02  -2.1679402e-02   2.8604821e-02   2.8440382e-01   2.2774269e-02   5.2458057e-02  -5.6202991e-02  -2.0086546e-01  -2.5117391e-02  -2.4577890e-01   4.9324330e-02   3.4352623e-03  -3.4114868e-02  -2.2598809e-01   3.3110325e-02  -2.2395006e-02  -2.2562159e-01   1.0288396e-01  -1.4010405e-01   1.3216331e-01   3.1306744e-02   7.8653662e-02  -1.3726362e-02  -1.2575253e-02  -2.8546104e-01
  -1.4041166e-01  -1.0774623e-01  -5.0715857e-02  -6.3321401e-02   2.3704408e-02  -2.2364261e-01   7.2228454e-02   8.5754748e-02   1.7670969e-01   4.1779688e-02   1.3718702e-01  -1.8329853e-01   5.2327643e-03  -7.6296246e-02  -1.7482910e-01   1.6508372e-01   2.4266358e-01   2.3086636e-01  -8.8170775e-02  -2.0708576e-03  -7.5013987e-02   2.9230060e-01  -3.3979556e-01   3.0062103e-02   2.9515969e-02  -1.5862066e-02   4.2674048e-02  -2.0959635e-01   2.9857414e-02  -8.6307145e-02  -2.9511773e-02   1.6654391e-01   4.2265234e-02  -1.8079161e-01  -3.2578851e-01   4.9607847e-02   1.4653636e-01  -6.1211894e-03  -8.0712612e-02  -1.1165935e-01  -1.9292641e-01  -1.9153058e-01  -1.6919566e-01   1.1345313e-01   8.1535669e-02  -8.9163742e-02  -1.1960999e-01   6.5737916e-02   8.0481162e-02
  -1.0889105e-01  -1.7000516e-02   4.9748403e-02  -2.3257697e-01  -4.9641446e-02  -1.5357195e-01   1.8121641e-02   2.0806721e-01  -1.1419563e-01  -9.9392418e-02   1.1348060e-01  -1.1449806e-01  -2.6020728e-01   2.9046946e-02   1.5319246e-01   5.9017928e-02  -2.3887251e-01   2.8148203e-01   1.6569891e-01   2.1451494e-01   1.7292380e-01  -2.0530013e-01   5.6655199e-02  -9.7120940e-03   1.4840831e-01   7.0404556e-02   1.1180717e-01  -9.8548674e-02   2.5268121e-01  -5.9030451e-04   8.0300691e-02  -5.2315129e-02   1.5157320e-01  -1.6021185e-01   1.6491457e-01  -8.3157015e-02   1.2403100e-01   3.1819070e-01  -6.3746363e-02   1.5526939e-01   4.5632046e-02  -1.4977048e-01   4.9840791e-02  -4.1206413e-02   4.4851248e-04  -1.0457235e-01   2.6006418e-02  -1.0265530e-01   1.7736816e-01
  -1.5806803e-01  -6.8607421e-02   1.1163555e-01  -3.8526863e-02   9.5279803e-02   3.1332913e-01   9.0856093e-03   1.0012342e-01  -2.7008600e-02  -1.9308876e-01   8.2677888e-02  -1.9922274e-01   2.8112239e-01  -1.4477675e-01   7.5333309e-02   4.1096694e-02  -1.8110367e-01   9.1045476e-02  -3.3032508e-02   8.0625603e-02  -3.6163437e-02   1.5323726e-01  -9.0620372e-02  -7.6210132e-02  -1.1295679e-01  -2.2588007e-01   1.6435580e-01   3.0351104e-02   1.6381659e-01  -2.2771054e-01  -1.2183940e-01   6.9057826e-02   2.9181028e-02   3.0238170e-01   7.5140437e-02  -3.1309639e-02   3.2537722e-02   1.5467771e-01   1.5487726e-01  -1.0778117e-01  -2.6996706e-02   1.5422777e-01   3.1220595e-02  -9.8458054e-02   2.7898812e-01  -1.8904099e-01   8.7288188e-02   1.5784464e-02  -2.3125490e-01
  -1.4450891e-01   7.6182693e-02   1.3370703e-02   1.6709526e-01   1.0154397e-01   8.9816866e-02   1.5050517e-01  -2.8860694e-02   6.8664617e-02   2.7236386e-01   1.3423346e-01  -6.4593682e-03   3.6855306e-02   1.5479902e-01   2.2243794e-01  -2.4913061e-01   1.4199242e-01  -6.9880885e-02  -1.1411087e-01   1.9498188e-03   2.9534288e-02  -2.7458250e-01  -2.0566520e-02  -1.2340714e-01  -6.3090667e-02   5.7464339e-02  -5.2306262e-03  -2.7508625e-01   5.2183707e-02  -4.8159027e-02   5.9580908e-02  -1.6574776e-01  -1.5132092e-01  -2.6466495e-03  -1.2703868e-01   2.9692927e-01   3.6758161e-02   1.1321118e-01  -2.8025251e-01   9.2602654e-02  -2.1776453e-01   1.6381241e-01   3.9278188e-02  -2.7983773e-02   1.3614692e-01  -2.4905721e-01   1.7123785e-01  -7.3644556e-02   1.0084432e-02
  -1.2631878e-01  -1.3137192e-01   1.9485256e-01  -2.0103490e-01   9.0462890e-02  -5.9032014e-02   7.9947768e-02  -3.8412375e-02   2.7918425e-02  -2.7703451e-02   2.5056531e-01   1.2656143e-01  -5.1905932e-02   1.7697326e-01   8.6629450e-02   2.7619167e-01   7.6206405e-02  -2.3652173e-01   9.1381779e-02  -1.7525657e-01   1.1929918e-01   5.0138013e-02  -1.4703012e-03   1.8564048e-02   7.4934761e-02   1.1654967e-01   1.2169311e-01   1.3794427e-01  -1.3872999e-01  -4.9667432e-03   7.0205321e-02  -6.2934166e-02  -1.3636302e-01   1.1655032e-01   3.3661614e-01   3.4210216e-01   3.0534780e-01  -9.4945386e-03   1.6334406e-01  -1.9258740e-01  -1.9045234e-01  -3.9023140e-02  -2.4749726e-02   1.5187786e-02  -7.8695646e-03   5.2548736e-02  -1.0060882e-01   8.8707056e-03   1.8154961e-02
  -1.4555568e-01   7.3390998e-02   1.4604184e-01   3.4425527e-02  -1.0009947e-01   2.4351742e-02  -5.3059229e-02  -1.1002660e-01  -2.6295825e-01  -1.5350069e-01  -2.3344826e-02   1.9481032e-02   6.1760195e-02   7.1607306e-02  -2.6949823e-01  -5.2554730e-02  -1.4871196e-01   5.7975299e-02   2.4654641e-02  -2.4246131e-01  -1.3096119e-01  -7.1507578e-02  -4.0193731e-02   1.3518233e-01  -2.5991553e-03  -2.9537149e-01   8.7613292e-02   1.6229053e-01  -1.9532943e-02   9.3239723e-02  -1.0944989e-01  -1.5024650e-01   1.8518792e-01   6.2609267e-02  -9.2684796e-03   3.1748353e-01  -1.4100450e-01  -1.0146129e-01  -1.9962506e-01   3.6921931e-02   2.8133990e-03  -1.6814647e-01  -5.2413065e-02   1.5685855e-01   2.7166674e-02  -2.8998596e-01  -4.7742192e-02  -8.7701408e-02   3.0752774e-01
  -1.4986390e-01   1.9102748e-01  -5.1484714e-02  -3.9593043e-02   1.1857084e-01   6.3892127e-02  -1.5939052e-02  -1.6031197e-01   2.2265069e-01   7.1150668e-02   2.3211401e-01   7.1039654e-02   7.9398748e-04   3.9451674e-02   1.2520831e-01  -2.0846650e-01  -3.0314772e-02   2.5519820e-01   3.0517263e-01   1.0162117e-02  -7.2272815e-02   2.0617543e-01  -6.8041428e-02  -2.4898213e-01  -3.0970757e-01   1.6393364e-01   2.2905095e-01   3.4723559e-03  -3.6549166e-02  -9.9887949e-04  -2.8916398e-02   2.7258504e-02   3.3727056e-02   7.5700805e-02   1.3414754e-01  -4.6159092e-02  -1.3382236e-01  -2.7928589e-01   1.0452905e-01   1.3208871e-01   7.4757528e-02  -1.1742080e-01  -1.2958715e-01   2.3846853e-02  -1.2086605e-01   6.1459271e-02   8.1045687e-02  -1.5984740e-01   1.6776794e-01
  -1.5117312e-01   3.2290846e-01   1.8669383e-01   3.4151163e-02  -1.8882270e-01   4.2659183e-02   1.2532652e-01   1.9911909e-01   1.2443152e-01  -1.5769869e-01  -1.9483526e-01  -7.2444015e-02   1.5816802e-01  -5.5686114e-03  -2.5685827e-01  -6.6404686e-02  -1.8693273e-01  -2.2357627e-02   5.8375572e-02   1.9514720e-02   1.4642495e-01  -9.1984132e-02  -1.6061178e-01  -7.9943254e-02  -9.3966628e-05   2.4998869e-01   4.8319964e-02  -1.2473004e-01   4.4282096e-02   3.4120945e-01   1.2918948e-02  -7.5411652e-03  -1.9896163e-01  -1.7338441e-02  -6.9714058e-02   7.4090214e-02   2.3044480e-01  -7.5427970e-02   7.2050862e-02  -8.8040794e-02   1.9010621e-01   2.1277208e-01  -1.9837108e-01  -6.1145686e-02  -4.3888723e-02  -8.7255343e-03  -7.6635274e-02   1.0041628e-01   1.6813131e-02
  -1.6951586e-01   9.1588627e-02  -7.4355668e-02   1.1556829e-01   6.8062653e-02   2.0497672e-01   1.1017217e-01  -2.0574284e-02   1.8426730e-01  -1.6126195e-01   1.8744525e-01   1.0307264e-01   1.5699015e-02  -2.6485454e-02  -2.1175880e-01  -2.8288348e-04  -4.4856577e-02   3.3817823e-02  -2.0487695e-01   1.5341981e-01   2.3171231e-01  -2.9222762e-02   4.1838054e-01   6.2490248e-02   5.3049009e-02   7.8381484e-02   9.5902425e-02   2.4111011e-02  -2.3337681e-01   2.7097303e-02   3.4992256e-03  -9.5993684e-02   2.1681943e-01   4.8380033e-02  -1.7930580e-01  -9.7099368e-03   2.3111184e-02   9.7225072e-02   9.3301187e-02   1.2525326e-01  -1.5864599e-01  -2.8954218e-01  -8.8749934e-02   6.3305293e-02  -1.1071558e-01  -2.0242562e-02   1.1276958e-01   2.6026508e-01  -1.3402921e-01
  -1.3448945e-01   1.0585234e-01  -1.3318393e-01  -8.8248956e-02  -3.8504791e-03   1.5326582e-01  -2.2985869e-01   6.3966942e-03   2.2331888e-01  -1.2621818e-01  -8.0027104e-02   1.7737993e-01  -1.8573979e-01   1.3222909e-01   2.8661586e-02   6.7203339e-02   1.1346876e-01   1.9618508e-01   1.6365486e-01  -1.1246138e-01  -6.1509687e-02   2.3162880e-01   2.9190235e-02   1.4477447e-01   1.9018797e-01  -6.7507501e-02  -1.0089477e-01   6.1401008e-02  -7.7799469e-02   1.9590679e-01  -1.0261162e-01  -4.4005178e-02   2.0444433e-01  -6.5827245e-02  -3.9819091e-03  -8.6552418e-03   8.0421545e-02   1.0030050e-01  -9.3514222e-02   1.2708784e-01  -2.1941649e-01   5.2338556e-01   2.6199713e-03  -8.4503974e-02   5.2151423e-02  -3.3046058e-02   5.8451018e-02  -3.4677709e-02  -2.9850413e-02
  -1.4934169e-01   8.1185734e-02   2.2537252e-01  -3.3334529e-02   1.1176561e-01  -2.1986901e-02  -1.7130482e-01   1.6713748e-01   9.8478004e-02   8.5545963e-02  -7.6931697e-02  -3.0158583e-01  -1.5963769e-01  -2.4073415e-01   1.1204077e-01   1.8951110e-02   2.8228095e-02  -1.6482409e-01  -1.9409547e-01  -2.8176691e-01   6.2878685e-02  -3.7106930e-02   1.7899392e-01   8.0036403e-02  -1.3493616e-01   4.6250545e-02   4.4415291e-03  -9.7016598e-02  -2.8118511e-01  -6.2549751e-02  -4.7100093e-02  -5.1322594e-03   2.5003608e-01  -1.3194095e-01   1.2224180e-01  -1.1573583e-01   1.4215000e-01  -2.1100216e-01  -1.2542080e-01   5.5815243e-02   1.7912496e-01  -2.8727950e-02  -1.1221986e-01  -5.1384649e-02   2.0487420e-01  -1.4831642e-02   1.7219856e-02  -2.1781202e-01  -7.0623088e-02
  -1.4473370e-01   1.4223929e-01   2.3411270e-01   3.2415737e-01   6.4395599e-02  -7.8602006e-02   1.8248873e-01   2.7551469e-02  -1.5771862e-01   2.2196480e-02   1.2263718e-01  -4.5417341e-02   3.5395016e-02  -1.2913734e-02  -2.6934464e-02   1.9520238e-01   2.5178976e-02   2.2470496e-01   1.8395502e-01  -7.0283870e-02  -4.1620368e-01  -1.3534521e-01   1.5578077e-01  -2.2264136e-02   1.7096130e-01  -5.3609714e-02  -1.6671322e-01  -7.8472677e-02  -1.7885415e-01  -5.6906558e-02   6.5210848e-03   2.4573408e-01  -6.8515365e-02   1.2649565e-01  -4.7620880e-02   7.0296478e-03   1.0787707e-01   1.4733882e-01   5.1938587e-02   1.2275071e-01   4.8119089e-02   2.8889457e-02  -1.8151088e-02   2.7285690e-02  -1.7763840e-01   1.8128760e-01   1.7536230e-02  -1.9985413e-01  -1.4453000e-01
  -1.4448616e-01  -5.9903409e-02   2.8815298e-02  -5.3163981e-02  -2.9120281e-01  -3.0563938e-02   2.2365587e-01   1.4337165e-01  -6.0806014e-02   3.2032159e-02  -1.2122729e-01   3.0673528e-01  -2.3044228e-01   1.5246661e-01  -1.4380008e-01   5.4560351e-04   1.6978531e-01  -9.0068593e-02  -9.5766541e-02   3.6664223e-02  -3.0668186e-02  -1.6104331e-01  -2.1802802e-01  -3.7449460e-02  -2.8009265e-01   3.3137114e-04   1.5374542e-01   8.4886125e-02  -1.1303636e-01  -1.8823445e-01   1.4859192e-01   1.5674053e-01   2.6523489e-01   1.1048331e-02  -5.1393432e-02   3.7219229e-03  -1.4928110e-01   1.0104234e-01   2.3449032e-01   1.4260513e-01   2.6012608e-02   8.9455201e-02  -9.3931461e-02  -1.7389026e-01   6.3498531e-02  -5.9365268e-02  -6.2957410e-02  -1.3529435e-01  -1.3822134e-01
  -1.5056905e-01  -2.4914978e-02  -2.0708686e-01  -3.7545567e-01  -7.8462483e-02   1.4794217e-01   1.4140193e-01   1.5688828e-01  -6.6095007e-02   2.6067208e-01  -2.1037337e-01  -8.8233687e-02  -2.2952222e-02   3.7264474e-02   4.5481629e-02   8.9011771e-02   1.1930382e-01  -3.8343401e-02   7.6173307e-02   7.9351968e-02  -2.5335105e-01   3.2911840e-02   1.7128237e-01   7.0546421e-02   1.1849002e-01   6.2858896e-03   8.1659320e-02  -4.9067435e-02  -1.7287113e-01   8.9170068e-02   2.7216340e-02  -2.8564296e-01  -2.0053662e-01   2.7908351e-01  -1.1887060e-01  -2.1139785e-01  -3.5613601e-02   2.7831390e-02   8.1098301e-02  -1.0369066e-01   8.6974356e-02  -6.6736723e-02  -1.4469325e-01   1.8823517e-01  -5.3803312e-03  -1.7549480e-01   3.5067569e-02  -1.0317372e-01   7.6445003e-02
  -1.3820459e-01   2.1261117e-01  -9.3369448e-02  -6.3249905e-02   4.2770135e-02  -1.5562982e-01   1.1355305e-01  -2.7380546e-01   8.9965949e-02  -4.8021186e-02  -2.0183213e-01   7.0983322e-02   2.0889416e-01  -5.0953213e-02  -4.7621024e-02   9.4768735e-03   1.7636786e-01  -1.3205227e-02  -2.2376679e-01   2.2779115e-01   1.5166395e-01  -7.0069482e-03   3.2194233e-02   4.7103203e-02   2.8648038e-01  -2.4863262e-02  -6.5907629e-02   1.8727480e-02   2.1024255e-01  -1.9612405e-01  -8.3870123e-02  -4.0877902e-02   1.0735308e-01   2.2595517e-01   1.1690206e-01   3.8753090e-02   5.3543108e-02  -5.4416338e-02  -5.3673976e-02   1.5447143e-02   1.0010023e-02  -2.6840477e-02  -1.6131947e-01  -1.8440071e-01   7.8536658e-02   2.2553610e-01  -5.4226711e-02  -3.6639217e-01   1.5567324e-01
  -1.4849286e-01  -1.3214386e-01   1.8351047e-01   5.7891794e-03  -4.2364830e-02  -1.9053817e-01   5.2132718e-02  -4.4107824e-02  -1.1361325e-01   1.3772894e-01  -1.0715214e-02   3.8981534e-02  -1.5046479e-01  -7.1041737e-02  -2.6650325e-01  -3.7762623e-01   9.4004867e-02  -2.5546117e-01   2.2091565e-02  -3.6658347e-02  -6.6427186e-02   2.8922860e-01   7.9299197e-02  -3.4078884e-01   2.1193742e-01  -3.3257758e-02   9.9072401e-02  -2.0919506e-02   1.1739964e-01   1.7519135e-02  -1.7548399e-01   3.9663694e-02   9.0419508e-02   7.0000629e-02   1.8253640e-01  -1.8745193e-01   1.1381489e-01   1.3735565e-01  -1.3714721e-01  -9.1048157e-03  -6.4268982e-03   4.9081970e-02  -8.5549818e-03   1.4951679e-02  -1.5609962e-01  -6.6361158e-02   1.6837219e-01   1.5521324e-01  -6.1909723e-02
  -1.5977719e-01  -9.9609694e-02  -4.2985530e-02  -2.1943970e-02  -6.4116653e-02  -1.4240544e-01   2.4288734e-01   1.5585357e-01   1.1248338e-01   1.9317563e-01   1.4100273e-01   8.3355992e-02   3.1578042e-01   1.5901274e-01  -7.3096854e-02  -4.5904889e-02  -2.7449067e-01   4.2446718e-02  -4.3781216e-02   3.1994868e-02  -4.7470611e-02   2.1949699e-01   2.3749555e-01   3.9323652e-02  -2.5117152e-02  -9.5536069e-02  -1.8392389e-01  -3.2049414e-02  -2.0312146e-01  -2.5627477e-02   1.7023690e-01   5.3114453e-02   1.3354905e-02  -1.7101163e-01   1.9146396e-01  -6.2303452e-02  -1.8569976e-01   1.8278088e-02  -1.3585090e-01  -8.7774339e-02   8.0526256e-02   1.1827429e-01   8.3335455e-02  -2.2545602e-01   1.9253210e-01   2.8088172e-02  -1.7112914e-01   1.1016648e-01   2.2365837e-01
  -1.4029694e-01  -2.4501099e-01   1.7761005e-01   3.8087938e-02   2.0848707e-01  -3.0349147e-01  -2.7358805e-01   1.0963797e-01   2.1402963e-01  -5.1801543e-02  -4.5806891e-02  -1.2580320e-01  -3.3801576e-02   1.2094984e-01   5.5133337e-02  -8.0866863e-02  -1.1655510e-02  -8.5475685e-02  -6.7091016e-02   2.8031725e-01  -4.7335362e-02  -3.2017054e-02  -6.8164060e-02   7.6337782e-02   2.5596097e-03   3.3354313e-02  -1.6427399e-01  -6.5038335e-02  -5.3789017e-02   3.5007681e-01  -7.8033843e-02   5.3351269e-02   1.1717838e-02   2.9702110e-01   1.8965600e-02   1.5351211e-01  -3.5242892e-01   5.8950857e-02   1.5787643e-01   1.0183515e-01  -8.0329525e-03  -5.8489038e-02  -4.0950165e-02  -3.2732743e-02  -3.4821641e-02  -8.6044350e-02  -7.9616459e-02  -3.1750244e-02  -6.8132259e-02
  -1.3875558e-01   1.9700113e-01  -2.2354613e-01   1.2279686e-01  -2.4355436e-02  -5.2721216e-02  -1.4210765e-01   3.9182238e-01  -1.0159380e-01   6.5819558e-02   2.4317728e-01   2.4213292e-03   6.6517274e-02   1.0108749e-01   1.0344558e-01  -1.1492676e-01   1.2959891e-01   7.3789684e-03  -2.0366809e-01  -1.9505794e-01  -5.1172585e-02   6.0459943e-02   3.5441798e-02   3.9490255e-02   2.5475382e-01  -3.8294032e-02   2.1064300e-01   5.0409064e-02   2.5751028e-01  -3.5183156e-02  -8.3476614e-02  -1.5701461e-01  -3.4402887e-02  -9.2191919e-02   2.8246539e-02   7.2243131e-02  -1.1161610e-01  -1.3735786e-01   1.9048690e-01   6.3806278e-02   1.2279968e-01  -1.0635424e-02   8.7949729e-02  -5.5281905e-02  -1.5461747e-01   1.5443165e-02  -3.0099160e-01   2.5659184e-03  -2.0350929e-01
  -1.2511352e-01  -5.9132091e-02  -1.4060960e-02  -3.1661206e-02   6.2948242e-02  -3.0599576e-01   2.7836533e-02  -4.1242976e-02   1.0364592e-01  -2.7671425e-01   7.3886123e-02   1.2014537e-01   2.3318828e-01   1.1679758e-01   1.4531182e-01  -7.7605618e-02  -4.5611922e-02  -2.2323605e-01   5.3525603e-02  -1.1508608e-01  -1.6745080e-01  -8.6661062e-02  -1.2785230e-01   1.6654476e-01  -1.4817775e-02  -1.6298799e-01   1.3072534e-01  -8.0845261e-02   1.2814715e-02  -1.7597653e-02   3.2634230e-02  -2.5408315e-01   3.7195730e-02  -1.9196385e-01  -1.4078468e-01  -1.4895495e-01   5.2217073e-02   1.0240682e-01   1.3395062e-01   5.0765912e-02   1.6639603e-01   3.8159139e-02  -8.7366753e-02   1.7843789e-01   1.1310341e-01   2.5300713e-01   3.8868298e-01   5.0618877e-02  -3.9618916e-03
  -1.4343928e-01   1.4702988e-01  -5.5530549e-02  -4.8534759e-02  -1.6911186e-01  -2.0404340e-01  -8.8671548e-02   1.0720004e-02  -3.1559201e-01  -1.1489761e-01   1.0389861e-01  -2.2359984e-02  -1.9888409e-01   6.1159218e-02   4.1201628e-02   1.5119094e-01  -1.8097234e-01  -1.6185235e-02  -8.2763074e-02  -1.0743884e-01   9.2205700e-02   1.0300354e-01   1.7138053e-01  -1.2088113e-01  -2.5442311e-01   5.2945936e-02  -1.2250328e-01  -1.1009524e-01   1.4644805e-01  -1.0221699e-02  -3.6349489e-02  -6.3252357e-02  -1.5626846e-01   1.7196498e-01  -1.0397877e-01  -7.3361812e-02  -2.2818040e-01  -4.6115168e-02  -1.4776616e-01  -6.9369609e-02  -3.1473550e-01   8.2664271e-02  -2.9093232e-01   3.9514745e-02   1.3081654e-01   2.6910198e-01   1.6013557e-02   5.0112184e-02  -1.0372171e-01
  -1.4361713e-01  -1.5648687e-01   8.5591287e-02   1.6961592e-01   8.3088822e-02   1.8808527e-01  -1.0038356e-01  -1.5469104e-01   8.2257008e-02   1.9976174e-01  -8.5272160e-02  -1.7832192e-01  -1.5795816e-01   1.9636914e-01  -4.6147249e-02   1.3428784e-01  -1.8605749e-01  -9.2104682e-03  -1.3547675e-01  -1.0228199e-01   2.6971101e-01   1.3686660e-01  -1.2241553e-01   7.6959408e-02   5.1557142e-02  -2.8654629e-01   1.2754641e-01  -7.0688414e-03   2.0316788e-02  -1.5244011e-01   2.0895693e-01  -3.3129636e-02  -2.3271694e-01  -2.4020763e-02  -5.3758764e-02  -7.7479176e-02  -5.1370293e-02   1.2662172e-01   2.4782560e-02   1.6861293e-01   1.4090227e-01   1.0625680e-01  -2.2664930e-01  -4.8125764e-02  -3.2572697e-01   9.6246452e-02   9.8802887e-03  -2.1289043e-02   1.2491736e-01
  -1.4642821e-01  -1.5072355e-01   7.2556186e-02   2.1500318e-01  -4.0585008e-02  -6.4428298e-02   2.0333033e-01   2.8933522e-02   1.7774027e-01  -2.6801267e-01   4.7821336e-02  -8.5136159e-02  -2.1685410e-01  -3.3145717e-02   7.5091138e-03  -1.7890709e-01   8.1905491e-02   4.5007455e-02   6.1090742e-02  -1.7609361e-01   1.5472732e-01   1.1399190e-03   9.8512905e-02   1.0954306e-01   1.2769791e-01   1.5746789e-01   7.7517206e-02   3.0908275e-01   7.5367746e-02  -3.2393174e-02   1.5699649e-01   7.8326634e-02  -2.1491345e-01   1.3937968e-01  -2.1517489e-01  -2.2079990e-01  -1.3508409e-01  -9.7080006e-02  -4.0829078e-02  -1.7553718e-01  -1.9095248e-02   5.6646914e-02   2.6985692e-01   7.9040411e-02   1.6453663e-01  -5.4192504e-02  -3.9305017e-03  -2.0999572e-01   1.2791259e-01
  -1.2030440e-01  -5.7190709e-02  -1.6051796e-01  -1.0297919e-01   3.2427628e-02  -2.1984741e-01  -1.1850194e-01   1.0466186e-01  -2.8831635e-03   1.6404096e-01  -2.3360433e-01  -9.6709931e-02   2.8188766e-01   1.9831844e-01  -1.6624951e-01   9.4006160e-02  -1.5722607e-01   5.0849444e-02  -7.6242363e-02  -3.9404734e-02   6.8185865e-02  -5.2566498e-02   9.7559897e-02  -3.1529532e-02  -1.6627689e-01   5.5179092e-02   9.7423215e-02   1.4367400e-01   9.6240388e-02  -5.2052226e-03   1.2859368e-01   2.0605604e-01   5.1476144e-02   6.6421842e-02  -9.0034854e-03  -1.0445149e-02   2.3037915e-01  -1.9916305e-01  -2.9650131e-02   1.8441270e-01  -2.3118663e-01   6.8251732e-02   3.1489500e-01   2.3120923e-01  -1.6339071e-01  -2.7233398e-02   1.9744860e-01  -1.3243393e-01  -1.1884557e-01
  -1.2393350e-01  -1.1778373e-01  -1.8085303e-01   2.7176111e-02   1.9261649e-01   8.7229934e-02  -2.2334573e-01   1.2430094e-01  -2.3175489e-01   9.2431726e-03   1.7549828e-01   9.8109511e-02   7.1749775e-02  -9.7594923e-02  -6.5598499e-02  -1.1605408e-01   2.3554001e-01   2.2447993e-02  -4.9767417e-02   1.2903272e-01  -4.7551489e-02  -2.3450914e-01  -4.9810008e-03   1.6852592e-01  -1.1453759e-01  -3.2316692e-02   1.9893458e-01   2.0711571e-01  -1.7484912e-02   2.0765059e-01   1.1055145e-01   3.0415666e-01  -1.3320953e-01   7.8509989e-02   7.4403677e-02  -1.1752561e-01   1.6928221e-01   3.5781420e-02  -2.4558453e-01  -1.9587165e-02   5.8778319e-02   5.6852230e-02  -2.4912994e-01  -1.2058562e-01   8.0782038e-02   1.4174339e-01   2.0217475e-02   1.2728491e-01   1.8606050e-01
  -1.5395883e-01  -1.4378170e-02   1.5559241e-01  -9.8679348e-02  -2.3061740e-01   6.3059737e-02  -2.0780389e-01  -3.0612722e-01  -2.9544927e-02   2.3507138e-02   3.7563673e-02   2.2996539e-01   1.1065069e-01   9.4984521e-02   2.8939331e-01   2.0101279e-03  -5.7187805e-02   9.1752812e-02  -3.1283077e-01  -6.3015672e-03  -4.4889550e-02   2.8910621e-02   9.6615388e-02  -6.1785465e-02   1.5788324e-01   1.9443962e-01  -6.6954542e-02   4.6133518e-02   5.5816620e-02   2.7833886e-02   3.1464212e-02   3.3873081e-01  -5.5282298e-02  -1.5921123e-01  -3.3360747e-02  -5.1797206e-02  -6.5276012e-03   4.5337568e-02   6.1204683e-02  -6.3427614e-02   2.0171894e-01   4.3494667e-03  -1.4327235e-01   3.1225834e-01   7.8041714e-02  -2.4695713e-01  -2.4762944e-02  -4.1430476e-05  -6.5483704e-02
  -1.5337969e-01  -2.3880139e-01   1.0861920e-01  -1.8364471e-01  -3.2731397e-01   5.3220304e-02   1.4194263e-01  -1.0727843e-01  -1.0627486e-03  -2.9156081e-02  -8.6042452e-02  -1.0136813e-01   1.1208980e-01  -1.5589372e-01   2.2283259e-01  -7.2571769e-02   2.1992675e-01   2.1935603e-01  -5.8130623e-02  -1.7430047e-01   2.1001238e-02   1.2151479e-01   5.3356634e-02   5.6058842e-02  -1.6577018e-01  -1.4704978e-02  -6.2883479e-02   6.3438237e-02   8.1142300e-02   2.0462148e-01   1.9720201e-02  -1.0397850e-01  -3.5444165e-02   1.0717846e-01  -6.8459681e-02   1.9631364e-01   7.8686994e-02   5.3395487e-02  -1.3481804e-01   2.8757034e-01   1.4023309e-01  -1.3443017e-01   1.6091740e-01  -1.8716402e-01  -9.3481160e-02   2.5201416e-01  -1.0871965e-02   1.6567764e-01  -1.0416460e-01
  -1.3899126e-01   2.7047033e-01   1.0755745e-01   6.2807677e-02   1.0852256e-01  -1.8307483e-01  -1.4047728e-02   4.1206120e-02  -2.2791200e-02   3.0464886e-01  -6.8270625e-02   1.5655979e-01  -5.0410354e-02  -6.9470929e-02   1.9683501e-01   7.5978006e-02   6.3392590e-02   1.3728190e-01  -3.8127876e-02  -9.4093417e-02   2.5153317e-01  -1.0589971e-01  -7.9457664e-02  -9.2216957e-02  -1.1601267e-01  -2.2792980e-01  -1.2301290e-01   1.3970678e-01  -4.2409552e-02   5.5947850e-02  -2.0787931e-01  -1.0192097e-02   1.0654285e-01   1.8374064e-01  -1.5344411e-01  -1.3525547e-01   9.3515571e-02   1.0765840e-01   2.3215229e-01  -1.6364194e-01   4.9194522e-02   1.6939558e-02   2.0759813e-01   5.8116015e-02   3.9420054e-02   1.4566404e-02  -8.3703254e-03   2.8720362e-01   2.7963217e-01
  -1.2728265e-01  -1.7289370e-02  -1.2584110e-01  -4.7686247e-02   1.7946798e-01  -5.8578510e-02  -9.1538848e-02  -1.6470738e-01  -4.5611656e-02   1.4806964e-01  -7.1362082e-04   2.8735227e-02   1.3335084e-01  -1.5387984e-01  -3.0981881e-01  -1.5263733e-03   1.0684793e-01  -3.0702621e-02   3.4890518e-01  -2.0833544e-01   2.3335044e-01  -2.3426908e-02   8.2579167e-02   1.4138816e-01  -1.1773855e-01   2.1785526e-01  -9.2980372e-02  -4.5541189e-02   1.0126904e-01  -1.2359861e-01  -6.0386890e-02  -3.1552782e-02  -9.0165159e-02  -4.6988879e-02   1.7675706e-02   5.3995847e-02  -1.3295307e-01   3.3748556e-01   7.5464689e-02   1.8305530e-01   1.8538280e-01   4.7033413e-02  -1.0701933e-02   1.8415307e-01   2.0302232e-01  -5.5838197e-02  -2.1825086e-01  -1.3338869e-02  -1.5276714e-01
  -1.5135375e-01  -1.3056713e-01  -1.8008548e-01   2.2607067e-01  -1.7373293e-01  -1.5040855e-01  -9.5275040e-02  -1.4070115e-01  -7.1951104e-02  -1.1049211e-01  -8.2257436e-02   7.9199598e-02  -6.7256249e-02  -1.2648388e-01   3.2342945e-02   1.6222998e-01   5.6248425e-02  -4.0031141e-02   1.3468401e-01   2.5142154e-01   1.2240882e-01   2.7948995e-02   1.7416378e-01  -2.3429388e-01  -7.1800186e-03  -3.1190508e-01   2.1987497e-01  -1.6210042e-01  -1.9917732e-01   1.0477108e-01  -1.3954495e-01  -1.2865424e-02  -2.7792037e-01  -1.7343402e-01  -7.2334718e-03   6.4891673e-02   1.2761586e-01  -1.8290772e-01   1.0836965e-01   1.3788498e-01   5.1414069e-02   6.5566057e-03   1.2832825e-01  -5.8662306e-02   2.0399795e-01  -1.2128995e-01  -8.9898504e-02  -8.7581156e-02  -2.0137168e-02
  -1.3133810e-01   2.5472111e-03  -1.8792325e-01   2.9142998e-01   6.1733075e-02  -4.9445211e-02  -1.0754966e-01  -1.9825009e-01  -1.0588769e-01  -2.5323804e-02  -2.4022285e-01  -1.3786041e-01   6.3834906e-04   7.5753184e-02   9.6464721e-02  -6.5877194e-02  -1.0886571e-01   8.7057014e-02  -1.0120328e-01   2.6313822e-02  -1.7301874e-01   9.8108930e-02  -1.1017628e-01  -1.3850234e-01  -1.1151669e-01   2.3204165e-01   1.8202554e-01   1.2108126e-01  -1.7869536e-01   9.2679446e-02   1.5232522e-01  -2.4950626e-01   1.8028973e-01  -4.5000657e-02   4.2218461e-02   3.6743880e-03   1.2011253e-01   3.4679537e-01  -6.2858268e-02  -2.9941619e-01  -3.1483666e-02  -7.4830124e-02   7.8823881e-02  -1.8126658e-02   2.1429423e-02   1.1157387e-01  -2.3467849e-01  -6.2477567e-02  -8.0521909e-02
  -1.3012062e-01  -2.2109905e-01   2.0732454e-01   1.8063096e-01  -1.0404375e-02   2.3262461e-01  -1.0719810e-01   1.6812828e-01  -7.7406998e-02  -3.3650589e-02   1.0806085e-01   1.7747535e-01   1.0823605e-01  -6.2940585e-02  -1.7713532e-01   3.1493422e-01   1.9358893e-01   1.4927803e-02  -1.7858000e-01   1.4759079e-01  -3.7230720e-02   5.0293302e-02  -5.7818933e-02  -1.2658257e-01  -1.4989661e-01   2.3074733e-01  -1.5015061e-01  -6.6649098e-02   1.3900473e-01   2.4798162e-02  -9.1662584e-02  -3.3205238e-01   2.7301634e-02  -1.0431531e-01   9.6635359e-02  -1.5523504e-01  -5.5281953e-02  -3.5272324e-02  -7.1867850e-03   2.5856714e-02   3.2504825e-02   8.6760661e-02   1.7143196e-01   1.4564131e-01  -6.7810733e-02   8.2036464e-02   8.2135313e-02  -1.5853502e-01   2.4418470e-01
  -1.5371084e-01  -2.5642714e-01  -1.9988081e-01   6.1314799e-02  -1.0826485e-01   2.2104039e-02  -1.3953822e-02  -2.0480842e-01   2.5150416e-02  -2.4201322e-02   1.2640745e-01  -2.3470379e-01  -7.2545373e-03  -3.9042319e-02  -3.5236550e-02  -5.6455768e-02  -5.1906634e-03   3.2938917e-02   7.4724248e-02  -1.0262406e-01  -8.2172777e-02  -3.4432316e-01  -4.0112046e-02  -1.7599170e-01   1.0905898e-01  -1.3491147e-02  -2.9122698e-01  -4.3120760e-02   9.2039304e-02  -5.2981455e-02   2.0238796e-01  -1.3112011e-01   2.4345621e-01   1.0064831e-01   8.5905617e-02  -1.3465994e-01   1.3330292e-01  -2.8339369e-01   2.3804780e-01   4.1769306e-02  -7.0560200e-02   1.5342993e-01  -1.5269640e-01   1.4730566e-02   1.2283874e-02  -7.1794419e-02  -1.6333195e-01   2.2626835e-01   6.5774799e-02
  -1.6389789e-01   2.6576386e-02  -1.4002203e-01   2.4645984e-02  -1.5517945e-01   6.4939803e-02   6.9284283e-02   6.3304118e-02  -3.5926769e-02  -1.9426180e-01   4.8024961e-02   8.3394023e-03  -4.2845712e-02  -2.8201605e-02   1.3762285e-01  -2.3899723e-01   2.1908203e-02  -9.6911476e-02   3.1279245e-02   1.6411925e-01   1.5254877e-01   4.2346380e-02  -1.0935401e-01   2.9586266e-01  -1.7752510e-01  -1.2269603e-01  -1.4922053e-01  -2.8182521e-01  -1.5962595e-01  -1.6117689e-01  -9.9098017e-02   1.1176636e-01   3.9955925e-02   1.1170986e-01   1.9355666e-01  -1.1145428e-02   9.8112955e-02   1.5562601e-02  -1.2925946e-01  -1.2797791e-01   2.5436897e-02   9.3313743e-02   1.2641640e-01   3.8007523e-01  -3.2420786e-01   4.0142687e-02  -1.9394069e-01  -4.3535246e-02  -1.3881590e-04
  -1.3945509e-01   2.5667664e-03  -2.9716652e-01   9.2659701e-02  -1.3074533e-01   6.9261616e-02   1.4477040e-01  -7.0980840e-02  -5.4392064e-02   8.7362946e-02   5.9468660e-02  -2.5286566e-01  -5.4891953e-02  -1.5388266e-01   2.4128679e-02   2.9376735e-02  -5.1267542e-02  -1.9870632e-01  -6.4004946e-02  -7.3625242e-02  -5.4346132e-02   5.1051620e-02   5.6012388e-02   1.5902347e-01  -9.8639362e-02   8.9637156e-02  -1.1209115e-01   7.7365701e-02   1.2326821e-01   1.9585442e-01  -2.3563684e-01   2.1380495e-01   1.2375797e-02  -2.2655612e-01   7.6557427e-02   1.6332364e-01  -6.7615867e-02   1.5712495e-01   3.3566739e-01  -1.1946888e-01  -9.5565128e-02  -9.3070583e-04  -1.8491242e-02  -1.4270516e-01  -1.1655984e-01  -4.2628894e-02   3.1743084e-01  -1.5080326e-01   2.0944274e-01
  -1.4986632e-01   9.1824956e-03   3.5674021e-03   2.8058497e-02  -6.4511826e-02   3.3170675e-01  -1.1621867e-01   6.5773279e-03   8.9762513e-02   2.0320703e-01   2.5275541e-02   1.2610003e-01  -1.8110048e-01   1.6208385e-01  -1.0325895e-01  -1.0649959e-01  -2.2055145e-01  -2.0837854e-01   9.3760650e-02   2.5430811e-02  -1.1628199e-01   3.1738717e-02  -9.0378280e-02   7.1726817e-02   6.9485610e-02  -9.3044852e-02  -1.1282546e-01  -1.4531641e-01   2.0613881e-01   1.3548545e-01   1.4226333e-02   1.1759594e-01   4.1695404e-02   6.4359055e-02  -1.1130066e-01  -2.0924430e-02   1.9049337e-01  -4.6308483e-02   3.7899639e-02   2.7579244e-02  -2.8147128e-02  -3.3613591e-01   1.9594101e-01   3.5062058e-02   3.4394386e-01   3.1847946e-01  -9.0838022e-02  -9.3050577e-02  -3.1941546e-02
  -1.5106657e-01   2.5607522e-01  -1.0089706e-01   1.7915614e-02   2.5871623e-01  -1.5222885e-03   1.6359258e-01   4.1228005e-02   2.8905287e-02  -2.0662342e-01  -1.5895641e-01   9.9308553e-02  -1.3590236e-01  -9.6781737e-02   2.0949352e-02   4.3552025e-02   7.1164938e-02  -4.8793783e-02  -1.3478015e-01  -3.4252951e-02  -1.1723124e-01   1.3716034e-01  -1.2834338e-01  -6.6569484e-02  -1.1613983e-01  -1.5612101e-01  -3.2563131e-01   1.3689168e-01   1.2223723e-01   9.2742229e-02   3.1568370e-01  -2.7066046e-02  -2.3241742e-01  -1.0755407e-01   2.9506953e-01  -9.3873775e-02   3.6656082e-02   1.4432077e-02  -7.6883412e-03   1.9947446e-01  -3.8169471e-02  -2.2308395e-01   5.5709104e-04   5.5386827e-02   3.2098893e-02  -2.3431550e-01   2.5054203e-02   8.5069252e-02  -9.5427788e-02
  -1.4131898e-01   1.8022906e-01   1.8766725e-01  -8.5055701e-02  -1.5350979e-01  -8.8324954e-03  -2.6823208e-01  -4.8823927e-02  -3.1691716e-02  -4.5642396e-02   1.0774041e-01  -1.3047702e-01   1.7616725e-01   9.1540630e-02   6.6890552e-02  -5.5685171e-02   7.9534889e-02  -2.9501536e-01   2.3579765e-01   2.0011250e-01  -5.6254592e-02   3.4738955e-02   1.4622764e-02   4.7903661e-02  -1.0623201e-01   2.9491205e-02  -1.8365838e-01   2.7131031e-01  -4.2134914e-02  -2.1863754e-01  -4.6476910e-03  -7.6739853e-02  -8.3337190e-02  -1.4055692e-01  -2.7274283e-01  -1.8379932e-01   1.2108925e-01   4.9975564e-02  -2.8430859e-02   6.4797652e-02  -1.6040284e-01  -1.0898453e-01   2.6008031e-02  -2.8765127e-01  -1.7628453e-01  -1.6353100e-01  -1.3648135e-01  -2.9863177e-02   4.6218547e-02
  -1.5390269e-01   1.6805221e-02   1.7463290e-02  -3.0993623e-01   1.3830511e-01   2.7732622e-02  -2.2680482e-01  -3.7843695e-02  -2.4600431e-01  -6.7941880e-02   6.4137432e-02   6.1558554e-02  -5.3865961e-02  -1.3228732e-01  -2.0821418e-01  -2.5447847e-01   1.0266223e-02   2.0728637e-01  -8.6488261e-02  -9.3494018e-03   9.5800042e-02   9.9854127e-04  -5.5224364e-02  -8.6706100e-02   1.0367663e-01  -5.5960999e-02  -1.6999085e-01  -1.6069027e-01  -2.1403879e-01  -6.3500955e-02   2.7570429e-01  -4.8303742e-02  -9.9789212e-02  -9.7461068e-02  -1.3010580e-01   1.7077226e-01  -5.6822699e-02  -5.7984839e-02   2.0351443e-01  -2.5880332e-01   4.5832660e-02   1.9931610e-02   2.0448370e-01  -1.6610583e-01  -7.9185783e-02   8.5969632e-02   2.2050874e-01  -1.4081926e-01  -6.0121573e-02
  -1.4329463e-01   6.6212550e-02   1.6331544e-01   9.3860182e-02  -1.0883723e-02   1.0141055e-01  -6.8080483e-02  -2.7131033e-03  -1.6139270e-01  -3.2614520e-02  -3.3366489e-01   1.0693010e-02   1.7038847e-01  -7.6888812e-02   1.4709784e-01   1.6100346e-02   1.2855332e-01  -4.1487030e-02   1.4894861e-01  -1.0931611e-01   1.0844168e-02   6.8270177e-03  -3.3825990e-02   1.6008431e-01   1.9066699e-01   1.4720661e-01   2.3903054e-01  -3.2360107e-01  -2.5440319e-02  -6.0711570e-02   1.6141157e-01   1.4452882e-01   3.0950671e-02  -5.1768178e-02   1.5544825e-01  -1.1412674e-01  -2.6708926e-01  -6.8584430e-02   1.1405945e-01   6.5928474e-02  -3.5796737e-01  -1.0525225e-01   8.4962781e-02  -7.0752146e-02   2.3175108e-02   3.7279037e-02   2.1655259e-02   2.4733296e-01   1.7161091e-01
  -1.3712213e-01  -9.0134676e-02  -4.0522842e-02  -1.5868097e-01   8.4012507e-03  -1.6922938e-02  -2.4781245e-02  -1.3714228e-01   2.8898299e-01  -1.9353292e-02   2.1083382e-03   2.1851821e-01   1.3336054e-02  -1.2826938e-01  -9.5910818e-02   7.4918012e-02  -1.7795218e-01   7.8265677e-02  -1.1299647e-01  -2.4930348e-01  -1.3230180e-01  -3.6696922e-01  -8.1213963e-02   1.3044583e-02  -5.4596590e-02  -4.7672396e-02   9.3409199e-02  -1.2140616e-01   9.6460618e-03   2.7962244e-02  -2.9866570e-01  -1.4123405e-02  -2.0597232e-01  -3.8760639e-02   9.5578731e-02  -2.6659509e-01  -7.4875531e-02   6.1741457e-02  -1.4332544e-01  -1.5404112e-01  -1.6333946e-01  -1.1462670e-01   9.1331193e-02  -2.3502109e-01  -2.2218706e-01  -6.3233279e-02  -1.2545832e-01  -6.5706755e-02  -1.3455242e-01
  -1.4430102e-01   3.7654194e-02   9.2214809e-02  -1.5674430e-01   2.7813146e-01   1.2435770e-01   2.3593418e-01  -1.7024881e-01  -8.8223285e-02  -5.0932931e-02   5.1509755e-03  -1.2555313e-01   2.6397007e-02   1.8802260e-01   4.2835611e-02   1.7617411e-01   1.9983224e-01  -1.3691545e-01   1.3206585e-01   7.8638404e-02   8.3663366e-02  -6.9370380e-02   1.4503465e-01  -1.0924919e-01  -8.1950970e-02  -1.9050925e-01   8.0736415e-02  -6.4372757e-02   2.1890718e-01   2.8387517e-01   6.4117246e-02   1.1327299e-01   2.4781789e-01  -2.1514825e-01  -1.3346434e-01  -6.5016866e-02  -1.8323025e-01  -1.1006622e-01  -1.1886502e-01  -2.5308639e-01   1.0513847e-01   8.0538073e-02   7.7180073e-02   1.1808689e-02  -1.3201054e-01   3.1821749e-02  -1.4133841e-01  -2.9799004e-02  -1.7137160e-01
  -1.3951981e-01  -6.0720769e-02   3.2122485e-02   8.2127363e-02  -4.0980459e-02   4.7569520e-02  -1.1094478e-01   1.2177335e-01   1.6105090e-01  -3.3641373e-02  -2.9474087e-01  -8.9913749e-02  -1.1357666e-01   3.2998764e-01  -7.8578807e-02  -5.9064686e-02   1.9068154e-01   2.2728354e-01   1.2310667e-01   7.8025118e-02  -7.1363988e-02  -1.3870633e-01   1.9813336e-01   6.9718638e-03  -8.8529350e-02  -2.7395330e-02  -1.0311414e-01   9.7342244e-02   1.1301096e-01  -3.1563183e-01  -2.0614601e-01  -4.3892153e-03  -1.2060451e-01  -1.6880178e-01   1.8117799e-01   1.7539942e-01  -1.9155063e-02  -6.8684144e-02  -1.7781370e-02  -2.7947842e-01   1.0789254e-01  -1.3730338e-01  -1.0663923e-01   7.4634681e-03   5.5827033e-02   8.7538227e-02   1.7984446e-01   2.2025151e-01  -6.5665417e-02
