  -1.5897969e-01  -1.4416089e-01  -1.0572876e-01  -1.0183116e-02  -1.6904598e-01  -6.2356570e-02  -1.8837334e-01  -1.8113516e-01  -1.7488131e-01   7.6454013e-02  -5.7020004e-02   8.7832512e-02   1.9470200e-01   5.9754982e-02  -9.0808991e-04   3.3571170e-02  -2.5624272e-01  -1.2012733e-01   1.1379334e-02   2.5275047e-01  -9.2104217e-02   5.2533138e-02  -1.7070364e-01   9.3635711e-02  -2.3549430e-01  -2.1915795e-01   1.4103491e-01   5.3675821e-02   1.4983609e-01   9.3795874e-02   2.2722328e-02  -1.0835548e-01  -1.9973261e-01  -3.3804945e-02  -5.5986273e-02  -3.3394822e-03   1.5902453e-01   5.0844397e-02  -1.7805159e-01   1.5464612e-01  -3.2662957e-01   1.1645084e-01  -8.7989352e-02   7.9255776e-02   1.5614390e-01  -3.0002344e-01  -9.8026452e-02  -2.2781328e-02  -4.9122032e-02
  -1.6416685e-01  -3.4003303e-02  -2.0988909e-01  -1.9781500e-02  -4.6902934e-02  -6.5635654e-02   1.7515134e-02   2.4695942e-01  -2.8626297e-01   9.3513198e-03  -9.8332763e-02  -1.8225884e-01  -1.7363365e-01   8.9266422e-02   3.7324688e-02  -9.0032274e-02   2.6328971e-02  -1.2238452e-01   1.9217341e-01   1.8762871e-01   1.2296565e-01   6.1500174e-02   1.2835352e-01  -4.6971566e-02  -1.6106273e-01   2.1538368e-01  -4.5376492e-02   2.5356053e-02  -9.2005514e-02  -6.1221425e-02  -1.2529594e-01  -2.3804634e-02   8.1076231e-02  -3.7665606e-02  -1.7108025e-01  -9.5791608e-03  -2.3624312e-01   1.7589844e-01  -2.2448473e-01  -1.2713982e-01  -8.5758378e-02   1.9263634e-01   3.6949700e-01   8.1924844e-03  -8.0147395e-02   2.8613657e-03  -5.1179720e-02  -6.2923941e-02   2.7106184e-01
  -1.3667266e-01   3.7713603e-02  -1.1968489e-01   1.0672848e-01  -1.1354536e-01  -1.1489955e-01   3.0418826e-01  -7.9466230e-02   9.9663372e-02  -4.8464679e-02   2.5560903e-01  -1.2527132e-01   4.0125728e-01   1.6175300e-01   5.2583101e-02   2.2597299e-01  -8.0331246e-02   2.4461877e-01   5.1635359e-02  -6.6491729e-02  -1.9751436e-01  -1.8164516e-02  -2.2810138e-02  -1.6193323e-01   2.0723548e-01  -2.8524308e-02  -1.4517204e-01   7.9102511e-02  -1.7972221e-02  -1.2180535e-01   1.5208638e-02  -7.9173917e-02   1.7042888e-01   1.3757860e-01  -3.0266203e-01  -1.0218425e-01   1.0707042e-01   2.4191797e-02   7.4610299e-03  -5.5805527e-02  -7.0163762e-02  -6.4661857e-02   2.2978921e-01   1.0147468e-01  -5.3223376e-02  -1.3573221e-01  -4.2824389e-03  -5.8545748e-02   2.3916977e-02
  -1.6436855e-01  -2.8861707e-02   2.5091655e-01  -8.2925992e-02  -6.2119906e-02   1.0945688e-01   1.4785547e-02   1.0901072e-01   9.5544644e-02  -7.3383258e-02  -4.9306896e-02  -3.4611488e-01   1.7766719e-01  -1.4342330e-01  -2.4445130e-01  -1.0997622e-01  -1.7243300e-01  -3.4683496e-02   2.0842234e-01   1.4103572e-01   1.4847688e-01   5.2772514e-02  -1.9355016e-02  -9.4736323e-02  -2.1749775e-02   1.9513600e-01   4.5423647e-03   1.0214408e-01  -3.2418314e-02   9.0325284e-02   3.9381598e-01  -1.1591209e-02   1.2971459e-03  -4.1800455e-02   9.4654436e-02   2.7388286e-01   5.2202142e-02  -1.8303416e-01  -1.1267827e-02   4.7840589e-02   7.3398035e-02  -2.3015002e-01   1.6841726e-01  -1.0557126e-01   1.2587251e-01  -1.1236247e-01   4.0963206e-03  -1.1246915e-01  -9.1618816e-02
  -1.5144894e-01   4.1225319e-03  -2.4361418e-01   1.3123013e-02   1.1391023e-01   1.5491251e-01  -6.7533613e-02   9.3419368e-02   1.2910617e-01  -2.5853406e-01   5.1856861e-03   1.4239508e-01  -2.4174598e-01   1.0047785e-01   6.1157125e-02  -6.8410986e-02  -4.5139721e-02  -2.7070088e-01  -2.3729246e-01   1.3055243e-01  -1.3471190e-01   1.4546648e-01   8.9075753e-03  -3.5804676e-01   2.4215648e-01  -4.9472618e-02   1.2593174e-01  -2.5693833e-02   9.5694196e-02  -6.9188045e-02   2.9322882e-01   2.2897602e-01   1.2629669e-02   1.9973573e-01  -1.2374282e-01   8.0339592e-02   5.0853174e-02   4.9112392e-02  -1.6581289e-03  -3.0244298e-05   1.7625520e-02   2.5202909e-02   7.3984616e-02   1.1270533e-02   8.8909287e-02  -2.6891602e-02  -1.5570527e-01   1.5643735e-01  -9.7809049e-02
  -1.2744731e-01   6.0227994e-02  -1.4377318e-01  -1.6161700e-01   2.6712542e-01  -1.6288484e-01  -2.0332683e-01  -6.2292491e-02   1.0412328e-01  -2.5601388e-02   1.4337299e-01  -1.8140049e-01  -4.9201903e-02   3.8514508e-03   1.0981724e-01   1.2729955e-01  -8.5658195e-02   2.3529004e-01   1.7763361e-01   2.1979585e-01  -5.9245599e-02  -1.8509446e-01   1.1287415e-01   3.7748369e-02  -8.6051149e-02   1.7973942e-01   1.2352302e-01  -6.1240990e-02   2.5278287e-01   2.4796136e-01   8.2008923e-02   1.2062686e-01   4.2297909e-02  -4.8292702e-04   5.7172902e-02  -1.5811931e-01   5.4705810e-02   1.2024031e-01   5.0152549e-02  -2.5739718e-01   1.8035572e-01  -1.0893493e-01  -2.4672259e-01  -3.7194678e-03  -8.3845043e-02  -1.2143676e-01  -1.2475109e-01   1.0559867e-01   1.5697527e-01
  -1.5913513e-01   3.1536496e-01  -4.5683195e-02  -2.2177376e-02   8.7675288e-02  -4.1023480e-02   3.0714220e-02   5.9793986e-02   9.0577299e-02   3.0479900e-01  -8.5597034e-03   1.0747620e-01   9.3523715e-02  -5.3976475e-02   2.4071250e-01  -8.7214831e-02   1.4315396e-01   1.0032540e-01  -1.1267681e-01   1.4227932e-01  -1.1832314e-01  -2.1333122e-01   7.7119803e-02   1.2020200e-02   1.2231398e-01  -3.6004244e-02   2.7707695e-01  -1.0330104e-01  -2.0742967e-01  -9.4179436e-02   1.4279942e-01  -1.9537698e-01  -8.6387177e-03  -7.9363010e-02   6.8845290e-02   2.2559512e-01   3.3091945e-02   4.6627148e-03  -9.6613037e-02  -6.7976765e-02  -1.4828708e-01  -2.6183146e-02   2.5540620e-02  -1.0225844e-01   3.5365255e-01   1.1349317e-01   1.3836088e-01  -4.3954364e-02   2.3593393e-01
  -1.4760157e-01   2.3154715e-01  -1.2892119e-01  -2.0504078e-01   2.0121906e-03   1.8882014e-01  -5.5323738e-02  -1.7924147e-01  -2.7896435e-01  -9.5049597e-02   1.1709040e-02   6.9074617e-02  -4.2574521e-02  -1.6776091e-01  -1.3178880e-01  -8.2382786e-02  -9.0563012e-02  -4.4154142e-02   1.5172024e-02  -1.9290389e-01  -1.2751073e-01  -2.4585520e-01   8.8337572e-02   7.0912145e-02  -1.4740174e-01   5.4916120e-03  -6.8016139e-02   1.2813622e-01  -1.3211056e-01  -2.4115332e-01   4.8285771e-02   9.6979569e-02  -2.4279006e-01  -6.0161325e-03  -1.5126540e-01  -2.1225957e-01   1.2858308e-01   2.0688645e-01  -9.4531318e-02  -4.6582094e-02   2.1518196e-01  -2.6695688e-01   8.8647608e-02   1.0185179e-02   8.6745147e-02   2.3960972e-02   1.6754120e-01  -4.8570001e-02  -1.4325010e-01
  -1.4195751e-01   1.0940726e-01  -4.6082006e-02   2.0483071e-02  -9.0602201e-02  -2.5593312e-02   2.9886476e-01   3.2798630e-01   1.9739403e-01  -8.4038828e-02  -1.7263972e-01   1.9660561e-01   2.7606322e-02  -4.1357767e-02  -4.2126043e-02   1.1153877e-01  -1.2256861e-01   9.4874097e-02  -9.5660535e-03  -6.1827859e-02  -7.7497698e-02   4.0371501e-02  -2.7097061e-02  -6.1619765e-02  -2.9581287e-01   2.4270108e-01   1.6101538e-01   2.1254649e-01  -2.5044298e-02  -1.7231173e-01   1.4132726e-01  -1.2824611e-01  -1.1907606e-01  -1.4852322e-01   5.4775392e-02  -1.7224005e-01  -9.6163308e-02  -4.3778466e-02   1.0741912e-01  -3.8070948e-02   7.2338616e-02   2.4628734e-01  -2.6168603e-01   2.2470755e-01   1.0031094e-02   4.6591605e-02  -1.2090996e-01  -4.1280874e-02  -8.6786445e-02
  -1.3366776e-01  -1.4808757e-01   2.2320646e-01  -1.7699383e-01  -4.9854766e-03   6.5231030e-02  -8.1690455e-02  -9.2612930e-02   2.8828583e-01  -8.1543205e-02  -4.6424163e-02  -4.1217098e-02   8.7812600e-02  -7.2989972e-02  -4.2528450e-02  -1.2542845e-01  -3.1066243e-01  -1.2012080e-01  -7.4136880e-02  -1.5328761e-01  -6.5855488e-02  -1.9293330e-01  -1.7807020e-02  -1.2860168e-01   1.2508242e-02  -1.9101570e-01   1.1229735e-01   1.6448386e-01  -1.1260068e-01   1.9242405e-02  -1.2335792e-01  -9.2238461e-02   8.9898866e-02   1.3984055e-01   1.4559874e-01  -7.2980602e-02  -1.9323288e-01   2.2220305e-01  -1.1095573e-01  -2.3452917e-01  -2.4946391e-01  -1.3510127e-02   4.8303227e-03  -7.5656376e-02  -2.2168553e-01   2.5684236e-01  -1.2624817e-01  -3.0888678e-02   1.2467020e-01
  -1.5557887e-01  -1.7877634e-01   1.2273308e-01  -1.8160644e-01   2.7079170e-02   4.6993309e-02  -6.0091879e-02  -8.3351534e-02   2.0982179e-01   8.0681379e-02   1.0720144e-01  -1.8716516e-01  -2.3610390e-01  -6.3640826e-02  -8.6300946e-02   1.9352136e-01   3.4069186e-01   1.9729577e-01   5.9495626e-02  -1.1497213e-01   7.5473756e-03   8.8938794e-03   3.9160299e-02  -2.6569251e-01  -1.5627970e-01  -9.5952509e-02   1.0862563e-01  -1.1995035e-01   4.6361088e-02   6.1771605e-02   1.9239233e-03  -1.4017675e-01  -2.0206218e-01  -3.7224581e-02  -7.4808249e-02  -2.7131651e-02   1.8973800e-01  -1.9534905e-02  -2.5500012e-01   1.2175443e-01  -1.7093612e-02   1.8861167e-01   1.8374768e-01   2.2763346e-01   7.2472801e-03   1.7346723e-01   7.6498075e-02   1.0520140e-01  -1.3340717e-01
  -1.3361637e-01  -1.9786069e-01   4.4477032e-02  -1.0798540e-01  -5.3388162e-02  -1.2040376e-01   1.9217227e-02   2.7381212e-01  -2.0252787e-01   9.8960413e-02   2.5322570e-01   2.3304767e-01   2.9033336e-01  -1.2737228e-01   1.3970035e-01  -1.0116170e-01  -9.3888225e-03  -4.4234755e-02  -1.9386503e-01   6.2769577e-03   1.9590374e-01  -1.4972821e-01   2.3626701e-01  -9.9780881e-02   5.5024779e-03   8.1553063e-02   2.1562846e-01  -5.0525450e-02   1.3830034e-01   8.8153352e-02  -8.8738300e-02   1.3695175e-01  -1.4191080e-01  -4.4692592e-02  -3.5647764e-02   9.9604990e-02  -5.3974244e-02  -6.5009945e-02   1.2773610e-01   4.9330734e-02  -4.5360757e-02  -1.7813490e-01   1.1140774e-01   1.7946116e-01  -2.7454691e-01   3.6133049e-02   1.0644590e-01   1.1041649e-01  -1.5435846e-01
  -1.3030152e-01   1.3119688e-01   1.3503542e-01   8.2850743e-02  -6.3702628e-02  -7.0939018e-03   8.1042975e-02  -1.1531934e-01  -1.6155808e-01  -1.4648344e-01   3.1182161e-01  -4.0400215e-03  -7.2811659e-02  -5.1881716e-02   2.1432880e-02  -1.5827922e-01  -1.6116114e-01   1.1689607e-01  -2.1104067e-02   3.9992355e-02   6.2959950e-02   4.2308445e-01   1.3020018e-01   8.3092852e-02  -1.6282982e-02   4.4069664e-02  -1.9614220e-02  -1.1192151e-01  -1.0977709e-01   1.1445272e-01  -1.0005228e-01   8.6114147e-02  -1.6830620e-01   1.8543751e-01   1.6459593e-01  -1.3760654e-01   1.3535113e-01  -1.7095852e-01   6.5469442e-02  -2.8322242e-01  -1.5197467e-01   4.0766115e-02   9.4259411e-03   1.7575864e-01   2.4696472e-01   2.4875222e-01  -7.9763641e-02  -4.5564443e-02   6.6253398e-02
  -1.5690151e-01   2.7125380e-01  -7.7051916e-02  -7.1744858e-02  -7.0850383e-03  -2.3697855e-02  -1.3824821e-01  -2.0959631e-03  -2.5973678e-02  -1.4685785e-01   8.9571412e-02  -6.2176243e-02   9.3023151e-02  -7.7954743e-02  -1.1693255e-03   3.3973179e-02   1.4107351e-01  -2.5656835e-02  -7.4213725e-02  -1.7232956e-01   1.3582183e-01   1.7528869e-01  -1.3402633e-01  -1.0564971e-01   3.8293284e-02  -1.8375540e-01  -1.8852318e-01  -2.1317432e-01  -2.0491632e-01   1.0954129e-01   1.3572865e-01  -1.3093970e-01  -2.4056386e-01  -2.7831565e-01  -2.0479948e-01   8.7532893e-02  -3.0960164e-01  -8.9578645e-02  -3.9067469e-02  -1.4707479e-01  -8.4563768e-02  -6.3028272e-02  -2.3792065e-01  -3.8040161e-02  -2.3373421e-01  -1.5992465e-01  -1.1928700e-01   4.9136894e-02   5.6011187e-02
  -1.4692501e-01   1.5914696e-01   1.3462474e-02   1.2930118e-01   5.8641098e-02  -2.6361859e-01  -8.8472953e-02  -4.5291593e-03  -2.5640830e-01   8.9697401e-02  -1.4029016e-01   1.0702314e-01   6.6235359e-02   1.6134648e-01  -2.5057337e-03   9.4451391e-03   3.7645573e-02  -7.5709517e-03   1.6524252e-01  -7.8721540e-02   3.5199011e-02   1.1330490e-01   1.9920988e-02  -3.5929074e-01   1.3458808e-01  -6.9793485e-02   5.8114127e-02   2.8579236e-01  -6.6608864e-02   6.2686669e-02  -1.4384991e-01  -8.8566354e-02  -3.4421630e-02  -6.2036274e-02   2.0542346e-01   2.0360555e-02   3.0681240e-01  -5.6607632e-02  -1.4492241e-01   9.0455300e-02   2.3359658e-01  -8.3038803e-02  -5.9106002e-02  -1.8329971e-01  -1.5565063e-01   1.7437533e-01  -2.6193378e-01  -6.5086559e-03  -2.1654954e-02
  -1.4167094e-01  -2.0997933e-01   4.5733193e-02  -5.2360104e-02   4.3534302e-02   1.7828245e-02  -1.7304986e-01   3.3909106e-02  -6.9671839e-02   2.5260879e-02   1.6546337e-01   9.8885413e-02   6.9527445e-02   5.5536231e-02  -1.7072375e-01   9.6272780e-02   6.9733751e-03  -9.9033366e-02   1.1300080e-01   1.1555957e-01  -5.3919797e-02   3.3546669e-02  -3.7997724e-01  -8.7042803e-02   8.9096396e-02   6.7626882e-02  -6.0347096e-02  -2.5890835e-01   1.2804696e-01  -4.7610062e-01  -1.2706277e-01  -7.3537230e-02   7.3012844e-02  -1.7060828e-01   1.7669849e-01   2.8771499e-03  -9.9383657e-02  -8.4659549e-03   4.7867196e-02  -4.0477539e-02   1.3901131e-01  -2.0815205e-01  -4.2933950e-02   2.1719890e-01   1.3720580e-01   1.4930169e-01  -5.3278545e-02  -1.3568072e-03   1.8374116e-01
  -1.3390948e-01  -1.8077038e-02   9.8766386e-02  -4.0109739e-02  -1.1709735e-01   2.5347227e-01   3.8216458e-01  -1.4302621e-01  -9.8098358e-02   1.8173043e-01   1.2003641e-01  -3.4100071e-03  -1.5396365e-01   8.8790171e-02  -1.2785385e-01  -3.6604382e-02  -3.1177343e-02  -1.8483190e-01  -1.8122509e-01   1.8697055e-01  -1.2534948e-02  -1.3151980e-01  -9.7382562e-02   7.3425745e-02   3.5123319e-01   1.5402895e-01   4.7854301e-02  -3.5661443e-02  -2.2244751e-02   3.4235526e-01  -6.3339966e-02  -2.0987491e-01  -1.7261355e-02  -1.4200855e-01  -1.0690825e-02  -1.1277887e-01  -2.6859625e-02   8.4574078e-02  -1.4873528e-01  -1.0041984e-02   2.4643512e-01   5.2550602e-02  -1.0347617e-01   1.0362051e-01  -6.8587155e-02  -7.2595802e-02  -8.5192825e-02  -4.3832791e-02  -2.0117830e-02
  -1.4349142e-01  -2.8083910e-01  -1.0977323e-01   2.3826743e-01  -4.0483672e-02  -2.3775261e-01   2.0721504e-03  -9.4901820e-02   1.9491393e-02   2.1948300e-01   8.8564864e-02   4.5717666e-03  -1.1823147e-01  -1.5266671e-01  -7.4909687e-02  -6.5904006e-02   7.6730235e-03  -1.3782535e-01  -3.2174242e-02  -1.7079702e-02  -1.4845066e-01  -1.2936550e-01   2.1593045e-01  -1.3165085e-01  -4.7199789e-02   6.2528316e-02  -3.6422388e-01   5.5852743e-02  -1.0765410e-01   8.3139651e-02   2.2344512e-01   1.4581543e-01   1.8663271e-01  -2.5086844e-01  -2.5021500e-02  -2.0023409e-01  -7.1123416e-02  -1.2942998e-01  -6.1851184e-02   5.8380596e-02  -1.9115525e-01  -8.6308912e-02  -1.9692902e-01  -3.3651473e-02   1.5235343e-01   1.6653141e-01   1.0805814e-02   3.2009624e-02  -5.1423414e-02
  -1.3404460e-01   1.8965082e-01   1.3436749e-01  -9.6467944e-02  -9.3748852e-02  -3.2950718e-02   8.5460852e-02  -7.3245291e-02   2.4380819e-01  -3.2207896e-03  -1.0904412e-01   1.5696453e-01  -4.2601688e-02  -1.7737811e-01  -2.2671978e-02  -7.9802862e-02   2.0404732e-01  -1.9128479e-01   2.5025143e-01   3.3869060e-01  -3.6705803e-01   1.9536354e-01   2.1630708e-01   1.5258030e-02  -5.9491194e-02  -1.5326824e-01  -1.5448497e-01   1.0159738e-01   9.5611386e-02   5.6865589e-02  -2.6752953e-01  -3.0344615e-02  -1.2329810e-02  -2.0707722e-02  -6.7802763e-02   1.0845422e-01  -5.9632871e-02   7.2263890e-03   2.0615117e-01   4.5420942e-02   2.8580180e-02  -1.7518875e-01   4.9435547e-02   1.2558198e-01  -1.1988649e-01  -5.2820695e-02   5.5730151e-02   4.9993994e-02   2.9155854e-02
  -1.4902741e-01   9.4842082e-02   1.1081789e-01  -2.6570600e-02  -1.3556190e-01  -9.6393720e-02  -2.3644292e-01   1.0238877e-01   1.7478192e-01   3.0214312e-02   4.3329779e-02   4.4300697e-01  -9.5656142e-02   2.3592678e-02   3.7589140e-02   6.1217662e-02   1.2799425e-01   6.6963572e-04   1.7111174e-01   2.6337171e-03   8.3695833e-02  -3.8559047e-02  -2.6919382e-01   1.3512070e-01   8.0355602e-02   1.1175953e-01  -3.0300959e-02  -6.7057517e-02  -1.5842237e-01   1.8638529e-01   2.0161662e-01   1.1274464e-01   6.8639486e-02   1.5663875e-01   8.1651500e-02  -3.5008569e-01   1.5858242e-02  -5.3512080e-02  -6.7024627e-02   5.5028006e-02  -5.7281983e-02  -2.5565046e-02   2.5516964e-01  -2.3774742e-02  -1.4075409e-01  -1.0874919e-01   6.1110362e-02  -2.4618931e-01  -1.1989698e-02
  -1.3716870e-01   3.4285576e-02   2.5317183e-01   3.0246257e-02   4.5196707e-01   5.5068387e-02   1.8172376e-01   8.5222351e-03  -1.6739598e-01  -1.7790241e-01   3.4978942e-02   9.4435553e-02  -5.0866446e-02  -9.2730580e-02  -1.0238515e-01   1.1545376e-01   4.1020319e-02  -1.1339214e-01   9.4207347e-02   9.0278896e-02   1.6968047e-01  -3.2615986e-01   1.3625690e-02  -3.2510526e-02   2.3252177e-03  -9.4346822e-02  -1.4508627e-01   7.5593797e-02  -1.6840218e-01  -1.0800947e-01  -2.0047692e-02   6.2168744e-02   3.4487349e-02   1.1691211e-01   1.7633398e-02   2.7351216e-02   1.8439225e-01  -1.7316619e-01   6.9732821e-02   8.4730852e-02  -2.0133920e-01   2.1296284e-01  -9.3751421e-02   1.2538832e-01  -5.9537184e-02  -2.3162575e-01  -5.3675913e-03   1.2253412e-01   2.1738101e-01
  -1.3955546e-01  -1.8714613e-01  -3.3220971e-02   2.2731675e-01   1.0583909e-01  -1.5536265e-02   1.1759767e-01  -1.2622972e-01  -5.0027740e-02   9.8416993e-02  -2.1387450e-01   1.5239761e-01  -1.4571773e-01  -1.5238824e-01   1.0666524e-01  -1.1628630e-01  -3.4480326e-02   2.2176658e-01   1.1535880e-01   8.5771165e-02   1.3806098e-01  -1.5500843e-01  -1.5489494e-02  -1.4238866e-01  -4.4268602e-02  -6.9931171e-02  -1.3242932e-01  -2.4211380e-01   1.0548265e-01  -6.3824633e-02  -1.0688021e-02  -2.5045954e-01  -1.3537709e-01   3.1622523e-01  -9.1111466e-02   1.1329270e-01  -1.4627505e-01   7.4255612e-03   1.0684032e-01  -1.9991433e-01   7.6493490e-02  -6.6295532e-02  -1.1132111e-02  -8.0206734e-02   7.8992706e-03  -5.0124204e-02  -1.4834535e-01  -2.6470086e-01  -2.8560993e-01
  -1.2383983e-01   9.1709626e-02   1.4242479e-01   2.8890089e-01  -9.1436110e-04  -1.3050645e-01  -1.2044427e-01  -2.3795983e-01  -9.7051767e-02  -9.6689837e-03  -3.9226205e-02  -7.8546995e-02  -7.6144647e-02   9.8037929e-02  -4.4020738e-02  -2.3561771e-01  -1.4879623e-02   3.9232761e-02  -1.1096719e-01  -1.5744571e-01  -3.5103347e-01  -6.5962821e-02  -1.8254338e-02   2.0745867e-01  -1.4500584e-01   1.7231956e-01   1.9261566e-01  -1.3264019e-01  -4.2301466e-02  -1.1281760e-01   1.4933649e-01  -3.7523993e-02   1.3869197e-01   8.9011799e-02   2.0275630e-02   1.8640564e-01  -7.8123970e-02  -2.0860461e-01  -9.9068863e-02   4.6290642e-02   8.8833442e-02   3.5673210e-02   1.0589321e-01   2.2364111e-01  -3.2642091e-01  -6.5926632e-02  -8.1093663e-02   1.7003516e-01  -1.1490294e-02
  -1.3094447e-01  -1.3406314e-01  -4.5047686e-02  -1.5037844e-02   1.6906846e-01   6.3539092e-02   8.3133117e-02  -2.6584088e-01   1.6892650e-03  -2.1166803e-01   2.2804778e-02   1.1925435e-01   2.5219630e-01   1.7564882e-01   1.7143650e-01  -2.2590621e-02   1.4718263e-01  -1.9961898e-01   4.3958363e-01  -1.5068844e-01   4.7521531e-02   4.7410589e-02   6.5584396e-02   1.5913477e-01   5.4804511e-02   1.7611869e-01   1.3553254e-01  -9.7793472e-02  -1.2745133e-01   8.4114189e-02   6.7711246e-02  -4.5266936e-02   5.8431482e-02  -1.2931742e-01   1.0822254e-02   6.6578891e-02  -9.6539303e-02   2.1464557e-01   1.0781815e-01   3.6617118e-02  -5.7129750e-02   1.4555431e-01  -9.2971504e-03  -6.1259488e-02   1.2688006e-01   1.5246938e-01  -1.3734876e-02   1.5997014e-01  -2.8030157e-01
  -1.4038989e-01   8.1088277e-03  -2.3822560e-01  -3.9755344e-02   8.0188424e-02  -8.2874503e-02  -5.5702345e-02  -3.4044428e-02   2.8061132e-01   4.0122846e-02   1.8757204e-02  -1.0285876e-01   6.6292434e-02   2.8067328e-01  -2.6235036e-01  -4.4568746e-02   8.9897661e-02  -1.9637304e-01  -1.0412336e-01   2.9672329e-02   1.9667869e-01  -9.2343834e-03   1.3327668e-01   1.7675595e-01  -4.8292599e-02   2.0684238e-01   2.4756547e-02  -4.9996199e-02  -9.2471142e-02  -7.9053520e-02  -1.5665946e-01  -4.5652224e-02  -1.4140300e-01   2.9667303e-01  -1.9530224e-01   6.1561646e-02   1.1938600e-01  -1.0182721e-01   8.9465923e-03   2.1463381e-01  -6.6170081e-02  -1.3455566e-01  -2.5805161e-01   1.4026880e-03  -8.8336213e-02   1.6397283e-01  -3.5665817e-03  -2.7364715e-01   6.2400202e-02
  -1.5823941e-01  -1.3726499e-01   8.5866245e-02  -2.0232576e-01   1.7674291e-01   1.5870720e-01  -6.9385572e-02  -2.2480880e-01  -1.6089683e-01   1.1330195e-01  -1.0480954e-01   2.1536391e-01   6.5833413e-02   9.5599743e-02  -2.2595205e-03  -4.9295209e-02   1.1323590e-01   2.4649466e-01  -2.7185773e-01   1.6829118e-02   6.0387810e-02   2.8944588e-01  -1.2820981e-01  -7.1707773e-02  -1.7729473e-01   1.5443059e-01  -1.2375653e-01   2.9993784e-01   4.5739800e-02   1.2107323e-01   1.6152592e-01  -9.4230063e-02   2.2081207e-01   5.7792563e-02  -1.8858606e-01   7.9726367e-02  -3.7813397e-02   7.4367846e-02   1.7483881e-01  -5.4599058e-03   2.2614840e-02  -1.1993689e-02  -3.9591118e-02  -1.6266828e-02  -2.1305577e-02   9.7522054e-02   1.7542412e-01   1.5177903e-02   1.9984506e-01
  -1.3314852e-01   3.2687025e-02  -7.5929198e-02  -1.2737620e-01  -1.1006142e-01   4.8412589e-02   3.4539494e-01  -4.7881009e-03   1.3918765e-01   1.6057457e-03  -2.1849632e-01   7.6922456e-02  -7.4848308e-02   3.0346930e-01   1.1415664e-01  -1.0215335e-01  -9.6113086e-02   1.0715928e-01  -2.1455834e-02   1.2951668e-02   2.5771365e-01  -5.4788551e-02  -6.8230995e-02   1.2767124e-01  -2.4660768e-01  -2.0938408e-01  -1.4615160e-01  -2.1145625e-01   2.1794938e-02  -3.6115217e-03   3.0181413e-02   1.1986582e-01   1.0531473e-01  -1.1648721e-01   7.7765192e-02  -3.1443624e-02   1.5322236e-01  -8.3820738e-02  -1.0444625e-01   2.5527599e-02  -2.3807224e-02  -3.1458450e-01   1.0120754e-01  -1.6050463e-02  -3.3746519e-02   8.3174306e-02  -1.2173701e-01   3.5161618e-01   5.2122668e-02
  -1.4955056e-01   3.9599545e-02   7.1257893e-02   1.4539321e-01  -2.8828944e-02   1.2899229e-01  -1.6714912e-01   1.0605738e-01  -1.2361447e-02  -3.2033085e-01   1.4008132e-01   2.2914979e-02   9.4602268e-02   1.7051788e-01  -7.5164014e-02  -1.6138954e-01  -1.1298926e-01   2.0318244e-01  -5.8939225e-02   2.2472178e-01  -2.7481055e-02  -1.3206933e-01   2.0024675e-01  -2.1854744e-02  -6.2427484e-02  -2.3099667e-01  -4.3858607e-02  -1.3253874e-01   6.4821835e-02   3.6713342e-02  -8.2761064e-03  -2.0569548e-01   4.3244007e-02  -9.7199624e-02  -2.4626601e-02  -2.2453328e-01  -1.5103048e-01  -7.3367513e-02   8.1363246e-02   3.4174059e-01   2.1832684e-01   1.9926621e-01   3.4438764e-02  -2.4791136e-01   2.7071651e-02   1.5405160e-01   1.3420228e-01  -1.9644717e-02   4.7594222e-02
  -1.2118126e-01   2.1692898e-01  -1.5538001e-02   6.7503995e-02   8.9111920e-02   7.5923433e-02   1.3678251e-01  -1.3493613e-01  -2.8195530e-02   3.5096976e-02  -1.9001230e-01  -5.7205205e-02   1.0965536e-01  -7.5165179e-02  -2.0999844e-01  -1.4331239e-01   7.5113200e-02   9.6690902e-02   4.2089897e-02   6.2299245e-02   1.1571227e-02   2.3671304e-04  -1.8645818e-01  -7.0193699e-02   1.1933081e-01   3.4258309e-02   1.6007955e-01  -9.6814474e-02   3.8136537e-01  -6.5334726e-02  -8.9081184e-02   3.9025396e-01   3.4953904e-02  -2.2127663e-01  -9.8133373e-02  -1.0696703e-01   1.2970567e-02  -1.1427387e-01  -5.8446469e-02  -9.9350463e-02  -2.5679913e-01   1.7308778e-01  -1.6213417e-02  -1.6147459e-01  -1.5794875e-01   1.6587873e-01   1.6406334e-01  -1.7174132e-01  -9.6989727e-02
  -1.4948365e-01  -1.9870700e-01   7.6660895e-02   2.3564384e-01  -1.6936478e-01  -1.6319283e-01   9.1073403e-02   5.9347616e-04   1.3653808e-02  -2.3140342e-03   7.7561479e-02  -1.1846125e-01  -6.2364162e-02  -2.1977666e-01   1.0860166e-02   7.8404718e-02   1.4635952e-01  -2.5985855e-03   1.1356427e-02   1.7855601e-01   1.0630891e-01   2.3158355e-02  -2.4320267e-01   2.8425014e-01   4.8552471e-02  -1.6962973e-01   2.1269945e-01   2.0615430e-01  -1.0881491e-01  -1.3067962e-01   1.2471787e-01   1.2704969e-01  -1.9693409e-01   7.9785861e-02  -2.4529417e-01  -3.0003886e-02   3.2521267e-02   1.1312428e-01   1.3620782e-01  -4.1388385e-02   1.6742181e-01   7.4819150e-03  -2.9759009e-02  -2.4720478e-01  -7.4195100e-02   1.9420446e-01  -3.6607896e-02   2.3806134e-01   1.3451509e-01
  -1.4410853e-01   9.1824768e-02   1.2873387e-01   1.4699168e-01  -6.4623917e-02   7.2475278e-02  -3.8527430e-02   2.3236640e-01  -1.7312896e-01   8.8649407e-02  -2.1745815e-02  -7.5734071e-02  -3.8290753e-02   2.8836228e-01  -2.3633432e-01   3.2472377e-01   1.0244178e-01  -1.4334939e-01  -3.0649758e-02   2.3453272e-03  -1.1396943e-01  -3.2651603e-02  -1.6958175e-02  -6.5792542e-02  -1.8686879e-01  -6.4838551e-02   1.1477761e-01  -5.9486423e-02  -4.4260434e-02   1.2651386e-01  -8.8146305e-02  -5.8595026e-02   1.3562528e-01   2.0374924e-01   2.7395304e-02  -4.0580567e-02  -8.5348013e-02  -1.6369889e-02   8.9426082e-02  -3.1979355e-01  -1.1042059e-01  -1.4616596e-01  -1.0085827e-01  -1.6992989e-01   9.0652883e-02  -3.0639473e-02   2.7759297e-01   1.9028786e-01  -2.5872557e-01
  -1.4809885e-01  -2.3160854e-01  -1.4287327e-01   2.9250431e-02  -2.5395551e-01   3.3275690e-01  -8.1822691e-02  -2.6866727e-02   6.3111178e-02  -9.5287801e-02   3.9354328e-02   3.1365367e-02  -4.1587428e-02   1.4502119e-02   1.3033451e-01  -1.4856417e-01   1.3221954e-01   2.8006996e-01   1.4675273e-01  -3.6315098e-03  -1.0904061e-02  -3.3457478e-02   8.5072536e-03  -9.5611215e-02   6.1291928e-02   5.5985698e-02   1.3771624e-01   1.7967153e-01  -2.5071630e-01  -7.0165760e-02  -3.0122310e-01   2.2401040e-01   7.1831386e-02   2.1170822e-02   6.3203267e-02   8.7713461e-02  -7.0165482e-02  -2.3942028e-01  -1.7463843e-01  -3.4076740e-02   2.9037768e-02  -4.2243383e-02  -2.6252787e-01  -3.5949083e-02   3.7043589e-02  -2.7311638e-01   8.8948915e-02   2.8467913e-02   2.0882230e-02
  -1.5382061e-01  -4.5725511e-02   9.4806547e-02   5.2093104e-03   5.9727438e-02   1.5275713e-01  -5.3775783e-02  -3.0809913e-02  -5.9082801e-03   2.3351281e-01  -7.4478629e-02  -1.5936063e-01  -1.0441141e-01   2.4379958e-01   3.3503695e-02   5.3724929e-02   2.3716654e-02   7.7528450e-02  -5.5594357e-02  -1.7858129e-01  -1.3609437e-01  -6.5724799e-02   4.7020348e-02  -1.4238620e-02   5.5185753e-02   4.8039854e-02   4.2365452e-02   5.7289363e-02  -3.2239828e-02   4.2937034e-06  -8.2658450e-02   1.6763215e-01  -3.2205753e-01  -1.3944066e-01   5.9643885e-02  -1.3216048e-01  -1.4541295e-01  -3.5370366e-02   4.8622475e-01   1.5331414e-01  -1.4709911e-01  -5.5724877e-02   2.3643703e-01  -9.9905382e-02   1.0216496e-01  -1.4556680e-01  -3.1712800e-01  -5.6908286e-02   9.4100047e-02
  -1.5016074e-01   8.3674781e-02  -2.5696063e-01  -4.9822065e-02  -3.1711116e-02  -1.7193445e-01  -5.4416824e-02  -1.8977097e-01   1.3688548e-01   1.1065856e-01   3.9505524e-03  -1.4196877e-02  -1.9840804e-01  -1.2741695e-01  -1.2601475e-02  -2.9737906e-02  -3.3933298e-01  -1.5051124e-01   7.9371868e-02  -1.8917840e-01   2.2785993e-01   2.6632426e-02  -9.1217126e-02  -8.6049179e-02   1.0753067e-01   3.3794713e-02   1.0027594e-01   6.3123325e-02   6.0142572e-02   1.1380175e-03  -1.5511227e-01  -2.3575832e-01   5.8397969e-02  -3.0851886e-02  -7.9234808e-03  -4.7483617e-02  -1.4024351e-02  -2.6509058e-01   2.5975367e-01  -5.1567005e-03   8.1781244e-02   1.2837078e-01   1.4205494e-01  -4.1268656e-02   5.0410708e-02  -1.2051701e-01   3.4871031e-01   2.3672712e-01   4.3630453e-02
  -1.3420928e-01   3.2711025e-01   1.0349221e-01   1.4737622e-01   3.5274708e-02   1.2435578e-01  -1.4019616e-01   5.8022720e-02   7.5627125e-02   8.9295136e-02   3.1375765e-01  -7.3315273e-02  -1.5303797e-01  -9.7672699e-02   1.5101727e-01  -1.5028996e-02   8.5988088e-03   1.9184387e-03  -3.3708564e-02  -3.4762480e-02   2.6386833e-01  -4.0256076e-02  -1.0071405e-01   1.0874053e-01  -1.0445100e-01  -1.4241406e-02  -9.9237493e-03   2.5707315e-01   1.7678101e-01  -7.0190747e-02  -1.6359631e-01  -3.3379766e-02   3.3767687e-01  -5.9954362e-02  -1.4295162e-01   7.7461598e-02  -7.7299615e-02   1.2636454e-01  -3.5086527e-02   1.5984241e-01  -9.4359230e-02  -7.7382296e-02  -2.0515222e-02   8.9294805e-02   1.3251006e-01   2.2409544e-02  -2.7858256e-01  -2.2712507e-02  -2.8298261e-01
  -1.2863715e-01  -1.5271053e-01  -1.7842382e-01   1.3393686e-01   2.3637193e-01   1.1307707e-01  -2.5422304e-02   2.1509839e-01   3.4962468e-02   1.1982459e-01   4.5632354e-02  -8.4956901e-02  -7.6005519e-02   1.3042867e-01  -3.5297059e-03  -1.2260017e-01  -7.8604280e-02  -1.1618590e-02   9.8270322e-02  -9.0765517e-02  -3.3397002e-02   1.0632843e-01  -2.8546559e-03   1.9536972e-01   1.4972062e-02  -4.4055742e-01   5.5053500e-02   7.9628160e-02  -1.1216408e-01   8.0441645e-02   1.0966311e-01   4.4889743e-02   9.8611273e-02  -2.2339496e-01   4.5014245e-02   9.7489795e-02   1.8577922e-01   6.8788410e-02   1.4295012e-01  -1.7215571e-01   1.1946836e-01   2.5087563e-02   1.6953430e-02   2.8267856e-01  -1.5210475e-01   1.2263686e-03   1.8000605e-01  -3.2744738e-01  -4.6379788e-02
  -1.4827390e-01   4.8521670e-03   1.3177105e-01   1.2593301e-01   1.0484592e-01   1.5489582e-01  -2.1170313e-01   6.7005030e-02   7.1992919e-02   3.1743635e-02  -2.8226112e-01  -1.4197061e-01   5.8465574e-02  -6.3845074e-02   3.9433515e-01   2.7598673e-01  -2.9208153e-01  -5.2287595e-04  -1.2788685e-01   1.8412467e-01  -5.2252537e-02   7.5667439e-02  -3.7603513e-02   7.4682591e-02   1.3181112e-01   2.2645842e-01  -2.4164024e-01  -9.7158037e-02  -1.8619380e-01  -3.5887688e-02  -1.5159137e-01   5.2202209e-02  -1.1194627e-01  -8.5954156e-02  -7.5855648e-02  -6.5060420e-05   1.4657566e-01   6.7948978e-04  -7.3080061e-02   4.8818383e-02   6.7637771e-03   2.4490428e-02  -1.3112029e-02   5.6467071e-02  -1.4070005e-01   1.5804474e-01   1.6966916e-01   7.5048590e-02  -1.6747015e-01
  -1.4911292e-01   8.8459467e-02  -6.8419765e-02  -1.3157718e-01  -2.5766636e-01  -1.6450750e-01   3.6262322e-02  -2.3122350e-01  -1.4124588e-01  -8.0740686e-02  -1.3670657e-01  -8.9225881e-02  -8.6157460e-02  -1.2000087e-01  -9.5760515e-02   3.0335967e-01  -3.3600382e-02   1.1373607e-01  -1.2916317e-01   1.0861389e-01   1.4569243e-01   1.3298076e-02   1.2586804e-01  -8.3582918e-02   3.0242328e-02  -1.1108618e-01   1.3750245e-01  -1.8566466e-01  -2.3838699e-01  -4.1009351e-02   3.2817688e-02   2.0683494e-01   2.7859567e-01   1.2797559e-02   2.1772297e-01   1.2671275e-01  -8.3464532e-02   2.4542315e-01   2.1386675e-01   2.1873737e-01   1.9579399e-02   5.9679391e-02  -6.2308505e-02   1.3524944e-01  -4.7078945e-02   1.5807214e-03  -6.7252705e-04  -1.8329799e-01  -6.1926778e-02
  -1.1885531e-01  -8.5173039e-02   1.5356632e-01  -3.1935642e-01   6.6663631e-02  -9.7013578e-02   1.3673433e-01  -1.5568191e-02  -1.7243162e-01  -5.2287847e-02  -5.2419088e-02  -1.1648930e-01  -1.0724397e-01   5.2284355e-02   3.5375442e-01   1.9994146e-01   5.8972959e-04  -1.5788960e-01   2.7810448e-02  -9.8043451e-02  -7.8185900e-02   1.0689684e-01   1.1481432e-01   1.6482159e-01   8.0492060e-02  -1.7656424e-01   1.2577996e-01   7.6331662e-02   1.9306240e-01  -1.3853334e-01   1.0901107e-01  -1.6399360e-02   8.9064953e-02   8.8350065e-02  -6.7420445e-02  -1.3821633e-01  -2.2501693e-01  -3.9361785e-01  -1.7136101e-01   7.0263388e-02   7.2250780e-02  -8.1741488e-02  -1.0375215e-01  -7.3727134e-02   4.1639282e-02   4.0411768e-02   2.4609457e-02  -2.4352510e-01  -1.8919758e-02
  -1.4232842e-01  -1.0270770e-01  -1.5506174e-01  -6.0531264e-02   7.7405074e-02  -1.0806396e-01   1.6220220e-01   1.8947022e-01  -9.0683507e-02  -3.1899316e-01   1.2808385e-01   7.6659478e-02  -2.9335427e-01  -1.2311238e-01  -5.8399188e-02   1.0045967e-01  -8.3405923e-02   1.7928155e-01  -3.7053456e-02  -1.4563419e-01  -2.8430682e-01   7.7131883e-04  -1.8292567e-01   1.6218479e-01   4.0249294e-02   1.4539139e-01  -3.7432894e-02  -7.0185759e-03   7.3738127e-02   1.6041482e-01  -1.3505974e-01  -1.3479957e-01  -2.9842079e-02  -9.0002224e-02   9.3745543e-02   2.8884610e-01   1.0084230e-01   7.4182502e-02  -1.1113798e-02   1.7913490e-01  -2.4903895e-01  -1.6283212e-01   2.5189612e-02  -2.5765250e-01  -5.5892248e-02   6.3173683e-02   5.0874765e-02  -7.8757066e-02   2.1282569e-03
  -1.3093730e-01   3.0306724e-02   1.6164615e-01   1.1890234e-01  -1.2484340e-01  -1.3835848e-01   6.4108507e-02  -7.1643484e-02   5.8091985e-02  -8.3536573e-02   9.1748268e-02  -1.4008655e-01  -1.2397559e-01   2.3281213e-01   2.1001350e-01  -1.6928158e-01   1.4259552e-01  -4.6425963e-02  -7.1392931e-02  -1.2107146e-02   1.3281668e-01   3.4129838e-02   4.9130714e-02  -6.5391529e-02   5.9718079e-02   7.3519136e-02  -1.7065437e-01   1.3028784e-01   2.2983648e-01  -2.4342678e-01   1.4231237e-01  -6.5238814e-02  -2.0880663e-01  -6.3246454e-03   3.4112343e-01  -2.5003122e-02   2.3788517e-02   3.2506635e-01  -2.3826615e-02  -6.2101682e-03  -1.1451138e-01  -8.5035702e-03  -1.3163448e-01  -1.4579816e-02  -1.1002455e-01  -2.1029700e-01   3.4051505e-01  -3.9755829e-02   5.0330271e-03
  -1.5037339e-01  -2.8334211e-02  -1.6270079e-01  -1.3464969e-01   2.5719756e-01  -1.2062477e-01   1.3891612e-01   1.3708617e-02   8.7013349e-02   8.2398217e-02   1.3233718e-01  -1.5738360e-01   2.3486402e-01  -1.4841799e-01   5.9624922e-02  -1.2588381e-01   1.5762387e-01  -1.1106924e-01  -2.7962309e-01   7.5726794e-02  -1.1337648e-01   1.0113261e-01  -2.2597791e-01   1.8450399e-02  -2.4452484e-01  -2.8977894e-02  -1.2818784e-01  -2.4080045e-02  -1.4487359e-01  -2.7245261e-03  -1.7203791e-01   1.0747376e-01   3.0361031e-02   1.1023803e-01   3.2064445e-01  -9.3957526e-02  -6.0679554e-02  -2.6468806e-02  -5.7626013e-02   2.1542724e-02   2.1345479e-01   1.7813377e-01   1.4177453e-01  -2.0368579e-01   3.2567530e-02  -1.5441098e-01  -4.2765467e-02  -7.9810972e-03  -2.1123378e-01
  -1.3259336e-01  -6.1242606e-02   2.4261675e-01  -1.5978866e-01  -1.2623850e-01  -3.1132119e-01  -1.1679285e-01  -8.1393353e-03   1.2127943e-01  -1.1882315e-01  -2.7919252e-02   1.6508545e-01  -2.8153727e-02   2.0921445e-01  -1.0268833e-01   1.6006116e-02  -3.0750560e-02   1.3875469e-02  -1.6737541e-01  -7.2015064e-02   2.3020385e-02  -1.5187661e-01   8.9391761e-02   1.3027220e-01   5.5933664e-02   9.1272418e-03  -1.7458293e-01   3.7096485e-02   4.6319978e-02  -2.3765053e-02  -1.4229794e-01   1.7810974e-01  -1.2851390e-02  -1.9593594e-01  -1.8788914e-01   3.0003638e-01   9.1028919e-02  -2.5312606e-02  -3.6620281e-02  -3.1687183e-01   2.0142799e-01   2.7232348e-01   6.6241182e-02  -7.3502649e-02   2.3896357e-01  -8.4875170e-02  -6.5429527e-02  -8.7651727e-02  -8.6527579e-02
  -1.5116517e-01   4.6709436e-02  -1.8053776e-01  -1.4096730e-02   9.2485061e-02  -2.1419637e-02  -7.0770543e-02   9.6556378e-02  -2.0033181e-02   9.3278048e-02  -1.5480435e-01   3.0272822e-02   1.0382123e-01  -5.0396316e-03  -2.6477332e-01   7.6980786e-02   9.6287801e-03   2.3218852e-01   3.2378973e-02  -1.7326960e-02   4.7201356e-02   1.4271608e-02   9.5313937e-02   2.7988051e-01   3.4889275e-01  -1.1057309e-01  -1.9217792e-01   2.1437952e-01   1.4170579e-01   4.4444362e-02   5.7704129e-02   4.2155283e-02  -1.4234549e-01   2.0517265e-01   2.2112115e-01   5.8767956e-02  -3.3700275e-01   1.0920024e-02  -1.9608216e-01   6.2622002e-02  -2.0726718e-02   5.6008506e-02   5.0300570e-02   2.1055253e-01   9.6880772e-02   7.5699016e-02   8.3588754e-04   2.5685599e-01  -8.0728451e-02
  -1.2121307e-01  -5.3255931e-02   5.7986871e-02  -2.0894535e-01  -1.1461030e-01  -1.2719672e-01  -1.0847900e-01   2.6941588e-01  -1.2923124e-01  -8.8879068e-02  -2.8700462e-01  -2.3092458e-01   5.3417005e-02  -1.1881775e-01   2.1091889e-02  -3.7141647e-01   1.9598866e-01   4.7563521e-02  -3.4299867e-02  -1.1501136e-01  -5.7390417e-02  -2.8755147e-02  -8.0424834e-02   6.1604032e-02   2.3382130e-01   1.0254034e-02  -2.1742569e-02  -1.2007179e-01  -1.5372664e-03   2.0249193e-02  -4.9228877e-02  -1.7690324e-01   2.0274860e-01   9.3419295e-02  -1.2322728e-01  -2.5454320e-01   2.5407484e-01   7.4461580e-02   1.8858428e-01   2.0927054e-02  -9.5735955e-02   2.0812011e-02  -1.5493573e-01   1.2910459e-01   1.2504969e-01  -6.5608174e-02  -8.7814527e-02   1.1289754e-01  -7.9226996e-02
  -1.6078134e-01   5.7382315e-02  -3.2875551e-02   2.4445099e-01  -1.3477325e-01   6.1556029e-02   2.8444602e-02   2.0865746e-02  -8.7320815e-03  -1.4032838e-01  -1.3686892e-01  -7.9381496e-02   1.5325125e-01  -8.8687649e-02   1.8333353e-01   5.9844878e-02   9.1285778e-02  -1.9955630e-01   1.8290930e-03  -2.8740013e-01  -1.0054286e-02  -1.8890532e-01  -1.8027590e-01  -1.0452443e-01  -1.4488140e-01  -2.1268878e-02  -8.6466066e-02  -3.9371850e-02   2.2265654e-01   3.5589568e-01  -6.6558809e-02   1.6409297e-01  -5.4740824e-02   1.5624461e-01   2.1509530e-02   1.1943051e-01  -4.9817852e-02   3.2265596e-02   8.1506941e-04   9.0151060e-02   1.9472162e-01   3.5510456e-03  -2.2545663e-02   1.9994787e-01   2.1930417e-01   1.2138653e-01   8.4863185e-02  -1.1483229e-01   3.3169657e-01
  -1.2843338e-01   3.3335450e-02  -1.7106413e-01  -1.3326101e-01  -3.1156187e-01   3.3632969e-01  -8.4473915e-02   3.1750512e-02  -7.5602894e-02   1.8022768e-01   1.3369025e-01   2.0750570e-02   6.0014955e-02  -1.0115342e-01   4.8281708e-02   1.2167979e-01   7.2634236e-02  -1.0808194e-01   6.9867887e-02  -8.0898828e-02  -5.4742954e-02  -7.2887299e-02   1.3805671e-01   1.2393499e-01  -2.2894844e-02   1.6269263e-02  -2.3242632e-01  -5.9047601e-02   1.9003491e-01  -1.2650122e-01   1.6696345e-01  -8.5025693e-02   7.4615861e-02   1.1014385e-01   1.7281103e-01   1.5025251e-01   2.4768517e-01  -1.1329425e-01   1.3821217e-01  -1.2303653e-01  -2.1464355e-02   3.0119418e-01  -3.5429354e-02  -2.0592057e-01  -2.3377767e-01   1.1416078e-01  -1.6884014e-01   2.1044759e-02   5.3860538e-02
  -1.3587211e-01  -1.3033203e-01  -2.7956359e-02   2.7783910e-01   8.1788287e-02   1.1798151e-01  -4.6530131e-02  -6.9963029e-02   1.0734347e-01  -1.7176300e-01  -1.7949172e-01   9.3725447e-02   1.0991548e-01  -2.3529504e-01  -1.0921438e-01   2.0046926e-01   1.6610923e-01  -6.5172765e-02  -2.4243755e-01  -1.1813078e-01   1.4937021e-01   1.7292782e-01   3.2088071e-01   1.6223261e-01   2.6131015e-02   4.0893042e-02   1.5409043e-01  -4.4631824e-02   1.3517542e-01  -5.9317934e-02  -7.0289410e-02  -1.7438959e-01   1.1814702e-01  -1.7394778e-01   9.6152135e-02  -1.7961042e-01   1.2820399e-01   2.7725144e-02  -1.2096332e-01  -1.3925578e-01   9.3613362e-03  -1.6999655e-01   1.6849678e-01  -8.4747035e-02   4.0431661e-02  -2.2906020e-01  -1.0027782e-01  -3.8419946e-02   1.3736716e-01
  -1.5280814e-01  -4.7707644e-03   2.2321030e-01   9.7562239e-03   7.6875482e-02   2.0857216e-02   9.5010448e-02   1.6826904e-01   4.9717509e-02   3.2295670e-01   7.2590479e-02   1.0590815e-01   3.2850234e-03  -8.5254341e-02  -9.6012558e-02  -5.1259801e-02  -2.4782158e-01   3.6988478e-02   1.5550310e-01  -2.8361946e-01  -5.2313602e-02   2.9073474e-01   1.3796687e-01  -1.3996624e-02   6.2017351e-04  -1.5399374e-02   2.1790849e-02  -2.8892893e-01   2.7515681e-02  -6.2809490e-02  -2.3618556e-02   1.7590461e-01   4.1354527e-02   1.3088436e-01  -1.4336639e-01   2.4515000e-02  -4.0932598e-04   2.7901656e-01  -1.5569562e-01   2.1075185e-01   1.2261582e-01   8.4583401e-02  -1.8751359e-01  -1.8480858e-01   2.9884158e-02  -1.9689556e-01   3.7137195e-02   7.8814594e-02   1.4520632e-01
