  -1.3012442e-01   2.9701567e-02   3.1951141e-01  -1.7134659e-01   1.1761507e-01   3.4082816e-02   1.3871701e-01   9.2647568e-02   7.0301668e-02  -6.5088872e-02  -1.2355161e-01   1.5836797e-01  -2.0498502e-01   4.7481700e-02   1.1669739e-01   1.7216590e-01   3.7269424e-02  -8.8817936e-02  -7.6581452e-02  -1.8846815e-01  -1.4596276e-01  -2.1166974e-02  -1.4300562e-01  -2.6522603e-04   2.3267989e-01  -1.8646851e-01   1.6470005e-01   1.6385334e-02   1.7682944e-01  -1.5832454e-01  -1.6106555e-01  -5.5873955e-02  -2.0176760e-02  -1.9538414e-01   8.4266970e-02  -2.3587729e-01   3.1354833e-02   3.1698006e-01  -1.2532152e-01   8.1888974e-02  -1.5816968e-01  -3.0417364e-02   1.4755475e-01  -1.4444128e-01  -1.1513143e-01  -7.4498148e-02   1.8757918e-01  -4.1833032e-02  -1.6363964e-01
  -1.5798052e-01   9.5775784e-02  -5.0035965e-02   1.6302348e-01   6.6737003e-03  -1.8674895e-01   6.8561807e-02   1.4567242e-01   3.3234071e-02   7.5390729e-02  -5.7665084e-02  -3.1885572e-02  -2.2488906e-01   1.8137782e-01  -1.3277016e-01   5.1672873e-02  -1.8933091e-01   3.0185897e-02   6.8700313e-02  -3.5868610e-02   1.8979048e-01  -2.7687928e-01  -1.9670548e-01  -6.7087696e-02  -1.3720171e-01  -1.9524473e-01  -3.2771273e-02  -1.4810438e-01   4.0554666e-02  -9.2669809e-02  -2.7432538e-01   9.5723759e-02  -2.2112081e-01  -1.4345659e-01  -1.2524293e-01   4.2401078e-02   1.6216223e-01  -6.0010093e-03   5.4193724e-02  -3.6079660e-02   7.6980368e-02  -4.1187772e-02   1.1076283e-01   3.4949498e-01   2.1365812e-01  -5.0905194e-02  -1.1654090e-01  -2.0265080e-01   1.5920515e-01
  -1.4070775e-01  -3.1011500e-01   6.5266218e-02   2.3737730e-01   1.4651440e-01   3.4173563e-02  -1.9654071e-02   9.1107219e-02   2.1375585e-01   1.5149965e-01   2.4067117e-01   1.3327019e-01   1.3068765e-01  -1.5312158e-01  -3.9169540e-02   6.0733229e-02   1.3444911e-01  -3.3281999e-03   2.6673958e-01   1.1926157e-02   8.4541647e-02   1.2845961e-02   7.8337035e-02  -2.7780941e-01   1.9543844e-01   1.0061940e-01  -3.4513342e-02   2.0212425e-01  -1.9593449e-01  -1.4553572e-01  -1.7697835e-02   3.4076957e-01   9.7258447e-02   5.4937542e-03   9.5554777e-02  -1.7314973e-03   4.4395544e-02   2.4953898e-02  -1.6279911e-01   7.5074509e-02   1.4873816e-01   1.5071753e-02   2.0844328e-01   5.4418176e-02   8.4346273e-02  -3.4973498e-02   1.1813643e-01  -1.0416080e-01  -1.9624096e-02
  -1.2447703e-01   1.2971734e-03  -5.1546491e-02   1.3109492e-01  -3.7323776e-01   8.6054730e-02   1.7047531e-01  -1.6086846e-01  -1.5334722e-01  -7.4219354e-02  -2.5076840e-02   1.1045777e-01  -2.7386222e-02  -1.1252575e-01  -1.0897782e-01  -5.8325071e-03  -2.9841448e-02  -1.1112970e-01  -1.3610876e-01  -8.0960218e-02  -2.4997382e-01  -2.4057552e-02   1.3250377e-01  -1.4754424e-01  -6.1153678e-03  -5.0712967e-02   7.2474270e-04   8.6177072e-02   1.3858551e-01   8.4611614e-02   1.3348988e-01   1.5115267e-01   1.4000204e-02   1.8359872e-01  -3.3615575e-01  -7.8305955e-02   1.2737973e-01  -5.2936572e-02   2.8030552e-01   1.4536259e-01   4.2221703e-03  -1.2007577e-01   2.6932170e-01  -7.7894910e-02   1.4164717e-01  -1.2434923e-01   2.0903442e-02  -1.8551823e-01  -2.0704394e-01
  -1.5086438e-01   1.1353982e-01   1.1820814e-02   1.8218513e-01   1.3060612e-01   8.8514830e-02  -1.8919263e-01   6.7011058e-02  -1.8051725e-01  -1.0440241e-01  -2.5051510e-01   2.7001547e-01   2.1027114e-01  -2.5542452e-01   1.5087835e-01   7.9984680e-02  -5.8377518e-02  -9.2614482e-02   8.6940973e-02   1.6014952e-03  -1.3955058e-01   1.4757858e-01  -4.4283214e-02  -6.1063534e-03  -2.0705175e-01   6.6170308e-02   7.5989730e-02  -2.4933289e-01  -1.4544996e-01  -1.1528864e-01  -2.8230835e-01  -1.0285505e-01  -2.1471424e-02   7.6842432e-02   4.6100422e-02   2.3039144e-01   2.3973535e-01  -5.9676375e-02   1.0293719e-01  -1.6560429e-02   1.0699331e-01  -9.4062117e-02   2.7729036e-02  -1.0405947e-01  -7.1121337e-02  -1.5715385e-01   1.8150028e-01   7.8925983e-02   1.0517301e-01
  -1.5976143e-01   1.4717567e-02  -2.3550368e-01   1.7658510e-01   1.5227422e-01   6.4548396e-02   9.2258914e-02  -1.5641410e-03   2.7191961e-01  -2.5923324e-01  -1.6563328e-01  -7.0033598e-02   1.0383047e-01  -1.9065736e-01  -1.1200278e-01   1.1070685e-01   1.6109453e-01  -1.2122346e-01   2.5139752e-02   1.5551905e-01   9.6500476e-02  -2.5523596e-01   2.3896872e-02   7.2023453e-03  -2.5927005e-02  -2.7742429e-01  -3.3072927e-02  -5.9765635e-02   4.8024439e-02   2.6231882e-01   1.6905211e-01  -9.6528358e-02   1.3915428e-01  -1.2673305e-01   2.6377742e-01  -1.7998353e-01   1.2131207e-01   2.0210315e-02   1.5071436e-01  -5.8167163e-02  -1.5566410e-02  -1.1927426e-01   4.0170546e-02   6.5154991e-03   8.4996036e-02   1.0595181e-01  -7.4654203e-04   2.2804675e-01  -9.6286573e-02
  -1.4799128e-01   4.1782835e-02  -1.6817805e-02   1.5602074e-01   9.3326915e-02   1.4424222e-02  -1.6217876e-01  -1.2038056e-01   7.9927599e-02  -2.8796305e-01   1.3478728e-01   1.5686797e-02  -3.9403396e-02   1.6580492e-01   2.1996589e-01  -8.2715772e-02  -2.7096129e-01   7.0995836e-02   1.3305734e-01   7.1598154e-04   1.5316685e-01   2.4269448e-01   1.5713969e-01   1.0632235e-01   9.3913189e-03  -1.2351997e-01   3.0603727e-02   1.1216078e-01   3.2635385e-01  -3.1480898e-02   1.9370191e-01   1.7376939e-01  -7.3939648e-03  -2.3671397e-02   1.3862389e-01  -2.6611594e-04   1.5542792e-01  -9.3235106e-02   1.0447678e-01  -1.7142750e-01  -1.4616895e-01   1.7844906e-01  -1.2645347e-01   5.1855537e-02  -7.9696281e-02  -2.6625358e-01   1.1680095e-01  -1.8720847e-01  -2.4802985e-02
  -1.4538105e-01  -1.0757631e-01   3.5098226e-01  -2.3514585e-01  -5.3378315e-02  -2.6931588e-01  -1.0424186e-01  -1.2698095e-02   6.0476762e-02  -4.0025834e-02  -6.9514617e-02   6.0492162e-02  -1.2614327e-01  -5.6901241e-02  -1.5188779e-01   1.8600008e-02  -1.0606607e-01   9.8324862e-02  -5.0142724e-02   1.0352272e-01   4.4367622e-02  -2.6209406e-01   9.3895567e-02   6.2297648e-02   1.4313138e-02  -5.2243738e-02   1.4793482e-01   9.1756649e-02  -3.7189813e-02  -6.4063731e-02   7.0178052e-02  -4.6526548e-02   1.7171702e-01  -2.9733683e-02   6.3525482e-02   6.4274516e-02  -9.5420997e-02  -4.8352159e-01   1.9764811e-01   9.6247733e-02   8.1922649e-02   9.0003427e-02   7.5903449e-02  -1.4595588e-01   4.9421767e-02  -1.0390812e-02   2.4025832e-01   7.5702727e-02   2.1240389e-01
  -1.5669143e-01  -1.9599825e-01  -2.2212342e-01   8.2901443e-02  -2.5717298e-01   1.4258819e-01  -3.1121629e-02   1.3327340e-02  -1.2700460e-01  -3.2560932e-02  -1.7728157e-02   9.2968876e-02  -2.7367010e-01   1.9666341e-03  -2.2807811e-01   1.1159792e-01  -5.0713695e-02   7.4277067e-02   1.3298034e-01  -8.1941020e-02   2.6571528e-01   9.2447007e-02  -2.5479024e-01   9.7770567e-02   3.8987538e-02  -9.8066176e-02  -2.0197721e-02   1.0389590e-01   4.4295606e-02  -1.8155946e-01   7.3472090e-02  -2.3625949e-01   1.7537621e-01   2.4688173e-01   1.3088195e-01   1.0254642e-01   8.0057318e-02   1.7228526e-01   9.0018930e-03   1.1114548e-01   1.3477847e-01   1.4653678e-01   1.8559688e-02  -1.8138512e-01  -2.0635688e-01   1.5021222e-01  -8.8207324e-02  -1.1342959e-02   9.6276430e-02
  -1.3422817e-01   1.2889113e-01  -2.5602707e-01  -9.2831726e-02   1.1291757e-01   2.9076916e-02  -1.8719657e-01   6.0931534e-02  -2.2589361e-01   4.8812401e-02  -1.1216756e-01   9.0274851e-02   3.2451039e-02  -4.8656427e-02   1.5528651e-01   5.0688369e-02  -6.3553456e-02   4.7110326e-02   7.6793612e-02  -2.1712577e-01   9.3976102e-02  -1.7034792e-01   1.9101892e-01  -1.8341243e-01  -4.8582596e-02   5.1532912e-03   2.0323174e-01   1.7476907e-01   1.1986947e-01   3.4648055e-03   2.2097366e-01  -1.8674543e-01  -3.9032215e-02  -1.2761610e-02  -3.1381523e-02  -2.3961948e-01  -2.2002730e-01  -2.9353985e-02  -2.4849836e-01   1.2076536e-01   2.6648741e-01  -2.5981918e-01  -1.4409297e-01   6.2417939e-02   7.8575103e-02  -1.4669746e-02   6.2944568e-02  -1.6475695e-01   9.2928392e-02
  -1.4852752e-01   1.9003740e-02   3.1193622e-01  -9.9846123e-02  -2.3426991e-01   9.3831098e-02  -3.3975250e-04   4.8651593e-02  -6.2293106e-02  -1.3365218e-01  -1.9039165e-02   8.4252068e-02  -8.6742581e-02  -1.1001569e-01  -3.5970862e-02   8.3608228e-02   2.8855373e-01  -8.4926648e-02  -2.0524981e-02   1.9780898e-01   2.9311354e-01   1.3700476e-01   3.2418293e-01  -3.6850212e-02  -4.3449295e-02   9.6094501e-02  -9.1152181e-02  -2.0036562e-02   9.6404009e-02   3.2841499e-01  -1.3217555e-01  -1.3232338e-01  -2.1486903e-02  -4.0254864e-02   3.3030033e-02   4.7729316e-02  -1.5619411e-02   1.5312832e-01  -1.7225763e-01  -6.7041400e-02  -1.5694315e-02   1.7523104e-02   5.5248074e-02   6.7028648e-02   6.6220192e-02  -1.8251700e-01  -1.8325579e-01  -1.5151486e-01   2.6146276e-01
  -1.3688529e-01  -9.6359517e-03   2.0143516e-01   6.6980148e-02   5.7981409e-02   1.7811424e-01   2.0692803e-02  -2.1548017e-01  -2.1071044e-01  -1.3119148e-01   2.3181145e-01  -3.5117476e-02   1.2804385e-01   1.8749092e-01  -2.3086931e-02  -2.1164436e-01  -1.6200783e-01  -7.0342629e-02  -5.1386008e-02  -4.1755452e-02   1.1750246e-01  -1.7356980e-01   5.5752173e-02   3.0051616e-01  -3.0145676e-02  -4.5653379e-02   1.9173919e-02   5.0449014e-02  -9.7242025e-02  -4.0025064e-02  -1.6802646e-02   1.3711716e-01  -8.5754100e-02   4.5401014e-02  -5.8921126e-02  -8.3001632e-02  -5.1003503e-02   2.7068195e-01  -4.9936190e-02  -1.9247610e-01   2.4663548e-01  -1.9098789e-01   1.8784796e-01  -1.4128992e-01   1.0745003e-01   7.2158770e-02   6.1004084e-02   3.0947305e-01   1.6655219e-01
  -1.5009658e-01  -3.5639060e-02   5.3648713e-02  -9.6034950e-02  -1.2025053e-01   1.3988731e-01   1.7650624e-01  -2.9072751e-02   1.5603145e-01   1.9518891e-03  -1.3107884e-01  -2.2144456e-01   3.5598472e-01  -2.6452525e-01  -1.2157973e-01  -9.3128187e-03  -1.2261665e-01   1.6142186e-01  -8.0724951e-02  -1.6149332e-01  -6.8412722e-02  -2.8417984e-01   6.1428992e-02   1.3110503e-01   2.2340723e-02  -9.0443780e-02  -6.2631348e-02   1.2668241e-01  -1.0719700e-01  -2.2011090e-01  -8.4680909e-03  -1.0865856e-01  -1.1577581e-02   1.5876023e-01  -5.8497073e-02   5.8605601e-02   1.3069835e-01   2.3394241e-02  -2.6237334e-01  -2.0171685e-01  -1.6873780e-01   1.0325384e-01  -1.7599124e-01   5.7370344e-02  -6.6583590e-02  -2.1191679e-01  -4.3044380e-02  -1.7149028e-01   4.4964332e-02
  -1.2607281e-01   3.1906922e-01   1.6571029e-01  -2.5448771e-02   6.0691175e-02  -1.0460676e-01  -1.3687132e-01   2.2972093e-01   9.6459036e-02  -3.6100852e-02   2.6185115e-01   2.1332626e-01  -1.1974659e-02  -1.4096019e-01  -1.2994626e-02  -3.9301811e-02   3.6195003e-02   2.3304474e-02  -1.8793319e-01   7.5927730e-02  -1.5927764e-01   3.7944149e-02  -1.2772183e-01   1.4572806e-02  -5.9172159e-02  -2.2087415e-01  -1.9811429e-01   2.6322278e-01  -1.9163188e-01   1.7938983e-02   1.6452104e-01  -5.9393691e-02  -2.4502800e-01   3.4731080e-02   6.7637866e-02   1.1551106e-02  -6.0883723e-03   1.3979568e-02   1.1355141e-01  -1.0234280e-01   2.7549867e-01   2.3009045e-02  -5.4228554e-02  -7.5082140e-02  -1.4252089e-01   6.3385455e-02  -2.5787700e-01  -1.4892684e-01  -1.3910295e-01
  -1.2937458e-01   4.4163907e-02  -6.7232629e-02  -1.2324995e-01   2.4034000e-01  -8.9348038e-02   1.4591513e-01   6.9670758e-02  -1.3348432e-01  -1.2394143e-01   2.8732129e-03  -8.9904193e-02  -2.2713566e-01   3.6160839e-02   1.8809147e-01  -2.6882405e-02  -1.2734593e-01   1.7250395e-02  -1.0694617e-01   1.3062297e-01  -4.7541700e-02  -8.0858181e-02   1.3494997e-01   1.1416947e-01   6.2293750e-02   3.8918309e-01  -2.7693664e-02  -1.0859016e-01  -2.4951464e-01  -1.0784915e-01   1.7025449e-01  -1.0871003e-01   3.4628588e-01   4.5663403e-03   2.9775672e-02  -5.3704156e-02   3.0277928e-01   3.3918759e-02  -4.1202488e-02  -4.2323554e-02   5.1805027e-02   1.3201368e-02   2.3225246e-01   8.3120431e-02   1.4816967e-02   2.4618450e-02  -2.0716081e-01  -1.7583674e-01  -1.1574228e-01
  -1.3952497e-01  -4.8413794e-02  -3.2657343e-02  -1.1120235e-01  -7.8035719e-02  -2.3237608e-01  -1.3059317e-01   1.4092389e-01   4.2162724e-02   1.4098297e-01   8.1714118e-02  -2.3139912e-01   1.4685833e-01  -1.0524343e-01  -9.2599679e-02   4.6283653e-02  -3.0011657e-02   1.7758845e-01  -2.4642865e-01  -1.3224201e-01  -5.3071706e-02   2.2208997e-01  -3.4150306e-02  -9.7922893e-02   2.2135891e-01   2.5449648e-02   2.3417918e-01  -2.2982655e-01   2.1853545e-01   8.8327759e-02  -7.6671968e-02   9.4868456e-02   1.9426478e-01   1.3776464e-01   1.3168086e-01  -3.1440550e-02   1.3988783e-03   2.0500572e-01   2.1404477e-01  -3.0864785e-01   2.4259751e-01  -1.2187307e-01  -1.5896762e-02   5.6582460e-02   5.3827325e-02  -6.1970202e-03  -7.7802135e-03  -3.9011745e-03   5.3810481e-02
  -1.3277876e-01   2.1193767e-02  -5.6143426e-03   5.1032424e-02  -1.2935231e-01  -2.7593688e-02   1.3060909e-01  -4.2482459e-02  -2.4070390e-01   1.0258079e-01   4.2644192e-02   7.7209345e-02   3.1934784e-01   1.2014144e-01  -1.2921072e-01   8.8157773e-02   2.3201823e-01   7.4181245e-02  -2.5004468e-01   8.9115698e-02   1.1741168e-01   7.3134861e-02  -1.3982025e-01   1.5295495e-01  -5.8331726e-02   1.7376521e-01  -3.9071660e-02  -2.4357474e-02   5.5841357e-02  -6.4675806e-02   1.6638633e-01   2.1095111e-02  -1.3170968e-01  -2.7638638e-01   1.1407926e-01  -1.6214590e-01   1.9041018e-01  -1.1441696e-01  -1.0438484e-02   4.4682933e-02   1.0989761e-02   2.4932847e-02   2.2826951e-02   2.1455614e-01  -2.2680466e-01   1.9690764e-01   3.3694979e-01  -1.6259351e-01   2.8269566e-02
  -1.3346995e-01  -6.0741601e-02   9.4997585e-02  -1.2263364e-01  -2.9742942e-02   9.0343580e-02  -8.9616035e-02   3.6869342e-02   2.4354380e-01  -1.6566558e-01  -5.4023064e-02  -2.8962807e-02   1.3127459e-01   2.3346463e-01  -2.1467952e-01  -1.0232199e-01  -1.1032258e-01  -1.1896620e-01   1.0737833e-01  -4.0614923e-01  -1.9675349e-01   2.8100848e-02  -6.3217986e-02  -7.3383284e-02  -2.1294659e-01   1.9247638e-01  -5.9412366e-02  -2.3403201e-01   3.1888774e-03   1.8036138e-01   1.6889822e-01   1.3463629e-01  -2.3054259e-02  -1.2064419e-01   1.9482514e-01   7.1836589e-02   1.5756072e-02  -4.8270096e-02  -9.4513133e-02   1.7461146e-01   3.9493829e-04  -7.1058116e-02   6.9185237e-02  -1.6529344e-01  -8.0399396e-02   1.2444601e-01  -1.8736237e-01  -1.7941134e-01   1.3782333e-01
  -1.1610854e-01   1.4707827e-01  -1.7673889e-01  -1.5770560e-01  -6.4320933e-02   5.7561675e-02  -1.9451636e-01  -1.9966658e-01   1.4903959e-02  -4.9653178e-02   9.1666488e-02  -6.0542333e-02  -1.2115559e-01   1.4841009e-01   1.2360202e-01  -7.0645115e-02   2.7143469e-01   1.1891021e-01  -8.4985653e-02  -3.2662231e-02  -1.4073340e-01  -2.5098875e-02  -7.1194428e-02  -3.3667338e-02  -1.1591132e-02  -3.1951781e-01  -3.2179708e-02   8.4321028e-02  -2.6073478e-01   1.2343641e-01  -1.2536690e-01   1.9032349e-01   3.5406522e-01  -4.4208862e-03  -5.7596673e-02   1.5397470e-01   4.0088579e-02   8.3531820e-03  -8.6350523e-02   7.7681471e-02  -1.0388553e-01  -2.0747981e-01   4.9200662e-02   1.9433153e-01  -2.5009350e-01  -6.5021030e-02   1.2703365e-01  -4.2285587e-02   1.9318916e-01
  -1.2418744e-01   8.5092746e-02  -4.1613804e-02  -7.8732517e-02   1.6344712e-02   1.8291841e-03   1.3025465e-01  -3.6736677e-02   1.3036723e-01   2.3013517e-01  -5.1174301e-02  -7.8223045e-02  -1.4384275e-02  -1.5753821e-01   6.0460109e-02  -1.1189633e-01  -3.1557584e-01  -6.0362951e-02  -2.2281271e-01  -9.6190045e-02   3.0268669e-01   3.8801092e-01   8.2899854e-03   4.1833491e-02  -7.7445242e-02  -1.3689378e-01  -3.9031224e-01  -3.5681278e-02  -5.6731453e-02   1.5866168e-02  -1.2673312e-01  -3.1517653e-02   8.5086562e-02   1.7586587e-02   9.0576645e-02  -1.4765717e-01  -9.8918045e-02  -2.0118199e-01  -1.4079658e-01   1.7846436e-01  -3.2027861e-03  -1.6838479e-01   1.6379028e-01  -5.0080011e-02   6.8919994e-02  -3.7506056e-02   9.6052927e-02   6.4326079e-02  -9.5998778e-02
  -1.5638532e-01  -1.3318249e-01   2.0488826e-02   2.5566342e-01  -1.1583689e-01   3.5580641e-02  -1.3862622e-01  -1.1609095e-01   7.0300189e-02   4.1605462e-02  -1.8382309e-03   6.6643657e-02  -5.6613347e-02   9.1167654e-02   1.1384332e-01   4.5031863e-02   1.4093358e-01   2.8460061e-01  -9.1924162e-02  -1.7025256e-02  -9.2427955e-02   1.3197573e-01  -2.6699404e-01  -1.6751312e-02   5.1709623e-02  -3.1465985e-02   2.7858549e-02  -2.1218766e-01  -1.6012759e-01   1.2458048e-03   2.1564445e-01  -1.7459615e-01   1.7178887e-02  -2.3747183e-01  -2.0907428e-01  -1.9688797e-01  -3.7427639e-02  -1.7425744e-01  -2.1243032e-01  -1.7082549e-01  -6.0649940e-03   7.4481637e-02   2.3843306e-02  -1.8524732e-01   2.5057272e-01  -2.4374914e-01  -1.5507363e-01   1.1912229e-01   4.0683915e-02
  -1.3259578e-01   2.7348675e-01  -7.7566062e-02  -1.0793527e-01   3.3462281e-01   1.5052128e-01  -3.6470534e-02  -2.2708717e-01  -1.0479203e-01   1.6471592e-01  -1.3607025e-01  -2.8948554e-01  -3.4431689e-02  -1.1295483e-02  -1.4568619e-01   6.6681909e-02   1.9735402e-01   1.1746219e-02  -6.9223307e-02   1.0951484e-02  -5.3225482e-02   1.2518770e-01  -2.5201851e-02  -2.0526268e-01  -1.0120299e-01   2.0568712e-02   4.4737421e-02   1.7239962e-01   7.2449109e-02  -1.4863715e-01   6.2832455e-02   7.0794820e-02  -1.6312795e-01   6.7190747e-02   1.0993669e-01   3.9795800e-03  -8.0283237e-03   1.8208783e-02   1.0237611e-01   3.3698827e-03  -8.2385581e-02   3.4298375e-01   2.7154158e-01  -1.2709738e-01   1.5442801e-01  -3.7966518e-02  -7.4143281e-02   4.2472163e-02   2.2368359e-01
  -1.3796947e-01   2.1383248e-01   1.0388072e-01   1.3836949e-01   7.5247982e-02   1.7028533e-01   1.5230930e-01   2.2656337e-01   7.0031660e-02   1.3092135e-01  -1.5980666e-01   1.2028849e-01   2.5113180e-02   2.3143493e-01  -1.1946276e-01  -5.7946977e-03   3.7784123e-03   4.9187574e-02  -5.7451920e-02   3.6577375e-01  -2.8279756e-02   1.4541718e-02  -7.1865261e-02   1.0079689e-01   2.4118282e-02   2.0402009e-02   2.6043194e-02  -1.4779501e-01   1.3629538e-02  -1.2911938e-01   2.0719582e-01   2.1103462e-01   1.7688352e-01   2.7795929e-01   3.7129676e-02   3.8347692e-02  -2.5796936e-01   1.0553501e-01   1.3021529e-02   1.5628951e-01  -1.2329876e-01  -1.9042459e-01  -2.5204805e-01  -5.7378099e-02   1.3864379e-01  -1.0434253e-01   3.1994638e-02  -1.0387014e-01   8.9296994e-02
  -1.6392092e-01  -2.0259555e-01  -6.4063856e-02  -1.6253049e-01  -2.4370990e-02  -1.0165606e-01  -1.4234089e-01   1.0122814e-01  -1.8057274e-01  -9.6647587e-03  -2.0293718e-01   2.8999201e-02   1.0329059e-01   1.2197195e-01  -3.2757410e-02   1.7807804e-01  -2.3163304e-01   5.8054734e-02   1.2221706e-01   1.3721242e-01  -7.3862396e-02   1.4935040e-01   2.4651392e-01  -5.5985297e-02   1.9856927e-01  -2.3705395e-01  -7.9862074e-02  -1.1294177e-01  -3.6866922e-01   1.0509080e-01   8.0060260e-02   1.0389109e-01  -2.5876847e-01   8.4003468e-02  -8.2924562e-02  -2.3582807e-01   1.4380565e-03   1.1577328e-01   7.5055451e-02   1.8784945e-02  -2.1861486e-01   1.1245949e-01   1.4920418e-02   4.9107833e-02  -7.7566266e-02   1.7339836e-01  -3.5068106e-02   5.5820989e-02   7.9335906e-02
  -1.4590880e-01   9.3280546e-02   2.2408083e-01   8.7975168e-02  -1.5374146e-01   1.7336660e-01   2.8716926e-02  -1.6214231e-01  -3.2566915e-02   1.5363331e-01   5.3993464e-02  -7.9551663e-02  -1.0438441e-01  -6.3552886e-02   2.9227264e-01   2.9915870e-01  -1.1484783e-01  -1.0126674e-01  -2.9004272e-02   2.6675755e-02   1.1229110e-01  -1.0166022e-01  -7.5725855e-02  -1.8208792e-01  -1.1182550e-01  -1.6217013e-02   2.6312537e-01  -9.5055968e-02  -2.4414128e-02   6.7632209e-02   3.4729753e-02   1.7537647e-01  -2.5736618e-02   1.8616567e-01   1.1843011e-01   6.4942714e-02  -8.6513956e-03  -2.3009758e-01  -1.5493060e-01  -2.1500153e-01  -1.2349443e-01  -4.1878954e-02  -3.2904151e-02   1.8985678e-02  -1.1119184e-01   3.7538745e-01  -1.3454756e-01   1.8269888e-02  -1.5971266e-01
  -1.6001749e-01   9.8151412e-02   5.1958619e-02   1.8937899e-01  -5.6079990e-03   1.2888686e-01  -3.0014469e-02   3.5470817e-02  -1.0106839e-01   9.4621097e-02   2.5045796e-01  -3.5356111e-01  -1.2297641e-01  -2.5811152e-01  -1.6280425e-01   2.5384052e-03  -1.7139380e-01  -1.7734752e-01   1.9280070e-01   8.8938787e-02  -9.3131890e-02   1.8097808e-02   4.2647617e-02  -3.0734138e-02  -2.5507149e-03   2.6834908e-02   1.8127062e-02  -1.3279398e-01  -9.4298163e-02  -3.4758725e-02   3.3641164e-02  -1.3601678e-01   1.0958576e-01  -3.9503695e-01  -1.7098002e-01  -2.5270531e-02  -2.8383780e-01   9.2299307e-02   1.6665632e-01  -5.2420425e-03  -8.1136633e-02  -4.4779653e-03  -7.7069546e-02  -4.5076436e-02  -2.4827267e-01  -2.7859304e-02   1.1517393e-01  -1.3710001e-01   4.7601842e-02
  -1.4595564e-01  -1.9218020e-01   1.2310378e-02  -1.5112865e-01   1.3972588e-01   3.5879056e-01   9.4928073e-03   1.1563486e-01  -1.9814087e-01  -5.5260864e-02   3.5046513e-01   9.0018874e-02  -2.1112486e-02  -4.6993618e-02  -1.0865494e-01  -3.1070318e-01  -2.2392959e-02   2.1236813e-01  -1.6003455e-01   2.9429542e-02  -8.2609312e-04  -2.1122650e-02   2.5503061e-02  -2.3316386e-01   1.4517595e-02  -9.6248083e-02   1.3271938e-01  -1.1193883e-01   3.7342699e-02  -1.7682078e-02  -1.3496891e-01  -1.5169409e-01  -7.1358706e-02  -4.0588448e-02   1.3194200e-01   5.0058536e-02   1.4525606e-01  -1.1016617e-01   7.8595850e-02   1.9674675e-01  -2.2313213e-01  -3.6038512e-02  -1.7769227e-01   9.3249963e-02   1.9258648e-01   6.8090341e-02  -7.7808564e-02   7.7658667e-02  -1.1303885e-01
  -1.4841612e-01   1.0330133e-01   2.3290096e-02   3.1621248e-01   1.7811717e-02  -4.6933554e-02  -1.2586736e-03   7.2004825e-02  -1.1893484e-01   2.8998766e-01  -3.4552526e-03   6.0090452e-02   3.8856693e-02  -2.2944949e-02   1.7710819e-01  -6.3280543e-02  -1.3989400e-01   2.8946155e-02  -7.6175068e-02  -1.4070993e-01  -1.9561326e-01  -1.9208688e-01   3.3898274e-02   1.5003075e-01   3.6106957e-01   3.9435132e-02  -1.2338683e-01   6.8696317e-02   1.7511088e-01   3.6517527e-01   3.3529493e-02  -7.7882588e-02   1.8079404e-02  -1.3867103e-02   1.2000405e-01   2.2878086e-01   2.1211168e-02   1.7924051e-02  -6.6696751e-02   2.3233790e-01  -7.4457366e-02   2.1605811e-01   7.3235634e-02   8.9064386e-02  -2.7368714e-02   2.3241578e-02  -5.6235846e-02   1.6693407e-01   1.6608832e-01
  -1.5215246e-01  -3.9367608e-02  -1.9081527e-01  -1.0570492e-01  -1.2590331e-01  -1.9691789e-01   7.5997372e-02   3.5735859e-02  -1.3156011e-01   8.7754642e-02   1.9423283e-01   1.4376130e-01   1.3513992e-01   2.9786934e-01  -6.1863501e-02   3.9336206e-02  -1.3735105e-01  -3.5846474e-01  -3.6731112e-02   1.3684627e-01  -1.0943034e-01  -1.4157104e-01  -9.6029935e-02  -3.2012662e-01  -1.5321642e-01   5.7000399e-02  -1.0101691e-01   9.3299052e-02   9.0856274e-04   3.0269998e-02  -7.9659115e-02  -1.4143967e-01   1.3595389e-01   3.7987424e-02   2.0412437e-01  -2.6235824e-02  -9.4713718e-02   1.4220202e-02  -1.0242972e-01  -2.3956530e-01  -1.1369287e-01   1.1952336e-01  -1.2173467e-02  -7.6616404e-02  -2.4648953e-02  -2.9480168e-01   5.8520615e-02   1.3951630e-01  -5.6885440e-02
  -1.5451968e-01  -2.1588506e-01  -1.5641709e-01   4.2116867e-02   1.7796362e-01  -2.0683632e-02  -3.0070501e-02   4.9045354e-02  -2.9005842e-02  -1.9392707e-01  -2.3717939e-01   1.2091130e-01  -2.2214347e-02  -9.5436307e-02  -1.3262248e-01  -2.4858713e-01  -2.7557542e-02   9.3039037e-03  -2.0289548e-01   1.6086705e-01  -2.1041250e-02   3.6273259e-02  -5.8357363e-02   1.9601277e-02   1.4213590e-02  -2.7515521e-03   1.0789261e-01   3.1067724e-03   1.6156508e-01   2.1780443e-02  -2.8007665e-02   8.7284032e-02  -7.3134458e-02  -4.1151078e-02  -1.4946635e-01   2.6169222e-01  -4.0376061e-01  -6.7247180e-02  -2.3822749e-01  -2.0207766e-01  -2.3664382e-02   5.2481444e-02   2.8738135e-01   1.1184757e-01  -2.1158244e-01   1.0231819e-01  -4.0410987e-02  -5.7822259e-02  -1.6630693e-01
  -1.5897940e-01   1.6657463e-01   5.5458183e-02  -2.1067433e-01   1.1642974e-01  -1.6165874e-01   1.4667694e-01  -1.7083177e-01   2.1146121e-01   7.7598791e-02   1.9541600e-01   1.3318039e-01   2.0815410e-01  -6.7947552e-03   2.7125140e-02  -9.2777138e-02  -2.4347430e-02   9.3486457e-02   3.4003991e-01   9.2740269e-02   7.5644729e-02   8.3230945e-02  -1.4684916e-01  -2.5848606e-02  -7.9675328e-02  -5.3765809e-02   1.4375778e-01  -1.5189274e-01   7.2279377e-02   1.9154413e-01   1.2561965e-01  -2.9196505e-01   3.4771094e-02   1.8953146e-01  -3.3035066e-01   9.6664078e-02   5.1306604e-02   1.4827296e-01  -5.4848540e-02   7.0759863e-02  -2.7189520e-02   1.2044948e-01   1.4223480e-01   6.5880343e-02   5.2684655e-02   1.4653317e-01   1.6950571e-01  -3.8733701e-02  -5.3461868e-02
  -1.4858908e-01   3.4619683e-02  -5.3514543e-02   5.5659847e-02  -2.0103746e-01   1.5730595e-01  -1.1743764e-01  -2.0384341e-03   2.7143568e-01   2.8457674e-01  -1.6945462e-01   1.6098875e-01  -1.6393249e-01   1.2073741e-01  -3.9067051e-02  -2.1738883e-01   3.4286330e-02  -4.3869893e-02  -1.4940287e-02  -1.0679914e-01  -1.1517796e-01   7.2706596e-02   2.8122664e-01   1.9009293e-01  -2.1717633e-01   7.9831292e-02   2.1014146e-01   1.2639995e-01  -1.9738959e-01  -1.6124131e-02  -9.4504068e-02  -1.1637021e-01   4.2059138e-02  -8.1403034e-02   1.1552548e-01  -5.2413492e-02  -4.4156580e-02   1.3793526e-01   1.2099436e-01  -1.5099824e-01   2.5268037e-02   2.0235594e-01  -3.3981534e-02   2.0073511e-01   1.6923273e-01   1.3933466e-01   1.4521280e-01   9.5713983e-03  -1.8228056e-01
  -1.3000310e-01  -1.3920735e-01   8.5190204e-02   2.5206878e-03   3.2302638e-01   1.9304380e-02   1.6426627e-01  -3.0685520e-01  -8.6884536e-02   1.8256589e-01  -9.3339521e-02   2.0299855e-01  -2.1617302e-01   1.9199790e-03  -1.0917321e-01  -7.4590490e-02   1.5137517e-01   9.0021471e-02   1.0513994e-01  -1.6585882e-01  -4.0557560e-02  -1.1217779e-01   4.5574622e-02  -4.2421375e-02   2.7604991e-02   6.4109118e-02  -3.2544510e-01  -1.6248421e-01   5.5532515e-02   1.5773323e-01  -1.0867871e-01   3.4528563e-02   1.6108797e-02   1.5938095e-01  -3.6714862e-02  -1.8689757e-01  -3.9093664e-02  -8.8824309e-02   1.5355905e-01  -2.5158795e-01   1.1613359e-01   5.2551538e-03  -2.8455735e-01  -2.6437985e-02  -2.1317203e-01  -1.6990698e-02   2.3415535e-02  -9.7497298e-02  -2.2998901e-02
  -1.4388299e-01  -2.7793438e-02  -1.3822404e-01  -3.9075455e-02  -1.9402111e-02  -1.0392868e-01   3.2082785e-02   4.1662326e-01  -1.0221204e-02   5.8212104e-02   1.1560228e-01   2.8270710e-02  -5.2513404e-02  -1.9260256e-01   1.6128045e-01  -2.3335149e-01   2.0993182e-01  -1.6878431e-01   6.7237301e-02  -9.6545780e-02   6.9672718e-03  -1.4074753e-02  -4.1390776e-02   1.8893205e-01  -1.9393687e-01   1.9823219e-02   5.4810745e-02   2.0213197e-02   1.4759261e-01  -3.9405772e-02  -4.2315429e-02   2.2198037e-01   6.3198029e-02   1.1066864e-01  -2.2136250e-01  -3.1940789e-01   9.9109664e-02  -1.2135713e-01  -2.8969060e-02  -7.9674246e-02  -2.3722464e-01   1.0350480e-01  -1.7381291e-02  -1.5775169e-01  -5.3501515e-02   1.2782734e-01  -5.9462475e-02   1.0319500e-01   2.6399812e-01
  -1.6083471e-01  -1.0122072e-01   8.6778795e-02   8.6273178e-02   5.0483784e-02  -2.1913429e-01   1.0591032e-01  -1.7769026e-01  -9.0206564e-02   3.2711947e-03   3.0180590e-02   6.9590466e-05   2.2709870e-01   1.1828170e-01   6.7922516e-02   7.9983376e-02   1.6661917e-01  -1.7406897e-01   3.4842014e-02  -3.2370925e-02  -1.4304908e-01   1.4911326e-01   2.5485804e-01   9.9075914e-02  -6.9499789e-02  -2.9497638e-01  -1.2316737e-02  -5.8625255e-02   1.6027682e-01  -3.5937593e-01  -9.9468963e-02  -7.3335407e-02   2.2675510e-01  -1.0637648e-01  -2.9139143e-02   6.9065751e-02  -9.8607766e-02  -6.2587116e-02  -1.3266105e-02   1.7382735e-01   1.1741077e-01   5.5091088e-02  -1.2495277e-01   9.1637440e-02   5.5085316e-02   1.6560436e-01  -3.7622285e-01   1.2901242e-02  -3.4667760e-02
  -1.2060718e-01  -7.3852089e-02  -3.9385897e-02  -2.8080454e-01  -2.1154820e-01   1.1389885e-01   1.3972653e-01   3.2094915e-03  -3.0039707e-02   3.8509749e-02  -4.5678495e-02   3.1932807e-02   3.4403856e-02  -1.0240427e-01   3.5131180e-01  -1.1320191e-01   1.3605255e-01  -1.2077879e-02   2.8189842e-01  -5.6144751e-02   6.7059675e-03  -5.2365757e-02  -1.6660566e-01   7.0654116e-02   1.1746546e-01   4.2344597e-02  -1.4111330e-01  -9.5901526e-02   2.2639683e-03  -1.9465908e-01   1.9531703e-01   3.3213506e-03  -1.7015792e-01  -5.2368117e-02   2.2293836e-01   1.1111020e-01  -2.6086358e-01  -2.7273641e-02   3.2135301e-01  -8.0091755e-02  -1.2876786e-02  -1.2752858e-01   1.7564904e-01   2.3238494e-01   3.1903582e-02  -1.5048053e-01  -9.4904204e-02   6.6759468e-02   2.7232208e-02
  -1.3337632e-01   1.8693401e-01  -4.7429998e-02  -1.4047301e-01  -6.8801548e-03   1.1216591e-01  -3.2025415e-01  -3.8241778e-02   2.0682084e-01   4.2824301e-03   3.1347592e-02   1.6690988e-01   5.0137091e-02   2.0705751e-02  -9.5613980e-02   1.3092189e-01   1.2821927e-02  -1.4782990e-01  -1.8368565e-01  -1.0353968e-01   2.9608946e-01  -1.5479079e-01   8.6239767e-02  -7.5978260e-02   1.7535375e-01   2.1398138e-01  -9.9114195e-02  -1.6188324e-01   7.0296444e-02  -2.0323680e-01   6.4685269e-02   1.0952584e-01   2.0656778e-02  -4.9207850e-02  -3.2122649e-01   3.0363048e-02   3.7909769e-02   3.6923821e-02   9.3098082e-02   1.1260232e-01  -1.6664430e-02   1.0733315e-01  -8.1714344e-02   1.1832048e-01  -1.7339043e-01  -9.3313324e-02  -1.1677019e-01   3.2690418e-01  -1.3640763e-01
  -1.1709698e-01   6.2018463e-04   2.7415282e-03   9.9084232e-03  -3.1204771e-02  -1.9914603e-02   2.8658363e-01   2.1922812e-01  -5.6818870e-03   5.5227387e-02  -1.0529271e-01  -2.8213853e-01  -1.2938784e-01   2.0050367e-01   4.0597699e-02  -2.0518702e-01   1.9482233e-01  -1.4612838e-01   1.8244624e-02  -5.8753770e-02   9.3334169e-02   8.4124472e-02   1.7646576e-01  -1.4652583e-01   1.0898142e-01  -1.5756917e-01   1.3912707e-01  -1.0969372e-01  -1.1242034e-01   2.3754331e-02   1.7799348e-01  -6.5837323e-03  -2.0704192e-01   1.6245029e-02  -7.7973698e-02   2.4465815e-01   1.9638668e-01  -1.1213920e-01  -1.0727045e-01   1.7595004e-02   3.0074111e-01   4.1161070e-02  -1.1828397e-01  -1.2313787e-01  -1.7943005e-01  -1.5558987e-01   1.5037337e-01   1.6958126e-01  -1.2061876e-01
  -1.5182272e-01  -1.3559648e-01  -1.4752339e-01  -5.6507940e-02  -4.8698344e-02  -1.8672265e-01   9.2888189e-02  -1.0979381e-01   1.5553222e-01   1.1273122e-01   2.6161424e-02   6.8250466e-02  -1.7222216e-01  -1.0888480e-01   1.3375443e-01   9.3302355e-02  -6.8710302e-02   2.3902567e-01  -1.0893963e-01   1.4121860e-01  -1.0491477e-01  -2.9625964e-02   1.9047792e-01  -1.1052210e-01  -2.2072487e-01   1.0689862e-01  -1.6748527e-01   6.2174474e-02   1.5194285e-01  -1.2987517e-01   1.1532708e-01   7.7495306e-02  -1.6437529e-01  -2.2516294e-01  -3.3220983e-02   2.8880076e-01   1.2073285e-01   2.7482868e-01  -2.9364729e-02  -1.7689612e-02  -9.7691725e-02  -2.3640598e-01  -1.2678587e-01  -2.5168271e-01   1.6468498e-02   1.4814923e-01   7.8248925e-02   1.2671923e-01   1.3116357e-01
  -1.4870170e-01   1.4002346e-01  -1.3107892e-01   1.6526312e-01  -7.7908533e-02  -4.2437985e-02   3.6350585e-01  -3.9880928e-02   2.2818827e-01  -3.9295227e-01   1.3045036e-01  -1.8343230e-03  -3.2916115e-02   5.2249528e-02   9.1507296e-02   9.7423444e-02  -3.3196069e-02   2.0273834e-01  -9.1227204e-02  -6.0612713e-02  -8.2740822e-02   8.2686181e-02   6.1543950e-02  -1.2293062e-01   4.9109155e-02   2.4286249e-01   1.1088260e-01   4.8150486e-02  -1.2322704e-01  -3.1548836e-02  -2.6243916e-01  -6.4506170e-02  -1.4305239e-01   1.3057952e-01   2.6331668e-02  -1.7714540e-01  -2.5424475e-01  -7.2797225e-02   7.6310342e-02   1.4642387e-01   7.5098109e-02   9.7299171e-02  -5.4592530e-02   9.2938731e-02  -1.4213169e-01   3.3985340e-02   1.0946387e-02   1.4152302e-01   1.9995281e-01
  -1.4037027e-01  -1.1443000e-01   1.9770308e-01   1.6921329e-01   9.4380635e-02  -1.2444601e-01  -1.8979255e-01   2.2114993e-01  -1.0086178e-01  -1.8263065e-01   5.2609082e-02  -2.6468436e-01  -6.3280432e-02   1.0859790e-01   3.4500468e-02   1.8344064e-01   2.0252859e-01   6.6475501e-02  -4.1369148e-02  -2.6711402e-01   6.3256788e-03  -1.4414569e-02   6.8891593e-03  -1.7903961e-03  -2.1353278e-01   7.7646815e-02  -2.8915676e-01   4.9712053e-02  -9.2310831e-04  -2.7059240e-02   9.0546216e-02  -1.7676712e-01  -8.8325370e-03   2.6593174e-01  -6.8539954e-02   1.1572003e-01  -1.4862847e-01   6.0437586e-02   4.3949139e-02  -3.5805785e-03  -2.0238374e-01  -6.1482172e-02   3.7396075e-02   1.5407244e-01   1.4730287e-01   6.1405891e-02   2.5589150e-01   8.0819414e-02  -2.0628592e-01
  -1.3414337e-01  -1.8453757e-01   4.2889745e-02  -1.1892907e-01   1.6534044e-02   2.9189430e-01  -6.0571051e-02   1.8200654e-01   7.1416724e-02   1.2246536e-01  -9.2875836e-02  -2.1940869e-01   1.5869798e-01   2.1562136e-01   1.9080456e-01   1.4744279e-01  -6.5813439e-02   2.4183288e-01   9.7141885e-02   2.5395464e-01  -7.4538383e-02  -6.9723990e-02  -6.1451707e-02   5.4191917e-02  -2.1387020e-01   5.9713149e-02  -7.4429930e-02   1.9614080e-01   2.0110943e-01   1.6128500e-01  -2.3142214e-01   7.8314012e-03   6.5564963e-02  -6.0488766e-02  -1.5934691e-01  -1.0552841e-01   3.0496723e-02  -4.4805505e-02   1.2566900e-01   1.2210982e-01   2.5800268e-01   3.9702037e-02   7.4689095e-02  -7.0032662e-02  -1.7925049e-01  -8.1927587e-02  -9.9872511e-02   4.5290883e-02  -1.6769762e-01
  -1.4632993e-01  -2.8242600e-01   1.7518985e-02  -9.4665155e-03   2.0217017e-01  -1.6245259e-01   5.2874094e-02  -1.5496681e-01   2.3442080e-02   1.1580103e-01   1.6263676e-02  -2.4656773e-02  -4.2545168e-02  -8.1581400e-02  -6.0646320e-02   1.2599483e-01  -1.5244756e-02  -2.0254382e-01  -1.0499930e-01  -5.9338628e-02   8.6953985e-02   1.2884370e-01  -1.9340626e-01   2.3821874e-01  -1.2797012e-01   1.1367043e-01   3.4180214e-01   2.4652091e-01  -1.6668413e-01   1.9673105e-01   7.7138150e-02   1.6806330e-02  -1.4139246e-01   3.6913637e-02  -2.9256198e-02   3.6020557e-02   3.2320950e-02   5.5539991e-02   1.1761018e-01   1.9417217e-01  -1.1886240e-01  -1.9679839e-01  -1.5305034e-01   1.4282781e-01  -6.6301244e-02  -2.9616205e-01  -1.9063440e-01   5.8112813e-02  -9.2503716e-03
  -1.4225134e-01   4.8975322e-02   1.0279982e-01  -1.3354755e-01  -1.3173290e-01  -4.1514285e-02  -7.4900095e-02  -1.0189791e-01  -9.7622907e-02  -1.6907713e-01  -9.0523138e-02  -1.1280999e-01  -1.9027454e-01  -2.2234572e-01  -1.2857043e-01  -6.7851481e-02  -8.3956845e-02  -7.1320759e-02   1.7037742e-01   1.6876792e-01  -2.9110905e-01   1.1351824e-01  -2.1680294e-01   4.8787621e-03  -1.9567441e-02   9.5147733e-02  -1.1821912e-01   3.4250218e-02   1.1941831e-01  -7.8368265e-04   4.5483546e-02   2.0433770e-01   2.8682854e-03   1.1148389e-02   4.5112587e-02  -1.1965154e-01   1.0594301e-01   3.1969463e-02  -2.9979356e-01   1.1125137e-01   2.1680815e-01   1.0862200e-01  -2.4604298e-01   3.0932280e-01   1.5530428e-01   1.5007456e-02   8.9071132e-02   2.5820143e-01  -7.8446154e-02
  -1.5179917e-01   1.6187316e-01  -1.9612079e-01  -1.1779694e-01   2.6876059e-02   8.1742237e-02  -1.1269043e-02   5.4783344e-02   3.5493038e-02   2.7825537e-02   1.4978607e-01   2.9410518e-03  -6.2426197e-02   1.2565703e-01  -2.6229243e-01   2.5692601e-01   6.9433150e-02  -3.5376700e-02   2.3819584e-01   6.6213666e-03  -1.5558939e-01   1.3491726e-01   9.7435366e-02   3.0363102e-01   3.0257360e-01   1.0872450e-01  -1.0734647e-02   1.1774295e-01   8.8637249e-02   5.0671475e-04  -1.7007177e-01  -8.4574971e-02  -1.3580354e-01  -5.6314819e-03  -3.3909192e-02   1.2356114e-01   7.2258974e-02  -3.2803223e-01  -1.1231258e-01  -1.9547625e-01  -8.7927003e-02  -3.1223215e-01   4.5389716e-02  -9.0088666e-02   1.2549947e-01   5.8062782e-02  -7.7004434e-03   2.8367308e-02  -8.2156264e-02
  -1.4406230e-01  -1.7463924e-01  -7.4159005e-02   2.8580876e-02  -3.4926064e-02  -1.6520910e-02  -2.8022702e-01  -1.9385244e-01   2.0980638e-01  -2.8210057e-02  -6.4418109e-03  -2.0012504e-01  -1.4352124e-03   6.0204977e-02   2.2071570e-01  -1.8251256e-01   8.4048973e-02  -3.4364461e-01  -1.6233926e-01   2.4224414e-01  -3.1758851e-02  -1.1286737e-01  -1.1960510e-01   1.0346160e-02   2.4396721e-01   7.9455145e-02  -7.6781158e-02  -6.1673878e-02   3.1669699e-02  -7.1808952e-02  -1.4920145e-01  -1.8428549e-01  -2.2132928e-01   1.7820694e-01  -1.4830266e-03  -6.7077888e-02   4.3504464e-02  -1.0063180e-03   2.0672847e-02   1.1991358e-01   4.9237068e-02  -3.3149600e-02  -1.0292471e-01  -1.3071507e-01   9.7430262e-02   1.3612550e-01   1.1121919e-01  -3.1189578e-01   8.4770887e-02
  -1.4199378e-01   2.1196748e-01   1.4671307e-01   1.6602941e-01  -1.3751824e-01  -2.9061149e-01  -1.1955544e-01  -9.0968985e-02  -9.8226741e-02   4.2569846e-03  -2.3048654e-01  -9.6841313e-02   1.0495556e-01   5.0260415e-02  -8.3006112e-02  -3.7882535e-01   6.9920908e-02   2.0125537e-01   2.2956502e-01   4.5862745e-02   1.6485875e-01  -2.0412378e-02  -4.2904179e-02  -1.7166597e-01   9.5739129e-02   1.6253359e-01   4.9159351e-02   1.9867400e-01  -2.5820530e-02  -5.9427198e-02  -1.4116256e-01  -2.8721156e-02   1.5697993e-02  -3.9840334e-02   8.4180265e-02  -1.1030418e-01   7.3308678e-02   3.6017933e-02   4.2080585e-02   3.5259050e-02  -2.1994843e-01  -2.3843707e-01   3.6426230e-03  -1.4023195e-01  -1.3461814e-01   3.1382479e-02  -1.9374841e-01   7.9492269e-02  -2.0881938e-01
  -1.4707155e-01   3.8661571e-02  -2.1509076e-02  -1.1384172e-01   2.8252359e-02   5.5161018e-02   1.5914584e-01   5.5050301e-02  -1.1568901e-01  -1.7626429e-01  -1.7039875e-01   3.1664136e-02   1.2689308e-01   2.7128252e-02   1.2652128e-01   3.1422834e-02  -3.5859009e-02  -9.5679988e-02  -3.2205333e-02  -1.4851508e-01   1.8043724e-01   8.8418294e-02  -2.2523225e-01  -8.5181162e-02   1.6475543e-01   6.4221361e-02  -6.6205520e-02   2.6821718e-01  -1.5015100e-01   1.4915380e-01  -8.4623839e-02   1.3035241e-01   1.8940848e-01  -2.6011298e-01  -1.9593102e-01   2.1102911e-01  -4.8076964e-02   2.7410351e-02   1.6256765e-01  -1.1663391e-01   1.6234266e-02   1.4077824e-01  -2.9137734e-01  -1.4233310e-01   3.1617127e-01   2.1206482e-01   5.3152654e-02  -1.0905909e-01  -7.0336440e-03
  -1.3033537e-01   8.8951392e-02  -2.0627412e-01  -8.3131191e-02  -7.2108544e-02  -1.6794685e-01  -4.6668744e-02  -7.1187854e-02  -1.4470122e-01  -3.1862280e-02   1.4331869e-01  -4.0930404e-02   5.7076788e-03  -1.1045237e-01   2.1405956e-02   8.5107607e-02   1.2851126e-01   1.5739511e-01   4.4104666e-02  -2.7715634e-02   1.1288605e-01  -1.9585086e-01   5.5914822e-02   2.6974389e-01  -8.4142850e-02  -6.9692868e-03   5.5981503e-02  -2.6064946e-01  -1.0341507e-01   1.0381781e-01  -1.6411163e-01   2.6765163e-01  -9.9449475e-02  -1.0525925e-02   1.7763615e-01   4.7398688e-02  -1.7175093e-01   7.8076186e-02  -8.5571064e-02   2.0843035e-01   3.3709860e-02   2.3783476e-01  -4.0320787e-02  -2.8633847e-01   1.1756499e-01  -1.4680766e-01   3.5250638e-02  -1.4521069e-01  -3.4995664e-01
