  -1.4490697e-01   1.1070407e-01   1.0009224e-01  -1.5573135e-01  -2.7981716e-01  -2.1046010e-01  -5.0266963e-03   5.7367548e-02   2.3666664e-01   7.4027871e-02   1.0171084e-01   1.2080333e-01   8.2283238e-03   5.7306737e-02  -5.1321757e-02   1.4655573e-01  -2.8238216e-01  -3.8663065e-01   1.9771238e-01  -4.9183432e-02   6.5901125e-02   9.5527277e-02  -1.2427798e-01  -9.2454826e-02  -1.4798008e-02  -1.0630642e-01   1.0755530e-01   2.1897701e-02  -2.1364415e-01   2.8356740e-02  -1.1703178e-01   2.1766071e-01  -1.0849523e-02   1.4727604e-01   1.9446012e-01   6.2066905e-02  -2.1546931e-01   2.6678753e-02   2.4452489e-01   5.2071908e-02   3.4766552e-02  -6.4245183e-02   6.9326613e-02  -1.4799976e-01  -5.2475095e-02  -9.8695184e-02  -1.1157973e-01  -9.4576746e-02  -1.1974814e-01
  -1.4292758e-01  -5.3954588e-02  -6.1607831e-02   2.5074449e-01  -1.7611645e-01  -2.1396057e-01   3.3680231e-02  -5.8695961e-03  -2.2629447e-01   1.1164051e-01  -6.3843901e-02  -1.3263289e-01  -6.6735459e-02   1.6197702e-01   1.5330993e-02   6.0113670e-02  -1.5318733e-01   3.7466279e-02  -1.6958603e-02   2.1148199e-01  -3.2548454e-02   9.5565943e-02   3.8269056e-01  -1.4777144e-01  -4.9847286e-02   3.8743035e-02   2.0776455e-02   1.1849237e-01  -6.2385395e-03  -2.0858966e-01   2.5112723e-02  -2.0619026e-02  -1.5052837e-01  -4.2097120e-02   1.3922946e-01   1.8064794e-02   1.9773323e-01   2.4162459e-02   7.1774708e-02   1.8526948e-01   2.5364980e-01  -1.0197307e-01  -2.9617199e-01  -4.4873585e-02   6.5731161e-02  -2.2584452e-01  -1.1644225e-01   1.3778043e-01   1.5838350e-01
  -1.4556602e-01  -3.1086807e-01  -8.1826290e-02  -1.1195634e-01  -7.4204081e-02   1.2180567e-01   1.7102604e-02  -1.7954008e-02  -1.7609559e-01   7.0373018e-02   6.6956132e-02  -4.4442562e-02  -3.3951285e-01  -1.2479661e-01  -1.0114909e-01   4.6958807e-02  -1.2974673e-01   9.8909648e-02  -3.4984897e-02   3.3722924e-02   9.6504708e-02  -7.7482646e-02  -1.3689486e-01   1.1852460e-01  -2.1127223e-01   2.3885548e-01   1.1483073e-01  -8.8249118e-02  -1.9316293e-01   3.0111786e-02  -1.0732940e-01   9.0917797e-02  -6.6755000e-02  -1.9741765e-01   6.0132150e-02  -1.4888137e-02  -2.0874342e-01  -2.6496450e-01  -2.6878383e-02  -1.0447106e-01   2.1776503e-01   6.2968919e-02  -1.8942529e-01   1.0656985e-01   1.0748498e-01   2.7938534e-01  -1.4584011e-01  -7.7743634e-02  -1.0149963e-01
  -1.4147882e-01   1.0016043e-01  -2.2813061e-01   1.9849660e-01  -5.5156012e-02   3.2645792e-02  -9.0035866e-02   3.5745212e-02  -1.3820404e-01   2.4396127e-01  -2.4366811e-01   2.0046681e-01   1.7294247e-01   1.8170436e-01   1.6404801e-01  -9.3816357e-02   1.7169661e-01   1.0714042e-01   6.2634882e-02  -8.9070197e-02   3.0981340e-01  -1.0437497e-01  -1.2212010e-01   1.5332160e-01  -2.3505895e-02   8.1951654e-02   2.4170518e-01   7.0644249e-02  -1.0376164e-02   5.8081217e-02   3.3679091e-03   5.0402021e-04  -9.8770904e-03  -1.1102960e-01  -3.2394367e-02  -2.5617627e-02   4.0577497e-02  -7.5264813e-02  -4.5565949e-03   2.9622621e-01   1.5915124e-02  -2.1856260e-01   2.2573812e-01  -3.7124681e-02   3.4320203e-02  -4.7412329e-02  -1.0423457e-01  -1.5545416e-01  -2.6054041e-01
  -1.6701037e-01  -4.5476933e-02   2.4792658e-01  -2.5572165e-01  -2.1953678e-01  -3.6043297e-02   1.4256180e-01   1.5490768e-02   2.5579211e-02   1.0305614e-01  -2.8895889e-01   5.7570808e-02   9.6406866e-02   1.9712368e-02  -8.3215008e-02   3.8090884e-02   1.9939971e-01   5.7735344e-02   7.4857701e-02  -8.3566166e-02   1.4151233e-01  -1.7609073e-01   3.7492580e-02  -1.7216355e-01   6.0158449e-02   3.8372573e-02  -1.2298920e-01  -1.4536421e-01   1.2767186e-01  -1.0859664e-01  -1.2303426e-01  -2.6175678e-01   1.9209360e-01   1.4411604e-03   1.6336339e-01   6.0339248e-02  -3.1423315e-02  -6.7156527e-02  -1.0833736e-01  -1.5963836e-01  -3.7316671e-02   1.1306388e-01  -1.9794234e-02   5.6068021e-02   4.1723743e-01  -2.0160196e-01  -9.1521324e-02  -9.9037871e-02   7.4443856e-02
  -1.3866100e-01  -2.7932471e-03  -2.2141202e-01  -6.0627802e-02  -1.4527779e-01  -2.1084856e-01  -1.0072110e-01  -6.5296201e-03   3.1857990e-01  -2.6482317e-02   2.9577136e-01  -1.2661129e-02  -9.1838789e-02  -3.0793130e-02  -1.4468013e-02  -1.6073174e-02   2.1157451e-01   1.3023654e-01  -8.4150357e-02  -2.6241698e-01   2.9286062e-02  -4.1462600e-02   1.2963618e-01  -1.0323803e-01  -1.5901730e-01   2.5491686e-01   1.2535566e-01  -4.0428035e-02   8.4871419e-02  -1.6465909e-01  -1.9247908e-01  -2.6604225e-02   2.1214110e-03  -2.1336467e-01  -4.2767567e-02  -2.4882188e-01   2.0492519e-01   1.5802472e-01   2.6650628e-01  -4.9478696e-02  -1.3988611e-01   1.2181688e-01   4.5894051e-02   8.5857850e-02  -8.4789544e-02  -4.3447931e-02   4.8522968e-02  -3.7811987e-03  -1.3786366e-02
  -1.4961225e-01   1.6854759e-02   4.9194795e-02  -9.4259960e-02  -3.7607171e-02   2.9450986e-01   1.4904846e-01  -9.5082291e-02   1.4159945e-01   1.3996575e-01  -2.0233011e-02  -2.9368922e-02   2.7367296e-01   6.5638571e-02   9.3142161e-03   1.2573240e-01   3.9537683e-02  -6.4368171e-02  -6.9416836e-02   1.5083511e-01  -4.1281134e-02   4.5814587e-02   1.1180562e-01  -6.9762329e-03  -2.2765162e-01   3.8869421e-02  -1.0029174e-01   4.0526329e-02  -1.2002302e-01  -4.0654767e-01   1.9089766e-01   2.9586881e-01   8.8991419e-02   3.8528733e-03  -2.5026558e-01   8.8142409e-02   1.4477374e-01  -2.3406938e-02  -1.1634355e-02  -1.2440493e-01   1.4932137e-01  -1.7004941e-03   1.9626994e-02   1.3910930e-01  -7.1764221e-02   1.1116678e-02   1.8814035e-01  -2.7152886e-01  -1.4277413e-01
  -1.5332974e-01   1.8189147e-01  -1.6224143e-01  -4.0701586e-02  -3.0259218e-02   3.2885858e-02   8.7077142e-02  -1.7949133e-01  -1.8150667e-01   8.4757074e-02   2.4490926e-01  -1.6900143e-01   1.3628025e-01  -1.4739215e-01  -7.7656024e-02  -3.8348296e-02   1.0435213e-02  -2.6652285e-03   1.8946165e-01  -4.8484224e-02  -8.0552015e-02   1.1303466e-01  -2.2179909e-01   2.5732374e-01   1.8959772e-01   1.6605099e-01  -1.6107110e-02   4.7176111e-02  -3.6192802e-01   1.8353808e-02   8.3254634e-02  -1.7711952e-01  -9.3216040e-02  -8.0367896e-02  -2.6584025e-02   3.0199547e-02  -2.4447448e-02   1.0128858e-01  -4.6064735e-02   1.4097591e-02  -1.6457950e-01   6.3397144e-02  -1.8527592e-01   1.3207537e-02   1.4901934e-01  -3.4770662e-01   1.9567579e-01  -7.9689904e-02   7.2032449e-02
  -1.6539129e-01   8.7021290e-02  -3.1566054e-01   7.0982428e-02  -1.8452624e-02   1.7237988e-03   2.4996239e-02  -1.0531191e-01  -1.2589822e-01  -1.5858147e-02  -7.0396058e-03   2.7283135e-01   5.5370471e-02   5.6165320e-02  -2.0635018e-01  -2.8262679e-02  -6.3347455e-02  -9.9799462e-02   1.8950469e-01  -6.9550093e-02  -1.5006131e-01  -7.2626268e-02  -1.0302264e-01  -2.0031638e-01  -1.1000612e-01  -1.9632999e-01  -4.3084311e-02  -1.7683422e-01   3.3539351e-02   1.6008266e-02   2.7373273e-01  -1.1598875e-01  -1.7039557e-01   5.1971037e-03   2.0951441e-01   1.2478337e-01   1.6625853e-01   1.4413765e-01   5.1643771e-02  -1.2276580e-01  -2.5966468e-02   9.0255641e-03   6.0645231e-02   3.9518924e-01   3.6175180e-02   2.7788545e-01  -5.5230159e-02   5.9724596e-02   3.0228919e-02
  -1.4024618e-01   1.4828474e-01  -2.4843295e-02   4.1791458e-03   4.5112800e-02   1.6649227e-01  -5.3166026e-02   4.2160015e-01  -1.4742883e-01   6.4554359e-02  -2.0270796e-02  -1.8660554e-02  -6.6910305e-02   8.2744035e-02   1.3404728e-01   3.4000047e-02   4.7537344e-03  -2.1506759e-01  -3.8176688e-02  -1.8570725e-01  -1.9858637e-01  -8.1307303e-02  -2.5960373e-01  -1.6171856e-01   1.2871891e-01   1.6474921e-01  -5.2422263e-02   2.2220332e-01   1.6898235e-01  -6.7684210e-02  -7.5359430e-02   1.8253756e-01  -3.1606809e-04  -1.0657453e-01   2.2773199e-01  -2.0727624e-01   1.7347614e-02  -8.1418302e-02  -2.3153287e-01  -1.1155682e-01   1.2943178e-01   3.0891730e-02  -2.7453437e-02   1.4271357e-01  -1.7887739e-01  -1.5033733e-01   1.1784061e-01   2.6357777e-02   1.1538048e-01
  -1.6475431e-01  -2.3555329e-01   5.8933029e-02   7.9454617e-02   2.1014525e-01   1.5848728e-01   1.0083235e-01   4.9776189e-02   1.7471242e-01  -2.5361509e-02   1.2658420e-01   2.0333200e-01  -5.2504599e-02   1.0825403e-01  -1.6005186e-01   2.5249559e-01   1.4698470e-01   1.8717294e-01   1.4644612e-01  -2.4522502e-02   5.5017215e-02   1.8526162e-01  -1.2361542e-01  -3.2281622e-01  -4.1319959e-02  -7.8041443e-03  -1.1362349e-01   3.7405201e-02  -1.0993732e-01   1.2974933e-01   1.1970763e-01  -2.6967469e-02  -6.4239298e-02   5.9458152e-02  -7.2698253e-03  -2.2706410e-01   8.9740927e-02  -1.6944252e-01  -6.1198476e-02   1.3208719e-01  -1.9830697e-01  -2.7614449e-01  -1.7151481e-01  -2.0538253e-01  -1.0933482e-02  -2.2592193e-02  -1.2549868e-02  -1.1820801e-01   1.3611211e-01
  -1.4375115e-01  -1.4870352e-01  -1.5337503e-01  -1.9818439e-01  -8.9344241e-02  -8.1145963e-02   2.0280089e-01  -3.9473176e-02   1.2636729e-01  -6.6446427e-02   1.0769020e-01   6.8811687e-02   1.6163927e-01   3.3693952e-01  -6.4253097e-02   1.9110694e-01  -1.2704952e-01   2.9800098e-02  -1.7430924e-01   1.4724519e-01   5.3235950e-02   1.5731945e-01   1.1025095e-01   1.8262265e-01   2.4773468e-01   2.3503705e-01  -7.1492524e-02  -9.7731526e-02   1.6182988e-01   2.4382245e-01  -1.1387918e-01   1.4288064e-02  -6.5986792e-02  -1.8145034e-03   5.0002513e-02   8.4042905e-02  -4.7751553e-02   3.7453464e-02  -2.8054727e-01   2.1809973e-01   3.9727201e-02   7.7086322e-02   1.6724960e-01   1.8494212e-01  -1.0325049e-01   7.4985849e-02   9.6121756e-02   2.4519689e-02   9.0415706e-02
  -1.2672843e-01   6.6543182e-02   8.0742584e-02  -1.1237589e-01   1.4751091e-01  -1.7890687e-01  -3.3358597e-01   8.7420908e-02  -5.5955778e-02  -6.1837359e-02  -2.0682911e-02   1.8939125e-01   8.2500442e-02   1.1588136e-01  -1.5195940e-01  -1.0048299e-02  -1.3640012e-01   2.1400412e-01   1.8033610e-02   7.2544306e-02   3.2056135e-02   6.8576517e-04  -7.7077628e-02   1.8419603e-02   2.5025882e-02   1.5045100e-01   3.1377432e-02  -7.3451432e-02   2.5102146e-01  -2.3613988e-01   7.4013834e-02   1.7403210e-01  -1.6660063e-01  -1.3057786e-01  -9.6233748e-03   3.0821907e-01  -1.3347798e-01  -1.3100332e-02  -2.2072790e-02  -1.4250943e-01  -2.2788267e-01  -7.1158777e-02  -2.1476011e-01  -2.1169044e-01   4.4369599e-02  -7.2389028e-03   2.2899754e-01   1.5507625e-01  -1.8546141e-01
  -1.2195712e-01   3.6533058e-02   1.0586000e-03  -4.9281618e-02  -5.1900989e-02   2.4693815e-01   7.0873574e-02   9.8491545e-02  -1.9561302e-01  -5.3146260e-02   6.2057586e-02  -7.2854124e-02   5.1075643e-02  -1.5830970e-01   7.2817472e-02  -8.1411011e-02  -1.3773565e-02  -4.3108821e-02   2.5330493e-01   9.9686372e-02  -2.3653335e-01   1.7626536e-01   2.3186909e-01   2.6240705e-02  -5.9952958e-02   9.7557317e-02   1.0129348e-01  -1.9555966e-01   2.2851247e-01  -1.7935179e-01   2.6848146e-02   8.9157212e-02   1.0541229e-01  -1.5126753e-01   9.2051246e-02  -1.0111529e-01  -2.6081814e-01   3.3313130e-02   8.6635198e-02   2.3988779e-01  -2.6078979e-01  -7.4992011e-02   2.4252876e-01  -1.5045852e-01   8.7495323e-02   1.6643598e-01  -9.2808150e-02  -8.0952615e-02   2.1984902e-01
  -1.4552133e-01  -1.3416245e-01   1.5596977e-01  -9.7799927e-02   8.0339976e-02  -5.4850655e-02  -1.4253258e-01  -7.8537796e-02  -1.5877762e-01  -2.7362425e-01   7.2260836e-02   1.7967980e-01   7.8019300e-02  -1.9984507e-01   2.0295151e-01  -1.0209927e-01   2.3170973e-03   4.7500594e-02  -5.1493602e-02  -1.2928696e-01   2.1938755e-01   3.6523352e-02   6.5837175e-02  -5.7167319e-02   2.1445733e-01  -1.1276782e-01   2.9250141e-01  -9.3776563e-02  -8.0595339e-02  -1.1312477e-01   6.1332807e-02   8.2840187e-02   2.4973920e-02   4.1661438e-02   9.1541332e-02   1.3874779e-01   1.3554609e-01   5.5501653e-02  -1.2885974e-01   5.4891842e-02   5.0849093e-02   1.3805492e-01  -1.4316724e-01   8.0699077e-02  -2.8821313e-01  -3.6815319e-02  -1.3267239e-01  -3.5163707e-01   2.2067968e-01
  -1.4609466e-01  -2.5071841e-02   2.2389537e-01   3.6642266e-01   3.5549973e-02   1.4967513e-01  -1.3322661e-01  -2.1910128e-01   1.4510765e-01   1.9574275e-01  -1.1450675e-02  -7.7012213e-02  -1.2496135e-01  -1.6425966e-01   1.4524697e-01   1.0385256e-01  -6.8724671e-02  -6.6832147e-02  -3.3546600e-02   8.1318722e-02   1.9361421e-01  -7.8678765e-02   1.6859859e-02  -7.0729254e-02   2.0243590e-02   3.7704030e-02  -2.0598323e-01  -3.2378879e-01   7.0345271e-03   1.6245490e-01  -4.4798263e-03   1.9994589e-01  -8.1303981e-02  -2.5662556e-01   7.1420470e-02   3.4136135e-02  -7.5081605e-02   2.6519617e-01  -1.2012314e-01  -6.2236620e-02  -1.3227429e-01  -4.3249910e-02   9.2926898e-02   1.3838892e-01  -7.3252463e-02  -2.0527079e-01  -5.6221555e-02   1.0845897e-01  -1.6931617e-02
  -1.3402794e-01  -2.6718324e-02   1.5248826e-01  -4.6363222e-02  -6.6509105e-03  -1.2781041e-01   2.1961077e-01   2.0988453e-01  -9.3374289e-02   4.2918303e-02   2.3716859e-02   2.7494841e-02  -1.3116146e-01  -9.1196897e-02  -1.6821058e-01  -1.7471196e-01   1.0322925e-01  -4.6861421e-02   1.3197290e-01   2.2722247e-01  -2.5889108e-02   1.8281336e-01  -1.0104368e-01   1.1444164e-01  -3.7055421e-01  -1.0217359e-01   2.2014448e-01  -6.0519486e-02   1.8408378e-01   1.9992848e-01  -1.2084197e-01  -1.4607588e-02   6.1592415e-02   6.0266545e-03  -2.1126420e-01   1.5807829e-01   1.7569540e-01  -6.6009587e-02  -8.5402900e-02  -6.0509504e-02  -9.8433240e-02  -5.4439015e-02   2.9390468e-02   1.8865235e-01  -2.3209691e-01  -3.0765003e-01  -2.3053363e-02   7.0959655e-02  -1.9276552e-02
  -1.4741132e-01   1.0290832e-01   4.8997217e-02   8.4120459e-02  -3.2508303e-02  -3.7254043e-01  -8.3863145e-02   5.3261016e-02  -2.3378883e-02   6.3341992e-02   2.7778252e-02  -2.5879183e-01   1.5106839e-01  -8.0920642e-02   9.6202342e-02   2.0169763e-01   1.0714988e-01  -6.5909451e-02   7.4394649e-02  -2.0910612e-01  -9.4114177e-02   9.6734951e-02  -2.0626751e-02   4.0777767e-02  -2.4943786e-02  -2.2977010e-01  -1.5788386e-01  -3.0631130e-01  -1.4187216e-02  -1.7015157e-02   7.6828827e-02   2.7030666e-02   1.6868433e-03  -1.1525444e-01  -1.1708187e-01  -6.3071353e-02   8.5397701e-02  -4.2503132e-01  -2.0275443e-01   1.8643311e-01   9.8877760e-03   1.9156404e-01  -4.7788465e-02  -4.3654134e-02  -4.0306513e-02   1.8969134e-01  -8.9823641e-04   6.3688908e-02  -1.2150908e-01
  -1.3853729e-01   1.0319369e-01   1.0944905e-01   1.7748980e-02  -1.6675976e-01   6.4509758e-02  -4.0531313e-01  -1.5961451e-03  -1.0461978e-01  -7.4568590e-02   8.8682096e-02  -1.2929182e-01  -5.2554835e-02   3.4102438e-01  -7.8890469e-02   5.1841133e-02   2.6008852e-01   1.3343616e-01  -3.3531008e-02   2.6492914e-01  -4.7224851e-02  -7.4817227e-02  -1.0597218e-01   1.4235822e-01  -5.1648599e-02  -2.1873655e-01  -1.7660518e-01  -1.7952914e-02  -8.8037682e-02   2.5605768e-02  -1.4925343e-01  -1.1637620e-01  -1.1278828e-01  -2.4298623e-02   2.2172436e-02   2.9475798e-02  -9.5885095e-02  -6.5328954e-02   2.0097866e-01  -1.1440974e-01   6.3768399e-02  -4.0142088e-03   1.6382260e-01  -1.9560609e-03  -1.5375906e-01   2.0109044e-02   1.6391180e-02  -2.1932814e-01   2.9198869e-01
  -1.5070382e-01  -5.8221186e-02  -4.3686192e-02   1.9779751e-02   5.6363141e-03   1.0057911e-01  -1.8464943e-02  -2.2115043e-01  -1.2356539e-01  -2.6256627e-01  -1.5355469e-01  -1.8288740e-01  -9.2689196e-02   1.0172480e-01  -2.4842920e-01  -5.7068630e-02   4.1394922e-02  -1.1446287e-01   9.0933300e-02  -1.9993484e-01   1.3967311e-01   2.2076912e-02  -1.9512842e-01  -7.3797423e-02  -1.6208089e-01   1.3069959e-01  -2.8412182e-01   1.5301781e-01   1.2171921e-01  -1.6503255e-01  -3.4202846e-02  -2.1180119e-02   9.9921302e-02   1.2011964e-01  -1.2656740e-01   9.5693856e-02  -9.5025922e-02   1.9531994e-01  -4.5971354e-02   2.9624855e-01   1.0611299e-02   2.3207825e-01  -1.3238501e-02  -1.1593591e-01  -2.2629397e-01  -3.5972093e-02  -2.0652884e-01   9.4608752e-02  -1.0475054e-01
  -1.4206681e-01   1.1749623e-01   3.1333278e-01   5.9096886e-02   1.2135735e-01   6.7089044e-02   1.1030154e-02  -8.6703042e-02  -1.8866221e-02  -2.6029369e-02   9.8931999e-03  -1.2718908e-01   1.3641187e-01   1.6164232e-01   1.1310782e-02   2.6278086e-01  -1.7278881e-01   1.6381907e-01  -7.9646907e-02  -3.3578539e-01   5.5164860e-03   7.2414769e-03  -5.2986826e-02   3.0256632e-01  -3.2238984e-01  -4.5640068e-02   2.7627487e-01   1.4076714e-01   9.3824317e-02   1.1631698e-01   5.4889011e-02   1.0934054e-01   1.0714142e-02   1.3931736e-01   9.4715600e-02  -9.0016159e-02   7.9880596e-02   1.4842754e-01   3.1381616e-02  -3.4040923e-02  -1.7755100e-02   5.2027042e-02  -1.2692884e-02   6.2882357e-02   2.3744035e-01   7.1371002e-02  -4.6185489e-02   1.1974005e-01   2.1054032e-01
  -1.4425541e-01  -3.7618038e-01   7.8307301e-02  -1.0652274e-01   1.1964093e-01   3.2368261e-02   1.9889264e-02  -8.0238254e-02  -2.3152944e-01   1.1583946e-01   6.9076083e-02   5.7621138e-02   3.1929672e-02   1.0133670e-01   6.8504895e-02   6.1319314e-02   3.2908667e-01  -1.4019092e-01   8.1568150e-02  -4.8072158e-02  -1.7321524e-01  -4.5555997e-02   1.9901301e-01   2.5921670e-01   1.7177511e-01  -1.7206367e-01  -4.2798275e-02   2.2132540e-02   1.8837551e-02  -2.8808588e-02  -1.2463719e-01   9.8269390e-02  -7.8634148e-02   1.7857053e-01   1.6082429e-01  -1.7770616e-01  -6.0972700e-03   1.3863543e-01   1.2240820e-01  -1.0141666e-01  -1.1397115e-01  -2.6532806e-02  -1.1676444e-01   3.1742269e-02  -7.8151722e-02  -1.6168494e-02  -4.1651929e-02   1.4383219e-01  -3.7732534e-01
  -1.3530124e-01   2.0487782e-01   7.5817713e-02   2.0980630e-01  -2.2119702e-01   9.3953913e-02   6.7110328e-02   8.3046966e-02   6.6694258e-02  -2.1987217e-01   1.4178089e-01   1.0564004e-01  -4.3824586e-02   8.4599976e-02  -8.8397169e-02  -2.4222027e-01   1.1282515e-01  -7.6086081e-02  -6.9612112e-02   5.6846655e-02   2.8892645e-01   2.2130977e-01   1.5862540e-01   1.0382457e-01  -3.6680206e-02  -1.1595148e-01   4.2702737e-02   7.5988824e-02  -2.0238874e-01  -1.4664057e-01   3.6869778e-03  -9.0611905e-02   8.8374005e-02  -2.5363028e-02   1.6443474e-01  -1.7611709e-01  -7.0489547e-02   3.4296387e-02  -3.7506620e-01  -2.0170396e-01  -3.9473082e-02  -1.3167943e-02  -2.8244720e-02  -9.3162920e-02   3.1785541e-02   2.0024869e-01   6.8834906e-02   2.1839865e-01  -1.1975242e-01
  -1.2788882e-01  -2.1586986e-01  -2.6421440e-01  -1.9080894e-01  -5.6696982e-02   2.2962572e-01  -1.8960596e-01   3.0116395e-02   1.3775786e-01   8.0426856e-02  -2.0716422e-01  -7.0946808e-02   7.9229263e-02  -3.4442150e-02  -4.4065411e-02   8.0030829e-02  -8.5816450e-02  -8.0202758e-02  -5.8810308e-02  -1.7608980e-01  -8.3355019e-02   1.6785963e-01  -2.5663424e-02   9.6876190e-02   5.4343762e-02  -1.6335617e-01   1.6692382e-01  -1.8669723e-01  -3.3680952e-02  -2.7250468e-02   2.9462542e-02  -1.9017199e-01   3.3426916e-02  -1.3685435e-01  -1.3900670e-01   4.1297955e-02   9.3475353e-02   9.7237133e-02  -9.3661290e-02  -2.3631846e-01   2.0264795e-01  -1.6336139e-01   6.9026711e-02  -3.2592719e-01  -1.1559864e-01  -1.0957097e-01  -1.1203956e-01   2.5123450e-01   1.4369312e-01
  -1.4167002e-01  -1.3663999e-01  -1.1344146e-01   2.2451859e-01   5.1349283e-02   6.5253322e-03  -6.1847468e-02  -6.4183698e-02   1.2529735e-01  -3.9682244e-02  -9.9827081e-02  -2.6990223e-02   3.4538710e-01  -1.7417641e-01  -2.2574569e-01  -1.2863010e-01  -4.9306137e-02  -2.3706204e-01   1.1663193e-01  -9.2975325e-04   8.9198243e-02  -1.6191070e-01   2.7972932e-01   6.6646885e-02  -6.5151936e-02   4.5191189e-02  -5.1392800e-03   2.7802670e-01   1.8652093e-01   2.7569426e-01  -1.6706006e-02   1.3317125e-02  -1.6451590e-01  -5.9537957e-02   1.7726654e-02  -5.8699732e-02  -1.0658906e-01  -2.5481101e-01   4.8265860e-02  -2.1575507e-01  -3.0494463e-02   1.8040994e-01  -6.3512515e-02  -1.1539145e-01  -6.1257125e-02  -1.6524707e-02   5.9243706e-02  -1.6024257e-01   1.2129443e-01
  -1.3075259e-01   3.6489844e-02   6.3362277e-02   2.2407905e-01   2.5643239e-01  -1.0151391e-01   1.7116940e-01  -8.6383388e-02  -4.6096689e-03  -1.5951333e-01   1.7887168e-01  -6.7454788e-02   1.3644012e-01   1.7380641e-02   1.3764223e-02  -4.1901721e-02  -1.3364333e-01  -1.1335295e-01   6.1111107e-02   8.9396117e-03  -1.0245688e-01  -3.0755956e-01  -8.9900964e-02   3.7595189e-02  -2.1322727e-03   2.0740212e-01   1.4622561e-03  -2.3410218e-01  -9.6792443e-03  -1.8851895e-01  -3.7864981e-01  -1.9515236e-01   3.5625742e-02   1.6362397e-01   1.7836820e-03   5.6337070e-02   1.3304302e-01  -3.6385269e-02  -7.4229856e-02  -1.1618554e-01   1.5246661e-01  -3.6281892e-01   8.9345720e-02  -1.4014598e-01  -3.6578788e-02   9.3800886e-02  -2.5240038e-02  -6.9962048e-02  -1.3818212e-02
  -1.3988201e-01   1.8089012e-02   1.3507817e-01   1.5377853e-01  -2.2319731e-01   1.0483884e-01   1.4187957e-01   5.3289129e-02  -5.8739989e-03   2.1110342e-01   5.1717044e-02   2.3193812e-01  -9.8905280e-02  -1.1413669e-01   6.8617063e-02   8.5459115e-02   1.5686787e-02  -1.5223176e-02  -1.5651439e-01  -1.8294550e-01  -2.0234802e-01  -5.3714711e-02   3.9833515e-02   7.2808358e-03   1.2785380e-01  -6.9763347e-02  -6.1082103e-02   3.0706849e-01  -4.1065864e-02  -1.7000129e-02  -2.5384096e-01  -9.7631504e-02  -1.1718248e-01  -1.1394023e-01  -2.5196135e-01   4.1687019e-01   6.7939066e-02   3.3576825e-02  -1.5367039e-02   6.3633481e-02  -2.1439814e-01   3.8889003e-02  -4.4120625e-02  -9.6742755e-02  -2.6093236e-02   2.6803080e-01  -7.0890612e-02   1.7646248e-02   9.3817371e-02
  -1.3550782e-01   9.2443791e-02  -1.3165719e-01  -9.1703889e-02  -1.6165005e-01   6.9047879e-02   9.8432228e-02  -2.1519827e-01  -1.8453802e-01  -2.2434160e-02   6.6449046e-02  -2.7112436e-02   1.7213620e-01   1.6558162e-03   2.0075184e-01  -7.8316472e-02   2.0373908e-01  -5.3509045e-02  -4.0050409e-01   5.4589315e-02  -5.1056064e-02  -1.4548515e-01  -6.5127159e-02  -3.0114686e-01  -1.9985722e-01   6.0452345e-02   1.0375226e-01  -1.4106693e-01  -3.4875113e-02   2.7766735e-01   3.8694595e-02   1.1746939e-01   1.3526774e-01   1.7001785e-01   9.1486703e-02   1.0289297e-01  -1.1228574e-01  -1.0819002e-01   8.7195508e-02   6.8649288e-03  -9.3192662e-02  -3.7824586e-02  -1.5603846e-01  -2.0710294e-01  -7.4556313e-02  -1.0787225e-02   1.3801819e-01   2.1741866e-01   5.3546932e-02
  -1.3332951e-01   1.0954059e-01   5.7033006e-02   6.0512216e-02   2.3460417e-02   2.4069300e-01   1.7296291e-01   9.3630239e-02   2.4875697e-01  -9.3711473e-02  -5.5029860e-04  -3.4195952e-01  -1.3569442e-01   2.3440665e-01  -1.2875519e-01  -1.5868732e-01   4.8013232e-02   1.0425351e-02   2.8691387e-02   9.6218943e-02  -9.4748914e-02  -1.5380421e-01  -5.3733499e-02  -6.0104111e-02   3.0999912e-01  -1.0846852e-01   2.9941718e-01  -1.2732964e-01   9.8666131e-02   1.3654177e-01   1.0000534e-01   7.4694863e-02  -4.1818466e-02  -1.3161554e-01   5.1928457e-02   1.1786772e-01   1.9603504e-01   3.0171193e-02   1.1672096e-01   8.3766226e-02   2.1626995e-02   1.7550129e-01  -1.8082426e-01  -1.2951773e-01   7.9532050e-02   6.8020070e-02  -6.9589832e-02  -1.1991818e-01  -2.1806649e-01
  -1.5187494e-01  -3.2151683e-01   6.2098192e-02   3.1960244e-01  -1.9888147e-01  -5.7939051e-02  -1.2603112e-01   1.4665791e-01   1.1830700e-01  -1.0398943e-01  -1.0508612e-01   8.9844670e-02   9.0153187e-02   3.7020349e-02   4.1516300e-02  -1.1781825e-01  -3.7053037e-02   1.5266306e-01   2.1016089e-01  -1.6075616e-02  -2.2396484e-01  -8.8698609e-02  -8.2511556e-02  -2.9536650e-02   8.3213654e-02   2.6827714e-02   1.0370615e-01  -6.1022970e-02  -1.3908150e-01   4.7824979e-02   1.6627648e-02   3.0853640e-02   3.3823791e-01   1.2824205e-01  -2.1036928e-01  -3.0398173e-02  -2.1279933e-01   1.2558155e-01   5.8885327e-02   1.0879885e-01   1.4187237e-01   6.4840189e-02  -9.0635236e-02   1.7738588e-01   4.5109218e-02   2.5366012e-02   3.1681944e-01   1.2655035e-01   5.4428722e-02
  -1.3251500e-01   1.4291419e-01  -1.2824655e-01  -6.7937224e-02   2.0548616e-01   7.1399411e-02  -2.8856932e-01   3.5743966e-02   9.4236959e-02   3.5547739e-02   2.0740819e-01   2.1308903e-01  -2.5502739e-01   1.2329270e-01   1.5308897e-01   2.3120259e-02   3.3385615e-02  -2.7728871e-01   1.1095700e-04   5.3058228e-02  -1.1019708e-01  -1.3177961e-01   2.3388461e-01   1.4087946e-02  -1.6452929e-01   8.6185250e-03   4.3836486e-02  -6.9263535e-02   5.1527536e-02   8.3324571e-02   6.1940430e-02  -1.2655107e-01   1.0673006e-03   2.0358473e-01  -2.7478084e-01   1.2565653e-02  -1.1418605e-01   5.5055566e-02  -2.5342249e-01   1.1876881e-01   8.5059378e-02   1.5409145e-01  -1.1249596e-01  -3.1264160e-02   2.8890224e-01  -1.3082768e-01  -8.3018145e-02  -1.1772401e-01  -1.7500491e-02
  -1.7291620e-01   4.8763179e-03   1.2189544e-01  -5.0876842e-02  -2.7091669e-01  -8.8281939e-02  -1.4862842e-01  -1.5429439e-02  -3.5784184e-02  -2.4809113e-01  -6.5376420e-02  -9.0558290e-02  -2.7952072e-02  -3.5023207e-01  -6.5599241e-02   2.0567682e-01   4.6729153e-03   1.3213803e-01  -1.2401939e-01   1.3468188e-01  -2.7012185e-01  -7.0689205e-02  -2.7583598e-03  -8.3624975e-02  -3.8458051e-03   1.0327055e-01   6.7061268e-02   1.9236696e-01   5.2656266e-02   1.4242438e-01   2.0274239e-01  -1.1652144e-01  -1.5872759e-01   9.4190732e-02   3.3016615e-02  -1.1282539e-01   7.2748286e-02   1.4873965e-01  -2.0429597e-01   8.2815373e-03   6.1150034e-02  -1.5822171e-01   2.2735435e-01  -6.2718252e-02   2.8861491e-02  -1.4006354e-02  -1.3916888e-02  -1.5400441e-01  -3.3380436e-01
  -1.6473932e-01   1.5390346e-01   1.0546886e-01  -1.1522784e-01   1.8405861e-01   9.7261808e-02  -9.5751064e-04  -1.4606746e-01   1.3922730e-01   2.0545078e-01  -2.1914061e-04   1.7223742e-01   1.1561854e-01  -1.4543105e-01  -1.9377919e-02  -1.3607402e-01  -2.1057512e-01   1.8122289e-01  -1.4027277e-01   1.0525542e-01  -1.2654107e-01   5.3851380e-02  -5.2175995e-02   4.4118341e-03  -9.9724320e-02  -2.4128572e-01  -6.4438367e-02   4.8673257e-02   1.2247961e-01  -1.7594074e-02  -1.6539828e-01  -3.2488016e-01   1.0276875e-01  -1.7294222e-01   1.9900790e-01  -1.9799230e-01  -1.3620685e-01   3.5083435e-02   7.1100573e-02   2.6295645e-01   1.9933424e-01   7.8757089e-02  -1.8423414e-01   1.9160342e-02  -1.8161894e-01   4.8538696e-03   1.0780572e-01  -2.8535678e-02  -1.5487276e-01
  -1.2842957e-01   6.2591733e-03   2.4700442e-01  -1.3443757e-01   9.0367296e-02  -6.5508731e-02  -3.4888778e-02  -3.8187031e-01  -2.6514570e-02  -2.4623859e-02  -2.2647965e-01   1.6147087e-01  -1.3275856e-01   1.7198786e-01   1.1536380e-01  -3.2390798e-01  -6.8918769e-02  -5.7103586e-02   1.0261085e-01   1.5211072e-02  -2.0665966e-01   1.6237244e-01  -1.3939637e-02  -1.2805016e-01   5.5336942e-02   1.6578191e-01   4.2416256e-02   4.7019525e-02  -1.8620152e-01   6.3164879e-02  -6.7839085e-02   1.0164347e-01  -1.8228835e-01  -1.0404651e-01  -1.0920295e-01  -1.7665496e-01   2.1600551e-01  -1.7320044e-01   3.3340022e-03  -4.6628876e-02   3.8490348e-02   1.5732655e-01   2.7073346e-01  -8.6201844e-02   8.9931025e-02   2.7962973e-02   8.5197577e-02   1.2831073e-01   5.1092341e-02
  -1.3387289e-01   1.3801950e-01  -4.7242404e-02   1.1387733e-01   5.3693293e-02   1.2801254e-01   9.1056619e-03  -1.0068561e-01  -1.0294693e-01  -2.0847410e-01   3.8962052e-02   1.1823327e-01   1.6959864e-02  -2.1986843e-01  -6.6937851e-02   2.8928029e-01   9.8107224e-02  -1.1738228e-01  -9.4280417e-02   1.5926377e-01   2.0308709e-01   1.9252259e-01  -1.4192019e-01  -8.1358150e-02   2.8527042e-01  -9.4032345e-02   1.4411825e-01   1.1249731e-02   2.1989347e-01  -1.0368596e-01  -1.7778202e-01   3.2484648e-02  -4.8760971e-02   3.8343706e-02  -2.6159836e-01  -1.1068399e-01  -4.1396802e-02  -1.5054509e-01   2.8093142e-01  -8.4561872e-03   1.7592364e-01   3.8557924e-02   4.1354912e-02   1.6181286e-01   2.3321485e-01  -4.6233032e-02   2.3179781e-02   2.0235334e-01  -1.1527048e-02
  -1.4057340e-01   1.4611108e-01  -1.4098982e-01  -1.3113676e-01   5.7474149e-02  -3.0272722e-03   6.9010616e-02  -1.0639413e-01   5.9395400e-02  -2.4399974e-01  -1.0068004e-01  -2.3025112e-01  -2.6714593e-02   1.3848589e-01   3.5466400e-01   9.1525367e-03  -9.4169573e-02   1.8786411e-01   2.1277626e-01  -1.3152586e-01  -9.6610314e-03   1.0467873e-01   1.8269646e-01  -1.6874545e-01   8.0431769e-03  -1.3078604e-01  -3.3071973e-02   1.8474398e-01  -8.6901484e-04   1.1985799e-01  -1.3359412e-01  -4.1535125e-02   6.0053305e-03  -1.0971232e-01  -1.5131164e-01   9.1132663e-02  -2.6689043e-01  -6.4773650e-02  -1.8146674e-02  -2.0897805e-01  -8.2065318e-02  -2.7470867e-01  -1.2237243e-01   2.7078841e-01  -5.1957677e-02  -1.9636845e-02  -9.8282720e-02  -2.9554204e-02  -1.3286381e-01
  -1.1227353e-01  -1.1572336e-01  -7.0175885e-02   2.1077632e-01   5.2410310e-02  -1.5796601e-01   2.7960958e-01  -7.3635728e-02   9.5480816e-03   7.5508194e-02   1.8731338e-01   6.4572119e-02  -1.8463861e-01   4.2541016e-02   2.8365887e-01   6.7398957e-03   7.7121143e-02   1.4863827e-01   4.2480303e-02  -5.9955771e-02  -2.8351198e-03   1.8910553e-01  -1.3259393e-01   3.7956639e-02  -9.8766265e-03  -3.0185874e-02  -6.1738219e-02   6.0181407e-02   2.5953638e-01  -4.0293856e-02   2.7015470e-01  -8.6886239e-02   1.9255588e-02   2.6316293e-02   1.1233177e-01   1.5816000e-01  -1.7787027e-01   1.2670816e-02   8.2054567e-02  -2.6796147e-01   2.5476510e-01   2.0494324e-01   2.2019670e-01  -2.6869027e-01   2.3151432e-03  -8.0380944e-02   6.6731136e-02  -1.3059474e-01  -3.3285059e-02
  -1.4290746e-01   1.0137098e-01  -1.7577498e-01   8.5505877e-02  -1.3847667e-01  -2.5724340e-03  -9.8437036e-02  -1.5555935e-01  -3.5130727e-02   9.0567236e-02  -2.0211905e-01   2.2837388e-02  -3.0404922e-01  -7.4628182e-03   2.5359586e-02   5.7744387e-02  -2.7875174e-01  -2.3876659e-03  -5.4940407e-02   6.6920662e-02   8.8945717e-03   9.1316912e-02  -7.3144896e-03   2.0535004e-01   1.4102340e-01   4.0505589e-02  -1.0002452e-01  -4.4437559e-02   1.6621348e-01   1.9352987e-02   3.8040404e-03   1.0950379e-02   3.9605155e-01   2.6757585e-01   2.8894766e-02  -1.4366891e-01   2.5637683e-01  -1.4019036e-01   6.7703410e-02  -1.5288012e-01  -3.0715934e-01  -3.0353017e-02  -1.3398951e-01  -3.1452817e-02  -8.4362627e-02   6.8022147e-02   6.4546283e-02  -1.9962502e-01  -2.2787156e-03
  -1.1859069e-01   2.0929243e-01  -2.4337108e-02   8.6072763e-02   2.2715138e-01  -3.9040765e-02  -2.4599169e-03   2.0778219e-01   8.3285372e-02  -5.1463095e-03  -1.1158603e-01   1.2978621e-01   1.7160856e-01  -4.4918392e-02  -1.3168072e-02   1.0675736e-01   7.8195312e-02   1.9167131e-01  -4.6569161e-02   1.8462786e-01  -1.6746514e-01   7.8662472e-02   6.7706176e-02   4.5233841e-02   6.4104678e-02   2.9657581e-01  -4.5521454e-02  -1.0763987e-02  -2.8388892e-01   4.8046472e-02   6.0848581e-02  -2.7906883e-03   1.6888187e-01   7.2303572e-02   5.0780427e-02   4.5309751e-02  -4.6123393e-02  -3.1355725e-02   1.3150971e-01  -1.6048844e-01  -2.4105154e-02   2.5172366e-01   2.2142620e-02   1.4548430e-02  -1.4067356e-01  -2.0226170e-02  -5.1262597e-01   1.5377774e-01  -4.3304586e-02
  -1.3716539e-01   1.2150278e-01  -1.5542134e-01  -1.3722138e-01   1.4802520e-01  -2.5792265e-02   1.2438691e-01   2.1370085e-01  -2.1229267e-01  -1.1911570e-01  -1.0740539e-01   6.1682947e-02  -7.4769634e-02  -1.2241689e-01   1.9616296e-02   1.7543862e-01  -4.1742213e-02   1.3535460e-01   1.9567999e-01   6.1018427e-02   1.7930116e-01  -1.4616692e-01   1.6145780e-01  -2.4721532e-02  -7.6434072e-02  -1.4612333e-01  -1.8368604e-01  -1.7637234e-02  -1.7251709e-01   2.1595259e-01  -2.1231655e-01   1.9107709e-01   9.7567257e-02  -1.1433942e-01  -1.0591582e-02   1.6272870e-03   2.0669575e-01   2.7830894e-01   3.6393976e-02  -6.7866856e-03   1.3110553e-01   1.5865316e-01   8.1670094e-02  -2.6404876e-01   5.4825405e-02   7.7557476e-02   2.8232864e-01  -1.1713385e-02   1.9907534e-03
  -1.4293737e-01  -7.4303765e-02  -1.4581531e-01   7.3339204e-02   6.3836498e-02  -6.7253923e-02   2.4329308e-01   1.1114408e-01   1.9062637e-02  -2.3737406e-01  -1.4283325e-01   9.4610694e-02  -1.1544285e-01   2.5967169e-02  -1.0566858e-01  -1.0054840e-01  -1.7522680e-01   8.0762445e-02  -3.9189418e-01  -1.1499810e-01  -1.2258336e-01  -2.1242703e-01   1.9675446e-02   1.3593022e-01  -1.8683663e-02  -2.8983487e-01  -8.4240702e-02  -1.0172270e-01  -1.5777018e-01  -1.8760771e-01   4.4631651e-02   1.4048795e-01  -1.5683432e-01  -2.8822990e-02  -5.1931328e-02  -1.2483955e-01  -1.7732088e-01  -1.2544921e-01   3.3470260e-02   7.1323154e-02  -2.0084279e-01   1.1043000e-02   1.6370963e-01   1.8803605e-02   7.7718139e-02  -3.2134212e-01  -3.3537196e-02  -5.6885303e-02   2.9819057e-02
  -1.4432889e-01   1.4454585e-02   1.9188013e-01  -4.3719433e-02   1.9043548e-01  -2.4132944e-01   4.5259383e-02   9.8843583e-02  -1.1131258e-01  -4.9907071e-02  -1.1385634e-01  -8.9784119e-03  -7.8914827e-02   6.7390086e-02  -1.1308182e-01  -3.2939485e-02   1.0651878e-01  -3.5250069e-01  -2.7006650e-01  -1.0561803e-01   4.6727526e-02   1.0252356e-01   6.5750566e-02   6.3987347e-02   6.1769650e-02   1.4124504e-01  -8.9473504e-02   1.1349402e-02  -5.2114862e-02   1.4473530e-01   2.8071077e-01  -1.4136303e-01   2.0936573e-01  -3.1377607e-01  -1.1315649e-01  -6.2917827e-03  -8.4471837e-02   1.5972966e-01   2.4879828e-01  -2.0046375e-03   7.5697681e-02  -2.7437415e-01  -7.1977707e-02   5.3031129e-02   2.7142875e-02   1.4639005e-01   7.1280773e-02  -1.3635259e-01   4.0701719e-02
  -1.2334617e-01   6.7090806e-02   9.5050804e-02  -1.0377167e-01  -1.3711360e-01  -3.1044248e-02   1.5817607e-01   2.1360738e-01  -5.7742281e-02   1.6680947e-01  -7.2582740e-02  -5.2611931e-02   8.7055551e-02   1.4950583e-03   1.6212826e-01  -1.5427637e-01  -1.3472360e-01   5.5367555e-02   1.2211996e-02   5.5226672e-02   2.0669989e-01  -6.7305166e-02  -9.1694729e-02  -2.3190471e-02   4.6977606e-02   7.1762882e-02  -8.0897481e-02  -1.6525088e-01   8.4513612e-02  -4.2614623e-03   1.1349149e-01  -1.0733563e-01  -4.0663561e-01   2.5683466e-01  -3.4277236e-01  -3.3638685e-01  -9.1733969e-02   2.0848559e-01   8.1569022e-02  -1.0271757e-01  -2.1543982e-02   5.6101436e-02  -1.5246711e-01  -4.6770306e-02  -1.3203962e-01   1.7448544e-01  -7.4985021e-02  -9.7123690e-03   7.8269983e-02
  -1.4677837e-01  -2.6667264e-03  -2.0181849e-01   2.8451447e-03   2.2694528e-01  -2.7417886e-01  -2.5233817e-02  -6.4808588e-02   1.8371442e-01   2.3769850e-01  -2.0873861e-01  -2.1630263e-01  -4.4513165e-02  -1.5142399e-01  -1.0071498e-01  -1.3561331e-01   2.5359030e-01   2.1016126e-02  -1.1285280e-01   1.3868419e-01  -5.0218957e-02   1.6702861e-01  -1.4786791e-01  -6.1640015e-02   3.0859703e-02  -1.0504747e-01   9.6608268e-02   1.1870206e-01  -1.8171709e-02  -9.8561996e-02  -1.8823626e-01   2.5141219e-01  -5.0203423e-02   1.8337437e-01   7.4804758e-02   2.6326255e-02  -1.3234749e-01   2.2465231e-01  -2.0150193e-01   7.3025259e-03  -1.0422706e-02  -7.5638408e-02  -1.4650928e-02   2.6520702e-02   1.6487380e-01   2.0062520e-01  -1.4544996e-02  -1.1283144e-01   1.9245630e-01
  -1.4305945e-01   2.1078386e-01   6.8321180e-02  -9.7269495e-02   5.9653752e-02   1.0546105e-01   3.3737209e-02  -8.1439891e-05   1.5278706e-01   9.8706447e-02  -1.0548463e-01  -3.5896285e-02  -2.8798160e-01  -1.8221230e-01  -1.3413594e-01  -8.7980764e-03   1.6915363e-01   1.0977431e-01   1.1512552e-01  -2.1294438e-01   8.8631542e-02  -1.1077533e-01   2.7660478e-01   1.2480610e-01   9.8542506e-02   1.2532855e-01   2.0359316e-02  -5.8944492e-02  -5.2046617e-02  -3.8598026e-02   1.5511195e-01  -2.9380661e-02  -1.4278993e-01   2.9683201e-01   1.2034858e-01   1.6943209e-01  -9.1201089e-02  -2.0937993e-01   9.3623358e-02   1.4161143e-01   1.6883873e-01  -1.5052641e-01   9.9735483e-02   9.0476754e-02  -2.1971806e-01  -9.5114643e-03   2.4250438e-01   1.8996768e-01   1.0157912e-01
  -1.6044755e-01  -1.6952467e-01   2.8243446e-02   1.8951033e-02   1.6949956e-01   1.0595804e-01  -1.9353505e-01   2.3142075e-01  -1.7988489e-01   2.0447920e-01   2.0832125e-01  -2.7049095e-01   7.4054463e-02   1.8633602e-02  -9.1258218e-02  -1.7452205e-01  -2.4739210e-01   5.7165232e-02  -1.8432132e-01  -1.0839842e-01   1.5476985e-01   1.9732672e-01   1.2049954e-01  -2.9434714e-01   4.7726205e-02  -2.5598356e-02  -2.5722432e-02   3.3539112e-02  -1.0820057e-01   4.2156285e-02  -5.6554702e-02  -1.4902373e-01   5.3314781e-02   2.1585220e-01   8.3276642e-03   1.2816138e-01   5.9025097e-02  -6.6581713e-02   9.0644414e-02  -1.5868941e-02  -1.1038985e-01   8.5140361e-02   3.1067742e-01   9.6106295e-02   1.2058184e-01  -3.3952461e-03   8.4283643e-02  -1.7121181e-02  -1.7529787e-01
  -1.4605617e-01  -1.9324716e-01  -2.1988448e-02  -1.0253150e-01   1.4529916e-01  -5.7585654e-02   1.3627868e-02   5.1229302e-02   1.5166687e-01  -5.7969444e-02  -8.9673709e-02  -1.3684573e-01  -5.9421272e-02  -1.3636428e-02   3.1306136e-01   1.8291949e-01  -4.1548950e-02  -2.0058133e-01   6.1881610e-02   3.3235692e-01   1.7102086e-01  -2.3313374e-01  -1.4184279e-01   3.3080293e-02  -7.9105887e-02  -2.3392003e-02   1.4552652e-01   2.2063210e-01  -1.0676725e-01  -2.0168043e-01   1.5309425e-01  -2.8960510e-01   5.0120982e-03  -7.0039752e-02   1.1281982e-01   4.3560932e-02   5.5802968e-02  -5.9749087e-02   3.4538488e-02   9.7952529e-02  -2.7914341e-01   1.1404537e-01   9.6127418e-02   4.5559316e-02  -5.3293265e-02   9.1189262e-02   1.2132601e-01   2.1572976e-01   7.7327768e-02
  -1.2702990e-01  -1.0060035e-01  -2.9020448e-02  -7.4731503e-02  -7.1245681e-02   1.0484224e-01  -1.0410097e-01   1.7733405e-01   2.2524564e-01  -2.2667565e-01   3.7499308e-02   2.3526149e-02   8.7419191e-02  -1.7050978e-01   2.8250142e-01  -2.9187796e-01   3.1892118e-02  -2.7182429e-02  -3.4440056e-02   5.7570010e-03   2.5319642e-02   1.5489439e-01  -1.3646910e-01   2.3776330e-01  -9.5589851e-02   4.4319272e-02  -3.9462292e-01   1.3308840e-02   7.0995427e-02   8.0906854e-02  -2.4343489e-03   1.0311843e-01  -1.0701868e-01   6.9045078e-02   1.5598287e-01   1.5455204e-01   2.6396774e-01  -5.7364083e-02   1.6854602e-01   1.3175849e-01   9.7928769e-02  -1.4132324e-01  -1.1003887e-01   4.4419765e-02   2.6865572e-01  -3.5873826e-04  -9.1643021e-02   6.0481129e-02   1.1156036e-02
  -1.6278058e-01   2.9807454e-03   1.5637095e-02  -1.9347277e-01  -2.8954734e-02  -1.1393849e-01  -1.3264307e-02  -1.1137837e-01  -1.5810553e-02   1.5174708e-01   3.6815532e-01  -9.7108250e-03   1.9905234e-02  -4.1047672e-02  -1.1559322e-01  -1.7531491e-01  -7.8817000e-02   1.3385496e-01   8.4018486e-02   8.2296943e-02   8.5682480e-02  -3.3799678e-01  -2.3602495e-02   1.3408502e-02   1.9673335e-01  -1.4594799e-01  -1.1167546e-01   2.3836425e-01   9.3612311e-02   8.2308957e-03   2.2251210e-01   2.2249573e-01   2.8215813e-01  -8.6039814e-02  -1.5795402e-01  -9.3591243e-02   4.7653056e-02  -5.8694445e-02  -7.3284603e-02  -7.7663237e-04   8.3795865e-02  -1.6125163e-01   1.1687659e-01  -1.1964287e-02   3.0365250e-02   1.2209962e-02  -2.5077898e-01   2.1903262e-01   1.2778981e-01
