  -1.4365626e-01   9.4694272e-02   6.8746308e-02   1.3347211e-01   8.5977553e-02   1.4767622e-01   1.1031108e-01  -1.5455642e-01  -3.5527719e-02   3.3059205e-02  -1.3356477e-01  -1.6959847e-01  -1.9501956e-02   2.8176334e-02   1.7503453e-01   3.0952474e-02   1.3638052e-01  -4.0467728e-02   1.3627007e-01   5.9539895e-01   1.0356940e-02   7.5601579e-02   4.1155166e-02   1.4904447e-01   1.9006968e-01  -1.8772428e-01   9.3660869e-02   1.5234687e-02  -1.1530589e-01  -1.9225030e-02  -1.4686641e-02   1.5160765e-01  -1.6616771e-01   2.6449791e-01   1.2029282e-02   6.7879226e-02  -9.6142198e-02  -1.4010319e-02   1.8384221e-01   3.6411206e-02   1.6135407e-01  -2.5074466e-02  -5.8524919e-02  -2.2253438e-02  -5.3322210e-02   1.1767000e-01  -2.4413446e-01   7.0707499e-02   4.2833678e-02
  -1.2995771e-01   2.0241880e-01  -1.2439977e-01   1.4696188e-02  -1.4882085e-01   2.1682851e-01  -9.5121883e-02   2.3047190e-02   7.7222881e-02  -1.7328639e-01  -7.4994184e-02   1.6545604e-01  -8.5482660e-02  -2.0549613e-01   3.3560813e-02  -2.3062037e-01   1.6677966e-01   8.4532754e-02   1.2663301e-01  -8.3956184e-02   8.8730273e-02  -2.1449595e-01  -1.9523120e-02   8.8938885e-02   9.7875407e-02   9.7898655e-02  -1.0983494e-01  -1.0419476e-01  -1.7649663e-01   7.6888564e-02  -1.4921958e-01  -2.3329394e-01  -5.2884514e-02  -6.6535555e-03  -2.5258167e-02  -4.0949081e-02   3.5411814e-01   1.0078181e-01   1.6474679e-01  -3.0640276e-02  -2.0138382e-01   4.1656794e-02   1.0856355e-01  -1.7576929e-01  -9.9461516e-02  -4.5498804e-02  -3.4313629e-01  -1.2197488e-01   2.1440216e-02
  -1.6635914e-01   1.2269932e-01   7.0329530e-02   1.0673455e-01   4.3090054e-02  -1.6101511e-01  -1.0668088e-02   2.3806901e-01   2.9022914e-01   2.0944040e-01  -3.5358292e-03   1.2859527e-01  -5.9761324e-02   1.6965309e-01   1.7061075e-01   1.0632604e-01   2.4603345e-02   2.0411391e-01  -9.3177159e-02   3.5544406e-03   2.1025165e-01  -3.0743986e-02  -1.2575881e-01   1.3340286e-01   9.7813938e-02  -1.4263531e-01  -8.1560512e-02   7.5045091e-02   1.8346817e-01  -1.1508819e-01   3.4278409e-02   1.7869135e-01   8.2213624e-02  -1.0381541e-01   1.8550528e-02   3.3056818e-02  -2.0097853e-01  -1.2217322e-01   1.2445424e-01   1.3332174e-01  -3.5171716e-01   2.5096294e-02   2.3359390e-01   5.8001689e-02   1.1493787e-01  -1.3636823e-01  -1.3620027e-01  -1.6251065e-01   1.4290746e-01
  -1.4317524e-01  -1.8732943e-01   1.4372073e-01   1.7616457e-01   2.2875535e-01  -8.7588346e-02  -1.1775694e-01  -1.5067664e-01  -7.6378880e-02  -1.0350596e-02  -2.1588491e-02  -1.1530038e-01  -1.4730162e-01  -3.5565566e-02   2.1959009e-01  -6.7307043e-02  -1.9224774e-01   6.0400552e-02  -1.2364783e-01  -8.4172060e-02  -3.2322241e-02  -4.5113198e-02   1.4744233e-01  -1.2589469e-01  -5.8787630e-02  -1.2800832e-01   7.9213739e-02  -6.2762845e-02   5.9972325e-02  -1.0299820e-01  -3.5101497e-02  -2.0289725e-01  -1.8595363e-01   1.8121136e-02   1.0069705e-01  -9.6150945e-02   1.8345036e-01   1.9448121e-01  -1.4727065e-01   7.1274469e-02   2.4036759e-02  -7.6534742e-02   1.2884431e-01   4.1367470e-01   2.1985604e-01   9.4885468e-03  -2.6577023e-01  -1.5964781e-01  -1.3847389e-01
  -1.2403728e-01   1.4042683e-01   1.7194964e-01   7.0138434e-02   1.6998606e-01  -4.7905850e-02  -1.7006657e-01  -3.8551311e-02  -2.3117581e-01   8.2932015e-02   1.2846543e-01   2.4612213e-01   3.0554079e-02   6.2843045e-02  -1.0996953e-01  -7.4131561e-02  -2.7456649e-02   5.3318858e-02  -1.7788667e-01   1.4203845e-02   2.6823591e-01  -7.0828422e-02  -2.4786508e-01   9.5149238e-02  -1.7606148e-01   1.5854014e-02  -3.5293189e-02   9.7172627e-02  -8.8784089e-02  -1.3212983e-01   1.6746684e-01  -1.3217262e-01   1.7742645e-01   1.7228502e-01   2.0013696e-01   3.3846246e-02   1.7872136e-01  -1.9365419e-01   1.1744458e-01   9.6194981e-02   1.5011586e-01   8.4304960e-02  -3.3457238e-01  -5.2475377e-02   1.2608664e-01  -5.1781672e-02  -8.0956480e-02   1.8816385e-01  -1.1627749e-01
  -1.3028325e-01   2.5774135e-02   1.0629899e-01   9.9384436e-02  -3.8188157e-01  -1.3291910e-01   1.6443956e-01   1.1557478e-01  -1.8519135e-01   7.5502821e-02   7.3494404e-02   3.8371195e-02   7.9823414e-02   4.4144069e-02  -4.6965243e-02   1.8795100e-01  -5.8066685e-02   8.0838641e-02   3.7709434e-02   1.0286812e-01   6.0148482e-02  -1.3204723e-01   9.4019746e-02   1.1959898e-01  -7.4445669e-02   1.6633383e-01  -1.1463327e-01  -1.3259422e-01  -1.6291493e-01  -1.7468178e-01  -9.5495373e-02  -1.2894017e-01  -1.0869842e-01  -5.3235094e-02   1.0984661e-01   7.6898465e-02  -1.6103281e-01  -3.1788482e-03  -1.6250419e-01   2.2385410e-01   1.0243388e-01   1.8063471e-02   5.5194808e-02   1.4961781e-01  -4.2540198e-01  -1.1002464e-01  -1.5333231e-02  -1.2517044e-01  -2.6722630e-01
  -1.3483700e-01   1.0517863e-01   6.2979315e-02   2.7177363e-04  -9.4064494e-04  -5.8692472e-02  -2.7246732e-02  -8.1842514e-02  -5.3922340e-02   3.5101628e-01  -2.4715900e-01   3.5451259e-02  -3.1332513e-02  -5.1148100e-02   2.4850940e-01  -1.0848000e-01  -1.1562329e-01  -1.8283382e-01  -1.7579103e-02  -6.3137461e-02  -2.1302188e-01   7.8682181e-02   1.5729782e-01  -8.7110734e-02  -2.6496949e-01  -9.7322810e-02  -1.1572869e-01  -8.9955413e-02  -6.6727135e-02  -3.5353187e-02  -1.6320533e-03  -4.8984914e-02  -1.6511371e-01  -2.0203047e-01   1.6896746e-03  -1.7759890e-01  -1.1819885e-01  -3.5371251e-02   2.1733884e-01  -1.9030769e-02  -5.8811965e-03   4.1865951e-01  -1.8557685e-02  -2.9822666e-01   7.1148012e-03  -6.3984415e-02   8.1778803e-02   3.0932432e-02  -8.5013884e-02
  -1.3296211e-01   5.7119671e-03   1.1591084e-03  -2.6165086e-01   4.5368202e-02  -9.2021043e-02  -1.3652760e-01  -4.6062660e-02  -8.0321527e-02   5.9940364e-02   3.7648731e-01   1.4038529e-01  -3.7245246e-02  -1.2387600e-01  -5.7965152e-02   7.7490117e-03  -2.8387567e-01   2.1281027e-02   1.6548405e-01   4.0979807e-02  -1.2846341e-01  -8.0850657e-02   2.7543176e-03   1.2512632e-02  -2.3655968e-02  -1.4298291e-01  -3.6588308e-01   2.2295188e-01   1.1454552e-02   1.8188021e-01   1.3859654e-01   4.2552975e-02  -2.0479902e-01   2.2924341e-01  -1.7228911e-01   5.7056631e-02  -9.5712944e-02   1.6646718e-01   1.5818181e-01  -2.3999250e-03   5.2444914e-02  -1.8485719e-01   2.1735689e-01  -4.6665360e-02  -2.7809996e-02  -1.3445819e-01  -1.4427184e-03   5.2194695e-02  -3.8914685e-02
  -1.3907840e-01   1.0333417e-01  -3.4674321e-01  -1.9859000e-01  -3.2138476e-02   9.9352519e-03  -1.2222017e-01  -1.3284288e-01   3.1912389e-02  -1.7186537e-01  -1.3235119e-02   9.7830978e-02   1.2256975e-01   1.6021619e-01   2.6340295e-01   7.0183278e-02   2.4079135e-02   2.0008888e-01  -1.5646470e-01  -1.4672200e-02  -2.0541351e-01   8.0941145e-02   1.2955231e-01   3.9422778e-04  -5.3544661e-02  -2.0324832e-01   5.3512149e-02   6.6173939e-02  -5.0337509e-02  -1.5298069e-01  -4.0497310e-02  -1.5107073e-01  -3.6891781e-02   1.0674436e-02  -3.1439881e-01   7.4848785e-02  -1.3577934e-03  -3.9441013e-01  -1.3780371e-01  -4.1089261e-02  -1.0164812e-01  -1.3337739e-01  -1.9516570e-01   7.1856759e-02  -9.2870371e-02  -7.7266282e-02  -3.9999495e-02   6.7557194e-02  -1.1972621e-01
  -1.4024817e-01   6.6451920e-02   3.5045484e-02   1.3411334e-01  -1.1599449e-01   2.2598428e-01  -4.1756633e-02   3.8584683e-02  -1.9770916e-01  -7.2856696e-02  -2.2893409e-03   1.5292298e-01  -1.4558716e-01  -1.9851495e-01   1.1969034e-01   1.2630828e-01   1.1409928e-01   5.0433562e-02  -1.3752798e-01   4.6697593e-02  -2.1592129e-02   1.4518960e-01   7.3706107e-02  -3.3705311e-02  -1.5750066e-01   1.3878054e-01  -1.4714230e-01   2.2265786e-01  -6.5584452e-02   1.5812761e-01  -3.5139545e-02  -8.9064880e-02   2.1266895e-01  -2.2525388e-01  -1.0142784e-01   1.5428235e-01  -2.4455956e-01   8.1073046e-02   1.6030208e-01   1.9016662e-02  -3.9642148e-02  -8.2648373e-02   1.9460823e-02   2.0041869e-01   1.6991454e-01   4.5352037e-01   7.0078673e-02  -1.3150447e-03  -2.8682590e-02
  -1.5696540e-01   1.5794314e-01  -1.6354684e-01  -7.4054322e-02  -9.9949108e-02  -1.9290532e-01  -2.5853726e-02   1.5543031e-01  -2.1575445e-01  -1.3643676e-01   1.6254547e-01  -1.4417561e-02   2.8511917e-03  -5.8487823e-02   2.5495518e-01   8.4517407e-04   1.5341551e-01  -9.6119887e-02   9.7260268e-02   1.8407693e-01   1.2509678e-01   2.0789289e-01   9.1776185e-02  -1.7288656e-01  -1.8885032e-01   2.9310711e-01   3.1760845e-02  -5.5928438e-02   2.7325153e-01   9.7638133e-02  -9.8580091e-02   2.1451423e-01   8.8005674e-02   2.0909359e-01   9.0894034e-02  -2.2019168e-01   4.6626373e-02   6.0029102e-02  -3.5260902e-02  -1.8655581e-01  -7.5738729e-02   6.7062617e-02  -8.2826667e-02   9.1075397e-02   9.2053960e-02  -2.3807648e-01  -3.2888857e-02  -6.6294368e-02  -3.0445645e-02
  -1.2950447e-01   2.3223722e-01   1.0898027e-01   9.1515122e-02  -1.5157630e-01   8.3106938e-02  -2.8428451e-01   4.9612375e-02  -1.0706393e-01   1.1239093e-01  -2.0967861e-02  -2.4498458e-01  -7.2793627e-02   3.7203229e-03  -7.1176713e-02  -2.0077254e-01  -1.2723837e-01   8.3592961e-02  -1.9022335e-01   1.3021182e-01  -5.2052810e-02  -2.2545736e-01   4.6230070e-02  -9.2066842e-03   1.5363107e-01   2.2109735e-01   9.9612919e-02  -1.2239025e-01   2.2686930e-01   1.1360815e-01  -2.0245623e-02  -2.2326475e-01  -1.1338087e-01  -6.3560202e-02  -7.6517561e-02   3.0774995e-02  -2.1634258e-01  -8.7051547e-02  -1.4174282e-01  -4.7126726e-02   4.0798369e-02  -1.3664845e-01   1.0867531e-03  -4.5244643e-02   8.4179595e-02  -1.5414924e-01   7.7732498e-02   2.5155934e-01   3.0592492e-01
  -1.5331097e-01  -1.9496308e-01   9.4808403e-02  -2.0527132e-01   2.5162613e-02   7.9958157e-02   1.1172778e-01  -2.5614127e-02  -6.1575379e-02   6.8377584e-02  -2.0104091e-02   1.6336376e-01  -3.3206561e-01   1.8291961e-01   1.9422669e-01   2.6046900e-01  -1.0677368e-01  -6.7288338e-02   8.9842302e-02   1.8317933e-02  -1.9995870e-01  -2.8339028e-01  -3.3757274e-02  -1.3431941e-01   1.8826781e-01   9.7549527e-02   7.5720886e-02  -3.3053244e-01   1.6456043e-02   2.5891862e-01   7.4040437e-02   4.6872844e-03   2.2947657e-01   2.2038423e-02   3.3293652e-02   1.0358910e-01   1.1259377e-01  -1.0189120e-01   1.5473825e-01   7.8793114e-02  -4.2567012e-02  -3.6691260e-02  -2.0911945e-01   4.0501509e-02  -1.9519169e-02  -5.4074117e-02   6.9277809e-02  -9.5570795e-02   4.2507705e-02
  -1.6122468e-01  -2.4871747e-01   2.1372470e-01   4.3256094e-02   4.8447895e-02   9.5319351e-02  -3.2961024e-02  -1.5108132e-02  -2.7385765e-02  -4.0479913e-02   3.4811436e-02  -1.5762163e-02  -2.1802490e-01  -1.3770222e-01  -3.8654909e-02   1.1941534e-01  -3.3636370e-02   3.0247081e-01   1.4986059e-01  -2.5734337e-02  -8.6325136e-02   3.6297961e-01   5.2539828e-03   1.0652447e-01   3.9825201e-02   8.4714472e-02   5.8462847e-02   1.0682185e-01  -1.0748140e-01  -7.9917698e-02   1.4855156e-04  -8.5212572e-02   1.7239340e-01   3.7381364e-02  -1.1800805e-01   5.4607164e-02  -1.1234886e-01   7.3267721e-02  -3.2737632e-01  -5.8391175e-02   2.7512155e-02   1.5026319e-01  -9.0405431e-02  -3.5855639e-01   6.4335570e-02  -2.5531555e-01  -1.2900084e-01  -1.3736720e-01   9.5541545e-02
  -1.3764035e-01  -9.4072958e-02  -2.9913256e-01   1.9295802e-01   6.8196697e-02  -1.4334052e-01  -1.0187624e-01   4.3235599e-02  -1.0917130e-01  -1.7300620e-02  -2.5278790e-01   5.9506594e-02   5.5234740e-02  -4.1416330e-02   4.4274512e-02  -1.1731671e-01   6.7718791e-02  -7.3895499e-02   2.0919569e-01  -9.7222230e-03  -7.6815636e-02  -2.3415798e-01  -7.3910629e-02   8.6796727e-02   7.8613823e-02   2.8491395e-02  -1.1886487e-01   1.6029810e-02  -7.1470631e-02  -2.6012887e-01   1.7990954e-01   1.9736490e-01   1.5554797e-01  -2.5069901e-01  -1.5173923e-01  -7.2376653e-02  -1.0885431e-01   3.1414454e-01  -1.1656035e-02   6.6507037e-02   1.5405538e-01  -2.5137245e-01  -2.4097896e-01   1.9625096e-02   8.8450779e-02  -1.7373057e-01   2.2949679e-02   4.5113593e-03   2.1434593e-02
  -1.6278101e-01  -1.8422714e-03   7.2715272e-02   1.2497697e-01   7.9552402e-02  -1.6509699e-01  -1.1914283e-01  -6.4627961e-02   2.1435528e-01  -2.6431963e-01   2.0172681e-01  -1.7092373e-01  -2.1793895e-02  -1.3927847e-01   3.1642969e-02   1.1950973e-01   1.9805815e-02  -1.3852353e-01  -5.9517039e-02  -2.9434409e-02  -2.8081105e-01   6.7134076e-02  -2.0104634e-02   2.3123225e-01  -9.7916130e-02   5.6415159e-02   8.0647262e-02  -3.0286309e-02   1.8504083e-01  -1.4079130e-01  -1.0312937e-01  -1.9066307e-02  -2.1745931e-02  -1.0525571e-02   1.4239709e-01   1.6725742e-01   1.0268343e-01   2.1092652e-01   1.8159885e-01   2.6437391e-01  -2.8037427e-01   1.3123958e-03  -1.7061304e-01  -9.5522033e-02  -1.9113425e-01   3.8801491e-02   1.4181119e-01   2.2585060e-01   2.3152282e-02
  -1.5380180e-01  -5.1875212e-02   1.5416195e-01   8.9335889e-03  -2.8233704e-01  -8.2697626e-04   2.5054496e-01   1.2678713e-01   2.6329063e-01   9.1218355e-02  -3.6627541e-02  -1.1230301e-01  -6.9962571e-02   1.4550495e-02  -2.1513172e-02  -2.1862074e-01  -2.1967923e-01   5.6143263e-02  -3.1442502e-03   1.0102906e-01   2.7483583e-02   4.5921882e-02   1.1686569e-01   6.9956892e-02  -5.6186947e-02  -9.7133469e-02   7.4422174e-03   1.7354181e-01  -2.6062853e-01   8.4742013e-02  -2.3804333e-01   6.9375109e-02   1.9879794e-01   2.9945417e-02  -8.4295214e-02  -2.1117257e-01   2.4525463e-01   5.8710856e-03   4.3067262e-02   2.8680324e-02  -6.4161200e-02  -1.9271818e-01  -1.1187259e-01   1.0997083e-01   1.8826749e-01  -1.3476594e-01   2.0483619e-01   2.3077231e-01  -1.1927576e-01
  -1.4932621e-01   1.2318922e-01   1.4985168e-01  -1.0978105e-01   4.8344113e-02   1.6753015e-01   4.5232231e-02  -2.6706448e-02   2.6397146e-01   5.1741748e-02  -8.5655386e-02  -1.1693278e-01  -6.2601020e-02  -1.8120252e-01   5.7198538e-03  -1.1764525e-01   2.0712979e-01  -3.5013206e-01  -8.6390994e-02  -3.2317466e-01   2.0589126e-02  -1.1198815e-01   4.7590855e-02  -2.6422385e-03  -2.0617479e-01   8.6099594e-02   1.0359159e-01   5.6243085e-02  -2.6422059e-02  -4.3656807e-02   6.1027756e-03   9.8628065e-02   1.0184318e-01   2.8957723e-01  -1.2749159e-01   2.4709923e-01  -2.2363808e-01  -9.2697028e-02  -1.1987895e-02   5.7925406e-02   2.0194754e-01  -9.9858621e-02   1.7764433e-02   1.1630799e-01  -3.6822836e-02  -2.0256935e-01  -7.7213336e-02  -1.7317518e-01  -7.3857237e-02
  -1.4009218e-01  -6.3068699e-02  -2.9009217e-01   2.0164695e-01   2.2058611e-01  -1.9294804e-01   1.3848961e-01  -6.1177020e-02   2.1485432e-01   1.3791668e-01   2.4779402e-01  -1.3182941e-01  -7.8665008e-02  -2.5980452e-01   1.7904497e-02  -4.9055586e-02   1.7147883e-01   1.9164390e-01  -1.1007559e-02   1.0784273e-01   1.4099484e-01  -1.2844173e-01   1.2130609e-01  -2.0309021e-01   4.9542115e-03   3.5696112e-02  -5.3988065e-02  -8.9246052e-02  -4.6355840e-02   1.6945068e-01  -1.1426457e-02  -3.7193178e-02  -4.1861763e-02  -1.2913785e-01   1.2910559e-01   1.7269265e-01   2.8156360e-02  -2.1851006e-01  -7.0232967e-02   4.4621762e-02   1.4896437e-01  -1.0005181e-01   1.7729617e-02  -2.6633801e-01   9.2084928e-02   4.8740526e-02   1.7178788e-01  -6.4738764e-02  -1.9805813e-01
  -1.3003994e-01  -9.9950335e-02   1.5429596e-01   1.1949208e-01  -3.9911828e-02   3.1094543e-02   1.3627093e-01  -1.5046134e-01  -5.1605674e-02  -1.2190847e-01   2.0900961e-03   2.6833577e-01  -3.2791705e-01   9.9989150e-03  -7.4983266e-02  -1.7208344e-01   7.7407932e-02  -1.0442604e-01   1.9210213e-03   1.9726462e-02   2.8772115e-01  -1.5396779e-01   1.2609738e-01  -1.5484405e-01   1.1439691e-01  -1.6423681e-01   8.4198691e-02   1.4509418e-01   3.1471350e-01  -1.8554783e-01   5.5908509e-02   4.5698508e-02  -1.0277938e-01   1.3723351e-02  -1.9165432e-01  -5.2167920e-02  -5.3306909e-02   3.9048052e-02  -1.0860996e-01  -1.9290808e-01  -1.7372702e-01   5.4820723e-02  -5.7493672e-02  -8.3589068e-02  -2.5216295e-01   8.3867021e-02   1.8177574e-01   1.1097089e-01  -1.5895231e-01
  -1.4464210e-01   9.8299007e-02   1.8525387e-01  -2.8938565e-01   8.4742546e-02  -5.8146955e-02  -2.3464871e-01  -7.5181324e-02   2.1989547e-01   1.2850698e-02   1.1339265e-01   5.7512772e-02   5.3350631e-02  -2.3905553e-02  -1.3169393e-01  -2.8695406e-02   5.4776903e-04  -9.5134256e-03   1.3683602e-01   1.5075786e-01  -7.5540009e-03  -3.2854882e-02  -3.5586150e-02   3.6345345e-01   4.5075511e-02   1.2570850e-01   1.7100349e-01  -2.1866211e-01   2.0841648e-02   1.6085326e-02   1.7223494e-02   1.1487643e-01   9.2789947e-05  -2.9418072e-01  -9.9374903e-02  -1.0560440e-01  -4.6202480e-02  -1.5592984e-02  -8.1966938e-02  -2.6629316e-01   6.4437020e-02   7.2486703e-02   7.5730144e-03   1.0497541e-01   1.2541393e-01   1.9630072e-01  -1.4788322e-02  -7.4625746e-02  -3.7493529e-01
  -1.5586309e-01  -1.2835144e-01  -2.5281723e-02   4.8189149e-02  -2.6478967e-01   1.9504212e-01  -2.8970636e-01   8.0247249e-02  -1.3260552e-01  -1.6461927e-02   1.4692345e-01  -3.3088630e-02   1.0754716e-01  -1.1080767e-01  -8.0474628e-03   1.0658629e-02  -2.0088158e-02  -1.0395948e-01   2.1930346e-02  -6.7831526e-02   6.8536336e-02  -7.0755972e-02  -1.4638820e-01  -1.8979867e-01   2.4190036e-02  -2.4422311e-01   2.1501650e-01  -3.2533931e-04  -2.4615012e-01   1.1686514e-01   1.1174720e-02   4.1523632e-01  -2.4140901e-01  -1.0906634e-01   8.4800725e-02   2.0201206e-01   2.4962247e-02  -4.4476130e-02  -1.7808240e-01   1.2012559e-01  -1.8739267e-01   1.7168141e-01  -8.4142784e-02   1.9341253e-02   1.2635141e-01  -2.9166570e-02   4.5039189e-03   1.7223716e-02  -1.9650844e-02
  -1.4162563e-01  -1.6395750e-01  -5.8786411e-02   2.5203791e-02   9.7423605e-03  -1.3924969e-01   2.0108910e-01   3.4514553e-01  -4.7356098e-02  -1.0195810e-01  -1.2317957e-01   1.7594541e-01   1.3213743e-01  -5.4266956e-02   3.9886785e-03   1.0398010e-01  -2.0789847e-01  -1.6083976e-01  -2.2286196e-02  -1.5116531e-02   1.4412634e-01  -2.4159520e-02  -7.2579176e-03   1.6983003e-01  -1.4396512e-01  -9.9371083e-02   1.5803678e-02  -2.4542684e-01   1.3013770e-01  -3.8388249e-02  -2.3756900e-01  -8.9225014e-02  -1.4601213e-01   7.3941933e-02  -2.0820670e-01   3.5600592e-01   7.3470278e-02   1.2152918e-02  -1.9747089e-02  -1.9015156e-01   1.5535005e-01   2.5541256e-02   2.6491408e-02  -1.2828018e-01   2.3512998e-01   1.2107356e-01  -7.2616664e-02   1.1426966e-01   1.2949568e-01
  -1.3101498e-01   7.2792460e-02  -1.9604835e-02   8.0841518e-02  -3.3345370e-02   4.4478309e-02   1.9210065e-01  -1.3620268e-01   2.3862049e-03  -1.3603150e-01   9.6967479e-02   2.2004153e-01   6.9611745e-02   1.1887836e-02  -2.2650633e-01   1.7495007e-01   2.2433492e-01   4.3847787e-02  -6.3447192e-02   9.7948946e-04  -3.7036002e-01  -1.8628044e-01  -6.6760555e-02  -1.3678744e-01   1.1961543e-01  -9.7072024e-02   7.4999797e-02   9.4466591e-02   5.0217483e-02  -9.9840673e-02  -2.6181107e-01   3.7710978e-03   6.9955442e-02  -5.7469170e-02   1.5433902e-01  -7.9682570e-02  -8.6547638e-02   1.7956013e-02   6.2529931e-02  -9.8846678e-02   1.9435159e-01   2.1157057e-01   2.4213123e-01   8.2159612e-02   2.5152000e-01  -2.4391407e-01  -5.2366699e-02   2.0820885e-01  -3.9758899e-02
  -1.4128894e-01   3.4825757e-02  -2.9629506e-01  -2.3306807e-02  -1.9382761e-01   7.4013859e-02   2.7174423e-01   4.5419972e-02  -4.3172659e-02   1.7459047e-01  -2.6817667e-03  -1.3819753e-01  -5.5357888e-02  -2.2611066e-01  -1.4439657e-01  -8.2266957e-02  -2.1145510e-01  -3.7830441e-02  -1.5386011e-01   1.7122587e-02  -1.8585857e-01   6.7745992e-02  -1.8323217e-01   1.7195298e-01   1.7514256e-01  -1.2355525e-03   5.5405224e-02   2.4297978e-01   3.4061334e-01   4.7292358e-03   2.3304650e-01  -3.0492345e-02  -2.2414008e-02  -3.6386226e-02   2.8282895e-02   4.0738997e-02   1.7555576e-01  -5.9303949e-02   1.7215055e-02  -1.3313837e-02   5.4278076e-02   2.0317953e-01  -1.5646079e-01   1.1737494e-01  -1.4625083e-02   5.4347118e-02  -1.0514250e-01  -2.4789516e-01  -6.7592351e-02
  -1.5418856e-01   2.1877771e-01  -4.4698431e-02  -2.1837446e-01   3.8219951e-02   1.8064104e-01   1.0826810e-01   8.5608475e-02  -2.5574986e-02   1.1654303e-01  -6.4889378e-02  -2.2798404e-01   1.0852482e-01   1.4389063e-01   1.0300171e-01   2.5371919e-01   2.7061781e-03   6.4649141e-02   2.5369539e-01  -2.0970591e-01   1.3717916e-01  -1.5869078e-01   1.5287182e-01   5.9010308e-03   2.5188910e-02  -9.7047112e-02   5.4759347e-02   2.1348128e-01   3.5455141e-02  -7.2795316e-02   7.3828359e-02  -1.9050174e-01  -1.7176373e-02   9.7932213e-03   3.6289543e-01   1.0090709e-01  -4.8184732e-02   2.5392253e-01  -1.0159103e-01  -2.1831881e-01  -1.2436004e-01  -8.5715649e-02  -1.0811089e-01  -1.1935695e-01   1.1153495e-01   7.7834016e-02   4.3033895e-02   1.1098874e-01  -1.1103252e-01
  -1.4910526e-01  -3.0235879e-01  -8.7277320e-02  -1.5946648e-01   2.0238695e-02   1.1369479e-01   1.6437908e-01  -2.1824110e-02  -2.6754013e-01  -2.1935770e-02   3.4696355e-02  -1.3160324e-01   6.1566879e-02   1.0682534e-01  -1.6048878e-01  -8.2165966e-02   5.1267139e-02  -7.8217431e-02  -2.5907244e-01   1.5098473e-02   2.9364917e-02   2.3918765e-02   1.2550942e-01   1.0619872e-01  -1.6832309e-01   4.8290672e-02   1.6913813e-01  -8.8626869e-02   1.6705547e-02   5.7506872e-03   1.7808748e-01   8.2274887e-02   1.0684732e-01  -1.4485201e-01   5.3984025e-02  -1.2159523e-01  -7.3945967e-02  -4.8917474e-02   1.4591464e-01   7.3113905e-02  -1.9542299e-01  -2.6793177e-01   2.7548791e-01  -2.6434840e-01  -2.3601056e-03  -5.0251882e-02  -2.9590389e-01   1.2906786e-01  -1.2883271e-01
  -1.2408211e-01   1.8473362e-01  -9.0632743e-02   7.7749868e-02   3.1838597e-01   1.3263145e-01   1.3140959e-01   2.4456898e-01  -4.9188040e-03  -2.9384496e-02   2.2651355e-01   1.0732548e-01   9.8358982e-02   8.5920667e-02  -1.9174004e-02   1.2004735e-03  -1.6637173e-01   5.5959187e-02  -1.4855480e-02  -1.6444255e-01  -1.5142545e-02  -1.2734171e-01   2.6002777e-01   2.1317668e-02   7.0616169e-02   1.1319033e-01   2.2539337e-01   5.8379852e-02  -6.9912205e-02   9.3916161e-02  -5.7049034e-02   1.3373891e-01  -2.4027686e-02   7.4219674e-02  -2.0534467e-01  -3.3261377e-01  -7.0498867e-02   7.2151090e-02  -9.6317604e-02   3.2456762e-01   1.0164854e-01   1.8220534e-01  -8.8488713e-02  -5.1583785e-02  -8.6287002e-02   2.2077440e-01  -6.5699837e-02   5.6879323e-03   1.0653513e-01
  -1.2073836e-01   1.2779772e-02   1.1984899e-01   1.5555368e-02   1.1385517e-01  -9.2902486e-02   3.8812800e-01  -2.7055137e-01  -8.7348348e-02  -2.2311821e-01  -3.4227939e-02  -1.4135340e-01   2.0192755e-01  -1.5809011e-02   1.3941567e-01  -1.0781197e-01   7.3232082e-02   1.2029380e-01  -1.1192146e-02  -5.1741582e-02   5.4404808e-02  -1.7518261e-01  -3.3037083e-01   1.6456169e-01  -1.7515673e-01  -2.5947739e-02  -1.1848907e-01  -4.8114049e-02  -8.8359548e-02   3.4888460e-01   1.2791171e-01  -5.0860053e-02  -7.0877385e-02  -2.5505878e-02  -1.1391328e-01  -6.4437115e-02  -1.5226104e-01   3.8735374e-02  -1.7002789e-01  -4.7841899e-02  -1.9955750e-01   1.5948416e-01  -6.1064443e-02   1.1771224e-01   8.5453565e-03  -5.7180535e-02   7.9328507e-02   1.4916874e-02   1.2036990e-01
  -1.4217817e-01   1.4797582e-02   6.8348775e-02   1.0247936e-01   1.9537662e-02   1.8804492e-01  -1.1074720e-03  -7.4907147e-02   1.9350809e-01  -2.2729346e-01  -1.0289487e-01  -1.4525133e-01   8.3001204e-02   2.2744092e-01  -1.0261077e-01   2.5885383e-02  -2.8529393e-01   2.8259248e-01   9.2951773e-02   6.2949712e-02   1.0590333e-02  -7.6781556e-02  -1.2661483e-02  -2.9910843e-01  -3.1915258e-01   2.5110016e-01  -8.0119273e-02   7.2388651e-02   9.7612516e-02  -1.0957621e-01   1.0163732e-01   2.6020827e-01  -5.1107355e-02  -1.4519968e-01  -4.4501516e-02   1.5766580e-01   1.4807775e-01  -4.1643218e-02   1.9926659e-01  -1.4577968e-01   1.4271204e-01   6.5655529e-02   2.5690124e-02  -2.0158965e-03  -1.2513699e-01   4.8653765e-03  -8.1307459e-02  -4.5089462e-02   4.4441424e-02
  -1.3296460e-01   6.7706416e-02   8.2206219e-02  -8.7586959e-02  -1.9771710e-02  -2.1093105e-01   3.3455108e-02   8.3357462e-02   5.4490622e-02  -2.2767649e-01  -3.3825759e-01   1.8206781e-01  -1.1722912e-01  -1.3926937e-01  -1.5443109e-01  -3.0855694e-02  -3.7792457e-02   9.5833483e-02  -1.5384357e-01  -7.8556930e-02  -2.0920073e-01   1.2970864e-02   1.5761325e-01   2.1351954e-02   7.9052959e-02   9.9018148e-02  -1.8382439e-01  -2.4591380e-02  -1.2873850e-01   3.3136827e-03   1.6299527e-01   2.4815536e-01  -2.1191013e-01   1.9909611e-01   3.7477448e-01  -1.0161817e-01  -7.4176329e-02  -1.7613475e-01  -1.6726013e-01  -5.8446431e-02  -6.9063457e-02  -1.4317174e-01  -6.4798546e-02  -5.1976143e-02   6.5523673e-02   1.9894818e-01  -1.7910272e-02  -4.1755961e-03   7.4520710e-02
  -1.3220620e-01   3.4150131e-02   1.8888524e-02   2.4950320e-01  -1.8827507e-01   1.2563435e-01  -5.8968772e-02  -1.0535483e-01   1.2946317e-01  -6.3392806e-02  -7.1752440e-02   7.1166234e-02   1.1973852e-01   6.4217571e-02   1.5949345e-01   9.0307860e-02  -1.3720465e-01  -1.7951167e-01   2.4997056e-01  -1.2007225e-01  -3.4893620e-02   1.1968800e-01  -3.4231854e-01  -6.2211869e-02   9.5670238e-04  -1.3826456e-02  -5.0979971e-02  -4.7457860e-02   2.5493682e-01   1.0881850e-01   1.8437158e-02  -7.2957820e-02   6.8923449e-02   9.9482062e-02   4.0877397e-02  -2.5834384e-01  -2.3468242e-02  -1.7360034e-01  -2.0091744e-01   1.9517040e-01   1.2266288e-01  -2.3234013e-01   1.6636241e-01  -2.2580077e-01   4.6635401e-02   1.7747201e-01  -4.4213985e-02   6.6201782e-02  -1.9467232e-01
  -1.5034603e-01  -2.3858748e-01   8.7590968e-02  -1.0404150e-01  -1.1899488e-01  -3.2356786e-01  -1.1258186e-01  -1.8121918e-01   3.2901112e-02   1.2555180e-01  -5.4080859e-02  -3.4282988e-02   1.9114103e-01  -5.1633533e-02   2.6756942e-01   1.4446469e-01   3.9725029e-02  -3.0575507e-02  -2.0497884e-01  -1.5829959e-01   1.3757381e-01  -9.4523100e-02  -4.2118041e-02  -2.1406902e-02   2.6187501e-01   2.4726656e-01   9.1237303e-02   3.5076867e-01  -7.8764538e-02   7.8567350e-02  -1.3345830e-01   7.7575459e-02   1.7500755e-02  -3.8904574e-02  -4.1682105e-02  -5.1756769e-02   1.1220439e-01   1.4774862e-02   6.3212081e-02  -1.4498292e-01   1.8594007e-01   2.9068250e-02   5.3691123e-02  -8.3733163e-02  -1.8965815e-01   1.2882540e-01  -1.3120293e-01   1.1060361e-01   1.2899089e-01
  -1.2228961e-01  -2.8421827e-02  -2.4642436e-01   6.7732275e-02  -7.8710590e-02   1.0336616e-01  -5.0072288e-02  -4.2129460e-02   1.2267167e-01  -8.3908254e-02   1.1718671e-01  -2.0998662e-01  -3.2328803e-01   9.1386289e-03  -5.9722309e-02   4.0412042e-01  -2.0187377e-02  -1.4993136e-01  -1.5944442e-01  -5.8776513e-02   2.1849534e-01  -1.6952165e-03  -1.1562137e-01   1.0493183e-01  -3.2626799e-02   4.7619419e-02  -1.0425086e-01  -1.3954794e-01  -2.6018453e-01  -1.9901285e-01   1.7554960e-01  -6.5843600e-02  -1.5165969e-01   9.4535925e-02  -1.0217538e-01  -3.2305374e-01  -1.2774269e-02  -2.8842734e-02   8.1152154e-02  -1.5845743e-01   6.0120830e-02   8.8312865e-02   7.7448965e-02   6.3674237e-02   8.1860855e-02  -7.8386305e-03   1.4311503e-01   5.3900095e-02   1.2371626e-01
  -1.4130517e-01  -8.4933329e-02  -1.7884318e-01   5.5821918e-02  -1.9783777e-01  -7.0184830e-02  -2.0525994e-02  -2.2347651e-01   6.7978775e-02   2.8727266e-01   1.5892017e-01   1.2033808e-01  -8.4995216e-02   3.3977344e-01  -3.5950980e-02  -2.2141517e-01   1.8230284e-01  -1.1714357e-02   1.5675682e-01  -6.4164531e-03  -1.4856070e-01  -2.2828137e-02   1.2039879e-01   1.5707137e-01  -2.4150523e-01   8.4671387e-02   3.2864722e-03  -2.3668900e-02  -3.4225058e-02  -6.3449723e-02   1.0689545e-01   3.3425570e-02   8.7020977e-02   1.7230488e-01   5.0717785e-02   1.4795938e-01   1.3548192e-01   7.4411257e-02  -2.3635453e-01  -7.9905074e-03  -1.4149936e-02   1.1128792e-01   1.5405664e-01   6.1874469e-02   5.9192701e-02   2.5670359e-01   9.1021629e-03   4.8958289e-02   2.9376060e-01
  -1.3440064e-01   2.5517756e-01   2.2865584e-01  -2.1794321e-02   6.9348662e-02   9.0831815e-02   4.9719326e-02   6.2852351e-02  -3.2552158e-02   9.1528993e-02  -3.0614598e-02   1.3913646e-02   1.7608933e-01  -1.0349926e-01   3.0340600e-02   2.0746328e-01   1.8562590e-01  -7.2308702e-02  -2.3475295e-01   1.0373047e-01  -4.6530923e-02   1.0226562e-01   1.1061830e-01  -8.4364635e-02   6.1301408e-02  -1.3908382e-01  -1.8373052e-01  -1.3654684e-01   3.5052132e-02  -1.1309062e-02   2.9182487e-01   1.0411247e-01   1.2044800e-01  -1.2526611e-01  -1.6899491e-01   3.6379919e-02   4.5922027e-01   1.3816697e-01  -2.6990217e-01   3.0293314e-02   7.4210409e-02  -5.8619984e-02   1.7490611e-01  -3.7001095e-02  -9.4003173e-02  -5.8236103e-02   1.1332258e-01   4.8281573e-02   7.6233026e-02
  -1.2585317e-01  -1.8307854e-01  -1.3574857e-01  -5.4947987e-02   9.0146825e-02   6.7438316e-02  -1.8407374e-01   2.7488960e-01   4.4078254e-02  -2.7076139e-03  -1.6079392e-01  -7.0407195e-02   8.7998828e-02  -1.4231560e-01   9.6765516e-02  -1.5523717e-01  -5.3062276e-02   2.2537786e-01  -1.0334807e-01   1.0884936e-01  -8.1881258e-02  -9.9977041e-02  -1.8050985e-01  -8.7999379e-02   4.6438434e-03  -1.0102801e-01   7.5850548e-02  -1.2346907e-01  -4.6412677e-02  -5.1476491e-02   7.9318742e-02  -5.6493968e-02   3.2128519e-01   3.3196690e-01   6.3528812e-02  -1.7583573e-02  -1.1061473e-01   1.2837923e-01  -6.5873600e-03  -1.0816524e-01  -8.1542312e-03   2.2318253e-01   2.5798062e-01   6.5667974e-02  -2.4394625e-01   1.1962683e-01   1.9512123e-01   1.2860190e-01  -1.6360496e-01
  -1.4918713e-01   1.3667097e-01   1.8216521e-02   2.7844247e-01   1.4341370e-01  -7.1638513e-02   4.1533019e-02  -2.2914158e-02  -1.5890473e-01   1.3127846e-01   5.6513222e-02   1.0957917e-01   6.8566585e-02  -2.0309115e-01  -8.0045151e-02   3.0661825e-02  -1.3987521e-01  -2.7099063e-02   2.5123706e-01  -1.5326478e-01  -6.8415555e-02   1.5157167e-01  -9.6287422e-03   4.0113725e-02  -4.2893058e-02  -9.4168687e-02   3.3950852e-01  -4.1758805e-02  -1.5443384e-01   1.7231285e-02   4.1696692e-02  -1.9199637e-02   6.8439908e-02  -6.9174922e-02   8.7938250e-02  -2.9972367e-02   4.0997016e-02  -2.1839437e-01   1.4994156e-01  -3.4507263e-01  -8.5101986e-02  -2.4159760e-01   1.2057214e-01   1.6685782e-01  -2.7089241e-01  -5.5163571e-02   8.9900762e-02  -4.0657054e-02   2.2101448e-01
  -1.6908756e-01   1.8158143e-01   1.9876163e-02   1.3946248e-02  -1.3483656e-01  -3.8303829e-01  -1.4696880e-03  -9.3187214e-02  -3.6653761e-02  -1.2842529e-01  -1.2041467e-01  -1.0941937e-01   1.1125214e-01   1.3282847e-01  -2.6704364e-01   1.2874273e-04  -2.0596662e-02  -4.3364005e-02   1.0174271e-01  -3.6078163e-02   6.0274453e-02   1.5467531e-01   6.8221435e-02  -2.8134827e-01   2.2457587e-01   3.7551398e-02   1.8897632e-01  -5.4099980e-02  -1.4471819e-01   1.1778498e-02   2.2417022e-01  -2.0167105e-01   8.2242114e-02   1.4537011e-01  -2.4742120e-01   1.3317285e-01  -3.7461258e-02   8.5237966e-02   1.9251175e-01   1.6247382e-01  -1.3012492e-01   1.1148885e-01   7.8459278e-02  -3.7770182e-02   2.0825938e-01   7.0651690e-02   3.4654625e-02  -1.1062183e-01  -1.1438362e-01
  -1.2779291e-01  -1.2817248e-01  -9.3086429e-02  -2.5018039e-01   1.1162499e-01   1.9177467e-01   1.0522270e-01  -1.7966339e-01   1.4731494e-01   2.8248231e-01  -1.3787280e-01   2.5721676e-01   1.9192274e-01  -2.4528420e-01  -1.1781081e-01   5.2995547e-02   2.0661258e-03   8.1725241e-02   7.4117902e-02   1.0492890e-01   1.5166143e-01   1.8976254e-01  -1.2001686e-01  -1.9652815e-01   2.7342516e-03   2.8235814e-01   5.1247718e-02  -1.0451026e-01   4.6571717e-02  -1.6420415e-01  -5.6842111e-02  -8.6829095e-02  -2.2457662e-01   2.9223064e-02  -1.0434426e-02  -3.9819305e-02  -3.9104244e-02   8.6152934e-02  -8.4091913e-03   2.2229399e-01  -1.7334362e-01  -7.2125099e-02  -6.1870916e-02   1.8225180e-01   3.6286466e-02  -4.4176562e-02   6.2577834e-02   1.7789105e-01   1.0995565e-01
  -1.4880584e-01   1.9288461e-01  -8.5610713e-03  -2.0858378e-01  -2.2659026e-02  -5.9745183e-02   1.6564855e-01   1.0751003e-02   2.5922181e-02  -1.8584116e-02   2.4112368e-01  -4.7776034e-02  -1.6375546e-01   1.3350685e-01   6.3596406e-02  -2.7267147e-01  -5.6112763e-02   2.6120673e-03  -1.5095249e-01  -1.2195631e-01   1.2810958e-02   2.7286256e-01  -3.0076085e-01  -2.5113344e-01   1.2558124e-01  -1.4836113e-01  -7.8792647e-02  -2.3586399e-01  -1.1574677e-01  -1.5214708e-01  -1.5626307e-01   4.3350258e-02   4.3627657e-02  -1.7123222e-01   1.0624232e-01   4.4715410e-02  -1.4586795e-01   2.0971166e-01  -1.7479608e-02  -7.0906261e-02   1.7132505e-01  -1.2276348e-01  -1.0528842e-01  -3.2446984e-02  -1.4727893e-01   1.4596291e-01  -1.5140374e-01   2.5850774e-02   1.0623444e-01
  -1.5544043e-01   6.5386079e-02   2.0019971e-02  -1.4414442e-01   2.3927959e-01  -1.2353505e-02  -3.8145495e-02  -1.7300039e-02  -3.2893760e-01   6.9100650e-02  -1.0911310e-01  -2.2307765e-01  -8.4612730e-02   7.7071626e-02  -1.4627995e-01   8.7656054e-04   2.4781966e-02  -8.0120322e-02   4.6706266e-02   6.9631791e-02  -7.6934060e-02  -1.1858635e-01  -2.3264707e-01  -1.0105753e-02  -1.4815533e-02   7.3566433e-02  -1.2080555e-01   1.5410833e-01  -3.0922241e-02  -2.2361909e-01  -4.4625047e-01   8.6647948e-02   1.1309929e-03   4.6421628e-02  -9.7285836e-02  -2.4841755e-02   1.5419497e-01  -1.6521983e-01  -8.9812148e-02   8.2083364e-02  -1.5595833e-01  -6.4480129e-02   1.4442044e-01  -1.0229138e-01   3.7459720e-02   1.4402072e-01   2.3627069e-01  -2.7581648e-01   1.6256243e-02
  -1.3326304e-01  -8.0338808e-02   2.4356483e-03   1.2576388e-01   8.5336484e-02   1.2137716e-01  -1.7811614e-02   2.0947793e-01   1.6659988e-02   4.8317245e-04  -4.1028976e-02   1.7051452e-01   1.3308561e-02   3.7225660e-01   7.2069088e-02  -1.1484857e-01   2.1125323e-01   3.3231499e-02  -1.7462812e-01  -4.0179793e-02  -1.0383804e-01   2.1124636e-01  -1.5814365e-01   1.0431581e-01   6.5140834e-02   1.6315418e-01   1.4448143e-01   1.1490754e-01  -6.1816350e-02   1.8063389e-01   5.5402327e-02  -8.6119004e-02  -3.9854579e-01   2.6801261e-02   3.4664847e-02   5.0927921e-02   6.9247954e-02   1.7325666e-01   1.1799593e-01  -7.3055328e-02   1.0946348e-01  -1.2848088e-01   3.6869952e-02  -4.5362883e-02  -1.1019178e-02  -1.5288394e-01   3.0965870e-01  -1.7022718e-01  -1.6391521e-01
  -1.1617050e-01  -1.7528219e-02  -4.2077786e-02  -2.5900031e-01  -1.7766936e-02   7.0261066e-02  -9.0336823e-03  -1.0645860e-01  -4.3288820e-02  -3.5178630e-01  -2.2800213e-02   7.2952153e-02   5.9469392e-03  -3.8635470e-02   1.8503518e-01  -1.8475545e-01  -1.3397100e-01  -6.9297118e-02   1.0703145e-01   5.3048459e-02   2.3101795e-01   7.8073551e-02   1.5867543e-01   1.6514709e-01   9.1960621e-02  -7.0673390e-02   7.4263166e-02   7.9284765e-02   2.4434548e-02  -8.5490172e-02   7.0926314e-02  -7.5050347e-02   7.1322183e-02  -1.9047052e-01   2.5018942e-01   4.5335914e-02   1.7699763e-02  -1.2378934e-01   4.0459632e-02   2.5893709e-01   2.6279033e-01   1.1172180e-01   2.4754133e-01   3.0853140e-02   4.8001111e-02  -1.0757614e-01   3.1164465e-01  -9.8907643e-02   2.2729050e-01
  -1.4689934e-01  -1.1562257e-01  -2.0242498e-02   1.8686145e-01  -2.2843226e-02   2.1914236e-01  -8.1069166e-02  -2.6995315e-01  -4.0513763e-02   4.2160173e-02   8.2966083e-02  -1.4488984e-02   3.4861385e-01   7.4857264e-02  -9.5913849e-02  -4.6470148e-02  -9.6459490e-02   2.1306297e-02  -1.6028241e-01  -1.6290321e-01   9.8234625e-02   9.3497104e-02   2.5603417e-01   1.2384244e-01   2.6193979e-01  -5.0634297e-02  -3.2294185e-01  -2.4567106e-01   1.0114247e-01   1.4881315e-02  -1.8655283e-01   1.1337903e-01   1.4328696e-01   1.7256158e-01   6.9802496e-02  -2.4059918e-03  -8.7500149e-02   3.6133484e-02   1.3391137e-01  -1.4171933e-01  -6.2177602e-02   1.8375499e-02  -1.5150001e-01   1.8400126e-03   3.8138143e-02  -2.5665397e-02   1.3306432e-01  -2.1903158e-01  -2.0229629e-02
  -1.5482607e-01  -2.2098340e-01   1.8241944e-01  -1.0006270e-01  -1.3476939e-01  -2.0746828e-02  -7.2259360e-02   1.7969358e-01   1.5162570e-01  -4.1324624e-02   1.3492952e-01  -1.3366120e-03   2.3975485e-01  -3.6945115e-02  -1.2191934e-01   8.0724436e-03   2.1242862e-01  -4.7915869e-02   5.3345007e-03   1.9617607e-01  -7.4209123e-02  -1.5061047e-01   1.2127588e-02  -1.7688740e-01  -1.9084486e-01  -2.4027484e-01   2.7576922e-02   5.7981726e-02   6.3511626e-02  -5.6717731e-02   5.7527689e-02  -2.7467841e-01  -2.5249480e-02  -2.2912640e-02   3.5610385e-02  -2.8140656e-01  -6.1504206e-02  -2.4558025e-02   8.7818676e-02  -3.2148659e-02   5.3039263e-02  -9.8280780e-02  -2.2469278e-01  -6.2093650e-02  -9.0475058e-03   1.2422649e-01   3.3976531e-03  -3.5611686e-01   2.7813820e-01
  -1.3673435e-01   8.9601494e-02  -2.2588884e-01  -4.1903219e-02   5.5905000e-02  -9.6715102e-02  -1.9499540e-01  -1.5100275e-01   7.8786526e-02   2.4929081e-02  -3.0145188e-01   6.9425053e-02  -1.5493153e-01   9.9717289e-02  -3.2799857e-01   1.8369393e-01  -5.2324377e-02  -1.7927917e-02  -1.2160807e-01   8.6748523e-02   1.7552981e-01   6.8813150e-02   1.3434865e-02   3.8587812e-02  -2.1087273e-01  -2.4998941e-01   7.0237428e-02   4.8769758e-02   7.5451830e-02   4.2562577e-01  -2.1472201e-01  -3.9261442e-03   9.5997444e-02  -6.4144742e-02   8.7102315e-02  -2.7341751e-02  -2.5614975e-02   2.0774701e-01  -1.0747757e-01   8.8831136e-02   9.3581314e-02  -1.4839686e-03  -5.2095173e-02   1.6179093e-02  -2.1522700e-01  -9.2407175e-02  -5.2576553e-02  -5.9194025e-02   4.2107602e-02
  -1.6470675e-01  -1.4278598e-01   7.7412252e-02  -8.1079217e-02  -1.5191391e-02  -3.3954518e-02  -5.8034139e-02   1.6897385e-01  -1.4376532e-01   3.9611270e-02  -8.1215171e-02  -2.2516095e-01  -1.0249141e-01   8.2127240e-03  -1.3068960e-01  -2.2611256e-02   3.5771340e-01   2.5872723e-01   2.7476002e-01  -3.2615106e-01   3.8440076e-02   1.4899247e-01   4.8687763e-02   6.4537545e-02   4.3196735e-02  -1.4174734e-01  -1.5786305e-01  -1.0404854e-01   2.1129764e-01   9.5513594e-02  -1.5443571e-02   4.5539549e-02  -1.1928257e-01  -3.7381217e-02  -9.0284109e-02  -7.6974766e-02   8.3231266e-02  -1.8751635e-01   1.8125226e-01   1.3923999e-01   1.8804846e-01   7.8774273e-02  -4.8995125e-02   2.0370737e-01  -6.9629432e-02   4.9298499e-02  -2.3476308e-02   2.4660382e-01  -3.8010791e-03
  -1.6411629e-01  -1.5591288e-01  -4.0660573e-02   6.8423208e-02   2.5735469e-01   3.3192689e-02  -4.3785222e-02   2.0655783e-01   1.2474488e-01  -6.5112776e-02   2.6349010e-02  -4.7712045e-02   5.0648677e-02   1.7115207e-01  -1.0768873e-01  -9.2059752e-02  -2.4620712e-02  -4.3508427e-01   1.1174276e-01   1.2914800e-01  -2.1547224e-02   1.1292895e-01   5.9324364e-02  -1.0781014e-01   1.7404709e-01   1.1991704e-01  -3.1697578e-01   1.6344238e-01  -1.2128929e-01   1.0801640e-01   2.6632842e-02  -2.0094374e-01   6.1617246e-02  -1.5637151e-01   8.2790629e-02   7.2490489e-02  -4.0138055e-02  -1.9030107e-01  -1.6320583e-01  -8.7542813e-02  -1.4146525e-01   1.6294199e-01  -1.2101295e-02   1.8171113e-01  -1.1773923e-01  -7.3884981e-02  -1.7580361e-01   1.6278484e-01  -1.0462654e-02
