  -1.6653460e-01   1.7009986e-01  -5.5150073e-02   3.8642576e-02   2.5387075e-01  -1.2865592e-01   1.0046850e-01  -6.3277803e-02   9.1662565e-02  -8.2163252e-02   1.4598042e-01   1.6511738e-02   1.9607898e-03  -4.9815490e-02  -1.4920562e-01  -1.6091544e-01  -2.7207183e-01  -2.1791768e-02  -1.9751718e-01   9.9352322e-02   7.8321422e-02   7.9690240e-02   3.0271555e-02   5.3508141e-02  -6.7042685e-02   1.9818009e-01  -7.6092901e-02   1.3340945e-01  -4.8340876e-01   2.3539277e-01  -2.4909801e-02   1.1095410e-01  -2.0405032e-01  -3.8332940e-02  -5.8314866e-02  -2.1641143e-01   3.3007957e-02   1.5688918e-01   2.8489617e-02  -1.6357572e-01   5.8064902e-02  -9.8961001e-02  -1.0088824e-01  -5.6979425e-02  -2.9077564e-02   4.9465094e-02  -4.9940477e-02   1.6695372e-01  -2.0106541e-01
  -1.3184913e-01   1.3399150e-02  -4.1426662e-03  -1.4487249e-01   1.1529927e-01   2.3009905e-01   2.7295874e-02  -1.1100702e-03  -5.9862673e-02  -3.3481029e-01   2.8956022e-02  -2.0216658e-01  -7.1921085e-02  -1.4503086e-01   4.9814545e-02  -2.1638481e-01  -4.2034458e-01   2.9085815e-02   9.5138869e-02   2.3503193e-01   6.2873716e-04   1.6061201e-01   2.1850568e-01  -4.8717490e-03   4.0478754e-02  -1.0213250e-01   3.3938124e-02  -1.4648691e-01   1.7369604e-01  -6.4597382e-02   8.7280708e-02  -2.2161447e-01  -1.2096375e-01  -5.2576222e-02  -6.5319891e-02   5.8192057e-03   1.2966439e-01  -9.5249860e-02   1.8073509e-01   1.5908712e-01  -1.5271465e-01   1.2547910e-01   1.3197737e-01   2.0108019e-03  -1.5265489e-01  -3.2532437e-02  -1.5375324e-01  -1.0134794e-01   8.8993880e-03
  -1.4144915e-01  -1.2381928e-01  -2.8719112e-01   1.0409417e-01  -2.2007521e-02  -2.8826792e-01   4.1273794e-02   1.5718273e-01  -1.4810490e-01  -4.6286029e-02   1.5245777e-01   1.3700432e-01   1.2312135e-01   3.6862782e-03   1.8581193e-01   3.2678060e-02  -5.7336035e-02  -1.8346738e-01   9.8270090e-02  -4.9218755e-02   1.2450967e-01   1.5783234e-02   1.3671119e-01   2.0858199e-02   1.6168024e-02   1.6318939e-02   5.6032718e-02  -1.2634017e-01  -1.0658008e-01  -5.4473428e-02   1.0493268e-01   5.8454713e-02  -1.8228968e-01  -1.1347738e-02   3.6762143e-01   9.8421719e-02  -5.9360230e-02   2.8684644e-02  -3.9554939e-02   3.2709253e-02  -3.0719764e-02  -9.7596297e-02   2.4230906e-01  -7.8143021e-02  -1.2492422e-01   3.6718705e-01   3.7391356e-03  -9.1003271e-03   3.1814985e-01
  -1.3994275e-01   1.1500549e-01   8.8108348e-02  -1.5121982e-01   1.8845571e-01   2.6080124e-01  -1.2252263e-01   1.8198585e-01   1.6413109e-01  -3.7119354e-03   1.0111552e-02   1.1459074e-01  -8.9035821e-02  -2.4991827e-01   1.6167392e-01  -6.2184418e-03  -4.0491345e-02   1.0032076e-01   5.0773013e-02  -4.3017324e-01  -8.9068386e-02  -1.1559989e-01   1.1334710e-01  -1.9160488e-01  -1.5745273e-01   2.7878702e-01   8.3277213e-02   1.2778244e-01  -5.0210102e-02   3.6081823e-03   4.7766310e-02  -8.9225408e-02   1.6509106e-01  -8.9637256e-04   2.7598079e-02   1.1752209e-01  -1.2719996e-01   6.9997923e-02   1.2947615e-02  -2.1855897e-01  -2.0894693e-01   4.6995548e-02  -1.6956723e-02   1.2493516e-01  -1.3154321e-03   2.2826365e-01  -3.6663622e-03  -1.1737283e-01   3.0020055e-02
  -1.6209561e-01  -1.8218763e-02   2.5034244e-03  -2.4322830e-01  -2.4436508e-03  -6.2499205e-02  -1.2402357e-02  -3.3823035e-02   3.2627140e-02  -1.9176980e-01   2.5192464e-01  -1.3376620e-01  -1.5747570e-02  -1.4695318e-01   8.2383753e-02   2.4565804e-01   2.6345917e-01  -1.0738206e-01   2.1624012e-01  -1.3991569e-01  -5.2503110e-02  -1.9120801e-01  -2.1920629e-02   1.6271572e-01  -1.8492163e-01  -8.5461310e-02  -2.8086680e-01  -1.4478210e-01  -5.0063645e-02  -9.7395629e-02  -7.7242236e-02   3.1619469e-02  -3.3987001e-02   1.0643104e-01   3.1433584e-02  -2.1534482e-01   1.7974435e-01   7.6772984e-02   1.7746533e-01   5.1183906e-02  -8.9069187e-02   1.8104447e-01  -2.4648575e-01  -1.0877642e-01  -1.3951616e-01  -7.1303978e-02   5.0670774e-03   2.3511477e-01   4.0860468e-02
  -1.4164826e-01   1.6977807e-01  -2.0450039e-02  -6.3473277e-02  -1.9515473e-01   4.1681212e-02   1.9891351e-01  -2.6703909e-01  -1.4108860e-01   1.9938673e-01  -1.0231700e-01   7.7380754e-02  -1.0738994e-01  -2.4718754e-01  -1.2345648e-01  -2.1175073e-01   1.0148243e-02  -1.6241704e-02   1.8006311e-01  -3.4775765e-02   5.1005908e-02   2.2878102e-01   6.4059227e-02   4.2023443e-02   6.2497455e-02  -1.5830035e-01  -2.4374707e-01   7.5886690e-02  -2.5831819e-02  -1.1363999e-01   9.5154105e-02   5.6028304e-03   1.8896132e-01   1.5673551e-01   8.0422989e-02   2.5536988e-01  -1.4072738e-01   8.2217117e-02   1.7944651e-01  -2.3505176e-01   4.7172516e-02  -2.4020686e-01  -1.0791194e-01  -1.4299442e-01  -1.1094728e-01  -6.9469425e-02  -6.6012459e-02   5.8741190e-02   1.1220673e-01
  -1.3538985e-01  -5.2268289e-02   2.4526602e-01   1.0297143e-03   8.9927131e-02  -1.9137730e-01   1.5059099e-03   1.0806458e-01   1.1066385e-01   4.3917333e-02  -4.7314481e-02  -1.5237008e-02   8.0786951e-02   1.0223901e-01   1.5349874e-01  -7.4800780e-02   1.0967335e-01  -6.5001141e-02   2.0229651e-02  -1.8161791e-01  -1.7642565e-01   3.1904215e-01   3.6293097e-02  -1.5534464e-01   6.1563765e-02  -3.2210284e-01  -8.2764579e-02  -1.0681288e-01  -2.8064160e-01   2.1698847e-02   4.2941974e-02  -1.0620057e-02  -1.6025787e-01  -2.4465225e-02  -2.4593603e-01   1.2695660e-02  -5.0500668e-02   2.4583186e-01   1.0943566e-01   1.0779896e-01   5.3593779e-02   4.5778850e-02  -1.7380490e-02   2.3568616e-01   1.2205181e-01  -1.4568968e-01  -4.2470116e-02  -2.4413099e-01   2.2969084e-01
  -1.4694575e-01  -1.4476487e-01  -1.4939718e-01   2.8670810e-02   2.7476286e-01  -1.0434233e-01  -8.3581432e-02  -1.9796926e-01  -4.9304594e-02  -9.3327628e-02  -1.2602707e-03  -5.1661836e-02   2.3621382e-01  -2.2866866e-02   3.1284412e-01  -1.2540840e-01   4.2551314e-02   6.7569899e-02  -2.2966729e-01   6.9443523e-02  -2.4238010e-03  -7.8647504e-03  -9.4885353e-02  -1.5922155e-01  -1.1888342e-01   1.8742679e-01  -1.4243421e-02   2.7549723e-02   3.7072483e-02  -3.2123720e-01   1.3975766e-01  -7.1334420e-02   7.7405431e-02   2.5846857e-01  -2.1163487e-01  -8.6549116e-03  -2.3593191e-01  -2.2953013e-01  -5.0073580e-02   1.0052081e-02   1.9101015e-01  -5.3560323e-02  -1.1046267e-01  -5.7878969e-02  -7.1841843e-02  -1.6499968e-01   6.5538616e-02   8.4276517e-02   1.1371192e-01
  -1.4389415e-01   1.1392316e-02   1.4941971e-01  -1.2997365e-01   4.4398086e-02   7.8523621e-02   1.9679134e-01   7.3375709e-02  -2.6016221e-01   1.3019059e-01   1.2610605e-01  -2.9143417e-01   1.5261166e-01   7.3970610e-02   1.6458487e-01   2.1765378e-02  -3.6114178e-02   1.2358259e-01  -4.3714725e-02   1.1762078e-01  -8.4125345e-02  -1.7043896e-01   2.7870905e-02   1.5836407e-01  -2.4866970e-01   1.3779807e-01   1.9160304e-03  -1.6591094e-01   1.0268436e-03   1.0340195e-02  -1.3817476e-02   2.2346298e-01   2.8010265e-02  -1.2804035e-01   1.5594205e-01   2.8841886e-01  -8.4896196e-02   1.1809697e-01   1.4502237e-01   6.1297829e-02   2.8070621e-02  -2.3154499e-01   1.0492952e-01   1.7819257e-01   2.8881738e-01  -1.5192541e-01  -1.8099255e-02   3.1419924e-02  -1.3193693e-01
  -1.3341268e-01  -1.3432517e-01  -3.6207494e-02   1.1940668e-01  -1.1496482e-01  -8.1667599e-02  -1.9548711e-02   8.6100696e-03   2.2143740e-01   2.9986726e-02  -4.3766299e-02   2.4485150e-01   1.7267764e-03   5.9979455e-02   1.6439844e-01  -2.8414987e-02   2.5351513e-03   1.0229881e-01  -3.3301428e-01  -1.5280294e-01  -9.8335420e-02   4.8864077e-02   3.4271521e-01   2.6567286e-01   1.5799062e-01   3.7589733e-02  -1.8485198e-01  -1.3745133e-01   2.1307832e-01   6.6888418e-02  -1.3557134e-01  -5.3512987e-02   2.5331111e-02  -2.5620543e-02  -2.9450661e-02  -6.6442121e-02  -1.0833931e-02  -1.4151719e-01   3.1947466e-01  -1.6808212e-01  -3.1560353e-02   5.3508709e-02   1.6349419e-01  -5.7874627e-02   2.0435487e-01  -4.2365300e-02  -8.4942441e-02   2.0503483e-01  -7.6495414e-02
  -1.5398945e-01   3.5160637e-02  -1.2523157e-01   1.6954570e-01  -6.8462721e-02   1.2886354e-01   2.9319258e-01   1.7164754e-01   3.8506153e-02   5.1744193e-03  -1.5991157e-01  -1.1562531e-01  -1.0314274e-01  -9.0527618e-02   1.3122395e-01  -1.4148909e-01   2.4142313e-02   7.0064374e-02   3.8960958e-02  -1.1799396e-01  -3.3160973e-02  -2.1632266e-01  -3.3168587e-01   1.2259558e-01  -5.6281418e-02  -6.7979150e-02   1.8985465e-01  -8.8821282e-02  -3.3259698e-02   1.1111354e-01   1.7019065e-02  -8.0242528e-02  -2.8791158e-02   2.4018327e-01  -1.3894770e-01  -1.4869226e-01   1.7010074e-01   2.4251626e-02   1.5674380e-01  -3.2210685e-02   2.7340843e-01  -1.3485030e-02   1.1222393e-01  -3.1237015e-01   1.6129513e-01   1.2704265e-01  -2.9531486e-02  -2.1653253e-01   3.9064924e-02
  -1.2651258e-01  -1.2993408e-01   1.0864407e-01  -1.1296188e-01   8.7121698e-02  -5.4640444e-02   3.0707967e-01   1.0664087e-01   9.9882853e-02   1.1461491e-01   1.1075450e-01  -1.8079730e-01  -2.5455229e-01  -2.9531473e-01  -1.3175763e-01   2.7771205e-01  -2.8382744e-02   7.5469438e-02  -1.1342578e-01  -9.9611719e-03   1.8868976e-01   1.6819001e-01   2.1735897e-01   5.1212856e-02   1.1884481e-01  -3.4126396e-03   1.4885717e-01  -4.3631151e-02   3.0004274e-02   6.5714426e-02  -1.2216464e-01   1.2760530e-01  -1.8442782e-03   2.7280111e-01  -1.0515939e-01   4.3481497e-02  -7.7999714e-02  -1.4767060e-01  -2.7690277e-01   4.7307021e-02   8.7404467e-02   8.0821957e-02   9.4614496e-02   6.3746896e-02   2.3732259e-02  -5.2039955e-02   2.3784560e-01   6.9147339e-02   1.3381502e-01
  -1.3938116e-01   1.6104345e-01  -1.7670579e-01  -2.2092380e-01   1.1608347e-01   9.1769047e-02  -3.3177917e-01   8.5734950e-02  -6.3270101e-02   3.0482939e-01  -1.0773513e-01   1.6917333e-01   6.5106096e-02  -1.8566293e-01  -9.8109779e-02  -3.2595229e-02  -1.1549919e-01  -1.9578248e-01  -1.1935631e-01   1.0564653e-01   7.0304748e-02  -5.0114466e-02  -2.1418863e-01  -3.3593431e-03   3.5807485e-02  -1.9731985e-01  -1.1548542e-01  -2.6572561e-01  -1.0776213e-01  -3.4346248e-02  -1.4405523e-01  -3.7370737e-02  -1.1831332e-01   1.6953701e-01   1.2690860e-01   4.7433351e-02  -1.4477503e-01  -1.2183212e-01   1.4249725e-02   9.8004102e-02  -6.6565879e-02   2.0791088e-01   2.9145371e-02   9.9725797e-03   2.3782425e-01   3.5761749e-03   1.3311611e-01  -4.9862121e-02  -1.6466329e-01
  -1.4100534e-01  -4.2411692e-02   2.1288559e-01  -1.3704255e-01  -7.7428319e-02  -8.1865761e-02   1.1267594e-01   4.0562262e-02  -4.2868865e-03   8.7015233e-02   1.6540821e-01  -1.3450929e-01   4.2447419e-02   1.9826407e-01   3.2610704e-02  -1.8127875e-01  -4.6531297e-02   9.0596690e-02   9.8726479e-02  -8.3421622e-02  -4.1784677e-02  -1.7752802e-02  -2.8916246e-01  -7.9592417e-03   1.0730875e-01  -4.1084955e-03  -7.6142338e-02   1.6213786e-01   9.2742020e-02  -4.7619191e-02  -6.2676422e-02  -3.1818793e-01  -3.5774508e-01  -8.7564283e-02   1.1643991e-01   5.4585682e-02  -8.3547506e-02  -8.5023628e-02  -2.1096228e-01  -3.8223969e-01  -1.0755600e-01   1.7142055e-01   1.5514367e-01  -1.0833773e-01  -5.9653940e-03  -1.2070344e-01   1.3599924e-01   1.3992228e-01   1.3281015e-02
  -1.4101914e-01   3.0647770e-01  -3.8085993e-02   1.4927300e-02  -1.2555672e-01   5.2931385e-02  -6.6654149e-02   2.0165144e-01   1.7147512e-01   7.2785476e-02  -4.2026724e-02  -8.0047079e-02   1.2055091e-01   2.1865786e-01   2.3868303e-01   1.8175511e-01  -1.3701932e-01  -1.1612108e-02   2.3237244e-02   2.1427664e-01  -1.5403451e-01   5.1295842e-02   1.5404395e-01  -1.5022732e-01  -2.2606142e-02  -1.1480823e-01   6.1189605e-02   8.3826420e-02  -1.8995210e-01   7.3814031e-02  -2.0482241e-01  -1.7827784e-01   3.1985953e-01   9.8900031e-02   1.4041963e-01  -4.9494948e-02   1.6557937e-01  -6.0936373e-02  -4.4712423e-02  -9.0170990e-03  -3.2032439e-02  -1.8294194e-01   3.8050112e-02  -1.4873948e-01  -1.3543544e-01  -1.8780056e-01   2.3075032e-01   8.7470466e-02   8.8460949e-02
  -1.3700197e-01  -8.5470937e-02  -1.7479666e-01   8.5915574e-02  -2.2046843e-02  -9.1910516e-04  -2.1184026e-01   3.1957916e-02   1.3670599e-01  -6.0742108e-02  -4.3824019e-01  -2.5607010e-01   8.6450553e-02  -1.3055940e-01  -2.5471261e-01   4.1974484e-02   4.3672310e-02   2.5057513e-01   5.1864455e-03  -5.8218041e-02   3.1046086e-02   7.4720956e-02   3.2848641e-02   1.0946157e-01  -1.1614985e-01   1.0201048e-01  -1.3828145e-01  -1.7667972e-02   6.1537070e-02  -5.2454409e-02   1.6756638e-01  -7.1910303e-02  -1.7180225e-01  -1.6271830e-01   4.2001450e-02  -6.0874457e-02   3.4438081e-02   2.3571260e-01  -6.3414309e-02   7.3099756e-02  -1.4602057e-01  -1.8693230e-01   2.8606175e-02  -7.1853404e-02   9.5037627e-02  -5.9292175e-02   3.4984348e-01   6.2883215e-02   1.3743766e-01
  -1.3124216e-01   1.8629347e-01   6.5299633e-02   1.6831997e-01   1.2440481e-02   3.4878919e-02  -2.6029533e-02   1.0126541e-01   3.3373897e-02  -2.6382870e-01   7.6848963e-02   1.4234942e-02  -1.2432849e-01  -8.8698563e-02   6.2500656e-02  -1.5473089e-02   1.3674204e-01   1.2361178e-04   3.8354657e-02   1.9394178e-01  -2.5819835e-01   1.9500693e-01  -1.7077359e-01  -8.8967694e-02   1.8720621e-01  -9.8737889e-02   9.1151648e-02  -2.0272212e-01   9.6701634e-02  -1.3059855e-01   1.5475071e-01   2.7706660e-01  -2.9865553e-02  -9.8387421e-02   1.4091033e-02  -2.5221227e-04   8.3007100e-02  -2.1556265e-01  -6.5248449e-02  -2.4970827e-01  -8.2880881e-02  -1.4816366e-01  -2.2244442e-01   8.9949642e-02   2.2895850e-01   2.3330986e-01   1.6377507e-01   1.5702082e-01  -5.0283486e-02
  -1.3381451e-01   9.6109665e-02  -1.3484843e-01  -1.4802237e-01  -1.6398424e-01   1.3845636e-01  -1.5069997e-02   1.9676854e-02  -7.1218804e-02  -2.6522027e-01  -9.2377186e-02  -9.8546175e-02   2.3766965e-01   2.7786956e-02  -1.2716559e-01  -1.0880187e-01   3.0528151e-01  -1.4279272e-01  -1.7020645e-03   5.6005837e-02   8.0552172e-02  -9.9470233e-02   2.6529938e-01  -8.0528892e-02   1.5795629e-02  -8.5434750e-02   2.4087233e-01   1.1071097e-01   7.3558164e-02   3.8817022e-01   1.4175894e-02  -1.0274938e-01  -1.2609007e-01   7.5609781e-02   8.6813428e-02  -4.7662771e-02  -2.6424965e-01  -4.5534323e-02   2.1158272e-02  -1.2293942e-01   1.8453638e-01   8.2271669e-02  -1.6150088e-01   1.6323897e-01   1.3038714e-01  -3.8733300e-02  -6.5991369e-02   8.9039873e-02   9.6380086e-02
  -1.6908397e-01   7.1221654e-02   5.5666132e-02  -9.3970651e-02   3.2955784e-02  -1.6722743e-01  -1.2503238e-02   1.2711690e-01  -2.5340033e-01   1.1301981e-01  -1.3660996e-02   3.9233608e-03  -3.6569039e-02  -1.0277921e-01  -6.8735423e-02  -5.5266510e-02   5.9716430e-02  -5.0578079e-02  -1.0721819e-01   1.9456344e-01   4.3982007e-02  -2.2382695e-01  -4.9787942e-02  -2.8854911e-02   7.0433892e-02  -1.8078012e-02  -2.7673792e-01   8.2949410e-02   1.3797921e-01   6.3698138e-02   1.6507472e-01  -9.9707111e-02   2.9259385e-01  -5.5360716e-02  -1.6122579e-01  -3.7745867e-01   1.5411938e-01   3.2814618e-02  -1.0131739e-01  -1.3241244e-01  -2.9574911e-02  -8.2962570e-02   2.6472562e-01   3.3677913e-01   1.5482201e-03   9.3952363e-02  -7.7083129e-02  -1.1858328e-02   1.9072385e-01
  -1.5844365e-01  -1.6048242e-01  -2.0526235e-01  -6.8070302e-02  -3.8463058e-02   5.5852885e-02  -5.6511749e-02  -1.3307188e-01  -6.9163721e-02  -7.3101807e-02   2.6058978e-02   1.4489172e-01  -2.9896262e-01   2.8195214e-01  -8.1890029e-02  -1.2834371e-02   6.2818911e-02   4.3402223e-01   1.4242636e-01   1.3301270e-01  -5.0926727e-02  -1.3366525e-01   6.1877446e-02   3.2095816e-02  -1.2495985e-02  -1.2564257e-01  -5.8978849e-03   1.5959918e-01  -3.1542207e-01  -1.3207399e-01  -5.4062135e-02  -9.5600669e-02  -6.3787567e-03   1.0683005e-01  -5.2031696e-02   1.5279160e-01   6.7334972e-02  -6.0486468e-02   1.1101916e-01   6.3098173e-02   1.0348316e-01   9.9492083e-02   5.4451046e-02   2.9301771e-01   6.3508520e-02   2.0290400e-01   1.4346431e-01   7.6113763e-02  -1.5756585e-02
  -1.3469244e-01  -2.8766620e-01  -2.1581856e-01  -2.0372552e-01  -2.0388120e-01  -9.7964803e-03   2.8746151e-02   1.5363140e-01  -4.1881530e-02   9.8560616e-02  -1.4127594e-01   8.8354003e-02  -1.3778263e-01  -9.2228199e-02   8.0712676e-02  -1.3256233e-01   1.0335316e-01   3.5790615e-02  -7.9606315e-02  -4.0381505e-02  -1.1971784e-01   1.3087400e-02   9.1166515e-02  -3.0225805e-01  -2.1775665e-01  -1.3197601e-01   4.4602718e-02  -1.5549843e-03  -3.6587039e-02  -1.0803945e-04  -1.6697584e-02   1.7420480e-01  -1.5655383e-01  -4.6284922e-02  -4.6210631e-02  -1.7232675e-02   2.0417727e-01  -8.2252356e-02  -3.0871776e-01  -1.4483216e-02  -1.2087502e-01  -1.7319268e-01   8.1123682e-03  -7.7725348e-02  -8.4358417e-02  -1.6826813e-01  -3.0601393e-01   7.8742402e-02  -2.4935965e-01
  -1.2189327e-01  -4.3758731e-02   3.3730289e-01   9.8853075e-02   1.4073058e-01  -1.0366602e-01   5.1179578e-02   7.7370033e-02   3.7911256e-02  -8.0705368e-02  -2.6723635e-01   1.6524944e-01   1.9743960e-02  -3.0644698e-02  -2.2935501e-01   6.9898514e-02  -1.1151192e-01   7.2282265e-02  -1.3615659e-02   1.4688075e-01  -3.6511150e-01  -2.7585353e-01  -1.9530135e-03   1.8356244e-01  -1.7743726e-02  -7.8535148e-02   5.8233272e-02   1.4005178e-01  -4.6956135e-02  -7.3007766e-02  -2.9600756e-02   6.9545055e-02  -7.3917815e-02   1.8253103e-01   2.0647879e-01  -1.9916295e-02  -2.0042324e-01  -1.2399756e-01  -6.5535619e-02   1.2192817e-01  -1.5123549e-01  -2.7137380e-02  -9.4254250e-02  -8.5527142e-02  -5.6912478e-02  -3.7165262e-02  -2.9532430e-01   5.1251759e-03   2.0393487e-01
  -1.3789477e-01  -5.8286192e-02  -3.7903724e-02   1.2724885e-01   5.4186686e-02  -5.3602762e-02  -9.8192773e-03  -3.2628858e-01   1.6902006e-01   2.4661292e-01  -2.4513056e-02  -1.1620178e-01   3.9067325e-02  -5.8069147e-03  -9.2430237e-02   1.1622956e-01   9.6754567e-03   6.8764962e-03  -1.6143430e-01   5.5938476e-02   8.8144536e-02  -1.2768137e-01  -1.2138129e-01  -2.3541451e-01   6.0842495e-02   8.9661306e-03   3.4321291e-01  -1.3121805e-01   3.6061579e-02   2.8963747e-02   8.4697834e-02   4.9522880e-02  -6.6564343e-02   8.1798428e-02   1.6838327e-01   8.8517066e-02   3.2353136e-01   7.0756533e-02   2.7887775e-01  -2.1678945e-01  -2.0449515e-01   1.1256628e-01  -2.1216888e-02   2.0496118e-01  -1.3425689e-01  -1.1830704e-01  -1.1119959e-01   2.9188005e-02   1.4974034e-01
  -1.4046818e-01   7.0686133e-02  -5.2139854e-02  -4.2411105e-02   1.7797284e-01  -1.3106614e-01  -7.4459213e-02   2.2519138e-01  -1.7486192e-01  -8.6018035e-02   1.2808461e-02   1.3027852e-01  -2.7225753e-01   1.4585950e-01   7.6841595e-03   1.1278868e-01  -1.0136357e-01   1.7805640e-02  -3.1597715e-01  -1.2017041e-01   6.2444525e-02  -8.6491286e-03  -1.0489347e-01   9.8236090e-02  -3.4519062e-02  -1.4554385e-01  -1.3503851e-02   4.5540942e-02   3.3137038e-01   1.3609763e-01   1.0077318e-02  -1.4906058e-01  -7.7201223e-02  -3.8598680e-02   7.8517802e-02   2.4347690e-01   1.0447382e-01   1.4675905e-01   2.8786541e-02  -2.3014741e-03   2.0119968e-01  -1.4157326e-01  -3.6938163e-01   4.2184705e-02  -2.3004452e-01  -7.1986304e-02   7.8482450e-02  -9.0199414e-02  -1.5684132e-02
  -1.3883427e-01  -1.9277326e-01  -1.2537599e-01   1.5862580e-01  -1.2736958e-01   1.0510131e-01   1.9377874e-01  -7.8319019e-02   8.6232092e-02  -1.3430794e-01   2.4555329e-01   2.1822594e-03  -2.0536408e-02  -7.9676887e-02  -1.0057863e-01   2.5694734e-01   9.8967766e-02  -6.4500042e-02  -1.8644592e-01   4.5225878e-02  -1.0671727e-01   8.4053558e-02  -1.6820075e-01  -1.2571364e-02   3.9904356e-02  -7.6572366e-02  -1.0201663e-02  -6.0743261e-02  -9.5679751e-02  -2.1902438e-02   1.2302879e-01  -4.0429436e-01   1.4128827e-01   1.0360786e-02   1.4036154e-01  -9.6303933e-02  -3.0164225e-01   1.3638641e-01  -4.2908100e-02   6.8711307e-02  -1.9385958e-01  -1.6279189e-01   3.7528773e-02   8.9525289e-02   2.7629346e-03  -3.2254726e-02  -5.9852082e-02  -1.8254858e-01  -2.9874452e-01
  -1.4233067e-01  -7.9767474e-02  -5.8841997e-02  -1.2195497e-01   5.4574425e-02   2.8191249e-01   1.0321261e-01   5.4877242e-02  -1.8925709e-01  -1.7971648e-02   8.9043421e-02   6.1929404e-02   2.4193375e-01   5.1802581e-02  -1.2693295e-01  -1.0599129e-01   1.4443669e-01  -7.2616540e-03  -2.0808595e-01  -9.5019670e-02   7.9648736e-02   1.0179945e-02   2.9522339e-02   1.4026754e-01   3.9885530e-01   1.1214595e-01   9.5292631e-02   8.2662443e-02  -1.4299091e-01  -2.7607238e-01  -2.7090809e-01   2.0392671e-03   7.2742014e-02  -1.4333718e-01  -4.2405690e-02  -2.2077446e-04   2.6437018e-01   4.6861264e-02  -8.9745865e-02   7.0040817e-02  -1.5536316e-01  -7.2327348e-02  -2.0326169e-01  -1.1942018e-01   8.8479068e-02  -1.6686847e-02  -3.5309283e-02  -1.4041287e-01   1.9465543e-01
  -1.4174786e-01  -2.0155532e-01   1.2156504e-01   2.3950745e-01  -8.1839387e-03   4.4000792e-02   3.8214545e-02  -7.4553663e-02   9.5270971e-02   1.5467148e-01   5.5082176e-04  -2.2476521e-01  -6.4160880e-02   8.3952081e-02   1.5253456e-02  -5.4661799e-02  -1.1299584e-01  -3.1891535e-01   8.6524321e-03  -4.7232435e-02   1.3937540e-01  -2.5997404e-01   2.5325704e-01  -6.7155497e-02  -5.2899289e-02  -1.1500494e-01  -2.5670242e-01   1.5295824e-01  -7.5979383e-02   1.2982392e-02   1.8944974e-01  -5.6174273e-02  -7.4625627e-04  -1.0886933e-01   3.2605841e-02   8.8022642e-02   1.1755580e-01  -3.3012402e-01  -4.4368971e-02   3.4707662e-02  -1.8192772e-02  -2.4084229e-03  -2.9044726e-01  -4.5446516e-02   1.7845815e-01   1.2338983e-01   1.2476478e-01  -1.8944732e-01  -7.4422036e-02
  -1.2703859e-01   2.6942774e-01  -4.0681676e-02   2.4593461e-01   2.8557041e-02  -2.9516657e-02   6.4138474e-02   1.7896503e-01  -4.4425944e-02  -2.3756887e-02   5.0406095e-02  -1.3153932e-02  -2.0284469e-01   9.1273088e-02  -2.7553554e-01  -2.1400939e-01   1.2518298e-01  -1.8779332e-01   1.8195653e-02  -3.1280427e-01   3.6675820e-02  -1.2254273e-01   9.8851111e-03  -7.9094343e-02  -6.4234558e-03   5.2971368e-02   1.4151638e-01  -7.2449852e-02  -6.8225865e-02  -2.1189233e-01   3.4320430e-02   4.5251254e-03   3.5668449e-02  -1.5401052e-01  -4.3432685e-02  -5.8357420e-03  -1.0660613e-01  -1.9596863e-01   1.3845288e-01   2.5469017e-01  -1.2878546e-02  -1.4531669e-02   2.0713193e-01   9.3340723e-02  -1.5365685e-01  -2.8888194e-01   7.2762795e-02   2.3725338e-01  -5.2840815e-02
  -1.5245095e-01  -7.1118545e-04  -6.2011447e-02  -2.5814294e-02  -1.9226711e-01   2.2254527e-02  -1.7021985e-01  -1.4491836e-02   7.8949038e-02   1.8318662e-01   3.3225617e-01  -1.7300248e-01  -6.1453034e-02   8.3573371e-02  -7.4113945e-02  -1.7774066e-01  -7.6000769e-02  -3.1582818e-02  -1.8445531e-01   5.0868832e-02  -2.4046334e-01  -2.6528157e-02  -1.2757805e-02  -9.8570670e-02   3.4000878e-02  -6.9494164e-02   6.8051056e-02   2.5286153e-01   2.3400933e-01   4.4675482e-02   7.1656994e-02   2.2185571e-01   4.6880116e-02   8.8022789e-02  -1.5924432e-01   1.1162469e-02  -1.6260208e-01   2.9592098e-01   5.3843445e-02   2.7731341e-01  -1.1664763e-01   1.0493567e-01  -6.2824865e-03  -2.2143471e-01   2.3179645e-02   2.2531146e-01   4.5964679e-02   1.2479251e-01   9.0907010e-02
  -1.5628449e-01   1.1675036e-01   1.1936663e-01  -1.4426086e-01   2.0593743e-01  -8.6920316e-02   1.3560351e-01   8.9882945e-02   3.5033093e-01   1.1450981e-01   1.3297807e-02   1.1453403e-01   3.8570411e-01   5.9779870e-02  -1.1484872e-01  -2.2772759e-02   1.8705889e-01   9.1823689e-02   1.5670233e-01   2.9018688e-02   1.7767615e-01   3.8891931e-02   3.8880927e-02   1.8761920e-02   3.7813927e-02  -1.1550726e-01   3.3158563e-02   8.7782809e-02   2.0851759e-01  -1.1454329e-01   1.5045786e-01  -8.0845179e-02  -2.2525649e-02   1.0226365e-01  -3.0317723e-02   9.9904784e-02   1.6462319e-01  -3.9604754e-05   2.2372097e-03   1.9155002e-01   9.3316179e-02  -1.4846671e-01   6.9821626e-02   1.8568572e-02  -7.6511427e-02   2.5097325e-01  -7.6046549e-02   7.9620060e-02  -3.4576071e-01
  -1.5938362e-01   2.2269806e-01   1.1324810e-01   2.5170996e-01  -2.0551482e-01  -9.3620620e-02  -3.3359618e-02  -2.7301699e-02   2.5225619e-02  -1.5153107e-01   1.0143557e-01   9.8305124e-02   2.5241885e-02  -2.0939266e-01  -5.5228130e-02   2.3705851e-02   1.2363891e-01   1.3425903e-01  -1.1431230e-01   1.3542690e-01   8.0709020e-02   4.6076233e-02  -4.2389776e-02  -1.9348750e-01  -1.5518169e-01   2.0477839e-01  -2.0636374e-01  -3.3038391e-02  -2.1096183e-02   4.4604043e-02  -8.7538312e-02  -1.5801963e-01   2.3386267e-02  -7.2755709e-02   3.1393917e-02   3.4778484e-01   2.0234046e-01   3.7475582e-02  -1.9642265e-01   1.8136042e-01   1.4110297e-01   2.8834957e-01   3.4190988e-02  -9.3947523e-02   1.7962236e-01  -1.9906590e-02  -2.1525097e-01   6.8180027e-03   1.1520477e-01
  -1.3783147e-01  -1.3125295e-01  -1.4891791e-01   1.0542180e-02   7.4201293e-02   3.1434264e-02   1.7879953e-01  -1.5156564e-01   2.2198492e-01   1.3268663e-01   1.3708779e-01   3.3228232e-01   4.1910282e-02  -5.4390966e-02  -7.4963853e-02  -1.9177354e-01  -6.0928884e-02  -1.3874550e-01   2.3826195e-01   1.2777127e-01  -1.5098233e-01   6.4093660e-02  -9.5952636e-02   1.3524992e-01  -3.4669781e-01   6.3695888e-02   9.9828970e-02  -5.7044486e-02   2.0812573e-01   1.4800932e-01  -2.3705394e-01  -4.9386951e-02   6.1672458e-02  -2.5175118e-01  -7.6972943e-02  -5.8971974e-02   1.1312924e-02  -6.0325746e-02  -7.2383300e-02   6.5414476e-02   1.4187094e-02  -4.6746696e-02  -1.1320813e-01   1.5289271e-01   2.5954920e-02  -7.7785532e-02   1.8336196e-01  -6.2162235e-02   2.2891209e-01
  -1.5020451e-01  -2.6590987e-02  -1.7869517e-01   3.2991031e-02  -4.5944994e-02  -1.5752481e-01  -1.1653600e-01   2.2065925e-01   2.8002639e-02   7.4406415e-02   1.3262291e-01   6.7096802e-02   8.3070456e-02  -7.3366660e-02  -3.0067730e-03   8.4634002e-02   5.9442104e-02   1.8712590e-01   2.7300522e-01   1.6886758e-01   8.1094167e-03  -1.3527376e-01  -5.7802429e-03   1.1309452e-01   2.9314351e-01   1.7210411e-01  -1.8039489e-02  -5.6281077e-03  -6.5881102e-02   2.3906088e-01   2.2218327e-01   1.4890368e-01   2.7002976e-02  -9.8818170e-02  -2.5394292e-01   1.7479692e-01  -1.1713068e-01  -1.2751550e-01   8.7296443e-02  -6.8504572e-02  -1.2644156e-01   9.2725657e-02  -7.9319168e-02  -1.2238122e-01  -1.6698197e-01  -2.7938151e-01   3.7573601e-03  -2.7875356e-01  -8.7101805e-02
  -1.3297237e-01  -6.9161834e-02  -7.2420134e-02   4.0740233e-02   2.8622308e-01  -1.1847241e-01  -1.4966390e-01  -1.7890175e-01  -1.5333697e-03  -2.1766801e-01  -8.7024505e-02  -1.8321792e-01  -6.1833305e-02  -1.4873611e-01   6.5750490e-02  -6.5765242e-03   2.2761605e-01  -1.9214931e-01   1.1835522e-02  -1.0055063e-02  -9.1913369e-02   1.0067277e-01  -1.0597961e-01   8.2419352e-02   3.5278784e-02  -1.2763439e-01  -1.4808467e-02   4.0278352e-01   4.8191248e-02   1.0543835e-01  -3.0640830e-01   1.7588593e-01   1.1503584e-01  -8.5482247e-02   1.1416426e-01   1.6977449e-01   6.7623769e-02  -6.1847946e-02   6.5347755e-02  -4.3257576e-02  -9.0674228e-03   6.4085509e-03   3.5058843e-01  -4.8122162e-02  -1.9379855e-02  -2.9421337e-02   2.8425556e-02  -1.7578836e-01  -1.4953674e-01
  -1.3288394e-01   3.5422382e-02   1.3898421e-02   7.2913187e-02   7.4584370e-02  -1.1556352e-01  -6.8463267e-02  -1.0983183e-01  -2.0768219e-01   3.3036088e-01  -1.3350525e-01  -1.6612110e-01  -1.7342065e-01  -3.4974902e-02   1.4874132e-01  -5.0348557e-02   1.5863821e-01  -3.1522458e-02   1.9312957e-01   1.5320907e-02  -2.8553933e-01   1.7560128e-01   1.2946214e-01   5.0408303e-02   2.2181819e-01   3.8056948e-01   9.1144418e-02  -6.1194029e-02   4.1121760e-02   7.2345053e-02  -8.3421791e-02  -2.4517707e-01  -8.6915431e-02   3.5118346e-02   1.4686801e-01  -1.6047578e-01   4.1115514e-02   2.2499071e-02  -5.5916041e-02   2.0563761e-01   1.1216521e-01   4.3601011e-02  -1.7627359e-01   6.2069942e-02  -6.1893129e-02   1.2332055e-01  -8.0156998e-02   2.4451110e-02  -1.7783598e-01
  -1.2874415e-01  -4.0914425e-02   1.6799214e-01   1.4678834e-01  -1.8416833e-01   1.1728844e-01  -1.2235266e-01   1.6861290e-01  -1.5755950e-01   1.3451268e-01   9.0844719e-02  -6.9358082e-02   1.6847653e-01   1.4918040e-02  -1.6207079e-01  -2.0646218e-02   1.0231693e-01   1.9527616e-01  -1.3976672e-01   1.3409686e-02   4.5650124e-02   3.1996903e-01   4.8239952e-03   8.2956921e-02  -3.4401362e-01  -8.6848030e-03   1.0486425e-03   4.1526172e-02  -7.6360923e-03  -8.8062324e-02  -6.6841998e-02   1.5185088e-01  -1.7181937e-02   2.3923697e-03   1.2083565e-01  -2.2904228e-01  -2.5826753e-02  -2.3634739e-01   1.6877010e-01  -1.2182864e-01   8.7919636e-02   1.6035488e-01  -2.4613320e-02   4.3577687e-02  -3.1089437e-01   1.3015100e-01   4.4407715e-02  -2.6950189e-01  -5.5611945e-02
  -1.3875284e-01   1.5737149e-02  -1.0750985e-01   1.5445958e-01   9.8972168e-02  -1.2560970e-01   2.1898134e-01  -6.2852184e-02  -1.7969871e-01  -1.6249782e-01  -9.3202220e-02   6.1044278e-02   1.3704176e-01   2.3496594e-01  -7.0226756e-02  -1.3868682e-01  -1.5880138e-01   1.1874463e-01   1.3769036e-01  -1.9476432e-01   1.9084668e-03   3.2725967e-02   8.3333315e-02  -1.3706595e-01   9.6445729e-03  -2.6200588e-02  -1.0081588e-01  -1.2088606e-01   1.6717903e-01   6.2846379e-02  -2.3929288e-02   2.1245954e-01   2.5583688e-01   2.6327264e-01   1.5820951e-01  -1.1013911e-01   3.5128640e-02   1.8352400e-01  -2.0033940e-01  -2.8436445e-02  -1.8467911e-01   3.1139146e-01  -7.0894130e-02   2.4808741e-02   8.8374861e-02  -9.2862270e-02   1.3234700e-01  -1.1268508e-01  -2.0251851e-01
  -1.3935263e-01   1.7282167e-01   1.8576867e-01  -4.5393591e-02  -2.4138022e-01   5.7947431e-02  -2.6634498e-01  -3.1089312e-01  -1.4786270e-02  -1.0178084e-01   1.5593626e-01   2.0335516e-01  -2.7067525e-02   5.7430912e-03   9.0055761e-02  -2.5095616e-02  -4.0245295e-02  -9.7687360e-02  -1.2976337e-02  -1.4095608e-01  -1.5409586e-02  -4.4224609e-02   9.2829952e-02   2.9922683e-01  -2.3353661e-02   6.7691995e-02   1.5614830e-01   3.1842905e-02  -2.2749766e-03  -1.9393160e-02   2.4015447e-01   7.3935322e-02  -1.7793667e-01   2.6087492e-01   3.2567271e-03  -6.8567590e-02   1.9920964e-01   1.1097056e-02  -2.3304316e-01   4.5786499e-02   2.5500679e-02  -1.7589016e-01   1.6714178e-01   8.1968618e-02   3.9749765e-02  -1.9662320e-01   1.2630213e-01  -2.1788756e-01  -5.5024675e-02
  -1.4009254e-01   1.2057122e-01   9.6278248e-02  -8.9965918e-02  -1.8908772e-01  -3.5325435e-02   1.1243012e-01  -2.6749210e-01  -5.5112830e-02  -5.3588919e-02  -1.5640666e-01   8.5447659e-04   9.2536339e-02  -4.7074717e-02   2.4604231e-01   3.2619139e-02  -9.4817158e-02   2.2704433e-01  -9.2244193e-02  -2.2353441e-01   1.6903373e-01  -1.7264540e-02  -2.6391896e-01  -3.7280024e-02   1.1666300e-01  -8.8037088e-02  -3.9341232e-02  -8.2313920e-03  -4.7152166e-02   3.1812685e-01  -8.0558651e-02   9.2679555e-02   4.8112385e-03  -1.8327869e-01  -3.0843039e-02  -6.2871624e-02  -1.1439007e-01  -2.6932703e-01   5.1019172e-03   3.4105170e-01  -1.9872358e-01  -9.4784017e-02  -6.9348666e-02   8.7850285e-02  -1.5561789e-01   1.6794729e-01   4.2029905e-02   8.5332093e-02   3.4011686e-02
  -1.3605520e-01  -3.1121930e-01   1.6092310e-01  -1.8372169e-01  -1.4126278e-01  -2.1921059e-01  -2.4610065e-01   4.3187957e-02   6.6482240e-02  -9.8194794e-02   4.7436728e-02  -2.4661460e-02   3.6750364e-02  -1.3446152e-01  -1.1842664e-01  -7.2604682e-02  -2.8042477e-01   4.2368898e-02   1.1750830e-01  -1.3534036e-01   5.9642240e-02   3.1750705e-02  -1.2476645e-01  -3.9574116e-02   1.2619607e-01  -1.8181556e-02   2.3407260e-01  -2.8857162e-02  -8.0652177e-02  -5.2833189e-02   6.7894071e-02  -1.2528364e-02   3.6405307e-01  -1.8571993e-01   2.2656064e-01  -9.7751031e-02   2.9733024e-02   3.3425201e-03   5.4691399e-02   1.5518215e-02   3.6685269e-01   1.3192478e-02  -7.0020075e-02  -4.8313806e-02   1.4989016e-01  -7.5478132e-02  -4.5496208e-02   1.0371350e-01  -6.0631105e-02
  -1.4719900e-01  -8.9710351e-02   6.6114886e-02   3.1070814e-01   9.4423850e-02   3.6572952e-01  -1.0240323e-01  -8.1865904e-02  -8.6968959e-02   5.1132420e-02   1.0447085e-01   1.1056957e-01   1.2469308e-01  -1.3840460e-01   1.5878864e-02   1.8679320e-01  -1.2463773e-01   1.0005698e-01   1.7226632e-01  -4.9912233e-02  -2.9956787e-02  -2.0408369e-01   7.3853553e-02  -2.6804878e-01   2.0839231e-01  -1.3833371e-01  -1.5940085e-01  -3.3524442e-02   1.2129908e-01   1.9607775e-03  -1.9770156e-01   1.2044908e-01  -2.1212923e-01  -8.6147810e-02  -2.5028307e-02  -1.1321402e-01  -7.5666914e-02   1.6368626e-01  -4.6740307e-02  -3.5163341e-02   3.3078154e-01  -1.3017319e-01   1.0205152e-01   1.5840174e-02  -1.4302075e-01  -6.0374469e-02   1.7284267e-02   8.2252614e-02  -3.7123783e-02
  -1.4099013e-01  -1.4441029e-01   1.6570388e-01  -1.2093691e-03   2.8089066e-01   2.8617924e-01  -3.2833608e-02  -1.1415772e-02  -1.9901039e-01   7.4955206e-02  -1.0261670e-02   2.4547396e-01  -1.4184438e-01   1.9622379e-01   4.9742954e-02   1.5849669e-01   1.5703888e-01  -1.9329073e-02   7.7018052e-02   6.7836940e-02   1.8853734e-01   2.5401989e-01  -6.8357264e-02  -5.4367254e-02  -9.2837122e-02   1.4613511e-02   4.7881036e-02   8.4533949e-02  -1.9728263e-02   2.3430950e-01   3.2823970e-01  -2.7273894e-03   6.2011554e-02  -4.3947839e-02   7.2119119e-02  -1.0211388e-01   2.5233488e-02  -2.4143962e-02   7.9572437e-02   9.3725031e-02  -9.9657729e-02   6.4253386e-02   1.0171937e-01  -3.1034513e-01   1.7426900e-01  -1.1201250e-01  -2.7977120e-02   2.0343535e-01   9.9347497e-02
  -1.4357074e-01   1.6940925e-02   1.7587271e-01   7.4811678e-02   4.7828267e-02  -1.4742024e-01  -2.5723679e-01  -6.9065141e-02   5.3674314e-02  -3.8894330e-02   5.8820384e-02  -8.9951003e-02  -2.2264131e-01   1.7738979e-01  -4.2896263e-03  -1.1856292e-01   1.2215870e-01   9.0375776e-02   1.3172733e-01   1.1043493e-01   4.0379896e-01  -8.2298324e-02   7.5061325e-02  -3.3565232e-02  -8.6455789e-02  -3.2734526e-02   1.1556308e-01  -2.6770156e-01   6.2547055e-02  -4.0343764e-02  -3.4759064e-01  -5.3030923e-02   5.1529742e-02   4.2303507e-02  -1.2542346e-01  -8.1267814e-02  -2.1418350e-01   9.0038776e-02  -6.0189314e-02  -1.0198212e-01  -1.9264429e-01  -2.6392880e-01  -4.5949800e-02  -1.6593758e-01   6.3995135e-02   8.2647010e-02  -1.6161902e-01  -1.2770276e-01   5.9958607e-03
  -1.4634713e-01  -4.4310746e-02   2.5827929e-01  -2.0147076e-01  -1.1806746e-01  -8.9354366e-02   1.7397491e-01  -1.3377489e-01  -9.6955867e-02  -9.5957770e-02  -2.5919850e-01   2.0030900e-01  -2.8377813e-02   1.0470509e-02  -1.0480481e-02   6.4109615e-02   9.1120374e-02  -1.9194885e-01  -1.4399961e-01   1.9411390e-01  -8.1591271e-02  -1.6475435e-01   1.2892218e-01  -1.6200998e-01  -1.4235471e-02   1.0593440e-01   1.1790361e-01  -1.5443732e-01  -4.8597694e-02  -1.0518712e-01   6.0558238e-03   8.2348590e-03  -4.8694827e-04  -2.1249073e-01  -1.4878659e-01   5.0010962e-02  -6.4428110e-02   1.7375033e-01   1.0168227e-01  -6.5668006e-02   6.6770547e-02   1.5321504e-01   8.9634988e-02  -2.2519478e-01  -1.9559336e-01   1.3682080e-01   3.5722582e-01  -9.7655525e-02  -1.6017425e-01
  -1.4520821e-01  -1.8889483e-01   8.0208097e-02   2.2771550e-01  -9.4233356e-02   2.1454172e-01  -9.7353955e-02   1.2869166e-01   3.8415451e-02  -7.7897765e-03  -1.9991181e-01  -5.7707265e-02   6.0237028e-02   2.5424418e-02   1.7557745e-01  -9.3940550e-02  -4.1158953e-02  -2.3325083e-01   2.2037534e-02   6.9900671e-02   1.3287714e-01   3.9503325e-02  -1.2845693e-01   3.6571430e-01  -3.3947674e-03  -2.9517255e-02   5.2427654e-02  -6.3888495e-02  -1.1253951e-01   2.0669644e-02   5.9769039e-03   2.2349433e-02   1.5738763e-01   5.7187491e-02  -1.7961645e-01   2.1713398e-01  -2.1624525e-02   2.0225294e-01  -2.1846430e-01  -7.7737536e-02  -4.5102995e-02   1.8332944e-01  -2.4641362e-02   2.0645820e-01  -2.5405627e-01   7.2196779e-02  -7.5896426e-02   3.1634845e-01  -7.6800797e-02
  -1.3977121e-01   1.9096954e-03  -8.9537591e-02  -1.4440475e-01   3.2576279e-02   5.2019450e-02  -9.1088647e-02  -1.4215029e-01  -5.0830198e-02  -3.8056539e-02  -2.4553689e-02  -1.5173800e-01   9.7242869e-02   3.1139827e-01  -3.5405843e-01   2.6645611e-01  -1.2375765e-01  -1.4344590e-01   3.5232806e-02  -2.2116064e-01  -2.5693505e-01   1.0753141e-01  -6.3226685e-02  -1.5360806e-02  -4.3923172e-02   1.2672417e-01  -1.0396038e-01  -2.6721552e-01  -7.6950916e-03   1.3873313e-01  -1.9813689e-03  -1.5176839e-02   7.5546399e-02   3.8510421e-02  -2.6244964e-01   1.7498383e-01   3.9826193e-02  -2.0371405e-01  -9.9460382e-02  -1.2506788e-01   1.1047011e-01  -1.0315795e-01   1.3065957e-01  -8.9779370e-02  -4.6165456e-02   1.8565980e-01  -1.8882732e-01  -5.1944696e-03   7.5563493e-02
  -1.3933766e-01   3.0236386e-01  -2.1189356e-01  -7.8209591e-02   9.1693255e-02   5.4471467e-02   6.8585181e-02  -1.7448980e-01   1.7830753e-01   1.2684857e-01  -6.4500713e-02  -9.2472110e-02  -1.1540633e-01   1.1703249e-01   1.3463687e-01   1.5671679e-01   4.0945546e-03   9.8660588e-02  -5.8468336e-02  -2.1049552e-03   3.2861933e-02  -1.9344650e-02   9.1179401e-02   1.9372815e-01  -1.8353663e-02  -1.9158072e-01   7.2580901e-02  -7.5826881e-03   5.9776618e-03  -2.3198844e-01   1.5992690e-01   1.2006327e-01   5.1970459e-02  -3.9232440e-01   8.5977316e-02  -1.3907011e-01  -1.7004784e-01   4.9778194e-02  -2.6065711e-01  -7.9768033e-02   1.7832390e-01   2.6408265e-01  -1.0234049e-04  -6.2317941e-02  -3.0350029e-04  -2.3285080e-02  -2.3537798e-01  -1.0990915e-01   4.6254075e-02
  -1.6049474e-01  -3.9392086e-02  -2.5738927e-02  -1.6643464e-01  -1.7420854e-01   1.4430694e-01   8.2070505e-02   1.1875251e-01   3.0852017e-01  -1.1158337e-01  -1.5287397e-01   1.2414220e-02  -1.8787767e-01   2.4182567e-01   4.5772562e-02   4.4911000e-02  -4.4932435e-02  -1.9039826e-01   4.5997320e-02   1.2813487e-01   1.6444264e-01   8.5522670e-02  -1.9713455e-01  -1.3193911e-01   1.3100097e-01   3.8338983e-01  -2.6493244e-01   9.5442413e-02   1.0147268e-01  -1.1905434e-01  -5.8240454e-02   2.4191485e-01  -9.7166927e-02   1.2177005e-01   1.7094598e-01  -8.2186423e-02  -8.2269979e-02   2.7127906e-02   1.2049761e-01   8.3344218e-02   1.0625862e-01  -3.7828238e-02   5.6544433e-03   1.6542879e-01  -6.7589651e-03  -6.9905315e-02  -9.4386988e-02  -1.3766441e-01   6.2232451e-02
  -1.5421394e-01   9.7254837e-02  -8.3220826e-02   9.7579430e-02  -1.6903962e-01  -1.7344358e-01   4.1952576e-02   4.2821674e-02  -2.3087182e-01   1.7530454e-02  -1.0633421e-01   6.6677436e-02   8.7551897e-02  -4.9843369e-02   3.6708416e-02   3.8999559e-01  -2.4991540e-01  -1.3440427e-01   1.7070224e-01  -3.9587889e-02   1.1165246e-01   1.1086110e-01  -1.5296639e-02  -1.1361498e-02  -1.2005972e-01   2.0299376e-02   1.9962813e-01   3.4152705e-01   1.0939039e-01  -2.4277381e-01  -1.1350495e-01  -5.5651095e-02  -1.2905165e-01  -1.8328247e-02  -3.0194822e-01  -5.6456605e-02  -1.9867168e-02   1.5875056e-02   1.5736869e-01  -5.1727670e-02  -1.2758842e-01   2.9122767e-02  -8.0707870e-02   7.0830781e-02   2.6567865e-01   2.0310383e-03  -9.3957830e-02   6.5187109e-02  -9.3760219e-02
