  -1.6471226e-01  -1.6195267e-01  -2.9189058e-01  -7.3638350e-02  -4.0493126e-02  -7.2157209e-02   1.7569941e-01  -8.0640015e-03   1.5125129e-03  -1.4147591e-01   3.5416690e-01   1.3484731e-01  -8.1939268e-02   3.2214520e-02  -4.3486295e-02  -1.3625485e-01   2.6646237e-02   9.6884791e-02  -6.0248181e-02  -1.8968284e-02   5.8652500e-02   8.4015532e-02   3.7972980e-02  -2.3824010e-01  -1.9795839e-01  -1.7614536e-01  -3.0818645e-01   2.0875539e-02  -1.4115831e-01   3.3602112e-02   1.0461382e-01   7.4197404e-02   1.1285462e-01   1.0337855e-01   1.6489226e-01   1.9678239e-01  -1.8140063e-01  -1.6687504e-01   2.0216701e-02   6.3370965e-02   3.0578447e-02  -1.6140114e-01   1.0524115e-01   1.3188048e-01  -1.2053171e-02  -2.6790761e-01   1.2947114e-01  -1.9665006e-01   5.6148057e-02
  -1.3531517e-01   2.1733240e-02  -3.7046331e-02  -1.5133466e-01  -1.8837489e-01  -1.3233393e-01   5.4486696e-02  -4.5617577e-02   3.3829902e-02  -2.9880512e-02   2.0699680e-01  -1.2595165e-01  -1.0116224e-01  -2.2922938e-01   1.8892123e-01  -4.1119776e-02   2.4915832e-03   6.5024388e-02   2.3793164e-01   2.3551163e-01  -6.8541059e-02  -7.3506740e-02  -1.7994319e-02   8.4431221e-02   1.2813306e-01  -1.3411138e-01   1.5858673e-01   7.7862397e-02   5.9132182e-03   2.1947878e-01  -6.2109527e-02   4.3620889e-02   9.3167387e-02   2.1750356e-01  -1.8126671e-01  -1.9500572e-01  -3.3521503e-01   1.7645134e-01   1.4076444e-02   1.8586841e-01  -2.0223099e-03   1.3628157e-01  -1.5507355e-01  -1.0046321e-01   1.6297494e-01   1.8260196e-01   8.4660204e-02  -2.4204692e-01  -3.2238437e-02
  -1.2970829e-01   1.4497484e-02  -5.1820973e-02  -2.5562976e-01   3.4043037e-02   2.1010550e-01   1.4952117e-01  -9.1273420e-02  -3.6071237e-02  -6.2658895e-02  -7.0149993e-03   2.1230386e-01   2.0786582e-02   2.7984071e-01   1.6304638e-01   1.1186631e-01  -2.0033167e-01   7.2108810e-02  -1.1698291e-01   6.8295964e-02   5.6294490e-03  -2.4657863e-01  -2.1902214e-02   2.5489842e-01  -1.0559963e-01  -4.2952579e-02  -8.5882879e-02  -5.0201297e-02  -2.2436866e-01  -8.2559978e-02   2.1311045e-01   1.2986851e-01  -1.6585555e-01   1.3212487e-01  -2.8856157e-01   9.7731259e-02  -3.4546533e-02  -1.4487737e-01  -1.6525717e-01  -1.3681108e-01  -3.9687735e-03   7.9046653e-02  -1.8538111e-01  -1.7279234e-01   1.2988634e-01   7.7343274e-02  -4.8947304e-02   1.5721669e-01   1.0957294e-01
  -1.4206680e-01   2.5788193e-01  -6.8484525e-03   5.5818233e-02  -1.7363834e-01  -2.8197618e-01  -1.9240885e-02   7.0893597e-02   1.1682325e-01  -4.9888549e-02  -8.6190548e-03  -1.1228936e-01   1.9709133e-01   3.1191754e-01   1.4720068e-01  -8.8865876e-02   1.3155447e-01   1.6147582e-01   8.3521267e-02   1.8690898e-01   1.6796340e-01   8.2779193e-02   5.8725841e-02   1.1702604e-01  -4.2257161e-02   4.0827676e-03   1.3136546e-01  -1.9427519e-02  -6.1688025e-02  -8.7556307e-03   2.3574458e-01  -6.8369952e-02   6.6870534e-02   5.7086428e-02   2.1799204e-01   8.6996453e-02  -6.8037992e-02   2.4928085e-01  -2.5602044e-01  -1.4946831e-01   9.7340910e-02  -1.8395723e-01  -2.4418131e-03  -2.4419770e-02  -2.0455195e-01  -2.1402031e-02  -7.7591022e-03   1.7992004e-01  -2.0827385e-01
  -1.5072103e-01   1.4182518e-01   3.0993623e-01  -8.1594751e-02  -5.2426747e-02   9.2301892e-02  -7.7512028e-02   3.8018969e-02   2.9817256e-01   3.0409128e-02   2.8600868e-01   1.7313823e-01   4.0645614e-03   4.1590384e-02   6.0554363e-03   9.0731248e-02   1.2788629e-01  -1.9223648e-01  -2.3746065e-03  -4.5204842e-02   8.3085669e-02   1.1248362e-01  -3.5267094e-01  -2.2216731e-01  -1.1607673e-01   8.3568432e-02  -1.0771655e-04  -1.2888949e-01   1.3819592e-01  -7.7865678e-02  -1.9368803e-01  -1.1335782e-01   7.3559658e-02   1.2598191e-01   6.4875716e-02   4.6669900e-02  -9.8851289e-02  -1.1479882e-01  -5.9865009e-02   2.1293644e-03   2.0772702e-01   3.3733900e-02  -2.3348671e-01   9.6256015e-02   2.0807729e-01   4.1351477e-02  -1.6856628e-01   1.6313840e-01  -2.3359105e-02
  -1.5341520e-01   4.9547175e-02  -1.0367945e-02  -1.4110336e-02   1.5179991e-01  -1.4935075e-01   5.5645470e-04   1.1643084e-01   1.6213199e-01   1.6493767e-01  -2.0043196e-01   2.2364297e-01  -4.7643403e-02   2.9654542e-02  -2.4469953e-01  -3.1535413e-02   1.3394532e-01   2.2101090e-02   1.6252962e-02  -7.5467808e-03  -6.2714956e-02   2.4292201e-01   3.8454184e-01  -1.4395910e-01   5.6197060e-02  -1.1612529e-01  -8.2282754e-02  -1.6901770e-01   4.4059178e-02  -5.8007060e-02  -5.2650341e-02   6.0062873e-02  -3.5465796e-02   9.7765381e-02  -2.3360511e-01   4.3644661e-02  -3.6190482e-02   9.6332592e-02  -1.5268037e-01   1.4569521e-01   2.9187124e-01   5.6002359e-02   1.5833081e-01  -3.5254820e-01   4.7816629e-02   7.8472192e-02  -7.4514090e-02  -3.8226146e-02   1.3256991e-01
  -1.4880003e-01  -1.6782889e-01  -1.4332430e-02   3.3839861e-02  -1.9199612e-02  -6.7507531e-02  -3.5799595e-02   1.0809881e-01  -1.9809144e-01   2.2692749e-01   6.2780124e-02   1.5663540e-01  -1.1004268e-01  -1.4086461e-01   2.9786554e-01  -2.8541587e-01   1.9213787e-01  -1.4709396e-01   6.9108934e-02  -2.4299671e-02   6.3985362e-02  -4.0739076e-03  -2.8721181e-02   5.9900786e-02  -2.2513761e-01   2.6821997e-02   4.8759432e-02   1.4706488e-01   1.2974288e-01   1.3447531e-01   1.0935751e-02   2.0430472e-01  -1.4344991e-02   1.5019933e-01  -1.8227865e-01   5.9214731e-02   1.8743815e-01   3.0840274e-02  -9.8431374e-03  -1.1368063e-01  -2.3091668e-02   2.3398838e-02   3.5826387e-01   1.4098771e-01   9.4300207e-02   9.9040568e-02  -4.2179149e-02   3.1804957e-01  -7.0114779e-02
  -1.4323619e-01  -8.2980800e-02   2.9303010e-02   1.9328421e-01  -1.5447535e-01   1.4062897e-01   2.0822454e-01  -1.8837946e-01   2.8626412e-01   1.9031966e-02  -6.2187453e-02   2.4892049e-01  -1.1716925e-01  -4.6924689e-02   4.7135383e-02   2.2000586e-01   2.7005394e-01   1.3545759e-01   9.3262046e-02   2.4999411e-01   2.3593531e-02  -1.8072138e-03   8.4235177e-02  -1.0448252e-01   1.3140087e-01   1.6086674e-01   1.3478092e-01  -5.2187950e-02  -4.7912733e-03  -3.8586883e-02   2.0146020e-01  -6.5024374e-02   5.0077691e-02  -6.9145113e-02  -4.5915353e-02   9.9208991e-02   3.1112005e-01  -3.9279694e-02   1.7535371e-01  -1.1812744e-02  -1.6477674e-01  -8.0663935e-02   2.6057842e-03   3.8369992e-03   1.6831990e-01   2.2852853e-02   2.9505102e-01  -5.1336709e-02  -7.1473183e-02
  -1.5151471e-01   2.2619366e-02   1.9588114e-01  -1.3188111e-01  -1.7675798e-01  -1.5584472e-01   3.8947801e-02  -3.0503287e-01  -1.6288497e-01  -1.2026832e-02   2.1803593e-02   6.6884567e-02  -1.0088968e-01   8.2964902e-03   1.3584217e-01   1.0759337e-01   1.5666331e-01  -9.2130604e-02   5.5791964e-02  -1.2979170e-01  -3.1826136e-01   8.2088024e-04   1.3400421e-01   2.6663088e-01  -2.1541776e-01  -2.5682048e-02  -5.8408644e-02   1.0187654e-01   1.7996604e-02  -8.2804125e-02   1.1266379e-02   4.8667083e-02   1.9695011e-01  -3.5227416e-01   1.9039670e-01  -4.6179773e-02   1.3438515e-01  -8.0726582e-02   2.2399943e-02   3.9867381e-02   2.6284707e-01   1.1190264e-01  -2.9384367e-02  -1.3219007e-01  -1.1882854e-02  -1.1777400e-01  -1.3506008e-01  -1.4282885e-01  -6.6143083e-02
  -1.1738950e-01   1.6785391e-01   1.2796964e-01  -1.5924280e-01  -5.6665919e-02   7.7746331e-02  -1.3208543e-01  -3.8444372e-02   7.7612074e-02   1.0251269e-01   2.4285298e-01  -2.2823416e-01  -1.1095719e-01  -4.9007832e-02   8.3134183e-02  -1.4209217e-02   5.3008869e-02   3.9232671e-01  -2.3397704e-01  -1.5992969e-01   4.9099237e-02   9.2500569e-02   1.3935202e-01   3.3946661e-02   4.2322858e-02   6.1611590e-04   7.7885585e-02  -1.5504201e-02   8.5116622e-02  -3.7154334e-02   8.0694315e-02   5.6540068e-03   1.1302447e-01   1.1688349e-01  -1.6649219e-01  -1.0013383e-01   2.4241621e-01  -2.5835608e-02   5.9268445e-02   1.9903235e-01  -2.5629115e-01  -1.4314928e-01   2.0374331e-04  -8.6459051e-04  -1.1789093e-01  -1.7933706e-01  -2.7158850e-01   5.3306125e-02   2.6695037e-01
  -1.5288490e-01  -2.0715293e-01  -4.7630727e-02  -6.2124606e-02  -3.8716592e-02  -1.6181882e-01   1.1607600e-01  -1.8322190e-01   2.0218754e-01  -1.3310443e-01   3.1143244e-02   6.5256350e-02  -4.1339917e-02  -5.8605719e-02  -1.8948229e-01  -2.9302959e-02   6.2469968e-02  -1.2063509e-01   3.2390181e-01  -1.9584058e-01  -2.0456370e-01  -1.4994669e-01  -2.5129823e-02   1.0965336e-01   2.2679128e-01   9.9812048e-02   1.9877385e-02  -1.3402745e-01  -2.1112196e-01  -1.0216349e-01  -1.5390595e-01   7.6118984e-03  -1.4139502e-01   1.7363684e-01  -9.1062597e-02  -2.9583089e-02   8.6260940e-03   1.1353468e-01   3.0315768e-02  -1.7815213e-01  -8.5892677e-02  -1.8014877e-01   3.1210753e-02   1.8882506e-01  -2.6752802e-01  -6.0457110e-02  -2.9460897e-01   7.4257057e-02   3.1356042e-02
  -1.3118952e-01   2.0770244e-01   1.1178860e-03   1.1344102e-01   9.8350293e-02  -1.4076676e-01   3.1712639e-01  -8.5616804e-02  -1.9761211e-01  -1.0112020e-01  -1.1156824e-01  -2.1628573e-02  -1.5928904e-01  -1.7936399e-01   1.3438825e-01  -2.0913331e-01  -1.4476217e-03   3.2859564e-02   1.4063077e-01  -6.6247787e-02   4.5214818e-01   9.2985357e-02   1.7907871e-02  -5.8197966e-02   8.9368667e-02   1.1078316e-01   1.4936543e-02   2.3249039e-03   2.0983493e-02  -2.1140860e-02   1.1314888e-02  -1.6910501e-01  -1.8742135e-01  -1.3676828e-01  -1.2335144e-01   7.6259970e-02  -8.3202520e-02  -1.8286486e-01   2.2096661e-01  -4.2013010e-02   1.3077243e-01   1.5128064e-01  -2.2542549e-01  -7.1065199e-02  -1.0890202e-01  -1.4202677e-01  -1.1975960e-01   6.1218412e-02   6.2664998e-02
  -1.4887744e-01   5.8474231e-02   1.6455916e-01   9.4362896e-02   2.4717547e-01   8.4888225e-02  -1.0060983e-01  -7.1587027e-02  -2.6083878e-01  -1.9913169e-02   1.7155084e-01  -1.1582411e-01  -1.3112061e-01  -1.7762528e-01  -2.4675037e-01   2.8900547e-01   8.1874571e-02   7.8145676e-02   1.7576335e-02   2.5952757e-01   1.2703086e-01   3.7039346e-02   8.2184732e-02   1.7126043e-02   5.8185952e-02  -2.0334506e-01  -2.8448760e-01   1.2607384e-01  -1.0811424e-01   4.9600206e-02   1.3806462e-02   1.1369364e-01   7.2699195e-03   1.6633737e-01   1.2240912e-01  -3.0426170e-02   1.6665049e-01   1.3787282e-01   7.2079453e-02  -3.1764063e-01   1.3137013e-01  -3.5167295e-02  -1.1468174e-01   5.2683002e-02  -4.5218935e-02   1.8744510e-01  -6.5298483e-02   5.1137433e-02  -4.0109867e-02
  -1.2889062e-01  -1.0178125e-02  -2.2350521e-01  -3.6297493e-02  -1.1429317e-01   4.4323495e-02  -7.4309087e-02  -4.6206518e-02   7.0424304e-02   3.3034377e-01  -1.9910921e-01  -3.6841301e-02  -1.7041603e-01   7.5672745e-02  -5.5426740e-02  -2.5634357e-02  -2.5052576e-01   9.6754432e-02   1.9288818e-01  -9.3607739e-02   1.5109663e-01  -2.3789501e-01   2.7157701e-03  -9.0523844e-02  -1.8215831e-01  -2.3752210e-01   5.3313063e-02  -9.2872604e-02  -4.9335130e-02   2.3133024e-01  -2.0605531e-01  -5.5687132e-02  -6.2546774e-02   4.6114309e-02   1.6592676e-01  -2.5974829e-02   3.3437503e-01  -5.9265084e-02  -9.4117969e-03   1.7018414e-01   1.3262294e-01  -1.5068657e-01  -2.2979438e-01   8.0415766e-03   9.9923739e-03   9.5576069e-03  -3.0124258e-02  -1.4217014e-03  -1.8592400e-01
  -1.2926878e-01   2.3035974e-01  -6.5318786e-02   1.4429166e-01   6.4455959e-02  -1.6857471e-02   1.3386789e-01   1.5728860e-01  -1.6956080e-01   3.8256753e-02   1.9407261e-01   1.0952777e-01   2.6747114e-01  -1.9557745e-01   1.1253015e-01  -1.7159145e-01  -1.7484007e-01  -7.1416321e-03  -3.0398921e-02   1.0222294e-01  -3.4330611e-01  -1.3941230e-02   5.1392744e-02  -9.3549944e-02   5.1445500e-02   9.2938466e-02  -1.5941826e-03  -1.1700487e-01   6.3831710e-02  -2.5997222e-01   7.3897165e-02   1.3006152e-01  -3.4856371e-01   6.3662368e-02   1.8694344e-01  -2.6367655e-02   2.1141300e-01   8.1458393e-02   2.6648663e-02   1.4800596e-01  -2.3824611e-02  -1.0808802e-01  -1.4806062e-01   7.1905793e-03   1.4611876e-01   8.2520279e-03  -1.1382307e-01  -1.1856438e-01  -1.3422334e-01
  -1.2178095e-01  -8.0659613e-02   9.8643238e-02   1.2224918e-01  -2.4367440e-01   8.6855585e-02  -1.1828447e-01  -1.4093485e-01  -1.5455137e-01   5.6030082e-02  -1.1477271e-01  -1.3681666e-01   1.7782929e-01   1.1450038e-02  -1.4923604e-01  -8.8995967e-02  -3.9639816e-02   9.5612282e-02   1.1612744e-01  -2.6350559e-02  -9.6355545e-02   6.0047681e-02   9.4532988e-02  -3.3034026e-01  -2.8214579e-01   2.3767426e-01  -1.8987246e-02   2.5675783e-01  -1.6763070e-01  -2.1517949e-01   1.1104344e-01  -1.1575667e-01   4.1808730e-02   1.7113091e-01  -2.1101659e-01  -1.1682490e-01  -1.0380693e-01  -2.5056300e-01  -4.8111021e-02   2.2428523e-02  -6.2111487e-03   8.6355641e-03  -5.7166997e-02   1.5846613e-02  -1.5312523e-01   2.6154840e-01  -9.0075314e-03  -5.2542081e-02  -1.0039223e-01
  -1.2245291e-01  -1.1274049e-02  -5.0993278e-02   6.0055822e-02   2.7875954e-01   1.3412143e-01   5.3169195e-02  -4.2930398e-02   1.9769335e-01   1.7657692e-01  -8.0308259e-02   1.6805865e-01   2.7724395e-01   7.0567174e-02   8.5578054e-02  -1.0843418e-01   3.3038918e-03   1.7458187e-01   1.4418423e-01  -1.6014639e-01  -2.2135090e-02   4.1111029e-02  -1.2967611e-01  -2.5779725e-03  -1.4205504e-01  -7.8968827e-02  -6.1668336e-02  -7.1562073e-02   1.5982047e-01   1.6971791e-01   2.4905383e-01   1.3606556e-01   1.5104779e-01  -1.5430298e-01   7.3164841e-02  -2.7130402e-01  -1.4923074e-01   9.3096910e-02   2.9314046e-01  -1.9451222e-01  -3.1860648e-02   1.7388572e-02  -6.5881846e-02   5.4445164e-02  -1.2295070e-01   2.0479527e-01  -1.2496806e-01  -1.5707006e-01   1.4146854e-01
  -1.4510158e-01  -1.1686379e-01  -1.1487671e-01   2.9913985e-01   6.7239829e-02   7.5171494e-02  -8.5422006e-02  -1.4963966e-01  -1.0296350e-01   6.7097463e-02   1.6238216e-01  -4.7491226e-02  -7.0386806e-02  -2.0676310e-02  -2.3512294e-02   8.3290023e-02   1.8184683e-01  -1.1044969e-01  -1.3323791e-01   1.1713091e-01   6.5364074e-02  -5.1154280e-02   1.5238119e-01   1.2985590e-01  -1.7713882e-01  -4.2898273e-02   1.0724394e-01  -3.7702389e-01   6.0295238e-03   7.4678994e-02  -6.4389991e-02  -1.6319497e-01  -1.6475369e-01  -1.5123065e-01   1.1098387e-01  -1.4693746e-01  -3.1553789e-01  -1.9435998e-01  -1.2271809e-01   5.2214615e-02  -2.8522705e-01  -9.9331280e-02   7.9914447e-02  -1.5565806e-01   2.3399335e-02   1.0228355e-01  -1.9151045e-01   5.5814976e-02  -8.6550477e-02
  -1.4395424e-01   1.5204238e-01  -2.3444253e-01  -1.7883580e-01   2.1504605e-01  -9.0468724e-02  -2.5127878e-01   3.2041183e-02   1.3373119e-01  -1.9512258e-01   1.9544729e-02  -4.3322191e-02  -4.2808365e-02  -1.3387820e-01  -1.4656007e-01   8.2082950e-03   1.2148045e-01   1.3796571e-01   4.6844397e-02   9.7825790e-02  -7.5395596e-02   2.2654909e-01  -2.5841533e-01   1.4033561e-01  -1.3366009e-01  -1.7801138e-02   2.4625821e-01   2.9982360e-02  -9.5320160e-02   7.3626502e-03   2.0941101e-02   1.0142801e-01  -2.5587786e-01  -2.4849522e-01  -1.3523348e-01  -1.6135700e-02   1.3840528e-01  -2.7493449e-01  -1.3043713e-01   4.1085341e-02   9.9688309e-02   4.0848825e-02   5.2662855e-02   1.9319681e-01  -8.7262129e-02   1.2057993e-01   1.5054892e-01  -8.0826598e-02  -1.3971475e-02
  -1.4446336e-01  -2.7619370e-01   5.0393428e-03   2.3056797e-01  -1.1753380e-01   6.7191162e-02  -1.3441718e-01   2.6723584e-01  -2.8274116e-02  -3.8120124e-02   1.1329161e-01  -6.2780521e-02   3.4192648e-02  -3.3054345e-02   1.9404555e-01   3.4851097e-01  -1.1663000e-01   3.0808538e-02   2.4338112e-02  -1.3794465e-01  -4.7401123e-02  -1.7888480e-02   9.7900718e-02  -9.5505250e-02   6.2372606e-02   1.6317140e-02   1.9187037e-01  -1.9266790e-01   3.2470109e-02   1.5158565e-01   1.8471869e-01   6.2214411e-02  -8.1068330e-02   5.0285404e-02  -7.6534021e-03   2.0164436e-01   2.1329033e-02  -1.1446470e-02  -5.5096193e-02  -1.2158059e-02   2.2383237e-01   3.8605368e-01  -4.0497725e-02   1.1190250e-01  -2.7344926e-01  -9.6788387e-02  -5.4356233e-02  -9.2490782e-02   5.7806955e-02
  -1.5482298e-01   6.1174128e-02   6.9738443e-02  -2.9170749e-01   1.7505212e-01  -1.6238824e-01   9.2817100e-02  -1.7946302e-01   2.6122896e-02   1.8480969e-02   6.2080405e-02  -1.4275108e-02   2.0263453e-02   1.7700022e-01  -2.1061120e-01   7.9374668e-02  -2.0311216e-01  -9.9671469e-02  -7.1116697e-02  -5.2443564e-03   1.4859944e-01  -6.4236214e-02   1.9294939e-01  -1.5875158e-01   1.3755772e-01   1.9230804e-01   9.3059584e-02   1.3754141e-03   1.8570733e-01   1.2573747e-01   1.3927351e-01   1.8191046e-01   1.6899446e-03   5.8326752e-02   8.8497288e-02  -1.8680412e-01  -1.6412306e-03  -1.2039139e-01  -1.2068665e-02   2.8768144e-02  -1.4609840e-01   2.9277184e-01   1.9112290e-01   1.4413795e-01   5.2268657e-02  -7.4383344e-02  -2.2469605e-02   5.8241103e-03  -3.8727397e-01
  -1.3462295e-01  -4.4572675e-02   1.8422702e-01   1.1646807e-01   1.0839634e-01  -1.5145795e-01   5.2933792e-03   1.3790691e-01   1.2285042e-01   1.3454571e-01  -1.6459288e-02  -9.6239383e-02  -2.7599619e-01   3.0822397e-01   1.6649312e-02  -4.9318934e-02   9.7256302e-02   1.5930565e-02   6.2242341e-02  -1.3358975e-01   5.3429828e-02  -6.3484201e-02  -2.3179233e-02   2.2895405e-01  -3.3700465e-02   4.1877550e-02  -1.4220110e-01   1.9751739e-01   4.0030330e-02  -2.1634461e-01  -1.3814240e-02  -4.7790810e-02  -2.8139001e-01   1.5837743e-01   2.6760861e-01   1.0870606e-01  -2.8673102e-02  -5.6161517e-03   2.5390724e-02   1.5922018e-01  -2.0732864e-01   1.9807054e-01  -3.6894453e-03   8.5240902e-02   1.2725250e-02   2.2754694e-01   1.3165418e-01  -2.3442117e-01   1.7172285e-01
  -1.5125558e-01  -7.4211812e-02  -3.8894499e-02  -6.7111334e-02  -1.4578706e-01   4.2883211e-02  -2.6929071e-01  -1.1119156e-01  -1.0630305e-01   6.1199071e-02  -5.8695850e-02  -1.1425671e-01   1.6872057e-01   1.4673428e-01  -5.7032159e-02  -4.4780375e-02  -8.8260513e-02   2.2963255e-01   1.4180094e-01   8.1331290e-02  -9.4222835e-02   1.7345179e-01   1.4422290e-01   1.6297391e-01   1.7599424e-01   2.2989788e-01  -8.7808957e-02  -7.5433983e-02   1.2275365e-01   1.2665016e-01  -1.9553715e-01   1.2983082e-01  -9.9896228e-02  -5.0099050e-02   9.3361462e-02   2.8672260e-01  -2.0584081e-01  -1.1322214e-01   3.0398151e-01  -4.5737792e-02   8.7443881e-02  -7.6583641e-02  -4.9583319e-03   9.6121075e-02   2.9459745e-01  -3.4763761e-02   4.6946624e-02   1.8456429e-01   1.1699033e-01
  -1.3791812e-01  -1.0662029e-02   6.5196652e-02   2.4784706e-01   2.3975966e-01  -1.5798801e-01  -1.6998245e-01  -5.8640676e-02   1.4694950e-01  -1.3443656e-01   9.8959439e-02  -1.2786125e-01   1.0449819e-01   7.9092612e-02   1.8642807e-01  -1.4313138e-01  -1.7136194e-01  -5.3538693e-02  -8.2510965e-02  -1.8812472e-02  -1.6325882e-02  -2.7730511e-03  -6.4465575e-02   1.3119680e-01  -4.4632178e-02   1.5439942e-01  -9.5839099e-02  -1.6598602e-01  -1.2680051e-01   5.4300362e-02  -2.4575680e-01  -3.8929283e-02   2.0357016e-01   2.2539777e-01  -1.4230606e-01  -6.6299540e-02   2.2945193e-01  -1.4917646e-01   1.3642959e-01  -1.7694448e-01   3.8702706e-02   1.8533261e-02   6.9539495e-02  -3.1026079e-01  -9.8177459e-03  -1.1865411e-01   2.2640505e-01  -1.7898198e-01  -1.2456354e-01
  -1.4974970e-01  -6.9908803e-02  -1.1364125e-01  -3.3712930e-01  -2.1564709e-02   1.3101497e-01  -2.9805163e-01   7.5747004e-02   9.7084681e-02  -3.4339694e-02   1.1522895e-01   3.3514350e-02  -6.3017477e-02  -1.0896720e-01   1.1277957e-01  -1.9030349e-01   6.2614185e-02  -2.5763828e-02  -1.4365208e-01   3.3236253e-02   4.9380540e-02  -3.0923538e-01   1.7881610e-01  -1.0766554e-01   8.5705765e-02   2.0787034e-01  -2.4095691e-01  -1.0957603e-02   8.7855513e-02  -5.2620875e-02   4.8919056e-02  -3.9381805e-01  -1.3578921e-01  -2.2259643e-01   7.7219278e-03  -5.0338395e-02   1.7489438e-02   2.0779044e-01   4.2497016e-02  -1.3994993e-01   1.3735363e-01   3.0426618e-02   2.5764773e-02  -3.3078270e-02  -1.1162658e-01   1.1960709e-01   1.0584517e-01  -5.2596982e-02  -4.1492808e-02
  -1.5765626e-01  -1.4786827e-01   1.5933968e-01  -1.6829101e-01   3.7800992e-02  -1.9576271e-01   1.1470036e-01  -8.7192034e-02  -1.6759464e-01   1.6331392e-01   2.2513265e-03  -8.3573512e-02   1.6624661e-01  -1.3023685e-01  -1.2163692e-01   1.0170212e-01  -6.2559576e-02  -4.3352608e-02  -1.3832497e-02   4.2023064e-02   1.3243616e-01  -1.5756773e-01  -6.3477222e-02  -4.6635170e-02  -1.8990949e-01   4.6602753e-02   1.7353937e-01  -1.4113726e-01   3.6121325e-01  -1.5064564e-01  -1.1097312e-01   1.2060021e-01  -3.7692171e-04  -5.3790849e-02  -7.2894371e-02   1.3897025e-01  -1.4308301e-02   8.8856606e-02  -1.8102067e-01  -1.5191716e-01  -6.6035529e-02  -2.2922561e-01  -1.1664899e-01  -4.9727737e-02  -1.3792423e-01  -4.9455411e-02   3.2770542e-01  -1.3549074e-01   2.6697830e-01
  -1.4799076e-01   8.1941512e-02   6.4330581e-03   2.1005831e-01  -1.4029176e-01  -1.8926627e-01  -2.2015985e-01  -1.8754643e-02  -1.4333555e-01  -3.0762249e-01  -4.0531626e-02   2.3286649e-01  -7.8779736e-02   1.6332333e-02  -2.6772112e-01  -1.3746679e-01   3.8543519e-02   1.5629259e-01  -2.2000351e-01  -2.5742734e-01   1.8195627e-02  -2.2317080e-01  -6.0163594e-02  -4.1481099e-02  -6.7272714e-02  -1.2826619e-01   7.9073693e-02  -1.3506255e-01  -1.7251412e-02  -8.0814787e-02   4.1351504e-03   1.4804172e-01   1.3571235e-01  -7.3605790e-02  -8.6439679e-02   2.7046505e-02  -4.0221050e-02   2.6569164e-01   1.5676923e-01   8.4167887e-02  -1.2533061e-01   1.7301605e-01  -1.7734942e-01   5.0801545e-02   9.9264510e-02   8.0826798e-02   1.3536788e-01   1.7031542e-01  -7.2136403e-02
  -1.3821056e-01   1.7200262e-01  -2.0922518e-01  -5.2653005e-02  -2.2581284e-01  -6.2146106e-02   1.3297399e-01   3.1518034e-01  -3.7279854e-02   1.4142459e-01  -1.4848343e-01   1.3862349e-01  -1.5207511e-01  -6.6422723e-02   2.6756731e-02   1.2798181e-01   2.2495791e-02   1.6696316e-02  -2.1747912e-01   1.1978203e-02  -1.5584083e-01   1.1780129e-01  -4.6885985e-02   9.4175497e-02   1.6563000e-01   1.1523659e-01  -2.2257670e-01  -1.5696239e-02   1.4892180e-01   3.9808662e-02  -2.1669555e-01   9.8365907e-02   2.0083217e-01   2.0184569e-02   3.9485172e-03  -2.2041719e-02  -7.2967908e-02  -2.4734972e-01  -2.4854644e-02  -1.7731628e-01  -2.0820349e-01   7.2556101e-04  -1.6446808e-01  -7.4423056e-03  -3.1314370e-01   1.4924787e-01   4.0900438e-02   1.6001402e-02  -1.5724785e-01
  -1.5311597e-01   1.5856969e-01  -8.2179539e-02  -3.1646072e-03   1.7300728e-01   1.2951535e-01   1.6263059e-01   6.7319729e-02  -7.3353911e-02   2.4458028e-01  -8.0575918e-02  -1.5628090e-01  -4.9321601e-02  -1.5809904e-01  -1.2829726e-01   6.8006810e-02   8.1295717e-02   3.9761570e-02   2.1861623e-02   3.0442673e-02  -9.7262618e-02  -1.5774532e-01  -1.7070838e-01   9.4310712e-02  -1.2716759e-01   3.9709531e-01  -7.1257056e-02  -1.6888080e-01  -3.0922163e-01   1.7936897e-02   5.8640911e-02  -1.6576617e-02   2.1069004e-01   4.8521176e-02   1.0775772e-01  -5.5487438e-02  -1.1167917e-01   1.7707461e-01  -2.2559984e-02   2.5554896e-01   1.2324042e-01   1.4514354e-01   1.0954904e-01   5.8175333e-02  -1.7382557e-02  -1.7007011e-01   1.6214194e-01   2.0465212e-01   1.1460346e-01
  -1.5286806e-01   8.4200475e-02  -1.1615504e-01   1.5249664e-01   1.7049837e-01   5.7162091e-02   1.1743806e-02  -9.2260167e-03   1.3449629e-01  -6.2537549e-02  -9.6468549e-02  -9.0835117e-02  -3.9566497e-03  -1.5268009e-02   1.3438944e-01   1.7208592e-01   1.3162097e-02  -2.8308797e-01  -2.5794042e-01  -2.3435167e-01   7.9326831e-02  -3.0450187e-02   2.8337407e-01   1.0559759e-01  -1.3171915e-02   1.3798034e-01   8.8125450e-02   2.6727666e-01  -1.6492802e-02   5.4138441e-02  -4.9406321e-03   1.1819850e-01   5.3618204e-02  -5.2440701e-03  -1.6587510e-01   3.7795384e-02  -1.4630761e-01   9.3594331e-02   5.5236428e-03   1.1010430e-01   1.8041453e-01  -3.8286428e-01  -1.7496637e-01   2.8180617e-01   1.2320545e-01   5.4808699e-02   1.1434389e-02  -1.0397369e-01  -6.5199877e-02
  -1.2946140e-01  -1.0154733e-01  -3.2311385e-01   2.4074134e-02  -3.2365649e-02  -1.3699101e-01   1.0361616e-01   1.0450018e-01   1.1619558e-01   4.4878174e-02   1.1029467e-01  -4.2120057e-02   2.5768882e-01   6.3095617e-03  -9.3705938e-02   2.9234382e-01   2.2163101e-03   8.7743780e-02  -4.2227662e-02   1.6263374e-02   1.0806681e-01   3.2106365e-02  -7.8608358e-02  -2.6101175e-02  -2.0374130e-01   8.4992250e-02   2.7103365e-03   3.8227235e-01  -3.4963952e-02  -5.4273803e-02  -2.5858656e-01  -9.8961739e-02  -5.7299660e-02  -1.5079771e-01  -6.6398756e-02   5.7117068e-02   7.4900697e-02   2.4307154e-01   9.0299401e-02  -7.2785759e-02  -1.7116884e-01   2.0852142e-01   2.5971979e-02  -2.1608411e-01   1.6141883e-01  -1.0563777e-01  -2.4807113e-01   1.9317535e-02  -1.3903429e-02
  -1.4343615e-01   9.2149870e-03  -1.1791964e-01  -1.3513127e-01  -5.6943415e-02  -6.8646160e-02   9.8551762e-02   1.9071870e-01  -1.0407535e-01  -2.6379628e-01  -2.1345616e-01  -1.8476740e-01   6.8358567e-02  -8.7190690e-02  -1.1971688e-01   1.5227416e-02  -3.8184828e-02  -1.3535236e-01   1.9700805e-02  -1.0758928e-02   4.5367468e-02  -4.1220386e-02  -3.7875984e-02   1.0513323e-01  -4.3706885e-02  -2.8856984e-02   4.7198118e-02  -2.0089441e-01   1.0554940e-01  -1.4100641e-02   2.1420846e-01  -2.8184932e-01   2.9720491e-01   1.4758330e-01   8.3788550e-02   1.5867348e-01   1.7868207e-01  -1.1903120e-01   6.1342438e-02  -4.0706830e-02  -2.3822618e-02  -3.0431492e-02   1.5349974e-01   6.4036196e-02   2.9435969e-01   2.6440282e-01  -2.5471938e-01  -1.6063959e-01   1.3201440e-01
  -1.4151087e-01   2.5950462e-02  -1.3957551e-01   2.1228369e-01   5.1512286e-02   1.2278663e-01   5.1922315e-02  -1.3975116e-01  -5.3268982e-02  -1.6827579e-01   7.6211569e-02  -3.8715189e-02  -2.6246407e-01   3.4072832e-01  -3.9518695e-02  -8.6212747e-02  -2.7887704e-01  -1.4890912e-01   9.4727136e-02   3.3149682e-01  -1.7029709e-01   9.9125918e-02  -1.0249755e-01  -6.5717279e-02  -3.1776402e-02   7.0785428e-02  -9.4758835e-02   4.6933740e-02   3.2564649e-01   3.4218447e-02  -3.3341577e-02  -6.7850044e-02   1.3098973e-01  -1.4711038e-01  -1.9122479e-01   1.2128570e-02   1.0064217e-01   2.0296960e-01  -9.5314920e-02   1.6372315e-01   4.0078674e-03   9.4817775e-03   5.9947312e-03   9.9215271e-02  -1.6481120e-01   2.1992959e-02  -9.4112191e-02   7.0334879e-02   1.5999760e-01
  -1.5837324e-01  -6.7094759e-02   2.0478827e-01   2.3344419e-02  -7.8233453e-02   1.3910360e-01   2.0524093e-01   1.2513460e-01   2.1674076e-01  -3.4173911e-02   1.2272918e-01  -3.9409598e-02   2.7347761e-02  -1.5172266e-01  -2.4127012e-02  -2.2460293e-02  -3.7998917e-01   6.6326095e-02  -4.8124824e-02   5.1180511e-02   1.1775342e-01  -3.9125191e-02   4.7526778e-02   1.4228441e-01   2.7334295e-02  -2.1261316e-01   1.0332278e-01   5.1723144e-02  -7.3049767e-02  -2.8000508e-01  -1.2641341e-01   6.4349273e-02   8.7353927e-02  -2.0967262e-01   5.9912279e-02   4.2549844e-02  -9.9735937e-02  -6.6816889e-02   1.9281742e-01   1.3364016e-01   1.3746501e-01  -7.2765553e-02   3.3091572e-01  -3.9280274e-02  -1.6027865e-01   2.4031404e-01   5.6472396e-02   2.0510800e-01  -9.9474818e-02
  -1.4916997e-01  -1.7856455e-01   1.0069210e-01   3.6933466e-02  -1.2741332e-01   1.5527876e-01   4.0289457e-03  -2.6824490e-02  -2.3210121e-02  -1.8061253e-01  -2.5610609e-01  -2.7251173e-02  -4.8009315e-02  -1.1645875e-03   1.1214592e-01  -1.2735222e-01   6.9253719e-02   1.6545425e-01  -1.6093472e-01   9.7368953e-02   2.4010018e-01  -3.8603116e-02  -2.1379223e-01  -1.3265060e-01   1.5166235e-01   2.0062605e-01  -6.1703587e-02  -2.5013421e-02  -1.0999989e-01   7.6687586e-03  -1.7902414e-01   3.8807089e-01  -2.4287563e-02  -1.0951083e-01   1.4947420e-01  -1.2223662e-01   2.8472265e-02   8.0376143e-02  -2.8090643e-01   1.8982699e-02   7.1411902e-02  -4.1834288e-02   1.2739025e-01  -5.0555564e-02   8.3091499e-02   2.1612407e-02  -2.4819101e-01  -2.7877838e-01   3.8344934e-02
  -1.3800090e-01   1.0762489e-01  -5.6912902e-02   9.0254910e-02   9.0422662e-02  -8.0770801e-02  -3.3743338e-01   1.6864408e-01  -7.8312841e-02   9.0225431e-02   7.2209155e-02   7.9136788e-02   2.1681282e-02   2.7852120e-02   7.6372865e-03   1.1618031e-01   4.4804347e-03  -1.6038389e-01   3.4340482e-01  -1.6637743e-02   9.2701076e-02  -2.9737841e-01  -1.3529980e-01  -1.0261717e-01   3.2128844e-01  -2.9748899e-02  -4.7082696e-02   1.9654193e-01  -1.6102778e-02  -1.3278291e-01   2.0340335e-01   1.3512896e-01   1.8880308e-01  -1.7392839e-01  -2.5075220e-02   2.5853734e-02  -6.0395634e-02  -2.3365738e-01  -4.5537283e-02   1.1957051e-01  -1.0318295e-01  -1.7703248e-01   5.4446784e-02  -2.3815272e-01   3.4077000e-02  -1.1846493e-01  -5.5638452e-02   2.7464209e-02   7.4965713e-02
  -1.4348661e-01   2.1006169e-01   3.3708216e-02   2.4775405e-02  -6.9916701e-02   3.3432112e-02  -1.7908629e-01  -8.8413640e-02  -6.6516687e-02  -1.3656267e-01  -2.9982709e-01   3.3679583e-01   1.2928475e-01  -8.4073001e-02   1.3607221e-01   2.4631071e-01  -6.8837211e-02   3.7335456e-02  -3.9394550e-03   1.4754736e-01   6.3038247e-02  -7.1681244e-02  -2.2319537e-02   8.1462911e-02  -1.0170729e-01  -1.4476531e-01  -4.6728442e-02   8.0153400e-02   1.4283907e-01  -6.8966289e-02  -1.3309216e-01  -1.9678216e-01  -1.3444030e-01   2.8490015e-01   4.7352376e-02  -2.1759569e-01  -1.1000363e-01  -3.6075640e-03   8.8130013e-02   9.1062123e-02   5.8167130e-03  -2.1900789e-03   2.8149276e-01   1.8204717e-01  -1.0196565e-01  -2.7431974e-01   2.7163918e-02  -6.8151376e-02   1.1021475e-01
  -1.5231197e-01  -2.5694346e-01  -6.0696203e-02   3.8528149e-02  -1.3860525e-01  -1.0357897e-01  -7.4302310e-02  -8.4539477e-02   1.1532727e-01   9.4562227e-02  -3.2396170e-02   8.5844590e-02   1.9208062e-01  -1.0759687e-01  -1.4945686e-01  -2.1699015e-01  -5.5147511e-02  -3.1425045e-01  -2.6653669e-01   1.8800705e-01   9.0971131e-02   1.5067621e-01   8.0265031e-03   1.5916833e-01   1.6795903e-01  -5.2993956e-02   5.5281974e-02   1.6402960e-01  -1.0320027e-01   7.3813692e-02   1.6069878e-01  -1.8195466e-02   2.3175266e-02   6.6568374e-02   2.0642467e-01  -2.1388048e-01   1.3201377e-01  -9.7661804e-02  -1.7822098e-02   9.8246699e-02   3.2970953e-02   1.2391058e-01  -2.5382900e-01  -2.0536997e-02  -5.7534834e-02  -5.9181141e-02   5.2186587e-02   1.7251000e-01   3.0952631e-01
  -1.3558178e-01  -6.5595315e-02  -3.7269081e-02  -2.1431146e-01  -2.8258112e-02   2.6190955e-01  -8.4407505e-02   2.1899546e-01  -1.2049837e-01  -1.3430960e-01  -7.0208905e-02  -9.4663405e-03  -2.9578573e-01   1.1765711e-01  -3.1418394e-02   1.9059052e-02  -4.0998985e-02  -2.0964146e-01   8.8392869e-02  -6.2627199e-02  -8.0373992e-03   2.9653182e-01  -7.6682011e-03  -5.7160101e-02  -1.4317712e-01   6.6014888e-02   3.1552636e-01   6.9075934e-03  -5.5916401e-02  -1.2133000e-01   7.9620899e-02   1.0348028e-01  -7.4114764e-02   1.1414981e-01   1.6076490e-01  -1.6686585e-01  -6.2372394e-02   1.6979004e-01   2.7918573e-01  -1.3728103e-01  -7.8015007e-02  -1.3740048e-01  -5.0474097e-02  -3.0530695e-01  -2.2750462e-02  -1.5857455e-01   8.4678146e-02  -5.4443846e-03  -4.3596702e-02
  -1.3522490e-01   1.0514155e-01   5.5246061e-02  -1.2367661e-01  -1.0962455e-01   2.0995137e-01   1.3257459e-01  -3.4441477e-03  -1.5090432e-01  -1.9926421e-01   7.1774044e-02  -8.7169128e-02   3.7144009e-01   1.5541241e-01   1.4576932e-02   7.0047758e-02   2.6899643e-01  -2.2922781e-01   1.1587603e-01  -1.9065404e-01   1.1379407e-01   7.3446866e-02  -1.7606958e-02  -1.8838150e-02   6.8335065e-02  -9.6096861e-02  -1.9861375e-01  -6.9702541e-02  -3.5432082e-02   2.5964088e-01  -1.2103686e-01   5.0223642e-02  -1.3824788e-01  -2.7830403e-02  -5.9826048e-02   1.2945508e-02   1.8226582e-01   4.9498497e-02   5.8752680e-02   3.2541228e-01  -1.1131534e-01  -9.5292383e-03   4.8342083e-02  -1.1103017e-01  -1.9326032e-01   1.6365518e-01   1.9033031e-01   4.7533874e-02  -1.9665675e-03
  -1.2208896e-01  -9.1942142e-02  -4.2002659e-02   3.1283799e-02   1.2551773e-01  -1.2093335e-01   1.5729224e-01   5.7562166e-02  -4.7326523e-02  -2.2277692e-01  -7.9025196e-03  -7.4934175e-02  -4.6455201e-02   3.4133365e-02   2.0930879e-01   1.2645134e-01  -5.1492821e-02   2.0023477e-01   8.7994885e-02  -2.3531448e-01  -1.7119457e-01   2.3612795e-02   1.0873940e-01  -2.3157764e-01   9.8428265e-02  -4.0724089e-02   1.7013190e-02   7.3543141e-02   3.1698815e-02   2.7258224e-02  -1.1669873e-01  -1.3137983e-01   1.2290227e-03  -4.9795331e-02   1.8617823e-01  -3.7642947e-01   3.7804514e-02  -9.8507372e-02  -2.4921172e-01  -1.1533936e-01   2.2434695e-02  -4.5862969e-02   2.6360435e-03   4.2125716e-03   2.1315985e-01   9.7956711e-02   2.1533581e-01   3.5212829e-01   2.2478923e-01
  -1.3944243e-01  -2.5885810e-02   3.3383030e-02  -1.4566251e-01   2.1992318e-01   8.0593430e-02  -1.3851272e-01  -7.7050098e-02   1.0506719e-01  -1.2952758e-02  -2.5040718e-01  -1.1714615e-01   6.5121612e-02  -1.3793548e-01   2.9467338e-01  -7.0612435e-02  -8.6579031e-03  -1.2967389e-01   1.1548664e-01   1.1720373e-01  -3.7825656e-02   1.4544042e-01   1.8381213e-01  -1.6286153e-01  -4.6334669e-02  -2.3212793e-01  -6.9497846e-02  -9.4130034e-02  -1.7670019e-01  -2.2141317e-01  -1.3013959e-01   5.4491106e-02   1.9046331e-01  -9.3893863e-02   4.3468757e-02   2.3672974e-01  -2.6781012e-02   8.3014466e-02  -1.0460535e-01   1.8680560e-02  -3.6672505e-01   2.1955168e-01  -1.7149794e-01   1.6961663e-01  -1.9589991e-03  -7.7491083e-02  -1.0971703e-02   7.5300894e-02  -5.9372767e-02
  -1.7434035e-01   1.0385752e-01  -3.2509505e-02   1.6362767e-01  -2.1386864e-01   2.7828374e-01   3.3152099e-03  -9.0474805e-02   1.1516744e-01   7.7155056e-02   4.1492047e-03  -1.4856754e-01  -1.3836521e-02  -2.0023307e-01  -1.6721405e-01  -8.5905681e-02  -1.3250134e-01  -3.4703748e-02   1.2196239e-01  -3.1171263e-01   4.4358711e-02   1.8359371e-01  -8.2784384e-02   2.1972875e-01   7.5939351e-02  -1.2816611e-01  -2.1190071e-01   1.1629438e-02   1.7469471e-01  -5.8979044e-02   1.7586344e-01  -4.7597384e-02  -8.3973245e-02  -3.1400631e-02  -9.1973287e-02  -4.2519457e-02  -3.1798957e-02   9.2810752e-02  -3.2897472e-01  -2.0382269e-01  -6.0248961e-02   9.0033525e-02   7.2250888e-02  -1.9280220e-02   2.0087969e-01  -2.1301427e-01   1.4742119e-01  -6.1224552e-02  -1.4287971e-01
  -1.4794986e-01  -1.5965930e-01  -1.4461813e-01  -6.3533889e-02   9.8642159e-02  -8.7242838e-02  -4.8002502e-03  -2.7606977e-01  -2.5039933e-01   2.7391582e-01  -3.8393463e-02  -4.0772868e-02   1.3343716e-03   1.4245847e-01   1.6118360e-01   1.0679227e-01   2.5862389e-02   3.9175247e-02  -2.5209991e-01  -1.3054294e-01  -5.2097843e-02   2.0346230e-01  -3.7193258e-01  -9.1158012e-02   3.4046029e-01  -1.8094591e-01   7.9288580e-02  -4.5009899e-02  -6.2189231e-02  -2.0794082e-01   6.6086609e-02  -2.1328408e-01   3.2128989e-03   5.1318484e-02  -6.8940428e-02   6.2988730e-02  -4.3103305e-02   1.1786429e-01   8.2939065e-02   7.0338733e-02   1.1965201e-01  -5.1968982e-02   1.0159914e-01   6.9558497e-03   5.1704422e-04   1.0056843e-01   2.9543100e-02  -3.4980069e-02  -1.7180624e-01
  -1.3377348e-01   6.8197333e-02   2.9983479e-01  -2.4670250e-02   7.4811541e-02  -1.0511011e-01  -4.1092365e-02  -7.4093844e-02   1.7813766e-02  -2.6312045e-02  -7.6716058e-02   1.9539087e-01  -8.1754788e-02  -1.9957113e-01  -6.8939752e-03   1.8914105e-02  -2.8430290e-01   2.0204025e-02  -8.8755980e-02  -9.1775495e-02  -1.6844276e-01   1.0738075e-01  -1.1957113e-01  -9.2740248e-02  -3.0560473e-02   1.0472553e-01   1.4565988e-02   1.6221795e-01  -1.5991498e-01   4.8129682e-01   1.1477435e-01  -1.7959840e-01  -1.0400730e-01  -6.2922090e-02   1.0427206e-01   3.1529509e-01  -6.9848527e-02   9.5620956e-02  -1.0239213e-01   2.5236525e-02  -2.1569591e-01  -1.5354982e-01   7.1498450e-02  -1.8058873e-01  -4.4932327e-02   8.4272254e-02  -4.5136957e-02  -6.4825967e-03   2.2035901e-02
  -1.3908833e-01  -1.6158937e-01   2.7727639e-01  -6.0663932e-03  -7.4434281e-02  -2.2724976e-01   7.0312135e-02   2.7363704e-01   9.9151675e-02   1.7633318e-02  -2.0591836e-01  -2.8829043e-01  -2.9341280e-02   7.2271228e-02  -1.4626528e-02   4.8938042e-02   5.7097281e-02  -4.3246274e-02  -1.0947973e-01   1.8178401e-01  -1.5844747e-01  -6.5570300e-02  -1.3760294e-01  -9.4086849e-02  -9.0076010e-02  -1.7332274e-01  -2.6251752e-01  -8.4477306e-02  -1.8254751e-02   9.8171510e-02   1.7799308e-01   2.4212893e-04  -2.1405996e-01  -1.6953350e-01  -2.6139075e-01  -1.7997440e-01  -4.9350833e-02  -3.1432287e-02   1.9911175e-01   2.3369833e-02  -6.4688161e-03  -1.2873034e-01  -4.3700908e-02   8.4522951e-02   1.0974427e-01  -2.3474601e-01  -2.9673023e-02   7.7178876e-02  -1.2046274e-01
  -1.2031351e-01   8.7073253e-03   2.0798140e-01  -1.1236005e-02  -5.2972643e-03   5.7040308e-02   4.8162936e-02   2.8507951e-01  -2.6069949e-01   1.7259943e-01   1.4814540e-01   2.4852454e-01   7.2460302e-02   2.2346205e-01  -1.0323081e-01  -9.9173459e-02  -6.6873038e-02   2.5740338e-02   7.5886807e-02   3.3869144e-02   8.0461867e-02   1.0617616e-01   1.2989038e-01   1.0788563e-01   1.0338692e-01  -1.8405467e-02   1.5892483e-01  -3.1986343e-02  -3.1009375e-01   6.7068754e-02  -1.7572046e-01  -2.3506838e-01   1.2752596e-01  -2.1901682e-01  -1.6648312e-01  -1.4143497e-01   5.2140445e-02   3.6428183e-02  -9.7798336e-02  -1.0964447e-01  -6.9470985e-02  -1.3123134e-02  -1.2825085e-02   2.9796331e-01   1.1891539e-01  -9.2665211e-02   2.9232416e-02  -2.4296074e-01   3.8881936e-02
  -1.5212103e-01  -2.0994955e-01   9.4190803e-02   2.5094041e-03   2.8424651e-01   2.8093104e-01   1.2066777e-01   1.1871831e-01  -4.4767706e-02  -1.2297006e-01  -8.8405323e-02   5.4097822e-03   1.0193763e-01   2.2551049e-02  -1.5390308e-01  -2.1805171e-01   2.5454900e-01   2.1043927e-01  -3.7612646e-02   4.0162560e-02  -1.8858273e-01  -1.8456581e-01  -2.4856919e-02   1.1479339e-01   9.2828503e-02  -1.0982662e-01   1.8958340e-01   2.5254003e-01   2.4169188e-01   7.3186327e-02  -7.9970500e-02  -1.5465425e-01   8.3608695e-02   1.3253149e-01   4.1108454e-02   1.4769964e-01  -5.4467689e-02  -1.2166810e-01  -8.5771501e-02   7.4708806e-02   5.6532350e-02   1.0906761e-02  -1.3470723e-01  -9.6930148e-02  -7.3644121e-02  -2.0706888e-01  -4.5371399e-02   3.9518465e-02  -2.3846914e-01
  -1.3633037e-01   3.8268713e-01  -3.9634348e-02   7.9706006e-02  -1.3151692e-01   1.1563813e-01   8.4817791e-02  -9.8621548e-02   6.5228350e-02   1.2001106e-01  -1.1119857e-02  -2.1207640e-01  -1.2907834e-02   1.2202078e-01  -4.3298400e-02  -1.3613437e-01   1.1979619e-01  -1.6839665e-01  -1.8449423e-01   3.7990056e-02  -2.1416817e-01  -2.4380232e-01   1.5476863e-02  -2.6139410e-01   7.3382657e-02  -2.1322012e-01   2.4402170e-01   9.3699277e-02  -1.0474502e-01   9.8000508e-02  -1.1157847e-01   6.4531141e-02  -8.4716717e-02  -2.1021381e-02   4.4272415e-02   1.1246671e-01  -4.0912256e-02  -8.1225537e-02   9.8609511e-02  -3.3260276e-01   3.5878500e-02   1.3436385e-01   1.8711677e-01  -2.7538194e-03   6.0436214e-03  -3.2210966e-02   1.7158796e-02  -7.2264197e-02   2.4495773e-01
