  -1.5251520e-01  -1.6916431e-01   4.8357777e-02  -1.8793752e-01  -1.4442043e-01   1.8053085e-01   3.9832592e-02   1.2433582e-01   1.9413798e-01   1.8001061e-01  -2.7781391e-01  -7.0946007e-02   1.2367180e-01   6.3043785e-02  -1.7470190e-01  -1.2417878e-02  -2.7442696e-01  -2.5800146e-01   6.2096119e-02   1.0082969e-01  -4.8362031e-02   6.4084591e-02  -1.2108834e-01   1.5185717e-01   1.2783982e-01  -1.0018382e-01  -1.2264504e-01  -3.1774881e-01  -4.5849381e-02   7.1679505e-02  -1.0331896e-01  -2.8676422e-02  -1.2952475e-01   7.4626646e-02   1.5995035e-01  -5.4916288e-02  -1.0790677e-01  -1.1630579e-01   2.1617901e-01   2.0479688e-02   2.1662177e-01  -1.4504628e-01  -1.1545554e-01   2.3493962e-01  -4.7045357e-02   1.2525577e-02  -6.7518889e-02  -9.0211699e-02  -4.1249505e-02
  -1.4784059e-01  -1.8930692e-01  -9.2287685e-02  -6.4276024e-02   1.0253142e-01  -1.4867023e-01  -1.0122582e-02  -9.5363167e-02  -3.5965162e-02   2.2202441e-02   1.6790209e-01  -8.1534051e-02  -5.6711950e-02   2.6605258e-01  -3.1648099e-01   1.5900741e-02  -7.2189360e-02  -4.6879903e-02  -2.3353134e-01  -1.2695003e-01  -9.3026846e-02  -1.1562715e-01  -1.0203354e-01   1.6317975e-01  -1.2671435e-01   1.0214737e-01   2.1287400e-01  -7.4365135e-03   6.8675649e-02  -2.9192711e-02   5.6113326e-02  -5.5786687e-02   1.9180908e-01   5.4734610e-02   7.5995776e-02   7.7300952e-03  -8.8353878e-04  -1.9181492e-01   1.3827128e-01  -4.0449911e-01  -1.4133884e-01  -2.8389459e-02   1.1055092e-01   7.2451166e-02   2.0889369e-01   2.0739091e-02   3.1489460e-01  -8.9528228e-02  -3.6660965e-02
  -1.2304352e-01   1.3430494e-01  -7.6248586e-02   4.9082480e-02   1.0371656e-01   1.2263337e-01  -1.7273552e-01   8.3780864e-02  -1.9464934e-02  -3.2798268e-02   8.7248892e-02   2.1176583e-01  -1.7482892e-02   3.1876217e-01   7.4222141e-02   7.3002281e-02  -4.0187604e-02   1.6358099e-02   1.4548085e-01  -8.9976152e-02   1.7968792e-01   2.4387018e-02  -3.9603319e-01  -1.5302047e-01   5.9108901e-02  -5.6642153e-03  -3.7356707e-02  -3.5442858e-01   1.5323610e-01  -8.2832373e-02   9.6617763e-02   1.1623083e-01   8.5492046e-03  -5.7516890e-03   2.3050210e-01  -2.6881716e-01  -1.1014837e-02   8.0828726e-02  -1.7784587e-01   5.3048948e-02  -1.5118141e-01  -8.2706553e-02   2.2140504e-01  -4.9100011e-02  -3.8984716e-02  -9.0895238e-02   2.9861515e-02   1.1865344e-01   1.6968548e-01
  -1.3479730e-01   4.8019212e-02   2.4156414e-01   2.6434362e-02  -4.2371718e-02  -1.6465509e-01  -1.3979948e-01  -1.0417895e-01   7.8360825e-02  -1.8943874e-01   2.3427492e-02   9.0181342e-02   2.0564209e-01   1.8058764e-01  -1.2405480e-01   1.3163914e-01   1.7259046e-02  -2.0638575e-02   1.3514655e-01  -2.2552227e-01  -1.9777604e-02  -1.9000504e-01  -5.9712108e-02  -7.1720945e-02  -5.1908935e-02  -3.0467855e-03  -1.8088286e-01   1.8542238e-01   1.2912855e-01   9.4220524e-02  -2.3680621e-01  -2.3144644e-01   1.2382404e-01  -8.4324865e-02  -8.8566710e-02  -1.1555451e-01  -2.5714146e-01  -8.4752563e-02  -1.5333392e-01  -6.9495991e-02  -1.4164644e-03   2.1850116e-01  -1.4256532e-01   1.7422462e-01  -2.9801521e-01   3.7551793e-02  -1.6159155e-01  -1.5043607e-01  -1.0630619e-02
  -1.3032849e-01   4.7280299e-02  -2.2730138e-01  -1.6270229e-01  -1.3039744e-01  -1.4492649e-01  -7.4720760e-02  -2.2991774e-01   2.4649410e-01  -1.1012290e-01  -1.1576591e-01   1.6187112e-01   9.3915057e-02  -2.8995238e-02   4.3733838e-02  -3.1435015e-02   2.1842536e-01  -2.2205136e-01  -5.3672842e-02   7.3740221e-02  -2.6220479e-01  -2.1884859e-01   1.3025543e-01   4.9103082e-02  -3.8087398e-02   1.2632103e-01   2.0016469e-01  -3.2758415e-02  -1.3699014e-01   3.0497149e-01   9.4150136e-02   1.7437529e-01  -2.2834694e-01   1.3131031e-01   9.0556529e-02  -1.2551137e-01  -9.7422027e-02   1.5004991e-02  -1.3543553e-01   5.1000198e-02  -2.2562648e-01  -2.9457514e-02   4.2412580e-02   9.7456565e-03  -2.2059664e-02   8.6985222e-02  -7.9984621e-02   1.9014749e-01   4.3734426e-02
  -1.3456003e-01  -3.0761692e-02  -1.6285795e-01   2.3046580e-01  -9.4163263e-02  -4.6374607e-02   8.0299366e-02  -2.2885725e-01  -1.8258677e-01   3.1951173e-01  -1.6378594e-02  -3.2380201e-02   6.2532272e-02  -2.7139850e-02  -1.6939673e-01   1.2257683e-01   8.3050246e-02  -9.3470495e-03  -1.9125321e-01   7.2181357e-02   1.2743205e-01   2.5835517e-01   2.4484576e-02  -8.0130781e-02  -3.9314854e-02  -4.6345395e-02   1.5175296e-01   1.2131226e-01  -5.9277234e-02   1.4009048e-01  -2.5463577e-01   4.9394490e-02   2.2182950e-01  -1.5224651e-01   1.6537105e-01  -1.3894758e-01   1.1776825e-01   1.3298739e-01   1.5824111e-02   2.2679911e-01  -5.3755844e-02   1.2951098e-03   1.2004097e-01   3.5235127e-01  -1.2972536e-01  -4.5839599e-02  -6.8716324e-02   8.4580276e-02   3.4347724e-02
  -1.3445663e-01   8.8226937e-02  -1.0635663e-02   5.7567071e-02   1.5774325e-01  -7.9710068e-02  -1.7376069e-01   2.6337771e-01   8.3472955e-02  -2.1617503e-01  -4.4773975e-02  -2.4005812e-01   1.1846588e-01   1.0106352e-01  -1.7948572e-01  -2.4463670e-01   1.6088981e-01   1.6111537e-01   1.6783857e-01   2.5709530e-01   1.5225292e-01   2.0835658e-01  -2.7666782e-02  -2.3652426e-02  -6.4953346e-02   4.7036195e-02   1.3220337e-02   9.5532142e-02  -7.0005918e-02   2.3724064e-01  -8.7812109e-02   2.2599159e-01  -8.2232769e-02   8.5396880e-02  -2.5882690e-01  -2.4018644e-01   4.9794158e-02   1.2946385e-01  -2.7269587e-02  -1.3201348e-01   1.1453211e-01  -5.3175023e-02   2.7161205e-02   1.4537217e-01   1.0187805e-01   2.7825955e-02   1.2525527e-01  -5.5186413e-02  -1.2919121e-01
  -1.5240397e-01  -7.7131902e-02   2.1891409e-02  -1.4286962e-01   2.1226559e-01   1.6669609e-01  -4.1964738e-02   8.2250757e-02  -2.3849415e-01  -1.4666710e-01  -6.8642599e-03  -4.1742300e-02   1.2109236e-01  -1.4916105e-01   1.7835289e-01   1.0132926e-01  -1.6615142e-01   8.7693670e-02  -3.3522042e-01   3.0323360e-02   1.0907114e-01  -1.5847915e-01  -2.6184665e-02   1.2894271e-01  -1.4370733e-01   1.7028244e-01  -2.4770865e-01  -4.1470028e-02  -1.9288726e-01   1.0856768e-01   1.4253605e-01  -1.6602632e-01   5.1991064e-02   1.2924818e-01   4.5287169e-02   2.4637936e-02  -9.3046428e-02   4.2797121e-01  -1.2060740e-03  -3.2353931e-02  -7.2463249e-02  -1.0617407e-03   1.0076718e-02   1.9618246e-01  -1.0526393e-01   1.2826946e-01   3.3699491e-02   9.0187906e-02  -3.6097508e-02
  -1.5516585e-01   5.7285772e-02   3.6028908e-01  -3.0434327e-02  -5.9152069e-02  -1.9546432e-01   3.0284250e-03  -7.5355989e-02  -1.2132615e-01  -1.0824784e-01  -1.7329276e-01  -5.0312395e-02   1.1289231e-01   1.6627856e-02   1.0465854e-02   1.3643055e-01   1.8317368e-02  -1.5830769e-01  -1.7595843e-01   3.2801156e-02  -4.8171274e-02  -4.1735508e-02  -2.7221536e-01  -1.8906705e-01   1.6848159e-01  -2.4966110e-01   1.7624307e-01   9.3556240e-02  -1.0295659e-01  -8.5139989e-02   3.1301676e-02  -1.1108687e-01  -7.5140061e-02  -7.6554660e-02  -7.3668333e-02  -8.7492531e-02   1.6753238e-01   1.1260410e-01   6.3403942e-02  -7.9175457e-02   2.4519015e-01   1.7606187e-02   8.6229847e-03  -1.3057469e-01   2.4267497e-01   1.8001172e-01   5.0141872e-03   3.4644525e-01   7.8776577e-02
  -1.6106754e-01   2.5895986e-01  -1.8924472e-01   1.1096716e-01   7.2481833e-02  -9.3391450e-03   1.9063818e-01   6.5757458e-02  -4.8941707e-02  -2.7791566e-02   1.2342142e-01   1.3983640e-03   1.8300110e-01   1.7041983e-01  -1.1928045e-01   4.2070731e-02  -8.5957684e-02  -8.6639401e-02   8.5496316e-03  -1.4439102e-01  -1.3400099e-01   1.7248482e-01   1.4306441e-01   2.5044988e-02   3.2202272e-01   3.8529801e-02  -1.9067795e-02   8.1384088e-02   2.2510887e-01  -4.0550527e-02   8.2457984e-02  -3.4964273e-02  -2.4712604e-01  -4.1998667e-02  -9.5075309e-02   2.7649892e-01  -7.7661104e-02   1.3922631e-01   5.7973033e-02   7.4530597e-02   1.5253750e-02  -1.1028328e-01   2.2506858e-01   5.6449067e-03  -1.5678054e-01   3.9327300e-01   8.0837092e-02  -2.5344351e-02  -8.1483638e-02
  -1.5902310e-01   1.3238467e-01   2.9039339e-03  -2.3999934e-02  -4.9275134e-01  -1.0083377e-01  -7.6616008e-03   1.4542934e-02  -1.9616646e-01   7.0239878e-02   1.2699269e-01   1.9206281e-01   1.0546791e-03   1.3631732e-01   8.7415276e-02  -2.1950495e-02  -3.1286344e-02   7.1117078e-03   3.0071520e-02   6.5375983e-02   2.2093669e-01   9.5394707e-02   5.4852567e-03   1.5059848e-01   2.2653700e-02   7.9098801e-02   1.2599123e-01  -4.7500230e-02  -2.5541311e-01  -8.4367916e-03   1.7429791e-01  -1.3406830e-01   1.6483120e-01   1.0407970e-01  -2.9690920e-01   5.5316797e-02  -1.5686868e-01  -6.1041182e-03  -1.4234518e-01  -5.1558047e-02   4.3257103e-02  -2.9545195e-01  -1.3188577e-02  -1.0939888e-02   1.2357119e-01  -7.6476531e-03  -1.7889735e-01  -1.9876647e-01   4.1850420e-02
  -1.3685286e-01   1.4847814e-02  -4.9963545e-02   6.4952338e-02   5.3843870e-02  -2.1767115e-01   1.4382445e-01   3.7646893e-02   1.1156133e-01  -1.4343875e-01  -1.8436310e-01  -2.7977755e-01  -8.3167982e-02   3.2342231e-01   3.0928826e-01  -1.6758600e-01  -3.1413708e-01  -2.1551759e-01  -3.8870777e-02   7.0228666e-02   1.0687714e-01  -7.3649623e-03   1.2735236e-01   4.4773486e-02  -1.3264072e-01  -1.4898953e-01   1.3926082e-01   3.9700282e-02   5.1419321e-02  -5.3697230e-03   1.6249710e-01  -1.5471379e-02   1.0040740e-01  -6.8233765e-02  -9.6286949e-02   1.3297451e-01   6.7099814e-02  -1.1169520e-02  -7.4284271e-02   1.2071300e-01  -5.0669006e-02   6.9930965e-02  -4.6395272e-02   5.7002683e-02  -2.5883511e-01  -2.6665403e-01   8.8627945e-02   9.3882233e-02   1.2655477e-01
  -1.3438661e-01   1.4516846e-01  -1.3725328e-01   1.7234646e-01   2.3119368e-01  -9.9717896e-02   5.4595346e-02  -1.8530482e-01   6.2745861e-02  -2.8027867e-03   5.2736155e-02  -2.0475159e-01  -2.1991735e-01   3.3429931e-03   1.8297721e-01   1.1264344e-01  -1.1239130e-01   1.4205197e-01   1.6629138e-01   6.8627851e-02   8.5607541e-02   5.8828251e-02  -1.4341730e-02  -3.3906303e-02   1.1283663e-01  -3.9235756e-02  -8.5160629e-03  -1.3592601e-01  -4.3440229e-02   1.5389843e-01  -6.0871073e-02  -1.7497738e-01   4.6426306e-02   2.8288381e-01   1.3392633e-01   7.4287947e-02  -8.8937816e-02  -1.9071280e-01  -2.7517159e-02   3.3645369e-02  -4.1721812e-02   1.8481671e-01  -1.8203162e-01   1.1993693e-01   3.6433633e-01   2.8799900e-01  -2.1337320e-01   2.2730327e-02   3.7881832e-02
  -1.4012604e-01   1.9148795e-01  -6.5855884e-02  -6.3067342e-02   8.8492305e-02   2.5258864e-01  -5.1821339e-02   5.8461224e-02  -2.8360018e-01  -4.7280281e-03  -6.7756053e-02  -8.8833703e-02   1.1774515e-01   5.8782671e-02  -8.7489436e-02   2.5062567e-01  -2.7994780e-02   9.8513172e-02   2.4465742e-01   2.0007869e-01  -1.6603875e-01  -1.5227591e-01   7.5995369e-02   6.8266831e-02  -2.4928333e-02   1.0972785e-01   2.1838558e-01   5.9019262e-02  -1.4904944e-01   6.6893423e-02   1.0994013e-01  -5.9339900e-03  -1.9674130e-02  -7.6274844e-02   1.6504965e-02  -2.1853658e-02   1.8907944e-01  -1.2963503e-01   2.2277415e-01  -6.5630899e-02   6.5577611e-02   2.1514013e-01   5.0513424e-02  -1.1996422e-01  -1.5102497e-01  -7.6781897e-02  -1.2666755e-01  -1.8419818e-01   3.7822493e-01
  -1.3732524e-01   2.5746254e-02   7.7948104e-02   1.3434992e-01  -9.1935373e-02   2.6791138e-01   9.9677051e-02  -1.8511007e-01  -4.8431203e-02  -7.9163746e-03  -2.4392028e-01  -5.3463892e-02  -9.8347404e-02  -1.1213483e-02  -8.0614091e-02  -1.4460355e-03   9.4174377e-02  -9.5096384e-02   7.5131860e-02  -1.2572015e-01   1.1727056e-01  -8.3433605e-02   2.4480475e-01  -8.2593150e-02   2.2760734e-02   3.9234570e-03  -1.3524792e-02  -1.5351947e-01  -7.2834212e-02  -2.2161546e-01   2.6941441e-01   3.8788333e-01   2.0160257e-01  -3.9269787e-02   1.0830723e-02  -4.0116913e-02  -9.5318458e-02   3.2739259e-02  -2.0516640e-01  -2.0473699e-01   1.6626861e-01   2.6952442e-01  -1.6568701e-02   9.5059906e-02  -1.7376780e-02   1.9022158e-01   7.8436285e-02  -2.4354948e-02  -1.7714916e-01
  -1.5002411e-01  -5.7061603e-02  -2.4409171e-02  -1.5888710e-01   9.4147693e-02   7.1506798e-03   8.3898593e-02   9.6672248e-02  -2.0512592e-01  -6.8877842e-02   2.2590461e-01   1.3511548e-02  -1.4079534e-01   1.1618336e-01   1.4332363e-01  -1.9084262e-01   1.9881785e-01  -4.5562844e-02  -1.1059980e-01   9.8820285e-02  -2.0448001e-02  -1.5534148e-01   7.4428748e-02  -3.6550327e-01   9.0909147e-02  -1.0138763e-01   7.9845710e-02  -2.0262246e-01  -2.5273785e-01  -1.1592909e-01  -4.3553467e-01   1.4849602e-01   4.3094396e-03   8.3498554e-03  -1.7882784e-02   1.4899374e-01  -2.0846019e-01  -8.5408292e-02   1.5163574e-01  -3.5484593e-02   9.5776174e-03  -5.4702008e-02  -5.6272743e-02  -6.1201097e-03  -2.0138329e-01   6.3488081e-02   3.9039026e-02  -2.9530057e-02   3.9739932e-02
  -1.1770644e-01  -2.0783817e-01  -2.1955902e-01  -4.3567778e-02   6.8721471e-02  -1.3640225e-01   7.3795715e-02   7.9451728e-03  -4.3590474e-02  -4.7032609e-02   3.0099130e-02   7.8490061e-02  -5.5436248e-03  -1.7816227e-02   6.3114187e-02  -2.0018651e-01   2.7965945e-01   2.2889685e-01   9.0299891e-02  -9.2177191e-02  -1.6594519e-01   1.0337142e-02  -1.6807519e-01   3.0805986e-01  -9.5360804e-02  -3.8270371e-01  -1.0919296e-02   9.6382032e-02   6.7545822e-02  -1.8472845e-01   1.7892382e-01   7.3719363e-02  -1.7984601e-02  -9.4974848e-02   1.3870112e-01   2.6084896e-02  -1.0223518e-01   1.5141422e-01  -8.8831898e-03  -9.1851857e-03   2.3889425e-01  -2.1747040e-02  -1.1096553e-01   1.8326929e-01  -5.3530988e-03   8.3343280e-02  -1.4452355e-01  -7.3715297e-02   2.6406372e-01
  -1.5614492e-01  -1.3617098e-01   1.4830638e-01  -2.0640183e-01   3.6805763e-02   3.2002432e-01  -6.1753413e-02  -1.0051253e-01  -7.5958558e-02   4.0785949e-02   1.2545887e-01   4.8501850e-03   2.1469238e-01   1.4664105e-01   1.4851197e-01  -1.5993953e-01   1.5066676e-01  -9.3737563e-02   1.7378194e-01  -2.6443759e-01  -4.6512726e-02   3.5983509e-01   4.3436440e-02  -2.3387080e-02  -2.0390079e-01  -1.6636090e-01   1.0885118e-01   4.2879719e-04  -9.3818025e-02  -5.8843985e-03   7.8997242e-02  -1.5071173e-01  -9.1581685e-02   6.2671588e-02  -8.2705031e-02   3.8448537e-02   1.8383856e-01  -5.3389102e-02   9.0497323e-02   8.0839999e-02  -2.9737894e-01   1.6358926e-01  -6.2542137e-02   3.3990436e-02   7.7140381e-02   1.3343742e-02  -5.6475216e-02   5.8594368e-02  -2.1624111e-01
  -1.3353650e-01   1.5436578e-02   6.8558323e-02   8.4473377e-02  -2.2828830e-02   7.4144126e-03   2.9694447e-01  -6.8424168e-02   1.7536398e-01  -2.0652382e-01  -7.8231208e-02   9.8997259e-02  -1.6997203e-01  -3.7858519e-03  -7.4142161e-02   1.8794758e-01   1.5714521e-01   1.1353665e-01  -3.9559499e-02  -4.5031666e-02   3.5117089e-01  -1.5228223e-01  -1.2769633e-01  -4.2637879e-02  -6.7018857e-02  -8.5987442e-02  -2.4317401e-02   4.5780981e-02  -1.1839532e-01   1.7042297e-02   5.8398804e-02  -4.5480336e-04  -3.9027616e-01  -5.5705816e-02   4.1084673e-02   1.9845806e-01   1.3996613e-01  -2.9663713e-02   1.8589365e-01  -9.6201080e-02  -1.1487123e-01  -3.8787035e-02   2.1049493e-01   1.5860876e-01  -4.3782283e-04  -2.1720436e-01  -1.6785286e-01  -1.8024283e-01  -1.6347969e-01
  -1.3360529e-01  -1.1989187e-01   1.6214381e-01   2.5158016e-01  -2.2454121e-02   1.4207830e-01   9.6660282e-02   5.8545417e-02  -2.1519946e-02   1.3337990e-01  -1.3622220e-01  -6.7983153e-02  -1.4111517e-01   1.4049178e-01  -1.8427395e-02  -1.7821322e-01   2.0077072e-01   8.7992201e-02  -2.5843196e-01  -2.6250836e-01  -1.5897583e-01   1.1169237e-01   6.9130946e-02  -5.9247946e-02  -5.1246140e-02   2.6555749e-01  -1.3540674e-01  -1.5384962e-01   7.2593972e-02   2.6623216e-01  -5.0916854e-02  -1.2305532e-01  -1.9261654e-01   5.5085684e-02  -9.6356760e-02   8.1575669e-02   5.6351451e-02  -3.2419562e-02  -1.8363778e-01  -1.0277122e-01   1.6172177e-01  -9.6272662e-03   7.7224141e-03  -7.6412176e-02   3.6063205e-02  -1.0371260e-01  -8.0494115e-02   5.0405868e-02   3.6731093e-01
  -1.3099076e-01  -2.1329543e-01   2.7254580e-01   2.7883989e-02   1.2747417e-01  -3.8835801e-02  -3.9123100e-02  -3.0187912e-01   6.1526875e-02   6.9699174e-02  -9.6871282e-02  -3.2805644e-03   1.1569549e-01   2.8591108e-02   2.4931312e-01   1.6191340e-01  -1.8678023e-02   1.7012569e-01   1.3767109e-01   1.7252423e-01  -2.1173854e-02   5.9589920e-02   2.1710580e-01   6.2650582e-02   1.6984123e-01   2.5387807e-02   3.6274823e-02  -2.9765932e-02   1.9584038e-01  -8.9487983e-02  -1.4000950e-01   1.2954468e-01  -1.3704261e-02  -1.6193226e-02   3.3162782e-02   4.9317279e-03   1.3532051e-01   1.7038592e-01  -4.0623825e-02  -2.8728489e-01  -2.0756363e-01  -4.0049716e-01  -1.1906285e-01  -5.1337209e-02  -6.3982302e-02   2.0372763e-02   4.4708711e-03  -1.3929729e-01   8.0137493e-02
  -1.3591846e-01   3.0655844e-01   9.0918293e-02  -1.3706798e-02  -2.4591450e-02   3.6507230e-04   5.6430367e-02   7.3042751e-02  -1.8356815e-01  -5.0239864e-03  -9.1750449e-02   8.9295636e-02  -1.0136816e-01   6.3126604e-02   9.5349941e-02  -5.6702467e-02  -1.6115228e-01   2.1081633e-01  -8.6527960e-02  -4.3993186e-02  -2.1764204e-01   2.5654339e-02   3.2122084e-01  -1.1610843e-01  -2.5802156e-01  -1.1735709e-01  -1.7747476e-02   1.5560401e-01   1.2990110e-01  -4.8867877e-02   2.2218423e-02  -4.3063983e-02  -1.0468670e-01   6.4970720e-02   2.8760690e-01  -3.2641285e-01  -1.7717093e-01  -1.2426373e-01   1.0877640e-01  -4.7812792e-02   1.1523115e-01  -2.2005547e-01   6.4342115e-02   1.5778800e-02   9.2271365e-02  -1.3592745e-01  -6.8755551e-02   6.0473493e-02  -2.3540745e-01
  -1.4517600e-01   3.3287746e-02   1.7652205e-02  -1.2142941e-02   2.0385951e-02  -2.2197635e-04  -5.2553941e-02  -1.2356309e-01  -1.0251323e-01  -4.3233195e-01  -1.0528068e-02  -5.3589263e-03   2.7833079e-02  -1.9094288e-01   2.5121149e-02  -4.2735170e-02  -5.5849492e-02   6.0193036e-05   1.1889406e-02  -3.3111552e-01  -9.3981234e-02   9.1057334e-02   8.7331817e-02   2.0250329e-01   4.1746643e-01   2.6280445e-02  -1.0057739e-01   8.1672157e-03  -2.0232136e-01   5.0615524e-03  -1.3165135e-01   9.5202052e-02   1.3000080e-01   2.4167851e-02   6.4120770e-02  -5.4664011e-02   9.1432823e-02  -1.3676737e-01  -1.1899154e-02   2.1383026e-01   3.5016533e-02  -7.3993422e-02   9.1965529e-02   8.5201765e-02   1.5016056e-01  -3.1300155e-01   1.9411626e-01  -7.7986207e-02   7.9274589e-02
  -1.5103407e-01  -2.3478125e-01  -8.5510329e-02  -7.4982898e-04   1.2240690e-01   1.2665891e-01   2.2619313e-01   1.5333130e-01  -1.8179701e-02  -1.5210442e-01  -7.2294048e-02   2.2160910e-02  -1.3998241e-01  -5.4009995e-03  -2.1018029e-01   2.3122186e-01   2.5014959e-01  -3.5218617e-03   8.6404256e-02   9.3837161e-02  -5.2422553e-02  -1.4736890e-02  -1.6954577e-03  -3.3247845e-02   1.0021654e-01  -4.7160723e-02   1.5824959e-01   4.1348321e-02   1.0636926e-01   2.3810306e-02   9.2133484e-02  -2.5689852e-01   2.3673458e-01   3.3218214e-01  -1.4471059e-02  -6.2721142e-02   5.4201697e-02  -3.1856449e-02  -1.8935243e-01   1.6357535e-01   8.1502930e-02  -2.0386712e-01  -1.2542858e-01  -1.8954434e-01  -2.1389775e-01  -8.3379209e-02   3.0350727e-03   1.1332026e-01  -2.2753805e-01
  -1.6493962e-01  -2.7010310e-01   9.7010366e-02  -2.1584281e-01  -2.5534044e-01  -1.1756822e-01  -2.7527961e-01  -1.0895078e-02  -1.2339127e-01  -2.8686963e-02  -4.2844762e-02  -7.2555502e-02  -3.6276334e-02  -2.7170677e-02  -1.2333377e-02   1.0049801e-01  -4.6285179e-02   2.8865484e-01  -8.5439849e-02   1.5089340e-01  -1.3425947e-02  -3.3672511e-02   7.7260584e-02  -1.4134074e-01   9.4344938e-03  -7.4041344e-02   4.7124227e-02  -1.2065524e-01   3.6290831e-01   4.6575445e-02   6.2213777e-02   9.8615087e-02  -8.6006537e-02   1.3728194e-01  -6.0272938e-02   1.9689676e-01  -4.8410583e-02  -4.7024603e-02  -5.4496209e-02   3.1601310e-01   4.0245288e-02   2.4120748e-01   2.7513574e-01   4.6000871e-02   7.3985065e-02  -2.1732029e-04   7.0862883e-02  -1.2446860e-01  -3.4916304e-02
  -1.3865365e-01  -9.0833464e-02   2.3093742e-01  -1.3363530e-01   2.2721515e-01  -2.9655413e-02   1.6699875e-01  -6.6608524e-02  -1.3807673e-01   1.1869491e-01   3.7614861e-01   5.2365441e-02  -9.3809357e-03  -1.4783522e-01  -4.4314730e-02  -5.3343263e-02  -1.4157992e-02  -9.0558559e-02   7.6525379e-02   7.6490033e-02   2.8322077e-01  -8.2727978e-02   9.0782849e-02   1.8250713e-01   8.6711634e-02   1.4730015e-01   5.2370557e-02  -4.5869445e-03   2.0105793e-01   1.6845690e-01   1.7766720e-01   1.2226336e-01  -1.4921306e-01  -2.3348457e-01  -9.4469430e-02  -1.3622506e-01  -1.5158955e-01  -2.4382349e-01  -3.5928122e-03   9.4505436e-02   1.3517444e-01  -1.2563663e-02  -8.4395668e-02   7.0490703e-02  -2.0737392e-03  -7.8032758e-02  -4.4439026e-02   2.8560920e-01   2.3596462e-02
  -1.1811454e-01   9.6722752e-02  -2.1752083e-01  -6.6698733e-02  -3.3331799e-02  -6.2673030e-02  -2.2111513e-01  -2.0505103e-01  -1.0157734e-01   2.2441586e-02  -1.7038905e-01  -1.6301886e-01  -1.7744387e-01  -3.2455976e-02  -6.1518629e-02  -2.7096207e-02   2.5678688e-01  -8.1880954e-02  -1.1727295e-01   3.4189790e-03   1.6072272e-01   8.0401335e-02   5.0327057e-02  -3.6547132e-02   1.3868299e-01  -1.2778168e-01  -3.1447781e-01  -8.6540178e-02   1.4302288e-01   9.2239829e-02   1.9311822e-01  -1.5900036e-01   2.5469279e-02  -1.7414166e-01  -1.2406233e-01  -1.6406500e-01  -1.3207287e-01   2.4788964e-02   3.7533350e-01  -2.8023732e-02  -1.6025948e-01  -2.9405068e-02  -1.6273216e-01  -2.6431712e-01  -7.0017679e-02  -5.4966811e-02   4.2915697e-02  -6.1088084e-02   3.7919251e-03
  -1.2911458e-01   9.4768163e-02  -1.9471638e-01  -6.1124034e-02  -1.4478774e-04   1.6762782e-01   1.7388083e-01   2.6467842e-02   1.1812431e-01   2.0511716e-02  -7.6595010e-02  -5.8206818e-02   2.1208110e-01  -1.6089287e-01   1.8081263e-01   1.3643702e-01  -9.9319718e-03   1.5118130e-01  -1.3960956e-01   5.9285377e-02  -2.1698658e-01   1.5038985e-01  -2.7933825e-01  -6.0683851e-02   9.0213437e-02   5.7417202e-02   7.0567239e-02  -1.2832008e-03   1.6257804e-01  -3.8433261e-02  -5.3683188e-02   1.3203505e-01   1.4839318e-01  -1.1188714e-01  -2.8273953e-01   1.0170662e-01  -3.0489774e-01  -6.8540331e-02  -1.0922262e-03  -2.3181189e-01  -7.4433899e-02   1.0631265e-01   5.8339626e-03   2.9203585e-02   9.3502546e-02  -3.2177385e-01  -1.4440907e-01   1.5791320e-01  -1.1757342e-01
  -1.5172832e-01   1.0786701e-01   3.0406870e-02   4.1237657e-02  -9.7711251e-03  -1.1004428e-01   1.3186724e-01  -1.9315763e-01   5.0194618e-03  -3.2242356e-03   2.2068229e-01   7.2723852e-02  -2.5644418e-01  -1.1435854e-01   1.3757250e-02   1.0155635e-01  -1.7411541e-01  -3.8939345e-02   7.8706512e-02  -5.7663072e-02  -3.1918413e-01  -7.7970576e-03  -1.5362883e-01   1.0397818e-01  -2.8349882e-01  -8.2534548e-02  -1.3176721e-01  -2.9273626e-01   2.7472625e-02   1.4862858e-01  -9.2925393e-02   1.8251263e-01   6.6344826e-02   2.4231523e-02  -3.3264435e-01  -1.1365529e-01   2.7488103e-01   1.5864332e-01   1.0121228e-01   6.2098117e-02   1.3258694e-01   2.8850299e-03   1.6132180e-02  -9.4916806e-02  -1.3203436e-01   4.8525858e-02  -7.1921193e-04  -8.3903745e-02  -1.5045507e-01
  -1.7693506e-01   1.9563869e-01  -4.7245418e-02  -1.5236857e-01  -5.7369028e-02  -2.5656607e-02  -2.4239583e-02   2.6519856e-02   3.3581979e-01   2.4332274e-02   7.8650430e-02   7.7317994e-02   1.3845094e-01   7.5560042e-02   7.2224519e-02   1.2734927e-01   1.2222896e-01   3.4019369e-01  -1.6449916e-01   4.6948014e-02   3.6490640e-02   6.2574147e-02   6.5123390e-02  -6.6955449e-03  -6.7925231e-02   1.0342865e-01  -1.2336104e-02  -1.7741455e-01  -1.3391180e-01  -6.9752379e-03   4.9533672e-02  -1.2940343e-01   5.7495829e-02  -3.4603225e-01   1.5254256e-01   9.6067973e-02   2.0980539e-01  -1.5303871e-01  -9.6722840e-02   1.1285702e-01   1.9910697e-01  -2.0185857e-03  -2.6943919e-01  -3.0349827e-02  -4.7834407e-02   8.8013491e-02   3.1152319e-01   1.9265352e-02  -9.2776788e-02
  -1.2098786e-01   1.8163532e-03  -1.2826362e-01   2.4989437e-01  -2.3917549e-01   2.3251965e-01  -8.3276667e-02  -6.2455925e-02   7.3979824e-02   6.0096126e-02   2.2570030e-01  -3.6467985e-02   2.1399888e-01   4.9080145e-03   3.0275365e-02  -2.6987843e-01  -6.8197695e-02   9.2058826e-02   5.7190438e-02  -3.0315915e-02   1.9039264e-02  -4.7299678e-01  -2.1542835e-02  -1.9625110e-01   1.2713470e-01  -8.2016179e-02  -7.7817618e-02   1.2174877e-01   1.6240692e-01   1.1928623e-01   8.8211228e-02   1.8825598e-02   1.1759384e-01   1.4762104e-01   2.9361091e-03   8.4219184e-02   2.5207952e-01   4.4763215e-02   1.9557769e-01  -1.3553753e-02   6.0971310e-02  -1.2292971e-01  -1.5442216e-01   9.0700390e-02   6.0201673e-02  -8.5264850e-02   4.2618745e-03   1.4330543e-01  -3.8492172e-02
  -1.5002004e-01   3.8790374e-02   4.0771153e-02   2.2679231e-01  -6.4522760e-03   8.5945384e-02  -3.0105857e-01   4.6740886e-02   3.5932889e-02   1.0627289e-01   1.3530891e-01   2.7426928e-01  -2.1278735e-01  -6.0799620e-02  -2.1807983e-02   7.1923227e-02  -1.3255631e-01  -4.3955881e-02  -7.6396753e-02   3.9558218e-02   1.2845779e-02   1.5198116e-01  -1.0694392e-02   1.3664978e-01   1.4445095e-01  -1.8632642e-01   2.1789356e-01   1.3396013e-01  -6.4938414e-02   1.1705091e-01  -3.1432904e-02   2.8606573e-02  -2.3496865e-01   1.3379519e-01   1.0371107e-01   1.2440995e-01  -1.5636627e-01   1.9828149e-01  -2.3066760e-02  -1.6649841e-01   6.3582858e-02   2.5639497e-01  -2.6381963e-01  -9.2379207e-02  -1.2673874e-01  -2.0870207e-01   2.2169093e-01  -5.6560059e-03  -6.4319369e-02
  -1.5356991e-01  -5.9425561e-02  -1.3942979e-01  -2.9087209e-01  -1.6119810e-01   7.5034545e-02   2.2084702e-01  -3.0167186e-01   9.4884529e-02  -1.2884966e-01   8.8340758e-02  -2.1910545e-02  -7.9131338e-02   3.1605687e-02  -2.0819003e-02  -1.7929613e-01  -1.2135174e-01  -5.5520369e-02   1.1882553e-01   8.7059117e-02   1.3464690e-01   1.5874375e-01  -9.4791687e-02  -1.2499634e-01  -5.9530233e-02   3.5592934e-01  -3.8708006e-02   2.4835856e-01   1.0452318e-01  -1.4398506e-01  -1.5528614e-01  -8.0913191e-02  -5.6198189e-02   7.8740931e-02   1.9131251e-01  -7.3623617e-02  -8.3248946e-03   2.6458704e-01   2.1432157e-02  -2.6380455e-02   2.2168928e-01   1.5617193e-01  -1.5213574e-02  -2.1825899e-01   5.0797383e-02  -4.7855163e-02   2.6248522e-02  -5.5284426e-02   8.8930123e-02
  -1.4662035e-01  -7.0885302e-02  -2.6393098e-01   1.2864194e-01  -1.0550059e-01   1.4202097e-01  -1.0590062e-01   3.5758432e-04  -5.6801631e-02  -1.5026028e-01  -5.4427050e-02  -1.0787809e-01   1.0505576e-01  -3.1777384e-01  -4.9659790e-02   1.6753879e-01  -1.3694337e-01  -6.5232280e-02   7.7121948e-02  -1.6580437e-01   2.3196235e-01  -1.6692550e-02   4.6907322e-02  -6.6238686e-03  -3.8796140e-01  -1.3797421e-01   7.8702976e-02  -2.1645624e-02   7.4744441e-02  -1.2974155e-01  -2.4145151e-01  -2.5574949e-02  -2.1737492e-01  -3.1648956e-02  -1.3282511e-01   1.2781118e-02  -7.5942534e-02  -1.8174529e-01  -1.3228576e-01  -3.4971827e-02  -5.7567862e-03  -2.0889390e-01  -5.9036579e-02  -1.0576145e-01   2.1524897e-02   1.4136893e-01   1.7724639e-01   1.2847312e-01   2.0283697e-01
  -1.3358694e-01  -1.2593004e-02   1.3589436e-01   3.1151229e-01  -7.3747182e-03   1.6743148e-01  -7.7076315e-02   6.3007073e-02   2.1138921e-01  -1.0449521e-01   1.2295519e-01   5.4215529e-02   6.0190084e-02  -8.0873382e-02   3.4628197e-01   1.3072432e-03   2.6411662e-01  -3.0629986e-01  -1.3767567e-01   2.5752819e-01   7.8051828e-03   2.3993900e-02   1.3569859e-03   2.0995384e-01  -1.0755896e-01   4.0102788e-02  -8.6542026e-03   4.1987157e-02   1.4352941e-01  -7.2891958e-02  -5.6374891e-02  -1.0844507e-01   1.6346727e-01   2.0316876e-02   8.0180802e-02  -8.8720977e-02  -6.8650004e-02  -1.3236255e-01   1.8069287e-01   6.1284433e-02   1.3860473e-01   5.9719785e-02   3.1835673e-01  -5.9646222e-02   4.1646947e-02   1.1842389e-01   4.5379638e-02  -1.7226743e-01   7.7249475e-03
  -1.5167076e-01  -2.7712962e-01  -1.8286914e-01   7.0166357e-02   2.5438474e-01  -8.5373444e-02  -6.9290466e-02   3.7409634e-02   8.1000743e-02   1.7815288e-01  -5.2863712e-02   2.2860330e-01   4.9899300e-02   3.6608777e-02   1.3437115e-01   1.1950931e-01  -1.5813195e-01  -7.4809146e-02  -1.5256677e-01  -7.9875682e-02  -2.5529150e-02   2.5359379e-02  -4.0163927e-02  -3.2145412e-01   3.5325845e-02   1.2488605e-01  -1.1512781e-01   2.7747313e-01  -1.6349106e-01  -1.3744262e-01   2.0305874e-01   1.5631703e-01  -1.0385560e-01   6.3492684e-02  -2.2055259e-01  -2.1025620e-01   6.0977947e-02  -1.8181817e-01   3.0455193e-02   1.5815641e-01   8.6520749e-02  -2.3599762e-02  -1.0664904e-01   1.0392863e-02   5.8804322e-02   4.6819381e-02  -1.9390470e-02  -2.6974034e-01   2.3115820e-02
  -1.4137146e-01   1.9391191e-01   2.7216136e-01   3.1408581e-02   2.4141223e-02   1.5977446e-02  -3.2885861e-03  -1.2997211e-01   1.6054584e-01   1.4661331e-01  -1.2534850e-01   1.9085566e-02  -5.6847639e-02  -3.4061942e-02  -1.9230666e-01  -1.4886948e-01   9.9478741e-03   2.4265597e-01  -1.8455989e-02   5.0992134e-02   8.7390690e-03   2.7134342e-02  -1.7492166e-01   1.4676942e-01  -7.9171240e-02   8.4922213e-02  -9.2300293e-02   1.5890732e-01  -1.2379923e-01  -2.8385487e-01   2.1163401e-02   1.3266642e-01   6.6607234e-02   3.2274552e-01  -1.0063016e-01   8.6847302e-02  -1.3016257e-01  -1.5599312e-01   1.8230806e-01   2.1713725e-01  -2.0605536e-01  -4.7962127e-02   1.8506990e-02  -3.2253466e-02  -2.1375746e-01   9.2549160e-02   1.1604730e-01   2.2749291e-01   1.8195301e-01
  -1.4542968e-01  -2.1894397e-01  -1.8877582e-02   1.6804608e-01  -9.8914640e-02  -1.0759650e-01   1.4717449e-01  -2.1089648e-02  -1.3634015e-01   2.2028273e-01   2.3043843e-02  -1.7160438e-01   1.2129954e-01   6.4694655e-02   8.6699000e-02   1.2672261e-02  -1.0231149e-02   7.1865396e-02   2.6674780e-01   1.1797429e-01  -1.1417628e-01  -8.9818048e-02  -1.1894358e-01   5.9547999e-02   4.6796565e-03  -9.2240311e-02  -3.3687591e-01   1.2029557e-01  -3.1614597e-01   1.4506877e-01   2.9375598e-03  -1.7009354e-02  -8.6998120e-02  -1.2625750e-01   1.4941695e-01   2.7782064e-02  -1.5542636e-01  -8.5046438e-02  -1.7769166e-01  -2.6135641e-02  -6.9086368e-02   4.7619377e-02   2.2601257e-01  -3.0246138e-01   4.8766994e-03  -4.9619893e-02   2.2465357e-01   6.3256316e-02  -1.7734327e-01
  -1.6077839e-01   4.1151643e-02  -6.5427202e-02  -2.7742170e-01   4.7728884e-02   4.4065976e-02   6.1590493e-02   1.9757222e-01   1.1338801e-01   6.8005069e-02  -6.3998268e-02   3.6626045e-01  -9.0319806e-02   5.2547037e-03  -7.3616721e-02   1.5665217e-02  -6.2805303e-02  -7.2736734e-02  -1.5635342e-03   7.9302510e-02   1.2426745e-01   4.6024283e-02   2.3298560e-01   2.9838735e-02   1.9274851e-02  -2.7587478e-01  -3.2568226e-01   1.7985136e-01   5.6038303e-02   1.6818072e-01  -1.3913142e-01   7.1892460e-02   2.5797735e-01   1.8045321e-02  -5.0474169e-02   1.2406609e-01   2.0491607e-01  -6.0770911e-02  -8.6651200e-02  -2.0215477e-01  -7.9391861e-02   9.3532282e-02   1.7617356e-01  -5.9810537e-02   1.3322676e-01   7.0602758e-02  -4.6619425e-02   1.5606211e-01   1.9411628e-01
  -1.3709140e-01  -3.3102416e-03   8.7525280e-02   1.5308706e-01   8.6160764e-02  -2.0275831e-01  -1.1752806e-01   7.4577537e-02  -9.7617979e-02  -1.2283152e-01  -3.7542562e-02   1.4863565e-01   6.7188028e-02  -6.2315142e-02  -1.6998056e-01   6.9422921e-02   6.8059441e-02  -2.4311220e-01   2.2895519e-01   9.2407041e-02  -1.2842580e-01   1.2938048e-01   1.8197193e-02  -2.1063885e-01  -2.6278091e-01   2.1804903e-01  -1.4041688e-01  -7.0059045e-02   1.9413277e-02  -1.9150595e-02   1.3066066e-01   9.6249172e-02   1.4080372e-01  -9.4825270e-02   1.8117295e-01   4.4033068e-01  -8.7703019e-02   1.0077144e-01   1.4628980e-01   8.1546469e-02   1.8581434e-03  -1.2576295e-01  -1.6543686e-01   4.5032534e-02   2.0296175e-01  -1.5947153e-01  -3.7296801e-02   7.7865805e-02   1.7414502e-02
  -1.5262815e-01  -8.1605048e-03  -1.1541105e-01  -7.7386803e-03   1.4417154e-01  -1.3625799e-01  -3.0922649e-01  -9.6003062e-02   6.5568316e-02   1.2603883e-01  -1.4210794e-02   2.1172943e-02  -1.0531254e-01  -2.6789670e-01  -3.7949614e-02  -2.3514299e-01  -4.5391365e-02  -6.1212990e-03   1.4460201e-01   6.5716111e-02  -7.0700985e-02   5.4541243e-03   6.0703332e-02  -8.5342260e-02   8.5690629e-02   9.7287018e-02   1.9846771e-02  -1.2232684e-01  -1.0416403e-01  -2.6667736e-01   4.8673953e-02  -3.6848886e-01  -4.6026860e-02  -5.3345456e-02  -6.6054985e-02   4.7046422e-02   1.5396491e-01  -6.8975904e-02  -1.2192112e-01  -2.2978047e-01   1.3336113e-01  -4.8575075e-03   3.2115777e-01   1.6353532e-01  -2.0318060e-01  -9.8301945e-02  -1.4394609e-01   1.4803604e-01  -1.1870404e-01
  -1.2990267e-01  -6.9670518e-02   1.4467732e-01  -4.3949305e-02  -2.5559677e-03  -1.0869308e-02   7.2176117e-02   1.9123895e-01   1.9642278e-01   6.7167790e-02  -1.1052269e-01   5.6457282e-03  -1.4324912e-01  -3.1616475e-01   7.3945826e-02  -1.5196774e-01  -1.2095104e-01   1.1167401e-01   1.8675639e-01  -2.8439501e-01   3.1143908e-02  -2.1638236e-03  -7.7971370e-02  -2.1104997e-01   2.7195018e-02   2.1234230e-02   3.2881346e-01   5.1639330e-02  -3.0596636e-02   3.1732066e-01   1.1129135e-01  -6.0440234e-02   2.2948851e-01  -2.0077873e-01   8.1957248e-02  -2.6490609e-02  -1.6347743e-01   1.1851502e-01   1.6113275e-01   1.0061099e-02  -1.0183761e-01  -8.5729164e-02   1.3516114e-01  -8.2649473e-02  -5.7365616e-02   1.9117241e-01   8.1135843e-02  -1.5087841e-01   7.6056574e-02
  -1.3642294e-01  -9.1188255e-02  -1.2090140e-01   1.2276439e-01   1.5719237e-03  -1.1880290e-01   1.6389361e-03   1.7607421e-01  -1.9822529e-01   4.5686862e-02  -3.6966290e-01   2.7270932e-01  -2.1033890e-02   1.1020083e-01   1.1110406e-01  -1.4637138e-01  -1.8077300e-03   9.0887909e-02   8.8385563e-02  -8.6794189e-02   1.0391506e-01  -1.9630961e-01  -2.3117050e-02   2.9912671e-01   4.3084877e-02   2.7143552e-01   1.2403254e-01  -5.9584914e-02   1.1010845e-01  -9.9152526e-02  -2.9332367e-01  -9.2898507e-03  -1.4439810e-02  -1.2701975e-01  -6.9373561e-02  -2.5930367e-02   1.1410690e-01   3.9457382e-02   1.6191134e-01   1.0559647e-01  -7.3847700e-02   1.7335477e-01  -1.0478061e-01  -1.0953936e-01   1.0904234e-01   9.1286334e-02  -5.8964975e-02   1.2066920e-01  -2.5196689e-01
  -1.4097496e-01  -8.7824919e-03   6.5334956e-02   1.4107533e-01   4.7048768e-02   1.2171840e-01   3.8225207e-02  -3.3234371e-02  -6.4970414e-02  -2.1973538e-01   2.3189600e-02   4.4265622e-02   4.6318480e-02  -1.2093915e-01  -2.7351411e-01  -3.5100430e-01  -2.2818088e-01   1.6058216e-02  -2.7676762e-01   2.7312923e-01  -8.1604695e-02   2.8200562e-02  -1.0912832e-01  -4.7042884e-03   2.2179390e-02  -1.0166292e-01   1.9293657e-02  -4.2706744e-02   1.8591091e-02  -2.7645480e-02   4.1445701e-02   7.5046136e-03  -7.4074641e-03  -2.3306985e-01   1.0827222e-01  -4.5337724e-03   7.7410582e-02  -1.0841871e-01  -2.6143955e-01   7.2348776e-02  -2.7178911e-01   1.1654482e-02  -1.2366283e-01  -2.1113111e-01   1.8113697e-02   1.1638606e-01  -2.6390904e-01  -2.2265015e-01  -5.7075683e-02
  -1.4932390e-01   1.9500808e-01   6.6592189e-02  -9.4360431e-02  -1.3321043e-01   3.0634683e-02   1.4765297e-01   1.9324652e-01  -1.2447773e-01   1.5030758e-01  -2.5801884e-02  -6.1879724e-02  -2.2586939e-01  -1.6854075e-01   7.8376586e-02  -4.1006203e-03   1.4640002e-01  -1.8672777e-01   1.0622016e-01   1.3031140e-01  -1.6988464e-01  -1.2224799e-01  -1.2815412e-01  -5.2254130e-02   5.7477123e-02   6.2711528e-02  -7.6786050e-02   1.0941222e-01   1.5771139e-01  -1.4103664e-01  -6.3185101e-03  -1.3585837e-01  -1.3578469e-01  -4.9946517e-02  -4.4898848e-02  -9.8128455e-02   1.1832217e-01   3.0860506e-02  -2.0912560e-01   2.7422600e-02  -2.8331090e-01   2.8056750e-02  -1.7088289e-01   3.5895941e-01   1.2481800e-01  -9.0532479e-03   3.2012952e-01  -1.6748080e-01   8.4493145e-02
  -1.4622368e-01  -1.3038448e-01   1.5963552e-02  -3.0811316e-02  -1.5632143e-01   1.4938621e-01  -2.6167090e-01   2.0964342e-01   1.9448032e-01  -4.4063078e-02   2.0055425e-01  -3.1995097e-01  -3.7280552e-01   1.6282296e-01  -3.5713922e-02   2.1344799e-01  -3.3929052e-02  -9.6619339e-03  -1.3361650e-02  -8.4148095e-02  -1.2299856e-01  -2.9908525e-02   6.1987252e-02   1.1252007e-01   5.5656655e-02   1.1251040e-01  -4.4623984e-02   2.0990321e-01  -1.0538004e-01  -1.5392886e-01  -5.1937236e-02   1.3391540e-01   5.4981161e-03  -2.5845899e-01   1.4010493e-02  -2.2825010e-02   1.5505056e-03   1.0187662e-01   2.6251678e-03   8.1465462e-02  -9.1663664e-02  -1.0300064e-01  -8.2332807e-03   1.9186541e-03   6.5822508e-02   7.5820228e-02  -3.0673756e-01   1.9466822e-01  -5.0655063e-02
  -1.3213685e-01  -2.4681637e-02   1.5356528e-02   3.9875719e-02  -2.2647074e-01  -3.6430692e-01   1.1525410e-01   3.3889794e-01  -1.3219891e-02   2.4823499e-03   1.7658297e-01  -1.5802586e-01   1.9391950e-01  -2.3613036e-01   4.0901862e-02   5.8264425e-02   3.8714391e-02  -1.8542649e-02  -7.6420967e-02  -1.4128008e-01   8.5151502e-02   1.5545986e-01   5.6256661e-02  -5.2425585e-03   5.5460796e-02   8.2987134e-02  -6.5275734e-02  -1.1537014e-01   3.8253219e-02  -1.2167688e-01   7.3645527e-02   1.4934459e-01  -1.5916056e-02   2.4817022e-01   2.2821491e-01  -1.4123785e-01   1.9494916e-01  -7.3368247e-02   8.4721395e-02  -2.0876638e-01  -1.3838615e-01   1.9357730e-01  -1.0575878e-01  -1.0857215e-01  -2.0867949e-01   8.1373271e-03  -1.6423712e-01   2.0642509e-02   2.7971210e-02
  -1.4306979e-01   2.8781676e-01   2.2214784e-02  -2.1763876e-01   2.2665051e-01  -3.4819398e-02  -1.6756304e-01  -1.3821229e-02  -4.4468779e-02   3.0839986e-01  -6.9595096e-02  -2.4405621e-01   7.4168709e-02  -6.3780332e-02   4.2702954e-02  -3.2616237e-02   1.2858185e-01  -1.7793144e-01  -1.0051869e-01  -2.1084891e-01   1.3927669e-01  -1.6305119e-01  -1.5627137e-01   1.0761732e-01  -6.3264050e-02  -2.3312568e-02   5.9346481e-02   1.2254904e-01   7.7317489e-02   4.7002458e-02  -1.0980889e-01   1.7106280e-01   3.9521993e-02   1.1288095e-01   1.3587303e-01   2.1968724e-01   7.3195099e-02   1.3642314e-02  -2.2627042e-01   7.6438172e-02   1.4926351e-01  -1.3517308e-01   1.7201984e-02  -1.9918306e-01   2.2808113e-02  -8.9048474e-02  -1.4901043e-01  -2.3752367e-01  -1.5965832e-01
  -1.3469691e-01   3.1250818e-02   4.1019380e-02   5.5929452e-02   1.3960764e-01  -6.2260392e-02   1.3233020e-01   7.5776261e-02   2.4959480e-01   1.7963005e-01   1.1703428e-01  -4.8535935e-02   1.9602169e-01  -1.1035562e-02  -2.2359950e-01   2.6444386e-02   9.1945795e-03   1.7227235e-02   1.6003357e-03  -3.2555497e-02   1.3379324e-02  -1.9524349e-01   3.1408967e-01   7.5275998e-03  -1.3912004e-02  -1.3652061e-01   5.9679607e-02  -2.1764073e-01  -8.6437817e-02  -2.3643198e-01  -6.5704320e-02  -1.5398658e-01  -1.0624647e-02   1.6599213e-02  -1.3138068e-01  -1.5834984e-01  -1.5821298e-01   3.5712286e-01   1.0578434e-03   1.8560040e-01  -8.5638927e-02   1.3076343e-01   4.9243530e-02  -1.3128579e-01   2.8725128e-01  -2.2641213e-01  -1.9397573e-02  -9.1558862e-02   1.1665046e-01
