  -1.3334182e-01  -1.4205568e-02   4.0025589e-01   9.7684978e-02   1.5285487e-01   4.6364937e-02   5.5645135e-02  -4.5941816e-03  -2.1212649e-01  -4.4928483e-02   1.2257002e-01   5.1046272e-03  -5.4973056e-03  -1.2747736e-01   3.7350516e-02  -1.4618193e-01   1.1488011e-01   3.0879956e-02  -1.6064790e-01  -4.1665258e-01  -1.1990192e-01  -1.3870729e-01   4.4546001e-02   2.5131919e-01  -7.5693018e-02   1.8722862e-01  -2.9925703e-02   1.5259630e-01  -1.0542685e-03   1.0119843e-01  -1.3871404e-01   1.6148784e-01  -8.3160234e-03  -4.3654394e-02   2.5572124e-02   7.7396381e-02  -7.6085256e-02   8.3308893e-02  -5.3644420e-02  -9.2500870e-02  -7.2358611e-02   8.3202722e-02   7.9967922e-03   9.8559193e-02   2.0652648e-01   2.9339161e-01   6.2543745e-03   1.9904029e-01  -1.6301700e-01
  -1.2741997e-01  -2.4930582e-02   1.8644165e-01   2.4726284e-01   3.5850983e-02   1.0730775e-01   1.4137237e-01  -9.6228810e-02   1.5429155e-01   9.4301267e-02   1.2354778e-01  -9.4873110e-02  -8.0515648e-02   5.7894057e-02  -1.4145431e-01   1.9241612e-01   4.7502764e-02  -2.6678152e-01  -5.1274000e-02   3.4934465e-01  -3.3692207e-02  -6.8468799e-02   1.3299153e-01  -1.5785299e-01  -4.0586819e-02   2.3653489e-01  -5.5994287e-02   4.9541365e-02  -5.5869931e-02   1.0295235e-01  -1.8740835e-01  -6.0038495e-02   8.5684652e-02   9.9548337e-02  -2.3524533e-01  -1.6156434e-01  -7.1956251e-02  -2.2551568e-01  -7.6847052e-02  -2.3782111e-01  -1.8407421e-01   1.6828781e-02   8.2636300e-02  -2.0725007e-01   1.4790083e-01   2.1217443e-02  -3.0046041e-02  -1.5974327e-01  -9.6527940e-02
  -1.6599999e-01  -7.1395721e-02   6.3044496e-02  -1.7239979e-01   1.8339316e-02   7.6954088e-02   1.1107959e-01  -1.6335122e-01  -3.1101180e-01   1.2356223e-01   1.3812613e-01   5.7147919e-02   2.5795479e-01   1.0590284e-03  -1.6850560e-01   9.7722797e-02  -1.5077409e-01   5.9601230e-02  -1.0707562e-01   2.2970917e-01   6.0227008e-02   1.5484378e-01  -1.6155591e-03   1.1247216e-01  -2.0173702e-03   1.8175991e-01   1.3588834e-01   2.1556533e-01   2.8709449e-02   3.9797548e-02   3.0752742e-01   5.9963308e-02   2.1819076e-01   1.8662726e-01   4.9696550e-02   1.6730042e-01   2.3321762e-01   9.3373752e-03  -3.5274459e-02  -1.4709134e-01   2.4362825e-01   1.1147927e-01   5.4558015e-02   1.2512507e-01  -4.7355125e-02  -9.3144477e-02  -1.6557980e-01  -2.6041755e-02   2.3160054e-02
  -1.4539591e-01  -1.1383494e-01  -1.9382621e-01  -9.0875900e-04   1.6548807e-01   7.2088927e-02   2.2023110e-01   4.1792694e-02   3.3849338e-02  -2.3525589e-01   4.4455885e-02   1.4255932e-01   8.6187297e-02   6.6791282e-03   1.5677207e-01  -9.6375202e-02   7.1256342e-02  -3.1973018e-01  -4.7957024e-02   3.0888952e-02   6.8957672e-02  -2.6138971e-01   9.3370432e-02  -9.1319780e-02   1.2288281e-02   1.9465836e-02  -5.3177822e-02  -1.6681531e-02   2.0321590e-01  -1.0371390e-01   1.2806497e-01  -3.0394100e-01   8.9386398e-02   6.8737156e-03  -4.1382997e-03   9.6830440e-02   1.6284060e-01   2.2928856e-01   2.3556907e-01  -4.3623559e-02  -1.9117649e-01   2.3784375e-01   8.6575925e-02   9.5669968e-02  -1.6265753e-02  -1.1685940e-01   2.1373349e-01   1.5589300e-01  -1.1232744e-01
  -1.1918899e-01  -2.3487015e-02  -1.1373144e-01   4.3723433e-02   1.1887708e-02   5.5642221e-02  -1.1460215e-01  -2.8744650e-01   3.7299936e-02  -1.0479902e-03  -2.4603983e-01   1.1700268e-01  -1.6557648e-01   1.7951510e-01  -1.6222598e-01   1.0302516e-01  -3.5556541e-02   1.0318862e-01   1.4428994e-01  -7.7971022e-02  -1.7702405e-01  -1.4586360e-01  -9.1093359e-02   1.4804027e-01   2.2663334e-02   2.6645286e-01  -5.5917706e-02  -1.5628287e-01   3.8060234e-02   2.4086434e-01  -2.2626562e-01  -1.3666878e-01   5.8661385e-02   1.8102499e-01   1.9259226e-01  -2.4685619e-01   2.6799218e-01   1.8701388e-01  -1.7229957e-01   2.9039450e-02  -6.5852840e-03   9.8430694e-02  -9.9554721e-02   1.2440839e-01  -1.9183033e-01   2.7022349e-02   6.4314924e-02   9.0899123e-04   2.8587584e-02
  -1.3712399e-01   3.1065548e-02   1.5461771e-01  -1.5972762e-01  -6.1437930e-03  -1.0807752e-03   2.2802506e-02   1.6803682e-01   1.1725587e-01  -1.8738686e-01  -1.2177285e-01  -1.5587003e-01   1.4933718e-01   1.5563210e-01  -2.6090811e-01   1.6598315e-01  -6.9551838e-02  -5.8837566e-02  -6.7983671e-02  -1.1004300e-01   1.6328045e-01   4.0025572e-02  -3.6298334e-02   1.4844548e-01   2.7758731e-01   2.4967522e-02   3.0528874e-02  -4.9039937e-02   4.0755003e-01  -1.9338095e-01  -1.6090604e-01  -4.6867125e-02  -2.6019577e-02   8.6666687e-02   9.4269121e-02   2.6810039e-02  -1.1526139e-01  -2.6815736e-01   1.4832973e-02  -1.8755564e-03  -5.4504303e-02   8.2084447e-02  -3.2072281e-01  -8.5726249e-02  -1.6279718e-02  -7.8637211e-02  -1.3106206e-01   1.8927858e-01   7.6022286e-03
  -1.3011397e-01  -2.0815842e-01   5.8889638e-02   1.3317753e-02  -7.6290771e-02  -1.0016929e-01   1.6865073e-01   1.2795147e-01   1.7084308e-01   8.9029288e-02   7.3029309e-02  -5.1928912e-02  -2.5615621e-01   2.1477434e-01  -7.9479222e-03   3.3966905e-02  -1.6118107e-01   2.3690677e-01  -9.1228329e-02   4.8551074e-02  -1.5373189e-01  -2.9208150e-01  -8.1814436e-02  -1.3308148e-01   1.5336713e-01  -2.1906227e-02   1.1282385e-01  -1.9327235e-01  -1.3869068e-01   9.5139034e-02   2.2034534e-01   4.9693410e-02   2.8428186e-02   7.5026201e-02   1.6235439e-02   6.0847207e-02  -1.2845341e-01   1.8009787e-01   1.4799969e-01   1.5018140e-02   1.7001951e-01  -4.2458439e-02  -2.1147744e-01   5.1063352e-02   2.8006145e-01  -1.2159777e-01  -1.3456088e-01   7.6266102e-02  -2.4727422e-01
  -1.4730953e-01  -1.3634576e-02  -5.4189178e-02   1.6393071e-02  -9.6947697e-02   9.0761406e-02  -1.0887019e-01  -1.8950655e-01   3.0017305e-01  -2.6186021e-01   5.7252683e-03   4.7268456e-02  -2.9367562e-01   3.6605157e-02  -2.1165466e-01   1.4534539e-01   2.2532982e-01  -8.2776595e-02  -5.2760976e-02  -1.5111558e-02  -1.3412475e-01  -6.3647279e-02   6.5847288e-03   1.0176082e-01  -1.7183850e-01  -2.2187129e-01  -6.0887194e-02   3.9761914e-01  -4.0544362e-02  -8.5237632e-02   5.8371821e-02   6.3346467e-02   5.6018331e-02  -1.4003571e-01   4.2986919e-02   2.4590883e-01  -6.0377815e-02   7.5040211e-03   6.1198807e-02  -1.6165162e-01   4.1540386e-02  -1.3981239e-01  -6.1053301e-02   2.2945826e-01  -8.3575282e-02  -7.4643459e-02  -1.3147251e-01  -2.6805917e-02   1.3501912e-01
  -1.3776551e-01   2.7596979e-02   2.5294762e-02  -1.0349185e-01  -1.4309763e-01  -1.5038747e-01   1.6831456e-01   3.2682918e-01   7.0404533e-02   2.2886001e-01  -1.4664479e-02   1.6228971e-01  -3.2711164e-01  -2.6345746e-01   1.4702805e-02   1.1848565e-01   4.6576266e-02   5.3765130e-02   9.1549508e-02   8.6345692e-02  -1.2502983e-01   8.1238093e-02   1.0020929e-01   2.2861163e-01   1.7233751e-02   7.7576297e-02  -1.8790889e-01   1.6439207e-01   1.6495514e-01  -4.3874670e-02   1.0048520e-01  -2.0648805e-01  -2.3203109e-01   1.2297652e-01  -1.0619263e-01   7.8824141e-02  -6.0655212e-03  -4.8051415e-02  -1.1326925e-01   4.5824359e-02   1.9530331e-01   7.7857131e-02   2.8780843e-02  -7.0260441e-02  -1.8669064e-01   9.5830061e-02   2.0087096e-01  -1.1530100e-02  -1.4813833e-01
  -1.4367619e-01   2.1373369e-01   1.1542881e-01  -4.9976593e-02   1.0953223e-01  -2.8674516e-01   1.1077139e-01  -4.4380932e-02  -3.9311538e-02  -2.0102980e-01  -8.7068240e-02   1.0656682e-01  -1.3607449e-02   1.5387551e-01  -2.3207350e-01   8.2847486e-02  -8.7023974e-02  -1.5771234e-01  -5.9918534e-02  -1.4084727e-01   3.1438634e-02   1.1504264e-01  -1.0827710e-01   1.3951352e-01   1.1902673e-01  -4.8399256e-03   7.4135328e-02  -1.5031952e-01  -3.8612003e-01   2.7733236e-02   3.9501145e-02  -9.2336560e-02  -2.6869427e-01  -3.2409643e-02  -2.0044149e-01   1.1273283e-01   2.4232588e-01  -1.1930361e-01   9.9643799e-02   1.7892695e-02   2.0494974e-02  -1.2645105e-01   1.7472832e-01   4.9425854e-02   1.7260024e-01  -8.9390668e-02   2.3656091e-01  -6.8268287e-02   5.7252068e-02
  -1.5684466e-01  -1.2550040e-01  -8.6575875e-02   1.8526561e-01  -1.7897802e-01  -2.0421473e-02   1.5795074e-01  -1.0418608e-01   2.2778668e-01   1.7295532e-01   2.7075256e-02   1.3866008e-01   3.1775306e-01  -2.2725700e-01  -8.1543767e-02   1.1737344e-01  -1.4833665e-01  -2.5414756e-01   2.7085193e-01  -1.5425361e-01  -1.6499317e-01   2.4228226e-02   1.9190161e-01  -8.8017488e-03   7.7355714e-02  -1.1260802e-01   9.9505857e-02  -3.6657539e-02  -4.3281316e-02  -5.5838063e-02  -1.1856294e-01   2.6995434e-01  -8.8073194e-02  -8.2311948e-02   1.9437890e-01   4.8035394e-02   4.9198598e-02  -4.8323988e-02  -1.0500479e-01   2.2271683e-01   1.5123349e-02   4.2342112e-02   9.4678855e-02   1.1824889e-01   6.5325439e-02  -1.1838899e-01  -6.5250152e-02   2.9941802e-02  -1.8991857e-01
  -1.2635452e-01   1.3377986e-01  -1.9012616e-01   2.1565019e-01  -1.2379369e-01  -2.4860383e-01  -6.0945148e-02  -2.3509709e-01   1.1754091e-02   8.9197056e-03   2.2539419e-03   1.8342191e-01   1.4626482e-01   2.4916894e-01   5.6583617e-02   1.6075817e-01  -1.0623764e-01   1.4039165e-01  -6.3936074e-02  -6.2172540e-02   2.1518265e-01  -2.5294450e-02  -1.2999916e-02   9.8892350e-03  -3.4724944e-01   2.9867314e-02  -2.0166332e-01  -5.5762018e-02   2.2828426e-01  -1.1989428e-01   1.9133777e-01   4.9028727e-02  -6.1358319e-02   1.6450197e-01   9.2741663e-02   1.0361187e-01  -2.3884127e-01  -3.9944335e-02  -4.6778554e-02  -1.2964710e-02  -3.6465688e-02  -4.2827501e-03   1.9469124e-02  -5.7182116e-02   2.1817282e-01   2.1517227e-01   1.4409354e-01  -8.9485480e-02  -7.2402116e-02
  -1.4091972e-01   6.1278227e-02  -3.6467282e-02   1.0073778e-01   2.8995173e-02  -3.0821144e-01  -1.9785127e-01   2.2787659e-05  -1.1550521e-01  -5.4162637e-02   9.7119861e-02   2.8340505e-01  -1.6139195e-02   3.4199815e-02  -1.8112836e-02  -2.3008216e-01  -4.4861333e-02  -9.5642193e-02  -3.2828496e-02   1.1994904e-01  -1.4910567e-01  -6.9537538e-02  -3.2110152e-02  -7.9781212e-02   2.6209734e-01  -4.1748119e-02  -9.4975909e-02   8.2260726e-02  -2.4884632e-01  -1.5246041e-01  -2.5271273e-02   1.1800690e-01   1.5037290e-01   3.4923942e-02   2.0820231e-01  -9.2293509e-02  -4.6449153e-02  -2.2290703e-01   2.4962210e-01  -8.5795490e-02   2.7120661e-02   1.5927086e-01  -1.1404540e-01  -1.6637206e-01  -3.0223393e-01   2.2494995e-01  -6.6701476e-02   3.2033525e-03  -1.0838881e-01
  -1.3233928e-01   1.3943459e-01   2.0290182e-01  -5.9446503e-02  -9.7361700e-03   1.2476698e-01   1.8326413e-02  -1.7042309e-01  -1.6865396e-01   1.0880256e-01  -2.0461152e-02   2.2252660e-02   2.7758202e-02   1.1030064e-01   3.8671861e-01   1.9802955e-01   1.9902488e-01  -1.2662454e-01   9.3356620e-02   1.0936345e-01  -7.3156645e-02  -5.1232138e-02  -1.5326265e-01   6.2485963e-02   2.1587557e-01  -1.3459610e-01  -3.3740994e-01  -4.9961258e-02  -7.8850454e-02  -2.6193912e-01   2.0233512e-02  -7.7835020e-02  -1.6145611e-01   7.5591886e-02  -3.1630744e-02   1.8282828e-03   6.5682708e-02   1.2708972e-01  -4.9501407e-02   1.7885849e-01  -4.9448832e-02   1.1345027e-02  -4.7808451e-02   5.7780606e-02   1.2397053e-01   1.8753575e-02  -3.6572711e-01  -7.9017513e-02   6.8850753e-02
  -1.5338189e-01  -2.0805635e-01  -1.4393823e-01   2.2120733e-01   5.4368113e-02  -8.6035597e-03  -1.0692428e-01   8.3487327e-03  -2.5753087e-01   7.0024940e-02  -1.6482685e-01  -8.9557340e-02  -6.6472157e-04  -1.8561353e-01  -1.2930459e-01   5.5601249e-02   1.0639337e-01  -5.0299865e-02  -1.1910623e-01  -1.7177975e-01   4.0796397e-02   9.6303270e-03  -2.3960736e-02  -7.2711182e-02  -4.8625397e-02  -1.5671918e-01   2.0757773e-01  -1.6106454e-01  -6.5034940e-02  -1.8049827e-01  -5.2511675e-03  -1.2734306e-02  -3.2842054e-02   2.2210846e-01  -4.1965938e-01   9.2538870e-02  -8.2101137e-02   7.6570255e-02  -7.0927054e-02  -2.2257251e-02  -7.8570741e-02   8.4000398e-02  -2.6998983e-01   1.5444609e-01  -2.1484777e-01   4.2692691e-02  -4.4713161e-02  -2.4941765e-01  -1.2174687e-01
  -1.2500738e-01   1.2364060e-01   5.9813231e-02   1.0909119e-02   2.3434947e-01  -1.5725459e-02   4.0667485e-01  -4.6881916e-02   1.7620481e-03   9.8248182e-02  -2.0726422e-01  -7.4916226e-03  -1.8695800e-01   1.0820502e-01  -4.4015313e-02  -1.5198014e-01   2.0915375e-01   6.7916826e-02  -4.8009162e-03  -9.0639134e-02   3.6406591e-02   2.6617936e-02  -1.4610354e-01  -1.7944321e-01   8.2436632e-03   1.7980181e-02   2.5734602e-01   9.9346069e-02   1.8088592e-01  -3.4212875e-02   1.9460724e-01   5.7389712e-02   3.2179926e-02  -5.8266210e-02   2.1854701e-01  -1.4558932e-01  -8.8709009e-02  -1.8733323e-01  -1.7667838e-02   2.3440220e-01  -1.3888244e-01  -3.5695356e-02   2.1476611e-01   1.0830150e-01  -1.3818412e-01   5.6437215e-02  -1.0454912e-01  -2.6137205e-01  -5.4785973e-02
  -1.4277367e-01  -2.1907285e-01   1.2604397e-01   2.1937183e-01  -2.9558354e-02   1.7167896e-01  -7.8886848e-02  -1.5587311e-01  -2.4223248e-02  -9.3736586e-02  -3.1051343e-01   2.1258226e-01  -5.1127802e-02  -1.0946016e-01  -7.2251799e-03  -1.6362437e-01  -4.4554652e-02  -3.5070215e-02  -1.6238487e-01  -5.0869427e-02   1.1226633e-01   1.1712338e-01   2.7830874e-01   7.7423412e-02   1.6124130e-01  -1.6780206e-01  -8.0777212e-02  -8.9543707e-03   5.6121055e-02   2.4691021e-01   3.3023028e-01  -7.7825360e-02  -7.5028339e-02   6.1539649e-02  -2.8712234e-02  -1.6885780e-01  -5.6908543e-02  -3.0074367e-03   9.4537681e-03   8.2186506e-02   4.0443216e-02  -1.7511633e-01   4.4159651e-02  -3.0930583e-01   3.2018761e-02  -6.4218742e-02  -1.1301607e-01   1.4524529e-01   1.2094679e-01
  -1.4847430e-01  -2.3020615e-01   7.7156134e-02  -1.5888915e-01   4.2589845e-04  -4.0978730e-02  -1.2380318e-01  -2.4681687e-01  -2.4306847e-02   1.4999260e-02  -5.4305655e-02  -3.8297453e-01  -5.7399916e-02  -2.1220348e-01  -2.0609441e-02   6.5743119e-02  -5.0310061e-02   4.8953148e-02  -5.8111908e-02  -4.0782847e-03  -5.6635762e-04   2.1915277e-02  -2.1594877e-01  -7.4906245e-02  -5.1894659e-02  -2.8353134e-02  -9.1236105e-02   1.5714325e-01  -3.2556137e-03  -3.6743767e-03   2.4221286e-02   1.2472940e-01  -2.8274682e-01  -3.9237063e-02   2.3515724e-01   4.3545254e-03   8.4214527e-02   9.7314259e-02   2.1079051e-01   1.3696210e-02  -1.2648648e-01   2.3840698e-01   1.2239463e-02  -3.3927483e-01   3.0636818e-02  -1.4451864e-01   2.2313883e-01  -1.8097208e-01  -9.0303693e-02
  -1.1436389e-01   1.1168120e-02   4.9893372e-02   1.1997298e-02  -1.0402771e-01   9.4058971e-02   5.0655968e-02  -9.3793788e-02   1.1132168e-01   1.8807858e-01  -2.0508703e-01   1.7797310e-02   8.2681638e-02  -6.7106356e-02   1.6278840e-01  -3.3040940e-02   1.2437720e-01   1.7774771e-01   2.7324478e-01   2.2952743e-02   3.9384533e-01  -3.4581442e-01  -1.3994524e-01   1.6914987e-01   2.3752238e-03   4.7514817e-02   1.0467380e-01  -7.1046650e-02  -1.6879727e-01  -5.0782332e-02   8.9222262e-02   1.0113431e-01  -6.3535484e-02  -1.5570736e-01  -9.4419816e-02   3.3387724e-02   6.3905909e-02  -2.0951500e-01   2.9894524e-02  -3.7511333e-01  -2.9837985e-02  -3.3684782e-02   1.0598423e-02  -3.0470154e-02  -1.8305742e-01  -4.5911627e-02   3.6564776e-02   1.9993906e-01  -5.9033124e-02
  -1.6228840e-01   7.1704469e-02  -6.3495360e-02  -5.9485394e-02   1.1110918e-01  -1.2900152e-01  -7.8691294e-02   1.0284071e-01   2.2502394e-01   1.6085508e-01  -1.3815536e-01   3.3848160e-02   1.6904270e-01  -1.0764564e-02  -8.8032308e-03  -7.6312099e-03   1.7902357e-01  -2.6930704e-01   1.4740998e-01  -1.2252459e-01   8.8384474e-02   2.3948788e-01  -1.7335654e-01  -8.0223649e-02  -6.5991584e-03   3.7548566e-01   4.1786726e-02   1.2626997e-01  -1.2330986e-01   9.4133907e-02   1.2497595e-01  -6.0540156e-02   1.2282665e-01  -1.6253363e-01  -3.4667781e-02   2.7775254e-02  -1.8635604e-01   3.7734628e-01   2.4693006e-02  -4.4873353e-03   9.6591935e-02  -6.3446761e-02  -2.3511184e-01  -1.9288610e-01   5.2115410e-02   6.3042325e-02  -8.0550568e-02  -6.4947280e-03   6.5536800e-02
  -1.2920261e-01   1.1081064e-01   8.7538508e-03  -6.4442873e-02   3.0616215e-01  -1.5072337e-01  -2.2771883e-02  -1.0279973e-02  -1.7124638e-01   1.6445046e-02  -2.5840321e-01   1.5945064e-01  -6.0614023e-02  -1.1159782e-01  -2.5577658e-02   2.4719640e-01   7.9065531e-02   1.0158202e-01  -1.3627699e-01   3.6395832e-01   1.5040640e-01   8.1170586e-04   8.4251927e-02  -1.5886106e-01  -1.3434416e-01  -1.5558062e-01   5.8347977e-02   6.7019108e-03   1.3173705e-02   6.4258437e-02  -3.5564042e-01   1.3484780e-01   2.3529317e-02  -1.2763295e-01   4.8300131e-02   1.0177656e-01  -4.1149383e-02   1.5792593e-01  -2.5668121e-02   1.3726930e-01   7.7769629e-02  -8.7120365e-02   2.5161282e-02  -3.5007329e-02   1.2837917e-02  -6.6170626e-02  -7.0326055e-03   3.2314214e-01  -1.8062124e-01
  -1.6444693e-01   1.6056131e-01  -1.1552095e-01   1.6038472e-01  -1.0500555e-01   2.0384809e-01   2.1049945e-01   1.5778450e-01  -1.6384686e-01   9.3024916e-03   1.9257204e-01  -1.4533166e-01  -2.5182390e-02  -7.6576742e-02  -4.2410133e-01   1.2718114e-01   6.2739341e-02   1.5667336e-01   8.6796954e-03  -2.9439184e-03   1.3709375e-01  -1.0098497e-01   7.2343243e-02   8.7184901e-02   4.3417790e-02  -7.2876685e-02  -1.8548261e-01  -1.6222835e-01  -1.5964936e-01  -1.9683611e-01   8.6830363e-02   3.1475831e-02   1.7771604e-01  -2.3028339e-01   1.0665905e-01  -1.2610989e-01   2.7621029e-02   2.4543001e-01   5.8988294e-03   1.2659480e-01  -4.1532356e-02  -3.7758462e-03   3.5657001e-02  -1.9332406e-01  -3.7562781e-02   1.4277959e-01   7.4441433e-02   2.1105829e-02   1.7450891e-01
  -1.2965267e-01  -1.5523320e-02  -8.5589743e-02  -1.9309754e-01  -2.6424174e-02  -1.3116373e-01   1.0783452e-01  -1.3132986e-01  -5.7960319e-02  -1.8001286e-02   2.1375867e-01   6.4377384e-03  -1.7377572e-01  -1.4509669e-01   8.6009556e-02   5.4213561e-02  -6.9991018e-02   8.2628680e-02   1.9213254e-01  -9.0305653e-02   2.2328525e-01   5.5208975e-03   3.0832683e-01  -1.9167299e-01  -8.0869749e-02   1.0980989e-01   1.3078397e-01   2.0514874e-01  -1.0274645e-01  -2.7927836e-02  -3.3660074e-02  -2.0343733e-02  -1.1323550e-01   1.7833337e-01  -3.7551672e-02  -2.2558516e-01   1.3560278e-01  -8.4453518e-02   1.7275350e-01   1.3707508e-01  -1.9196669e-01  -1.3277229e-01  -3.2913266e-01   1.0743143e-01   1.1341007e-01   1.1703407e-01  -5.5511019e-02   1.4111606e-01   2.3751417e-01
  -1.5558196e-01   3.2279289e-01  -1.5597405e-02   3.1248811e-01   1.3703845e-01   8.3060607e-02  -3.8244210e-02   1.0595316e-01  -1.2251489e-01  -2.1936562e-02   1.7721904e-01   5.1249594e-02  -3.1242898e-02   1.2988751e-01   7.0515180e-02  -5.6593044e-02  -6.7248307e-02   1.6436016e-01   2.4370491e-01  -6.3223111e-02  -8.9681778e-02   1.0640109e-02   5.0883280e-03  -4.7702624e-02  -3.7543769e-02  -1.0652795e-01   1.7544804e-01   1.7933273e-01  -2.5583548e-02   1.6036489e-01  -1.6062061e-02  -8.0834826e-02  -1.6721364e-01   5.1263554e-02   4.6544004e-04   1.3490350e-01  -1.3356641e-01   1.1133895e-02  -1.3858989e-01  -2.9548524e-02  -5.2316603e-02   3.3555988e-01  -9.0775372e-02  -1.7275184e-01  -2.0394498e-02  -4.1192463e-01  -2.4136987e-02   5.4299942e-02   1.7794635e-01
  -1.4971207e-01  -6.3875993e-02  -6.0111065e-02  -1.2709069e-01   2.9946467e-02   2.0198969e-01  -1.6553355e-01   5.2434497e-02   1.2615615e-01   3.6117399e-01   8.7084462e-02   1.4532924e-02  -1.9701378e-01   3.0561545e-01   4.8320382e-04   8.9954291e-03   1.2477463e-01  -1.2338147e-01   2.4000906e-02  -8.5433799e-02   1.5123521e-01   2.0011337e-01   6.8356299e-02   1.0308847e-02   8.9231497e-02  -2.5640077e-01   1.1865862e-01  -1.1032062e-01   5.7102739e-02   1.2999061e-01  -1.0849732e-01   1.9540084e-01   4.5915174e-02   1.5216582e-01  -5.2064532e-02   1.2325489e-01   7.1826683e-02   8.3400128e-03   2.0500295e-01  -1.0287731e-02   3.9853872e-02   2.5976556e-01   2.0244877e-01  -4.9484039e-03   7.7461401e-02   2.6615920e-01   1.0780431e-01   9.3831355e-02   1.4540362e-01
  -1.5910297e-01  -1.6062370e-02   7.3409701e-02  -1.0911315e-01  -4.7906509e-02   1.5232284e-01  -2.5308503e-01   6.3468895e-02   1.0028581e-01  -1.6144039e-01   2.6313665e-01   2.8713176e-01   9.1429658e-02  -1.1201981e-01   2.4250353e-02   3.2876068e-02   2.1904130e-01   1.1187689e-01  -1.8340115e-02   1.6576551e-01  -1.7640976e-01  -1.0321407e-01  -1.2752147e-01   8.9930773e-02  -3.6844966e-02   1.1251916e-01   4.3960611e-01  -1.8693277e-01   1.2855205e-01  -1.0518491e-01   4.1800367e-02   4.8965925e-02  -8.8004839e-02   1.0012407e-01   1.9029494e-02   6.4610506e-02   8.4086229e-02   3.7226231e-02  -2.6558714e-02   1.4873350e-01  -1.6710748e-01  -2.4483061e-01   4.6704186e-02  -2.5197650e-01   2.3012200e-02   6.9480314e-02   5.3857568e-02  -9.4300899e-02   2.2588327e-02
  -1.3874471e-01   7.8824425e-03  -1.4215204e-01   3.3436657e-02   5.5708676e-02  -1.3432359e-01   4.5840500e-02  -9.2666524e-02   1.2760679e-01  -3.3142793e-01  -1.2996902e-02  -3.8480190e-01  -8.2826755e-02   6.8871159e-03   1.9424836e-01  -1.3917632e-01   5.1969702e-02  -6.4613467e-02   9.7823790e-02   1.4601682e-01   8.8382753e-03   9.5184734e-02   4.0506290e-02   2.9388270e-01  -4.1043974e-02   7.2330839e-04   1.8158613e-01  -5.3371655e-03  -1.2531998e-01  -2.1651092e-01   1.9516847e-02   1.2641912e-01   1.1655488e-01   2.5093125e-01  -6.7650704e-02  -2.0827657e-01  -9.9617865e-02   7.0146599e-02  -2.0550600e-01   8.8070451e-02   2.4920654e-01   1.0739507e-01   1.8501110e-01  -6.7749830e-02   3.9793468e-02   3.9817491e-02  -1.0348545e-03   1.8129109e-01  -5.2633223e-02
  -1.4720953e-01   1.5935109e-02   1.5197269e-01   1.1226873e-01  -1.8133116e-01  -1.8320570e-02  -1.5553767e-01   1.6895591e-01   1.7643794e-01  -8.3273446e-02  -5.1760683e-02   6.1278423e-02  -1.3528809e-01  -1.8605250e-02   1.2996130e-01  -4.0021605e-02  -1.4489272e-01   5.0543460e-03  -3.0051357e-01  -5.3566115e-03   1.5603387e-01   6.1350907e-03   1.5148852e-02  -1.2735469e-01  -2.5322114e-01   2.8022646e-01  -2.6557886e-02  -1.2581196e-01  -6.1009178e-03  -1.0871698e-01   1.0069041e-02   1.3108151e-01  -2.3683673e-02  -2.6257291e-01  -1.1252260e-01  -2.9470455e-02   2.6757718e-01  -7.2038617e-02  -3.6863688e-02   2.2775040e-01   8.5572312e-02   3.4965150e-01   4.3227450e-02   8.9330619e-02  -7.8088650e-02  -6.7032871e-02  -2.2499512e-01  -2.6975970e-02   1.4088561e-01
  -1.2965048e-01  -2.8051827e-01   1.9128226e-01   9.2787983e-02  -1.1446145e-01  -3.9679312e-02   9.9398461e-02   1.1159747e-01  -1.6123114e-02  -1.3329536e-01   1.4624919e-02  -8.2082158e-03  -1.5370616e-02   1.9579955e-01   9.5352092e-02  -7.7523434e-02  -2.3858397e-02   2.1120604e-01   2.3304622e-01  -7.8910253e-02   1.1494971e-01   2.6621081e-01   8.8332171e-03  -1.4713592e-02  -6.5530714e-02   1.0281901e-01  -2.0834480e-01   1.7041561e-02  -9.4466365e-02  -3.5226243e-02  -2.2900017e-01   7.2393635e-03   2.5797562e-01   1.6889409e-01  -2.7363755e-02   2.9882088e-01   3.5224770e-02   6.9362576e-02   1.2119467e-01   1.2761622e-01  -2.0171110e-01  -2.3813003e-01   1.5249533e-01  -8.2376736e-02  -2.2756770e-01  -1.5759408e-01  -2.0196923e-02  -4.9862790e-02  -9.9487764e-02
  -1.5234022e-01  -3.8448461e-02  -2.2434561e-01   1.6026476e-01  -1.1370213e-01  -2.9586681e-01  -5.4982052e-02  -1.3048450e-02  -2.0408658e-01   1.0723723e-01   4.1137348e-02  -1.3410339e-01  -6.3996397e-02   1.1900575e-01   3.1798036e-02  -1.7029234e-01   1.0984251e-01  -7.3782927e-03   5.6479401e-02  -2.2590463e-02  -8.9591933e-02  -8.0645852e-02  -4.4932078e-02   3.4578926e-02   1.6419237e-01  -2.4781455e-02  -8.0533267e-05   1.5027216e-01   4.0726045e-01   2.4191709e-02  -9.3621780e-02   1.1052720e-01   9.5919925e-02  -2.7522021e-01  -2.3885221e-01  -1.7327050e-02   3.7673143e-01  -2.3922197e-02  -4.1437017e-02  -4.1348641e-02   6.6126648e-02  -2.1652674e-01  -8.6739922e-03  -1.3540111e-01   1.9280375e-01  -7.6208269e-02  -4.1682899e-02  -2.5931294e-02   1.0829817e-02
  -1.4186493e-01  -9.7624491e-02  -1.0494919e-01  -1.6474475e-01  -1.7763641e-01  -1.9070433e-01  -1.1960720e-01   2.3912870e-01  -5.6333151e-04  -3.7941039e-02   2.6881571e-02  -7.6694860e-04   2.1526776e-01  -1.0049850e-01  -8.9373959e-02  -4.2897014e-03   3.2152671e-01   3.7553502e-02  -1.0940281e-01  -3.4649326e-02   1.5913724e-01  -2.6967937e-01  -1.4755073e-01  -6.0888999e-02   6.2544752e-02  -8.7945705e-02  -1.7249795e-01   1.4330318e-01  -1.4547243e-01   3.4421442e-01  -2.6818298e-02  -2.9020198e-02   1.0814934e-01   2.3123336e-01   1.4405619e-02  -1.0427447e-01  -9.8705296e-02  -1.4016961e-01  -1.8567302e-01   1.7637546e-01  -7.3865139e-02   9.8596269e-02   1.8382893e-01   1.2542475e-01   1.2375317e-01  -1.3446552e-01  -2.5778412e-02  -3.1383546e-02   1.0279993e-01
  -1.4028172e-01  -2.5888642e-01  -8.7585031e-02   1.0304001e-01   3.8162749e-01   1.7078900e-01  -2.3351132e-02   5.7701406e-03   6.9876119e-02   2.1608122e-02  -6.3972838e-02   9.7827718e-03   1.7052294e-01  -7.3753675e-02  -2.4262908e-02  -7.2993409e-02  -5.7477878e-02   2.1527188e-01   1.3510722e-01   4.9763032e-02  -8.6026751e-02  -1.3825149e-01  -5.4088334e-02   3.6037347e-02  -4.8311056e-02   8.1363487e-02  -1.0634344e-01   5.1497805e-02  -1.1615654e-02  -1.2067337e-01  -1.8252216e-01  -2.0441578e-01  -1.6951403e-02  -7.0211221e-02  -6.7758884e-02   6.5576656e-02  -8.4907825e-02  -2.5956290e-01   2.2556870e-01   1.8201845e-01   3.8993788e-01  -7.4928797e-03   2.1120380e-02   4.2041692e-02   1.8421680e-01   1.0712182e-01   4.6919419e-02  -1.4106622e-01   2.4756590e-01
  -1.5283485e-01   9.4344980e-02  -1.8654494e-01   3.0377499e-03   1.9671026e-01   1.4181893e-01   4.6188612e-02   1.3353444e-01   1.4782553e-01   2.2105430e-01  -1.0473978e-03  -4.4543966e-02   9.5854973e-02   4.0126630e-02   9.7299927e-02  -1.4452247e-01  -1.8060789e-01  -1.7740483e-02  -2.4414660e-01   1.5665126e-01  -1.2545931e-01   1.0694295e-01  -1.4142733e-01   3.7526773e-01  -1.7742028e-01  -8.6685901e-02  -1.6065904e-01   6.3899017e-02  -9.1501303e-02   9.1104400e-02   6.3140866e-02   1.7374064e-01   5.5749538e-02   2.2768516e-02  -6.5547866e-02  -1.1877657e-01   7.4848475e-02  -1.1315666e-01   5.7708247e-02   1.4971091e-01  -3.4081419e-01  -1.5035105e-01  -2.6651880e-01   9.4832402e-02  -3.0339976e-02  -1.1254380e-01   9.8645280e-02   5.9271736e-02  -6.0749827e-02
  -1.3883833e-01  -1.7885572e-01  -3.3111143e-01  -7.3756199e-03   6.7481583e-02   1.7932368e-01  -1.9264613e-01   1.8086770e-01  -1.8314219e-01  -2.0206888e-02   1.2141209e-01   1.0287278e-02  -2.0535917e-01   4.4318397e-02   1.9864997e-02   1.8574738e-03  -2.9832542e-02  -7.8109481e-02  -8.5072216e-03  -5.6912632e-02   1.8705333e-01   2.0075586e-01  -4.1023366e-02   4.7826923e-02  -1.8717737e-02   1.0476797e-01   1.8254689e-02  -3.8531730e-02  -1.4425531e-01  -6.2688088e-02  -3.5846857e-02  -2.4568238e-01  -1.8150579e-01  -1.5267063e-01   3.2545936e-01  -3.7868857e-02   2.4744827e-03  -1.5634708e-01  -1.7356405e-01  -1.7238209e-01  -4.0418018e-02  -1.0959861e-01   1.0154958e-01   5.9066915e-02   1.7458358e-01  -3.1018019e-02  -2.2285405e-01   5.7398029e-04  -3.0599210e-01
  -1.5848043e-01   2.4416361e-01   1.9142085e-02   1.1435581e-01   1.1830609e-01   1.5658459e-02  -1.4251586e-01   6.0252235e-02   4.7119824e-02   1.0444882e-01   2.6745941e-04  -1.1710189e-01  -1.5162802e-01  -3.2106773e-01   1.6491309e-03  -1.5845163e-01  -9.7076741e-02  -9.7700530e-02  -5.0341664e-02  -1.9502346e-02   3.1485867e-02  -3.5750723e-02  -3.5783358e-02  -1.9917179e-01   1.4862393e-01   1.6601445e-01  -1.7138464e-01  -1.9958918e-01   1.3738909e-01  -1.1864572e-01  -2.8564834e-03   1.8993110e-01   3.8255132e-03   3.1446309e-01   1.8533674e-01   1.2032407e-01  -2.6640458e-02   5.4806091e-02   1.1075789e-02  -2.1717550e-01   5.9388066e-02  -2.7706187e-01   1.2812733e-01   2.0487587e-01   3.3177942e-02  -1.9203148e-01   8.1320578e-02   1.7414683e-02   2.2430556e-01
  -1.3504653e-01   3.8360974e-02   3.8225020e-02  -3.1289810e-01   6.7857700e-02   1.5745114e-01   2.0408117e-02   1.4333178e-01  -8.5497527e-02  -7.0265553e-02  -3.1642964e-03   1.9486796e-01  -5.8474156e-02   6.4918318e-02   6.7121697e-02   8.4456506e-02  -3.7874738e-01  -1.9240714e-01   7.9214423e-02  -2.6750418e-01   5.7233904e-02  -2.4485225e-01  -9.1910171e-02  -4.7270724e-02  -1.8127908e-01  -1.7333887e-01  -2.7507831e-02   1.2538686e-01   4.5618556e-02  -6.3170391e-02  -9.9636822e-02   1.6383899e-01   1.2639051e-01   4.7465785e-02  -1.4363961e-01  -2.7815436e-01  -5.7674410e-02   9.2667822e-02  -6.9891434e-02  -9.7938528e-02   1.8422870e-01  -1.3310275e-01   9.7399660e-02  -2.0334205e-01  -6.4012231e-02  -8.4703076e-02  -1.6248918e-02  -2.1727617e-01  -5.2596143e-02
  -1.4905483e-01  -3.8810952e-03  -1.4803412e-01  -1.1791322e-01   1.0009130e-01   9.1152702e-03  -2.9295514e-02  -2.0615353e-01  -3.1208752e-03   1.2561697e-02   2.3015691e-01  -1.1428994e-01   3.1616620e-02  -2.6310373e-02   6.5838851e-02   2.7217875e-01   9.0220377e-03   8.0913418e-02  -7.5550354e-02  -2.5219525e-01  -2.7538783e-01   9.2366772e-02  -1.2626690e-01  -2.2557580e-01   1.0234297e-02   9.1908513e-02  -1.2704909e-01  -1.5957974e-01   4.2344873e-02   8.6049082e-02   1.5810582e-01  -5.0172090e-02   3.3489246e-02  -1.2074112e-01  -2.4048493e-01  -4.2285035e-02  -1.3535941e-01  -2.0991679e-01   6.0683777e-03   4.2819084e-02   1.0482461e-02  -6.4950825e-02   1.9447644e-01  -5.0082024e-02  -2.9078381e-01  -2.9100729e-02  -4.4015016e-02   3.9460757e-01  -2.9709390e-02
  -1.5404879e-01   3.3946282e-02   2.9721091e-01   1.8295307e-01  -2.1217131e-02  -7.1931558e-02  -7.3373644e-02  -2.8558936e-02   2.4827130e-01   1.1621804e-01   2.1792044e-01  -4.7358230e-02   1.8395381e-01  -1.4917960e-02  -4.2763558e-02  -1.0251467e-01  -6.4192506e-02   1.1847158e-01  -9.2820223e-02  -5.7370527e-03   1.2330278e-01   1.4238915e-01  -2.1620749e-01  -1.5615703e-01  -5.1630849e-02  -3.3158296e-01   6.9437513e-02   1.3036541e-01   5.0875043e-02  -8.0789850e-02  -8.2043462e-02  -3.7828886e-01  -3.7034628e-02   2.2825464e-02   3.5273498e-02  -2.8178803e-01   1.7416806e-01   1.6450105e-01  -5.9583773e-02  -8.9420156e-02   1.1664240e-01  -1.0696719e-01   2.0325798e-02   1.4926449e-01  -8.5206116e-02   9.8033011e-02   5.6917342e-02   1.0482409e-01  -1.1443971e-01
  -1.3462862e-01  -3.1335312e-01  -3.2459674e-02  -1.3768632e-01  -1.2099631e-01  -4.3405949e-03   3.0857271e-01  -6.9125988e-02  -5.5463239e-02  -3.7011694e-02   1.2255183e-02   2.6018336e-01  -1.5350780e-03   7.3817414e-02   2.7557694e-02  -1.9171308e-01   4.4183820e-02   6.2385405e-02  -1.1656671e-01   1.0999382e-01  -1.0057317e-01   2.1816209e-01  -1.6676955e-01  -1.2716592e-01   5.5214851e-02  -9.7923526e-03  -5.0404795e-02  -7.9082253e-02  -2.0783217e-02  -1.6113836e-01  -1.5527816e-01   1.4754005e-01  -1.2453473e-01  -1.3071755e-01  -1.7843741e-02  -9.2688809e-02  -1.8498562e-01   5.3762012e-02  -3.0957256e-01  -2.4106689e-01  -4.4456401e-02   8.6434166e-02  -1.0182753e-01   5.4536339e-02   6.2891080e-02  -4.8305094e-02   2.0887197e-01   7.8612553e-02   3.2384100e-01
  -1.4570874e-01   7.5865904e-02   1.7139907e-01  -1.8581800e-01  -2.0346740e-02  -1.2954733e-01  -4.1815606e-02  -2.5389253e-01  -4.0175082e-02   1.2815808e-02   1.8382140e-01   5.2196418e-02  -1.7227659e-01  -2.4037446e-01   5.6282211e-03  -1.4866489e-01   1.5452629e-02  -7.0770952e-02   1.7028424e-01   3.7988962e-02   9.3344626e-02   1.0232555e-01   9.1074251e-03   1.8834212e-01  -1.1456842e-01  -1.5503221e-01  -2.9275773e-02  -3.7782066e-01   1.0803825e-01   1.5487292e-01  -1.0632055e-02  -1.8561286e-01   3.5740093e-01  -2.0997312e-01   7.7030100e-03   1.7657453e-02  -1.7496628e-01  -1.2094537e-01   2.2719491e-02   4.1095113e-02   1.7057167e-02   1.1832511e-01  -1.5034711e-01   7.3462859e-02   1.0872665e-01  -1.6337877e-01   2.1811072e-02  -1.7997671e-01  -5.5535538e-02
  -1.4942210e-01   7.0670110e-02  -1.1622495e-01   1.0393894e-01  -8.2497158e-02   1.0431789e-01   1.7545404e-01  -5.3458083e-02   1.3254278e-02  -2.3253685e-01   2.0522680e-01  -1.0255624e-01   5.1705346e-02  -1.3126195e-02   2.7422761e-01   8.8066703e-02  -8.9586977e-02  -5.4201615e-02  -1.5816540e-01   8.6192638e-02   2.2852169e-01  -1.1444328e-02  -2.8547402e-02   4.2856518e-02   2.6475414e-01   2.6672376e-02   3.7430905e-02  -5.7825850e-03   5.4226569e-02   4.1575263e-01  -1.5524675e-01   8.5539586e-02  -1.7790726e-01  -1.1625187e-01   3.7496255e-02   1.1803660e-01  -1.0479624e-01   6.1256351e-02   2.2458384e-02   4.6327820e-02   1.9120792e-01  -1.1312134e-01  -1.1506961e-01   9.1408455e-02  -2.6572947e-01   1.9591669e-01   7.0459896e-02  -2.5231320e-01  -4.6337969e-03
  -1.2802020e-01   1.9619037e-01  -3.9504765e-02  -1.4705015e-01  -7.4068044e-02   2.6393408e-01  -6.8672319e-02  -4.0219597e-03   3.5520461e-02  -2.7185149e-01  -1.3786412e-01  -1.0181755e-02   2.9087411e-02  -7.3181253e-02  -2.0461768e-01  -2.7600122e-01  -1.2679994e-01   1.1428816e-01   3.0319216e-01   1.5909188e-01  -3.8129019e-02   9.8886482e-02  -1.1130170e-01  -2.8520986e-01   5.8389364e-02  -2.8830037e-02  -1.7691228e-01   3.9475782e-02   5.3650506e-02   1.1115524e-01   1.1207385e-01   1.0812036e-01  -7.1899426e-02  -1.9397036e-03  -2.3934632e-01   1.0749782e-01   7.6135534e-02  -1.5539106e-02  -1.0207538e-01   3.8987300e-02  -8.0169484e-02   9.4162586e-02  -4.0745022e-02   9.5789732e-02   1.5329574e-01   2.7647565e-01  -2.6207924e-02   4.3868039e-02  -2.7375221e-01
  -1.5246813e-01   8.7932344e-03   1.4416478e-01  -1.1908379e-01   1.5733459e-01   4.6007574e-02  -1.3286138e-01   1.0818528e-01   1.3400551e-02  -4.9088631e-02   1.4073500e-02  -1.1078928e-01   1.7658001e-01   2.4983213e-01   8.2611721e-02   1.1855576e-02   3.1969410e-01   7.7018632e-02   3.4379165e-02  -4.2868930e-02  -8.2629845e-02   3.1077897e-02   4.7087094e-01  -1.5813841e-01  -5.5832066e-02  -1.2699694e-02  -1.3934844e-01  -1.0695034e-01  -5.2904035e-02  -2.1700941e-02   1.6589161e-01   1.3846082e-01  -4.4681837e-02  -7.8033035e-02   1.0689448e-01  -1.1556283e-01   1.3344164e-01  -8.2613037e-02  -1.4533567e-01  -8.0957308e-02   1.8964532e-01  -6.2171203e-02  -2.0916431e-01   6.8640684e-02  -7.9966948e-02  -1.2356158e-01   2.7438893e-01  -1.6851772e-01  -1.4584948e-01
  -1.1857663e-01   1.3665848e-01   6.2960871e-03  -1.0045789e-01  -3.3033596e-01   1.2340865e-01  -1.5386611e-01  -1.1566840e-01  -1.7554059e-01   1.4359463e-01  -3.0874163e-02  -2.6856052e-02   6.8808222e-02   1.7980210e-01  -1.2910660e-01  -2.1572162e-01   1.8294977e-02  -1.5306242e-02  -6.2919576e-02   9.4271098e-02  -2.9903359e-02  -4.0737075e-02   1.5437969e-01   7.4986406e-02   2.0898279e-02   2.0874773e-01   8.0975812e-02   1.0457838e-01   2.5263560e-02  -1.1182882e-01  -1.3865012e-01  -7.0450989e-02  -1.8960069e-01  -7.6314115e-02  -1.3617047e-01  -1.8493766e-01  -3.6261494e-01   1.2400925e-01   3.0613440e-01   1.3446548e-01   4.1174592e-02  -5.7928645e-02   1.5976678e-01   2.0619759e-01  -6.0890503e-02  -2.1280572e-01   8.2246960e-02   2.6698174e-02  -1.2385562e-01
  -1.2954872e-01  -2.1493226e-01   1.7461548e-01   5.0185488e-02   5.4475838e-02  -2.1826391e-01  -7.8835283e-02   2.5219186e-01  -1.8060553e-01  -6.0777162e-02  -2.6176207e-02  -1.6429684e-01   6.3564747e-02   9.9677891e-02  -7.1765042e-02   6.0614619e-02  -1.2876609e-01  -2.0080947e-01   3.0518680e-01   2.3279612e-01  -1.2475856e-01  -7.4248612e-02  -1.9437690e-02   6.9758654e-02  -2.5126169e-01  -7.7143101e-02   1.2310011e-02  -1.4437240e-01   1.2782102e-01   1.8277864e-01   1.6916409e-01   4.8079580e-02  -2.1740235e-01  -1.0401211e-01   7.6137056e-02  -8.5117919e-02  -1.0397853e-01   6.7960800e-02   8.5373283e-02  -9.3952856e-02  -1.2765304e-01  -5.8007531e-02   9.6922296e-02   1.8889066e-01  -1.4668819e-01   1.7805914e-01  -1.2782718e-01   6.8184599e-02   2.3209971e-01
  -1.5890565e-01   7.1499810e-03  -3.2452139e-02  -2.2603661e-01   1.5338586e-01  -1.6818224e-01  -1.4486458e-01  -6.6587958e-02   1.8603366e-01   1.1828399e-01  -6.5499829e-02  -1.0469061e-01   6.0366473e-02   2.3550364e-02   4.8700795e-02  -5.2644706e-02  -2.9613277e-01   2.0151981e-01  -1.0217677e-01   9.6468500e-03  -3.7398899e-02  -1.3981879e-01   3.3989057e-01   5.6440746e-02   2.4988044e-01  -2.2651432e-02   5.8833126e-02   6.6861432e-02  -5.8824845e-02  -8.5390516e-02  -7.4005588e-03  -1.6849977e-01   5.3524566e-02  -1.7170877e-01  -5.4016164e-02   1.8574459e-01  -9.4894434e-02   1.4919322e-01  -2.7828145e-01  -7.0359828e-02  -3.0947751e-01   2.2702805e-02   1.9382013e-01  -8.9429781e-04  -5.1151164e-02   1.3301202e-01  -8.9084069e-02  -1.6365673e-01   1.0600857e-01
  -1.4457906e-01   1.1514203e-01  -4.7294408e-02   7.8552860e-02  -1.4692101e-01   2.4106956e-02  -8.1283384e-03   1.9195847e-01  -2.0344794e-02  -1.5393173e-01  -2.5528439e-01   4.1450413e-02   7.8881218e-02  -1.6634886e-01   2.4313837e-01   3.3606270e-01   3.3390761e-04   2.5536200e-01   6.0815539e-03  -4.1316293e-02  -1.9565939e-01   2.5408968e-01   2.4705664e-02   2.8453274e-02   1.1714707e-01  -3.1437501e-02   1.1098344e-01   2.5385823e-02   2.5753323e-02   3.1003431e-02  -1.1895315e-02   3.3973794e-03   2.1935248e-01  -5.5415882e-02   1.0808504e-02  -2.5160042e-01  -1.2863268e-02   7.1417117e-03   3.0447437e-01  -2.8305584e-01  -1.1025038e-01   1.0246246e-01   1.0410371e-01   1.4416856e-01   2.0132390e-01   1.9140133e-02   3.6734475e-02  -1.2762264e-01   1.6669599e-02
  -1.5816971e-01   1.8556255e-01  -1.4164870e-01  -1.7159698e-01  -1.9717853e-01  -7.5036762e-03   2.6660123e-01   8.6559854e-03   1.7054614e-02   3.6037613e-02  -1.4041670e-01  -1.2965094e-01   1.5586611e-01  -2.7788893e-02   8.4329747e-03  -2.3523858e-01   9.8601067e-02   5.8148336e-03  -1.6142651e-01  -6.9112130e-02  -2.2469238e-01  -2.0288555e-02   1.2978529e-01  -5.1406811e-02  -3.3156078e-01  -1.0175312e-01   1.6084958e-02  -1.9101515e-01  -5.7735248e-02   1.0296829e-01  -2.0205226e-01  -1.8159123e-01  -1.1005681e-01   1.3521425e-01   1.1729216e-01   1.4819307e-01   1.1201285e-01  -2.8467847e-02   1.2487095e-01  -1.9635775e-01   9.7018314e-02  -3.9518927e-02  -1.1835860e-02  -2.3497677e-01  -3.2376960e-02   8.7341165e-02  -3.0820459e-01  -1.4742859e-02   5.2766469e-02
  -1.3638023e-01   2.8879089e-02   1.0910352e-01   3.7744018e-02  -2.8706384e-01   1.4157795e-01  -6.6983216e-02   3.0254983e-02  -2.0420739e-01   6.9755539e-02  -2.2418427e-01  -1.7391416e-01  -5.9922234e-02   6.0357872e-02   1.7743697e-01   5.8286671e-02  -1.5013146e-01  -2.2136368e-01  -3.2678091e-02   1.9966871e-02  -1.2860132e-01  -9.6458603e-02  -7.2078992e-02  -1.6218778e-01  -4.2779117e-02  -2.4220903e-02   1.9077516e-01   1.0804306e-01  -1.2624468e-01  -3.6795948e-02   4.7644552e-02  -2.1141604e-01   2.6138717e-01  -4.7823119e-02   1.6489245e-01   2.0682169e-01  -1.1550271e-02  -1.9827059e-01  -1.7832602e-01   1.7774671e-01   1.7838247e-02  -1.1046870e-01  -1.1416020e-01  -1.4264323e-02   4.9182470e-02   1.3893910e-01   3.5087606e-01   1.4554203e-01   9.9573832e-02
