  -1.2930370e-01   1.2317223e-01   4.4432393e-02   2.6118796e-01  -6.9698167e-02   6.2354088e-02  -1.7333308e-01   2.5116828e-01   1.6023327e-02  -1.6887198e-01   1.4504631e-01  -1.5369692e-02  -9.4207236e-02   1.5654695e-01  -6.5200611e-03  -1.5260714e-01   2.2927639e-01  -1.7902089e-01   1.2289230e-01   1.3468659e-01   1.9022665e-01   2.1474019e-01  -1.2895557e-01   1.3858901e-02   1.0167747e-01  -5.7685366e-02  -8.9381621e-02  -1.9590412e-01   2.0152025e-01  -8.4487605e-03  -1.8065261e-01   2.3754788e-01   5.6228639e-02   5.9699554e-02  -1.2685804e-02  -3.7940620e-01   4.4365458e-03   4.1909497e-02  -1.8530559e-01   7.8443519e-02   1.1541215e-01  -3.7001423e-02   3.0041656e-02   2.3869458e-02  -2.8672174e-03   1.9785412e-01   2.1492966e-02  -2.4373699e-03  -1.8338660e-01
  -1.2959068e-01   2.1687419e-01  -1.2972549e-01   5.7566003e-02  -2.1349937e-01  -4.7411346e-02   4.3400561e-02  -1.2159354e-01  -2.7367788e-01   6.1512044e-02  -5.0498703e-02  -1.2408111e-01   7.7834691e-02   4.9094299e-02  -3.3906975e-01  -3.1448952e-01   7.1173259e-02  -2.2004305e-01  -7.4739602e-02  -2.4625604e-02  -1.4167970e-01  -1.7762451e-01   1.1208260e-01   7.2759043e-03   1.6552524e-02  -6.5207014e-02  -1.3696114e-01   1.7458233e-01  -3.8101221e-02   4.9305805e-02  -1.4769799e-01   5.4202791e-02  -1.5152182e-01  -1.5927896e-01   2.2400302e-01   9.0694482e-02   2.4879938e-01   1.7880216e-01  -6.4681693e-02   8.4646045e-02  -9.7929971e-03  -1.0784775e-01  -1.7835227e-01  -1.9919494e-01   4.2980270e-02   4.0498819e-02   1.3566550e-01   7.4794902e-02   5.9937986e-02
  -1.2605876e-01  -1.5974773e-01   5.1676443e-02   1.2194883e-01  -1.5137846e-01   3.4986626e-01   1.1815628e-02   4.3822368e-02  -6.3158571e-02  -1.9793013e-01   2.3454021e-01   1.2193058e-01   2.1798945e-01   1.9928259e-01  -8.8987318e-02   1.2385673e-01   8.0874355e-02  -5.9340313e-02   1.3428706e-01   5.8988973e-02  -3.6462385e-01  -2.1376479e-02   1.4733602e-01   1.0809193e-01   1.5825783e-02  -6.7931178e-02   1.5547380e-01   5.6226008e-02  -1.5175908e-01  -1.5770283e-01  -7.3742343e-02  -2.1948718e-01   2.5850219e-02  -2.0410456e-02   1.3347628e-01  -1.3201085e-01   3.4312277e-02   1.4131546e-01   1.5910342e-01   1.0334969e-02   7.0244866e-02   1.3714782e-01   5.3416669e-02   1.4332743e-01  -8.4507769e-02  -8.8804476e-02  -2.7632136e-01  -1.0070896e-01   8.0542153e-02
  -1.4426696e-01   6.3272788e-02  -2.0312168e-02   1.9427230e-01   2.6032894e-01  -1.2123124e-01   1.6736237e-01   7.1721346e-03   1.5115410e-01   3.0869986e-02   1.8089516e-02   8.7608932e-02  -6.3092331e-02   1.3470906e-01   1.3759372e-01   1.2999915e-01   3.0264961e-02   1.5059539e-01  -1.7666236e-01  -5.5058624e-02  -2.5106875e-02  -1.9911861e-01   9.8014357e-02   7.3939169e-03  -1.2427136e-01   1.5495565e-01  -6.4629506e-02   1.6782283e-01   2.9802377e-01  -2.6925859e-01  -6.6858571e-02   3.3141089e-02   2.8037391e-01  -1.6266982e-01   2.2139651e-01  -1.5888912e-01  -8.2497485e-03   2.1067817e-01   1.8319430e-01  -1.3309466e-01   8.7191034e-02  -2.0144306e-01   4.9905177e-02  -5.4756166e-02  -4.4847021e-03   1.1675026e-01   6.8532366e-02   1.6830330e-01   1.2195878e-01
  -1.3559991e-01   6.4547385e-02   6.5154054e-03   4.9344284e-02  -5.2470456e-02  -1.8520936e-01  -6.1618574e-02  -9.9149334e-02   1.3976640e-01   2.1106041e-01   1.7980798e-01  -2.2879637e-01  -3.8118090e-02  -1.8407964e-01   4.4853465e-02   1.6611684e-01   6.3007772e-02  -1.9589292e-01   2.2541847e-01   5.3482094e-02   2.4503665e-02  -1.4225181e-01   2.3257763e-01  -6.5724705e-02   2.4239879e-02  -1.2104909e-01  -8.9689875e-02   8.4742456e-02   1.8823820e-01   1.4484461e-01   4.1675801e-02  -2.0770824e-01  -3.0167089e-02   2.9680016e-01   1.5706353e-01  -1.8061513e-01  -1.4155382e-02  -1.2241853e-01   2.0332893e-01   1.9759575e-01   3.7067237e-02   5.0968709e-02   1.8241346e-02   1.9782094e-01  -1.1075537e-01  -1.7675030e-01   2.6764440e-01  -5.0682501e-02   2.3326458e-02
  -1.5168899e-01   1.1387679e-01   1.5343164e-01   1.1434003e-01  -1.1584903e-01   1.6581508e-01  -3.6826687e-03   2.3533269e-01  -1.2749520e-01  -1.9735331e-01  -1.3710193e-01   6.8603221e-02  -1.4130686e-01  -8.6785030e-02   4.6777256e-02   1.8075188e-01   1.8789961e-01   2.6968606e-01  -1.5477637e-02  -3.4416181e-01   7.6091247e-02   7.4087005e-02   2.1246759e-01  -1.7260201e-01   7.2522400e-03   6.4428837e-02  -3.6216309e-02   1.1007015e-01  -1.1307550e-01  -3.1578054e-02   3.3491118e-01   2.7125230e-02  -2.8821296e-01  -2.5671951e-02   9.2349439e-02  -2.8997164e-02   1.3277194e-01  -5.3916186e-03   3.8863864e-02  -4.1587738e-02  -3.0681955e-03   1.1490219e-01  -8.9324355e-02   6.7841641e-02  -4.3254259e-03   3.4354040e-02   2.2672530e-01   9.6647498e-02  -1.7621087e-01
  -1.6657546e-01   5.3846299e-02  -1.5644085e-01  -4.6387318e-02   5.6121343e-03   1.9029945e-01   1.2740821e-01  -2.4061120e-02   1.3445975e-01   7.3448390e-02   8.0921967e-02  -5.9598430e-02  -5.1750484e-02  -1.8892411e-01   3.9558253e-02  -4.3893020e-02   1.7228779e-01   2.8492690e-02  -6.2415943e-02   1.6896006e-01  -8.4273708e-02   2.0587028e-01  -2.7612992e-01  -3.5308160e-01   4.1017687e-02  -6.8739831e-02   2.7636839e-01   9.1006186e-02  -4.7500799e-02   2.5843047e-01   5.5930359e-02  -4.1394197e-03   3.4784138e-01  -3.7253536e-02   1.3499667e-01   1.2516721e-01   3.5516289e-01   3.4323914e-02   1.5555289e-02  -1.2468191e-01  -2.1053393e-02   6.5610288e-02   7.6763756e-02   6.8950588e-02  -7.7683465e-02   4.2216739e-02   5.1463961e-02   1.0759575e-01  -2.8704051e-02
  -1.5966054e-01   4.3656805e-02   9.2499775e-02   4.1614366e-02  -1.7817802e-01   8.5317030e-02  -1.5275856e-01   2.6955646e-02  -1.9683293e-01   3.8492807e-01   1.2181026e-01   1.9201148e-01  -1.8324878e-01  -2.3582177e-02   7.7426758e-03  -5.8912619e-02   1.0393455e-01   5.9811151e-02  -2.6684147e-01   1.6617785e-02   1.2937835e-01   8.3118426e-02  -3.0823453e-02   4.7306440e-02  -8.6661716e-02   1.9135601e-01  -3.4316672e-01  -2.0988390e-01   1.2082680e-02   9.9901128e-02   2.5520672e-02  -2.7255441e-01   1.2168225e-01  -1.9431417e-02   3.4479636e-02   6.8348701e-03  -2.2119008e-02   6.4581439e-02   1.5220739e-02  -2.3130702e-01  -1.0006973e-01   6.5161532e-02  -7.8751506e-02   1.0219875e-02  -1.2721597e-01  -9.2110543e-02  -1.1662912e-01  -2.6331102e-01   1.2749736e-01
  -1.4068244e-01  -1.7381048e-01   1.0853749e-01  -8.2043859e-02   8.3956268e-02  -1.3161115e-01   1.1646216e-02  -2.1525518e-02   3.9827621e-01  -3.9602714e-02   5.1631530e-02   1.6294578e-01   7.9959344e-05   1.2384986e-01  -3.6751840e-01   5.8065597e-02   2.5703788e-01   1.3707222e-03  -5.5415501e-02   1.0615652e-02  -5.8963438e-02   1.0139322e-01  -1.5659522e-01   7.0381130e-03   1.5162884e-01   8.6211996e-02  -1.4790414e-02   1.4545634e-01  -6.5260021e-02  -1.3025795e-03   1.0050542e-01   1.1094390e-01  -5.6815799e-02   2.9216945e-02   1.2382404e-01  -5.8426920e-02  -1.7562422e-01  -1.1133221e-01  -2.5167989e-02   9.6136862e-02  -4.0751343e-01  -1.2670783e-03  -2.9995846e-01  -8.8396976e-02  -5.6403797e-02   2.6283933e-02   5.8194298e-02  -9.4221296e-02   1.4607555e-01
  -1.6004091e-01   3.0428011e-01   9.7276083e-02   6.1843301e-02  -1.9553334e-01  -5.7535116e-02  -5.7189823e-02  -1.6019756e-02  -3.8049436e-03  -8.8364197e-03  -1.2121507e-01  -1.6800494e-01   1.1599249e-01   6.4555074e-02  -3.0544241e-03   9.1690518e-02  -3.9617002e-02  -1.6724784e-01  -9.7483842e-02   1.2206967e-01   1.4216840e-02   1.5272608e-01   1.2672945e-01   1.3908641e-01   5.7005829e-02   4.8295531e-02   2.3204877e-02   1.8265233e-01  -3.4064017e-01   1.5007681e-02   2.3058524e-01   2.0280930e-01   2.8901162e-01   7.9665892e-02  -2.8108521e-01  -9.0785593e-02  -1.8528432e-01  -9.3397156e-02   1.1862950e-01  -1.9192773e-01   1.4373114e-01  -9.6474827e-03   5.5032257e-03  -4.4451669e-02   2.8590071e-02   2.0793932e-02   3.4928699e-02   1.0262435e-01   2.9090014e-01
  -1.3421079e-01   3.0583847e-02  -9.6475176e-02  -1.5686765e-01   2.7935394e-01  -6.4153093e-02   2.4657608e-01   1.5597835e-01  -2.9160660e-02   1.1736816e-02  -1.1058591e-01   1.2721716e-01   9.9240435e-02  -2.4766916e-01   1.2639551e-02  -6.3646130e-02   1.1008947e-01  -2.0576908e-01   1.3081238e-02  -8.1351296e-02  -7.7485535e-02   1.5341948e-01  -3.1847927e-03  -1.0113696e-01  -9.1884647e-02   3.3197979e-03  -3.0159030e-01   3.5849486e-01  -1.5732745e-01  -1.8329660e-01  -1.5190805e-01  -1.4716466e-01   4.7932176e-02   1.5624155e-01  -2.1043939e-01  -6.1757784e-02  -8.6958871e-02   1.0920383e-01  -1.8207532e-01   3.0378481e-02   1.4627801e-01   6.9367919e-02  -1.8345669e-02   2.6653185e-02  -1.3918664e-01   6.5620057e-03  -7.8230267e-02  -1.4198689e-01  -2.0417936e-01
  -1.5385797e-01   5.0291042e-02  -1.6215117e-01   2.9347636e-01   1.1883417e-01  -5.2525397e-02   6.9323498e-02  -1.1746764e-01   1.9304004e-02  -3.8348323e-02  -1.5533601e-01   1.2294872e-01  -3.2208459e-01   9.7462537e-02   1.1066548e-01   8.8719465e-03  -1.7492101e-01   1.2759226e-01   4.5547060e-02  -5.5894188e-02  -2.5890698e-01   5.1398344e-02   9.8306722e-02   8.7743724e-03   2.5176409e-01   2.9673580e-02   7.8622089e-02  -1.1102555e-01  -8.2446231e-02   2.6950345e-01  -1.6609453e-01  -1.8264539e-01  -1.7960231e-02   4.7766203e-02  -2.0396691e-01   1.9661409e-02  -1.0421151e-01   1.8682272e-01  -1.9781054e-01   1.9421665e-01   3.7952133e-05   1.6131789e-01  -9.2414833e-02   5.9664213e-02  -3.3706354e-02   1.5922211e-01   1.3796805e-01   6.9158366e-03   2.3173044e-01
  -1.3934469e-01   2.5423440e-01   4.2330842e-02  -1.8518425e-01  -1.4231961e-01   1.6094664e-01   1.7847529e-01  -1.3896479e-01   2.1314327e-01   6.2421298e-02   6.2770084e-02   5.7441497e-02  -7.6752314e-03  -1.4518217e-01   1.5674047e-01   2.7693632e-02  -9.3493889e-03   1.9917733e-01   1.7154151e-01  -6.8002576e-02   2.0796405e-01   1.2018198e-02  -1.5321137e-01   1.0489626e-01  -1.5638983e-02   1.2825127e-02  -3.0733662e-03  -7.4941971e-02  -1.5029132e-01  -7.6516746e-02  -2.3017378e-01   4.0985380e-02  -1.3841428e-01   9.7409956e-02   1.0408304e-01  -1.7999129e-01   8.0996903e-04   1.6828170e-01  -1.3795429e-01   6.8717810e-02   5.8077898e-02  -2.1278432e-02  -1.6376217e-01  -8.5936863e-02   1.8249489e-01  -3.5420797e-01  -1.4456631e-01   2.5889454e-01   1.7324037e-01
  -1.3468294e-01  -3.8445585e-01   9.1554105e-02   1.6870635e-01  -7.5997749e-02   1.0964801e-01   1.8362817e-01  -8.1263021e-02  -4.3227929e-02  -2.4584999e-01  -5.5763768e-02   6.8046929e-02  -1.8161577e-02  -2.1052162e-02   7.1835743e-02   1.6977318e-01  -8.1172734e-02  -1.4417343e-01  -6.5722014e-03   7.0221893e-02   1.7853491e-01  -6.5387370e-02  -1.5168767e-02  -2.5456714e-01  -2.8952297e-01  -2.1767746e-01  -1.9653955e-01  -1.3575812e-01  -9.6887767e-02   1.9732135e-01  -3.5962677e-02   1.6063471e-01   9.6694553e-02  -6.0817267e-02  -5.5906781e-03   9.5306377e-02  -1.0207774e-01   2.3117450e-02   6.2545704e-02   1.0665319e-01   1.5601338e-01  -1.2300471e-01  -1.6647322e-01  -2.4961970e-01  -1.3067951e-01  -1.3391298e-01   1.0194062e-01  -6.7465793e-02   9.5976515e-02
  -1.3588236e-01   2.6232001e-01   2.5850145e-01   2.0118690e-02   2.3186674e-01  -4.7013451e-02  -9.1498170e-03   6.1945511e-02  -6.6327809e-02   3.9911584e-02   1.3661480e-01  -9.2246227e-02  -5.0734783e-02   2.1492335e-02  -1.7809493e-01   2.0315175e-01  -5.3874519e-02   1.2963071e-01   6.1941015e-03   4.5988784e-03   5.5587600e-02   3.9642061e-03   8.4054058e-02  -1.2857935e-01   3.1741291e-01  -1.5305117e-01   8.7199484e-02  -1.1966845e-02   6.8367206e-02  -8.3325410e-02  -2.2246159e-01   1.0811560e-01   1.0227564e-01  -2.7626576e-01  -1.8995525e-01   2.2229863e-01   6.7433374e-02  -4.3137262e-02   9.1291605e-02   5.3129822e-02   8.4575437e-02  -1.3492689e-02  -1.2044045e-01  -3.0930155e-02   7.3690928e-02  -2.9655278e-01  -5.7564786e-02  -3.1573910e-01  -1.2728602e-01
  -1.4845676e-01  -3.9612880e-02  -2.9297851e-02  -8.4482725e-02  -1.4460949e-01  -5.0870764e-02   1.1358755e-01   3.7107036e-01   9.5938529e-02  -4.8182253e-02   3.3212384e-01   1.3479802e-01   3.4394945e-02  -2.5430115e-01   9.1700988e-02  -1.8872348e-01  -9.2394695e-02  -1.3831976e-01   2.7135881e-02  -3.2383662e-01  -1.0528040e-01  -2.0533203e-01  -4.7871428e-03   1.8345150e-01   5.2829369e-02  -3.9073849e-03   1.7634641e-01  -1.4639456e-01   1.0993516e-01  -4.7217371e-03   2.2763327e-01   6.5530994e-02   1.4096130e-01   7.6784588e-02  -1.9628579e-01   1.2333590e-01   7.6030406e-02   1.0837417e-01  -2.4938902e-02   5.2262154e-02  -6.3167748e-03  -1.8194883e-01  -7.9453051e-02  -8.4546557e-02   6.9630870e-02   3.8980849e-02   9.5975327e-02  -1.4896943e-01   1.2611636e-01
  -1.3341514e-01  -5.4387534e-02   2.9858877e-01   2.3481878e-01   1.3938127e-01  -6.2933927e-02  -1.1103104e-01   6.7248798e-03  -1.4612750e-01   7.5763354e-02  -1.5137688e-01   1.2807637e-01   7.9597558e-02  -5.2576919e-02  -8.3699341e-02  -8.0074508e-02  -1.0141498e-01   1.7743833e-01  -9.5115316e-03   1.1724956e-02  -1.0025339e-01  -2.1596547e-02  -1.9453250e-01   1.1922413e-01   1.8889051e-02  -4.6413576e-02   8.7941467e-02   1.8059685e-01   1.8044718e-01   2.0065439e-01   5.8878048e-02   6.5056663e-03  -5.9607980e-02   4.7865304e-01   2.8596075e-03   1.7433459e-02   1.7633905e-01  -7.8425176e-02   1.1220760e-01   7.3938625e-03   1.6093812e-01  -1.2134715e-01  -1.0683161e-01  -1.9632626e-01  -5.0014847e-02  -9.6574766e-03  -3.0188968e-01   1.2331251e-01  -6.4081633e-02
  -1.4078322e-01   1.7247764e-01   2.8569688e-02   4.9765245e-03  -1.2474542e-01  -1.7428032e-01  -1.3272812e-02  -3.2211245e-02   1.1659460e-01  -6.8258858e-02  -6.1273702e-02   5.0852061e-01   1.2556880e-01   1.0544413e-01   2.6404040e-02   1.2225201e-01  -1.6201330e-01  -1.5524569e-01   6.4618666e-02  -8.9938284e-02   2.2498669e-01   6.0621407e-03   2.5555998e-02   1.3899915e-01   1.2999987e-01  -4.9444884e-02  -7.6830655e-02   7.6801584e-03  -1.3909109e-01   6.4263882e-02  -8.4083169e-02  -7.8171929e-02   1.2937905e-01  -3.6663407e-02   2.9013674e-01   2.6133308e-01   1.1708022e-01  -2.1975776e-01  -6.5189130e-02   9.9589099e-02   6.3262956e-03   1.2441118e-02   3.3286569e-01   1.0089113e-02  -3.8234043e-02   8.9602197e-02   1.0618625e-02   3.5470427e-02  -1.2418010e-01
  -1.3205942e-01   4.5416437e-03   6.1962822e-02   4.8718257e-02   6.4635579e-03   1.5180694e-01  -7.5555472e-02   5.2505396e-02   2.5756548e-01   2.7640347e-01  -1.5709309e-01   2.0987235e-02  -6.8134078e-02   6.2428755e-02  -7.3289965e-02   1.3213059e-01  -2.7530720e-01  -1.9845260e-01   9.2976285e-02   5.3780134e-02  -2.0467081e-01   1.1678670e-01  -3.3317932e-02   3.6051916e-02  -2.8752230e-01   6.5165519e-02   2.0134937e-02  -9.2572229e-02   2.7906517e-02  -1.6149062e-01   1.0728536e-01  -1.7326626e-01  -7.9159053e-02  -2.7459590e-01  -1.7304672e-01  -1.5990474e-01   3.1721571e-01  -2.6465962e-01  -1.2603853e-01   8.6248282e-02   6.4448476e-02  -1.0704184e-01  -1.5857224e-01  -7.3948402e-02   4.1163140e-02   1.7422728e-02   6.4800518e-02   6.6120537e-02  -9.2956324e-02
  -1.5548127e-01  -5.3388928e-02  -2.6060449e-01  -2.0139015e-01  -2.9597782e-02  -7.7340815e-03  -5.8988531e-02   7.8004085e-02  -3.9648637e-02   6.7283071e-02   1.6080110e-01   5.6822069e-02   4.3618260e-04   6.5558002e-02  -2.1342819e-01   2.0160081e-02  -6.7595571e-02   2.9070053e-01   3.4570075e-01   3.9360521e-02   3.2271102e-02  -3.1242398e-01   3.4812849e-03  -2.2792714e-01   6.7751726e-02   1.0310848e-01  -1.8540425e-01   2.4546741e-02  -9.3736087e-02   1.6373256e-01   3.9889087e-02  -2.4980664e-02   7.8766263e-02  -7.4406251e-02  -1.2607904e-01  -1.9171068e-01  -7.1909123e-02  -1.6486867e-01   1.1095376e-01  -7.3787363e-02   1.4722601e-01   1.2372900e-01   4.7745723e-02  -2.6072249e-01   1.4148693e-01   2.4303293e-01  -1.1102108e-01   5.0550907e-02  -6.4056572e-02
  -1.2973459e-01  -1.1730258e-01  -2.9122410e-01  -6.4135073e-02   1.8297414e-01   2.5001818e-02  -6.2817326e-02   1.3453992e-01  -1.3798551e-01  -1.0686354e-01   6.4431833e-02   9.8750434e-03   2.0097428e-02   6.9875485e-02   1.6329847e-01  -5.3550900e-02  -8.7584818e-02   1.4385610e-01  -9.0712499e-02   8.7314831e-02   1.2053184e-02   2.6571920e-01   1.1438127e-01   2.0127857e-01   3.8041032e-02  -4.2824151e-01  -2.1620656e-01   3.0758410e-02  -4.5388850e-02  -4.1474596e-02  -5.3234235e-02  -9.4957008e-02   4.8990558e-02   8.5663132e-02   1.7724909e-02  -5.3631859e-02   1.6372336e-01  -1.8670592e-01   1.6806058e-01  -7.4987069e-02  -2.6679332e-01  -1.0486928e-01  -1.2407058e-01  -1.0027764e-02   3.2413631e-01  -6.3514391e-02   1.2003686e-01   6.7018342e-02   6.2824012e-02
  -1.5827720e-01   1.9820155e-01  -2.0793026e-01   2.7392765e-02   7.2644725e-02   1.3290626e-01  -1.0232663e-01  -7.0692736e-02   1.1824739e-01  -3.3028410e-02   1.4978346e-01   7.9042996e-02   1.2574557e-01   1.0454467e-01  -1.3377095e-01   1.6036071e-01   1.2849344e-01  -6.0586555e-03  -3.0689184e-01   7.0498767e-02   9.4277662e-02  -2.5755858e-01   1.2365680e-02  -3.1783475e-02  -8.8616979e-02  -2.8154061e-01   1.4080384e-01  -7.2150918e-02   3.9988994e-02   6.5832761e-02   6.4812130e-02  -2.0206554e-01  -2.2670105e-01   9.3271929e-02  -2.4505862e-01   8.6143090e-02  -2.0893369e-01   3.0441324e-02  -2.0916021e-01  -1.8856504e-01  -3.7485606e-03  -2.2122749e-01   1.9897983e-02   3.4259509e-02  -1.3729042e-01  -1.1803196e-02   1.3205270e-02   1.8512665e-01  -1.6896304e-01
  -1.4735468e-01  -4.1293524e-03   4.1755511e-02  -7.9202030e-02  -9.2598042e-02  -6.0885146e-02   2.7274021e-01  -5.9416331e-02  -2.7864293e-01  -1.0336539e-02  -5.7383148e-02  -6.4924063e-02  -2.5363852e-02   1.1015308e-01  -3.8096805e-01   1.7032467e-01  -7.0515940e-02   9.0196107e-02   1.0936026e-01  -2.0543401e-01  -1.7333244e-02   6.9704473e-02  -3.0138551e-01  -8.4969347e-04  -1.8795552e-01  -1.6121620e-01   4.1277551e-03  -9.6700048e-02   2.2777169e-01  -1.6555001e-01  -1.5923049e-02   9.6323518e-03   7.3729113e-02   1.5522415e-01  -1.5159577e-02   9.3988767e-03  -3.3999935e-02  -1.0721949e-01  -1.6774759e-01  -1.2554148e-01   3.1748266e-02   8.2393988e-02   1.5665501e-01   2.8471916e-01   9.0170258e-02   5.2531732e-02   1.5988133e-01  -2.9218401e-02   2.3912645e-01
  -1.5293428e-01   5.4404649e-02  -8.4422283e-02  -7.4048518e-02  -1.4830268e-01  -3.1341570e-02   5.0356338e-04  -3.2302492e-01   3.3362464e-02  -7.7597396e-02  -1.4806850e-01   1.4390500e-01   8.6525791e-02   1.4711976e-02   1.4833672e-01  -1.8733665e-01  -8.2401843e-02  -2.8146707e-02  -2.3505914e-01  -5.3788082e-02  -2.6202642e-01  -5.4462482e-02   2.4031500e-02  -3.4088928e-01   2.3904958e-01  -9.5385733e-02  -1.5566709e-01  -2.1365947e-01   2.0875446e-01  -2.3836476e-01   2.4933467e-01   1.7401884e-01   4.7009542e-02   6.1462583e-02  -2.4569386e-02  -1.6925495e-01  -2.4261445e-02  -1.1610360e-01   9.7848689e-03   8.9608761e-02  -7.6018192e-03   1.0601205e-01   1.5960795e-02   4.2163165e-02   4.0385867e-02  -1.5845441e-01  -1.6567137e-01  -3.3738411e-02  -9.9786071e-02
  -1.3352438e-01  -1.4660898e-02  -1.7572230e-01   2.8297191e-01   8.2273037e-02  -8.1840466e-02   9.5012964e-02   2.8010416e-02  -1.6764922e-01   4.2584203e-02   3.2176555e-01  -2.4749698e-01   2.8893388e-01  -7.2672802e-02   1.2908658e-01   1.0335360e-01  -1.6847333e-01   8.2666164e-02  -8.2571640e-02  -8.4027269e-02   6.0824964e-02   1.0403782e-01  -2.2089826e-01   8.2019709e-02   7.6357503e-02   1.2414403e-01  -1.0964220e-01   6.3270298e-02   1.8786898e-03  -2.2279307e-02   1.2357349e-01   7.4631993e-02  -1.5249221e-01  -2.2068976e-01   1.1199523e-04  -2.0943180e-02  -2.3791087e-03  -1.5056462e-01  -1.2722027e-01   2.0020478e-01  -1.4105582e-01   1.5533695e-01   9.5530927e-02  -9.0528974e-02  -3.2717598e-01  -5.5926715e-02  -1.0832866e-01   1.3581014e-01   7.8240574e-02
  -1.4881451e-01  -1.7205001e-01   1.1399630e-02  -3.1136695e-02   2.1788785e-01  -4.1248213e-02  -4.9612548e-02  -2.5671166e-01  -2.6188197e-02  -1.6039954e-01   1.2928774e-01  -1.7716341e-01  -1.2324389e-01   9.8188765e-04  -8.3390816e-02  -3.2193078e-02   6.9611100e-02  -2.7568945e-02  -9.6825596e-02  -2.3304873e-01  -1.0374332e-01  -3.5856247e-02  -4.0189671e-02   7.9912637e-02   9.3145165e-02   3.1917030e-01  -6.7093450e-02  -2.1678129e-01  -3.7561565e-01   4.5698679e-02  -1.0115012e-01   2.7510421e-02  -5.5912451e-03   1.0484274e-01   1.4256075e-02  -1.1831322e-01   1.8691824e-01  -1.3841525e-01   1.3809536e-02  -9.9760333e-02   1.2085047e-01  -3.7123453e-01   1.8898871e-01   1.1286110e-01  -6.2124186e-03  -1.1498428e-01   8.3527732e-02  -2.2905153e-02  -1.2357472e-01
  -1.2797766e-01  -1.8567506e-01  -4.6113451e-02  -6.7842879e-02  -1.5509296e-01  -3.1920258e-02   8.0469110e-02   1.3391988e-01  -2.4741641e-02  -4.8091623e-02   4.2959915e-02  -7.6003200e-02   5.1743460e-02   9.6523143e-02   8.7707840e-02  -6.7353466e-02  -8.5801693e-02   1.7415522e-01  -1.8805853e-01   2.8020919e-01   8.2924534e-02  -4.0419899e-03   1.8981676e-01  -4.7744517e-02   5.3771277e-02   2.4154997e-01   1.2938208e-01   2.2106028e-01   8.9475856e-02   3.8341807e-02   1.8085461e-02  -5.7292156e-02  -1.8860429e-03   3.1609632e-02   2.0191178e-01   6.0503379e-02  -6.9616485e-02  -2.3429905e-01  -4.4007401e-01   6.2076717e-02   2.8954385e-01  -1.3578356e-01  -1.5351546e-01   1.8278629e-01   1.7064874e-01  -6.9717139e-02  -4.3233967e-03  -1.5711327e-01   2.8770987e-02
  -1.2296420e-01   3.3532211e-02  -1.9460785e-01  -6.3549177e-02   1.1238539e-01  -3.0460760e-01   3.6873083e-02   8.8268216e-02   3.4473605e-02  -1.4058668e-01  -1.5876420e-01  -1.5034174e-01  -2.2023203e-03   1.0788671e-01  -1.2628014e-01   1.4477483e-01  -9.2267679e-02  -1.4804375e-01  -1.4326883e-01  -6.5090602e-02   2.4267453e-01  -3.0763254e-02  -4.3899797e-03   6.4845357e-02  -1.6090373e-01   2.0470511e-02   1.1644804e-01  -1.4257626e-01  -5.6756136e-02   2.1126922e-01   2.1587842e-01  -6.0158582e-02   2.8416745e-02  -3.6529436e-02   9.5939971e-02  -1.6628110e-01   1.6691932e-01   2.9306049e-01   7.7223785e-02   1.0144825e-01  -6.4815490e-03   1.7432616e-01  -1.4235368e-01   1.5984716e-01   1.6044544e-01  -3.3768890e-02  -3.6985254e-01  -1.1828591e-01  -9.7592694e-02
  -1.5690581e-01   1.0261772e-01   2.5030267e-01  -6.8013840e-02   9.0559400e-03  -1.6670701e-01   3.0404019e-01  -1.1416328e-01  -7.4050642e-02   1.3393525e-03   1.7977323e-01  -2.9078174e-03  -2.6245005e-02   5.0685213e-02   1.6582976e-01  -1.4064119e-01  -9.2222382e-02   6.4261943e-02   6.8459935e-02   3.7945959e-01   3.1273041e-02  -6.4573952e-02  -1.2126150e-01   1.5346929e-02  -1.5658990e-02  -3.6580154e-02  -1.2660978e-02  -1.5962740e-01  -2.1375091e-01  -1.9395329e-01   1.0809886e-01  -5.2964200e-02  -1.9705039e-01   1.7790217e-02   1.5883657e-03   1.0587257e-01   1.4632701e-02   4.8677387e-02   2.1355421e-01   2.6941880e-03  -8.3665971e-03  -3.8602707e-02  -2.1634682e-01   2.0515933e-01  -8.0051344e-02   3.8650862e-01   4.8491308e-02  -1.3973951e-02  -1.4866775e-01
  -1.2898735e-01  -1.3917215e-01   1.7577061e-01   2.9497577e-01  -2.5225906e-01  -2.5235021e-01   1.3996806e-01   8.2199353e-02   1.6854966e-01   3.9198006e-02  -1.1666085e-01  -2.1606148e-01   5.7934121e-02  -2.5470959e-01  -3.0900626e-02  -4.8701971e-02  -7.0342135e-02   9.3655801e-02   6.0770692e-02  -1.3282750e-02  -1.4736228e-01   2.9079534e-02   5.6095932e-02  -3.4886402e-02   3.3752636e-02  -1.5806319e-01  -2.8606403e-03  -5.4310334e-02  -8.0322875e-02   4.7174344e-02  -1.0619320e-01  -1.4838754e-01   7.4096954e-03  -1.3790311e-01   8.1921555e-02  -6.8955167e-02  -2.1132742e-01   5.8932526e-02  -1.2504299e-01  -3.2044324e-01  -2.3590812e-01  -8.4269686e-02   1.7689830e-01  -7.6810287e-02   1.9785095e-01  -3.6465055e-03  -1.2389529e-01   5.8898079e-03  -2.5214768e-01
  -1.5175287e-01  -1.1834174e-01  -9.9401401e-02  -5.5084316e-02   6.5839965e-02   1.8103720e-01   3.3699896e-01  -1.9279413e-01   5.2620861e-02  -1.8466658e-03  -1.3040153e-01   7.6456534e-03  -6.7788447e-04  -4.6874627e-02  -1.0680687e-01  -1.2126364e-01  -1.5480561e-02  -2.5262887e-02   1.7679467e-01   6.1827859e-02   2.3475465e-01   7.9298005e-02   4.0024714e-01   2.8134419e-01   1.2800555e-01   7.7590864e-02   8.7933377e-02  -6.8658552e-02   2.5227885e-01   5.9811762e-02   2.4546676e-02   1.5503198e-01  -5.5951482e-02  -5.3668491e-03  -9.5895339e-02  -2.9969924e-02   1.3731627e-01  -6.4005325e-02  -5.8511261e-03  -3.1874597e-01  -8.1526864e-02   9.9025749e-02  -6.7604969e-03  -6.0287861e-02  -2.8915133e-01  -8.1590425e-03  -5.3090234e-02  -4.8158736e-02  -6.2086039e-02
  -1.3134228e-01  -6.2631113e-02   8.2051136e-02  -1.4306707e-01   5.9868257e-02  -4.9221404e-02  -2.6496612e-02  -1.5705447e-01  -2.7205882e-01   8.5817947e-02  -9.4750772e-03   9.8270841e-02   3.0120066e-01  -2.7886664e-01   1.2743408e-02   2.4344591e-01   2.2930769e-01  -9.2037073e-03  -1.7317802e-01   5.5390837e-02  -5.2875293e-02   1.3461740e-01   1.4964170e-01   8.7091748e-02  -5.7088920e-02   1.3418141e-01   2.7056629e-01  -2.6108168e-01   6.5370344e-02   6.1648405e-03  -1.3951888e-01  -3.6794395e-02   7.8265477e-02  -1.1157436e-02   1.3868237e-02  -1.1445441e-01  -9.2609811e-02  -1.0342781e-02  -7.0045493e-03   1.9796035e-01   2.4172385e-03   1.2946819e-01  -3.4184362e-02  -2.4974132e-01   2.0918582e-01   2.1071088e-01   1.6705934e-01   6.3150596e-02  -9.4851020e-02
  -1.5967414e-01  -2.2605874e-02   7.3608006e-02  -9.5458163e-02  -9.8209468e-02   2.1736944e-01   6.5976988e-02  -1.0477076e-02  -2.4346539e-02   2.7421603e-02  -2.0855217e-01  -3.0194388e-01   1.2332296e-01   3.3980304e-01   1.6257168e-01   1.6190362e-02   3.6863849e-02  -1.1225891e-02   9.0085646e-02  -8.9776389e-02   2.1389050e-01  -8.8221522e-03  -5.9741832e-02  -1.2915895e-01   1.4544159e-01   1.3210561e-01   2.1098873e-02   5.2913504e-02   6.7863886e-02  -1.0426050e-01   3.3607692e-02  -3.0168924e-01   1.0343969e-01   1.7816736e-01  -1.2330010e-01   8.7641036e-02   3.4053904e-02   1.4250290e-01   2.1285134e-02   2.3043477e-01  -2.8341508e-01  -2.2087720e-01   1.5447340e-01  -2.2810405e-01   2.5397177e-02   8.6073485e-02   9.1848621e-03  -1.2870596e-01  -3.8280609e-02
  -1.3043993e-01  -2.7530605e-02   1.0563583e-01   1.3642588e-02   6.3028734e-02   4.3925269e-04  -1.5611481e-01   9.6958754e-02   5.7930585e-03  -2.0141432e-01  -2.0288199e-01   1.2071255e-01   2.2322648e-01  -3.0454455e-01  -9.2636374e-02  -1.9385826e-01  -2.1672738e-02  -3.7177121e-03  -1.5657252e-02   1.1534434e-01   2.1094156e-01  -8.2259081e-02  -6.5186501e-03  -2.1307662e-01   4.2351345e-02   1.0667038e-01   2.4710221e-02   2.0031147e-03   7.7744515e-02   2.4072863e-02  -1.6048710e-01  -1.4775279e-01  -1.7630070e-01  -2.1036577e-01  -1.8961009e-01  -1.2014928e-01   9.1243186e-02  -4.8534217e-02   1.6788459e-01   3.9370108e-02  -1.0202590e-01  -1.3951778e-01   1.2756066e-01   2.9324063e-01   5.1593097e-04   3.9304340e-02  -3.5586231e-02   5.1461154e-02   4.0692714e-01
  -1.3791049e-01  -1.2199421e-01  -1.8689264e-01  -1.1426180e-01  -1.0014281e-01  -1.2070400e-01  -2.5264815e-01   1.1287937e-01   1.1621024e-01  -1.5946005e-01  -1.4459751e-01  -1.7792630e-01  -1.9180167e-01  -1.9226920e-01  -1.4834716e-01   5.6415673e-02  -2.8104964e-02   5.1889077e-02  -3.5694216e-02   1.2402555e-01   3.1995068e-02   1.3128771e-01  -8.6209278e-02   8.9136570e-02   1.8831112e-01  -4.1960149e-02   1.0134392e-02  -1.5789895e-01   2.4401453e-02  -3.9048292e-01   1.1653008e-02  -1.8727811e-01  -5.8739427e-02   4.8656156e-02   1.5135190e-01   2.1273667e-01  -2.5054601e-02   1.0343293e-01   8.8083778e-02  -3.0877809e-02   3.0273647e-01   6.6748043e-02   1.2679671e-02  -2.4521732e-01  -2.4083298e-01   1.4354810e-02   2.0559123e-02   6.8748286e-02   9.1718130e-02
  -1.2604109e-01   1.4701923e-01  -2.2306513e-01   3.4372516e-02  -3.1487387e-02   2.7217012e-01  -1.3200396e-03   2.2036858e-01   2.3190415e-02   1.5148461e-01  -2.6108872e-01  -1.2393239e-01  -5.5600496e-02  -1.6580106e-01  -2.2142271e-02   8.2614732e-02  -4.9819635e-02   1.0091557e-01  -7.5919099e-02  -1.1026478e-02  -1.0225767e-01  -1.8785385e-01   3.3639913e-02   7.4639406e-02  -1.3133169e-01   8.5836870e-03   2.5695884e-02  -1.2452413e-01  -1.1610829e-01  -3.8939454e-02  -2.3062222e-01   3.2244806e-01   5.6265909e-02   1.3352131e-01   1.7923710e-01   8.4115763e-02  -1.7332872e-01  -2.0699451e-01   1.3614117e-01   1.9826938e-01  -1.7152709e-01  -1.1858749e-01  -3.5630196e-02   1.7880846e-01  -1.4130496e-01   1.6448608e-01  -1.6476606e-01  -1.4536349e-01  -5.8449305e-02
  -1.6410303e-01   1.0250599e-01  -1.4492416e-01  -1.2201590e-01  -1.6811141e-02   9.6226279e-02  -1.1863125e-01  -7.3682514e-02  -1.4352186e-01  -8.9556838e-02   6.5363903e-02   1.2165513e-01  -8.0683886e-02  -6.0309279e-02   6.9439814e-02   1.6765657e-01  -3.5296607e-01  -2.1374001e-01   1.0051694e-01   5.6748677e-02  -1.0068116e-01   2.2867756e-01  -1.8024403e-01  -6.5768922e-02   2.1804399e-02   2.0527770e-01   9.5259382e-02   1.9480123e-01   1.7840514e-01   1.2543957e-01   4.6615662e-03   1.1237986e-01  -2.7761149e-01  -2.9117748e-02   1.3679729e-01  -3.9548751e-02  -2.5039385e-01   1.8350284e-01   1.6858387e-01  -2.0719425e-01  -7.5698150e-02  -1.9349536e-01   4.0022765e-02  -4.4672138e-02   9.5401612e-02  -2.7489946e-02   8.2082368e-02  -1.8619936e-01  -1.0110921e-01
  -1.4200761e-01  -6.2485995e-02  -4.1764235e-02  -8.3830006e-02  -1.8329538e-02  -1.6403352e-01   1.7426869e-02   2.6467503e-02   3.5772017e-02   1.1957663e-01  -8.4224157e-03  -5.5341349e-02  -4.1815263e-02   9.9412717e-02   2.4541874e-01   2.2561094e-01   4.1449791e-01  -1.3921702e-01   1.5308961e-01  -2.7330188e-02  -1.8550716e-01   1.1121782e-01   8.4771034e-02  -4.5529461e-02  -4.9151205e-03  -1.0795022e-02  -1.5160628e-01  -6.0808502e-02   1.2905573e-01   9.3271705e-02  -1.4311945e-02   1.5895034e-01  -2.8584126e-01  -6.8559571e-02  -7.7635352e-02   3.1585539e-01   8.6956572e-02  -5.0763181e-02  -1.8261669e-02  -6.7355101e-02   9.3373770e-02  -1.2731591e-01   8.4823694e-02   3.7687760e-02   1.3974696e-01   1.2517586e-01  -3.4216790e-01   6.4837290e-02   2.2614953e-01
  -1.4838042e-01  -1.6240663e-01  -1.9687310e-02   5.2911270e-02   1.7318624e-01  -8.4319124e-02  -1.3029081e-01   1.1481594e-01  -3.1758233e-01   1.6889145e-01  -1.5852759e-01   1.3468721e-01  -1.5498680e-01  -6.7798420e-03   1.3101924e-01   8.0045713e-02   9.3853238e-02  -1.7879736e-01   2.1501188e-01   2.4467216e-01   4.4460741e-02  -3.5547455e-01  -7.8638396e-02  -1.1123181e-02   1.1318013e-01  -1.7326057e-02   1.8223692e-01   6.6657753e-03  -1.7914426e-01  -2.1750789e-01   1.4275299e-01   1.4410922e-01   4.1255428e-02   7.0951311e-03   5.1404330e-02  -6.3366695e-02   4.8940817e-02   6.9731835e-02  -2.4840039e-01  -1.0613021e-01  -2.2114433e-01   4.7364401e-02   6.0063212e-02  -2.3440948e-03   1.1709740e-03  -2.4336811e-01   5.7659092e-02   7.2345088e-02   3.5348637e-02
  -1.3952535e-01  -8.0607548e-02   2.3735992e-01  -1.8755162e-01   1.5828736e-01   1.9121744e-01  -1.9486988e-02   2.3752782e-01   1.3612818e-01   2.8082761e-02  -1.6828936e-02  -1.0610643e-01   1.5744020e-01   6.8587528e-02  -1.1371796e-01   1.1612840e-02  -1.7970111e-01  -1.5051873e-02  -1.1019337e-01   1.9724088e-01  -1.6959129e-01  -6.6605294e-02   4.5364695e-02   8.4308642e-02   6.5068455e-02   1.2404626e-01  -3.4797064e-01  -1.3859330e-01   7.7376431e-02   1.8271424e-01   3.8159767e-02   1.4987306e-01  -7.2264322e-03   6.3890631e-02   2.1215012e-02   1.8273115e-01  -1.7561845e-02   2.7339374e-01  -4.6566600e-02   3.6939845e-02  -1.3220682e-02   2.1376164e-01   1.8300164e-01   1.1666221e-01   9.7340616e-02  -1.0480745e-01   1.7698476e-01   2.7357607e-01  -7.3443316e-02
  -1.3806561e-01  -2.6979630e-01  -1.4275220e-01   2.1998594e-01  -1.0558187e-01   1.0385220e-01  -9.3085958e-03  -7.3564125e-02   1.1561163e-01   2.0701195e-01  -1.0628539e-01   1.4441999e-03   1.1507208e-01   7.1813827e-02   9.1828687e-02  -7.4694357e-02   1.0978600e-01  -1.2761507e-01  -9.7877445e-02  -1.7263019e-01   1.6902721e-01  -1.3683965e-01  -2.9484099e-01   1.4852035e-01   1.5866937e-01   5.1501406e-02   4.5422311e-02   1.3556354e-01   2.1683500e-03  -5.4181060e-02  -1.4812998e-01   2.7115150e-02  -8.6318313e-02  -7.0678097e-02  -1.3545382e-01   1.2073592e-01  -6.7250195e-02  -4.0940959e-02   2.6328310e-01  -9.1986567e-02   2.0841931e-01   2.6550928e-01  -1.4647939e-01   1.7600074e-01   2.5372667e-01  -1.6310617e-02   1.6445312e-01  -3.0455640e-03  -1.6343454e-01
  -1.4351349e-01  -1.9654254e-01   8.5851138e-02  -1.3587996e-01  -2.6382641e-01  -7.2160665e-02   6.1958845e-03  -4.5669164e-02  -6.1696027e-02   3.9889765e-03   1.9735200e-01   3.6330404e-02  -4.7024508e-01  -1.2525515e-02  -7.9807212e-02  -5.0463210e-03  -7.3084929e-02  -3.0180360e-02  -2.4978122e-01   3.3272913e-02   7.1855268e-02   2.0931437e-02   1.1835914e-01   2.4487551e-02  -1.1986902e-01  -7.6095167e-03   1.0641252e-01   2.8093400e-01   3.2379206e-02  -7.2709282e-02  -1.6653362e-01   1.0236512e-01  -8.7713472e-03  -2.5810391e-03  -2.6397763e-01  -1.8562822e-02   3.5409939e-02   9.7515513e-03   9.9010094e-02   2.5091374e-01  -1.6113956e-01   7.5288525e-02   2.1931557e-01   2.6611191e-02  -3.1675579e-03  -5.3467845e-03  -1.5097074e-01   2.5408366e-01  -1.2247217e-01
  -1.4117325e-01  -1.6409314e-02   1.9726806e-01  -3.0971245e-01   1.5752963e-01   4.1888128e-02   1.0402484e-01   1.5538071e-01  -5.7589301e-02   1.4409463e-01  -1.2147844e-01  -6.5331998e-02  -1.1298653e-01   1.6567423e-01   1.3419376e-01  -2.4365562e-01   4.7557697e-02  -5.8000650e-02  -1.2963018e-01  -1.6403103e-01  -4.5223565e-02  -7.8968257e-03  -7.8972865e-02   9.0955004e-02   6.7577304e-02  -2.9649666e-01   1.7591552e-01   5.6823477e-03  -3.5173804e-02   2.1123839e-01   3.9022170e-02  -8.0659427e-02  -1.2952946e-01  -2.6372963e-01   1.9313601e-01  -2.4153100e-01  -2.4378627e-01  -1.4071363e-01   7.1565387e-02   3.9543748e-02   1.9442153e-01   2.0830285e-02   1.6737918e-01  -1.0001292e-01  -1.6543887e-01  -1.3992215e-02   1.7943880e-02  -1.0793255e-02   8.5411507e-02
  -1.5625916e-01  -4.4800541e-02  -8.2938018e-02  -1.0669530e-02   6.0384474e-03  -2.6277140e-01  -1.5186089e-01   1.3766573e-01   7.3436435e-03   1.7145292e-01   4.4580306e-02   5.9284522e-02   2.0608876e-01   2.9817851e-01   7.3889580e-03  -2.7188839e-01  -7.0218088e-02   9.6824682e-02   1.4521589e-01  -1.5106895e-01   2.6787468e-03   2.4202002e-01   1.9073062e-01  -2.8204611e-01  -2.7292734e-01   1.0350604e-01   2.3614038e-01  -1.4617850e-01  -8.0972444e-02  -6.4637471e-02  -1.7265452e-01   1.0258866e-01  -1.1389858e-02   1.1004991e-01  -1.4663033e-02   1.2676806e-01  -8.9111242e-02   5.6768792e-02   1.0868048e-01  -6.6442398e-02  -2.5887819e-02   3.4054715e-02  -7.3879958e-02   3.9632347e-02  -1.8236595e-01  -1.9833890e-01   9.4827294e-02   1.4325825e-01  -4.6481901e-02
  -1.5102271e-01   2.1949639e-02   7.0198674e-02   1.7824447e-01   3.2474076e-01   2.4830880e-01  -1.2835252e-01  -2.0661796e-01   6.1241226e-03   1.1981149e-02   1.5706640e-01  -7.7701948e-02  -1.4226444e-01  -1.3456940e-01  -1.1924934e-01  -2.7420371e-01  -3.1678895e-02  -1.5304548e-01   1.4517642e-01  -1.2247303e-01   1.6083985e-01   9.2123047e-02   1.4411735e-01  -6.6314826e-02  -1.2814390e-01  -1.6832889e-02   2.5204654e-02   8.2030791e-03  -1.5065615e-02  -1.2853408e-01   2.3676395e-01  -6.8019317e-02   8.8177833e-02  -2.2108348e-02   1.7264024e-01   2.4683477e-01  -2.7435300e-01  -5.3674953e-02  -7.4711706e-02   1.0127651e-01   1.6600789e-02   6.6323436e-02   2.3238004e-02   2.0102823e-02   2.8256835e-01   1.1089474e-01  -1.8824156e-01   1.0131055e-01   6.1464461e-02
  -1.5187391e-01   2.5395850e-01   3.3355295e-02   2.4731778e-02   4.6417096e-02  -5.8118847e-02   6.2760173e-03   2.1136690e-02   5.9771248e-02  -4.1318996e-01  -1.8410815e-02  -9.3261535e-02  -9.9763637e-02   5.1691299e-02   1.6140310e-01  -1.5003196e-01   1.4255450e-01  -2.4457903e-02  -3.3514550e-03   1.1599670e-01  -1.4439605e-01  -1.9487973e-01  -1.1616767e-01   9.8855325e-02  -3.3807383e-01   1.8997316e-01   3.3218528e-02   2.8802323e-03   1.0437058e-01   3.5307300e-02  -1.2364579e-01  -1.0819331e-01  -3.7123433e-02   3.8568385e-02  -4.1715769e-02   1.1966515e-01   1.6683734e-02  -2.8229420e-01   3.0732959e-02  -1.0246726e-01  -1.2302765e-01   3.4102173e-01   6.2741182e-02  -2.2259090e-01   6.7403123e-02  -1.7160315e-01   6.4532637e-02  -1.4020153e-01   3.0378262e-04
  -1.2534416e-01   8.1140777e-03  -1.3213723e-01   6.1825688e-02  -4.7865390e-02  -5.5990097e-02  -6.9834567e-02  -1.6016555e-01   4.0148080e-02   4.2299105e-02  -1.1485707e-01   1.0558785e-01   4.6405700e-02  -3.7946720e-02  -6.2888025e-02  -1.4451197e-01   2.1926584e-01   3.5881619e-01   1.6957564e-01   1.7804100e-01  -5.6621055e-02   1.0020259e-01  -6.8291715e-02   2.7803129e-01  -2.0963528e-01  -6.0089691e-02  -3.8588497e-02   7.1101589e-02   4.9338137e-03   4.7625580e-02   2.6957848e-01   9.2368707e-02   2.3886677e-02  -1.9123600e-01  -1.2209595e-01   3.7932587e-02  -5.5922697e-02   1.9516360e-01   4.4246753e-02   2.9298161e-01   9.4020292e-02  -1.6906071e-01   2.5954574e-01   7.1078685e-02   1.1554890e-02  -1.8119042e-01   1.2238900e-01  -2.2039520e-01  -1.0892207e-01
  -1.3508787e-01  -4.2411202e-02   1.1418861e-01  -2.3968545e-01  -8.2699982e-02  -3.2584590e-02  -3.2240765e-01  -1.6738010e-01  -1.0055905e-01  -1.9803843e-01  -6.4348058e-02  -1.0691538e-01   4.2429280e-02  -3.8239398e-02   1.6247419e-01   3.0875360e-02   8.7788332e-03   4.4317895e-02   2.0071114e-01  -1.7342420e-01  -7.1458594e-02  -7.5483066e-02  -6.6412674e-02   1.6490909e-01  -1.6148699e-02  -3.7080280e-02  -8.4476641e-02   1.0690257e-01   1.4126153e-01   1.0373633e-01  -5.9501051e-02  -5.5329530e-02   3.1910292e-01  -2.2312804e-01  -1.9554935e-02   6.0754087e-02  -7.9974998e-02   1.3652790e-02  -1.3349931e-01  -4.8227081e-02  -8.3283875e-02  -5.3331114e-02  -3.6371627e-01   2.3746735e-01  -2.2394139e-01   6.7800801e-02  -5.4912401e-02   1.9908210e-01  -1.5323612e-01
  -1.4468875e-01  -8.2579345e-02   1.2716825e-01  -7.3218749e-02   4.8253297e-02   1.3608870e-02  -3.3047818e-01  -1.9612736e-01   1.9212124e-01   6.5413660e-02   8.1697468e-02  -9.9299944e-02   1.0838184e-01  -1.9356031e-02   1.4566415e-01   2.0915251e-02  -1.4763610e-01   1.3154241e-01  -8.8286062e-02  -9.6938861e-02   6.0515814e-02  -8.3564766e-02   6.2122934e-02  -2.4967413e-02  -1.4441160e-01  -2.1699581e-01   1.9303414e-02   1.5264132e-01  -1.0336869e-01  -7.1229297e-02  -9.5153324e-02   2.2716955e-01  -1.2353507e-01   8.1742744e-02   2.4542747e-02  -7.3885649e-02   2.3223078e-01   1.6839312e-01  -2.1881825e-01  -1.2591695e-01   1.5492802e-04   1.9919883e-01   1.2032391e-01  -6.2046514e-02  -2.6203862e-02   2.7933813e-01   6.1379995e-02  -3.6653430e-01   1.4386527e-01
