  -1.4783064e-01   2.8760264e-01   2.9768907e-01  -1.0603748e-01  -1.7210868e-01   4.9025968e-02  -1.3274493e-01   1.4928709e-01  -1.3524415e-01  -1.3631392e-01   1.7131934e-02   7.3474066e-02  -3.6907365e-02   3.4406194e-02   7.5003404e-02  -6.7930513e-02  -6.1172890e-02  -5.5346707e-02   9.0153084e-02   2.2836274e-02   1.2766390e-02  -1.0534177e-01   2.8274999e-02  -2.6872076e-01  -7.9891211e-02  -1.5406466e-01   1.2948131e-01   2.2807359e-01  -8.6310364e-02  -2.5352108e-01  -1.5581847e-01  -8.6040539e-02   3.3562069e-03   1.8889657e-01   9.7434084e-02  -1.3780336e-01   7.2601216e-02   1.8310086e-01  -6.8292679e-02   2.8970969e-01   1.5520741e-01  -1.5462589e-02   1.8542841e-01  -2.3484633e-02   1.7406624e-01   1.7328992e-01   8.3033864e-02   4.9837368e-02   2.1380988e-01
  -1.4727683e-01   3.2931540e-02   6.8832311e-03  -1.3090070e-01  -7.1413060e-02  -2.7554384e-01  -1.7331671e-01   1.5368188e-01  -1.3021972e-01   2.2056880e-02   8.7756072e-02   5.5326625e-02  -8.9168656e-02   2.5543132e-01   1.7787564e-01   2.0380567e-01   2.3275192e-01  -2.9567429e-02   3.2763184e-02   2.4114565e-01  -1.2908801e-01  -1.7539338e-01  -1.0653260e-01   2.1019678e-01  -1.5123866e-01   4.0331962e-02  -1.5135346e-02  -4.2748641e-02  -2.2213538e-01  -6.8184712e-02   2.1067582e-01   7.4648606e-02   1.9023376e-02  -5.9865735e-02   7.8607910e-02   6.2954774e-03   1.4769820e-01  -1.3317825e-02  -9.9986202e-02   1.5680985e-01  -1.4955954e-01   6.7702655e-02  -4.0201085e-02   5.5190420e-02   7.2036572e-02  -2.0330337e-01  -3.1362289e-01  -1.8920639e-01  -1.5494824e-01
  -1.4407335e-01  -5.0526351e-02   2.2427586e-01  -5.1683620e-02   4.2191271e-02   7.4996035e-02   2.3703635e-01  -1.0955179e-01   9.4060558e-02   1.3790217e-01  -6.6607160e-02  -2.2155696e-01   1.1748860e-01  -5.5359345e-02   1.6407727e-01   5.7675528e-02  -5.1834777e-02  -2.3993648e-01  -3.6890879e-02   1.9592242e-01   6.5033024e-02   8.3520019e-02  -1.8961723e-01  -7.4257051e-02  -1.8965508e-01   4.1234496e-02  -1.0803961e-01  -1.9312108e-01   2.8787633e-01  -1.2655818e-01   3.6240781e-02  -4.6552323e-02  -2.7546107e-01   6.8650352e-02  -3.7443061e-02   3.0369027e-02   2.4238898e-01   2.1384226e-01  -7.1969562e-02  -1.3371104e-02  -1.6119434e-01  -1.1422518e-02  -2.3140491e-02   2.1696535e-01  -9.1760704e-02  -5.6241204e-02   9.2729076e-02  -2.3513525e-01   1.8970676e-01
  -1.4694930e-01  -1.3536568e-01  -1.3424484e-01   7.9706703e-02   3.5874540e-02  -1.7350325e-01   6.6404394e-02   1.7268341e-01  -1.4699887e-02   5.3582501e-02  -1.0490487e-01   1.6115663e-01   2.9347372e-01  -2.4623629e-01   1.2448138e-01   1.7531286e-01   8.8419402e-03  -4.8274434e-02   2.3378972e-02  -2.4558131e-01   4.1566281e-02  -1.5612114e-01   9.9701223e-03  -1.7486128e-01   1.5800028e-01  -2.4928052e-01   1.6111131e-01  -3.3616862e-02   1.4166495e-01  -1.1576014e-01   6.9242052e-02  -1.1012137e-02   1.6899292e-01   1.0151127e-01  -1.9749942e-01  -8.6538795e-02  -2.4986413e-01  -8.5753829e-03  -2.1567306e-01   1.0162067e-01  -1.5556408e-01   2.3186839e-02   6.5876731e-02   1.9006226e-01  -1.2493391e-01  -1.9631333e-01  -1.7418929e-01   4.3327079e-02   9.0232348e-02
  -1.2967071e-01   1.4237486e-01   8.4422433e-02   1.2470628e-01  -1.0275594e-01   2.0191558e-01   1.7518605e-01   1.6354983e-01  -3.2916864e-02   2.2623315e-01   7.2287131e-02   7.8638777e-02   2.9833147e-01   3.5928738e-02  -2.7306206e-03   1.2141675e-01  -8.6820158e-02   2.0674239e-01   7.8057042e-02   1.2038517e-01   1.7583859e-01   2.8803764e-01   6.0191997e-02   1.7284406e-02   1.7360193e-02  -9.4914898e-02  -1.7039635e-01   8.8133069e-02   4.5574301e-02  -2.2080435e-01   3.2933778e-02  -1.3412607e-01   2.1883722e-02  -1.7896330e-01  -1.1134160e-01  -1.7689262e-01   7.1799846e-02  -2.0027383e-01   2.5844013e-01   1.3653996e-01   2.3640330e-02  -6.3732144e-03  -8.4849940e-02  -1.1775970e-01   1.4142776e-01  -1.9609316e-01  -1.5139382e-03  -1.6517702e-03  -2.6653629e-01
  -1.7532222e-01   6.4945507e-02  -2.1876207e-02  -3.2343891e-01  -5.0847784e-02  -4.6140955e-02   1.2897091e-02  -1.0159801e-01  -3.4829773e-02  -6.2759410e-02   8.1939175e-02  -1.4693496e-02   4.2769421e-01   7.0830193e-02  -2.8135305e-01  -2.1068644e-01  -1.0425886e-01  -2.6920593e-02  -1.8242431e-01   9.8383647e-02   1.2247522e-02  -2.3364969e-01  -2.3941312e-01  -5.9241461e-02   1.8722146e-02   1.7752348e-01   1.0633199e-01  -2.1843370e-01   3.0516342e-02  -2.9651938e-02   3.7075727e-02  -1.4156918e-01   7.5216562e-02  -9.6719193e-02   2.6157424e-01   7.8965921e-02  -2.5423620e-01  -9.6614288e-02   1.8104937e-01   4.5965666e-02   8.2814272e-02   1.2981449e-01   6.4792526e-02   7.8538366e-02   8.2506243e-03  -3.4442900e-02   2.2310610e-02   1.8939000e-02  -4.7198464e-02
  -1.6334926e-01   3.7155482e-01  -7.5124501e-02   8.8069084e-02  -1.4110611e-01   2.3405643e-02   4.9599079e-02   1.4768575e-01  -6.1923622e-02  -3.2000171e-02   6.6622512e-02   1.3286037e-01  -1.8506603e-02  -8.3969032e-02  -1.3422091e-02  -6.9047435e-02   5.2098655e-02  -2.1577419e-02  -1.8119954e-01   1.2683453e-01  -1.6176327e-01  -4.7191186e-02   1.7988649e-02  -2.2345026e-01  -3.6061104e-02  -4.6499726e-02  -1.5808282e-01  -5.4252952e-03   2.4441321e-02   2.9135915e-01  -2.4851398e-02   8.8343610e-02  -3.0811852e-02  -7.2086122e-02   1.6924836e-01  -3.1112411e-01   3.7039867e-02  -1.1281697e-01  -1.5698343e-01  -1.3226406e-01  -1.8997363e-01   7.6731292e-02  -2.8273044e-01  -9.2221708e-02  -3.8165555e-01   7.8475682e-04   1.2629489e-01   3.4055369e-02   6.0722948e-02
  -1.3910735e-01  -3.0262975e-01  -6.9444254e-02   1.1595618e-01   1.1266911e-01  -8.9407452e-02  -3.9120810e-02   1.7438015e-02  -3.5434278e-02   7.4985470e-02  -4.7276727e-02   2.2411101e-01  -1.1645210e-01   2.8812073e-01  -1.0659302e-01  -6.5153810e-02   2.9488153e-01   1.2850137e-01  -4.9817009e-03   4.1302854e-02   5.9665392e-02   3.0998668e-01  -8.3147190e-02  -3.3445077e-01  -2.6463680e-01  -4.0000098e-02   1.0111411e-01  -9.3339119e-02   2.5402927e-02  -1.8477775e-01  -3.6825779e-02  -5.1125515e-02  -1.8367237e-01   1.4018494e-01   1.2966752e-01  -1.2751459e-01  -2.1440612e-01  -5.7224715e-02   6.7589400e-02  -1.9597223e-01   2.0305554e-02   8.9529881e-02  -7.1101753e-02   1.6702447e-02   2.7492141e-02   1.3989645e-01  -9.0228516e-02   2.6727058e-02   4.6699136e-02
  -1.3860851e-01   4.4986509e-02   3.9405617e-02  -8.9243808e-02  -7.6027344e-03  -2.8716373e-01   2.0494176e-01  -1.9319913e-02   1.5917654e-01  -1.3070154e-01   2.5285436e-01   5.8712066e-04  -1.1291749e-01  -1.7326944e-01  -6.6020409e-02  -1.0611897e-01   2.9871945e-01   1.0480582e-01   7.9147527e-02  -3.7983538e-02   7.2581290e-02   1.0888250e-01  -1.2811925e-01   6.7565563e-02   6.0712589e-02   1.5593117e-03   1.2029347e-02  -1.2670162e-01   2.1367522e-01  -9.3529124e-02   1.6557710e-01  -6.5520046e-03   2.9302186e-01  -3.0289287e-02  -6.8294597e-02  -9.4791914e-02   1.0730188e-01   8.3007209e-02  -8.1832628e-02  -4.2187297e-02   3.3485819e-01  -1.1317168e-01   2.1100545e-02  -3.6265915e-01  -5.0127537e-02  -3.1431303e-02   3.3437159e-02  -1.7015717e-01   1.1848773e-01
  -1.4771056e-01   1.2762958e-01   2.0027305e-01   1.7857251e-02   4.6001827e-02   5.6882963e-02  -6.1251330e-03  -1.9764992e-01   1.8978949e-01  -7.6423968e-02  -1.6452696e-01   6.8262882e-02  -2.9836332e-02  -1.6953974e-01  -1.4471620e-01  -9.6044265e-02   1.4553811e-01  -1.4160140e-01   6.2453494e-02   5.3762647e-02  -5.4281435e-02   1.6319753e-02   3.6271195e-02  -1.3961886e-01  -1.1141645e-03  -3.5599305e-02   5.7422287e-02   2.3929468e-02  -6.6646053e-02  -2.9081727e-01  -2.9574202e-01   1.3813932e-01  -4.5636436e-02  -2.3578257e-01  -5.0023395e-02   3.6872980e-01  -3.3094014e-02  -1.4704989e-01  -2.8075864e-01  -4.0338473e-04  -8.0662673e-02  -2.8630823e-02  -7.4050634e-02  -1.3214208e-01  -8.6157233e-02  -7.6038643e-03  -1.6308499e-01  -1.4427894e-02  -3.2959247e-01
  -1.4245729e-01   1.0030027e-01  -5.0317358e-02   7.8932392e-02   2.7072197e-01  -1.0597003e-01   1.1900950e-01  -3.2224185e-01  -2.1836518e-01   8.2010146e-02  -2.1390827e-01  -8.2553222e-02   2.0286447e-01   1.4870912e-01   3.0116101e-02  -6.3661481e-02  -7.9052308e-03  -5.9637127e-02   1.1091649e-01   2.8471647e-02  -1.0537653e-01   1.1220272e-01  -1.5936014e-01   4.9467982e-02  -1.8608116e-02  -1.5152297e-01   1.6255028e-01   1.3504993e-01  -1.9022217e-01   1.9288908e-01   1.5839356e-02  -5.5497278e-02   1.9042806e-01   1.5904655e-01   1.8636925e-02  -4.9941715e-02   6.6122252e-03   3.3685899e-02  -3.7409559e-02   1.2737566e-01   6.5601522e-02  -4.1113005e-01  -3.0497146e-01   1.0012190e-02   8.6251349e-03   7.3441465e-02   7.6560900e-02  -5.5762286e-02  -7.8191457e-02
  -1.4806547e-01   4.8092118e-02   3.2239776e-02   5.9213960e-02  -7.0652102e-02  -5.7448937e-02  -3.1257217e-03  -2.7929939e-02   6.1490561e-02  -1.6317172e-01  -2.3289108e-01  -1.4055010e-01  -3.3446607e-02   1.4505743e-01   1.2119658e-01  -6.3263052e-03   2.9409588e-01   1.1194477e-01   1.1764961e-02  -1.9063801e-01  -2.3662712e-02  -3.5369212e-01   1.7587436e-01  -1.1001681e-01  -6.9090811e-02  -4.3723562e-02  -1.9123070e-01  -1.3937428e-01   2.4206812e-02   6.8261323e-02  -2.1397049e-01  -2.0655355e-01   6.6080932e-03  -1.0308084e-01  -1.6884540e-01  -1.1993495e-01  -1.8589022e-02   2.3044960e-01   2.9975376e-01  -1.3446080e-01   1.0155538e-01  -9.4590591e-02   3.4575444e-02   1.4903233e-01  -3.3625955e-02  -9.0680078e-02   1.1755251e-01  -7.9470674e-02  -2.7050852e-01
  -1.4725585e-01  -1.2384685e-01  -1.4014693e-02   1.1226206e-01  -2.6058689e-01  -6.3110877e-02   2.1075855e-01   6.4922089e-02  -2.5049986e-01   5.6492669e-02  -2.6190308e-01   3.5851249e-02  -1.2394347e-01   4.3964908e-02  -1.4614272e-01  -5.4663045e-02   4.6114233e-03   1.6804880e-01   4.3136280e-02   1.4975955e-01   4.9770428e-02  -1.1473010e-01  -3.9105654e-02   2.2450191e-01   6.4624272e-02  -2.2198884e-01   9.4087321e-02   5.8723186e-02   5.1241550e-02   5.3784736e-02   1.9089054e-02   1.9007882e-01  -1.7295549e-01   1.0734912e-01  -3.6513930e-02   2.5840476e-01  -1.5939009e-01   3.7676356e-02   2.2697397e-02   1.3103918e-01   4.7593620e-03   2.1837565e-01   8.5200318e-02  -1.6956740e-01  -1.1470329e-01  -5.5133321e-02   3.6750436e-01  -1.8685271e-01  -1.8915929e-02
  -1.3397643e-01  -2.1274390e-01   1.6500414e-01  -8.5568331e-02  -3.9974238e-02   1.2638992e-01   2.0285757e-01   1.5536967e-01   1.6819259e-01  -1.4942328e-01   9.1710210e-02   1.6322861e-02  -9.0110053e-04   1.8914718e-01   2.2972905e-01   1.0064215e-01  -1.7563583e-01  -6.1006536e-02  -1.9740470e-02  -1.5388262e-01   3.1089483e-02  -2.2966714e-01  -1.3106323e-01   1.6052468e-01   1.1802758e-01  -1.7871979e-01  -2.9655601e-02   1.4381121e-01   1.0007392e-01  -7.1105677e-02   9.1436620e-02  -6.8304264e-02  -1.0761632e-01   1.8328180e-01   2.4162445e-01   4.8117057e-02   7.5119134e-04  -5.0725479e-02  -6.5969615e-02  -2.2834726e-01   1.2717292e-01  -3.5231375e-02  -2.5994062e-01  -1.3553491e-01  -8.8634332e-02   1.9492701e-01  -1.0131207e-01   1.6525894e-01  -2.4260327e-01
  -1.3620401e-01   3.5505913e-02  -1.6200042e-01   1.0284799e-02   1.1251477e-02   2.4173954e-01   2.4654830e-02  -1.2329499e-01   1.9064009e-01   1.9858304e-01   6.5696715e-02  -9.2751562e-02  -1.5525562e-01   2.1883590e-01  -2.0228567e-01   2.9867242e-03   3.7637655e-04   2.6614844e-02   5.5384615e-02  -3.6787657e-01   4.7456092e-02   3.4052058e-02  -2.0137668e-01   5.2972905e-02   5.8603636e-02  -2.5898919e-01  -1.0351451e-01   6.1563260e-02  -2.2994269e-01  -1.6426451e-01   2.6671044e-03   1.1848888e-01   1.7047226e-01  -1.9485310e-01   2.6504115e-01  -5.1023205e-02   1.1091569e-01   1.7245949e-01  -1.3480978e-02   5.2550386e-02  -6.6070123e-02   1.0698094e-01   1.1968625e-01   1.5684147e-01  -1.8562921e-01  -1.3320954e-01   2.7250050e-02  -4.6757395e-02   1.3532860e-01
  -1.5380168e-01  -2.6414371e-02  -3.0110374e-03  -3.1972359e-02   2.3257957e-02   2.0951875e-01   1.6518749e-01   9.4051255e-02  -3.0237242e-01  -1.8527388e-01   2.7827461e-02  -6.3121522e-02  -6.3328284e-02  -1.7461372e-01   8.0969531e-02   1.0716517e-01   1.1087495e-01   5.5225793e-02  -2.0948926e-01  -2.5035621e-01   2.7305625e-01   1.8536470e-01  -8.2183277e-02  -1.3145763e-01  -1.0049904e-01   2.6360995e-01   1.2553300e-01   1.2277249e-01  -1.5311990e-02   2.2269920e-01   1.1822895e-01   7.7440338e-02   5.6940835e-02  -1.8084641e-01   9.3576869e-02   7.8268989e-02  -4.9988280e-02   2.7853653e-01  -1.3976117e-01   7.7626882e-02  -5.6834396e-02   9.4039713e-02  -1.8478956e-02   5.3889650e-02   1.7341261e-01   7.4930982e-02  -2.2192873e-02  -5.9598269e-02  -2.5373170e-01
  -1.3762182e-01   1.1988847e-01   1.8752322e-01   1.8333705e-01  -7.5718689e-02  -5.5961801e-02  -1.3320944e-01  -1.2759397e-01   1.2699732e-01  -5.7106672e-02  -2.0311832e-01   2.6115385e-01  -7.6381747e-02  -1.9528358e-01   9.2761384e-02   3.6615495e-02  -5.0516331e-02  -6.0768455e-03  -2.7640653e-01  -1.0933186e-02   8.1471708e-02   7.7994110e-02  -1.1632404e-01   1.0811760e-01  -1.3045163e-01   1.4446746e-02  -1.3363542e-01  -2.4400425e-02  -9.9300868e-02  -4.1187272e-03   2.7345501e-01   1.9918358e-01  -8.6532716e-02   7.6737539e-02   1.4936714e-01   7.3088082e-02  -1.1702780e-01   3.6439376e-02   1.6313338e-01  -7.5596391e-02   1.5622449e-01  -2.9040649e-01   1.3951505e-01   6.5500383e-02   3.0526644e-02  -2.9950942e-01   2.1536412e-02   2.8209878e-01   6.0323316e-02
  -1.2561732e-01  -3.8108786e-01   4.4525447e-02  -7.5638527e-02   1.3519171e-01   4.8208568e-02  -5.9523636e-02   5.8204507e-02   1.5614971e-01   8.0898323e-02   1.7282370e-02  -4.4307231e-02   1.2504701e-01  -1.0352897e-01  -4.8665754e-02  -8.2292726e-02   2.2114087e-01   1.2579300e-01   1.1696138e-01   3.0151637e-02   2.8595832e-02  -9.8379513e-02   1.2484652e-01  -1.4526866e-01   1.2696740e-01   1.9314151e-01  -3.3338001e-02   3.6441989e-02  -7.6628196e-02   1.6482169e-01  -6.5366221e-02   5.1394623e-02  -8.5227379e-02   2.1295062e-01   2.7119503e-01  -7.7239301e-02   3.0069355e-01  -9.0430747e-02  -1.0624963e-01   2.5299389e-01  -9.8923472e-02  -1.0930981e-01   1.0959599e-01  -1.1020050e-01   6.9304438e-03  -2.4653745e-01   2.3032957e-01   1.8959876e-01  -1.0498874e-01
  -1.2108237e-01   1.1849527e-02  -1.9674964e-01  -1.0040261e-03  -2.0161947e-01  -2.7813847e-03  -8.2395077e-02   2.6657004e-01   2.9026724e-02  -3.1155095e-02   1.3373733e-02  -3.2977206e-02  -3.9191121e-02   1.9527181e-01  -7.2884236e-02  -1.6881383e-01   1.1885040e-01  -2.3677092e-01  -1.0537341e-01   1.0921805e-01   9.8755824e-02   2.5034154e-01   2.0895148e-02   7.4306219e-02   2.7915926e-01   1.7580243e-01  -3.0582229e-01   4.5741314e-02   8.0604390e-02  -1.0071352e-01  -2.9549721e-02  -7.1730420e-02   1.5649958e-01   2.0422463e-01  -8.2121459e-02   1.9127240e-01  -1.3483618e-01   1.2738421e-01  -1.3106853e-02   1.3693693e-01  -1.5958058e-01  -3.0127490e-01   4.9063226e-02   1.2412039e-01  -1.4820691e-01   1.6037079e-01  -7.6003196e-04   5.5450477e-02  -7.1024740e-02
  -1.4494418e-01  -2.6826931e-01   9.0018126e-02   2.0936312e-02  -2.4648664e-01  -5.6037847e-02  -8.2964507e-02  -1.9702284e-01  -1.3099913e-02   3.8584525e-02   1.1228642e-01   5.8102410e-02  -1.3159146e-01   1.2234100e-01  -3.1383781e-02   3.7363499e-02  -1.7486360e-01   1.4721434e-01   2.5066056e-02   3.3555311e-02   1.1486699e-02  -8.3667667e-02  -1.3036619e-02  -2.4907645e-01  -3.8771840e-02  -1.2082111e-01  -2.8229243e-01  -7.8871348e-02   6.3931112e-02   2.2249530e-01   9.4132557e-02  -1.8594897e-01   9.4361432e-02  -2.9820039e-01  -1.5140523e-01   2.2929922e-01  -1.2086812e-02  -4.0248276e-02  -2.1417835e-01   1.9988366e-01   2.7316064e-02  -8.2103262e-02  -2.1487672e-01   2.9272091e-02   1.7676045e-01   3.7180661e-02   1.3266854e-02   1.6648809e-01   1.9553047e-01
  -1.2915053e-01   2.5491332e-02  -1.2377879e-01  -2.3348973e-02  -1.2351806e-01   1.4270444e-01  -1.7978406e-01  -1.5439364e-01  -7.3554607e-02  -9.3236885e-02   4.6546712e-02  -5.5330125e-02   5.4493229e-03   9.2432510e-02   1.7190985e-01   1.0323041e-01  -2.3282358e-01   4.2550039e-01   1.1165336e-01  -1.4640855e-02  -1.4720333e-01   7.4841011e-02  -1.2489009e-01   8.0447203e-02   9.6521558e-02   2.6836109e-01   3.4238361e-03  -1.6686743e-01   1.4265754e-01  -1.4411376e-01  -2.2439753e-01   2.3026845e-01  -1.0161688e-01   6.8888240e-02  -2.8250769e-02  -2.0144060e-01  -1.5152423e-01  -2.2525409e-02  -3.0660755e-01  -1.9491830e-02   1.3753364e-01  -1.6817419e-01   6.0041166e-02   8.4471824e-02  -6.3112246e-02  -5.1502879e-02   2.1082517e-02  -1.0823201e-01  -7.0048825e-02
  -1.4021642e-01   6.4081996e-02  -2.0089073e-01  -2.9564627e-01   3.1007178e-01  -2.8941257e-02  -1.0034744e-01   1.1155079e-01  -4.5272064e-02   3.7475247e-02  -5.5279306e-02  -1.5898979e-01  -1.4214004e-01  -6.7365365e-02   2.2438034e-01  -1.1962627e-01  -1.0161253e-01   2.1629922e-01  -4.3227171e-02   1.0659702e-01  -1.1095970e-02   1.3310699e-02   2.0868611e-01  -2.4024946e-01   4.1378097e-02  -2.4953834e-02  -4.0745642e-02   2.4596015e-01   9.4102176e-02  -1.5801929e-01   1.6366090e-01   1.2469121e-01   2.2218598e-02  -3.5421778e-02   1.6023391e-02   2.9249401e-01   3.8525883e-02  -7.5016020e-02   1.8618639e-01  -1.5099829e-02   2.2462609e-01   5.5916090e-02  -1.9460256e-01   1.5290655e-01  -1.6780593e-01  -1.1429891e-01   2.1399584e-02  -4.7542570e-02   8.2991742e-02
  -1.5186722e-01   4.9669517e-02  -5.1750925e-02   7.4981568e-02   2.1685078e-01  -2.6992555e-02  -1.3152692e-02   2.6991577e-01   1.8696832e-01  -1.2045846e-02   5.9511773e-02  -1.3240744e-01  -2.1671860e-01  -3.3933388e-03   1.3195076e-01  -1.0917362e-02  -1.6284009e-01   6.8701311e-02  -2.2251274e-01  -1.0725304e-01  -2.7139462e-01   1.1171368e-01  -1.2764669e-01   1.2215815e-01  -1.3524614e-01  -3.3652943e-02   2.1657244e-01  -1.3827836e-01   5.5288153e-02   4.3256551e-02  -2.5375247e-01  -2.9287197e-01  -3.8295236e-02  -6.1900141e-02   2.5150890e-02   1.1827342e-01  -1.5105835e-01   1.7366791e-02   1.0267440e-01   2.2853267e-01  -2.1628217e-01  -7.0839311e-02  -1.5208185e-02  -2.6592704e-01   7.9474117e-02  -1.7053904e-01   6.0782217e-02   4.0208945e-02   7.2772909e-02
  -1.3486330e-01  -4.3017459e-02   3.3295412e-02  -3.9293702e-01  -5.7150832e-02   2.2719979e-01  -2.8564844e-02  -5.0141388e-02  -8.1806613e-02  -2.0225556e-01  -1.1101539e-01   6.6706414e-02   4.2442027e-02   1.1207247e-01  -1.2174664e-01   2.7710337e-01   1.7452103e-01  -1.5105393e-02   6.7326047e-02   7.0852168e-02   6.6474037e-02   1.0388189e-01   1.9612574e-01   2.5500615e-01  -6.5949613e-02   3.3830333e-02   2.5081215e-01   5.0630671e-03   4.8727386e-03  -5.5232574e-02  -4.4136889e-02  -5.9703517e-02   5.3689976e-02  -1.0896899e-01  -1.7222177e-01  -2.8322756e-02   2.0411179e-02   6.1842316e-02   2.5903683e-02  -1.4712168e-01  -1.3474401e-01  -6.8941354e-02  -1.5961373e-01  -5.0895516e-02  -1.4803215e-01  -1.3744951e-01   1.0415613e-01   3.1994282e-01   2.8838882e-01
  -1.4505366e-01  -1.3810198e-01   6.4494040e-03  -2.6485333e-02  -5.7978882e-02  -1.7574929e-01   1.5413802e-01  -6.4703437e-03   3.9712095e-03  -1.4927003e-01  -1.9564963e-01   1.2877766e-01  -1.9451079e-02   1.7064067e-01   9.0951583e-02  -2.6797231e-02  -3.3204795e-01  -3.2986849e-01   1.2108879e-01  -1.1685512e-01  -4.9875445e-02   2.4291155e-01   8.6802904e-02  -4.9636170e-02  -1.0165345e-01   2.5523279e-01  -1.2020928e-01   3.8091328e-02  -1.1390592e-01   1.2600286e-01  -1.9646466e-01   8.6335022e-04   1.9474080e-01   6.3147581e-02  -4.2154961e-02  -4.8546736e-02   8.9600781e-02  -6.7195910e-02   5.9969058e-03   8.7347647e-03   2.2888035e-01   3.2396618e-01   6.2627756e-02  -7.3984329e-02  -1.1493769e-01  -2.5465900e-01  -5.3146534e-02  -3.7451370e-02   3.7051677e-03
  -1.5297800e-01   1.0043900e-01  -2.9350818e-01   9.1841840e-02  -1.8831626e-01   1.4162994e-01   5.1144686e-02  -2.4393569e-01  -9.8725650e-03   3.8632623e-02   1.4913117e-01   1.0158014e-01  -6.9418968e-02  -8.3576142e-02   6.6692755e-02   1.8511501e-01  -8.6939873e-02   5.8477975e-02  -5.3854389e-02   1.6051713e-02  -7.2898629e-02  -6.2369929e-02   6.9204128e-02  -1.8602804e-01  -9.2826568e-02   3.8914720e-02   1.6017271e-01  -2.2902348e-01  -1.2160956e-01  -1.1334992e-01   1.1729434e-01  -1.3473220e-01   2.1062065e-01   3.8498137e-01  -7.8272483e-02   2.5458692e-01   2.9900668e-01  -2.3120485e-02   1.2203565e-01  -1.1626918e-01  -1.2820818e-01   6.9056280e-02   9.0424752e-02  -9.5176245e-02  -1.7400092e-02   9.7364693e-02   6.6096181e-02   4.4778517e-02  -1.5044585e-01
  -1.3269729e-01  -1.7467601e-01   2.2309371e-01   5.7534255e-02  -1.1600282e-01   9.9047643e-03   9.0436580e-02   3.5712719e-02  -1.2477982e-02  -3.9617886e-02  -2.9419149e-02  -3.9396587e-01  -3.6619459e-02  -1.1233204e-02  -2.1534948e-01   1.0090171e-01  -8.1700503e-02   6.5256552e-02  -1.9786679e-01   1.1011281e-01  -1.6904029e-01   7.1133247e-02   2.6806651e-01  -1.4760972e-02  -1.3457439e-01  -1.6669253e-01   8.9950650e-02  -7.3608372e-02   1.3361023e-01   9.0262946e-02  -3.1562955e-02   3.1932175e-01   2.7427657e-01   5.3698442e-02   9.9827368e-02  -1.1263131e-01   2.2975169e-02  -1.1412707e-01   1.5691471e-01   7.2118987e-02  -5.4763136e-03  -1.0245654e-01   1.3685939e-01   7.5778373e-02  -5.9580284e-02   1.5136070e-01  -3.1208634e-01   1.8981508e-02  -1.7888592e-02
  -1.3749287e-01   6.0394027e-02  -2.1063351e-01   6.2059928e-02   1.1424701e-01  -1.0057133e-01   9.7315031e-03  -1.8248760e-01   1.4774389e-01  -4.0882304e-01   6.3613489e-03  -2.0191473e-01   4.8434374e-02  -7.5927862e-02  -5.8128132e-02   1.6668885e-01   1.0599401e-01   4.9363185e-02  -1.6024401e-01  -2.3059113e-02   1.8459538e-01   2.9189260e-02  -3.2369696e-02   1.7245521e-01  -1.4493629e-01  -8.4057178e-02  -2.1708266e-01   1.5318503e-01  -1.0104666e-01  -4.8017243e-02   9.5927837e-03  -1.2452014e-01  -1.9214190e-01   1.1632165e-01  -1.0646785e-01  -9.4143093e-02   5.3384825e-03  -3.6998975e-01  -8.6111345e-02   2.5621868e-01   2.3056889e-02   1.8832951e-01   5.2752421e-02   1.0609314e-01  -9.1414159e-03   1.7916237e-01   5.7760194e-02   1.2188435e-02   7.0047357e-02
  -1.4363581e-01   1.0124301e-02  -5.5161081e-02   6.3530412e-02  -1.9838885e-01   1.1094025e-01  -1.5842935e-01   7.2697213e-02   2.5835279e-01   1.9759322e-01  -1.7140350e-01  -1.8978220e-01   2.5190246e-01   5.1187587e-02   1.8955243e-01  -2.6857670e-01   1.4668737e-01  -1.3983660e-03  -1.8636387e-01  -4.8423301e-02  -1.1087058e-01   1.1858271e-01   7.5444014e-02   9.5659009e-02   7.6700405e-02  -2.4692514e-03   1.8600936e-01  -1.4670298e-01  -1.9010456e-01   5.3604995e-02   1.6201808e-01   9.2904889e-02  -9.4118445e-02  -2.7098620e-02  -2.1559544e-01  -3.6737822e-02   7.4996310e-02   1.1625740e-01  -1.4418384e-01   3.6612992e-02   2.4162036e-01   2.6742923e-01  -1.4821804e-01  -6.3913387e-02   1.0939055e-01   1.4299013e-01  -4.5688456e-02   1.3074128e-01   5.3636479e-02
  -1.3433343e-01  -8.2603967e-02  -1.6739826e-01   3.9042259e-01   1.1640901e-01  -7.6618060e-02   8.9835699e-02  -5.5872629e-02   1.5692441e-01  -8.6629434e-02   9.4546081e-02   1.5587547e-01   1.4414460e-01   9.7544455e-03  -8.3776940e-02   1.3960892e-01  -2.9424399e-02  -1.5099670e-03   5.4137601e-02   2.5987625e-01  -2.9924425e-01  -1.0500430e-01   1.1536723e-01   8.8030018e-02  -6.5440523e-03   2.1030773e-01   7.5298261e-02   3.1000474e-01   1.6395723e-01  -1.2317516e-01   4.1507924e-02  -4.3660085e-03   1.6735783e-02  -2.4531102e-01   1.0985975e-01  -2.1766493e-03   3.2321665e-02   3.6061519e-01   2.9659309e-02   4.3963246e-02   7.4909287e-02   8.8478312e-02   3.0270278e-02   9.2861411e-02   1.1145361e-03   1.3576683e-01   5.8865570e-02   1.2935422e-01   2.1612658e-02
  -1.4412938e-01  -1.3482121e-02   7.1938892e-02  -2.2755388e-01   2.4625644e-01   1.5393939e-02   1.7207332e-01  -9.7957044e-02   1.3138557e-01   1.5425368e-02   2.2887785e-01   2.2636173e-01  -6.9994520e-02   1.0858646e-01   1.2646795e-01  -1.3092816e-01  -3.3192200e-02   7.1857335e-02  -1.4092255e-01   2.3491269e-01   2.0796801e-02  -1.7576604e-02  -1.8692820e-01  -2.5143162e-02   1.2361687e-01  -1.5528713e-01  -3.0890070e-02   8.1630051e-02  -8.7175071e-02   2.0113657e-01  -1.5941143e-01   2.7414027e-01   3.3525816e-02   2.8833832e-02  -4.0822574e-01  -1.1273713e-01  -2.1584341e-02   1.0174800e-01   9.4330450e-02  -3.9544852e-02  -1.3419030e-01   9.5819222e-02   2.3684764e-01   7.4287355e-02   8.0521129e-02   7.0235175e-02  -2.6252691e-03   1.5022423e-01  -1.1139031e-01
  -1.6386865e-01   1.3136785e-01   2.9221291e-02   5.4644226e-02   2.2923038e-01  -2.8641371e-02  -1.2058099e-01  -7.2310353e-02   1.5838395e-01   1.9806283e-01   1.0560532e-02  -7.8437584e-03  -6.6499621e-02   3.3809804e-02   7.0723839e-02   5.7128825e-02  -1.8046108e-01  -1.9264110e-02   1.8730956e-01   1.2982487e-01   5.0773930e-01  -1.4558420e-01   3.2745002e-01   1.0198320e-01  -1.0935694e-01   7.9834021e-02  -2.1201537e-02  -2.2740948e-01  -4.2117036e-02   7.7911778e-02   3.5008487e-02   3.3607125e-02   7.0887635e-02   2.8470440e-02   1.1216575e-01  -7.8578481e-02  -2.7853808e-01   1.6810561e-01  -4.9989677e-02   1.0494919e-01  -6.1269453e-02   6.4480029e-02  -2.7326480e-02  -1.9817716e-01  -1.1961209e-01   1.7083095e-01  -4.9043144e-02  -2.0845233e-02  -1.3962261e-02
  -1.2440113e-01   1.7742628e-01  -5.0311044e-02   3.4064036e-01   8.9290000e-03   8.6816948e-02  -8.8256617e-02   1.0291265e-01   3.2626620e-02  -1.2202685e-01   4.4601490e-02  -2.1454385e-01   8.1657253e-02   2.7345338e-01   6.5115962e-02   4.0242328e-02   8.4092940e-02  -5.5200658e-02   1.6413468e-01   1.2922850e-01   2.8404115e-01  -7.7265967e-02  -1.7871163e-01  -1.3593327e-01   1.3805044e-01   1.6740851e-02   2.2273331e-01   9.4936513e-02   1.3788539e-01   2.5526945e-01  -7.6106865e-02   5.2237673e-02   4.9209384e-03  -5.0744034e-02  -3.5678020e-03   2.0970075e-01   9.7397722e-02  -2.0817264e-01   1.6064108e-03  -2.4734244e-01   4.6536713e-02  -3.9484955e-02   1.8699309e-01  -3.3638810e-02   8.4052334e-02  -1.7552840e-01  -1.2734022e-01   2.2860943e-02   2.0173267e-01
  -1.4464672e-01  -6.3789820e-02  -3.5778087e-01  -1.4598590e-01  -1.4728632e-01   2.1712903e-02  -7.6277717e-03  -2.1485650e-01  -4.8639904e-02   6.6841238e-02   1.8109737e-01   1.4216087e-01  -1.2362125e-02  -3.8109052e-02   7.5555745e-02  -1.0796620e-02   1.7067779e-02  -3.0526424e-01  -1.7938919e-01  -6.1294208e-04   5.2708299e-02   4.7123162e-02   3.1968359e-01   5.7435213e-02   9.2139287e-02  -2.5598534e-01   8.6511682e-02   3.5432603e-02   1.3715035e-01   1.0756574e-01  -1.7445797e-01   6.5492628e-03  -2.9911528e-01  -9.6707573e-02   1.7529248e-01  -6.7350830e-02   1.9218637e-02   1.5412861e-02   1.6740034e-02   9.1318254e-03   1.4776904e-01  -1.8213071e-01   7.0305877e-02  -6.3124497e-02   2.0583739e-01  -1.1065992e-01  -1.1107464e-01  -2.1035266e-01  -8.4076203e-03
  -1.4788308e-01   6.8639732e-02   1.0753272e-01  -8.8349996e-02  -2.2025549e-01  -2.0054283e-01  -4.6394481e-02  -9.8227673e-02   1.5151068e-01   1.3277724e-01  -1.6519666e-02   1.9596700e-01   1.5461752e-01  -8.7180858e-02   1.3202373e-01  -1.8318328e-01   4.3897203e-02   2.7973124e-01   1.2599638e-01  -2.7147577e-01   4.3121894e-02   6.8944988e-02   3.4061236e-02   2.0961589e-01  -1.3456348e-01   1.3243681e-01   3.8706325e-02   2.7400950e-01   1.5018456e-01   1.5857562e-01  -1.5418562e-01  -4.6101110e-03   2.3596060e-02   4.0622584e-02   9.5666884e-02   1.4419864e-01   1.0670030e-01  -8.1666931e-02   1.7307795e-01  -5.9058967e-02  -2.9368451e-01   1.1727810e-02  -2.7214916e-02   1.1059692e-01  -3.8853848e-03   2.0007977e-01  -1.4607582e-01  -1.4167520e-01   1.4869866e-01
  -1.2213898e-01   8.8838170e-02   1.0433237e-01   2.9330631e-04   7.4561580e-02   1.1038270e-01   8.4458030e-02  -1.8984910e-01  -1.0101236e-01  -1.4884359e-01  -4.9496749e-02  -4.2548513e-02  -4.7395477e-02  -4.0803176e-02   2.7838844e-01   3.3666259e-02   1.9593211e-01  -1.0002646e-01   2.9981679e-01  -3.2941562e-02  -2.8243136e-01   1.5596146e-01   7.4705607e-02  -1.0711905e-02   3.6113274e-01  -3.6957350e-02  -1.8148724e-01  -2.0114850e-01   6.4955537e-02   7.4322972e-03   1.5868733e-01   5.4758322e-02   1.9613808e-02  -2.0329005e-02   2.2514362e-01   1.7597193e-02  -2.2046231e-01  -9.7697285e-02   1.7727559e-01   5.3141540e-02  -1.8150578e-01   2.0691751e-01   5.4171091e-02  -4.0114540e-02   2.2164597e-01   8.8053653e-02   1.8251988e-02   6.6038487e-02   1.1556560e-01
  -1.3510254e-01   9.9259262e-03  -1.0200283e-01  -2.6035175e-02  -2.8285213e-02   2.2851037e-01   1.1599976e-02  -3.5216172e-02  -7.8516901e-02   1.4403170e-01   1.7934493e-01  -2.0658211e-01  -5.4720691e-03  -7.5248481e-02  -8.5097233e-02  -2.3527538e-01   6.6663971e-02  -1.5190762e-01   2.2256818e-01  -7.7438818e-02  -1.8317422e-01  -1.5785375e-01   8.1641513e-03   6.7978252e-02  -4.3816989e-01   5.8601109e-02  -1.8567506e-01   2.6741127e-01   1.0757920e-01  -2.6477169e-03   1.4387318e-01   3.2298880e-02   5.8098825e-03   1.7982535e-01  -1.7598596e-01  -3.3661238e-02  -2.8992996e-01  -1.7097624e-02  -9.6638124e-02  -1.2967827e-01  -3.4005489e-02   1.1078899e-03   6.3894302e-02  -1.2784041e-01   1.3473371e-01  -1.8943285e-01  -5.3977884e-02   1.0455186e-01  -2.7235103e-02
  -1.3001393e-01   2.7790955e-02   1.7913102e-01   8.6871783e-02  -2.6684982e-02  -3.4881194e-01   1.6860704e-01   1.7514621e-02  -9.7404266e-02  -4.5402975e-02   3.7157905e-01  -2.3541084e-01   1.1612516e-01   2.6444720e-02  -9.1877288e-02  -1.7487149e-02  -1.1975268e-01   8.5072170e-02  -1.3276989e-02  -1.1278716e-01  -9.2005700e-03   1.0376824e-01   2.6817742e-01  -4.0236560e-02   1.4900534e-01   3.8264329e-02   4.3133181e-03   4.2543627e-03  -4.2360017e-01  -1.1383242e-01   5.5845411e-03   2.5127371e-03  -2.4107517e-01   2.8005306e-02  -3.5383374e-02   9.3125178e-02  -9.8826585e-02   1.0601915e-01  -6.7467125e-02  -2.8282908e-01  -1.2550650e-01  -6.4008667e-02  -3.3377614e-02   6.0872023e-02   3.2698295e-02  -1.1824530e-01   8.8978884e-02   1.1658053e-02   8.0321004e-02
  -1.4411989e-01   2.3589118e-01   2.9039456e-02  -7.1830268e-02   8.2977291e-02   1.1349191e-02   1.1314969e-01   5.7553655e-02   1.0048157e-01   1.9315058e-01  -9.7129395e-02   6.6219634e-02  -1.6229915e-01  -3.6969770e-03  -4.3556166e-01   3.0137872e-01   2.6157962e-02   2.0775722e-02   4.0960200e-03  -1.3654398e-01  -8.7177857e-02  -1.0834539e-01  -3.8864970e-02  -5.5874469e-02   2.3225956e-01   2.1158017e-01  -6.4186538e-02  -1.7983041e-03   7.1000179e-02   1.3452123e-01  -4.7833947e-02   4.5945083e-02  -2.1794905e-01   2.7360028e-01  -1.1856506e-01   1.9981596e-02   1.1523426e-02   6.6574638e-02   7.6801678e-02   9.2143979e-02   1.5256263e-01   5.6281866e-02  -2.3964168e-01   3.6457554e-02   2.0556597e-01  -3.1063968e-02  -2.4341543e-01  -2.7221347e-02   8.9607891e-02
  -1.6002816e-01  -8.2665493e-02   3.3510823e-02   8.7157080e-02   2.3635674e-01   1.4321889e-01   1.9375362e-02   6.7608258e-03  -4.2099268e-01   7.1975164e-02  -7.1912141e-02   9.4093590e-02   1.0516565e-01  -3.5300247e-02   5.4005296e-03  -1.1103258e-01   1.1613974e-02   1.0040295e-01  -1.1772226e-01  -8.4279590e-02  -6.5319456e-02  -1.1225216e-01   1.6189507e-03   1.0510899e-01   6.7478677e-02   6.4608629e-02  -2.2099059e-01  -7.3290532e-02  -9.8163521e-02  -3.2508497e-02  -1.6799502e-02  -1.7154442e-01  -1.6176113e-01  -9.7570548e-02  -7.9048037e-02   6.5286081e-02   1.8832397e-01   1.8555965e-02   3.4986823e-03  -1.5556394e-02   8.0482956e-02  -6.9199967e-02   2.7693510e-01  -2.6223619e-01  -2.7148784e-01   1.5289422e-01  -3.5036928e-01   3.5302545e-02   1.9602942e-01
  -1.3708828e-01   1.4315793e-01   6.7467706e-02  -1.8435637e-01   1.0800397e-01  -1.5457833e-01  -2.7348482e-01   9.7744816e-02   1.5072423e-02   1.1895131e-01  -5.3821926e-02  -2.3624060e-02   5.0786606e-02  -1.1339953e-02  -1.6889276e-01   1.9272232e-01  -7.4846814e-02   8.7052460e-03   1.5028512e-01  -3.6555178e-02  -1.5277608e-01   2.7868363e-01   1.4609331e-02   3.0465591e-02  -2.4748735e-02  -2.2199977e-01  -1.7997814e-02  -3.1011533e-03   1.6538418e-01   2.4571929e-01   1.6609209e-01  -2.2745134e-01  -9.3833624e-02  -3.2616985e-02   3.4205273e-02   7.7098584e-02   6.2808822e-02   4.7797596e-02  -1.9980600e-01  -1.8851059e-01   9.5437515e-02   6.9996689e-02   3.4970690e-01   7.9801633e-02  -7.3640294e-02   1.1191724e-01   1.3535532e-01   7.6934152e-02  -2.8896847e-01
  -1.5831333e-01   7.2754993e-02  -1.2097294e-02   9.8680061e-02   8.3203797e-02  -2.1827248e-01  -4.3113456e-02  -3.8181870e-02  -2.2922773e-01   3.9412343e-02  -1.5393066e-02  -1.0227814e-02  -2.2482010e-01   1.2073815e-01  -8.7124177e-02  -2.6060586e-01  -1.3287224e-01  -1.6196045e-01   1.6032348e-03  -2.4327451e-01   1.0199151e-01  -1.0397976e-01   3.3981174e-02   1.0314499e-01   5.2770949e-02   9.8243524e-02   1.6904485e-01  -1.2134828e-01   2.9910519e-01  -2.0599923e-01   1.2881596e-01   1.3349122e-01  -8.2063246e-02  -1.3233594e-01  -1.0612764e-01  -1.8486287e-01   2.7782778e-01  -1.8058861e-01   2.1470087e-02   5.6086978e-02  -1.4097581e-01   1.7255146e-03  -5.6669593e-02   1.0317488e-01   1.0321300e-01   5.1981524e-02   1.3248086e-01   2.8612153e-01  -1.3813692e-01
  -1.4933607e-01  -6.3004671e-02  -1.8407148e-01  -9.8756873e-02   3.3147735e-02   9.8514269e-02   8.9504741e-02   2.2684423e-01   2.1119272e-01  -2.6014172e-01  -3.3001540e-01   1.0159990e-01  -7.2148248e-03  -2.9876417e-02  -1.6016854e-01  -1.4682169e-01  -2.5553135e-01   6.1233621e-02   1.3825868e-01   5.8312394e-02  -3.3654289e-02  -6.1412161e-02   4.2690614e-02  -7.4530387e-02  -1.2957567e-02  -1.3973603e-03  -1.8119429e-02  -4.7341335e-02  -1.7365668e-01  -1.7302924e-02   2.7346355e-01   2.7338596e-02  -3.7002924e-02  -1.2275081e-01  -4.1322239e-02  -1.2890255e-01   8.4429902e-02  -3.5773161e-02  -4.5187010e-02  -1.8089700e-01  -2.1582395e-01  -2.2717114e-01   8.7622583e-02  -6.7437937e-02   2.7926539e-01   1.1299521e-01  -1.1092542e-02  -2.8762020e-01   7.5078099e-02
  -1.5601199e-01  -3.0845291e-02  -1.1020334e-01  -3.8566881e-02  -2.5024050e-02  -7.8157563e-02   1.9354404e-01   1.5577946e-01  -9.1921913e-02   3.1535219e-01  -1.4304153e-01  -8.4451008e-02  -1.6553861e-01  -2.7783164e-01   9.3975038e-02   7.3184608e-02   6.5542759e-02  -1.6308551e-02  -1.1298598e-02   1.9069855e-01   6.0823517e-02  -8.7140049e-02  -8.3924512e-02   1.7354565e-01   2.1576397e-03   5.9010411e-02  -8.2321296e-02  -3.8689891e-02  -1.5735450e-01  -7.8286094e-02  -3.1301407e-01  -1.1373073e-01   2.1349269e-01  -8.6451783e-02   1.5708157e-01  -3.7902112e-02  -1.5262374e-03  -1.6853672e-01  -1.4492538e-01  -2.7089654e-01   1.3922643e-01   2.6965990e-03   4.0295991e-02   2.0879726e-01   2.5208094e-01   1.3603931e-01   1.0029075e-01   1.6958655e-01   8.8504046e-02
  -1.4877602e-01  -1.1012417e-01  -5.5159180e-02   6.0331428e-02   4.0628934e-02   7.2054629e-02  -1.6263243e-01   2.8332625e-01  -5.2050184e-02  -9.5367185e-02   2.6784358e-01   1.0739323e-01   1.3124878e-01  -2.1205739e-01  -3.6928052e-02   7.6852414e-02   2.6746594e-03  -1.9074999e-01   3.1749053e-01  -1.1084984e-01  -3.4606768e-02   1.1874867e-02  -1.3712037e-01   5.1877068e-02  -1.8419848e-01  -7.6515619e-02  -2.5338677e-02  -2.5557732e-01  -1.4094415e-01   8.4965624e-02  -1.3211061e-01   2.9361514e-01  -9.4328504e-02  -7.4541153e-02  -9.0914900e-02   1.4203118e-01   5.1025833e-02  -4.1031410e-02   2.6408249e-01   9.3204468e-02   1.7892094e-01  -1.0373315e-01  -1.5405223e-01   1.3379764e-01  -8.1482442e-02   1.8971310e-01   1.3372592e-01  -3.5990349e-02   1.7905453e-02
  -1.3325295e-01  -1.8468909e-01  -4.9792155e-02  -5.9868657e-02  -2.1517397e-01  -1.5250372e-01  -2.6433973e-01  -1.4502709e-01  -4.6933487e-04   9.1709023e-02  -7.5403757e-02  -2.6286913e-01  -1.2692940e-01  -2.5824352e-01   2.1654910e-02   1.4431638e-01  -9.5288973e-02  -1.2721945e-01   8.5095715e-02   8.0514899e-02   5.4804494e-02   1.2518787e-02  -3.1124682e-01  -1.6494173e-01   1.9151770e-01   8.5450300e-02   7.9377577e-02   2.4492689e-01  -1.1214838e-01  -4.0667847e-02   2.2012949e-02  -5.5607201e-02  -1.1322723e-01  -1.1841470e-01  -9.2380369e-02  -2.3408361e-01  -6.2707315e-02   6.8690573e-02   2.9073647e-01  -4.9177253e-02  -1.1137841e-01   2.7106501e-03  -2.0040579e-02  -2.4946242e-01  -1.5152289e-01   7.9590605e-02  -7.2621143e-02   2.2342260e-02  -6.4203223e-02
  -1.3249647e-01  -6.5209316e-02   2.2323204e-01   9.9162397e-02  -4.2485186e-02   2.4659034e-01   7.5642749e-02  -2.9583344e-02   7.9982741e-02   4.0732195e-02   1.4440535e-01   1.1308066e-01  -2.9586418e-01  -8.0521058e-02   7.0713364e-03  -1.5192222e-01   3.8736301e-02  -4.8785205e-02   8.1643526e-02   7.7547941e-02  -4.9762125e-02  -1.0317729e-02   8.8637701e-02   7.9293145e-02   1.1413587e-01   1.3392540e-01   3.0657487e-01   4.3274913e-02  -1.2971228e-01   1.1032684e-01   1.9466089e-01  -3.2853054e-01  -4.4786525e-02  -2.7200670e-02  -9.1064174e-02  -1.0736724e-01  -1.2311458e-01  -2.3417977e-01   6.0679464e-03   9.5044448e-02   1.3518155e-01  -5.2730943e-02   5.7732414e-02   3.5837245e-01  -2.4373307e-01  -3.0728542e-02  -2.1904695e-02  -1.9726389e-01  -3.6657116e-02
  -1.4527105e-01  -1.1467623e-01   2.2978452e-01   5.8489207e-02   1.6137246e-01   8.1687670e-02  -2.9280167e-01  -1.7241394e-02  -1.1930904e-02   1.5063458e-01   4.5810777e-02   8.6234259e-02   8.9627569e-02   1.2950180e-01   5.0291115e-03   2.2280789e-01   5.2175610e-02  -1.6438370e-01  -3.3719120e-01  -1.4303673e-01  -7.4650527e-02  -9.6097618e-02   6.5801636e-02  -7.6617070e-04   7.2723982e-02   1.2406972e-01  -6.5275849e-02   1.4215770e-01   3.0948544e-02  -8.7301363e-02   2.3685568e-02   9.7309702e-02   2.2142039e-01  -1.1251663e-02  -1.0166397e-01  -7.9502612e-03  -6.3652803e-02  -2.0231344e-01  -1.8578553e-02  -1.4735028e-01  -2.2656893e-02   6.1905090e-03   4.3491639e-03  -1.3694082e-01   1.0854345e-01   9.2084509e-02   3.5624515e-01  -3.6889309e-01   8.9268612e-02
  -1.2814427e-01  -1.1677138e-01   9.4121871e-02   1.5906805e-01   1.0525919e-01   1.0590055e-01  -3.5796085e-01  -3.8866001e-02  -1.2478280e-01  -2.2516086e-01   4.4207775e-02   2.5119549e-02  -2.0024042e-02  -2.2231459e-01  -1.6872175e-01  -2.2566317e-01  -9.0711648e-02   6.6487398e-02  -3.0843943e-02   1.5136247e-01   8.4517856e-02   5.4957401e-02  -3.2335006e-02   1.9476310e-01   1.3654788e-01  -2.0238354e-01  -7.9624553e-02  -3.3684217e-02   6.5789894e-02  -8.8200011e-03  -1.2263475e-01  -1.4751218e-01   1.6059363e-01   2.0849868e-01   4.1104310e-02  -5.6297457e-02   1.2364303e-01   2.0826212e-01  -9.8641453e-03  -1.6484934e-01  -6.7360665e-02   2.4434749e-01  -2.5948978e-01   1.0647160e-01   1.4383787e-01  -2.0433029e-01  -1.1209500e-01  -1.1149060e-01  -3.7819746e-02
