  -1.4021260e-01  -1.0073534e-01  -2.4419901e-01   1.2640182e-02   9.6859486e-02  -4.9282328e-02   2.0450665e-01  -5.4330933e-02  -2.3956387e-02   3.4824810e-02   2.0174166e-02  -4.1019688e-02  -6.9733741e-02  -1.5198101e-01  -6.1930110e-03  -7.7189927e-02   2.1071846e-01   1.7233003e-01   2.0040131e-01   1.9358857e-01   8.0618158e-02  -6.8852349e-02  -2.7709255e-01   1.0801267e-01  -6.5714532e-02   6.3830375e-02  -3.0193657e-01  -1.7956743e-01  -1.2564949e-01   1.3090661e-01   1.2677190e-01  -5.9543569e-02  -1.4941592e-01  -3.2681841e-03   2.0198000e-01  -3.0969764e-02   2.5440835e-02  -2.0116119e-01  -9.9736261e-02  -2.6614425e-01  -7.0188212e-02  -9.4262716e-02  -1.9143058e-01   3.1970533e-02   1.4611956e-01  -1.3849327e-01   7.6743878e-02  -1.9220762e-01   2.4368925e-01
  -1.2470725e-01  -4.2552496e-02   2.9335582e-02   1.1534596e-01   2.2066504e-01   1.0830315e-01  -1.5984269e-01   9.1567690e-02  -1.6316977e-01   4.6775920e-03   2.5996672e-01  -8.3689939e-05  -2.6463612e-01  -1.8137549e-01   4.7844954e-02  -2.3077222e-02  -8.9988983e-02  -1.1752251e-01  -1.3254576e-01   2.2103904e-01   7.5838229e-03   9.5096839e-02  -1.2786118e-01   1.3881089e-01   1.6013722e-02  -6.1031494e-02   3.5867600e-03   5.4914302e-02   1.0003653e-01   1.5807556e-01  -3.5603580e-01  -8.5210302e-02  -1.7296517e-01   1.9179589e-01  -1.9467141e-01   2.9136315e-02  -1.6790611e-01   3.3838231e-02   2.4792274e-01   1.3307115e-01   1.3585970e-01  -1.7331567e-02   1.1813647e-01   6.3711074e-02   1.1777433e-01  -1.2285083e-01  -8.6610062e-02  -2.7654908e-01   3.7106768e-02
  -1.3379820e-01  -1.4153328e-02  -1.3147314e-01  -8.1333470e-03  -3.5424490e-01   1.5791022e-01   1.0377207e-01   2.9109321e-01   1.4206026e-01   1.8294424e-01   1.6620936e-01   1.5363247e-02   1.1430001e-02  -8.7503867e-02   2.8738589e-01  -2.2303752e-02   6.4647845e-02  -1.7816254e-01   8.3946320e-02  -1.4870687e-02   1.8433789e-01   2.2940890e-01   1.4655541e-03  -2.4880153e-01   1.5638420e-02   2.7803542e-02  -8.0839493e-02  -2.3098450e-01   3.2562691e-02  -7.5532564e-02  -1.0956247e-01  -8.6337937e-02  -1.1415370e-01  -5.6590422e-02   1.0746139e-01   1.6897557e-01  -1.2926450e-01  -8.9950416e-03   1.2202042e-01  -1.1289855e-01  -1.2548132e-01   4.5621786e-02  -2.2355952e-02   1.6063942e-01  -1.3942521e-01   9.6340302e-02  -5.8318623e-03   7.6463586e-03  -3.0609331e-01
  -1.4357651e-01  -1.3948606e-01   6.8424320e-02  -1.4668555e-01   6.7345979e-02  -1.2165926e-01  -3.7146497e-01  -1.8188651e-01   6.1046614e-02  -8.7449189e-02   2.5843051e-01   1.4728752e-01  -1.0744721e-01  -1.4197398e-01   9.6305556e-03  -1.0093125e-01  -1.9061335e-02   1.1111319e-02  -1.0919561e-02  -1.3202374e-01   5.1822768e-02  -1.4583696e-02   7.0799741e-02  -3.7718370e-02  -1.1381839e-01   6.5773576e-02  -1.1422232e-02  -8.8596073e-02  -2.3173837e-01   3.5170820e-01   1.5534612e-01  -3.9395345e-02  -7.4522712e-03  -3.1367526e-01  -6.8123661e-02  -1.4984602e-01   3.9601095e-02   1.1111786e-01   1.8576994e-01  -2.4117928e-01   4.6595713e-02  -1.3474885e-01   5.6607754e-02  -9.6570422e-02  -1.6687429e-02   1.0741699e-01   8.9207381e-02   1.2169841e-01  -2.1492851e-01
  -1.4438611e-01   1.1487442e-01  -2.8409184e-01   3.9966188e-02   3.4978065e-02   4.2573045e-02   2.8601329e-01  -1.0490362e-01   6.0806775e-02  -1.5875084e-01   3.1726876e-02  -3.3647672e-02   3.9829825e-02   2.1663216e-02   3.6569483e-02  -1.5598801e-02   2.6884020e-02   7.7203157e-02  -1.7534230e-01   2.8112256e-02  -1.5674050e-02  -1.5162905e-01   3.9612363e-01   3.1719656e-01   1.0423387e-01  -1.1859461e-01   4.4609640e-02   2.6260145e-02  -1.3474476e-02  -5.3241455e-03  -1.8659001e-02  -1.0646133e-01  -3.1408322e-01  -1.7694677e-01  -2.2628621e-01  -1.5598452e-02  -1.1359337e-01   6.4143520e-02  -4.0107666e-02  -1.5980982e-01  -1.0952486e-01  -4.5659929e-02   1.6292392e-01   2.5881239e-01  -9.4242626e-02   1.8538984e-03  -1.3761489e-01   1.8053701e-01   3.2408749e-02
  -1.3028803e-01  -2.4648964e-01  -1.2250045e-01   1.4049230e-01   6.4871346e-02  -1.3080990e-01  -3.8131173e-02   5.5121903e-03   3.2637518e-03   6.2086126e-02  -1.1777217e-02  -9.8973765e-03  -1.7640599e-01  -6.8892908e-02  -2.2001792e-01   2.5112297e-01  -1.7442622e-02   6.5661494e-02  -5.1299916e-02   1.6477579e-01  -2.8295912e-04  -3.7030934e-02   1.0919029e-01  -4.9855285e-01   5.8350112e-02   4.4222522e-02   1.1750825e-02  -2.3779719e-02  -2.0325908e-01  -1.9016720e-01  -8.7646378e-03  -1.0958135e-01  -1.2602155e-01  -9.0372295e-02  -2.1776522e-01   7.9586908e-02  -4.3199295e-02  -1.5378275e-01  -3.2842272e-01   5.3257160e-02   2.3421986e-01   1.0635321e-01   1.1088045e-01  -3.3478864e-02   4.0692856e-02  -1.0760021e-01   2.8604704e-02   9.3293172e-02  -7.1059397e-02
  -1.2674186e-01   1.8942029e-01   3.7101077e-02  -7.7292665e-04   1.9291065e-01   3.5030238e-01   4.6933631e-02  -5.0046068e-02   4.3013526e-02  -1.0912944e-01  -1.5491365e-01  -1.2875895e-01   9.0707757e-02   2.6280866e-01   1.4196271e-01   1.6451716e-01   2.5246929e-02   1.7332993e-01   6.9294034e-02   4.7715657e-03  -2.4240767e-02  -7.4174730e-02  -1.4914506e-01  -1.7840225e-01  -7.5431211e-02   2.0344506e-01   9.9907487e-02  -1.6481161e-02  -1.9988349e-01   7.9039803e-02   1.1849313e-01  -6.9236150e-02  -1.1711902e-01   4.4240437e-02   3.0884303e-02   8.1756285e-02   5.9186956e-02   3.4678990e-01   6.8285327e-02   6.8385435e-02   3.5688104e-02  -9.2349779e-02   2.0107318e-01   1.5422132e-01   3.6645081e-02  -1.8161826e-01   2.3722865e-01  -1.7599188e-01  -1.8206138e-01
  -1.2718269e-01   1.5532131e-01   9.7288097e-02  -1.6363091e-01   6.6076207e-02  -2.6792726e-02   1.0054212e-01   1.0582774e-01   2.7955676e-01   1.6909754e-01  -1.5602591e-01   1.6260584e-01  -1.4494594e-01  -1.5021606e-01  -3.7642271e-02   1.4451860e-01  -2.0259338e-01   4.4556730e-02   5.8001476e-02   3.2262841e-02   8.2453482e-02  -9.9847096e-02   1.0536217e-02   1.1245169e-01   1.2763823e-01  -5.2888172e-02  -1.0511638e-01  -2.8868595e-02   8.7005502e-02  -1.3734979e-01   1.1713337e-01   7.7000008e-04   1.0010609e-02  -2.7479186e-01  -1.1392902e-01  -1.3029751e-01  -1.0208912e-01   5.8505591e-02   1.7787720e-03   2.5085697e-01   5.7912962e-02  -7.2593251e-02  -1.1466020e-01   1.0659719e-01   2.7903607e-01   3.7026532e-01   1.7692311e-01  -2.5160136e-01  -2.3073442e-02
  -1.3013034e-01   1.5707737e-01  -3.1053863e-02   1.2481166e-01  -1.5891707e-01   1.9137099e-01  -2.4223726e-01   5.1802161e-02   2.6962895e-02  -1.7047421e-01  -1.0276638e-01   1.6662024e-01   2.2837866e-01  -1.1751377e-01  -5.9297499e-02  -1.0466127e-01   1.3062739e-01   5.4532855e-02  -6.3004267e-02   2.6111211e-01   2.1295008e-01  -1.9781537e-01   2.4599886e-02   5.1861596e-02  -1.1180331e-01   3.9150525e-05  -6.2406489e-02  -3.8238991e-02  -2.0901670e-02   1.6375500e-01   1.7440711e-01   1.2324071e-01  -1.3970057e-01   1.4767303e-01  -1.3200012e-02  -1.6930132e-01  -2.4833082e-01  -1.2081333e-01  -8.1362389e-02   2.9608157e-01  -1.9096856e-02   3.0475120e-01  -4.9759930e-02  -1.6267257e-01  -1.3663594e-01   2.6014723e-02   6.8424219e-02   6.0236429e-02  -9.4049959e-02
  -1.4489964e-01   1.3968259e-01   9.6099121e-02  -2.2402272e-01   2.2124666e-01  -2.2491131e-02   5.2731863e-02   1.3924710e-01   1.2197982e-01   8.6535735e-02   2.7853064e-02  -2.5093320e-01   1.5882843e-01  -1.2985245e-02   4.5648215e-02   1.5212125e-01   2.3005021e-01  -9.0322418e-02  -2.8367557e-01   2.1883657e-02  -7.6045268e-02   1.2184049e-01   2.4223887e-01   2.7530611e-02  -1.0807856e-01   2.7548232e-01  -1.2557772e-01  -1.2785577e-01  -1.6764764e-01  -1.1566709e-01  -1.8200648e-01  -2.2192690e-02   1.5763121e-01   2.9557901e-02  -9.9550437e-02  -2.0125648e-01  -8.9084900e-02   4.2167276e-02   6.2005201e-02  -1.4175546e-01   4.7619986e-02   1.6575647e-01  -1.6214750e-01  -2.5646428e-01  -9.3041180e-02  -5.7402724e-03   3.1708421e-02  -9.3424964e-02   1.5749407e-01
  -1.3113655e-01  -1.2495203e-01  -1.0846086e-01   1.9470203e-02  -9.6389293e-02   2.6300916e-01   5.6208783e-02   2.9545642e-01   7.0210590e-02  -1.4832370e-01   2.8562392e-01   8.7052299e-02  -3.3924560e-02   1.1018497e-01  -1.7555300e-01   1.2974013e-01  -6.3207155e-02   9.0714962e-02   8.1499566e-02  -7.4570868e-02  -2.7129935e-01   5.7603821e-04  -1.0242890e-02   3.4128569e-02   2.3564667e-01   1.1628317e-02  -1.6846927e-01   7.1381977e-02   1.8979416e-01  -9.1861319e-02   7.2350984e-02   2.0428761e-01   4.4290751e-02  -8.5399584e-02   1.2671113e-01  -3.8662288e-01   3.7127853e-02  -1.9982864e-02   8.3299577e-04  -4.8926410e-02   3.1947377e-02  -1.0109235e-01   2.0241652e-01  -2.1568778e-01  -8.9095350e-02  -1.8559149e-01  -4.7189034e-03  -7.6490309e-02  -5.7245415e-02
  -1.3274084e-01   8.4936771e-02  -2.2447410e-01   2.2076870e-01  -5.0492118e-02   1.2537267e-01  -4.1562958e-02   4.2722194e-02   2.1376516e-02   2.4815040e-02  -1.3518336e-01  -2.7870403e-01  -6.3621112e-02  -5.0991575e-02  -2.5515159e-01  -1.2811138e-01   2.5352583e-01   3.8816992e-02  -1.4136737e-01  -5.0324017e-02  -1.7587853e-01   5.6374603e-03  -2.6099623e-02  -1.8325551e-01   7.8907608e-02  -2.5925538e-01   5.8887668e-02   2.4710490e-01  -8.1243528e-02   1.5543091e-01  -5.1494807e-02  -5.5549842e-02   1.3808109e-01  -1.0716457e-01  -1.1122971e-01   6.7875311e-02   9.7332453e-02  -1.7466748e-02   1.3198682e-01   5.4027236e-02  -2.6719180e-01  -1.7507896e-01  -2.3957645e-01  -1.4732465e-01  -8.1645773e-03   1.8213566e-01   1.0261232e-02  -1.7116221e-01  -1.4001185e-01
  -1.4702129e-01   1.5634271e-01   2.2499597e-02  -1.1631817e-01  -1.3283102e-01   9.9981295e-02  -1.1149890e-03  -1.9774731e-01   4.1792812e-02   2.0332724e-01   8.8903170e-02  -2.4363200e-01   2.0421085e-02   1.3734062e-02  -1.8422944e-01  -2.6450716e-02  -4.7702558e-01  -1.7267130e-02  -1.6806382e-02   4.1786326e-02  -8.8416898e-02  -1.4594051e-01   1.9774151e-02  -6.4533954e-02  -2.4813941e-01  -1.9470678e-01  -9.0165113e-02   6.6188139e-02  -1.6744888e-01  -1.4876760e-02  -2.8306409e-02   1.7764304e-01   1.5686815e-02   3.8995812e-02   1.3320788e-01   4.6983554e-02   1.7782593e-02  -2.0111474e-01   9.9698989e-02  -2.0741579e-01  -8.5306821e-02   3.0127610e-01   2.2486080e-01   6.7694962e-02   1.4385907e-02   4.1062777e-02  -4.9032590e-03  -1.4160371e-01   2.8261015e-02
  -1.3263864e-01  -3.8084194e-02   3.7393691e-02  -1.4650579e-01   1.4118790e-01  -1.8853532e-02   1.3009085e-01  -2.8265403e-01  -1.3046118e-02  -1.9839435e-01   1.0440745e-01   1.2821517e-01  -7.4089571e-03   2.6532183e-02   3.4525667e-02  -2.6629371e-02  -1.8746598e-02  -1.7350758e-01  -1.0278906e-01   5.0079484e-02  -2.4305685e-01  -1.0812277e-01  -2.5946744e-01  -4.2535486e-02   7.5675481e-02  -8.9486960e-02   2.3448147e-01  -2.0088129e-01   2.5799574e-02  -2.1794256e-01  -1.8079501e-01   1.2226655e-01  -3.9296130e-02  -1.6550891e-01   4.4476784e-02  -4.8466454e-02  -8.0617037e-02  -9.9578852e-02   5.0503636e-02   1.0794746e-01  -2.4110404e-01   1.5093668e-01  -3.2708493e-01   2.2100484e-02   3.3067583e-02  -2.1239406e-01   1.6268923e-01   1.0985780e-01  -2.1481976e-01
  -1.5704155e-01   7.3284429e-02   2.9646223e-01   1.4572679e-01  -7.1125406e-02   1.4810945e-01   2.0608443e-03   1.0276201e-01  -2.3644529e-01  -6.4202358e-03   1.4709664e-02   9.6871111e-02  -1.3834661e-01   1.5751672e-01   1.7134211e-01   4.3315329e-02  -5.0431587e-02   1.4052792e-01  -9.8038318e-02   1.4470972e-01  -7.0181947e-02  -6.9462049e-02   5.1915465e-02  -8.5985516e-03  -2.5903584e-02   6.0650070e-02  -1.1031877e-02   2.3813657e-01  -1.0241287e-01   9.0088430e-02  -2.4557657e-01  -1.9471753e-01   2.3395998e-02  -1.8670912e-01   3.9379824e-01  -8.0648952e-02  -9.3199053e-02   3.1459564e-02  -2.5080725e-01  -1.1547115e-01  -3.7084010e-02   2.4602446e-02  -1.4981589e-01  -2.4098180e-02   2.1251878e-01   1.8099502e-01  -1.2584643e-01   1.9355160e-01   6.7620212e-03
  -1.4906381e-01  -1.7417850e-01   3.4021081e-05   1.0745135e-01   4.4588720e-02  -5.6268404e-02  -1.7414621e-01   2.4769628e-01  -1.2044907e-01   1.2789120e-01   9.5924915e-03   5.5482838e-02   1.7950778e-01   1.5552018e-01   6.3485420e-03  -7.9545081e-02  -2.2819598e-01  -6.4478559e-02  -3.2215389e-01   2.3962831e-01   1.6991345e-02  -9.7491956e-03   1.3119240e-01   2.7670182e-02  -1.1972257e-01   8.6192212e-02  -5.2929101e-02  -2.7210258e-02   1.7361363e-02  -1.8344805e-01   3.0940525e-01   2.7878816e-02  -1.1324048e-01  -4.4012353e-02   1.2734483e-02   2.5636913e-02   3.8661961e-01   2.2161255e-02   1.6566990e-01   7.2609505e-02  -1.2359424e-01  -1.4185990e-01  -2.4533977e-01   1.7056413e-01   5.4239296e-02  -1.3484995e-01  -7.8340955e-02  -1.0108197e-02   1.9269546e-02
  -1.3854356e-01  -2.7088334e-01   1.4677495e-02   7.2055193e-02  -5.6936134e-02   7.1567736e-02   9.1965046e-02  -1.4614841e-01   1.2852269e-01   1.4880838e-01   7.2546191e-02  -1.9952149e-01   2.3971712e-01  -2.5791874e-01  -2.6011772e-02  -2.3063598e-02  -1.3354215e-02   1.0675753e-02  -7.0693390e-02  -1.7634664e-01  -6.7748583e-02  -2.0803041e-01  -3.7247528e-02  -1.4352487e-01  -2.8860567e-01   2.2184096e-01  -4.4618474e-02   7.4391935e-02   2.6464124e-01   8.6155565e-02  -7.9108994e-02   3.7488956e-02   1.0473199e-01  -5.1714619e-02   6.1747398e-02  -5.6824838e-02  -2.5227181e-01   9.5474367e-02  -1.2343881e-02   2.5630655e-01  -1.0241361e-02  -2.5429416e-01   1.9869226e-02   1.6493876e-01   8.0442446e-02  -6.8104400e-02  -6.6003402e-02   1.8595655e-01   1.4769765e-01
  -1.3081478e-01   2.2074951e-02  -1.4611040e-01   5.6541269e-02   2.6386719e-01   8.9681636e-02   1.8939849e-01   3.2622078e-02   2.2484738e-03  -1.2518577e-01  -1.1907648e-02   1.5432620e-01   9.4746482e-02   2.1774372e-01  -6.2316085e-02   2.1257378e-02   1.7396783e-02  -2.8693426e-01  -1.9958618e-01  -1.2915886e-01   3.1441715e-01  -1.0848999e-01  -2.6126968e-01  -8.1647608e-02  -4.7456380e-02  -1.1521834e-01  -1.9546211e-01  -6.5556121e-02  -1.0043524e-01  -5.7660140e-03  -1.5198661e-01   1.0349547e-01   4.4585991e-02  -1.3749586e-02   7.6084135e-02   6.0783955e-02   1.5713701e-01  -1.2308823e-01   1.0467454e-01   6.7377102e-02   1.7804732e-01  -1.3614981e-01   1.8425420e-01  -1.1864806e-01   5.1402560e-03   2.9903164e-01  -6.4062494e-02   2.2138150e-01   9.1638463e-02
  -1.5642046e-01  -1.4014029e-01  -2.7828089e-02   5.8022948e-02  -2.9980608e-02   8.4825233e-02  -9.9888129e-02  -4.1251835e-03   1.3200068e-01   2.3661208e-02  -2.1096009e-01  -8.5954996e-02  -5.6098297e-03   1.6406254e-01   1.0121970e-01   2.8846086e-01  -9.7621857e-02   6.4068767e-02   2.4729429e-01   3.3352698e-01  -1.6676900e-01   1.6433647e-01  -1.2178830e-01   2.5123143e-01  -2.0520086e-01  -2.3527977e-02   1.6788287e-01  -1.9036250e-01  -1.1887618e-02   7.7050402e-02  -6.2996156e-02   1.8736595e-01   1.5431878e-01  -1.5661084e-02  -2.2151308e-01   5.6580404e-02  -7.0701798e-02  -1.5505592e-01  -2.1332425e-03  -7.1292235e-02   2.5896861e-02  -2.3163836e-01  -3.6639312e-02  -6.7314906e-02  -1.1533010e-01   1.4652093e-01  -1.8155192e-01   1.7573713e-01  -5.5483096e-02
  -1.4104778e-01  -1.2786115e-01  -7.3398419e-02  -6.4846843e-02  -1.3819294e-01  -2.1333574e-01  -9.5442763e-02   9.3962909e-02   2.8763256e-01  -8.8496959e-02   3.1402288e-02   4.9347399e-02  -1.5519365e-01   1.5124797e-01  -8.0843855e-02   8.7989847e-02  -2.1715245e-02   1.0935243e-01  -3.1071252e-01  -1.2146924e-01  -1.4567413e-01   1.9386807e-01  -1.6752194e-01   5.0781598e-02   1.0217407e-02  -1.4734152e-01   2.8109525e-02  -2.1777368e-01  -1.1758795e-01   2.2523492e-01  -2.2165658e-03  -6.7018941e-02   1.6568204e-02   1.8849696e-01   1.6886844e-01   6.1924216e-04   3.3447053e-03   2.3288246e-01  -2.0832167e-01   1.9524418e-01  -1.5936602e-01   1.4558252e-01   6.4178520e-02   1.9606294e-01  -9.1242862e-02   7.6683357e-02   3.8828334e-03  -1.5597345e-02   2.4583049e-01
  -1.6281111e-01  -8.6780156e-02   1.9521915e-01   3.1087198e-02  -1.0363266e-01  -3.0010343e-02  -1.0811691e-01  -9.5266322e-02   1.5973484e-01  -3.1218010e-01  -1.8448074e-01   3.7113043e-03  -1.3780487e-01  -3.5889882e-02  -1.8920198e-01  -1.8177974e-02   4.4097610e-02  -1.6897242e-01  -2.5571615e-02  -1.4003718e-01  -5.9440234e-02  -8.2772212e-02   8.2891126e-02   1.5533767e-01  -1.4032946e-01   1.8506542e-01   2.2692361e-02  -3.2713067e-02   3.5892781e-02  -3.2236867e-01   3.1756997e-02  -2.9347955e-01  -1.8194719e-01   1.8993632e-01   2.2580803e-01   1.4555933e-01  -7.0004913e-02  -1.8392380e-01   3.6647437e-02  -6.7340609e-02  -3.0115373e-02  -2.2155823e-01   9.4771769e-02  -1.1771395e-01  -5.9088179e-02   9.0352188e-02  -7.8873494e-02  -2.2331778e-01  -1.2037470e-01
  -1.5845659e-01  -1.5699266e-01  -1.0908075e-01   1.4785305e-01   1.3100363e-01   2.1317426e-02  -2.8757844e-02  -1.4842746e-01   5.4061402e-02   5.2309651e-02   8.5777434e-02   1.4048821e-01   1.4431138e-01   1.2909237e-01   3.4467222e-02   1.1497592e-01  -1.0137888e-01   2.5766214e-01   4.7005663e-03  -6.0920671e-02   2.4440069e-01  -3.5820699e-02   2.5199838e-01  -1.5833455e-02  -4.0232159e-02  -1.2443015e-01   1.5786798e-01  -7.8877041e-02   3.9477121e-01   6.3489953e-02  -2.0525501e-01  -1.7784813e-01   1.6113854e-01   2.0589518e-01   4.2679928e-02  -1.2306812e-02   1.3691875e-01  -6.9264735e-02  -3.8634295e-02  -1.7035249e-01  -2.5644326e-02   5.2664570e-02  -9.9526912e-02  -8.4560316e-02  -2.3940494e-02   7.1378530e-02   3.6538164e-01  -1.3601955e-01  -4.1967764e-02
  -1.4626345e-01  -9.5785494e-02  -4.5313372e-02  -5.3259765e-02  -1.6870710e-01  -4.0091810e-01   3.1753739e-01   2.3841894e-01  -5.4724214e-02  -1.2564125e-01   3.9865063e-02  -2.1895789e-01  -9.1180612e-02   3.2888331e-02   4.2801964e-02  -1.4650703e-02  -3.2335925e-02  -1.0807092e-01   1.6825367e-01   9.9528755e-02   1.1877667e-01  -1.4599777e-01   6.8717851e-02   1.2666573e-01  -1.7705859e-01  -1.1713315e-01   1.4333466e-01   2.0355044e-01  -1.9611999e-01   5.7531514e-02  -2.9795857e-02  -5.1404441e-02   1.0231891e-01   1.7179531e-01   7.5117635e-02  -2.1014840e-01   4.3324091e-02   6.5754568e-02   1.2312935e-01   1.6061398e-01   1.7293077e-01  -3.8244296e-02  -2.8222512e-02  -8.2069272e-03   6.3181961e-03  -8.7799387e-02   2.2097793e-01   8.0292974e-02  -2.1501583e-01
  -1.4322998e-01  -2.8750351e-01  -3.4123031e-02   2.7979943e-02   1.2355539e-01   1.8592753e-01   1.1550442e-01  -1.9760106e-01   7.7399093e-02   2.4496752e-01  -4.5630187e-02  -3.1812622e-03  -2.0584262e-01  -4.7933610e-02   8.4371045e-02  -8.5459374e-02   1.6309438e-02  -5.4817259e-02  -1.6028421e-02   1.2250375e-02  -4.8915369e-02  -1.2312036e-01   1.4561799e-01   1.0982121e-01   3.9097814e-01   1.8184506e-01   1.0470654e-01   9.0563921e-02  -1.3720938e-01   8.3657634e-02   1.6131966e-01   1.9452989e-01   5.2954496e-02   1.8831228e-01   2.3377961e-01   1.3347316e-01   1.7208417e-02   5.0783508e-02   1.1383919e-01   5.9397948e-02   2.3708615e-01   1.5606322e-01  -1.5624489e-01   1.1044884e-02  -2.3508163e-01   1.3483195e-01  -7.9358542e-02   9.9591383e-03  -3.4001875e-02
  -1.5118911e-01   4.3666407e-02   5.8662522e-02  -1.8760551e-01   2.2036295e-01   2.0262433e-01  -7.6129315e-02   8.7419712e-05  -1.4867398e-02  -4.1708637e-02   2.3888859e-01  -7.0964579e-02  -9.0838300e-02  -2.3578241e-02   2.1532316e-01   7.1596110e-02   1.7459278e-01  -2.9081516e-01   1.9727552e-01  -3.1050748e-02  -1.5182370e-01   6.2951470e-02   2.7128617e-01  -4.2229142e-02  -1.2563936e-01  -3.3269375e-01  -8.4336285e-02   4.1639402e-02   6.1106146e-02   2.9371696e-02   3.1666428e-01  -5.9033675e-02   6.2031479e-02   1.6083999e-01   2.0183723e-02   1.4485883e-01   6.0844683e-02  -1.1656864e-01  -2.4587428e-01   1.7735393e-01  -8.7415107e-02  -4.7228068e-02   1.2964964e-02   3.6381147e-03   1.5495816e-01   3.9622926e-03   5.2271216e-02   1.0883181e-01   8.2783451e-02
  -1.5504788e-01   2.7045035e-01  -1.9513667e-02   4.7611015e-02   1.3254183e-01  -7.5615900e-02  -9.1201842e-02   1.0499612e-01   1.1086566e-01   3.7857706e-02  -1.1663165e-01  -1.2028016e-01  -2.1904333e-01   7.1044450e-02   8.6692664e-02  -2.3123889e-02   2.5160374e-02  -9.1506249e-03  -6.0720980e-02  -1.1115833e-01   1.0471633e-02   2.3077109e-02  -2.2037383e-01  -1.8143048e-01  -1.8854864e-02   1.6096372e-03   2.5062911e-01   1.1382982e-01   3.2484814e-01   1.5259557e-02   2.8062849e-01  -1.5152393e-01  -4.2209789e-02  -2.9611913e-03   2.3297092e-02  -2.6456616e-01  -9.0441464e-02  -2.4839288e-01   1.6771842e-01  -1.9907573e-01   1.9737199e-01   1.1373557e-01  -6.2690137e-02   1.8510212e-01  -1.2218668e-01  -5.1294096e-02  -6.3295373e-02   1.7985867e-01   1.3496855e-01
  -1.5798362e-01   1.6438738e-01   1.5307299e-01   3.1760911e-01  -2.6396528e-01  -1.1926034e-02   5.0804422e-02  -1.9118190e-01   6.8695222e-03  -1.6350046e-01   1.4362919e-01  -5.1302693e-02  -2.0333467e-01  -1.3160487e-01   1.7929091e-01  -9.6629514e-02   9.4885447e-03   6.2920417e-02  -9.4415645e-03   1.4647777e-01  -1.1178426e-01  -9.2569824e-02  -1.0242781e-01  -2.8070208e-02   5.6683814e-02   8.5056622e-02  -2.4908173e-01  -1.0421005e-01   6.5006076e-02  -2.3701803e-01   5.4155613e-02  -3.2094096e-02   2.1450422e-01   9.3007756e-02  -2.5740909e-01   5.6196740e-02   2.3786356e-01   1.9033583e-01   8.9413384e-02  -3.4068441e-02   2.2608206e-02   5.0402163e-02   5.4076079e-02  -3.6338487e-02  -6.7340225e-02   1.1428581e-01   2.0136825e-01   1.7928566e-01   1.8785880e-01
  -1.4322806e-01  -2.3956902e-02  -1.8262843e-01  -1.9000270e-01  -7.9236570e-02   1.0083325e-01   2.2046610e-02  -8.4047990e-02  -7.0025892e-03   4.4192346e-02  -4.0198171e-02   2.7939090e-02  -3.4964439e-02   1.4414174e-01  -1.6643118e-02  -3.3176065e-01  -1.4039239e-02   1.8156887e-02   2.1273966e-01  -5.7937067e-02  -1.3332224e-01   8.6639650e-02  -2.3112895e-02   5.4444635e-03  -2.9425336e-01   2.5140774e-03  -4.0983431e-03   7.4795990e-03   1.6221714e-01  -4.7961363e-02  -1.5040839e-01  -1.5173650e-01  -2.4566566e-01  -1.9970206e-01  -7.6919016e-02  -1.6603995e-02   2.5881069e-01   2.1236526e-01  -1.2493914e-01   1.7545544e-01   3.2088163e-01   1.9850100e-01  -1.4313719e-01  -1.8522366e-01  -1.1335345e-01   5.2161925e-02  -1.5484338e-01  -8.4403296e-02   6.3831517e-02
  -1.4129395e-01   1.8838269e-01  -8.1460956e-02   2.9610350e-01  -2.4592494e-02  -2.6162825e-02  -1.3342638e-01   1.1429741e-01   2.1177938e-01  -1.8260621e-02   5.5415074e-02   6.4958669e-02  -1.1662398e-02   1.4093692e-01  -1.7379691e-01  -3.8487282e-02  -7.6447877e-02  -1.5450478e-01   2.9420100e-01  -1.4691050e-01   9.6904090e-02  -2.7938625e-02   1.7668483e-01   1.0840525e-01   8.4610244e-02   1.0230790e-01   1.1719644e-01  -1.0565447e-01  -1.3434007e-01   4.9731248e-02  -7.3075501e-02  -1.8143603e-02   1.6323578e-01  -2.2194802e-01   7.6662089e-02   2.7184667e-01  -1.1009037e-01   2.5627278e-02   1.5142742e-01   7.8313293e-02   1.9761883e-02   1.0034547e-01  -9.9785655e-02  -7.4106139e-02   2.0077169e-01  -3.3431181e-01   6.1974440e-04   6.9675880e-02   2.7175442e-01
  -1.6119516e-01   8.1647106e-02  -1.1598822e-01  -2.8199442e-01  -1.3022154e-01  -4.0644871e-02  -1.8181163e-01   1.0665615e-01   5.3859008e-03   2.4548406e-02  -7.8837963e-02   9.6560001e-02   2.2275239e-02  -6.2006739e-02   1.8845997e-01  -2.9107518e-01   1.2221953e-01   1.5113307e-01  -1.9925821e-02   9.8929885e-02  -2.6116551e-02  -2.2510522e-01   9.6771432e-02  -2.0901937e-01   1.3132714e-01  -6.9400184e-02   3.4143857e-01  -1.2398913e-01  -6.8963904e-02  -1.6768914e-01  -1.6167396e-01   2.4562144e-01   1.7011879e-02   1.5907651e-01   5.2317787e-02  -2.5013235e-02   2.1149322e-02   1.3824094e-02   6.5577095e-05  -8.5619063e-02   4.6214494e-02  -2.6395730e-01   1.7607479e-01  -6.5586060e-02   2.1539899e-01   1.7756508e-02  -5.4795474e-02  -4.0507102e-02   2.2238287e-01
  -1.6259124e-01   1.5883130e-01  -1.3773279e-01  -2.0522171e-01  -2.1616028e-01   1.4737426e-01   3.2239141e-02  -3.3579421e-02  -1.8823941e-01   1.1534106e-02   1.4438160e-01   1.3544260e-01   2.9087340e-02  -4.2307591e-02  -1.2637101e-01   2.0596608e-02   5.6855600e-02   8.9826509e-02  -2.0851181e-01  -1.4737670e-01   6.0298671e-02   5.8058145e-03  -1.2860256e-01   2.1460725e-01  -1.2994316e-02   1.4938174e-01   7.3112670e-02  -1.7713039e-02  -5.8727357e-02  -3.8221718e-04   9.4757395e-02  -1.3621479e-01   4.4062294e-01   6.2468686e-02  -1.6410550e-01   1.2444164e-01   5.5156104e-02  -1.7255628e-01  -1.8433821e-01  -6.9361410e-06   2.3765367e-01  -1.1480558e-02  -6.2417134e-02   2.0147875e-01   1.2520208e-01  -1.2560875e-01  -1.5241274e-01  -7.4178019e-02  -2.2893547e-01
  -1.3741403e-01   7.5915007e-02   8.9692795e-02  -2.7643149e-01   1.6931920e-02  -1.2111811e-02   8.5371516e-02   1.9959198e-01  -1.5258658e-02   3.3056706e-02   9.7116994e-02   4.1372247e-02   1.1625065e-01  -7.1143842e-02  -2.5862193e-01   2.6684396e-02  -2.0825319e-01   5.3577628e-02  -4.4624796e-03   4.9362195e-02  -1.6830117e-03  -5.7536804e-02  -1.8964516e-01  -8.6001068e-03   1.0948511e-01  -1.7605034e-02   1.5056725e-02   1.5903322e-01   1.1088679e-01   6.0446916e-02   1.0655225e-01  -6.9040649e-02  -1.7971201e-01   1.9254671e-01  -1.1274069e-01   3.8717514e-01  -1.7888244e-01   2.4396608e-01  -4.5543700e-02  -2.2491053e-01  -1.2777751e-02  -1.1209886e-01  -1.9253623e-01  -2.6813143e-01  -9.1211901e-02   1.3515163e-03   1.1275670e-01   2.5488003e-01   5.3889688e-02
  -1.4409546e-01   6.5376323e-02   1.3126544e-01   2.0550877e-01   1.2387634e-02   9.2363744e-02   2.1641717e-01   2.0356041e-02   8.5150381e-02  -1.6708827e-02  -1.6610397e-01   1.8873680e-01  -6.9430567e-02  -4.3820626e-01   1.1400914e-01   7.6762869e-02  -1.1269596e-01  -1.2570021e-01  -1.1064320e-01  -1.5388217e-01   1.6539589e-01   2.0241462e-01  -2.2055509e-02   1.7697184e-02  -1.8464023e-01  -9.7803227e-02   2.4592037e-01   1.0652282e-01  -7.7189864e-02   3.4630791e-02   3.1887014e-02   2.4784108e-01  -3.5382615e-02  -4.1945496e-02  -1.0637508e-02  -6.1343899e-02   2.1112117e-01   1.2215216e-01  -2.5210190e-01  -1.4058193e-01  -5.1482752e-02  -3.7745424e-02  -4.8026887e-03  -1.4857767e-01  -8.8804581e-02  -2.2441230e-01  -6.5954496e-02  -1.1750941e-01   4.6642294e-02
  -1.3985840e-01  -1.6956735e-01  -4.7922915e-02   5.6617455e-02  -2.2051851e-01   2.6072786e-02  -2.7382942e-02  -1.6826308e-01  -3.1668087e-01   1.4545160e-01  -2.6341763e-01   1.5098903e-01   8.7705497e-02   2.1244352e-01   2.6371031e-02  -1.0686321e-02   1.3448996e-02  -3.7484639e-01  -5.7810783e-02  -2.3904205e-02  -6.1854501e-02   6.7014829e-02  -1.1006413e-02  -1.2457704e-02   4.2921900e-02  -2.0407922e-01  -7.7284723e-02  -2.5979726e-03  -2.9669751e-02  -3.2762677e-02   1.4283775e-01  -7.5443977e-02   8.7626080e-02  -4.1721251e-02  -9.1284928e-02  -1.4961215e-01  -3.7131843e-01   2.0096142e-01  -7.4620642e-03  -1.8608065e-01   1.0592668e-01  -6.8223618e-02   2.7354668e-02  -3.2154880e-03  -1.3543173e-02  -6.6584183e-02   2.0046232e-01  -1.6518940e-01   1.6742471e-01
  -1.3600037e-01   6.4571828e-02  -9.5594172e-02  -6.2940535e-02   3.6103379e-02  -1.0997776e-01   1.3192928e-01  -4.8283077e-02  -2.2059177e-01  -2.9161309e-01  -5.7942375e-02  -2.0802254e-02   3.2515980e-01  -2.8472015e-01  -2.2038042e-02   4.0929718e-02  -1.7456082e-01  -5.0562700e-02   5.8068281e-02   2.3922486e-01  -1.5156279e-01   2.9895904e-01   6.3288334e-02  -1.3711658e-01   1.9496678e-01   1.0878667e-01   1.4698614e-01  -5.9707398e-02   8.0277650e-02   1.5999914e-01   9.5350734e-02  -1.8552539e-01   1.2358872e-01  -1.6750402e-01   2.2603898e-01   6.8877801e-02   6.1204365e-02  -6.7076312e-02   1.1745326e-01   1.1901270e-01   5.7175475e-02   4.7424821e-02   1.7283629e-01  -1.2749876e-02  -5.0677243e-02   1.6436002e-01  -1.5590356e-02  -8.1835335e-02   1.3360644e-01
  -1.4941245e-01  -1.0061104e-01   1.0651807e-02  -1.4712069e-02  -4.6729300e-03  -6.8663936e-02  -1.4894886e-01  -7.9112333e-02   1.8442848e-01   5.6023406e-02   8.3343359e-02   2.7130285e-01   3.1539741e-01  -9.8594906e-02  -3.2366293e-02   2.2841140e-01   3.1569152e-01   4.5680752e-02   1.8299488e-01   5.8133315e-02  -4.7819607e-02   7.1847301e-02  -1.5493659e-01   6.4394547e-02  -1.7397184e-02  -1.1587635e-01   8.7296608e-03   4.6179796e-01  -1.3707249e-01  -2.4854590e-01  -7.9088294e-02  -5.5540598e-02  -2.4625560e-02   3.7162629e-02   1.3615654e-02  -8.8885434e-03   1.0490584e-01   8.3349584e-02   1.9996216e-01  -8.7715661e-02   1.2614806e-03   1.8505915e-01   4.4187156e-02   2.0816010e-01   4.0874402e-02   4.5843005e-02  -8.0057313e-02   2.4570191e-02   6.7381767e-02
  -1.3333490e-01   1.8225361e-01  -1.2795904e-01  -2.0275898e-02   7.8771396e-02  -1.6141986e-01   1.6863922e-01  -2.0617530e-01  -1.6172001e-01   2.9197632e-01   4.9998441e-02   2.1990707e-01  -2.6175507e-01   1.1527530e-01  -1.9329484e-01   2.0844799e-02   1.3595732e-01   8.9338483e-02   3.3790683e-02   1.2965485e-01   9.9896488e-02   2.0795423e-01   7.5752565e-02  -4.3904969e-02  -1.6867489e-01   1.7688837e-01   3.9602905e-02   2.2174424e-03   1.1488888e-01  -8.6236717e-02   1.3161201e-01   5.0677132e-02   5.4051636e-02   1.0031156e-01   9.1593075e-02  -6.3090786e-02  -9.8695168e-02   1.5349210e-01   1.4132133e-01   1.4121869e-01  -3.3416271e-01  -1.9887094e-02   2.1350887e-01  -1.9372162e-01   5.6070465e-02  -3.3584888e-03  -1.5454742e-01   9.4531580e-02  -1.0139151e-01
  -1.2111765e-01  -1.3022432e-01   3.5052085e-01   9.3024249e-02   3.0988716e-02  -1.5395788e-01   2.0813200e-01   1.4740909e-01   4.7260465e-02   8.1995001e-02   6.6730695e-02   3.9608295e-02   7.8677133e-02   1.7810191e-01   2.0361233e-02  -2.7490708e-01   2.8126506e-01   1.4133495e-01  -1.4421425e-01   3.0264513e-02  -1.2120227e-01   7.9565046e-02  -2.9177149e-02   8.9690329e-02  -8.7708387e-02  -1.5764033e-02   7.7248252e-02   4.7922166e-02   1.2393737e-01   9.2347658e-02   1.0431669e-01   2.0189233e-01  -1.8850239e-02  -2.5084534e-01  -7.7381483e-02   3.1528341e-01  -8.3832937e-02  -2.0893423e-01  -1.9530471e-02  -1.3826954e-02   9.4478359e-02   1.1439398e-01   2.7200232e-01  -2.6144616e-02   2.1040093e-02   1.5691958e-02   1.9285911e-01  -1.3959950e-01  -4.2849950e-02
  -1.4116138e-01   1.1660558e-01  -7.5110874e-02   2.4693544e-01   3.9137958e-02  -1.2690340e-01  -1.9439265e-01  -5.8790194e-02  -1.6570489e-01   1.7661830e-01   2.5025516e-01  -3.4498825e-01   2.0546255e-01  -3.4717219e-03  -2.6962956e-02  -1.0568002e-02   2.4883454e-03  -8.8771662e-02   6.5282616e-02  -1.7697654e-01   4.8277590e-02   1.4130611e-01  -1.7278768e-01   2.3472485e-01   1.6051962e-01   1.0892451e-01   2.0369077e-01  -7.7113987e-02  -4.3439647e-02  -1.7758368e-01   4.6006717e-02   1.2866304e-01  -2.4614796e-01   2.8225200e-02   5.3219325e-02  -1.1601409e-01   5.8163921e-03   5.9783193e-02  -2.8943891e-01   1.6790808e-02   2.8856673e-02  -2.5716670e-02   4.4475693e-02  -4.4088591e-02   1.2654216e-01   2.4615671e-01   1.1259182e-01   1.8600989e-02  -9.6684852e-02
  -1.3352701e-01   1.2706262e-02   1.1589921e-01   3.4575379e-03  -1.1010151e-01  -7.4551013e-02   1.1166294e-01  -2.8568490e-01   2.3755060e-01  -1.2200697e-01   5.3034768e-03  -5.1347856e-02   1.4788686e-01   1.9293087e-01   1.7057017e-01  -1.4803625e-01  -1.6905266e-01   1.6009729e-01  -4.8719759e-02  -6.6977012e-02   1.0561232e-01   3.8762637e-01   4.8914454e-02  -1.3618165e-01   2.0802070e-01  -4.5637433e-02  -2.0048776e-01   1.4735154e-01  -8.7796202e-02   5.7428034e-02   3.7426699e-02   3.7141293e-02  -1.2682492e-01   1.8971006e-01  -1.1972417e-01  -9.4924332e-02  -9.3413436e-02  -1.5724242e-01   5.5348452e-02   8.2431313e-02   8.6466365e-02  -1.2275671e-01  -1.5215241e-01  -1.3007618e-01   2.7630590e-01  -1.2763986e-01  -1.7065862e-01   1.0053873e-02  -7.1030378e-02
  -1.3760470e-01   9.8900666e-02   1.7677974e-01   3.7972217e-02   1.4872954e-01   1.9047675e-02   2.2792759e-02   7.2114905e-02  -2.4940911e-01  -1.2558977e-01   5.5646449e-02   1.2332276e-01  -2.7547889e-02   9.4816138e-03  -2.4807045e-01  -1.5521961e-01  -2.5616787e-02   1.8609882e-01   2.2910992e-01  -1.6531578e-01   1.4246505e-03   1.9263389e-01   1.6156094e-01  -1.3188769e-01  -9.2637536e-02  -1.1356464e-02  -7.5069265e-02  -5.0176481e-02  -1.6520679e-01  -1.0421625e-01  -1.1720934e-01   2.2784189e-01   1.2794022e-03   1.0053775e-01  -4.1943736e-02  -6.2612079e-02  -1.2878601e-01  -5.8566467e-02   1.6358848e-03   5.0786361e-02   3.5116677e-02  -1.7169336e-01  -2.0651408e-01   3.9582420e-01  -3.3608841e-01   1.1320734e-01   8.1377898e-02  -1.9690828e-02   1.0017475e-01
  -1.6224905e-01   3.9020038e-02  -3.6399178e-02   1.3660414e-02   2.5493323e-01  -1.3810085e-01  -1.7177975e-01   5.7856331e-02   7.5265927e-02  -4.2500073e-02  -3.4058190e-01  -9.9765220e-02   2.2923981e-02  -1.2639573e-01  -9.3370859e-02  -2.2792351e-01   1.0919779e-02  -3.6588585e-02   2.7530055e-02   8.5707724e-02  -3.9097032e-02   8.1747597e-02   3.3073868e-02   6.3002278e-02   8.7573717e-02  -1.1231379e-01  -3.3338316e-01  -5.4695088e-02   2.0818214e-01  -3.5400550e-02  -1.2778420e-01   1.1555459e-01   1.9017810e-01   3.7642596e-02   1.5760212e-01   4.2042855e-02   5.5067032e-03   2.3398629e-01  -1.4596510e-01  -1.6556204e-01   8.4144585e-02   9.1441148e-02   1.0545100e-01   1.5573937e-01   1.0441734e-01  -1.5495733e-01  -4.8901480e-02   1.5662458e-01  -3.6230171e-01
  -1.5513290e-01   1.0859151e-01  -1.2055957e-01   5.6886266e-02  -2.7029134e-02  -3.3927514e-01  -7.4757583e-02   7.4223379e-03  -2.4897906e-01  -1.1429847e-01  -1.4685355e-02   1.5373351e-02   4.1286508e-03   4.8296400e-03   2.9702853e-01   3.6771359e-01   1.3051939e-02   1.4400867e-01  -5.6513589e-03  -2.8120708e-01  -1.1009814e-01  -2.3589826e-01   3.3370059e-02  -7.1203843e-02  -5.0997306e-02  -5.7906521e-02  -1.9089701e-01  -1.5262541e-02   1.2044760e-01   4.5990958e-02   4.4670314e-02   2.5224631e-01  -8.4044347e-02  -3.5320237e-02   3.5647707e-02   2.3039064e-01  -8.3435927e-02   5.0278636e-02   9.8246027e-02   3.5310437e-02   6.6701939e-02   7.3143208e-02  -1.2975499e-01  -1.0282273e-01  -5.3538023e-02   1.0644130e-02  -2.3450009e-01  -2.0915637e-01  -7.1288175e-02
  -1.5767538e-01  -3.3386345e-01   2.5570840e-01  -4.7471073e-02   1.6300165e-02   1.5801633e-01   1.0659308e-01   1.2863597e-01  -2.0842759e-01  -1.3929563e-01  -1.0354933e-01  -1.9570015e-01   4.2130883e-03  -2.7955055e-02  -1.2041079e-01   4.8842533e-03   5.5858765e-02   1.2746382e-01   1.4983715e-01  -1.8181754e-01   2.2657802e-01  -6.1696655e-02  -3.5373916e-02  -2.0903299e-02   8.0852436e-02  -1.1420844e-01   1.1053514e-01  -2.4413757e-01   1.5609383e-02  -4.1569410e-02   1.1596265e-01  -6.1758032e-02   2.9426518e-02   2.6312701e-02  -1.8387983e-01  -9.9673838e-02   2.4782661e-02   1.2273304e-01   1.5454956e-01  -5.8913509e-02  -1.8127712e-01   3.1377902e-01   2.8865098e-02  -1.7124238e-02   2.4082726e-01   7.9674750e-02  -2.9236083e-01   3.0951754e-02   4.2368290e-02
  -1.3388971e-01  -1.0399823e-01  -1.3726895e-01  -6.9394780e-02   9.6660969e-02  -1.1077356e-01  -4.1379796e-02   9.7623339e-02   2.9174988e-02  -1.5129640e-01  -4.1821595e-02   6.4861376e-02  -3.2137877e-02   1.4725236e-01   1.5861854e-01  -1.6235870e-01  -1.5517214e-01  -2.2950235e-01   1.5736266e-01  -3.1479568e-02   3.8986727e-02  -9.8488424e-02  -7.2586329e-02  -7.8480570e-02   6.4297179e-02   4.2509814e-01  -3.2362970e-02   3.1262633e-01   2.9964775e-02   1.1174201e-01  -5.8552868e-02   6.4727518e-02   1.1456963e-01   5.0831440e-02  -2.8927769e-01  -1.7770202e-02   2.8703186e-03  -7.7026343e-02  -2.4106368e-01  -6.8854724e-02  -3.8224685e-01   1.2753617e-01   6.0550165e-02   7.7501098e-02  -3.4120917e-02   1.1762484e-01  -1.4913609e-02  -1.5517478e-01   3.4292471e-02
  -1.2969752e-01   2.0257868e-02   4.0484039e-02   6.0360125e-02   1.3115415e-01  -4.3086467e-02   6.0231996e-03   1.3425369e-01  -9.4460186e-02   3.3932684e-01  -1.9436815e-01   1.6377481e-01   1.2333406e-01  -1.3037677e-01   1.9411699e-01  -1.1098373e-01  -1.4597692e-01   1.4871140e-01   7.9907305e-02  -2.7457262e-01  -2.5945520e-01  -8.2870233e-02  -7.8061253e-02   1.1567425e-01   9.7689532e-02  -5.6381005e-02  -1.0298282e-01  -9.5870980e-02  -2.1733839e-01   5.0622762e-03  -7.0779367e-02  -3.3992962e-01  -1.7475298e-02   9.1219976e-02  -9.2976684e-02  -7.1709746e-02   5.3184876e-02  -2.2396025e-01   5.9400337e-02   1.7726062e-01  -1.4375793e-01  -1.6632640e-02   1.7598458e-01  -1.4955479e-01  -1.4607150e-01  -1.2025059e-01   5.1093780e-02   1.5539169e-01  -5.5749849e-02
  -1.4190643e-01   1.3056851e-01   2.2155230e-01  -8.6069152e-02  -2.4949173e-01  -4.1171603e-02   3.8080491e-02  -6.8329455e-02  -6.6969085e-02   1.4520387e-01  -1.5221229e-01   5.4330067e-02   7.8498412e-03   3.3724781e-02  -2.2392664e-01   2.1880927e-01   1.8607517e-01  -2.4177256e-01   6.4969731e-02  -2.0663499e-02  -1.0289891e-01  -6.3391879e-02   1.0742807e-01  -3.9403487e-02   1.5672135e-01   1.4812401e-01  -5.2591884e-02  -1.0117916e-01   1.5893335e-01   3.7940836e-01  -1.9236257e-01   1.0535432e-01  -2.6794894e-01   1.0680344e-01  -8.1255091e-02  -8.0764018e-02   3.4850466e-01  -1.2117477e-01   2.5839038e-02  -1.3846085e-02   7.0251218e-03  -2.9969055e-02  -4.1897888e-03   1.4041587e-01   1.1202528e-01  -4.9297055e-02   7.6446116e-02   9.0803546e-02  -5.3903452e-03
  -1.4734018e-01  -1.0557585e-01  -4.1313656e-02  -2.9395128e-01  -1.2063712e-01   9.5045140e-02  -2.1834621e-01  -6.6525757e-02  -1.6618599e-01  -3.7803764e-02  -1.7981014e-01  -2.3351592e-01  -1.9461350e-01  -3.1214458e-02   8.0632408e-02   1.1603729e-01   2.5051857e-02   1.4225995e-01  -8.3994784e-02  -6.6375851e-02   3.2931190e-01   1.8042462e-01  -2.0236854e-02   1.6283503e-01   9.9865730e-02   2.3406149e-02  -1.0070369e-01   2.0876007e-01   4.9866576e-02  -1.2375786e-01  -1.0998952e-01   8.8102199e-02  -3.8433564e-02  -2.5064114e-01   7.0791092e-02   1.1820526e-01   5.4777756e-02  -1.3492153e-01   5.2403579e-02   1.7771349e-01  -1.1332466e-01  -2.1146957e-02   8.5373422e-02  -3.3653031e-02  -1.4408883e-01  -1.6872202e-01   2.6927089e-01   1.4336170e-01   1.5378583e-01
  -1.3196349e-01   1.0451746e-01   2.9884962e-01  -5.0454431e-02   2.6234400e-02  -1.4369748e-01  -3.4436655e-02  -1.3140861e-01   8.3280826e-02   1.3172538e-01   1.6558335e-01  -1.1824788e-01   1.0105420e-01   1.1646523e-01  -1.3115335e-02  -4.2308586e-03   5.2614049e-02  -5.9659714e-02   9.4366543e-02   2.0102796e-01   2.7299519e-01  -2.1407154e-01  -8.6743628e-02  -5.5197424e-02   2.2117606e-01  -1.7900747e-01  -1.0347766e-02  -5.1298765e-02   3.7555505e-02   2.2344267e-02  -2.3969913e-02  -1.5723027e-01   1.2427227e-01  -1.5540144e-01   2.2821618e-02  -5.2206621e-02   4.8223004e-02   6.1207875e-02  -1.8221086e-01   9.3363923e-02  -6.3097707e-02  -1.7685369e-01   4.4073881e-02  -4.5070368e-03  -4.0899350e-01  -1.6370611e-01  -2.9286229e-01  -2.1206905e-01   4.1011414e-03
