  -1.3647607e-01   9.4041079e-03  -6.1984022e-03  -1.4965219e-01   9.1390972e-02   1.2731663e-02   1.5769470e-01   4.5100012e-02   2.0898142e-01  -1.0441712e-01   7.0089359e-02   5.2800317e-02  -1.3908295e-01  -2.6012199e-01  -3.6861676e-01  -7.7988458e-04   1.2080716e-01   3.1941545e-03   1.6744728e-01  -2.4028381e-01   1.2688723e-01  -5.6649790e-02  -3.6783895e-02  -1.9602111e-02   1.1711345e-01   2.0417842e-02  -9.3992464e-02   1.4959932e-01  -2.2606949e-01   1.7811536e-01   3.3699088e-01   1.5832272e-01   1.4468504e-01   9.8519193e-02   9.6592950e-02  -4.9526903e-02   1.4722037e-01  -1.0431928e-01  -4.6787385e-03  -8.1367458e-02  -1.4240348e-01   4.7789241e-02   1.5105953e-01  -1.8625589e-01  -1.9633987e-01  -1.3386554e-01  -2.7920988e-02  -1.0230784e-01  -1.4362254e-01
  -1.4790493e-01  -2.1456697e-01  -4.9651823e-02  -1.0454505e-01  -1.2713403e-01  -1.6584611e-01   7.0168278e-02   6.7160288e-02   1.3559451e-01  -1.7629618e-01   3.1564042e-01  -9.5818111e-02   2.5813797e-03   5.1550696e-02   7.7416527e-02   1.0673118e-01   7.3683409e-02   1.6452597e-01   1.3001954e-01   2.3086956e-01  -1.2235177e-01   1.2230650e-01   1.2219923e-01   3.3192501e-02  -1.3303452e-01  -6.2916757e-02   2.4027202e-02  -7.5491656e-02  -1.3574299e-01  -2.5123922e-01   3.3694743e-01  -2.4175409e-01  -5.3335595e-02  -9.2859109e-02  -1.4882823e-01  -2.8323400e-01   8.4534166e-02   1.2020407e-01  -1.5459390e-01   7.4331201e-02   8.2528449e-02   2.3037153e-01  -7.5715699e-03  -7.2151454e-02   6.5784880e-02   9.7732116e-02  -9.8719105e-02  -4.6544246e-02   3.6638780e-02
  -1.3105455e-01   7.7345397e-02   2.4008646e-01  -1.4203127e-01  -2.4044437e-01  -1.7241886e-01  -7.6984769e-02  -7.6953186e-02  -8.3097776e-02  -1.6763334e-01  -2.2581851e-02   1.6789873e-02  -2.0025809e-01   1.2678502e-02   6.2799970e-02  -2.0801552e-01  -3.8722686e-02  -1.0100819e-01   1.6465880e-01   1.3962485e-01   5.3350213e-02  -9.9571618e-02   3.3066066e-02  -2.2992161e-01  -2.5245226e-01  -1.8748534e-02   1.5449634e-01   1.2285463e-01   4.7352899e-02   1.0316816e-01  -2.2388685e-01  -9.8034800e-02  -1.3371808e-01   1.7814119e-01  -2.9277649e-01  -3.9347640e-02   1.6424372e-01  -3.4068985e-02   2.5281804e-01  -1.7416724e-01  -3.4767189e-02   1.2339750e-01   1.3556807e-01  -2.3903365e-02  -1.2410568e-01  -8.2769036e-02   1.8687292e-01  -1.1673597e-01  -1.0103980e-01
  -1.4890532e-01  -2.2130952e-01  -3.6213752e-01  -7.3397677e-02  -8.2837476e-02   1.7558703e-02   9.6215593e-02  -1.9981529e-01  -3.4584525e-02  -2.6150740e-02   1.4854661e-01   2.0503165e-02  -5.0519895e-02  -6.2367398e-02  -1.2358257e-01   1.5921746e-01  -6.9952830e-02   1.3595691e-01  -1.9592052e-01   2.5372704e-01   1.5290058e-01  -1.6978534e-02   2.2069603e-02   7.5640486e-02   1.0158018e-01  -1.8065873e-01   2.8271650e-03  -1.8799493e-01   9.3948838e-02   4.5365671e-02  -2.2615133e-01  -8.2610798e-02  -4.7463954e-02  -1.0260021e-01   8.0471524e-02   1.5551767e-01  -8.1040116e-02   9.6160122e-02   2.2173077e-01  -1.1580236e-01  -1.6337803e-01   8.4563134e-02   2.0098160e-01  -5.6481530e-02  -1.8280041e-01  -2.2960197e-01  -1.1266108e-01   2.2556608e-01  -1.1133575e-01
  -1.2033254e-01  -7.6399550e-02   1.2750808e-01   2.0655081e-01  -6.5063565e-02  -1.5239742e-02  -9.1027376e-02  -1.1556493e-01  -1.1179856e-01  -2.8708814e-01  -3.9235769e-01   6.3615547e-02  -9.2995768e-02  -3.8558117e-02   7.1341914e-03   1.2077010e-01  -9.7640441e-02   2.3193703e-02   1.1618279e-01  -1.3927439e-01   1.5204303e-01   2.7842685e-01   2.0648373e-01   2.1040156e-02   1.7276286e-01   3.0344268e-02  -2.2436565e-01   2.4197739e-02   2.5014454e-02  -5.2798110e-02   7.5354577e-02  -1.3635336e-01  -1.9343287e-01  -9.3453567e-02   2.9293686e-02  -5.3639026e-02  -1.2027436e-01   3.3394302e-02  -2.8472107e-01  -9.8456074e-02   1.2432661e-01   6.5514455e-02   9.7182087e-02   2.1562816e-01  -1.6815819e-01  -1.2433127e-01   1.3443847e-01   1.1303028e-01  -1.2005098e-01
  -1.3373401e-01  -1.2001292e-01   1.4017058e-01   5.1732544e-02  -1.3096929e-01   3.3711771e-02   1.5584344e-01  -6.0660290e-02   1.3596594e-01  -2.5864712e-02   9.1478747e-02   2.0811768e-01  -8.7960369e-02  -3.4091771e-01   1.1348322e-01  -1.3038918e-01   3.5927099e-02  -5.9364008e-02  -1.8509165e-01   2.9843223e-01  -6.9454867e-02  -5.9352523e-02   4.2086529e-02  -1.1657914e-01  -4.6314609e-03   1.7680697e-01  -1.8190426e-01   2.5785807e-02  -2.2273352e-01   3.6703380e-03  -1.6931566e-01   1.2585868e-01  -1.2155783e-02  -1.4803745e-01   5.9973704e-02   1.9516050e-01  -1.2115479e-01   2.6172351e-02  -1.5872649e-01   2.7188977e-01  -5.8593556e-02  -6.2155444e-02  -2.4816656e-02   1.6359870e-01  -3.0984878e-02   2.2170731e-01   4.2248134e-02  -2.2148433e-01  -2.2266667e-01
  -1.4004609e-01   1.0634621e-01   6.1235527e-02  -1.3699636e-01   2.1642144e-01  -2.6952913e-02   2.2822509e-01  -1.1370988e-01  -4.3199181e-02   1.9440161e-01  -2.2067724e-01   7.9743635e-02   4.9579232e-02  -1.7502711e-01   3.7758411e-02  -1.8613857e-02   1.1963362e-01   1.7480141e-01   1.0954454e-01   1.3453233e-01  -2.2703329e-01  -8.8839053e-02  -5.1861560e-02   3.7607870e-02   8.9193088e-02   7.6265376e-02  -2.5394618e-01  -5.6114896e-02   1.2191011e-01  -2.0140509e-01  -7.4709056e-02  -8.7890827e-02   1.7299364e-01   1.6833399e-01  -1.5448356e-01   4.6526453e-02   7.5623857e-02   3.7599847e-02  -1.0814404e-01  -8.2981941e-02  -1.2126340e-01   2.2588224e-01  -1.8903979e-02  -8.1714398e-02   3.2878285e-01  -1.7969450e-01   2.3648408e-01   1.8230350e-01  -5.8588245e-02
  -1.3296348e-01  -2.5063342e-01   1.1953788e-01  -7.0603782e-02   1.1786129e-01  -1.2006936e-01  -1.4121284e-01   2.1595900e-01   1.7582419e-01   9.8116406e-02  -1.7261289e-02  -1.0434290e-01  -1.9277928e-01   4.5089382e-02   5.2856973e-02  -2.6484294e-01   1.7738427e-01   8.0091141e-02   3.3605522e-02  -4.8644227e-02   2.6156868e-01  -2.6578760e-01   3.6018558e-02  -5.6191505e-02   1.8489039e-01  -8.4382746e-02   4.6800131e-03   1.1460757e-02  -1.3477894e-01   1.3361914e-01  -1.3725410e-01  -6.2897048e-02  -8.8798018e-02   8.2029259e-02   1.3190594e-01  -8.1325521e-02  -1.7304772e-01  -4.0062445e-02   3.2142327e-02   5.0553594e-02   1.3334610e-01   2.1478490e-01  -2.4777491e-01   1.6684096e-01   1.3663540e-01  -2.0609704e-02  -1.2682753e-01   3.0679462e-01   1.0443174e-02
  -1.7305857e-01   3.8178097e-02   1.1412324e-01   1.2565744e-01   1.4277183e-01  -3.2796938e-01   1.5121201e-02   6.0359912e-02  -9.2067482e-02  -4.7378436e-02  -2.7156785e-02   1.0027730e-01   1.7696905e-01   1.5536949e-01  -9.8079899e-02  -2.3561506e-02  -1.4760214e-01  -1.5299573e-02  -6.5541251e-02   1.5520355e-01   1.5654561e-01  -1.6099794e-02  -3.9990193e-01  -1.3451343e-01   1.0354249e-01   1.6540194e-01  -8.8166287e-02  -3.1099092e-02  -4.9843559e-02  -1.0460483e-01   3.0579086e-02   2.9680805e-01   3.3964490e-02  -1.6628849e-01  -1.9052062e-02  -2.1810885e-01   2.5975609e-02   2.4300672e-01   1.7059724e-01   1.1536285e-01   2.4067758e-01  -2.4128834e-02   9.7840961e-02  -1.7274953e-01  -8.5238598e-02   1.6195576e-02   7.8608511e-02   1.5973787e-01  -4.8229267e-02
  -1.5483526e-01   2.7986052e-01   3.3785390e-02   5.0255514e-03  -6.8996810e-02   1.2070929e-01   1.1801135e-01   1.9862192e-02  -2.2216582e-01  -2.8346388e-02  -1.1559392e-01  -2.2135404e-01  -4.5281592e-02  -3.1375371e-02  -2.7308263e-01  -1.1884592e-01   1.8061355e-01   4.6721937e-02  -1.2846647e-01   7.0184878e-02   7.3086026e-02   9.0363821e-02  -9.8108500e-02   1.6884261e-01   4.2686272e-02  -9.6206417e-02   1.5724022e-01  -1.5544023e-01  -1.9349150e-01   7.9357968e-02  -2.4425041e-02  -1.8693430e-01  -2.6582446e-01   1.6046165e-01  -1.4276536e-01   4.2944948e-02  -1.3931367e-01  -3.3035221e-02  -1.3770070e-01   1.6624643e-01   1.4490237e-01  -1.7301666e-01   8.0501188e-02  -2.8336870e-01   1.3435612e-01   1.8253819e-01  -5.7638227e-02   5.7041424e-02  -1.7355722e-01
  -1.1420726e-01  -8.4599330e-02   5.0073565e-02   1.3318996e-02  -3.4130786e-01   9.7411304e-02   6.1920281e-02   1.3371203e-06   2.2411435e-02  -1.9452145e-01  -1.2353139e-02   2.0435165e-01  -8.9164311e-02   8.1293807e-02  -1.9011722e-02   2.3881806e-02   1.5520125e-01  -3.5101458e-02  -1.0020286e-02  -9.6319194e-02   1.1395276e-01   1.1745156e-01   3.8181858e-02  -1.4550573e-02   5.2923471e-02   3.5683341e-01   5.0155034e-02  -2.3002749e-01   3.9187939e-01   1.8156596e-01   1.1412966e-01   7.1432402e-02   7.0994978e-02   3.7845756e-03   1.8434400e-02  -1.5940717e-01  -2.9870021e-02   3.2536085e-02   1.5829246e-01   8.5239758e-02  -1.9454569e-01  -8.2035483e-02  -2.1021078e-01  -1.1170052e-01   3.4288229e-01  -9.7434213e-03  -7.5941704e-02   4.9316003e-02  -7.7478509e-02
  -1.5238084e-01   3.4638446e-02  -2.8613753e-01  -1.1965312e-01   5.9811555e-03  -2.7077368e-01  -8.5548255e-02   6.4045920e-02  -8.1357328e-02   2.0367770e-01  -5.5646576e-02   7.6074739e-02   8.0765264e-02  -4.8264494e-03   5.1725187e-02  -2.3854277e-01   2.2996315e-02   6.6773619e-03   1.2288000e-01  -7.4618541e-02   4.0069544e-02   3.0922993e-01  -1.6678496e-01   2.3274354e-01  -1.7835882e-01  -7.5181004e-02  -2.9068500e-01   1.8625183e-01   1.5211339e-01   1.4784268e-01  -1.5849818e-02   3.3039832e-03  -1.2579009e-01  -1.1142456e-02  -2.1322013e-02   4.4556909e-02  -1.1968902e-01   1.5420817e-01   4.2844217e-03  -7.6301611e-02  -7.6559519e-02   7.2962069e-02  -2.0154409e-01   1.9018182e-03  -3.2149569e-02   6.0495154e-02  -2.2044218e-01  -2.6580384e-01  -1.7622391e-01
  -1.3627459e-01  -9.8774353e-02   1.6241213e-01  -1.9352876e-01   4.1429815e-02   3.4273033e-02  -4.4102758e-02  -1.2845589e-01  -2.7186512e-01  -7.2521523e-02  -1.5158374e-01  -2.4740526e-02   2.1103890e-03  -1.5761454e-02   2.0436150e-01  -2.4431353e-01   2.1353288e-01  -6.8923222e-02  -1.2780864e-01   1.5621306e-02  -1.1681269e-01   6.3364886e-02  -1.6221901e-01   1.8971106e-01  -1.8632813e-02   1.1189643e-01   1.7298624e-03  -2.3262587e-01  -2.5846779e-02  -3.0582620e-02   5.7274737e-02  -8.9573017e-02   2.3407610e-01   7.9494319e-02   1.7477489e-01  -1.2725065e-01   2.4328700e-02  -1.3936107e-01   3.0166295e-02   1.6086065e-01  -5.1451105e-02   4.9179916e-02   1.4547379e-01   8.0131669e-02  -3.4657079e-01  -1.0925719e-01  -2.1658495e-01  -6.8275681e-02   2.9040837e-01
  -1.4069823e-01   1.3741168e-01   3.6426381e-02  -3.0831939e-01  -8.0615228e-02   1.0784086e-01  -1.0269023e-02  -2.5561155e-01   2.1689098e-01   1.5100202e-01  -4.8855916e-02   6.8034797e-02   1.1038566e-01   2.4407948e-01  -8.2211386e-02  -3.3374308e-01  -2.5795226e-01   7.2848175e-02   4.0578407e-02   1.4146384e-02   1.5503242e-01   7.4597647e-02   3.4758564e-01   1.4890963e-01  -5.7877161e-02   1.9667914e-02   9.2997085e-02  -1.9483310e-01  -1.8023256e-01  -8.1224809e-02   9.9009874e-02   2.5964225e-01   8.1089180e-03  -1.4311706e-02   8.1559134e-02   5.1743988e-02  -9.7346531e-02   1.7177616e-01  -2.9878278e-02  -5.5819687e-02   3.0994591e-02  -2.2438536e-02   2.5605476e-02   2.7352700e-02   5.4722085e-02  -2.6153970e-02   1.5469034e-01  -2.5457083e-02   1.3401404e-01
  -1.5356353e-01  -1.2022104e-01   7.8254006e-02  -1.1156644e-01   3.3788713e-01   1.9776564e-01  -6.8934339e-03  -1.7482071e-01  -3.7991730e-02  -2.0722675e-01   3.9310103e-02   9.4328225e-02   8.9745328e-02   1.4379126e-01  -5.2453321e-02   1.4014367e-01   2.6939846e-02  -8.8991740e-02  -4.8641410e-02   9.9272011e-02   1.1183391e-01  -7.4029078e-04  -4.9608754e-02  -7.3508638e-03  -1.1942935e-01  -2.3620016e-01  -7.7624161e-02   3.7667100e-02  -1.1386163e-02   2.0275402e-01  -1.6802410e-01   4.2410924e-02   1.4592726e-01   1.8515893e-02  -1.1784260e-01  -3.2560072e-01  -1.0529499e-01  -3.5093250e-02  -1.8164840e-01  -2.3023804e-01  -2.2682124e-01  -9.7591163e-02  -1.3291940e-01   1.6757434e-02  -3.5937397e-03   3.7324933e-01   8.8705475e-02   2.5180594e-02   4.7774809e-02
  -1.1820984e-01  -1.1628705e-01   9.6480325e-02   2.2187981e-01   5.9887525e-02  -1.1139309e-01   3.7490323e-01  -5.4061435e-02  -2.9458273e-03   9.2864984e-02  -6.1574367e-02  -1.2285821e-01   5.5484833e-02   2.8848380e-01   2.8116261e-01   1.4150184e-02   1.2830183e-01   2.5592977e-02   1.4540555e-02   3.2578202e-02  -2.4148556e-02   5.8091284e-02   2.5947372e-01   9.5441341e-03   1.2013548e-02   2.8055901e-02   1.0921653e-01   3.3553733e-01  -1.1708457e-01  -1.8453450e-02   7.9745711e-02   8.8159000e-03   1.5270018e-01   6.6091148e-02  -8.7316510e-02   5.3835013e-02  -2.7677195e-01  -4.2092620e-02   1.3817356e-01  -8.7282822e-03  -1.2186434e-01  -2.4687721e-01  -7.0554174e-02  -1.9369910e-01  -1.4902628e-01  -1.6394533e-01  -6.1759699e-02   5.1503875e-02  -1.2698698e-01
  -1.4280933e-01   6.2012392e-02  -1.3335930e-01   2.1398584e-01  -1.0435883e-01  -6.7995730e-02  -2.5274481e-01   1.1598431e-01   2.7935753e-01   1.5424692e-01  -7.2311139e-02   7.1376870e-02  -1.9537037e-01  -9.7515329e-02   8.5389192e-02   1.6887539e-01   9.5983744e-02  -1.9088602e-02  -3.6821301e-02   2.2550399e-01   1.8044854e-02   1.8693677e-01  -1.8798241e-01   2.2280571e-01  -2.4590355e-01  -8.6236427e-03   1.1532498e-01  -2.9634380e-02  -1.0347117e-01   1.3449341e-01   7.0730664e-02   3.0628438e-02   2.0941607e-01   7.9543196e-02   6.7261846e-02  -7.9254731e-02  -2.2199448e-01  -2.0715353e-01   1.2768375e-02  -7.7350888e-02   8.8532331e-02  -3.5763341e-02   1.2528500e-01   9.5206482e-03   7.3762727e-02  -1.0299385e-01   3.4604702e-01   4.7691331e-02   9.9485373e-02
  -1.4845887e-01  -1.7532797e-01  -4.3062800e-02   1.0246098e-01  -1.2886398e-01   3.3761288e-02   1.4395984e-01  -5.0696865e-02  -2.2813269e-01   7.7329327e-02   1.1585625e-01  -1.5244152e-01  -2.0415911e-01  -4.1446889e-02   1.1003237e-02   2.0049564e-02   1.7751703e-01  -1.8915619e-01   6.8933447e-02  -3.9293647e-01   4.6605463e-03   1.1460718e-01  -9.1647788e-02  -2.1203243e-01  -2.7511891e-01  -1.9278017e-01  -2.1382327e-02  -9.7304221e-02  -1.1384770e-01  -1.1339882e-01  -1.0784962e-01   3.0717488e-01   8.6884272e-02  -7.3330453e-02  -7.8320914e-02   1.3265214e-01  -7.4106757e-02   2.3679728e-01  -1.3025230e-01   1.0368211e-02   5.4944620e-03   8.3084184e-02   1.1168236e-01   2.1249929e-02   1.6132311e-01  -5.5447012e-02   3.8939204e-02   9.3382326e-02   1.8216980e-01
  -1.2385028e-01   4.0986530e-02   1.2354228e-01  -7.3244271e-02  -1.3869829e-01   1.2931902e-01   1.5515912e-01  -3.3559775e-02  -1.5844397e-01   2.1428099e-01   2.7752956e-01  -7.0525784e-02  -7.2590696e-02  -3.0894484e-02   1.4951499e-01  -2.9146497e-02  -2.4852607e-01   1.7471651e-01   6.3400923e-02  -1.5769227e-01  -1.5798234e-01  -1.5496269e-01  -3.9875168e-02   1.7158384e-01  -5.1239498e-02  -6.6634496e-02  -2.4708539e-02   1.3721755e-01   2.7068749e-01   2.4832554e-01   1.1142767e-01  -6.2308654e-03   6.2880856e-02  -2.4192774e-02   1.4377049e-01  -2.1426763e-01  -2.7337525e-02   6.1693638e-04  -4.9671672e-02   1.0292509e-01   1.8625481e-01  -4.8319281e-02   2.1333027e-01   1.6572541e-01  -6.7067442e-02   1.3509439e-01   1.2669392e-01   2.1927300e-01  -2.4871714e-01
  -1.5589327e-01   1.6279184e-01  -8.8859419e-02   2.7523360e-01  -6.0511857e-03  -1.2807156e-01   1.8459338e-01  -1.0231190e-01  -9.5095986e-02  -7.4694251e-02   1.0641370e-01  -2.3597034e-01   5.1935258e-02  -2.1315599e-01  -1.2968698e-01  -8.3822203e-02  -1.5623228e-01   2.0249968e-01   2.5395497e-01   1.0501011e-01   1.3918867e-01  -2.3481798e-02  -5.3482109e-04  -8.4285860e-02   1.0184273e-01   9.5117017e-02   2.8829911e-02  -1.4420505e-01   7.8941935e-02  -3.2231840e-03   2.9411982e-02   4.9973411e-02   2.0881345e-01   6.1935932e-02  -1.3296050e-01   4.4795114e-02  -1.4427426e-01  -2.1691711e-01   1.0207726e-01  -1.8541002e-01   7.6561382e-02  -3.7668144e-02  -8.4853513e-02   3.3803851e-01   3.9265745e-02   1.4530197e-01  -1.7891639e-01  -1.3381481e-01   2.2634794e-01
  -1.4514323e-01  -7.2378140e-02  -5.2830523e-03  -3.0736735e-02   1.1023329e-02  -2.3557493e-02  -1.9249021e-01   2.3066249e-01  -3.5716316e-01  -6.1881880e-02   2.0987602e-01   1.1563581e-01   3.0817731e-01  -3.0972316e-02  -1.8203311e-03   1.6143205e-01   3.7273392e-02   1.5483214e-01   6.0596043e-02  -9.2249792e-03  -3.2038752e-02  -2.2089343e-02   1.4938538e-01   1.5939676e-01  -1.3989884e-02   2.7681019e-02  -2.4573300e-02  -4.2104506e-02  -2.1696835e-01   4.9853354e-02   1.6525513e-02   2.8916580e-01  -2.3548974e-01   1.9664314e-01  -1.4425745e-01   3.4229694e-02   5.7923125e-02  -1.7320765e-01   6.6912199e-02   1.8404606e-01  -1.9530075e-01  -7.8433838e-02  -8.4373527e-02   2.1104351e-01   2.2672242e-02  -2.0527212e-01   1.5951867e-01   6.1848308e-02  -1.2026815e-02
  -1.2452620e-01  -1.9497321e-01  -1.6938265e-01  -5.5372993e-02  -3.5915022e-02   1.4240323e-01  -7.6186988e-02  -2.0150035e-02   2.1573362e-03   1.5116156e-01   4.8097152e-02   5.1186307e-02   2.3866876e-01  -2.4275307e-01   1.9324185e-01  -1.1756587e-01  -1.7205158e-02   9.9497850e-02   1.7287988e-01  -1.3492822e-01   1.9461699e-03   1.6521998e-01  -6.8190655e-02  -2.7162010e-01   1.4298561e-01   5.7193480e-02   2.9308283e-01  -1.1815384e-01  -2.9415887e-03  -1.3810127e-01  -2.2147861e-01  -2.2426460e-03  -2.7635680e-02  -5.1590006e-03   9.0919555e-02  -1.8634264e-01   4.2773376e-02  -1.8928347e-01  -1.6374564e-01  -1.5211572e-01   1.7356951e-01  -1.3756896e-01  -1.5110886e-01  -2.7511636e-01  -1.3185238e-01  -5.1120502e-02   9.8887797e-02  -6.1365464e-02  -1.5447270e-01
  -1.3438550e-01   1.3112393e-02  -1.3279408e-01  -1.8349130e-01  -2.6039606e-02   1.8738963e-01  -6.8075900e-02   2.8529198e-01   6.3516692e-02  -7.1954622e-02  -1.6092944e-01   6.6282141e-02  -1.1646081e-01   2.8776010e-01  -1.6948790e-02   7.2671395e-02  -6.2750444e-02   2.3065741e-01   1.8391652e-02  -1.7977940e-02  -2.9180591e-02  -3.1133690e-01  -1.7642704e-01  -1.4529937e-01  -2.0122650e-01   1.3601291e-01  -1.6441171e-02  -1.0841585e-01   7.2767903e-02  -8.6878952e-02   4.2999248e-02   2.6528239e-02   1.2956226e-01  -7.3094007e-02  -2.7780296e-01   1.7728201e-01  -1.6455231e-01  -4.1343003e-02  -2.7898997e-01  -3.5298386e-02   6.0656955e-02  -1.4084304e-01   1.8297175e-02   8.4490665e-02  -1.6540063e-01  -1.4661123e-01  -1.7531682e-01  -6.1090300e-02  -1.4163730e-01
  -1.3895926e-01  -1.8440139e-01   7.9951116e-02  -1.6236244e-02  -1.0092330e-02  -7.2259691e-02  -1.1675668e-01  -2.8496506e-02  -2.8820755e-01   1.2114262e-01  -1.4321339e-02  -2.1729768e-01  -1.3928957e-01   8.7845609e-02  -1.2791686e-01  -2.0561657e-02  -1.6014437e-01  -2.1495494e-01   1.0504323e-01   2.0931535e-01  -1.4568343e-02  -1.6354904e-01  -1.5748897e-01  -3.1235988e-02   8.7653170e-02  -6.6226715e-02   9.6657726e-02  -4.1979445e-02  -2.2355558e-02  -4.5095861e-02   2.8910076e-01  -1.6014704e-01   1.0711140e-02  -1.7557928e-01   2.8799142e-01   1.3849328e-01   6.3000965e-02   2.8404708e-02  -9.6159425e-02  -1.1396671e-01  -2.2563665e-01  -1.9452524e-01  -2.3132303e-01   2.4149098e-02   1.3187389e-01  -1.1497251e-01   2.0979502e-01  -1.6991616e-01  -1.0203678e-01
  -1.4151721e-01   1.1220697e-01  -1.2294555e-01   2.9341235e-02   3.0006344e-01   4.9975283e-02  -4.5331716e-02   8.0575337e-02  -7.7204494e-02  -3.1853459e-01   6.6471807e-02  -8.6967013e-02  -1.0004342e-01   1.8249572e-01   1.0693203e-01  -6.6681108e-02  -5.6868098e-02   1.4211991e-01   9.7788446e-02   1.2752255e-01  -1.0750870e-01   1.7069183e-01   5.1805153e-02  -1.1307162e-01  -8.5437780e-02   1.8620363e-01   1.4412104e-01   1.8175049e-01   1.8811448e-02   6.7490801e-02  -1.5489791e-01   1.2795932e-01  -3.8652418e-02   4.1001093e-02   4.4521015e-01   1.3067780e-01   7.8343717e-02  -5.1027225e-02  -1.1451040e-01   1.3417863e-03  -3.3003779e-02   1.4274767e-01   2.5959024e-01  -5.8535795e-02   2.7360510e-01  -6.9352168e-03  -1.1925012e-01  -2.9752200e-02  -5.1364663e-02
  -1.6506471e-01   4.8361743e-02   2.8793621e-02  -5.8957833e-02  -1.9519665e-02  -1.7450170e-01  -1.9383334e-01   2.7270785e-02   1.2767438e-01  -2.5871859e-01   5.1786821e-02  -2.3248496e-01   1.2903415e-01  -1.9977533e-01   7.7110546e-02   2.1744226e-02  -1.6991903e-01  -2.8872284e-01  -4.4908810e-02  -5.5025445e-02  -4.3730846e-02  -2.5491437e-01   1.4820005e-01   1.3991343e-01   8.1939784e-02  -1.6333867e-01  -6.7499064e-02   1.7354897e-02   3.3393918e-01  -1.3157235e-01  -4.1283510e-02   1.6980003e-01   4.0255018e-02   8.2250702e-02  -2.0529382e-02   3.4477358e-02  -2.9736026e-01  -8.2956445e-02  -1.4647195e-01   1.5919919e-01  -3.3755964e-03   3.7246371e-02   3.6085220e-02  -3.1878490e-01   1.8443442e-02  -7.2902507e-02  -6.8987408e-03  -7.7394387e-02   5.0753152e-02
  -1.5324996e-01  -2.7152638e-01  -6.1753694e-02   1.2461305e-01  -3.0112650e-02   4.3823197e-02   3.4388318e-02   6.9728633e-02  -1.0758325e-01   3.7138350e-03  -3.4281111e-01   1.6705684e-01   2.0124067e-01  -1.5870505e-01  -2.3030860e-01   6.0626160e-02   1.2248956e-01   4.6437634e-02   1.4806129e-01   7.0398550e-02   2.6361933e-02  -2.8578444e-01   2.2712699e-01   1.7131053e-01  -2.9940453e-01  -2.0204209e-02   1.7727384e-01   1.6004145e-01   1.1484011e-01  -4.0754431e-03  -2.4820607e-02  -2.1525267e-02   8.8786342e-02   6.9891569e-03   1.6774540e-01   7.8938745e-02   1.6701991e-01   1.8149238e-01   7.8032300e-02   4.4836355e-02   2.5228481e-01  -2.1438224e-02   1.9908303e-03  -6.4412152e-02  -1.0492855e-02   1.8072996e-01  -3.3312106e-02  -3.4389326e-02   1.0899185e-01
  -1.3865996e-01   2.4267608e-01  -2.2799470e-02   3.3697279e-01  -2.2611425e-01  -3.6067624e-02  -2.5449508e-01  -1.4570870e-01  -8.3736541e-03   7.3666245e-02  -1.1072769e-01  -5.1045503e-02   1.5083991e-01  -5.8786178e-03  -4.3578181e-02  -2.3250528e-02  -1.0997367e-01   1.4065910e-01  -1.5277102e-01  -1.0466556e-01  -2.3668962e-01  -1.9599562e-01   8.7377383e-02  -1.3107458e-01  -7.2820773e-02  -1.8611856e-02  -2.8012880e-03  -1.3932390e-02  -2.6978646e-01   2.0674149e-01  -6.5679860e-02  -5.8249539e-02   1.4616935e-01  -1.1032071e-01   4.3663102e-02  -2.3197749e-01   7.4784227e-02   1.1532927e-01  -1.1465473e-01  -1.1908944e-02  -2.5867310e-01   1.9513143e-01  -1.0707724e-01  -1.0165713e-01   9.5952230e-04  -9.4097842e-02  -2.1378987e-01   5.2026041e-02  -6.1574006e-02
  -1.4333361e-01   1.1273908e-02   1.3363583e-01   1.7279475e-02  -9.0077412e-02   1.9017492e-02  -1.3479817e-02   3.8308261e-01   1.2914803e-01  -1.2141127e-01  -2.2822381e-02  -1.2068742e-01   2.4712522e-01  -7.8960063e-02   6.0854569e-02  -1.8224517e-01   6.4672309e-02   1.0353482e-02  -1.7988075e-01  -1.5445232e-01   1.0785853e-02   1.0591117e-01  -8.9308692e-02   1.8484473e-01   1.3289786e-01  -8.1718964e-03   2.3727722e-01   5.6440792e-02   3.1058587e-02  -1.7080039e-01  -5.6850466e-03  -5.8154485e-02   1.3388942e-01  -1.9040467e-01  -7.4447502e-02   1.7404537e-01   9.0563591e-02   1.2649510e-01   5.4014664e-02  -2.8732126e-01  -2.9100442e-01   5.5343077e-02   1.6516242e-01   1.6436107e-01  -1.2750037e-02   2.2340233e-01   1.0226856e-01   1.2967005e-01  -1.0590169e-01
  -1.4964756e-01   1.8121479e-01  -1.9780188e-01  -7.8685734e-02  -1.0525003e-01   4.0419291e-02  -1.1091062e-01   1.0609288e-01   1.8388128e-02   1.3416135e-01  -1.1034731e-01   9.7305788e-02  -1.1317221e-01   3.3726570e-02  -1.8465863e-01  -1.0182039e-01   1.5374350e-01  -2.5670282e-02   1.7893795e-01   1.4486112e-01  -1.7242765e-01   9.4191978e-02   1.0595393e-01  -3.0674785e-01   1.9485883e-01  -2.0092551e-01  -1.4026778e-02   2.1764907e-01   1.6466819e-01  -2.0244922e-01   1.7316515e-02   2.7393932e-02  -4.9803931e-02  -8.9746312e-02   3.0369592e-02  -1.7158129e-01  -6.3163853e-02  -4.2671294e-02   6.6087848e-02   2.6783153e-01  -2.4179810e-01  -1.9607846e-01   1.1686428e-01   1.0928041e-01  -1.0898468e-01   1.4060610e-01   1.0078025e-02   1.7991654e-01   1.9764303e-01
  -1.3637262e-01   6.7281024e-02  -1.0648075e-01   7.9894920e-02  -4.0908535e-02   8.9238553e-03   2.3152071e-01  -1.1183345e-01   1.9901266e-01  -2.9128464e-01  -8.3883087e-02   9.7436856e-02   8.1100123e-02   7.4916535e-02   5.0886809e-02  -1.8224917e-01  -4.2778137e-02  -9.3330860e-02  -1.0258160e-01   2.4968303e-02  -1.2465414e-01   7.6392795e-02  -1.7241104e-01   2.1652907e-02  -4.1619257e-02  -4.2148361e-01   8.4263577e-02   2.1403741e-02   5.5588245e-02   6.8921371e-02   8.5863384e-02   9.2271831e-02   7.7883172e-03  -2.3955170e-02  -1.3694511e-02   1.1750497e-01   3.4525948e-01  -1.9274085e-01  -4.6890615e-02   1.4605496e-01   1.7620658e-01  -4.5696832e-02  -3.0033761e-01   1.7476691e-01   3.5492203e-02  -2.0905431e-01  -1.1914681e-03   1.4694566e-01  -5.8647230e-02
  -1.5076549e-01  -1.2004480e-01  -1.0954023e-01   1.2788080e-02  -1.8615738e-02   1.4561735e-01   2.5404562e-02  -1.4403372e-01   1.8995929e-01  -2.8488719e-02   6.3451078e-02  -1.4150400e-01   2.1867931e-01   6.6428483e-02  -2.5467586e-02  -5.2346374e-02   1.2876886e-01  -1.7613248e-01   1.5307938e-01   2.7575738e-02  -2.8965748e-01  -9.9883381e-02  -1.7050134e-01   2.3946006e-02   1.4503906e-01   3.1064606e-01  -3.3032738e-02   1.2001597e-01  -8.7761195e-03   3.6653418e-01   2.2152090e-02  -7.1588518e-02  -3.2669149e-01  -1.3008228e-01  -1.5201703e-01   1.1418188e-01  -7.2658708e-02   1.0900806e-01  -5.2798491e-02  -9.7325419e-02   7.3914249e-02   1.4531184e-03   7.3818118e-02   1.3056434e-02  -4.1181210e-02  -7.0983228e-02   1.0090272e-01   6.6229404e-02   3.1810341e-01
  -1.4173908e-01   4.6226024e-02   1.3880697e-01   1.6565491e-01   1.4004036e-01  -4.4643273e-02  -5.6716127e-02  -1.5759968e-01   2.3097859e-01   2.1541742e-01   9.0591352e-02  -1.4693300e-01   2.5144651e-01   1.0719714e-01  -1.7653764e-02   9.8381337e-02   2.7117731e-01   1.1059639e-01  -1.0232085e-01  -2.9855497e-02   3.0293258e-01  -3.0432581e-04  -3.2357964e-02  -2.2109607e-01  -1.0805880e-01  -5.1188480e-02   4.9338555e-02  -1.0686946e-01   3.0643040e-01   2.5842873e-02   7.3120104e-02  -9.6434876e-02  -1.1482205e-01   1.8344288e-01   7.4816088e-02   6.1854563e-02   1.3127513e-01   9.4853783e-02  -1.5996959e-01   2.1539170e-01  -1.1212522e-01   1.4773390e-02   1.5495641e-01   1.6860003e-01  -8.6964929e-02  -7.5211557e-02   8.2765978e-02  -2.1393368e-01  -7.3578787e-02
  -1.4938138e-01  -1.2101790e-02  -1.8473414e-01   1.5705716e-02   1.5833334e-01  -1.8668155e-01  -8.2878609e-02  -4.5167019e-02  -3.3043873e-02  -6.3791366e-02   2.4244620e-01   4.9805261e-02  -1.8680085e-01  -8.2999099e-02  -1.4562412e-01  -1.8851953e-01  -9.4989888e-02   3.9405881e-02  -3.7719419e-01  -2.0075084e-01   5.1537306e-02   1.7436542e-02   1.4233788e-01   2.0868737e-02  -1.0669913e-01   2.7923117e-01  -4.8842204e-02   1.9321804e-01   3.6927528e-02  -9.9787871e-02  -6.9612181e-02  -2.8658078e-01   9.0200258e-02   8.8484298e-02  -9.2161163e-02  -1.9730451e-02   1.6050790e-01   7.8808678e-02  -1.2418907e-01   1.5962685e-02   5.1643048e-02  -3.2591336e-01  -1.0117917e-01   8.1129058e-03  -1.1698526e-03  -8.3028556e-02   1.3675506e-01   1.1746261e-01   1.8472834e-01
  -1.2785285e-01   2.9663965e-01   1.3796533e-01   6.0426787e-02  -1.5307273e-02   3.5763027e-02   1.9120326e-01   3.1811405e-01   1.1816668e-02  -4.4437222e-02   1.4303306e-01  -3.6663415e-02  -9.3167802e-02   4.4935653e-02  -1.8364829e-02   8.0227015e-02   1.6443376e-01   5.6563258e-02  -4.0302767e-02   4.0598512e-02  -1.5797723e-01  -6.7511760e-03   1.4895859e-01  -2.6155463e-02  -7.9778075e-02  -4.1150202e-02  -2.2030474e-01  -2.4370232e-01   9.3955635e-02   5.8358418e-03  -1.1248068e-01   2.6794506e-02  -1.3928866e-01  -6.2638582e-03   3.1189539e-01   1.3500033e-02   6.2148557e-03   1.2531078e-01   5.0438441e-02  -2.5326804e-01   8.7862552e-02  -5.6801381e-03  -3.0947930e-01  -1.1615552e-01  -3.2737849e-01  -1.6674510e-02   1.6545878e-01  -3.3580540e-02   1.4283488e-01
  -1.3878080e-01  -2.6866218e-01   8.4164466e-02   1.1520600e-01   1.9039279e-02   2.3860399e-02  -1.5243388e-01   1.1874221e-01  -1.7290645e-02   1.2175085e-01   1.4290097e-03  -5.7945680e-02  -7.5714550e-02   2.4742297e-01  -1.1990575e-01  -7.9545713e-02  -6.0368783e-02   1.4494172e-01  -7.6266801e-02  -3.5837182e-02  -1.4468570e-01   1.7711222e-01   1.8519892e-01  -3.9004468e-02   2.3821062e-01  -1.3611928e-01  -2.4675010e-01  -1.2299431e-01   6.0454207e-02   2.1451865e-01  -8.0152606e-02  -5.3496570e-03   2.2489783e-01  -1.1426577e-01  -1.9719975e-01   1.8784603e-01   2.0616677e-01  -2.1678366e-01   1.0265804e-01   9.3425354e-02   1.5391178e-01   7.3143083e-02   1.1627757e-01  -2.0749005e-01   3.4497992e-02   1.2969685e-01   1.1959440e-01  -2.2486457e-01   3.8012860e-02
  -1.3765338e-01  -1.7116667e-01   1.1536451e-01  -1.9542452e-01  -1.6333280e-01  -1.0032227e-01   1.7957019e-01   1.3262281e-01   3.1082014e-02   1.7258700e-01  -2.4071663e-01  -6.4698195e-02   6.5843259e-02  -8.6843030e-02  -1.6870802e-03   1.7791186e-01  -2.5543384e-01   4.6822590e-02  -4.1219019e-01   3.1395628e-02  -6.7048687e-02   9.5497959e-02  -3.4131375e-02  -2.4051816e-01  -4.4614087e-02  -1.7096418e-02  -5.4943539e-02   1.1236740e-01   1.3780875e-02   5.0523236e-02   1.3031095e-01   1.0929109e-01  -2.4765749e-01   2.2584123e-01   8.7587698e-02  -6.7621488e-02   2.9618936e-02  -1.5539383e-01  -3.5339181e-02  -2.2470774e-01  -1.7302718e-03  -4.1221353e-02   8.2448493e-02   1.8264062e-02   1.4720610e-01   4.0949959e-02  -1.8579909e-01  -1.9489175e-02   2.1972880e-01
  -1.1902215e-01   1.1789214e-01  -1.7967722e-02   1.3059893e-02  -2.1412828e-01   2.9189289e-01  -1.2352628e-01  -8.6451840e-02  -1.1709389e-01   1.6326943e-01   1.1447624e-01  -1.3501250e-01  -2.9108642e-02   8.4638236e-02   3.8271692e-02   9.6641160e-02   6.7733665e-02  -1.6220278e-01  -6.5340978e-02   2.1017018e-01   3.0662509e-01   3.8000296e-02  -3.4648897e-03   8.2846492e-02   4.2298462e-02   1.9664812e-01  -1.1258786e-01   3.1165278e-01   4.3269663e-02  -1.7333526e-01   4.5451138e-02   1.5901073e-01   7.4801259e-02   3.7039285e-02  -5.7969841e-02   1.2501930e-01   2.4534239e-01  -1.6657849e-01  -1.3822095e-01  -6.0481797e-02   8.2282071e-02   2.7600842e-01  -1.8931317e-01  -9.8031314e-02  -1.3765515e-01   9.4446400e-02  -9.4635818e-02   1.8394377e-01   1.4490248e-02
  -1.8278886e-01  -1.1264853e-02   3.0412334e-01   1.4361223e-01   2.0053356e-01   6.7664706e-02   2.3921294e-02   5.0383255e-02   1.7775475e-01   1.8490205e-01   7.0784487e-02   1.2158344e-01  -1.8571352e-02  -6.0733364e-02  -7.8206161e-02   3.0175730e-02  -2.6565537e-01  -1.7100622e-01   2.4878354e-01  -6.5077623e-02   2.5192934e-02   9.6220725e-02  -1.5986462e-02   1.1257050e-01  -2.9605433e-01   6.4359918e-02  -5.7439628e-02  -1.4900403e-01   3.0211191e-03  -1.1627268e-01  -1.0127850e-01  -1.6833606e-01  -1.9117439e-01  -2.0858526e-01  -2.9931746e-02   7.2369023e-02   8.2200127e-02  -2.5718121e-01   7.0411836e-02   8.0171607e-02  -1.6951538e-01  -8.1229950e-02   4.3573207e-02  -1.1128861e-01   4.2126947e-03  -3.3110950e-02  -2.8126857e-01   2.2130678e-01   3.6485089e-02
  -1.3470354e-01   4.9149652e-02  -1.7920361e-01  -1.7850385e-01   4.4943950e-02   2.0815370e-03   1.3680120e-01   9.8622533e-02   6.6351730e-02   7.6847658e-02  -1.0381007e-01  -2.9465709e-01   9.8202511e-02   1.0282056e-01  -1.8773333e-01   1.9271746e-01   1.4402003e-02  -4.0404201e-01  -5.1569354e-02  -5.8131156e-02  -8.6844014e-02   5.6778527e-02   1.6766556e-01   1.6824608e-02  -3.5374165e-02   1.8905211e-01  -2.0902659e-02  -6.3026095e-02  -9.1100297e-02  -5.2547359e-02  -2.4790825e-01  -6.3371431e-02   1.2432804e-01  -6.7949525e-02   1.9831887e-02  -2.7278674e-01   4.6959107e-02  -8.4064457e-02   1.5381905e-01   8.5843397e-02   1.4560115e-01   6.4643047e-02   3.7624400e-03   3.0047773e-01   5.2099409e-02  -9.4753225e-02   2.2484695e-02  -1.2156388e-01  -2.8294794e-01
  -1.5034668e-01   8.4128484e-02   1.1510134e-01  -1.6806957e-01   5.8282735e-02   2.6157111e-01  -2.9501489e-01  -3.0839126e-02   5.3442839e-02  -1.0794949e-01   1.7598301e-02  -1.2706842e-01   1.1516429e-01  -2.0625270e-01   1.7319767e-01   1.4463975e-01  -3.9697255e-02  -1.7763048e-03   6.4760611e-02   3.2898872e-02  -1.3121629e-02   1.6385981e-01  -1.8532889e-03  -2.2436402e-01  -3.0747127e-02  -8.5331193e-02  -1.9310506e-01   2.9746107e-02  -1.1734522e-01   5.8551137e-02   1.4648903e-01  -1.6099496e-01   1.9468131e-01   1.3674634e-01   1.0668099e-02   1.8745239e-01  -2.2238244e-02   3.0671887e-01   3.3796748e-01   2.4969650e-02   1.8400640e-01  -2.3075378e-01  -6.6344124e-02   1.9238069e-02   8.9613897e-02  -3.1875959e-02  -1.3172163e-01   1.0778811e-01  -7.0534563e-02
  -1.1515967e-01  -1.3377536e-01  -1.4557942e-01   1.9036368e-01  -1.2857841e-01   2.4264248e-01   3.6814226e-02  -9.6419157e-02   1.2271598e-01  -1.3242160e-01  -3.7430672e-02  -3.3736242e-02  -2.1881360e-02   1.8898058e-01   4.8133076e-03  -4.2559110e-02  -1.5559038e-01   1.1252130e-01   1.9118316e-02  -2.2379084e-01  -2.5731379e-02  -1.4867896e-01  -2.6822857e-01   8.2351866e-02  -1.3950943e-02   1.0130851e-02  -2.2232448e-01   5.9975684e-02  -1.2694486e-01  -3.5276572e-01  -5.0053914e-02  -1.1995249e-01  -1.4060475e-01   3.1486578e-01   1.5462374e-01  -5.2769118e-02  -7.1836342e-02  -5.9559022e-02   2.9117848e-01   9.3842127e-02  -1.1645713e-01   7.7789523e-02  -2.8071173e-02  -2.4488980e-02   5.9292501e-03   1.6760782e-01   1.7763885e-01  -1.5496835e-01   3.9565668e-04
  -1.5138815e-01   9.6411973e-02  -6.6863399e-02   1.2937627e-01   1.1581254e-01   3.0106073e-01   1.9611451e-01   3.1155219e-01  -9.8902754e-02   8.5390099e-02   2.5116623e-02   2.3127697e-01  -6.4889882e-02  -5.9483677e-02   1.5249427e-01  -5.1100886e-03  -2.8154518e-01  -1.7685561e-01  -2.4363676e-02   5.4993721e-02   1.9816137e-01   1.4386747e-02   9.5045371e-03   2.6483500e-03   2.0435764e-01  -9.4999645e-02   1.6884781e-01   5.4791686e-02  -1.2467360e-02   1.1745736e-01   1.2327697e-02  -1.7053481e-01   3.0846430e-02   8.0627926e-02  -1.3319798e-01  -1.2019080e-01  -2.5039026e-02   2.5869613e-01  -3.9711640e-02   1.5333267e-01  -3.2825009e-02   2.0953587e-01   1.0500900e-02  -2.8515321e-03   2.4368715e-02  -1.9818530e-01   2.5224377e-03  -2.5790887e-01   2.0441258e-01
  -1.4754156e-01   8.9351696e-02   1.0573127e-01  -6.8872524e-04  -1.2782751e-01  -1.7019863e-01  -5.0133438e-02  -8.1098556e-02  -6.7230685e-02   5.0505865e-02   2.6264017e-01   4.9149696e-01   1.4421415e-01   2.2229524e-01  -1.4338845e-01   1.0699681e-01   1.0103862e-01  -2.3939825e-01   9.0603012e-03  -1.0150561e-01  -1.4705050e-01  -3.6484941e-02  -2.2411296e-02  -5.2131324e-02   1.8354926e-01  -6.7687789e-02   7.5139206e-02   1.3742349e-02  -5.8959640e-02  -9.5132433e-02  -7.9765112e-03  -1.9930512e-01   1.1360602e-01   2.1290906e-01   1.2638842e-01   1.8961970e-01  -1.8013765e-01  -7.5382779e-02  -7.8732591e-02  -1.9288271e-01   1.9189050e-01   7.3130347e-02   9.9200715e-02   8.3086928e-02   7.4897373e-02   5.0820819e-02  -1.4907422e-01  -1.1273133e-02  -5.6313484e-02
  -1.4150602e-01  -1.9279731e-02   1.7018702e-01  -1.2211090e-01   9.0846932e-02  -1.1527657e-01  -6.8411250e-02  -1.6223955e-01   1.0401789e-01   4.2809933e-02  -6.1543836e-02  -4.6957977e-02  -2.6555900e-01  -2.3853766e-02  -1.2514038e-01   3.3782129e-01  -1.2322860e-01   1.6793298e-01   3.0686071e-02  -1.0966561e-01  -2.3368980e-01   1.7293340e-01  -1.2101729e-01   1.3623088e-01   1.5745421e-01   7.4480374e-02   3.9986932e-01   6.6737652e-02   4.0749021e-02  -1.4645794e-02  -1.4403978e-01   1.2693856e-01  -1.6383010e-03   1.0460740e-01  -7.3565460e-02   1.2508003e-01  -5.1881543e-03   1.8626713e-01   1.0902165e-02   1.8178431e-01  -4.0752625e-02   1.2809343e-01  -2.8906284e-01   5.4629709e-02  -1.8971508e-01   1.1204896e-01  -2.7660802e-02  -4.2649085e-02   2.3160786e-02
  -1.5537777e-01   1.4016006e-01  -2.2339028e-01  -7.6463212e-02   2.4775941e-01  -5.7365574e-02   6.1574322e-03  -9.8043536e-02  -1.3470915e-01   1.3160772e-02  -9.3743945e-02   1.0697805e-01  -1.6575871e-02  -6.2625073e-02   1.8171722e-01   5.6149135e-02   1.5875451e-02  -5.6884597e-02  -1.7891641e-01  -1.8690129e-01   1.5536566e-02  -9.6208303e-02   1.1682136e-01  -2.1698627e-01  -1.1788652e-01   6.8836020e-02   1.2784908e-01  -1.1080086e-01   4.8708846e-04   5.5072183e-02   3.5335502e-01  -7.9658401e-02  -1.2502318e-01  -2.2432541e-01  -4.3894092e-02   1.6369230e-01  -1.3953560e-01  -2.1295898e-01   2.2117303e-01   6.2130604e-02   9.0942813e-03   2.9875000e-01  -8.4704578e-02  -5.6319433e-02  -6.4313175e-02   2.6333475e-01   1.8255237e-01   6.5191965e-02  -4.5252871e-02
  -1.6654829e-01   2.0726731e-01   1.1759048e-01  -2.0262415e-01  -1.0918063e-01  -4.2694610e-02   3.1360861e-02  -1.1888413e-01  -1.2823782e-02  -3.7269762e-02   1.9745145e-03   4.5737054e-02  -4.2303650e-03  -5.3859027e-04   1.4763398e-01   2.3751967e-01   1.6844881e-01   2.4130167e-01  -1.3318592e-02  -1.5418110e-01   2.1249599e-01  -1.2893716e-01  -8.3356595e-02   1.2672180e-01   9.9087285e-02  -9.8324477e-02  -3.2881126e-02   2.2045878e-01  -8.2262269e-02  -5.8041137e-02  -1.8226649e-01  -8.0245389e-02  -4.8364994e-02  -4.6628600e-01   5.7486525e-02  -4.6378106e-02   4.6277742e-02  -1.3165955e-01   9.1282397e-02   1.1663499e-02   7.3383241e-02  -1.2631655e-01   2.5802427e-02  -2.2461766e-02   2.2398669e-01  -1.2609650e-01   3.6750584e-03  -2.5944884e-01   2.0076340e-01
  -1.4089834e-01   7.9418583e-02  -2.3457447e-01   1.6934174e-02  -2.5371799e-02  -2.2909557e-01   1.6844443e-02  -3.9680661e-03   7.8505237e-02   5.6718157e-02  -1.1494811e-01   1.4020840e-02  -1.6442899e-01   6.6912422e-02   4.0769347e-01   1.6720250e-01  -8.8189088e-03  -1.5221163e-01   1.6594433e-01  -4.6829672e-02   7.7461065e-02  -1.8430831e-01   7.0587527e-02   1.1428631e-01   2.0074983e-01   1.8530449e-02  -6.0126115e-02  -2.4900262e-01  -1.2541134e-01   7.5159000e-02  -3.1038483e-02   5.3371368e-02  -4.6378753e-02   1.7386971e-01  -1.6755950e-02   4.1725395e-02   3.8024074e-01   1.0263669e-01  -9.4258616e-02  -4.7016130e-02  -7.0413756e-02  -2.5582775e-01   1.3739556e-01  -1.1743551e-02  -1.5362743e-02   2.7068459e-01  -8.6849014e-02   5.5656634e-02  -1.2280790e-03
  -1.3828098e-01  -2.0394560e-02   3.7144452e-02   2.1663598e-01   2.3770211e-01   2.0170087e-01  -1.8509961e-01  -1.2667388e-01   1.1424354e-02   8.5058498e-02   4.4974484e-02   5.9564111e-02  -2.3582541e-01  -7.1763476e-02   2.6004188e-02  -1.0446308e-01   1.7895055e-01  -2.9085170e-02  -1.8049292e-01   4.0465349e-02  -1.9648098e-01  -1.0964322e-01   8.8350694e-02   1.3274347e-01   8.7663971e-02  -5.6115902e-02   6.6416797e-02  -1.2489445e-02   1.0763236e-01  -2.0977109e-01   1.5128990e-01   2.6687164e-01  -2.3459962e-01  -4.2366983e-02  -1.4993482e-01  -1.9968227e-01   4.4195704e-02   6.6393209e-02   1.6252222e-01  -2.8840026e-01   1.3314970e-01  -7.9437354e-02   7.9243563e-02   9.5992957e-02   9.2242494e-02  -9.6493869e-02  -1.9841836e-01  -1.7925451e-01  -1.6475171e-01
