  -1.3515921e-01  -1.9667110e-01   8.6562201e-02   4.6072290e-02  -1.0435666e-01  -1.9995348e-01   1.8342447e-01  -7.1603838e-02   1.8747559e-01   2.1990449e-02   1.7747610e-01  -3.1042368e-02  -4.9654854e-02   1.0239418e-01   2.0074711e-01   5.1225144e-02  -4.8866817e-02   1.2518563e-01   1.3773449e-01   1.8878037e-01  -1.1894028e-01   1.7577753e-01   9.9730450e-02   2.5989491e-01   4.6037367e-02   2.1865635e-01   7.2130492e-02   2.8869863e-02   4.9056149e-02   1.5700965e-01   8.9070321e-02   2.0443687e-01  -7.7517741e-02   3.8563150e-02  -2.6281235e-02   8.6441180e-03   2.7638121e-02   1.5466069e-01  -2.0176505e-01  -4.2537167e-01  -6.1885425e-03  -1.9806411e-02  -1.3085301e-02   6.9610631e-02  -8.5767650e-02   1.9403053e-01  -2.2459235e-01  -1.9044979e-01   1.0531999e-02
  -1.3247106e-01   3.8855487e-02   6.2983664e-03  -1.2935320e-01   1.0599531e-01   2.5361253e-02  -8.6994450e-02  -1.3016284e-01  -7.0227461e-02  -2.5030493e-01   3.7609290e-01  -3.8774627e-02  -2.0194461e-02  -1.4222465e-01  -1.3928668e-01   2.6643231e-01  -1.4857679e-01   5.0207332e-02  -4.2068201e-02  -3.0552799e-02  -2.3981178e-01   1.1388283e-02  -1.4117162e-01   3.2999032e-02   1.4521752e-01  -1.4785902e-01  -4.1664748e-01  -5.9313765e-02   7.5611909e-02  -1.5760431e-02   9.6021684e-02  -3.9393406e-02  -3.9579608e-03  -1.7343691e-01   6.8847352e-02  -1.4254532e-02   1.5433642e-01  -6.5031653e-02  -5.2107922e-02  -1.0729311e-01  -5.8934489e-02  -2.8509700e-02  -2.1200984e-01   4.9715298e-02   2.7259276e-01  -1.8047668e-01  -1.3743458e-01  -2.3383179e-02  -9.0178181e-02
  -1.1812107e-01  -6.5359608e-03   9.0545371e-02   1.1770455e-01  -1.9590450e-02   1.3405189e-01  -1.6198205e-01   1.5772922e-01  -1.8206163e-01   1.2182680e-01  -5.0752169e-02  -1.5352867e-01  -3.9789921e-01   1.6541037e-01  -8.9351266e-03  -2.4838531e-02   1.1451786e-01  -1.4269888e-01   1.9997797e-01  -9.7872746e-02  -2.3456404e-01  -3.0656541e-01   9.2612263e-02   4.5023464e-02   1.9719174e-01   1.4675800e-01  -1.9963860e-01  -9.3785549e-02   7.2573523e-02   1.4308205e-01  -2.3249842e-01   3.5443054e-02  -2.8491633e-02  -2.4708735e-01  -8.7212904e-02   9.0466859e-02   7.4580459e-02  -7.7861360e-02   1.3319748e-02  -5.4583733e-02   1.3108862e-01   1.3135492e-01  -4.3933493e-02  -9.2054747e-02  -1.0298743e-01   1.9523264e-01   1.2027389e-01  -1.6583401e-02   2.1088527e-02
  -1.3523960e-01   9.7976240e-02  -7.1371140e-02  -6.2206040e-02   7.7059286e-02  -2.2711196e-01  -7.0715592e-03  -3.2044884e-01  -9.7683529e-03   6.8622168e-02  -1.7377503e-01   6.4742512e-03   2.9788467e-01  -5.3971903e-02   8.9994521e-02  -1.2462389e-01   3.0036192e-01  -1.3291220e-01   5.7516798e-02  -1.0151958e-01  -1.2202470e-02  -3.6819634e-02   1.9082653e-01  -7.8601068e-02  -2.1569829e-01   1.8087603e-01  -2.2765124e-01   1.0729004e-01   9.7572289e-03  -2.0545842e-01  -1.2843555e-01  -9.2394147e-02   9.4084656e-03  -1.2034701e-01  -1.0393505e-01   1.2318128e-02   6.4307179e-03  -5.6741464e-02  -2.1692346e-01  -9.4941504e-03   9.9979184e-02   2.9086605e-02  -3.4184245e-01   6.3980172e-02   7.7886992e-02   7.6336495e-02  -1.1166103e-01  -3.1391376e-02   2.0972365e-01
  -1.4372748e-01  -1.8191902e-01   1.6299201e-01  -4.1472947e-02   1.8055978e-01  -4.0188144e-01  -7.5254781e-02   1.9721932e-02  -9.6447880e-02   1.5139482e-01   3.9797591e-02   2.3000814e-01   2.2192061e-02  -2.3777804e-01   7.9993403e-02  -1.4494536e-01  -6.6680813e-02  -1.9027152e-01   1.7809517e-01   1.0070642e-01   3.7385184e-02   5.2681195e-02  -1.9781660e-01   1.7401686e-01   1.3119912e-01  -1.5222942e-01  -2.8346247e-04  -1.4702013e-01   4.7863178e-02   1.3890751e-01   1.4781097e-02  -7.7385508e-02   9.4988808e-02  -1.0383496e-01   1.8588983e-01   6.9310878e-02  -9.0832676e-02  -5.5550213e-03  -3.9618795e-02   3.4529789e-01   1.4137510e-01  -3.1465181e-03   1.1836091e-01   1.8420860e-01   6.1170297e-02   2.0054905e-01   4.2298636e-03  -7.7890029e-03  -2.3116117e-02
  -1.4131848e-01  -2.6203313e-02   1.5770060e-01  -2.7801220e-01   2.3114545e-02   3.0239431e-01  -1.1968380e-01   9.3637679e-02   2.9261029e-01  -1.5445593e-01   7.6626667e-03   7.2636005e-02  -1.3486205e-01   3.1815742e-02   9.4738937e-02  -1.2038680e-01   1.9925970e-01  -1.4429237e-01   4.9337781e-02  -1.1637140e-01   1.2364154e-01   2.0338161e-01   3.1127047e-03   1.0175706e-03   1.8108090e-01  -3.3564744e-02  -3.9954367e-02   3.4919713e-01  -8.6274322e-02  -1.2144367e-01   1.2116993e-01   3.0965209e-02   1.6546451e-01   1.7911446e-02   2.0341094e-01  -2.1493676e-01  -3.7028335e-02  -2.2101603e-01  -3.6927147e-02  -1.0288298e-01   1.2847528e-01  -1.5512235e-02  -1.2881353e-02   7.9530755e-02  -4.6722008e-03   2.1617852e-01   8.7419074e-03   1.5278220e-01  -7.3024601e-02
  -1.4195702e-01   5.1413180e-02   1.4735524e-01  -1.3566150e-01  -1.3899761e-01   1.6858854e-02  -5.0514824e-02   1.0433108e-01  -9.6625208e-02  -1.2144387e-02  -1.4646274e-01   2.6607845e-01  -4.6001032e-02  -2.6873601e-01  -1.3414013e-01   1.2998424e-01  -1.1052706e-01  -9.9292530e-02   2.7620054e-01  -1.1225193e-01   1.4652302e-01  -2.3225380e-01   2.6812680e-01  -4.5953969e-02  -6.0012212e-02  -1.2205646e-01   3.7324311e-02  -7.3221303e-02   1.4942325e-02   1.5410326e-01   1.1322973e-01   1.5373369e-01   1.0878844e-01   2.9741148e-01  -2.6135758e-01   9.1040840e-03   6.8899393e-02  -6.1824024e-03  -2.4111026e-01  -1.5615634e-01  -1.1936732e-01  -1.6415912e-01  -9.5600796e-02   1.2264217e-01   1.8763204e-02  -9.1843412e-02   9.3706038e-02   7.6590530e-02  -4.7291139e-02
  -1.4487886e-01   1.4182890e-01   1.5187189e-01  -6.2836900e-02  -1.3506649e-01  -5.0151650e-02   2.4926585e-01  -1.2589506e-01  -4.7216004e-02  -1.9359547e-01  -2.1369226e-02   2.1947714e-01  -1.0068125e-01   2.6657753e-02  -1.2153665e-02   5.5493736e-03  -1.5986530e-01   5.3149775e-03  -3.4929105e-02  -3.9669227e-02   3.8233021e-02   1.4553094e-01   1.4952207e-01  -2.4220090e-02   2.4253570e-01   5.3564707e-02  -1.9348789e-02  -2.1772930e-01  -2.3098683e-01  -2.7914796e-01  -1.9170677e-01  -3.4761313e-01   6.1933808e-02  -4.3838154e-02   4.2428860e-02   2.3566271e-01  -2.8104653e-02   6.5953649e-02  -1.4222288e-01  -1.1316865e-01   7.7727227e-02   1.7573665e-01   1.9480514e-01  -8.4194770e-02  -2.1251472e-01  -1.1523614e-01  -8.9326136e-03   1.4008078e-01   1.0068472e-02
  -1.4277510e-01   6.3010528e-02  -6.1093092e-02   2.3334703e-01  -3.7546290e-02  -2.6696867e-01  -3.0019211e-01   1.1488766e-01   8.8662082e-02   1.1446196e-01  -1.7825141e-01   9.1095378e-02  -1.5513528e-01  -8.6417483e-02   4.8438727e-02   3.6158125e-01  -2.0098146e-03   9.9203489e-02  -1.3268170e-01   2.6180552e-03   1.6257060e-01   1.0186667e-01  -1.5617144e-01   4.6893124e-02  -7.6552534e-02  -1.2024283e-01  -1.3087896e-01   2.2347380e-01   1.1218930e-01  -7.1630334e-02   4.1747498e-02  -1.9570317e-01  -1.4242071e-01   6.7460352e-02   7.1929235e-02  -9.2911331e-02   1.6190262e-01   1.9684097e-01  -4.8104785e-02  -1.9184440e-01   1.1560252e-01   1.1677049e-01  -7.6779906e-03  -1.4364922e-01  -5.7975029e-02   5.2510956e-02   2.3195262e-01   1.1495903e-01   1.2752065e-01
  -1.4006263e-01   1.7972868e-01  -8.2861282e-03   1.1391901e-01  -4.1144277e-02   3.0471314e-02   2.9243359e-01   9.1741174e-03  -6.1906227e-02   5.5688997e-02   1.9799862e-01   1.7263589e-01  -1.0316145e-01  -3.0432261e-02  -1.4687330e-01  -1.4304250e-01   9.7010291e-02  -1.1412995e-01   1.2212755e-01  -2.0814278e-02  -1.1154416e-01   5.9506763e-03  -1.2898401e-01   7.2401255e-02  -2.3572463e-01   5.9282128e-02  -4.5655339e-02   2.1506607e-01  -1.6223652e-01  -1.2067964e-02   1.6861750e-01   3.5524176e-02   6.0006722e-02  -6.2905500e-02   3.5093883e-02  -1.2483618e-01  -1.4250899e-01   2.1593153e-01  -1.6000150e-01   1.0650109e-01  -2.2399925e-01   2.5421710e-01  -3.8449564e-02  -2.7175420e-01   1.0455416e-01   2.3610080e-02   2.8697340e-01  -1.5897446e-01  -2.0988442e-01
  -1.3103917e-01   2.1638233e-01   3.3920088e-02   1.7338782e-01  -1.5128477e-01   7.4849818e-02   3.2124915e-02   1.0544136e-01  -1.9087427e-01  -5.2835140e-02   2.0187348e-01  -2.2073998e-03   1.4795573e-01  -9.5975107e-04   7.1599848e-02   9.7014905e-02   1.7242330e-01  -9.0807294e-02  -1.7302223e-02   5.3437449e-02   1.8292873e-01   6.8763306e-03   1.7793283e-01   2.2623979e-01   2.5519469e-01   9.6733893e-02  -3.4240048e-02   2.4200969e-01   9.0788301e-02  -6.7370297e-03  -7.3214135e-02   1.5963622e-01  -1.5232527e-01   2.7459825e-01  -2.9300497e-02   1.9147202e-01  -7.2115716e-02   1.4161904e-01   1.7160592e-01   2.1062628e-01   1.9396836e-01   1.2789706e-01   3.6068685e-02   5.3865016e-02   2.8455280e-01  -9.4824015e-02  -1.5284409e-01   9.8421101e-02   2.2620567e-02
  -1.4336240e-01   7.6049030e-02   2.4387607e-02   2.3073294e-01  -1.7608172e-01   1.1904854e-01   5.4717596e-02  -4.9079421e-02   8.9244229e-02   4.2313303e-02  -2.1802692e-01  -1.7915321e-01   1.7756870e-01  -4.7862329e-02   1.3998004e-01  -2.6177128e-01  -1.3669754e-01  -1.8517042e-01   7.5996954e-02  -1.0865668e-03   1.3911118e-01  -2.5152010e-02  -2.4673231e-01  -6.8200098e-02   1.2505801e-01   1.8351828e-01  -4.5155123e-02  -1.9350709e-01  -3.6183042e-02   1.1974528e-01   2.3655675e-01  -8.4557055e-02   2.1723525e-01  -3.0036654e-02   5.5088912e-02  -2.1598974e-02   3.8177023e-01   7.5258536e-02   1.1104296e-01  -1.6798797e-01  -4.0320391e-02   4.9873351e-02   4.5695236e-02  -4.0428886e-02   2.8837337e-01  -6.1564117e-02  -1.6519833e-02   7.3858324e-02   4.5065514e-02
  -1.5106894e-01  -9.0184008e-02   7.7567666e-03  -8.1156110e-02  -2.1334509e-01  -2.6591768e-01  -5.8813306e-02   1.2630846e-01  -1.4472501e-01   2.0996946e-01  -3.6080437e-02  -2.0173262e-01   3.6843646e-02   1.3539729e-01  -1.2382220e-01  -4.0170303e-02  -7.9546555e-02  -1.3786709e-03  -4.5165610e-02  -2.5531764e-01   4.4327978e-02  -1.3880609e-01  -1.9329519e-01  -3.2934419e-02   1.4362522e-01   9.0338096e-02  -8.4703021e-03   1.4859308e-01  -1.2801985e-02  -2.1461285e-01   1.3656375e-01   2.1602051e-02   1.3373406e-01  -5.0750973e-02   9.9513034e-02   1.1813655e-01  -4.4126215e-01   7.9746713e-02   1.4566646e-01  -2.1209502e-01  -1.3586327e-01  -1.0983460e-01  -1.2655290e-01   1.7280341e-01  -8.2628138e-02  -1.6110663e-01  -4.7122720e-02   3.3481991e-02  -9.7250129e-02
  -1.4931445e-01  -1.3326043e-01  -1.5569413e-01  -1.5803181e-01  -8.9852505e-02   2.2080093e-02  -4.9971337e-02  -5.7195516e-02  -3.8622432e-02   3.3856522e-01  -1.1660905e-02   4.6194019e-02   9.4740011e-03   2.2781985e-01  -1.0078668e-01   7.5751413e-02   1.0257828e-01   1.0182148e-01   6.2765457e-02   1.1870122e-01  -8.6548081e-03   1.9094344e-01  -4.9269423e-02   2.1780812e-01   7.3172414e-02   1.3904488e-02  -4.5001508e-02  -3.3362008e-01   4.5165352e-02  -1.0507283e-01  -1.4738790e-01   6.2428631e-03   8.9419249e-02   2.9531569e-01  -5.4410019e-02  -2.7570522e-01  -6.0586347e-02  -2.8223635e-01  -8.1605656e-03   2.0042573e-02  -2.0508202e-01   2.3063459e-01  -3.7606820e-02  -1.0760825e-01   1.8322408e-01  -5.0323837e-02   3.2890172e-02   1.5706901e-01   5.4861633e-02
  -1.5323631e-01  -1.2931356e-01  -3.5017895e-01   7.6266243e-02   5.9474726e-02   2.1857365e-02   1.6890008e-01   2.1674429e-01   1.5490960e-01  -4.3941957e-02  -2.2643151e-01  -5.8457773e-02   1.1125823e-01   1.4193679e-02  -6.2563187e-02   1.3205873e-01  -2.7466647e-02   7.8408174e-03   1.4303068e-02  -6.0067281e-02  -2.7312522e-01  -5.0461427e-02   1.2619830e-02   1.4361597e-03   7.7390981e-02  -2.5365403e-01  -5.5047841e-02   1.7608612e-02  -1.3064934e-01  -1.6069061e-01   1.3541010e-01   1.2832795e-01   2.0718157e-01  -1.1851175e-02  -2.7119438e-01  -5.8704257e-02   5.5035096e-02   1.3198354e-01  -3.9688938e-02   1.3498878e-01   2.2967669e-01   2.9526753e-01   1.1644288e-01   2.2447954e-01  -8.1566444e-02   3.5376877e-02  -1.6018197e-01  -4.1239491e-02  -6.7345326e-02
  -1.5631666e-01   7.1459164e-03  -5.0761729e-02  -5.3078176e-02   1.9520445e-01  -1.7594498e-01   1.1853795e-02   1.2690547e-01   8.5332793e-02  -1.2630336e-01  -4.7891573e-02  -1.0055227e-01  -1.0800419e-02  -1.7427773e-01  -5.3576395e-02  -3.7568335e-02   1.3811750e-01   1.8315562e-02   1.8679973e-01   3.3580488e-01   6.7924827e-02  -2.6057471e-01  -5.2982392e-02  -5.8558919e-02   1.6975770e-01   8.4744039e-02   2.4284093e-01   1.1207618e-01   7.1638817e-02  -2.5572278e-01  -7.4402164e-02  -8.6113915e-02  -1.0462563e-01   1.1873042e-01   9.1304394e-02   5.1616061e-02   2.5625585e-01  -1.9108298e-01   1.0601414e-01  -1.1662923e-02  -1.9840830e-01   1.3029192e-01  -1.3383390e-01  -1.1078284e-01  -1.5747870e-01  -1.1404463e-01  -8.9322937e-02  -1.6614683e-01  -2.6088184e-01
  -1.5390520e-01  -1.0879208e-01   5.5152859e-02   7.1773533e-02   3.7355493e-02  -7.1227347e-02  -1.5628246e-02   1.4967164e-01   2.6937419e-02  -3.6902798e-01  -8.7783469e-02  -7.0953497e-02  -5.1494969e-02   2.1996838e-01   2.0570029e-02   2.3688832e-01  -7.8216143e-02  -2.4288785e-02   2.4232671e-01   3.4531239e-01   6.8256813e-03   9.0033995e-02   3.0198934e-03  -1.5699529e-01  -1.7247957e-01   2.4129037e-01   1.7835539e-02   2.3921030e-02   8.9870594e-03   9.2082661e-03  -1.0714554e-01  -1.1927938e-01   2.2318050e-01  -1.2853713e-01  -1.4798453e-01  -1.2100627e-01  -2.2365627e-01   1.1925839e-01   6.4282655e-02   1.7324317e-01  -1.3226149e-02  -2.2604711e-01  -5.6735985e-02  -3.2308651e-02   1.8469851e-01  -2.7346524e-02   3.9174881e-02   2.1024493e-01   1.8267889e-02
  -1.5241724e-01   9.8624654e-02   1.4213471e-01   2.8638984e-03  -1.0659727e-01  -6.7327371e-02  -2.7090217e-01   1.2333805e-01   6.7499799e-02  -1.1438947e-01   1.8488399e-01   8.0930422e-02   1.3160893e-01  -2.2932072e-02  -1.1829958e-02  -1.0821066e-01   3.3708522e-01   1.4998807e-01  -2.3138504e-01   7.1466823e-02  -3.9295120e-02  -1.8063957e-02   1.1877823e-01   2.0044815e-01  -1.9058446e-01  -1.0891455e-01   1.4980548e-01  -2.8373384e-01  -1.2167961e-01  -9.2349573e-02   1.1750061e-01  -5.4547251e-03   1.2226674e-01  -2.2499377e-01  -2.2764369e-01   1.3672120e-01   7.1029842e-02   5.5686262e-02   2.8110651e-01  -1.2361979e-01  -8.2414122e-02   9.3149106e-03  -2.6733420e-02   7.0845459e-02   1.0665157e-02   1.6638219e-01   1.1585805e-01   8.7871224e-02  -1.2226321e-01
  -1.6620443e-01  -5.1555149e-02   9.1936833e-02   1.3273911e-01  -1.5094472e-01  -1.1904352e-01   7.8070724e-02   1.4294498e-01   7.7191161e-02  -1.1529677e-01   1.0685837e-02   2.5187404e-01   1.6917232e-01   2.7819191e-01  -1.0577818e-01   1.8965878e-02  -2.0588112e-01  -1.0536179e-01  -1.3693242e-01  -5.5636996e-02  -1.3063715e-01  -6.7211259e-02   1.3074234e-01  -2.0279040e-01  -1.1843085e-01  -1.0568062e-01   1.0424717e-01  -8.2954278e-02   1.1152537e-01   5.2876904e-02   4.9852055e-02   2.5306300e-01  -2.5017266e-02   1.7488459e-02   3.9350284e-01   5.9780409e-02   7.5825741e-02  -1.9835163e-01   8.6800328e-02   7.0795681e-02   8.9725150e-02   1.2674844e-01  -2.9973895e-01  -1.9464966e-01  -5.1939945e-02   8.2615202e-02  -5.0466246e-02   5.9078199e-02   1.2474674e-01
  -1.3413162e-01   3.2468117e-02   1.6841494e-02   7.4871024e-02   1.2844220e-01   1.0514230e-01   2.8180822e-01  -6.5586026e-02  -3.4017216e-01  -9.4721532e-02  -9.5039720e-02   2.0059600e-01  -1.4104285e-01  -7.7576339e-02   1.4499695e-01  -9.8300396e-02  -3.6345323e-02   9.6424973e-02  -1.8957302e-01   1.1285156e-01  -1.4376611e-01  -7.2180860e-02  -2.4273680e-01   1.2432638e-02  -1.9225419e-01   4.3848576e-02  -8.9456124e-02   4.1640707e-02   2.1105670e-01  -1.1117711e-01   1.7275743e-02  -3.7347502e-02   1.2792906e-01   2.8398570e-01  -1.0270359e-01   3.5152663e-03  -8.0014249e-02  -2.2397714e-01   2.5341095e-01  -2.3202293e-01   2.1593348e-01  -1.0535876e-01   8.0856775e-03   1.0570074e-01  -1.0518301e-02   1.5205803e-01   5.6666096e-02  -6.4552488e-02  -8.6655945e-04
  -1.2864773e-01  -1.3236207e-01   2.7242751e-02   2.3491215e-01  -3.4646689e-02   2.2083730e-02   3.8013075e-02  -2.4440884e-01  -1.8873140e-01  -1.3377440e-01  -1.8090863e-01  -6.9427600e-04  -9.7505788e-03   3.9798066e-02  -3.1044580e-01  -1.9218953e-01  -3.8471550e-02   2.0766564e-01  -4.0973080e-02   5.1021392e-02   3.2944824e-01   5.1292172e-02  -2.9198726e-02   1.3458758e-01   1.8308253e-01  -2.2108060e-01  -1.0629108e-01   7.0004525e-02  -2.2074082e-01   9.3422771e-02  -1.2997520e-01   1.3028647e-01  -7.0424333e-02  -9.8779362e-02  -1.0264400e-01  -2.2954742e-01   3.4045174e-02   6.6342968e-02   6.2163725e-02   5.0242629e-02   1.6618601e-02  -1.5918428e-01  -2.2612169e-01  -1.1597634e-01  -1.3823730e-01   1.5041594e-01  -1.4287027e-01  -6.3014970e-03  -1.2118155e-01
  -1.4913785e-01   1.3079769e-01  -1.8698437e-01   3.2890882e-02  -3.9664984e-02   1.1834979e-01   2.1899047e-02  -2.9897001e-02  -1.1153920e-01   4.4328864e-02   1.5700352e-01   4.1318635e-02  -1.8801412e-02   4.5200426e-02  -6.7374940e-02   1.2024630e-01   1.5971858e-01   7.1199129e-02   2.3703221e-01  -1.2800175e-01  -4.9761174e-02   1.9566256e-01  -3.1290310e-01  -2.7285611e-01  -2.7905655e-02   1.5612727e-01   1.7013531e-01  -1.7067145e-01  -1.8030870e-01   7.5383207e-03   1.1267450e-03   2.6527465e-02  -2.8454691e-01   1.0421152e-01   8.6472357e-02   7.3966568e-02   1.7159941e-01   1.0014791e-01  -1.9659232e-02   9.3688799e-02   4.1234072e-02  -1.2549172e-01  -1.6571940e-01   3.5130477e-01  -1.6715017e-01   1.7312051e-01   4.2012201e-02   1.7212922e-01  -4.0970540e-02
  -1.4742193e-01  -6.6316356e-02  -2.4396115e-01  -4.5174029e-02   2.2750557e-02   2.5377980e-01  -1.7092945e-02   9.1192183e-02   6.6731982e-02   1.7648735e-01  -1.2143939e-01   2.7764280e-01  -1.6012281e-01  -9.5437428e-02  -3.2228984e-02  -1.4725573e-02   6.1983186e-02   2.2295488e-01   3.6452650e-02   1.4737190e-01   1.5221418e-01   1.6134130e-02   2.4150295e-01   2.2134986e-02  -1.5497029e-01   1.4362727e-01  -2.3949678e-01  -3.1043122e-02  -2.9207306e-02   1.4517125e-01   1.2153620e-02  -6.2614737e-02   1.1208732e-01  -1.5060672e-01   3.5716101e-01   1.2880493e-01  -2.3221279e-02   1.3918459e-01   2.1908390e-01   2.6232187e-02  -6.5065789e-02   1.1119462e-03  -3.4944768e-02   1.7800083e-01  -4.9399541e-02  -2.0718652e-01  -1.4411532e-01  -1.8308154e-01   5.2410620e-02
  -1.3888458e-01  -2.3064560e-01   1.3667291e-01   3.4408434e-02  -8.7142925e-02  -7.9006793e-02  -6.3501512e-02  -6.6643581e-02   1.1611661e-01  -9.0244328e-02   6.2834089e-02  -5.7731448e-02  -6.3329515e-02   2.9259443e-02  -9.7783563e-02   3.2091246e-02   1.2514361e-02   3.8199850e-02  -7.3361972e-03  -3.0060450e-01   1.9526629e-01  -6.2565960e-02   6.3644986e-02  -1.6110211e-01  -2.2871851e-01   2.0653944e-01  -2.5367207e-01  -1.7900701e-01   1.3965450e-01  -2.5283507e-01   7.7183312e-04   8.0287768e-02  -1.3920220e-01   1.4968027e-01   1.3114865e-02  -8.0812372e-02   8.9301787e-02   2.0418842e-02   4.9038186e-02   1.7007609e-01   2.5976970e-02  -4.2087444e-02   3.9155316e-01  -3.7056170e-02   7.7932914e-02   1.4040830e-01  -8.9452846e-02  -2.2204605e-01  -2.5926836e-01
  -1.2234962e-01   5.2893921e-02   3.9790756e-02  -3.2293866e-01  -6.9396087e-02   1.6156304e-01  -5.8214957e-02  -1.2834751e-01   1.1599682e-03  -9.7595160e-02  -1.0644278e-01  -4.4698138e-03   5.6407748e-03  -1.6421922e-01   3.7815948e-02  -6.5083340e-03  -1.4996056e-01  -4.7574446e-02  -3.7888985e-03   2.5027109e-02  -9.0008672e-02  -2.8415692e-03  -6.4192310e-02   1.7303768e-01   1.3057279e-01   1.3154589e-01   7.7218373e-02  -1.1933513e-01   2.5134998e-01  -2.7056143e-01   1.0678592e-01   2.4319265e-01  -8.2427932e-02  -7.0953696e-02  -2.9350973e-02  -1.6526232e-01   3.0421530e-03   3.5189451e-01   1.5232903e-01   2.0563062e-01  -2.5266414e-02  -4.5143973e-02  -9.2121862e-02  -1.1805323e-01  -2.1484119e-01   1.4382528e-02   1.5682319e-01  -1.0074554e-01   3.3413808e-01
  -1.4063402e-01   1.9444071e-01   1.0472874e-01   1.8325705e-02   1.5136724e-01   4.2635098e-02   1.3784223e-01  -1.3549286e-01   2.1797311e-01   2.0643495e-02  -1.0094239e-01   1.8681749e-01   1.9065048e-01   1.4566053e-01  -2.4464037e-01   2.0716867e-01   5.7985876e-02  -8.5078113e-02   4.9517970e-03  -1.4478932e-01   9.7759643e-02  -3.7644936e-02  -1.2825123e-01   6.5544804e-02   7.6064102e-02   3.0251268e-02   2.2851803e-01   1.0989478e-02   2.5055615e-01   1.7685499e-01  -2.6150555e-01   1.8663538e-02  -6.6074055e-02  -2.7661854e-01  -5.7139123e-02  -1.6278485e-01  -6.7836044e-02  -5.3387885e-02   1.1128755e-01  -1.7910652e-01   6.0830705e-02   4.7561818e-02   1.5976558e-01   2.2789688e-01   7.6286623e-02  -1.4771924e-01   1.3242096e-01  -1.8775098e-01  -6.4091149e-02
  -1.4647669e-01   9.8923741e-02   9.5470200e-02  -5.1063408e-02   2.6843684e-01  -1.8106990e-01  -6.3637924e-02  -1.3858325e-01  -1.8937892e-01   1.4822659e-02  -1.0589249e-01  -1.1568073e-02  -1.6628538e-01   2.6105611e-03   1.7582571e-01  -7.8843130e-02   1.6829135e-01   3.9976962e-02  -6.9171775e-02   4.2423368e-02  -1.2421332e-01  -2.9912082e-02   1.7111172e-01  -2.9259310e-01   5.0216652e-02  -2.9612526e-02   8.1434807e-02  -1.1719822e-01  -1.4207327e-01   1.0821939e-01   2.0451377e-01   2.2946782e-01  -1.9764715e-01  -3.1281745e-02   9.3612539e-02  -3.3884164e-01  -1.1150808e-01   1.2326376e-01   7.7024901e-02  -1.2035559e-01   8.3731939e-02   1.2003793e-01   1.7790433e-01  -4.3073398e-02   7.1359162e-02  -2.7022083e-01  -1.1545789e-01   1.9479226e-01  -5.3647844e-02
  -1.3061127e-01  -3.1330968e-01  -4.2253304e-02   3.9946454e-02   3.7865730e-01   7.0584374e-02  -9.9695802e-02  -3.1705879e-01  -1.1828944e-02  -1.8490950e-01   4.4553523e-02  -1.4578169e-01   5.1575956e-02   5.9076902e-02  -4.4788609e-02   6.2087194e-02  -7.0165702e-02  -8.2072795e-02   8.6933810e-02  -9.0488975e-02   1.1734558e-01   4.7899542e-03   6.3157717e-02   6.2549670e-03  -4.0370533e-02  -3.5979887e-02   8.2334664e-03   7.7532999e-02  -1.4646818e-01   9.3209446e-02   5.3677500e-02   9.4119522e-02   2.8809955e-02   1.6906823e-01   1.5981086e-02   3.4614646e-01  -6.9912782e-02   2.2127297e-02   1.6791375e-01  -1.1177805e-01  -1.9376691e-01   2.8567011e-01   5.0797107e-02   5.0933868e-02  -1.7366024e-02   6.0299841e-02   2.9978275e-01   4.1717690e-02   2.0358999e-01
  -1.5606429e-01  -2.5358808e-01  -5.1918854e-02   5.9052262e-02  -9.8177240e-02   1.9492434e-02   7.1915859e-03  -2.0466177e-01   1.8084437e-01  -8.4838047e-03   1.0433406e-01   1.9820728e-01  -6.4084258e-02  -2.0253708e-03  -1.1813220e-01   6.6215984e-02   2.5273135e-01   6.2319036e-02  -2.1212829e-01  -2.4832032e-02  -1.5815610e-01  -4.2868434e-01  -1.5893235e-01   6.4743112e-02   1.3124840e-01   1.7031198e-01   1.3649939e-01   1.1189342e-01  -1.4692497e-01   1.3051673e-01   1.4003166e-01  -1.5404686e-01   3.4316893e-02   7.4391956e-02  -3.6723155e-02   9.9405532e-03   2.0265414e-02  -4.8986477e-02  -1.2698791e-01   1.5729885e-01   3.5236106e-02  -2.2490113e-01   1.3971123e-01  -1.2544244e-01   1.0778718e-04  -1.1376435e-01  -8.0757311e-02   1.1666472e-01   2.5466844e-01
  -1.3283600e-01  -9.0914468e-02  -1.5071685e-01  -6.3193785e-02  -2.1848486e-01   2.0758987e-02   5.3916791e-03   4.2796819e-02  -1.4069636e-01  -1.3069131e-01   7.0033949e-02  -1.0143152e-01   3.1477344e-01  -1.5085913e-01   1.6174958e-01   2.5490996e-02   8.7754564e-02   1.9257840e-01  -2.3304617e-02  -3.7840831e-02  -1.0774367e-01  -7.0334803e-02   1.8838939e-01  -2.6335333e-01   2.5270600e-01  -9.4843761e-02   1.9008343e-02  -1.4123997e-02   4.2343778e-02   2.2435254e-01  -1.4041269e-01  -2.6474522e-01   4.9770431e-02   9.8294796e-02   1.6354189e-01  -2.3060400e-01  -1.3951653e-01   9.1499275e-02   7.0271951e-03  -5.3342088e-02  -4.5583376e-02   2.2498901e-03   4.4027473e-02  -2.7534314e-02   3.7664224e-02   2.3197274e-01   2.6471370e-01  -2.4484033e-01  -1.7128406e-02
  -1.4896463e-01   1.1403985e-01   1.1557540e-01   1.5755514e-01   3.6250132e-01   2.9929168e-03  -5.5849416e-02   4.5127853e-02   8.2960942e-02   1.4469297e-01   1.4973677e-01  -1.2305731e-01  -6.5667519e-03  -1.0698291e-01  -6.8295827e-02  -7.1462243e-02  -3.0735440e-02   1.2012808e-01  -1.7320705e-01  -2.6425413e-01  -1.0793863e-01   1.8516265e-01   9.3554574e-02  -3.1106954e-02   4.5700396e-02   1.5422117e-01   1.0036225e-01  -3.8712951e-03   1.9092955e-01   1.2262319e-01  -1.8609236e-01  -1.8830944e-02   4.4275527e-01   2.1889796e-01  -9.6826679e-03  -3.2453975e-02   8.4369826e-02   1.8941645e-01  -5.8089283e-02   1.1057909e-01  -2.3861469e-02  -7.9378160e-02  -1.2916525e-01  -1.1725529e-01  -1.9277293e-01  -5.8735115e-02  -1.0386772e-01   9.3971082e-02  -9.4250699e-02
  -1.4303183e-01   3.5542765e-02  -1.8772086e-01  -6.4612226e-02   1.4026776e-01   1.6749464e-02  -1.4968298e-01   1.4081196e-01   3.5067970e-02  -1.3719316e-01  -2.2828825e-01   3.7711105e-02  -1.2522658e-01   2.8501897e-02  -1.4646936e-01  -2.9601423e-01  -1.7698653e-01   2.5022918e-01  -2.1488768e-03  -2.0543496e-01  -1.1218326e-01   1.4296116e-01   6.5214767e-02   1.0380918e-01   5.7256741e-02   9.2958056e-02   2.5209403e-01  -1.0406222e-02   9.0977180e-02   1.5869445e-02   1.2791483e-01  -1.6745508e-01  -2.8397037e-01   5.7200700e-03  -7.0917345e-02   1.9289020e-01  -1.1924499e-01  -3.6300779e-02  -1.5662043e-01   4.8577185e-03   7.9763108e-02  -3.3334757e-02  -6.7555906e-02  -9.8233029e-02   4.0960432e-01   6.7423942e-02  -1.4582278e-02  -8.6365473e-02  -1.1213172e-02
  -1.5462423e-01   2.3185318e-01   1.1358321e-01  -6.8470706e-02   1.0543219e-01   1.0043445e-01  -1.8635215e-01   2.5427179e-02  -1.2612129e-02  -1.9738820e-02  -1.5819960e-01  -1.0825939e-01   1.0894405e-01   2.0568757e-01   1.0770723e-01   2.1672416e-01   7.5195265e-02  -1.9324039e-01   2.3922054e-02   2.1144637e-03  -2.7694154e-02   3.0843000e-02  -1.3976256e-01   1.5500266e-01  -8.5724853e-02  -1.1684132e-01  -3.4656936e-02  -1.7716421e-01  -3.1471308e-01   1.1496037e-01   9.4308752e-02  -1.0546823e-01   4.2560794e-03   2.3496001e-01   6.4247315e-02   8.2660876e-02  -1.4193616e-01  -1.3237799e-02  -2.0936321e-02   2.4789963e-02   1.1929429e-01  -1.7130926e-01  -3.3439141e-02  -2.2167521e-01  -1.2077207e-01  -5.8040891e-02  -1.5068792e-01  -4.4771656e-01  -3.0053391e-02
  -1.3275153e-01   1.8378427e-01  -1.5634303e-01  -1.3357590e-01   9.8956664e-02  -4.4080629e-02   5.2726213e-02   1.6238089e-01   1.2656814e-01   5.9323257e-02   2.9386981e-01  -7.1207439e-02  -3.4905751e-02  -2.0589784e-01   1.3428073e-01   5.1031641e-02  -3.0343814e-01   1.2445927e-01  -5.2812193e-02  -7.2214979e-02   3.5566884e-01  -2.3608214e-01  -9.9913905e-02  -4.5596675e-02  -9.0734618e-02   1.5036363e-01   3.6543269e-02  -7.9376206e-02  -2.7806547e-01   7.2750533e-02  -1.1920610e-01   9.7999730e-02  -1.0892132e-03  -1.0415597e-01  -1.4390979e-01  -1.3359940e-01  -1.5475046e-01  -1.6950456e-01   4.5001491e-02  -2.9105526e-02   1.4313200e-01   1.5214259e-01  -4.7714749e-02  -1.1261802e-01   2.2046244e-02   1.5624689e-01  -1.0111320e-01   1.0140058e-02   1.9147927e-01
  -1.4647196e-01  -1.5307789e-01   2.1768510e-01   2.2248492e-01   2.6447547e-02   2.8227825e-01   5.6583603e-02   2.2635571e-02  -6.5467764e-02   1.4295937e-01  -1.0686533e-02  -2.5059060e-01   1.5026809e-01  -2.3715430e-01  -9.7488701e-02   1.3042116e-01  -1.4585115e-01  -1.0504679e-01  -1.1096079e-01   9.1196961e-02  -3.7205666e-02   4.6887396e-03   2.0675051e-01   1.7461103e-01  -1.4545999e-01   1.3208391e-01   8.9279307e-02  -5.4685181e-02   1.1197397e-02  -4.1930978e-02   2.3930620e-01  -2.7376964e-01  -2.5349890e-01  -8.9972224e-02   6.2931316e-02  -1.6966139e-01  -1.5201587e-01  -1.8162977e-01  -1.0494346e-01   5.6703592e-02   6.9179948e-02   8.9512147e-02  -8.3167227e-02   1.4537580e-01  -1.5453027e-01  -1.6785111e-02   1.5861863e-02   1.3859970e-01  -1.0008699e-01
  -1.4933023e-01   1.0703596e-02   1.2631792e-01   1.8278171e-01   2.0049704e-01   1.7208094e-01   5.2499168e-02   3.0035066e-01  -6.5964389e-02   1.1781571e-01   3.8836004e-02   1.4419819e-02   2.6334415e-01  -9.0093710e-02  -1.1842161e-01  -6.0455779e-02   1.3059838e-01   1.3272085e-01   1.4138012e-01   9.3670504e-02  -1.3933226e-02   7.9903479e-02  -8.6436753e-02  -1.5548203e-01   5.7376932e-02  -1.4782598e-01  -1.3041198e-01  -7.9510960e-03   4.4569601e-02  -2.1049789e-01  -3.0161406e-02   1.6988205e-01  -8.1436348e-02  -1.2742611e-01   1.7484282e-02   1.1367270e-01  -8.5814985e-02  -5.8712235e-02  -1.8192207e-01  -1.5318488e-01  -1.8128746e-01  -2.0940557e-01   3.0258713e-01  -1.7425571e-01  -4.4931410e-03   4.4472965e-02  -7.6347304e-02   2.6096893e-02   3.4611259e-01
  -1.3639257e-01  -9.2219327e-03   1.9176956e-01  -1.8661081e-03  -1.0871313e-01   4.6814822e-02   2.1913991e-02  -1.7862575e-01  -2.2061544e-01   1.8850314e-01   1.0913473e-01  -6.9882689e-02  -1.1064297e-01   1.4224391e-01   1.7729420e-01   1.3552786e-01  -5.7116970e-02   2.9887430e-01   2.6846319e-01  -1.4385466e-01   5.9182556e-02   5.3973894e-02   8.7268501e-02  -7.2403671e-02  -8.7667151e-02  -2.2712584e-01   3.0634057e-01   2.1895308e-01   4.4607602e-02  -1.2089822e-01   1.5841182e-01  -1.2755279e-01   1.8133301e-01  -1.8747962e-01  -7.6871820e-02   5.8072678e-03   2.1240073e-01  -1.3629861e-01   8.7709358e-02   1.6742465e-01   4.4752917e-02   4.4552941e-02   2.6332298e-02  -2.5599377e-02   7.1644041e-02  -7.1447316e-02  -8.9237825e-02  -1.7978510e-01   1.4817642e-01
  -1.2137227e-01  -1.6127336e-01   2.0558858e-01  -1.4357115e-01  -1.2471812e-01   1.2418076e-01  -2.1240603e-01   6.1111168e-02  -4.8985479e-04  -3.3527457e-02   8.9672341e-02  -8.8204835e-02   1.2726651e-01   6.4034114e-02  -1.9392008e-02  -3.2026746e-01  -1.0142704e-01   1.6056594e-01   3.0928463e-02   1.4519297e-01  -7.8538547e-02  -1.0890330e-01  -2.1008320e-01   1.5889543e-02  -2.7280625e-01  -8.4223973e-02   3.9836977e-03   1.0644875e-01  -7.0394234e-02   1.7776576e-02  -3.4195275e-01   4.3671789e-02  -4.8026123e-02   1.1296870e-01   5.0677679e-02  -1.7479366e-02   8.1317715e-02   1.6125670e-01  -2.0611277e-01  -5.1780600e-02   2.8457690e-01   1.6415378e-01   1.5523947e-02   1.3520187e-01  -8.3675700e-03  -3.2879761e-01   9.2212770e-02   2.7317562e-04   3.6245498e-03
  -1.2425032e-01   1.5714861e-01   1.1830292e-01   2.7804450e-01  -1.6568019e-01  -3.3016680e-02   2.3464840e-02  -1.2493189e-01   3.0331327e-01   3.0107749e-03  -1.0926489e-01  -1.6902485e-01  -3.1716356e-01  -2.2026215e-01   9.4975243e-02  -2.1019317e-02  -5.4081885e-02  -2.9962365e-02  -8.4710778e-02   1.4726761e-02  -2.0916684e-01   9.2513665e-03   3.8293224e-02  -1.3365402e-02  -2.3302273e-02  -2.0993997e-01   5.7401163e-02  -1.8483950e-02  -1.7293856e-01  -1.3176103e-01  -2.9284990e-01   1.1643524e-01  -3.9213062e-02   1.0469232e-01   1.0888265e-01  -1.1924593e-02  -1.3076937e-01  -7.9704732e-02   5.2718926e-02   1.0370067e-01  -2.5784080e-01  -9.3319244e-02  -4.1906249e-02   2.5932663e-01   2.0195510e-01   1.2477127e-02   1.9074024e-02  -1.0518907e-01   1.5228099e-01
  -1.4348647e-01  -2.8688463e-02  -1.6505700e-01  -1.8379148e-01  -1.1130005e-01  -9.1000005e-03   2.2118436e-01   3.2971616e-02  -4.1555557e-02  -1.5992634e-01   9.6240592e-03  -2.4549032e-01  -1.3450870e-01  -1.0664503e-01  -7.7281635e-02  -4.4978798e-02   1.8646007e-01  -2.1222956e-01   9.6392815e-02  -1.6396898e-01   4.8747459e-02  -9.8194032e-04  -5.5781742e-02   1.5196800e-01  -3.0422376e-01  -2.9945438e-01   1.0656590e-01  -4.1636289e-02   2.3813760e-01   1.7968014e-01  -1.2182031e-01  -1.7963835e-01  -6.3368365e-02  -1.0531777e-02   1.1324365e-01   2.6094987e-03  -2.0182652e-02   1.2237897e-01   8.8110663e-02  -1.0476589e-01  -7.1557804e-02   1.4587428e-02   9.4189527e-02  -1.4097788e-01  -5.3713597e-02   3.6964091e-02  -3.1729985e-01   2.2985938e-01   1.0510627e-01
  -1.2933080e-01   1.9394584e-01  -2.6563743e-01  -7.8525383e-02   7.6398907e-02  -3.7880464e-02   4.0184870e-02  -1.0927417e-01  -1.2453551e-01   7.8038452e-02   9.0813617e-02  -2.5580671e-01  -9.4614679e-02   1.9353405e-01  -1.8564806e-01   6.9099708e-03  -6.1176470e-02  -9.0822039e-02  -1.8102330e-01   2.5000629e-01   1.5301826e-01  -1.4563981e-01   1.9618125e-01   8.2682732e-02  -3.1778798e-02  -7.0294775e-02   1.1504901e-01  -4.1094329e-02   3.4554646e-02  -1.5201383e-01   4.8970622e-02   1.1436711e-01   1.8458133e-01  -3.2444590e-02   2.6907044e-01   2.4621417e-02   1.4423330e-01   3.5582177e-02  -2.8620714e-01  -3.3057558e-02   1.5978391e-01  -2.5068604e-01   1.6341522e-01   1.1166983e-01   9.9008355e-02   1.2599759e-01   2.1660168e-01   3.1313482e-04  -2.6088107e-02
  -1.4702152e-01  -1.6812810e-01   1.0010828e-01  -2.0327240e-01  -6.1659028e-02   8.2242501e-02   2.8069813e-01  -5.1229396e-02   1.2280171e-01   1.6008691e-01  -1.8883580e-01  -1.5664296e-01  -3.3124317e-02  -1.5021794e-01   1.8064373e-01   1.8977732e-01   1.7176204e-01   1.3074009e-01  -1.9546831e-01   5.7124496e-02   1.0637751e-01   9.2647276e-02  -1.1613265e-01  -1.4559249e-01   3.6532705e-02  -7.0971990e-02  -2.1651681e-02  -7.1264077e-02   6.8535386e-02   1.0595359e-01  -3.8098244e-02   2.1697990e-01  -2.9878839e-02  -1.3319430e-01  -5.8082132e-02   3.6204411e-01  -5.0359150e-02  -2.2579799e-02  -1.1297196e-01   1.0157243e-01   1.2711567e-01  -3.6787782e-02  -1.5289608e-01  -2.1740638e-01   1.0748062e-01  -5.5393101e-02   1.8739699e-01   8.1746865e-02  -2.6603177e-01
  -1.4585960e-01  -1.8606392e-01  -5.6423462e-02   3.3612772e-02   1.3608679e-01  -6.6292709e-02   2.3981839e-01   2.0994502e-01   1.4119949e-01   8.6975836e-02   2.5563998e-01   1.2852706e-02  -1.1195866e-01   2.0695102e-01   1.4569951e-01  -2.1575976e-01   2.3638167e-02  -2.2318015e-01  -6.6644762e-02  -5.3327022e-02   1.4535982e-01   7.1793126e-02   1.3536907e-01  -5.5696751e-02   9.1498108e-02  -1.8730575e-01  -1.1038402e-01  -8.3750819e-02   1.5578060e-02  -4.9025458e-02   4.9156290e-02  -1.8805148e-01  -2.1228928e-01   5.1951034e-02  -2.3159762e-01  -9.8480383e-02   1.0213967e-01   5.4358335e-02   1.0615940e-01   1.4681807e-02   4.3322292e-02  -2.3250264e-01  -1.8740236e-01   6.3431210e-02  -3.0879895e-02  -2.6587488e-01   2.3492556e-01  -1.2985960e-01   1.2622257e-01
  -1.4294947e-01   2.3096037e-01   8.3729053e-02  -2.6169459e-01   5.3209924e-03  -1.7462544e-01   1.4938173e-01  -1.4234128e-02   1.4801776e-01   1.6108387e-01  -9.4944738e-02  -1.1240268e-01   1.7065913e-01   7.9910845e-02  -1.0327746e-01  -5.5240921e-02  -1.9091934e-01   1.7062428e-01   1.0906470e-01   2.9745738e-02  -2.4660500e-01  -6.4431324e-03   1.2476700e-01   1.0902007e-01  -4.8856805e-02   2.9839154e-02  -2.6599543e-01   2.4579251e-01  -1.3800266e-01   1.8190667e-01   2.0002362e-02  -5.9827487e-02  -1.5854311e-01   7.4443677e-02  -3.1037154e-02   4.0988679e-02   1.6977119e-01  -1.0020035e-01   2.9103934e-01   1.1244439e-01  -4.8032803e-02  -1.7510167e-01   1.9182096e-01  -3.0385979e-02  -9.0827221e-02   8.1430260e-02   1.3277483e-01   2.1607119e-01  -4.8276506e-02
  -1.4831327e-01  -5.2868806e-02   6.7807907e-02  -2.1269524e-01  -7.3849772e-02   7.3206205e-02  -1.3582058e-01  -1.6009597e-02  -9.6989791e-02   2.2615484e-01   2.8178971e-02   6.3579947e-02  -7.2937816e-02   4.7141528e-03  -2.2274679e-01   1.8829921e-03  -1.2799905e-01  -3.1973115e-01  -3.2977711e-01   2.6398792e-01  -3.6556813e-02   1.6368494e-01  -4.6709163e-03  -3.6163682e-01   1.5129085e-02   2.1339879e-02   7.2166831e-02   1.8834237e-01  -2.4022504e-02   8.9800982e-02  -5.9480545e-02  -9.9913990e-02  -5.1436185e-02  -2.9369837e-03  -2.5687866e-01   7.2129200e-02   7.8272037e-02   1.1257449e-01   5.3418478e-02  -1.9963370e-02  -1.4141166e-01   1.0888461e-01   5.8853830e-02   2.5606074e-02   7.0889026e-02   2.0440591e-01  -2.3564192e-01  -1.4284707e-01   3.7178036e-02
  -1.6394478e-01   1.1277522e-01   2.0933695e-02  -2.7410130e-02   9.5987866e-02   9.9188305e-02  -1.0880673e-02   5.3111478e-02  -7.6726417e-02  -1.0719766e-01  -9.8751823e-02   8.3117078e-02   4.5470220e-02   3.1063372e-01   4.1165620e-01  -2.5074377e-02  -9.5253808e-02   9.1304994e-02  -2.2350722e-01  -4.2731109e-02   1.2102952e-01  -2.0911286e-01  -9.5139339e-02   8.2749690e-02  -4.6561353e-03  -5.5010769e-02  -9.2664740e-02   4.2105579e-02   1.4747649e-01   7.4352749e-02   1.9088482e-04  -3.7552780e-02  -9.8680144e-02  -5.6875166e-02  -3.0395531e-02  -1.4767357e-03   3.4263032e-02   3.4862229e-02  -2.8033648e-01   1.8904902e-01  -4.6806419e-01   8.6019310e-02   2.7275680e-02   2.0421508e-01  -1.0397726e-01   8.3344001e-02  -1.0146603e-01   1.1148038e-01  -9.4573235e-02
  -1.4904309e-01  -1.5794940e-01  -3.1855500e-01   9.9758171e-02  -4.0374990e-03   1.3320781e-01  -1.8845277e-01  -1.2198657e-01  -6.1771834e-02   1.2627168e-01   5.8268955e-02   2.1626462e-01   1.4067274e-01  -8.1003639e-02   3.0809654e-01   3.3573635e-02  -2.1816347e-01  -2.3895291e-01   6.6043414e-02  -1.0023895e-01  -1.4944254e-01   1.9732085e-02   6.8602594e-02   1.0455548e-01  -5.6519269e-02  -2.3652110e-02   1.4088148e-01   1.1289739e-01  -9.8323290e-02  -1.5898833e-01  -2.4932093e-01   9.9336028e-02  -5.9241966e-02  -1.3655829e-01  -2.5367971e-03   7.3343077e-03   3.7651158e-02  -6.1734296e-03   9.6370354e-02  -1.1197209e-01  -2.5123164e-02  -2.5263966e-01   9.8332437e-02  -2.1679167e-01   1.6991210e-02  -6.4053745e-02  -1.8038488e-02   1.2012992e-01  -3.0719544e-01
  -1.5976549e-01   2.2408628e-01  -2.2001499e-01   1.6639466e-01  -1.9645112e-01   1.5508052e-02  -2.2867444e-01  -2.6772108e-01   2.1343940e-01  -3.8719556e-02   1.5010492e-01  -2.3417208e-02  -3.1316077e-02   1.8499691e-04   2.8748468e-03  -2.0019459e-01  -4.4167646e-02   2.0993544e-03   1.4078903e-01   1.8759581e-01   4.0428675e-02   8.4224347e-02  -2.1018297e-02  -1.8062257e-01   2.9129962e-02  -1.1399121e-01  -1.0988185e-01  -2.4506933e-02   3.2064078e-01   1.2537145e-01   1.8729321e-01   1.7220570e-02   1.4111025e-02   2.9695629e-03  -1.8097080e-01   1.1410222e-01  -2.7437820e-01  -2.0309078e-01  -5.6741275e-02   6.8310727e-02   8.8892046e-02   4.7948524e-02   9.3103471e-02  -4.6467774e-02  -2.9171485e-01  -1.1160161e-01   1.1510623e-02   1.5632097e-02  -7.5027784e-02
  -1.3357128e-01  -4.4510054e-02  -1.3379842e-01  -8.8774154e-03  -1.5361239e-01  -1.9059021e-01  -3.2052486e-02   1.7584833e-01  -2.6264843e-01  -2.4039354e-01  -6.7630183e-02  -8.9664961e-02  -2.9435025e-02  -1.3722244e-01   1.1384000e-03  -6.0406012e-03   7.6378821e-02  -8.6849436e-02  -1.8745961e-01  -1.1131149e-01   5.6861412e-04   3.4224358e-01  -2.0333137e-02   1.0445879e-01  -4.7073511e-02   2.2718681e-01   1.2884272e-02   1.0001555e-01  -9.5647296e-02   1.7338126e-01  -2.8374055e-02   1.9672157e-01   5.5339467e-02  -1.2733857e-01  -3.9369212e-02  -3.0672740e-02   1.7384861e-01  -3.5451117e-01  -9.4920190e-02   9.2520408e-02  -9.4762608e-02  -7.7916157e-03   1.5846345e-01   6.1295977e-02  -1.6174818e-01  -2.5486210e-01   1.2573295e-01  -1.5129316e-01   1.2713654e-01
