  -1.4514464e-01  -1.4396051e-01   1.8501123e-01   9.1879476e-02   2.6617644e-02  -1.6596486e-01  -9.6440835e-02   5.7268766e-02  -5.8077448e-02  -4.6492021e-02   1.1428370e-01   8.7081102e-02  -3.5475121e-03  -3.8981571e-03  -2.3888084e-01   1.7393605e-01   1.7946872e-01  -1.4361953e-01   7.1455211e-02   1.6923616e-02   1.2635012e-01  -8.3840072e-02  -2.1658119e-02   1.2167280e-01  -1.1065536e-01  -2.7887937e-01  -2.4512569e-01  -1.8894795e-01  -1.1721127e-02   3.5320994e-01  -4.7040316e-02  -6.4504924e-03  -1.2936020e-01  -8.5444671e-02   3.2216770e-02   1.1773710e-01  -7.0135860e-03   7.9715140e-02  -3.6527614e-03  -1.9209045e-01  -1.3423447e-01  -3.5443863e-02  -1.1979029e-01   2.4908798e-01   3.0525882e-01  -1.6187337e-01  -1.7673395e-01   2.1267212e-02  -1.5078690e-01
  -1.4371388e-01   1.1540978e-01   2.3253523e-01  -6.1624044e-03  -1.0828730e-01  -4.7513483e-02   3.9504393e-02  -5.8207771e-02   3.8429409e-01  -3.7980650e-02   1.9988783e-01   1.4532018e-01   1.2296419e-01  -1.2149421e-01   3.3776398e-02  -1.6474657e-01   2.0843833e-02   1.5079848e-02  -1.2326385e-02  -1.9168335e-02   1.4362188e-01  -5.5564610e-02   3.0436139e-02   1.2269797e-02   3.1211678e-01  -6.0890300e-02  -2.5163644e-01  -4.6475456e-03  -1.6305309e-01  -1.0199347e-01  -2.9717165e-01  -6.1614925e-02  -7.5077002e-02  -9.5005977e-02   2.2197946e-01   2.2844478e-01  -1.5295562e-01   1.4115272e-01   4.2671100e-02   1.5044338e-01  -2.7717868e-02   5.1717878e-02  -8.4189797e-02  -7.9866716e-02  -2.1277451e-01   4.1918864e-02   4.1234443e-02   1.7385734e-01   1.5912951e-01
  -1.4093580e-01  -2.8901981e-01   1.0587627e-01   3.3183387e-02   8.0798235e-02   1.9064698e-01   4.0654053e-02   9.0100669e-02   1.0170078e-01   9.9841364e-02  -1.7757537e-01   3.8999390e-02   7.3516421e-02   2.2677657e-02  -1.9358379e-01  -1.4676744e-01   1.4265147e-01   2.1936479e-01  -9.5512352e-02  -1.3240796e-01  -1.2038484e-01  -5.0755920e-02   1.8795870e-01  -2.9437804e-02   5.8702023e-02   1.1182875e-01   8.7497961e-02   1.1157126e-01   1.4959534e-01  -1.5243425e-01  -3.6195970e-01  -1.5600022e-01  -3.8661008e-02   9.7263261e-02   1.0693576e-01  -2.8279720e-02   1.1041655e-01  -6.8324618e-02   1.0036826e-01  -1.0134327e-01  -2.7281685e-01  -2.9697096e-02  -6.7203646e-02  -1.0399227e-01   6.3682287e-02  -1.0259917e-01  -9.4183903e-02  -3.4779951e-01  -1.8023766e-01
  -1.3693794e-01   8.6330696e-02   1.7875416e-01  -1.3112202e-01   9.5290463e-02   9.5485041e-02   3.3344569e-01   6.1611670e-03   6.7046983e-03   2.3180380e-01   3.4188117e-02  -3.3748283e-02   3.4633061e-01  -2.5249905e-02   3.0237853e-02   1.6269357e-01  -6.8589928e-02  -6.3930917e-02  -3.6617261e-02  -8.3202566e-02  -1.7755072e-02  -1.4937041e-03  -4.2500880e-02   7.2549643e-03  -8.5554623e-02   2.2482925e-01   1.8393814e-01  -1.4223552e-01   3.0553905e-01   2.0387655e-01  -4.3664789e-02  -1.5091840e-01  -9.8218459e-02  -1.5649101e-01  -1.7256433e-01   9.9420093e-02  -1.8642965e-01  -2.7984639e-02   1.7260907e-01  -8.3424908e-02   2.0970402e-02  -1.8030574e-01   2.1624141e-01  -1.3299723e-02  -6.5597264e-02   6.3118690e-02  -1.2619683e-01   2.2288593e-01   2.3226955e-02
  -1.2716087e-01   6.5633234e-02   9.6901728e-02   2.0746943e-02  -3.0878371e-01  -1.3165653e-01   1.0843596e-01  -2.5105428e-01  -1.8514404e-01   3.0517092e-02   8.2005125e-02  -9.3052010e-02  -4.5418944e-02   1.9334903e-01   7.9904724e-02  -5.2003926e-02   8.9870895e-02  -4.5852208e-02  -3.4109975e-02  -1.0954597e-01  -1.8469714e-01   3.1221837e-01  -1.5621626e-02   2.3783893e-03  -1.0530713e-01  -5.3338246e-02  -1.2473799e-01   1.4859856e-01   1.0359893e-01   2.7778737e-01  -2.2078096e-02  -2.2355641e-02  -1.6294389e-01  -4.1084781e-02   6.4475139e-02   1.6441940e-01   1.1096775e-01   1.0752705e-01   6.8196410e-02   2.7039690e-01   2.6480270e-02   1.6410204e-02   7.2699024e-02  -6.7160350e-02  -1.0338186e-01   1.9607296e-01   1.2372596e-01  -3.5336793e-01  -1.6220943e-01
  -1.3761829e-01   6.0689204e-02   1.6597216e-01  -6.2805802e-03   1.8015528e-01   1.0728457e-01   2.4683169e-01   1.6966364e-01  -2.2071530e-01   2.1027696e-02   1.0262971e-01   7.1161791e-02   1.5084046e-01   1.4284022e-01   1.0471824e-01  -2.9563546e-02   1.3407730e-01  -4.9587484e-02   3.2784743e-01  -1.0069686e-01   1.8880082e-02  -4.9649832e-02   4.9910371e-02   1.0750502e-01   8.2454990e-02  -5.7861541e-02   1.1772049e-01  -7.2021134e-02  -2.0265616e-01  -2.5732718e-01   1.9640101e-02   9.9612438e-02  -1.2989604e-01  -8.9284061e-02  -4.2004793e-02   4.2242145e-02   2.8433263e-01  -3.2564997e-02  -2.7623324e-01   2.8970933e-01  -4.6494652e-02  -1.5150406e-01   8.8520046e-02   5.8405163e-02   2.1787984e-01  -4.5593292e-02   1.6742641e-01  -4.4326551e-02   9.0571480e-02
  -1.4577110e-01   5.2087751e-02  -2.0348477e-01   1.4958724e-01  -2.6097787e-03  -1.7430040e-01   1.7503785e-01  -2.7963468e-02   1.1782485e-01   2.2249464e-01  -1.2403028e-01   9.2507738e-02  -1.7573490e-01   1.6545326e-01   4.3958722e-02   1.6572888e-01   1.9707234e-01  -1.6034763e-01  -2.0521805e-02  -6.9517537e-02   4.2574337e-02  -1.2537791e-01   1.1918869e-01   1.1766603e-01  -1.6978779e-01  -1.3493968e-01   6.7871224e-03   4.7498063e-02   8.6122975e-03  -2.0440671e-01   1.9774736e-01   8.7752871e-02  -5.4915512e-02  -1.4982552e-01  -4.0098926e-02  -1.2535714e-01   5.0091014e-03   8.5118122e-02   2.5030768e-01   1.0948482e-01  -2.9840381e-01   3.5699821e-02  -4.6868531e-02  -4.3671384e-02  -3.0698821e-01  -1.6612224e-01  -1.9387632e-01  -2.2504947e-02   2.0742553e-01
  -1.5001615e-01   9.6479301e-02  -1.4123614e-01   7.9817400e-02   4.9712439e-02  -1.9627771e-01  -1.7515394e-01   1.5712877e-02   1.4535742e-01   6.1288267e-02   9.2726226e-02  -1.0957859e-01   2.6822708e-01  -1.5689485e-01  -1.6994505e-01   8.8335192e-02   3.5202972e-01   1.9932505e-01  -2.4829826e-01   1.7804212e-01  -1.9104309e-01  -2.9836929e-02  -1.4128348e-01  -9.2191069e-02  -4.3963908e-02  -5.8032321e-02   3.7178786e-02  -6.7024682e-02   2.1293370e-01  -5.1335734e-02   7.3768048e-02  -2.9130811e-02   6.5141916e-02   7.2720001e-02  -1.0376705e-02   4.7733637e-02   3.0826187e-01   1.4219342e-01  -2.0415154e-01   1.3211677e-01   8.2387727e-02  -6.3935599e-03   5.5806784e-02  -9.8134020e-02   1.0188479e-01   1.1913861e-01  -8.7751254e-02   3.1028568e-02   2.5260214e-01
  -1.5239896e-01   5.5830251e-02   1.0141920e-02   6.9510640e-03   1.1317779e-01   8.7284896e-02  -2.2188388e-01   7.3300074e-02   1.1169965e-01  -7.4267854e-02  -1.9675634e-01   1.3927017e-02  -4.0793025e-02   1.4006537e-01  -1.2795592e-01   4.0248423e-02  -6.0712341e-02  -4.0258915e-01   1.4952225e-01   8.6805593e-02  -1.1676701e-01   9.2080016e-02  -1.0690202e-01  -3.3895825e-01  -7.3017897e-02   1.2966764e-01  -1.4610148e-01  -7.2175368e-02  -1.2592486e-01  -5.4521747e-02  -3.1308584e-02  -4.6634496e-01  -2.3230100e-02   1.0868789e-01  -2.1737980e-01   5.8803508e-02   7.3606104e-02   1.0808508e-01  -2.4049173e-02   1.7146329e-01   4.8642287e-03   3.7187276e-02   9.4701296e-02  -2.4207873e-02  -1.0968174e-01  -1.8410551e-01   2.7831300e-02   2.7021750e-02  -6.0723003e-02
  -1.4226995e-01   7.7160417e-02   2.0138606e-01   1.6700399e-01   3.3080691e-01  -1.7068783e-01  -1.5790001e-01  -1.5617211e-01  -1.7059058e-01   3.2840708e-02  -2.2538758e-01   3.0427009e-02   1.7751730e-01  -1.0190284e-01  -9.5703613e-02  -1.8798792e-01  -4.4334996e-02  -2.4952212e-01  -8.2308404e-02   3.1731162e-02   1.4174663e-01   2.2797089e-01   1.1562512e-01   1.5906253e-02   9.7859276e-03   1.5772789e-01   3.2057975e-02   1.9892004e-01  -7.5920631e-03   4.5617358e-02  -6.9702068e-02   3.3389202e-01   2.5849169e-01  -5.0534942e-02  -7.3127029e-02  -1.0450471e-02   1.0119527e-01  -4.0096866e-02   9.1849563e-02   1.0413437e-01  -1.1962993e-01   7.7770511e-02  -1.4623730e-01  -2.6423403e-02   1.8075477e-02   1.3971438e-01  -3.6269938e-02   1.7974160e-01  -7.4527463e-02
  -1.3235877e-01  -7.1323019e-02  -1.0150995e-01  -5.1873673e-02  -1.8834915e-01   1.5446341e-01   6.7464997e-02  -2.2526019e-02  -1.2079380e-01  -1.4872988e-02  -5.2788009e-02  -3.6263535e-01  -1.5804713e-01  -2.4329574e-01   1.5231977e-02   9.7511049e-02   5.3396024e-02   1.2592856e-02  -1.5493036e-01  -2.6321983e-02   4.1654635e-01   2.7098386e-01  -1.3864530e-01   4.4036310e-02   2.1401564e-01  -1.0013551e-02   8.2510624e-02  -3.4270442e-02  -1.4836536e-01   3.6118388e-02  -7.3409994e-02  -7.7085331e-02   1.6575842e-01   6.4295835e-03  -9.4564205e-02   1.8452157e-01   2.4281533e-01  -1.6590046e-02   7.2414412e-02  -4.4765322e-02  -1.7444367e-01  -1.3346559e-01   1.2314597e-01   8.2877772e-02  -5.7398513e-02  -1.9700511e-01  -1.1193402e-02  -1.2845837e-02   1.5160062e-01
  -1.2443939e-01   1.9186452e-01  -1.3029095e-01  -1.4969458e-01  -1.6430462e-01   1.2024370e-01  -7.4153241e-03   1.4090767e-01   7.3475926e-02  -8.3322916e-02   5.7638244e-02  -2.3756766e-03   3.0056002e-01  -5.0742987e-02  -1.8835151e-01   1.7121300e-01  -3.0557774e-02  -2.3541231e-01   8.3604551e-02  -5.0903307e-02   1.8409618e-01  -8.4807137e-02  -8.4377172e-02  -1.0615582e-03   9.1729996e-02   4.8350930e-02  -4.3575323e-02   8.1752934e-02  -3.1632645e-03   7.5689761e-02   2.1442381e-01   8.8333712e-02   2.7165016e-01  -1.3101394e-01   2.6891167e-01  -1.8474076e-01  -1.2311577e-01  -4.6141460e-02  -9.8687568e-02   4.3144784e-02  -6.0826556e-02  -2.7273847e-02   2.1241741e-02  -3.2982918e-01   4.6192410e-02  -5.1923893e-02  -4.7192177e-02  -3.1092909e-01  -1.9206078e-01
  -1.5553348e-01  -1.8299015e-01  -1.8535570e-01   2.4901174e-02   2.6543103e-01   6.8893543e-02  -4.9581130e-02  -2.8107371e-01  -2.6456720e-02  -1.4772976e-02   1.6318128e-01   1.2285240e-01  -3.4679542e-03   1.5850960e-02  -4.4623100e-02   2.3501021e-01  -5.0856864e-02   2.3620456e-02   1.5761659e-01  -7.6726879e-02   1.3659974e-01  -1.5949372e-01  -3.0350670e-01   5.4150240e-02   2.0283636e-01   7.2434364e-02   1.0032269e-01  -1.6703539e-02   1.2740808e-01  -1.4809182e-01  -3.6058746e-02   1.2394356e-01  -1.4977326e-02   5.6784322e-03  -1.8398701e-01   1.6384589e-01   3.2422819e-02   2.9778726e-01   4.0341156e-02  -1.0317119e-01   1.3455008e-01   1.5361665e-01  -1.0232696e-01   7.7118700e-02  -1.9092376e-01   1.3600725e-01   1.0438111e-01  -2.0724727e-01  -1.9003471e-01
  -1.3904769e-01   1.4942977e-01   8.6626500e-02   2.7916870e-01  -1.0173015e-01   2.5340611e-01   2.7993172e-03   4.6850360e-02  -1.6471384e-01  -8.4306977e-03   2.5020756e-02  -7.1292433e-02   1.4927963e-01  -1.5885965e-01  -5.8423937e-02   1.1576747e-01  -3.9675383e-01   4.9498520e-02  -1.6425048e-01  -1.4953368e-02  -2.4137414e-01   8.9866022e-02   3.1535194e-02   4.4996643e-02  -2.4761096e-02   5.3391588e-02  -4.2348270e-02  -7.1393487e-02  -1.6166145e-01  -2.0182231e-02   2.8404382e-02   3.9497736e-02  -2.7299808e-01  -1.8880003e-01   1.2530630e-02  -1.9495038e-01   1.5173873e-01   2.1278837e-01  -4.2836068e-02  -1.8792832e-01   2.1404990e-02   1.8256001e-01  -2.5181472e-01  -3.7748696e-03  -6.5810873e-02  -1.2636134e-01  -2.6034411e-02  -6.7973601e-02   1.6309479e-01
  -1.3471188e-01   1.1966337e-02  -1.3484521e-01   5.0938171e-02   1.4604347e-02   5.7804962e-02   1.4776535e-03   3.2668623e-02  -3.6615815e-02   6.2359778e-02   1.6517046e-01   9.4131979e-02   2.3823033e-01  -8.4275442e-02   2.5459660e-01  -1.4481257e-01  -1.0570648e-01   2.4429126e-02  -2.8899192e-03   2.0747280e-01   4.7318207e-02   1.0304918e-01   1.8584869e-02   7.9828540e-02  -3.1826921e-01  -1.0859277e-01  -8.8535085e-02   2.3121778e-01   1.8152529e-01  -1.2496734e-01  -9.4053450e-02  -1.4490038e-01   2.9491159e-01  -2.1206406e-02   3.2943623e-02   6.7307309e-03  -1.9091993e-01   9.8197895e-02  -1.1399133e-01  -3.6446410e-03  -8.1751548e-02   6.3469120e-02   8.6478687e-02   4.3087175e-01  -1.5455708e-02  -2.1456797e-01   1.3714454e-01  -1.4405946e-01   2.7513585e-02
  -1.2152505e-01   7.0064892e-02   6.9190031e-02  -4.5289160e-02  -1.7999619e-01   1.1970113e-02  -1.9563569e-02  -2.5342618e-01   7.4455966e-02   1.6201189e-01  -2.0519622e-01  -9.6990172e-02  -6.5484409e-03  -2.9478044e-01   8.0723733e-02   1.1408242e-01   3.9110971e-02   2.5766762e-02   8.4899787e-02   4.4781669e-02  -5.0437028e-02  -9.0997963e-02  -1.2953127e-02  -8.5889508e-02  -1.9182649e-01   1.8753223e-01  -1.7222300e-02  -1.2472696e-01  -1.3410296e-01  -2.6531517e-01   2.2852659e-02   2.4561094e-01  -1.1560970e-01   1.0120555e-01   7.1329249e-02   2.3288622e-01  -1.6889680e-01  -1.2884674e-01   1.1722653e-01   1.6974287e-01   1.9267378e-01   1.6856942e-01   5.5925076e-02   9.5642987e-02   2.9530425e-01  -1.8855992e-01  -1.5055426e-01  -1.0841490e-01  -1.1888968e-01
  -1.1020232e-01  -2.3061144e-01  -4.0173077e-02  -1.4790852e-02  -2.6696668e-02  -1.3144285e-01   4.1318896e-02  -5.7628112e-02  -2.8346723e-02  -4.5871764e-01  -5.8790221e-02  -6.6551118e-03   5.5550540e-02  -1.6543665e-01  -2.2123716e-02   3.5411229e-01  -3.3814095e-02  -9.3949674e-02  -9.4235503e-02  -2.0764890e-02  -1.0029420e-01  -5.5474503e-02   1.0898107e-01   2.6113662e-01  -6.4752434e-02   1.5533495e-01   1.0856852e-02   2.6551334e-01   7.1764979e-02  -4.7692444e-02   3.4918750e-02  -8.3530968e-02  -2.1971945e-01   1.4117169e-01   1.3445591e-02   1.1594298e-01  -1.2033261e-01  -2.0968031e-01  -1.9209858e-01   8.8798577e-02  -2.0655053e-01   4.7434027e-02   9.6329658e-03  -6.2541997e-02  -3.8649205e-02   7.2473507e-03   2.1467018e-01   1.5699019e-01   7.3864511e-02
  -1.5304619e-01  -1.5562845e-01   1.3590573e-02   3.6873282e-03  -7.9540316e-03  -1.6548958e-01   2.9429963e-02  -1.2913277e-01   8.0088468e-02   7.0341030e-02  -3.1603828e-01   1.0492257e-01  -1.5644510e-02  -1.1069822e-01   1.6588117e-01  -7.3416543e-02  -1.4981068e-01   2.2667239e-02   3.4877660e-02  -4.0126533e-02   1.4100533e-01   1.5410960e-02   4.5111882e-03  -1.5779354e-01   1.4995826e-01   5.8344728e-02  -2.4983245e-01  -3.5579658e-01   3.6545804e-01   7.2728499e-02   1.3987678e-01   8.3689834e-02  -1.0117619e-01   1.6242192e-02   1.4777678e-01  -2.5385310e-01   1.0760473e-01  -5.5093717e-02  -1.7752331e-01   4.2926507e-03  -1.0755258e-02  -1.8459837e-01  -1.3501189e-02   6.6368481e-02  -6.2053221e-02  -1.0634857e-01   2.8950492e-01  -5.9664075e-02   6.4269052e-02
  -1.4974414e-01  -1.3820961e-02  -2.1554830e-01   1.4750237e-01  -2.0063125e-01  -2.0172599e-01   1.5589958e-01  -3.7843892e-02  -7.0769631e-02  -2.1887241e-02  -1.8917218e-01  -2.2977431e-02   1.3480025e-01   2.4493014e-01  -8.4948807e-02  -1.2967639e-01  -8.2566084e-02   3.4861292e-02  -6.0718648e-02  -1.7011386e-01  -6.8305100e-02   1.7353794e-02  -3.7152998e-01   2.9642078e-02  -9.9114961e-02  -1.0051700e-02   3.5211805e-03  -5.6898478e-02  -1.8486342e-01  -2.3147124e-01  -1.4127390e-01   1.3201364e-02   3.7019093e-02   2.8462092e-02   2.3573592e-01  -2.0943438e-02   8.7987879e-03   6.7733745e-02  -1.0606712e-01  -2.2116165e-01  -6.8939100e-02  -6.7045162e-02   1.6983414e-01   2.7720123e-02   2.7961849e-02   8.1112432e-02  -1.2913157e-02   3.3892506e-01  -2.6194298e-01
  -1.6114478e-01   6.1373182e-02   1.3684406e-02  -6.1305091e-03  -1.5188080e-01  -1.8452558e-01   3.6845676e-03  -2.9135663e-02  -1.3979982e-01   5.6696399e-02  -1.2142265e-01   2.5318216e-01  -1.6110380e-01   2.7055916e-02   1.2968551e-01   9.5537763e-02  -2.3829258e-01   7.9315170e-02   1.4460757e-01   1.0330043e-01  -1.2518393e-01  -1.8849011e-01   4.1145404e-02   8.1150490e-02   1.8728318e-01  -3.9333137e-03  -6.5841106e-02   6.2577355e-02   1.2858877e-02   1.5703596e-01  -2.7567926e-01   2.3730434e-02   2.4022253e-01   1.0813832e-02  -2.2652488e-01   1.9476354e-02   4.5031650e-02   4.5552342e-02  -1.2170130e-01  -1.0587280e-01  -6.1865127e-02   1.6939116e-01   3.2914382e-01  -2.4911912e-01   1.7584818e-01  -2.0193235e-02  -1.6971218e-01  -7.9072865e-02   2.2365216e-01
  -1.4203454e-01   9.8898574e-02  -1.3087101e-01   1.4373644e-01   1.8475514e-01  -1.3609454e-01   3.3110035e-02   3.1121058e-01  -1.7643676e-01  -1.9607000e-02   2.1770921e-01  -7.2918583e-02  -2.3210053e-01  -7.3937618e-03   1.2544200e-01  -2.5506684e-02  -8.7605496e-02   6.4655311e-02  -1.3603790e-01   2.5772185e-01  -1.7275336e-02  -1.1421203e-01  -7.6316325e-03   1.2008731e-01   2.1119332e-01   3.4031752e-01  -8.6541052e-02  -2.1742463e-02   7.7330512e-02   6.3119737e-02  -1.3525532e-02  -1.3992997e-02  -1.0269140e-01   7.9877506e-02   2.3536601e-01  -3.1509933e-02   3.8195140e-02   1.1685562e-02   1.1369190e-01   2.5763712e-01   5.8879438e-02  -7.6033295e-02   7.4774656e-02   6.5283069e-02  -6.5045335e-02  -1.2498347e-01  -2.0903462e-01   4.6644097e-02  -2.9111421e-01
  -1.5504041e-01   3.7751518e-02  -1.4068596e-01  -6.3387945e-02  -1.2598636e-01  -4.0732443e-02   1.4457036e-01   3.2277151e-02   4.5190643e-02   7.3475876e-02   1.1187548e-01   1.9682792e-02   1.5478064e-01   3.2350086e-01  -1.7135029e-01  -4.7804883e-02  -2.4300424e-01   1.6364476e-01  -2.2730244e-01   1.4581384e-01   1.9987115e-01  -1.0712108e-01   1.5999079e-01  -2.7781428e-01   5.3320014e-02   2.4730695e-03  -1.7467651e-01   1.5372215e-01  -7.4467796e-02  -4.5911386e-03   1.5597450e-01   1.7043993e-01  -1.2524736e-01   2.1650175e-01  -3.6191229e-01   1.7635263e-01  -1.6522335e-02  -1.0584955e-01   8.6077543e-03   4.0453456e-03  -6.4789477e-02  -1.1972138e-01  -1.6140700e-01   2.5501029e-02   1.1811030e-01  -3.3269543e-02   6.6716640e-02  -3.4549188e-03  -2.8189757e-02
  -1.6160370e-01   1.1981453e-01  -8.4453489e-02   1.8141528e-01   1.5490254e-01   3.5162492e-01  -4.8219797e-03  -1.4410977e-02  -8.1955352e-02  -5.9987054e-02  -8.7892732e-02  -8.5026378e-02  -1.1272491e-01   1.6527854e-01  -1.5415419e-01  -1.6195740e-02   8.1600970e-02   9.0093928e-02   3.5125115e-02   1.0756905e-01   3.1322831e-01  -1.0710995e-01  -5.5573056e-02  -7.3268601e-02  -1.7131207e-01   4.4985654e-04  -1.4049562e-01  -7.4887486e-03   6.8416545e-02   1.0552738e-01  -1.0608091e-01   1.2380282e-02  -1.7520708e-01   1.6907070e-02   2.0974604e-01  -9.6053452e-02  -9.9737891e-02  -1.5345692e-01   9.6560389e-02   2.3383745e-02  -1.4491323e-02   2.8324382e-01   2.5192035e-01   1.4008135e-02   8.7371653e-02   3.0979061e-01   1.2303977e-01   4.9341559e-03   2.6434209e-01
  -1.3491772e-01   6.3576244e-02  -1.4053371e-01  -3.7970611e-02  -1.7228140e-01  -2.3282909e-01  -1.5004393e-01   2.8125115e-01   4.4751076e-02   1.2167020e-02  -1.2475897e-02  -3.4609970e-02  -5.6706888e-02  -1.0857463e-01   4.8057100e-02   4.9975998e-02  -1.3018946e-01  -1.0752536e-01   7.1150647e-02  -3.3103055e-01   1.9155469e-01  -8.9867500e-02   3.5349384e-01  -1.1605252e-01  -1.0117261e-01   1.5617228e-01   1.8656879e-01  -2.8454783e-02  -1.6554720e-02  -4.2628553e-02  -6.9045644e-02  -1.3583340e-01  -1.4415534e-02  -2.3554493e-03   4.9539357e-02   4.2776644e-02   7.8112000e-02   1.4403014e-01  -2.6297011e-02  -4.2101261e-02   7.7490629e-02  -1.4697071e-02  -7.5460563e-02   2.7155338e-01   6.7380229e-02   4.2977466e-01  -6.5393484e-02  -9.6409576e-02   5.9655119e-02
  -1.2754562e-01  -7.2989184e-02   1.6806093e-01  -9.5425533e-03  -2.2694621e-01   6.4519332e-03  -1.2493072e-01   1.2368417e-01  -2.2417363e-01   4.7677560e-02   4.1222330e-02  -1.1481000e-01  -4.0847236e-02   2.0104758e-01  -7.0071387e-02   1.0960654e-01   1.5034342e-01  -1.5304786e-01   9.6688215e-02   3.2004614e-01  -1.9987359e-01   1.6869248e-02   9.8409287e-02  -2.6766195e-01   2.1617145e-01   3.3470945e-03   2.7949951e-01  -1.0879140e-01   1.2466876e-01  -9.8562928e-02  -2.4572749e-02   2.3103956e-01   7.6841758e-02   2.6110676e-02   1.9699358e-01   1.2573865e-01  -2.2742443e-01   6.7727422e-03  -3.9068043e-02  -1.8140999e-01  -1.1174132e-01   2.0597392e-02  -4.5665594e-02   1.1957081e-01  -1.9517276e-01  -2.9363677e-03   1.2890745e-01   4.1053845e-02   1.1309871e-01
  -1.5895313e-01   4.4101355e-02  -4.0466515e-02  -1.9015430e-01   5.9924889e-02   1.3794587e-01   2.0046684e-01   2.0900490e-02   6.7433321e-02   8.7241956e-02   4.9463722e-02   3.0227707e-01  -1.7310871e-01   1.5243176e-01  -5.1581990e-02   1.9349224e-01   1.2317902e-01  -2.0286795e-01  -4.0390399e-01  -1.3994673e-01  -1.0879614e-01   2.7029264e-01   1.1809059e-01   1.1783220e-01   1.2822397e-01   6.3422017e-03  -7.9760792e-02  -1.1279458e-01  -6.9984728e-04  -6.6676619e-02  -3.4227033e-02  -3.9651921e-03   1.9840786e-01   1.0334535e-01   8.1640530e-02  -4.7955405e-02   5.0899320e-02  -1.5308886e-01  -7.4544891e-02  -6.4979324e-02   3.0903802e-01   2.2190679e-01  -4.9298509e-02   1.4362590e-01   1.0865133e-01  -2.6214313e-03   5.0780629e-02   4.8954772e-02   9.1811418e-03
  -1.3820210e-01  -8.4043355e-02   5.0407302e-02   2.4908166e-01  -4.1029979e-02  -5.8812745e-02  -1.5955389e-01  -1.2226318e-02  -1.0758234e-01   3.2505722e-02   1.6087154e-01   3.3031640e-01  -5.5285022e-02  -1.1351920e-01   8.8473994e-02  -9.0498369e-02   4.9396824e-02   2.6392690e-02  -2.9636126e-01  -1.8744517e-01  -1.2839147e-02  -2.3330613e-01  -2.1747145e-01  -2.5619651e-01  -3.4731332e-02   1.7955028e-02   2.9916428e-01  -2.1008701e-02  -2.0981322e-01   1.5765033e-01   9.6628166e-02  -1.1626931e-01   5.5774767e-02  -2.0987462e-01  -2.3024968e-02   2.7309713e-02  -7.3198477e-02  -3.0342372e-01   8.5206823e-02   9.2295678e-02  -2.0475565e-02  -2.0479142e-02   3.3079655e-02  -1.5126721e-02   4.6812742e-03  -8.7099809e-02   2.1354258e-01  -6.8605299e-02   1.9539942e-02
  -1.4645981e-01  -1.9487448e-01  -2.3301687e-01  -4.0086160e-02  -1.5845816e-02   1.2625912e-02  -2.2096780e-01  -1.2718319e-01   1.4814667e-02  -2.6615144e-02   2.0625166e-01   1.4724828e-01   1.5904330e-01   7.1778741e-02   1.7173218e-01  -5.0579819e-02   1.4202957e-01  -2.4457057e-02   1.2435058e-01   1.6761684e-01   2.0703028e-02   1.8070420e-01   2.8019416e-01   9.9932888e-02  -1.1359204e-01   2.3178622e-01  -4.0123974e-02  -8.7377771e-02  -2.0665291e-01   9.8163482e-03   4.2915985e-02   1.5718113e-02  -8.4510740e-02  -2.9920195e-02   8.5549323e-02  -2.0992563e-02   1.3867964e-01   6.1272619e-02   3.0348558e-01  -2.9117437e-01   1.1450408e-01  -1.6436716e-01   1.4044131e-01  -2.6138045e-01   9.6194538e-02  -6.1424225e-02   1.4277649e-01   6.4602735e-02   5.9281607e-02
  -1.4005348e-01  -2.8053788e-01  -2.6538929e-02   1.2097911e-01   1.0167654e-02  -2.2127456e-02   1.1114728e-01   2.9294854e-01  -9.2955360e-02  -9.4416994e-02  -2.6508786e-02  -5.7689415e-02   1.1297364e-01  -3.7594022e-02   2.1687554e-01   4.9064294e-02  -4.1868628e-02   5.8280428e-02   1.5104448e-01  -1.8698985e-01   6.0428605e-02   1.4865739e-01  -1.5205106e-02  -2.5625931e-01   5.5001415e-02  -3.3604135e-01   2.0504484e-02   1.4652555e-01   1.9434753e-01  -4.4670481e-03   7.4944305e-02  -6.5229725e-03   2.2780443e-02   1.0142709e-01   6.0788661e-02   4.3502562e-02  -1.3514984e-02   4.9792547e-02   2.4101385e-01   9.2953757e-02   2.5657094e-01   2.6107691e-01  -1.0067442e-01  -2.4374777e-01   1.1548428e-01  -1.2998236e-01  -6.9818216e-02   2.0511700e-01   1.4059143e-03
  -1.3313789e-01  -9.6367791e-02  -2.2828582e-01  -1.4081229e-01   2.5508726e-01   3.1001646e-02   7.8943510e-02  -1.0365204e-02   9.9743056e-02  -4.9571184e-02   1.8234911e-01  -6.2317035e-02  -2.4660720e-01  -1.3894741e-01  -3.9959259e-02  -1.7855125e-01  -6.1267017e-02  -8.0928993e-02   8.5873780e-02  -1.7964056e-01  -2.9357471e-01   2.1033034e-01  -1.2991522e-01  -2.7397701e-01   4.6786788e-02   8.0835580e-02  -1.4760750e-01   1.6822457e-01   9.6066950e-03   6.1927824e-03   7.9418576e-02   1.8936624e-01  -8.2281650e-02  -2.2976932e-01   5.6510722e-02   1.0064043e-01  -1.6342757e-01  -1.7367088e-02  -1.0789704e-01  -1.1016426e-01  -1.8360751e-01  -1.3856476e-01   4.6333836e-02   3.7948691e-02   1.7407338e-01   5.2065591e-02  -1.8658139e-01  -3.5849385e-02   2.0695247e-01
  -1.3643817e-01   1.9017173e-01   3.4545329e-02   3.2593929e-01  -4.9295082e-02   2.4002603e-01   1.8824109e-04  -2.4865512e-01  -1.4913453e-02  -1.5189481e-01  -7.2651052e-02  -1.3676306e-02  -1.2969449e-01   6.6972278e-02   9.6756795e-02  -1.1582604e-01   1.4453547e-01   1.1461155e-01   6.1539889e-02  -7.6694619e-02   2.7384958e-02  -8.3049365e-02   2.8876613e-01   7.4583462e-03   1.1016873e-01   3.1108641e-02  -2.1876141e-02   4.5125062e-02   1.7654268e-01  -4.5578254e-02   3.4394270e-01  -2.1794683e-01   1.4801711e-01  -1.4057888e-01  -4.9226886e-03   2.6098470e-01  -1.4677442e-02  -5.2410843e-04  -2.4635528e-01  -1.7566441e-01   7.2086521e-02  -6.7460523e-02  -4.5288211e-02  -5.0043057e-02   1.8683237e-02  -1.5546693e-02  -1.7202666e-01   1.4042493e-01  -1.6688117e-01
  -1.5466667e-01   2.1671019e-02   1.1417541e-01  -6.0197780e-02  -2.0100366e-01   1.9630629e-01  -3.1655691e-01   1.6340325e-01  -4.8040631e-02  -2.2260927e-01   4.2035590e-02   1.1537716e-01  -5.7663168e-02   2.9801196e-02  -1.3357962e-01  -7.2731764e-02   4.9150980e-04   4.6218721e-02   2.1821547e-02  -2.2881751e-01  -3.0255267e-02  -4.3691187e-02  -7.9552602e-02   1.2444342e-01  -1.8209444e-01  -2.9820829e-02  -1.5525602e-01   4.4758526e-02   2.1723034e-01  -1.2343472e-01  -1.2018731e-01   3.1970240e-01   1.5628177e-02  -1.7726306e-03  -1.7707554e-01  -2.3834006e-02   8.0350085e-02  -1.3825601e-01   6.9212929e-02   6.3775030e-02   2.4156691e-01  -2.8644847e-01   1.2702291e-01   6.0861481e-02  -2.7591394e-01  -9.1175770e-02  -1.4609367e-01   6.4510134e-02   5.6358570e-02
  -1.4229983e-01  -8.2991972e-02   7.8865659e-02  -3.1217774e-02  -8.2745510e-02  -3.4764979e-02   1.4551382e-01   2.8031205e-01   3.3758746e-02  -1.6407292e-02  -3.2097061e-01   2.1306617e-01  -1.2240767e-01  -1.2911471e-01  -1.8615944e-01  -6.2696954e-03   8.2147180e-03   2.0246535e-01   1.0595040e-01   3.4532587e-01  -5.0896010e-02   1.4539524e-01  -1.6885179e-01   1.7256738e-01   3.5847084e-03   2.3997592e-02  -5.5798069e-02   8.7498326e-02  -6.9579196e-02  -9.4315002e-02   2.1865940e-01  -1.2818704e-01   7.5203441e-02  -2.8887906e-01  -7.0340552e-02   1.1082238e-01  -5.3498766e-02   1.0441900e-02   1.9792500e-01  -1.2376621e-03   1.3278426e-01  -1.3474871e-01  -1.3420334e-01   3.6111619e-02   4.5654673e-02   2.6593739e-01   1.2985357e-01  -7.4384043e-02  -2.0870887e-03
  -1.4217336e-01   8.4863913e-02  -1.8032410e-01  -2.3242868e-02  -1.3852111e-01   1.1749240e-01   1.3468736e-01  -5.8040475e-02  -9.4079156e-02  -1.4506076e-02  -7.9206930e-02   1.8838426e-01   1.5968236e-01  -3.1290643e-01  -2.4328919e-02  -2.1365837e-01   2.7270937e-01  -8.1527137e-02   1.7239980e-01   3.1615960e-02  -1.2614484e-01  -4.6813622e-02   1.0246909e-02  -2.0662111e-02   2.5602090e-01  -9.0062728e-02   4.6544084e-02   1.3591130e-01  -1.3878665e-01   2.1137764e-01   8.9196687e-02  -1.0875083e-02  -1.7974971e-01   3.4819031e-01  -1.3436466e-01  -2.6716558e-01  -2.3362397e-02  -2.9602245e-02   5.3699076e-02  -5.6361948e-02   7.1820312e-04   3.8830834e-02   4.5221289e-02   2.4613251e-01  -1.4798992e-01   9.2496601e-02  -1.3031662e-01   5.0444820e-02  -5.7324255e-02
  -1.3509822e-01   2.7320375e-01   2.8907141e-01  -8.0315592e-02   4.2596555e-02  -1.3654478e-01   7.5880394e-02   7.7504465e-02  -6.5223822e-02  -1.7522406e-01   9.0229742e-02  -9.1007028e-02  -1.2691543e-01   1.8025285e-02   7.0374542e-02  -1.1738745e-02   2.3893814e-01   2.0590264e-01   3.0296053e-02  -2.3428906e-01  -4.8797695e-03  -1.5576007e-02  -1.4637809e-01  -2.0794105e-02  -9.5806294e-02   2.8062275e-01  -1.0932286e-01  -1.2583997e-02  -1.6737817e-02  -3.1904530e-02   1.1236825e-01  -1.5232522e-02   1.7188386e-01   2.8000261e-01  -1.1519218e-01  -1.8612090e-01  -1.6219410e-01   2.5682405e-01   1.5698740e-01  -1.7152473e-01  -1.3466585e-01   3.5246599e-02  -1.2785509e-01  -4.6885036e-02   1.1071485e-01  -9.7887187e-02   2.2274526e-01  -2.3513047e-02   9.0739483e-02
  -1.3596227e-01  -6.5391106e-02   9.7037204e-02  -2.6910234e-01   1.4277547e-01   1.3864346e-01  -2.0516057e-01  -1.4223549e-01  -2.4748344e-01  -1.1936445e-01  -6.8632252e-02   6.1846227e-02   7.7676421e-02   2.6691750e-02   1.7912909e-01   5.8987956e-02  -1.6658285e-01   8.7198200e-02  -2.4334729e-01   6.9360934e-04  -7.2467863e-02  -2.8949568e-02   4.4253653e-02   1.4907683e-02   4.8095661e-02  -3.0347839e-01  -5.0264314e-02  -2.2529939e-01  -1.1037345e-01  -1.6271349e-01   1.8787880e-01  -1.1703593e-01   5.6098341e-02   1.4299040e-01   9.9645100e-02  -2.4744305e-02  -1.5319296e-01   1.4149405e-01   1.5314854e-01   1.6068445e-01  -2.2358817e-01  -1.6812199e-01   6.3201653e-02  -1.0958560e-02   4.3393882e-02   2.6131625e-01  -2.1902537e-01  -3.9091744e-02  -8.0416799e-04
  -1.2558168e-01   6.5817364e-02  -1.3427937e-01  -2.6411571e-01  -2.4070736e-03   9.1264779e-02  -5.4999309e-02  -8.2754083e-02  -3.3320528e-01   4.1237810e-01   7.3255989e-02  -4.6305238e-02  -1.7097982e-01  -2.0728826e-01  -7.6568060e-02   8.2808466e-02   3.1484303e-02   4.7176722e-02   1.1317827e-01  -1.9399662e-02  -4.4356913e-02  -1.8913095e-01   4.0578823e-02  -4.4486374e-02  -1.6527709e-01  -7.7010496e-02  -1.8191057e-01   1.2514436e-01   1.6372866e-02  -3.8266268e-03  -1.6390697e-01  -1.4794650e-01   5.3206241e-02  -2.0914204e-02   8.2846545e-02  -1.0006776e-02   5.1685297e-02  -6.6650402e-02  -9.2291527e-02   2.8523298e-02  -3.3389230e-03  -1.0216298e-01  -3.2280961e-01  -2.0337300e-01  -7.2925041e-02   2.6414287e-02   1.8647322e-01   2.8240919e-01  -9.1373844e-02
  -1.4104582e-01  -1.3683680e-01   1.5352092e-02  -1.9000998e-01  -7.0060731e-02   7.0264298e-02   5.9984598e-02   1.1381842e-01   1.8356028e-02  -4.9792850e-02  -3.7017418e-02  -1.8408897e-01  -4.0821265e-03   4.2326294e-02   2.5240495e-01  -4.4714192e-01   2.8678792e-02  -3.7017411e-01  -1.5680887e-01   1.1574325e-01  -9.8552711e-03  -3.0565321e-01  -1.9170572e-01   2.2753769e-01  -1.1318241e-01   3.4918833e-02   8.3057750e-03  -1.1570600e-01   8.5914657e-02   2.6046533e-02   6.2503755e-02   9.0577377e-03  -4.1891880e-02   2.0580244e-02  -8.5966571e-02   1.5314814e-01   1.1259442e-01  -4.1891272e-02  -4.7466181e-02  -1.3424586e-01   1.6616593e-02   1.9041329e-01  -2.2462443e-01  -1.4212702e-01   2.3412348e-02   8.1463999e-02  -4.7157868e-02  -8.0780720e-02   8.2734751e-02
  -1.2977765e-01   3.1206760e-01  -6.4448566e-02  -2.7250208e-01   2.5276078e-02  -1.6018562e-02  -1.5859133e-01  -2.6920473e-02   1.6400860e-01  -1.6234367e-01  -1.2788862e-01  -1.3706877e-01  -5.9621565e-02   3.1215296e-02   1.1297904e-01   7.9225416e-03   2.7461515e-02   4.2232017e-03  -1.1599636e-01   4.8109094e-02  -7.9259144e-02  -1.0843305e-01   5.9435198e-02  -2.6783000e-02   1.7402130e-01  -2.3124120e-01   1.6192358e-01   1.6477767e-01   1.3861685e-01  -3.0864347e-02  -1.0473972e-01   4.5448381e-02  -1.8798163e-01  -3.4827958e-01  -8.8820842e-02  -1.3705632e-01   1.1167998e-01   5.7371861e-02   1.9547747e-01  -5.6107769e-02  -4.3892747e-02   7.0051792e-02   1.0796148e-01   1.0964243e-01   2.0771427e-01  -1.1250292e-01   2.5702106e-01   1.1617787e-01  -2.4366185e-01
  -1.5213277e-01  -2.3399610e-01   9.0665558e-02  -8.6295952e-02   1.4511866e-01   2.7735808e-02  -1.9714730e-01   1.6562441e-01   7.9526832e-02   2.8291476e-01  -2.3051578e-01  -2.0625333e-01   3.7587311e-02   1.0647382e-01   8.8752634e-02   2.1703344e-02   1.2142258e-01   1.4597821e-01  -1.3641904e-01  -1.2347909e-01   1.7015994e-02  -5.1508901e-02   7.1785421e-02   1.2024751e-01   4.0320072e-02   3.3752760e-02  -5.4267374e-02   2.0599907e-01  -2.9078068e-01   2.2584437e-01   1.3271307e-01   1.0679252e-01  -6.7078809e-02  -6.0634830e-02  -2.5876695e-02  -1.2197360e-02  -2.3129671e-01   2.1675135e-01  -2.9744766e-01  -2.5494398e-03   1.8260755e-01   4.6327154e-02   1.9910553e-01   1.3227127e-02  -1.6485795e-01  -7.0370783e-02   5.5797101e-02   4.2342434e-03  -3.8105040e-02
  -1.3978040e-01  -1.7047852e-01   2.4989696e-01  -1.4189172e-01  -1.1878977e-03  -1.4473701e-01   1.5910531e-01  -1.3289186e-02   2.4027843e-02  -8.1851794e-02   2.7225901e-01  -8.8123650e-02  -8.8194811e-02  -1.6559164e-01  -5.9014006e-02  -2.9836686e-02   1.0212548e-02   1.0290993e-01   8.0850937e-03   1.3995595e-01   9.7817498e-02   4.3041386e-02   1.3590153e-01  -1.9639417e-01  -1.7160290e-01  -4.8864364e-02  -7.3481176e-02  -1.0584470e-01  -8.7874510e-02  -1.8625286e-01   9.6586530e-02  -7.1976889e-03   2.6987953e-02  -1.5988319e-01  -1.5227779e-01  -2.3116139e-01   1.4093060e-01  -1.4432714e-01  -1.3729869e-01  -1.1556582e-01  -4.7929581e-02   2.9819943e-01   2.4726665e-01  -5.4870034e-02  -2.4496945e-01   1.2891338e-01  -1.0108955e-01   1.9671877e-02  -2.7600179e-01
  -1.5829208e-01   2.3601455e-01  -8.1908285e-02  -1.7890071e-02   2.9217784e-01  -1.9471916e-01   2.8222674e-02   4.9647032e-02   4.6851960e-02  -1.0609057e-02  -2.2855050e-02  -1.4999567e-01   1.9417342e-02  -7.9994082e-02  -2.2756580e-01  -1.3304345e-01  -2.1097122e-01   8.9728056e-02   1.3447914e-01  -1.0722220e-01  -1.7033618e-01  -8.3118667e-03   1.3891480e-01   1.7021544e-01  -3.8126595e-02  -2.6311998e-01   9.3618626e-02  -1.9365948e-01  -8.1341855e-02   9.6615470e-02   9.5320915e-02  -1.0812946e-02   8.2178302e-02   1.8989422e-01   1.1241065e-01   2.9636783e-01   1.7372821e-02  -2.3118271e-01   1.1958768e-01  -1.5100573e-01   7.4271566e-02   4.1847178e-02   1.0818286e-01  -3.5156256e-02  -2.3299017e-01  -1.2399705e-01   1.8200577e-01  -1.5724290e-01   2.4887778e-02
  -1.5775376e-01   5.4852093e-02  -9.3767099e-02   2.6400502e-02  -2.3223083e-02   2.1856314e-01   7.5441069e-02   8.9667267e-02   2.5628977e-01  -8.3589565e-02  -8.8313229e-03   1.9268199e-01  -2.2316032e-01  -9.4916301e-02   4.6736917e-02  -2.6638669e-02  -5.2623981e-02   8.4727589e-02   3.5832502e-03   1.1603636e-01   4.2839593e-02   1.7735573e-01   4.4292258e-02   1.9124606e-03  -2.8442737e-01  -7.9919835e-02   3.5195889e-01  -2.1638418e-01  -8.3943753e-03   2.2774837e-01  -1.1110545e-01   2.3014664e-01  -7.8321789e-03   1.5473938e-01  -5.0434892e-02   4.0803758e-02  -7.2490336e-02   2.4815610e-01  -2.0646017e-01   1.6699192e-01  -1.7265326e-01  -4.9828847e-02  -8.5570236e-02  -1.9470393e-01  -3.7202207e-03   8.4208378e-03   5.3895502e-02   1.1261955e-01  -1.9057847e-01
  -1.4977387e-01  -1.3598117e-01  -3.7220740e-02   2.8523012e-01  -1.2291781e-01  -1.9730329e-02  -9.9652018e-02  -5.8264310e-02   8.5420862e-02   1.8648736e-01   2.1413567e-01  -2.7144345e-01  -9.7548255e-02  -3.6736015e-02  -1.8999565e-01  -1.2992191e-01  -7.4801158e-02  -1.4385634e-01   3.3301106e-02  -4.7258426e-02  -6.0808004e-02   8.1133884e-02   6.3461044e-02   2.7784079e-01   1.7227532e-01  -1.0431681e-01   3.2251932e-02  -1.4269575e-01   8.8714747e-02  -1.6439758e-01  -1.4634218e-02  -9.4355435e-02   3.1719398e-02   3.5139185e-02  -2.7853707e-01  -2.7260366e-01  -3.3238285e-01  -3.7578094e-02   3.0173354e-02   1.6493165e-01   3.8731828e-02  -6.7535327e-02   4.5563694e-02  -9.0801888e-02   2.3344934e-01   9.1979208e-02   1.4178354e-01   2.3752562e-02  -2.8264564e-02
  -1.4949968e-01  -2.2177476e-01  -2.2377074e-02  -9.8194588e-03  -5.4635557e-02   1.2998738e-01   1.0427731e-01  -1.5731004e-01   2.3694114e-01  -1.3162223e-01   2.8038745e-02  -2.3029333e-01   5.8334541e-02   1.7235406e-01   2.5922118e-02   9.8426398e-02  -8.2992380e-02   1.3408418e-01   1.7566131e-01  -6.9986196e-03  -2.5624304e-01  -2.1195337e-01   4.4387494e-02  -8.0762756e-03  -1.7957959e-02   1.0590841e-01  -2.4056099e-02  -6.0018942e-02  -1.4709333e-01   2.7085787e-01  -1.4243859e-02   4.0685268e-02   3.9650385e-01  -8.2292884e-02   5.3852522e-02  -1.3467351e-01   1.8904820e-01  -7.8178938e-02   1.5545506e-01   2.3653278e-01  -1.8197298e-02   1.5203524e-02  -1.5890127e-01   2.5463006e-01  -6.4612915e-03   4.8314835e-02  -2.6584459e-03   1.3531637e-01   4.8048609e-02
  -1.5728443e-01   1.3812536e-01   1.8301114e-02  -6.0781534e-02  -2.0513436e-02  -4.4606926e-02  -3.2399071e-01   5.1396363e-02   1.5935431e-01   1.6478129e-01   5.7573869e-02   1.7467506e-02   6.6445318e-02   1.9590381e-01   2.5763450e-01   1.1129338e-01  -2.0668545e-02   2.1002847e-01   2.1482274e-01  -1.6109829e-02   5.2242567e-02   3.0876293e-01  -2.3390981e-01   1.4581922e-01   7.5356616e-02   4.8212647e-02   6.7356606e-02  -4.6178339e-03   1.5750183e-02   1.7790569e-02   4.2212862e-02  -9.5264595e-02  -1.3807926e-01   4.1957510e-02  -3.8447256e-02  -4.1142642e-02   1.1136353e-02  -4.2044469e-01  -1.0215535e-01  -5.5553145e-02  -1.9867029e-01   1.5828502e-01  -2.3469933e-01   2.8368399e-02  -3.0936591e-02   6.8604735e-02  -1.8439029e-01   1.6635719e-02  -2.5861177e-02
  -1.5885344e-01   2.6476010e-02  -1.3304897e-01  -1.4248637e-01   9.2122815e-02  -2.1611264e-01   1.0423407e-01  -1.9859461e-01  -1.8356566e-01  -2.8425665e-01  -9.4382883e-02  -7.3522939e-02   3.7387101e-02   1.3518507e-01  -6.9681331e-02  -9.3295152e-02   1.0114911e-01   1.1389337e-01  -4.6408499e-04   9.2138737e-02   1.4041020e-01   6.7019027e-02   5.0479990e-02  -4.8584099e-02  -4.1633924e-02  -5.6855945e-03   1.8612849e-01  -9.4663320e-02  -8.3752548e-02   2.4105922e-02  -2.6662421e-01  -1.2790046e-01  -6.0011474e-02  -1.8080512e-01  -4.6158738e-02  -1.8842774e-01  -2.6373592e-01  -4.5569647e-02  -1.4274578e-01   7.9235195e-02   3.1201808e-01  -8.8317222e-02  -2.6354955e-01  -4.6937412e-02  -5.8107251e-02  -1.6703182e-01  -2.1273050e-01  -1.3743266e-01   1.5115878e-01
  -1.3537562e-01   7.7241023e-02   1.9624957e-01   2.4187839e-01   1.4256861e-01  -5.7377398e-03   1.1554919e-01  -4.0341069e-02   2.0857951e-01   5.0715665e-03   5.5114921e-03  -1.4060556e-01  -9.2079548e-02  -4.0742511e-02   2.8697787e-01   2.4846912e-01  -1.7114646e-02  -1.8266401e-01  -4.6080662e-02   1.6244327e-01  -1.0079369e-02  -7.2650317e-02  -8.4573136e-02  -1.0735594e-01  -6.9604271e-02  -2.0345353e-01  -7.6698141e-03   2.3083954e-01  -1.2323869e-01  -4.0685584e-02  -1.6046102e-01   3.4689204e-02   9.0235905e-03   1.8827861e-01   4.3602262e-02  -1.2576024e-01   4.5813836e-02  -1.3113245e-01  -1.8856708e-02  -2.4040310e-01   1.9217490e-01  -4.0885816e-01  -4.4310513e-02  -6.2288586e-02  -1.0773069e-02   1.7013467e-01  -1.9999371e-02  -1.5872029e-01  -2.9950465e-02
  -1.3426229e-01  -7.6327739e-02   2.6965799e-01  -1.7157364e-01  -5.1473774e-02  -4.3865301e-02  -2.7930239e-02  -2.2594176e-01   9.1238431e-02   1.0673317e-01   1.1644602e-01   8.6415325e-02  -1.6542272e-01   7.8772329e-02  -2.5102475e-01  -1.2806444e-01  -2.4419757e-01  -3.1758214e-02   6.3657073e-02   5.9851915e-02   1.3798262e-01  -2.1719788e-02  -9.4854762e-02   7.9122068e-02  -4.3431216e-02   8.8884070e-03   3.3225317e-01   3.1217091e-01   8.1967932e-02   1.0330733e-03   2.3392087e-01  -1.3242095e-01  -9.3812511e-02   1.6650419e-01   2.8302938e-01  -1.1803222e-01   1.6199565e-01   1.3758713e-01  -5.1584161e-03   1.4837833e-02   1.1151621e-01  -2.7419176e-02   6.3110583e-02   5.3007272e-02   1.0043014e-01  -1.4981148e-01  -1.0150242e-01   9.1653477e-02   1.5761680e-01
