  -1.2001946e-01   4.1358900e-02  -3.1274690e-02  -1.7810005e-03   1.4112219e-02  -9.3576126e-02  -1.9184388e-01   2.3437396e-01  -1.2263979e-01   9.1877960e-03  -5.3999414e-02   9.3768127e-02  -5.0717000e-02   2.9599262e-02  -1.2616900e-01  -1.9437217e-02   7.9166684e-02  -6.6925834e-02   3.5738736e-02  -1.3910425e-02  -2.5284338e-01  -2.4005153e-01  -6.7901825e-02   7.7601324e-02   1.8842349e-01   5.3935975e-02   3.6147015e-01   1.0946446e-01  -3.5879149e-01   7.2417397e-02   4.7575065e-02  -2.7723833e-02  -1.0810632e-01   7.8695367e-02  -8.4631880e-02  -2.4314807e-02  -3.3304786e-01  -1.6916597e-01  -1.4176208e-01   1.4288270e-01  -2.5117567e-01   4.3833462e-02  -6.6984045e-02  -1.5565239e-01   4.6891208e-02  -1.1867999e-01   1.0571394e-01   3.4166357e-02   2.1244219e-01
  -1.6605598e-01  -6.4519920e-02  -1.9180566e-01   7.1189831e-02   5.3068779e-03   1.6744802e-01  -1.6349362e-01   2.7228451e-01   9.2530715e-02  -6.1466031e-03  -6.4320752e-02  -1.6396857e-01  -5.8803334e-02  -8.5652149e-02  -2.3452458e-02   9.1148838e-02   3.0490406e-01   4.5200796e-02   5.1158019e-02  -1.4393547e-01  -1.8354808e-01   2.4219979e-01  -1.2842548e-01   7.6256302e-03   3.7027970e-02   1.1166172e-01  -1.5612652e-01   1.9580345e-01   2.1892690e-03  -4.8865693e-02  -1.5979524e-01   4.2824671e-02  -2.1406465e-01   1.5835975e-01  -1.9335074e-01   1.4494044e-01   4.0156325e-01  -2.7637635e-02  -7.4169009e-02   2.5812875e-02  -5.9297804e-02  -3.2732763e-03  -9.7943748e-02  -2.0542399e-01   2.3263289e-02   6.7184599e-02  -2.1773256e-02  -5.1836630e-02  -2.0885483e-01
  -1.4404499e-01   2.3416372e-01  -2.0471837e-01  -4.6082204e-02  -1.5047483e-01  -1.4236529e-01   1.5608139e-01  -6.3191322e-02  -1.1423934e-01   1.6356862e-01   1.9903104e-01  -8.3055277e-02  -1.8736933e-01  -3.1199323e-01  -1.8749063e-02   1.1085835e-01   7.5088447e-03   1.2880473e-01   2.8397548e-03   1.0172880e-01   4.6737907e-02  -1.0168870e-01   1.1139880e-01  -5.9306483e-02   2.2737921e-01  -4.7609601e-02   1.4137113e-01   4.9962742e-02  -2.0692625e-02   3.1631296e-01  -1.9146186e-01  -4.8234778e-02  -3.6446999e-02  -2.0651110e-01  -6.9851474e-02  -1.9804367e-01   2.1390287e-01  -1.1708733e-01   1.5752380e-01   9.1083555e-02   1.6652586e-01  -2.7855458e-01   1.7659906e-02  -6.2396580e-02   1.3828752e-03  -5.9674024e-02  -1.0590102e-01   3.4735280e-02   1.3422339e-02
  -1.6631255e-01  -2.3032431e-01   1.5985851e-01   8.0390963e-03  -8.5275643e-02   2.8098134e-02  -1.5935318e-02  -2.0840545e-02  -1.7998645e-02   2.8016491e-01  -7.2737049e-02   2.2169435e-02  -1.5135200e-01   1.2561988e-01  -4.6489165e-03   1.9633811e-01  -3.5986014e-02   8.6812854e-02  -3.9242359e-02  -1.8178358e-02  -7.8300903e-03  -3.1833670e-01   6.5467946e-02  -4.1680442e-01  -5.2239138e-02   3.0290156e-02   1.9053594e-01  -2.4649379e-03  -4.9421228e-02  -3.4261644e-01   1.7624742e-02  -3.8710116e-02  -4.7923490e-03   7.7268736e-04  -4.9446704e-02   1.3540719e-01   1.5331700e-01   8.0373171e-03  -1.8324008e-01  -4.9682481e-02   2.1609872e-01  -6.1387117e-02  -7.4903784e-02   1.0099590e-01   1.8270771e-01   1.4294715e-02  -2.0345815e-01  -2.1007611e-01   7.4476460e-02
  -1.4827759e-01  -1.0196406e-02   7.1742134e-02   1.5199741e-01  -3.3231422e-01   2.8396097e-01  -5.1303055e-02  -6.1295495e-03   1.3713827e-01   1.8102312e-02   3.1704115e-02  -4.6331147e-03  -2.0504391e-01   2.3535426e-01  -2.2986603e-03  -2.1425473e-02  -1.1725507e-01   1.6404153e-01   4.4397300e-03  -9.7415505e-02   1.8592389e-01  -1.4763165e-01  -6.0775723e-02   9.9020011e-02   9.9127431e-02   3.2616196e-02   1.3804273e-01   1.9137511e-01   1.6172668e-01   1.8692461e-01  -2.8911269e-02  -4.7426025e-03   2.3391878e-01   7.2262949e-02  -1.3361847e-01   2.8171203e-01  -2.5163903e-02   1.8742996e-01   2.1692170e-01   1.5839187e-01   4.1431131e-02   8.8633836e-02  -9.8138429e-03  -3.9623019e-02  -1.8564605e-01   7.4364101e-02   2.3485844e-01   1.0697086e-01   8.0079976e-02
  -1.4940815e-01   5.9623961e-02  -3.5110728e-03   5.3511939e-02   1.0210400e-01   2.5079893e-02  -2.1695122e-02   7.8272608e-02   3.3337760e-01   1.2903945e-01  -1.5163595e-01   5.4737292e-02   3.7595218e-03  -2.4029034e-01  -1.7280851e-01  -6.8692895e-02  -6.3279433e-02  -9.7987894e-03   4.1656753e-02  -2.5122223e-01   1.0816082e-01  -1.0584373e-01   1.1911132e-01  -9.3701157e-02  -2.2297016e-01  -1.1805201e-01   1.3756360e-02   1.8709787e-01   9.0810564e-02   9.6897951e-02   2.7835095e-01   2.5546916e-01   3.6291143e-02  -3.2702875e-01  -5.9194888e-02   1.2932853e-02  -4.7002687e-02  -7.8174875e-03   9.4404552e-02  -1.7560160e-01  -2.9145354e-01  -7.4474616e-02   1.7768452e-01  -1.0936626e-01   1.8996436e-01  -3.7826410e-02   6.0111100e-03  -6.5002090e-02  -6.0637911e-02
  -1.3543584e-01   1.6430625e-01   2.1796081e-01  -1.1816596e-01  -1.3503501e-01  -1.1641484e-01  -1.4843568e-01  -3.0154561e-02  -1.0575757e-01  -2.5765349e-01  -8.7390993e-02  -1.1088475e-02   5.5796209e-02   2.3623709e-01  -1.2507023e-01   2.8286913e-02   4.7777636e-02  -1.0637900e-01  -7.9261172e-02   1.4974965e-01   2.5117658e-01   1.1823012e-01  -1.2631410e-02  -1.3461608e-02   8.8084253e-02   1.8153903e-02   2.0655649e-01   1.7568443e-01   1.4126322e-02  -8.7686520e-02   2.4833981e-02   7.7162094e-02   6.9576477e-02  -6.7361265e-02  -5.7262316e-02  -1.0361087e-01  -3.0143643e-03  -3.7584483e-01   1.6384335e-01  -8.2249773e-02   8.0502459e-02   1.2710208e-01   4.4396856e-02  -1.0011429e-01   1.6950488e-02   1.4224882e-01  -7.5037880e-02  -2.1290122e-01  -3.9698081e-01
  -1.4547998e-01  -5.0038872e-02   6.6716105e-03  -8.6093685e-02   1.2545117e-01   3.1627260e-01  -2.0954415e-01   1.1561159e-02   1.6761312e-01   5.8571795e-02   4.1555244e-01   1.3375267e-01   1.4789396e-01   2.2262762e-01   2.0907737e-01   3.8405735e-02   1.7896456e-02  -1.4646635e-01  -1.2178834e-01  -1.9132089e-02  -6.7290662e-02   1.4488577e-01   8.2601337e-02  -1.4598043e-01  -3.7459664e-02  -8.7771484e-02   1.3804608e-01   6.1840524e-02  -1.4607696e-01   2.4264152e-01  -7.8005284e-02   9.6007844e-02  -1.7073989e-01  -9.8515867e-02   2.1660954e-01  -1.5273131e-01  -9.6813964e-02   1.6416955e-01   1.2433129e-01  -1.9828762e-02   2.3826181e-02  -6.3586936e-02  -2.0104622e-01   3.4154607e-02   5.5084805e-02   1.6471843e-01  -9.4346175e-02  -7.3576170e-02  -1.6046278e-02
  -1.5382429e-01  -3.9644781e-02   1.8900298e-01  -9.7910319e-02   1.7347865e-01  -1.5907290e-01  -1.6993953e-01   9.4284111e-02   1.8147542e-01   5.2027674e-02  -7.3938238e-02  -1.1618570e-01  -1.2262877e-01   3.6775312e-02  -1.5453815e-01   7.6867370e-02  -5.7677134e-02  -1.7299033e-01   8.6176175e-02  -2.0036997e-01   1.4581966e-01  -3.7077590e-03  -5.6495153e-02  -1.5485606e-01   1.3657139e-01   6.4800933e-02  -2.7246707e-01  -2.5339987e-01   6.5108336e-03  -4.0964438e-02  -5.1208440e-02  -5.2467116e-02   5.6505888e-02  -1.1675346e-01  -5.2692534e-02  -3.4251436e-01   3.3288695e-02  -1.5127718e-02   5.0335108e-02   1.8350035e-01   2.0390870e-02  -2.0539329e-02  -1.5314188e-01  -7.9628646e-02  -3.3986974e-01   1.3544929e-01   1.9086751e-01  -1.2325918e-01   2.1739062e-01
  -1.2890744e-01  -2.1882574e-01   1.0182639e-01  -2.7290585e-01   1.4118034e-01  -7.1452102e-02  -9.6961911e-02  -1.4997552e-01  -8.5317343e-02   1.3879361e-01   9.6281739e-03  -1.1477689e-03  -2.0442511e-01  -1.9452765e-02   1.4249376e-01   1.0667512e-02  -8.4798170e-02   2.1874720e-01   8.0564151e-02   1.1767487e-01  -9.7811600e-03   7.2232876e-02   2.1732436e-01  -9.4194195e-02   9.1644153e-03   2.3691055e-01  -1.1370094e-01  -3.3474588e-02   8.1763714e-02   1.3600602e-01  -6.5155648e-02   1.6314977e-01   1.9817722e-02   2.3007342e-01  -9.6763455e-02   2.8043022e-02  -2.5869395e-01   1.1099028e-02  -6.9631751e-02   1.3086761e-01  -2.3859456e-01  -4.5136871e-02   2.6209613e-01  -1.4770259e-01  -8.2550371e-02   1.5873164e-01  -2.1824600e-01   1.3846251e-01  -2.0152462e-01
  -1.4788270e-01   5.9287254e-02   3.4454039e-01   1.7799806e-01   7.8530576e-02  -1.0972799e-01  -5.7403123e-02   2.3148489e-01  -1.2520935e-02  -3.8917747e-02   7.4069379e-02  -1.3045405e-01   4.8073867e-02  -1.3520090e-01  -4.0060906e-02   2.0591983e-01  -2.2558570e-01   5.5994139e-02  -6.7280028e-02   6.7899899e-02  -9.4907012e-02   2.3789826e-01   4.2473664e-04   1.9403396e-01  -3.1620942e-02   1.8469112e-01  -1.6671678e-03   1.1383033e-01   1.3877787e-01   4.2994985e-03  -3.1384656e-01  -3.7838475e-02   7.8298530e-02  -1.6131374e-01  -1.5469160e-01   6.5212406e-02  -1.9348183e-01   1.0276588e-01  -4.5336083e-02   3.1176109e-03  -5.6043202e-02  -7.1726424e-02  -6.6294662e-02   3.7439629e-01   1.7762077e-01  -1.2859992e-01  -4.6837201e-02  -1.0675525e-01   4.1741956e-02
  -1.5379747e-01   1.6981016e-01   4.5074502e-02   2.4987853e-02   2.6193560e-01   2.0336771e-02   1.5904276e-01  -2.3903542e-01  -7.4836103e-02  -1.3738610e-01  -3.5772610e-02   1.3255643e-01  -6.0944538e-02  -5.6854778e-02   1.0620848e-01   4.6401693e-01   1.9506919e-01   9.3946838e-02   1.5570006e-01  -1.4055632e-01  -5.3386293e-03  -1.4181519e-01   3.9924806e-02   1.5951323e-02  -5.9369574e-02   9.0809860e-02  -7.1170541e-02   9.9222897e-02  -5.1274945e-02   2.7700161e-02  -1.3983855e-01  -1.5117200e-01   8.9199990e-02   1.1883061e-01   1.3829321e-01   7.2225570e-02  -7.3662232e-02  -8.0456102e-02   1.4049534e-01  -4.0250159e-01  -8.0297828e-02   9.1655864e-02  -1.0897201e-01  -6.8646263e-02   9.8088929e-03   1.4313242e-01   1.7086712e-01   1.1704791e-02   9.8825372e-02
  -1.5519099e-01  -9.1227238e-02  -1.2487889e-01  -8.2249606e-02   2.8944980e-02  -3.2785983e-02   3.0999449e-01  -3.6272160e-02   8.1228559e-02  -8.4308171e-02   7.9427997e-02   3.1449218e-01   1.4373082e-01  -1.3488423e-01  -6.1674593e-02  -8.1271411e-02   8.3314471e-02  -1.3942559e-01   9.9714340e-04   1.0994880e-01   3.1917253e-02  -1.2779003e-01  -1.0144616e-01   9.2235295e-03  -1.5660901e-01  -5.2812768e-02   2.6284925e-01  -1.2287173e-02   1.6058503e-01  -1.3561420e-01  -2.1644887e-01  -2.1792403e-02   6.6830722e-02   1.5892298e-02  -2.2783645e-01  -1.6475286e-02   9.3743242e-03   1.3394254e-01  -1.4916230e-01   6.4440250e-02  -2.5941206e-01  -1.0699263e-01  -1.7509199e-01   8.2403794e-02  -3.7943471e-01   8.0009191e-02  -5.7899266e-03  -1.3610303e-01  -1.9241071e-01
  -1.5480480e-01   1.9977749e-01   3.8673731e-02  -5.1142636e-02  -1.5432549e-01  -1.1711188e-01  -1.7117655e-01  -1.3553006e-01   1.6760974e-01  -1.1321246e-01   7.0228073e-02  -5.4999055e-02   1.9868021e-02  -1.3193464e-01   7.2308082e-02   1.2276413e-01   2.3171820e-01  -1.5821494e-02  -1.9053288e-01  -4.5584268e-02   1.4737395e-01   4.2225359e-03   1.2635007e-01   2.1877492e-02   1.8674524e-01  -2.8849487e-01  -1.5034068e-01  -1.2597398e-01   6.2388114e-02   4.5917210e-02   1.2673948e-01   1.6180874e-01  -1.2857926e-01   1.4403090e-01  -8.8098043e-02   2.7825374e-01  -2.4570402e-01   7.0116206e-02  -2.7898621e-01  -1.0399727e-01   1.2260928e-01  -2.5240808e-02  -1.0857811e-01   8.1366304e-03  -1.8243065e-01  -2.4806247e-01  -1.1509059e-01  -1.0274680e-01   4.4447341e-02
  -1.3858622e-01   1.6555844e-01  -1.6523812e-01   7.3803527e-02  -3.2598858e-01   9.9023288e-02  -5.4683833e-02  -1.9997662e-01   1.0349214e-01  -5.9698266e-02   4.1817810e-02  -4.9404878e-02  -4.5876438e-02  -4.7171837e-02   1.2711076e-01  -6.0287781e-02  -2.5430656e-01  -2.3881911e-01   9.2842384e-02   1.5703515e-03  -4.7093648e-02   1.0406637e-01   1.7087154e-01  -5.4655794e-02  -1.2646430e-01   1.3262297e-01  -1.5006350e-01   1.1595375e-01  -1.2625538e-01  -3.9001796e-01  -7.8156369e-02  -1.6981840e-01  -1.6757908e-01  -1.9611284e-01  -4.4171024e-02   7.2306129e-02  -1.7735294e-01  -1.9405151e-01  -7.4746401e-02  -2.7206012e-03  -5.3484121e-02  -1.2772067e-01  -2.2459327e-02  -4.6703961e-02  -7.7150234e-02   1.4634364e-01   8.7053730e-03   2.6295201e-01   6.3333230e-02
  -1.2893337e-01  -3.7687331e-02   2.0437343e-01  -1.4517625e-01  -6.7309788e-02  -3.0772228e-02  -5.3798831e-02  -1.7072241e-01   1.8240373e-01  -2.4797289e-01   8.7193545e-02  -1.3268547e-01   3.4108036e-01  -5.8106215e-02   2.5725919e-01  -1.3938055e-01  -1.2537180e-01  -2.0339321e-02   8.6625515e-02   4.1714338e-02  -2.1166194e-01  -2.2775850e-01   3.5155501e-02   2.6368599e-02  -8.5783561e-03   4.3011798e-02   2.5805860e-03   1.2686712e-02   1.8579170e-01   1.5883072e-01   2.4984979e-02  -1.5788366e-02   2.5623589e-02   1.5845275e-01  -2.7511086e-02   3.6058372e-02   3.3456151e-01  -2.7649870e-01  -4.7725857e-02   1.0256823e-01  -1.2037438e-01  -3.2045429e-02   6.8601256e-02  -2.0346353e-02   1.2772288e-01   9.7882636e-03   4.4295916e-02  -1.5139498e-01   2.8049848e-01
  -1.4410044e-01  -9.7625751e-02  -1.1707137e-01  -2.5929110e-01  -1.6724378e-01   6.1296218e-02  -6.7818699e-02  -1.2186915e-01  -1.4874026e-01   5.8352053e-04  -7.8400576e-02  -1.1958690e-01  -3.8879165e-02  -1.4960225e-01  -5.5579060e-02   1.9722791e-01  -2.4393529e-01  -7.5261176e-02   1.6988177e-01   1.1012316e-02  -5.8269104e-02  -6.0585090e-03  -2.7504194e-02   3.9229123e-01   1.3761563e-01  -2.7509850e-02  -7.5818208e-04   2.7109513e-02  -7.7694041e-02  -1.7624061e-01   2.8491941e-01   7.1507751e-02   6.3545984e-02   4.8214311e-02   2.0474334e-01  -5.8273762e-02   8.7157859e-02   3.0409233e-01   1.6860188e-01   2.4005453e-02  -1.5847789e-01  -2.0208574e-02  -2.2422755e-01   8.9062581e-03   3.4571092e-02   8.5296418e-04  -1.6573012e-01  -2.1448312e-01  -4.2294369e-02
  -1.4647841e-01  -2.1658054e-01  -1.3423004e-01   1.5490210e-01  -1.6329409e-01   9.7672828e-02  -1.8001495e-01  -1.0505454e-01  -1.7654618e-01  -6.3415231e-02  -4.0143496e-02   9.8499677e-02  -3.9160073e-02  -4.3494816e-02   2.2073678e-01   1.3697170e-01   2.7366762e-01  -1.0241075e-01  -9.7217600e-02   1.1909902e-01  -1.6616271e-01  -9.3179679e-03  -2.0157870e-02  -1.1904185e-01   7.5916164e-02   2.0432881e-01  -5.3473695e-02  -1.4180696e-01   1.6805064e-01  -1.1845422e-02   2.1103892e-01   2.0775968e-01   1.8561874e-01  -1.8190503e-01  -6.4629192e-02  -2.2864889e-01  -7.1927819e-03  -5.0865431e-02   3.0685063e-02  -2.7361399e-02  -6.1233809e-02  -6.5834783e-02   3.5102198e-02   2.3515687e-01   3.2107998e-02  -1.9372537e-01   3.2344472e-01   9.0076603e-02  -1.0232371e-01
  -1.4629265e-01   9.1560692e-02  -6.3455133e-02   2.5596551e-01   1.9817909e-01   1.1053801e-02  -4.8205060e-02  -1.2102461e-02   1.6524899e-01   8.7978141e-02   1.5183674e-01   1.3510321e-01   1.6688335e-01   1.8837069e-01  -3.4974364e-02   1.9285720e-01  -1.2434759e-01   1.3716879e-01   1.9476432e-01   1.0974808e-01   5.2409208e-02  -1.5783518e-01  -6.3388480e-03   1.8855338e-01   3.6423307e-01  -8.9043251e-02  -3.7387461e-03  -2.5315873e-02   1.4811963e-01  -1.6876468e-01   1.1998626e-01  -3.6056785e-02  -2.3586808e-01  -5.7274367e-02  -4.9070068e-02  -1.8238636e-01   1.3619514e-01   2.7496469e-02  -1.6979471e-01   6.0890264e-03  -3.8553834e-02   2.0700786e-01   2.4795043e-01   1.0187825e-01  -2.2916443e-02   4.4205366e-02  -8.0223975e-02   2.1199307e-01  -1.1406648e-01
  -1.4665508e-01  -4.9064601e-02  -4.0769204e-01   1.0825055e-01   1.9475975e-01   8.1533930e-03   4.6564893e-02  -1.3064311e-01  -6.4690536e-02  -3.4504370e-02  -2.1944429e-02  -4.2978317e-01   1.9678168e-01   1.8123028e-02   4.7803263e-02   7.5452706e-02  -9.6154906e-02  -1.6990465e-02   5.3258829e-03   5.4439860e-02   2.5436218e-01   5.6529849e-02   2.2689904e-02  -4.0498837e-02  -1.3270654e-01   6.1309241e-02   2.2619328e-01  -2.5564461e-01  -1.5000829e-01   7.5540770e-03  -9.4243570e-02   2.2042107e-01   6.8477570e-03  -1.5767962e-02  -2.4015522e-01   8.6668576e-02  -7.8982356e-02   4.3137693e-02   3.4006975e-02   6.0750829e-02   4.8724083e-02   2.5808767e-01   4.6962567e-02  -3.3165232e-02   1.0601518e-01   6.1005100e-02   8.5897202e-02  -1.0931562e-01   1.3350269e-01
  -1.3500342e-01  -1.8284273e-01   1.1488281e-01  -2.4270591e-01   5.9981947e-02   1.2691567e-02  -4.9432723e-02  -2.0051428e-01  -1.9089452e-02   2.7477483e-01  -2.6213652e-01  -1.0181841e-01   1.4995195e-01   8.8910972e-02  -1.4567813e-01   4.8883378e-02  -1.5167309e-02  -2.5452919e-02  -1.6849453e-01   1.7835233e-01  -1.4808636e-01  -4.3790991e-02  -6.5538312e-02   1.5363048e-01  -2.4021440e-02  -1.5495368e-01  -1.6791341e-02   1.0383434e-02  -8.5331743e-02   7.7260167e-02  -2.3722557e-01   1.6284515e-02  -2.4226477e-01  -2.7996719e-01   1.5391419e-01   2.6201505e-01   9.3444476e-02  -5.9028421e-02   5.6491213e-02  -8.0346928e-02   1.9119397e-02  -3.9188226e-03   1.1942189e-01   2.9151333e-02  -2.0707591e-01  -1.2364148e-01   2.6174499e-01   1.1937889e-01  -7.4748101e-02
  -1.2581792e-01   3.2401890e-02   1.6163561e-01   6.9548807e-02  -1.3602192e-01   4.4643209e-02   2.7978547e-01  -6.8887306e-02  -1.5921584e-01  -5.1197012e-02  -3.0349426e-02  -2.1468727e-01  -2.0827082e-01   1.4851110e-01   4.7265306e-02  -1.0434297e-01   2.0102040e-01  -3.5668875e-02   6.4114882e-02  -2.3797724e-02   1.9354728e-02   2.8880073e-01  -6.7280014e-02  -1.9769734e-01   1.1206669e-01  -1.8090963e-01   1.1187838e-01   4.4693766e-02   2.9043526e-02  -2.1826323e-02   2.4346358e-02  -3.9640686e-02  -2.2011090e-01  -2.9531835e-02   8.9876898e-02  -8.4847382e-02   5.9170253e-02   1.2036096e-01   1.6756682e-02  -7.5090716e-02  -4.0966983e-01   7.2007516e-02   2.6049459e-01   1.6017252e-01  -8.8639724e-02  -1.3690764e-02  -7.9766937e-02  -1.1238735e-01   2.7567087e-01
  -1.2856752e-01  -1.3671629e-01   1.1095194e-01  -3.1531370e-02   3.8966303e-02   5.7150485e-02   7.4004016e-03   3.1441523e-01  -9.2578375e-02  -1.8829848e-01  -1.0716878e-01   5.5840174e-02   9.5129004e-02  -1.9572709e-01   1.6669003e-01  -2.4528775e-01   6.6616348e-02  -4.0394088e-02  -4.2764759e-02   3.4651482e-02   3.7806866e-01  -1.9857462e-01   5.4780805e-02   6.0345152e-02   2.5052355e-01   9.7159664e-02  -2.7720609e-02  -1.0559230e-03  -1.6124697e-01  -1.7791227e-01  -2.0321537e-01   2.6587262e-01  -5.2232111e-02   2.6187219e-02   1.4789749e-01   4.0823350e-02   8.4325053e-02   9.5449633e-02   1.0625848e-01  -1.8891633e-01   3.1609364e-02  -1.5494882e-01   4.5280620e-02   6.0031971e-02   3.1535435e-02   9.0172785e-02  -4.7158279e-02   2.5229916e-01   1.3151455e-01
  -1.5250627e-01  -6.7403721e-02   1.2123607e-01   3.0396967e-02  -1.4074858e-01   6.1927581e-02  -1.9196162e-02  -1.4920485e-01  -5.5677011e-02  -8.1091261e-02   8.2126953e-02   2.7062318e-01  -3.2046189e-03  -1.7897874e-01  -3.5693038e-01   6.2181146e-02  -2.2736277e-01  -1.8191144e-01   1.8390983e-01   2.8550653e-03   2.9950636e-03   2.3272819e-01  -3.2275644e-01  -1.8316653e-01   3.7578087e-02  -1.0651607e-01   4.9993939e-02  -2.5050785e-01   2.4376314e-02   1.0537427e-01  -9.0797445e-02   1.2677103e-01  -6.9900755e-02   2.3854872e-01  -1.0736215e-02   4.7214587e-02   1.3929976e-02   3.6761423e-02  -5.1826258e-02  -9.3264423e-02   1.1098869e-01  -6.1970737e-02   9.8388970e-02  -1.2783917e-01   2.7072508e-01   6.9208842e-03   1.2233508e-01   1.5733263e-01   2.2191056e-02
  -1.5427099e-01   1.3268003e-01  -2.9643472e-02   1.5841809e-01  -2.5275905e-02  -5.0979703e-02   1.6144207e-02   7.1256357e-02   1.2476675e-01  -9.9104530e-02  -8.2191977e-02   4.5267437e-02  -9.6374419e-02   8.3246813e-04  -2.3222705e-01  -2.4504115e-01   2.2474814e-03   8.3115883e-02  -1.8109415e-01   2.6968855e-01  -3.7566992e-01  -3.0286452e-02   3.7950967e-01  -9.2571807e-03   9.1479171e-02   9.7567802e-02  -1.8015553e-03  -3.2083544e-01   2.5243328e-02  -2.3766750e-02   3.1505912e-02  -7.6128083e-02  -5.9462586e-02   6.8512644e-02   1.3228969e-03   5.0162862e-02   1.4219803e-02   2.0254842e-01   2.1594935e-01  -2.0609066e-01   4.0359543e-02   5.8641616e-02   5.1369553e-03  -6.3749903e-02   2.1196226e-02   2.3506292e-01   7.6662663e-02  -1.6484066e-01  -1.3365159e-02
  -1.4099277e-01  -6.1455888e-02  -6.2955785e-03   6.3017334e-02  -7.5852426e-02  -2.0719726e-01  -2.9738561e-01   2.7546575e-02  -3.1468297e-01   1.2664982e-01   2.1906061e-01   2.8125006e-02   5.1168375e-02  -2.0162511e-01   2.6535650e-02  -2.3652451e-01   2.3905848e-02   1.2121309e-01   1.3128324e-01  -1.1347951e-01   1.4611393e-01  -8.7297771e-02   1.1640212e-01  -5.4111228e-02  -2.3072041e-01  -8.5205242e-02   1.2785681e-03   8.1513216e-02   2.6235712e-01  -1.1010719e-01  -9.7735853e-02  -1.7249745e-01  -2.5537051e-01   7.9367052e-02   1.6962658e-01  -6.1782383e-02  -4.4312214e-02   7.3797087e-02   1.2432829e-01   2.2813312e-02   8.7504863e-03   2.9416632e-01  -6.5171120e-02  -4.3090463e-02   7.8757295e-03  -1.2507973e-01   2.0792299e-01  -8.8703120e-02  -7.3833539e-02
  -1.4397542e-01  -1.4026171e-01   7.5238391e-03   3.7479787e-02  -1.8199573e-01  -2.9678271e-01   3.3817402e-01   1.1117008e-01   2.4090551e-01   6.3770180e-02   1.2496688e-01   6.6869728e-02   6.8361194e-02   1.1929154e-01   4.4114625e-02   1.3338124e-01  -9.7694459e-02   5.3035264e-02  -2.4814814e-01  -8.5285016e-02   8.2805567e-02   1.5956117e-01   7.2885703e-02  -3.5198799e-02   2.1978494e-02   2.4291633e-01   2.6348753e-02  -1.2232334e-01  -6.9024538e-02  -3.0149900e-02   3.3151703e-02   3.0892256e-02   8.3195166e-03   5.2108373e-02   2.5501122e-01   2.4379402e-02   1.0702777e-01  -9.4461628e-02   7.3111235e-02   3.8503224e-02  -1.8596085e-01   1.9725689e-01  -1.7993815e-01  -2.1506825e-01   4.2704267e-02  -3.2333819e-01  -2.5736707e-03   1.6720868e-01  -6.5998875e-02
  -1.4454700e-01  -3.5059147e-02  -1.0426493e-01  -1.1010241e-01   9.2514263e-02   5.1804910e-02   1.8442485e-01   2.5184988e-01  -1.5056246e-01   3.5744740e-02   2.9881218e-01  -2.7059764e-01   2.2905931e-02   5.4684617e-02  -8.0872771e-03  -5.8792581e-02  -1.3398643e-01  -1.0732968e-01  -6.6494517e-02  -3.1741699e-01  -1.5180324e-01  -1.5478535e-01  -1.5634582e-01  -6.1107235e-02   1.5696657e-01  -8.4278825e-02  -5.9716770e-02  -1.7881738e-01   1.1868717e-01  -4.2019440e-02   1.4031162e-01  -1.2318609e-01   4.8867076e-02   8.0430083e-02   2.7683351e-02   2.1597277e-01  -1.7931930e-01  -2.3471640e-01   1.4063724e-01  -1.4244735e-01  -2.6661787e-03  -1.5750524e-01   1.1307847e-01   1.6084521e-01  -4.9291923e-02   6.4467680e-02   4.1252545e-02   4.1674320e-03  -2.6365871e-01
  -1.3058785e-01   1.6838896e-01   2.1181740e-01   2.1553205e-03   1.7782023e-01   6.0064761e-02   1.0445809e-02  -2.0363115e-01   5.3859925e-02   2.0114757e-02   3.5935271e-01  -7.0869794e-02  -1.7263885e-01  -1.7951945e-01  -8.0884136e-02  -1.5947148e-01   1.9546978e-01   2.3857176e-02  -1.6285553e-01   1.6188822e-01   1.1168884e-01  -7.9853522e-02  -1.7375163e-01   4.9045182e-02  -5.7352527e-02   6.4172181e-02  -1.3886642e-01  -8.9537041e-03  -3.6418114e-01  -1.5088296e-01   1.3442614e-01  -8.0659976e-02   1.6129960e-01  -5.4482581e-02   5.6339958e-02   1.3040518e-01   1.2966539e-01   7.5822285e-02  -8.2887267e-02   2.7202213e-01  -1.0528633e-01   7.2702595e-02   6.8084890e-02   5.0634066e-02   1.6760848e-01   3.8047174e-02   1.5535772e-01  -2.5314157e-03  -1.4801766e-01
  -1.2634362e-01   1.7635885e-02   1.8969571e-02   1.4245040e-01  -2.2414685e-02  -2.3281138e-01  -4.1783021e-02  -1.0525258e-01   2.8366841e-01   5.3954790e-02  -1.4433014e-01  -8.7263392e-02   8.7741597e-02  -6.8630025e-02   3.0493853e-01  -1.7946925e-01   6.8900416e-02   4.2705537e-02   2.8840018e-01  -1.1254593e-01  -1.8828294e-01   8.0952196e-02  -2.5352087e-01  -4.8312124e-02   1.0672091e-01   4.6104594e-02   1.9026941e-01   2.0699931e-02  -1.7239605e-01  -5.8138993e-02  -1.0813625e-01  -6.8656395e-02   2.0294973e-01  -1.0015839e-02   1.8951546e-01  -4.5573437e-02  -1.4395481e-01   2.0470504e-01   3.2682722e-02  -5.7784162e-02   2.4480767e-01  -6.3342981e-02   2.1262421e-01  -7.9393063e-02  -8.7217454e-02  -9.5791948e-02  -3.0415066e-02  -1.0611010e-01  -2.1142572e-01
  -1.4076201e-01   2.1866158e-01   7.4040752e-03   1.7469097e-01   2.4961922e-02  -2.4263787e-02  -7.6287564e-03   1.1165763e-01   3.3805729e-02   4.8394102e-01  -6.6144935e-02   1.9601077e-02  -1.8560924e-02  -2.0850191e-02   9.9361070e-02  -7.7915770e-03  -4.8516510e-02  -2.1427249e-01  -3.2701269e-02   2.2821715e-01   9.0585370e-02   9.1901942e-02  -3.7238287e-02   1.3782674e-01  -2.2622112e-01   3.5381324e-02   1.9485465e-02   6.9678965e-02  -4.2926824e-02   3.1128450e-02   1.5429505e-01   1.3851370e-01   2.5225515e-02   4.7639283e-01   6.1099522e-02  -8.0269046e-02   7.9024220e-02  -2.0071996e-01   6.3530477e-02  -9.5302033e-02   4.1479596e-02  -1.1442107e-01   3.9392947e-02   1.8427831e-01  -1.7922178e-01   3.7841047e-02   5.3593243e-02  -4.6265220e-02   9.5008231e-02
  -1.4303162e-01  -2.0553554e-01   9.8756723e-02   2.1547224e-01   3.4751055e-02  -1.0107831e-01  -1.0478247e-01   1.0505815e-01  -1.0191204e-01  -2.7397745e-01   9.7814227e-02  -1.5512171e-01  -1.2900671e-01  -7.5048222e-02  -6.6089684e-02   2.4100884e-02  -8.2940179e-02   1.4815511e-01   1.0453146e-01   6.0215710e-02  -6.4138583e-02   4.3272685e-02   1.0172406e-02   3.3317387e-02  -3.0003637e-01  -9.0042432e-02   1.6587593e-01  -4.7053831e-02  -1.2834622e-01   2.0216964e-01   2.5486021e-01   1.1205760e-02   7.5412452e-02  -1.4381281e-01   1.4925565e-01   3.7911438e-02   1.6576633e-01  -8.2019287e-02  -2.3311165e-01  -1.4880870e-01   9.6766974e-02   8.6947920e-03  -1.1247368e-01   1.4676158e-02  -3.4587310e-01   1.3186552e-01  -1.4319893e-01   2.4449813e-01  -1.1182649e-02
  -1.2908139e-01   3.9413889e-02   1.4018069e-01  -1.2682566e-01   2.5900041e-02  -1.1198613e-01   1.5232774e-01   4.9686040e-02  -9.8786774e-02  -7.8865237e-02   1.5798183e-01   1.4026820e-01  -2.2898535e-02   2.1230304e-01   8.4215905e-02  -4.2861200e-03   2.5532532e-02   1.5802780e-01   1.4473402e-01  -1.2733335e-01  -2.2827319e-01   6.4164839e-02   1.1997452e-01   1.3774613e-01  -2.2097746e-01  -2.5939529e-01  -9.1626002e-02   8.0510690e-03  -2.0519444e-01  -2.4487170e-01   2.2587888e-02   3.1194011e-01  -1.0000681e-02   1.0112410e-02  -3.6943908e-01  -8.4525343e-02   5.9860389e-02   3.6278672e-02   2.6680093e-01   7.0211373e-02   1.9042326e-01  -5.7245808e-02   6.3376157e-02  -3.5540955e-02  -3.1236577e-02  -1.6778719e-01   7.1581977e-02   8.6521455e-02   7.4864405e-02
  -1.2286641e-01   2.5766255e-01  -1.1438390e-01  -4.5933838e-02  -9.5618718e-02  -8.9833427e-02   7.7646082e-02   1.9013813e-01  -1.6261006e-01  -6.5871737e-02  -2.4523549e-02  -2.6198179e-04   9.8826877e-02   3.6559500e-01   3.1642062e-02  -1.4302876e-02  -1.1103411e-01   1.6878606e-01   2.1650698e-01   2.1362007e-01   1.1677757e-01  -1.1271140e-01  -1.1121822e-01  -1.2839463e-01  -1.2119339e-01   1.1085317e-01  -2.7019141e-01  -1.8557389e-03  -3.4362153e-02   1.4853488e-01   3.3005021e-02   8.1562288e-02  -6.4722463e-02  -9.5103711e-02   1.3439135e-01   5.6202911e-02  -4.2276520e-03   1.8954230e-01  -2.7317814e-01  -3.7226409e-02  -8.0439660e-02  -2.9556768e-01  -5.0607897e-02  -1.0632912e-01   7.2053943e-02  -4.6251601e-02   2.1457125e-01  -1.8381535e-01  -8.4579305e-02
  -1.4065795e-01   1.1327956e-02   5.1055019e-02   3.0197988e-01   8.8365433e-02  -1.2920319e-01  -1.8375975e-03  -6.9549606e-02  -2.8980936e-01   3.2815023e-02  -1.4477414e-01   3.6687439e-02   4.5654686e-02   1.4514162e-01   1.0331875e-01   4.0289744e-02  -1.0951257e-02  -3.4784337e-01  -1.9621721e-01  -2.4377552e-01  -1.6057639e-02  -3.0282904e-03   2.7435102e-01   1.4366451e-01   1.4956740e-02  -2.5474271e-01  -8.2678102e-03  -1.5849908e-02   4.6745127e-02   5.7764723e-02  -1.0871584e-01  -7.4769635e-02   2.1856700e-01   1.9833509e-02   7.5057498e-02   3.5589768e-02   1.3594649e-01   1.3994001e-01  -1.7273148e-01   2.2665811e-01  -5.3784561e-02  -1.6671388e-01   8.5675550e-02  -2.2854171e-01   1.4067776e-01   1.1837391e-01  -1.4433566e-02   5.3982658e-02  -9.4956376e-02
  -1.2917622e-01  -2.9690643e-02   1.1468231e-01  -1.9169969e-01   9.9718752e-03   9.0127460e-02   1.6579101e-01   9.7831807e-02   3.9613029e-02  -7.8026143e-03  -2.3645365e-01  -1.7062265e-02   2.4724949e-01  -1.1529574e-01   1.7406080e-02   4.9730098e-02   8.6808809e-02   7.0393290e-02   1.6346967e-01  -2.9560224e-02   1.4009747e-01   2.1776784e-01   3.0858535e-01  -1.1627159e-01   5.6109391e-02  -2.4945741e-02   1.3566853e-01   2.5612847e-02  -1.1542643e-01   1.0730102e-01   3.0275785e-01  -3.5551190e-01  -9.7720397e-02   1.0719179e-01  -1.1324442e-01  -6.6292676e-03  -2.5756999e-02   7.8871307e-02  -3.2733461e-02   1.9112044e-01   1.2770595e-01  -7.8593383e-02  -8.5651647e-02   2.0817421e-01   9.2001398e-02   4.5630558e-02   2.4900358e-01   1.6020976e-01  -1.4440039e-01
  -1.4451200e-01  -1.2959829e-01   2.2849295e-02   7.8762091e-02  -2.1390172e-01  -6.1820865e-02   5.3068398e-02  -1.0202814e-01  -6.7217715e-02   1.5801240e-01   4.0876391e-02   1.6004838e-01   1.7556301e-01   1.3032200e-01  -1.6802270e-01  -1.1152303e-01   3.4602406e-01  -6.5269786e-02   1.8593591e-01  -1.9322087e-01   9.6382190e-02  -3.9467254e-02  -3.5444265e-02   2.9615231e-01  -1.0337122e-01   3.0557951e-01  -1.5559332e-01  -1.9490552e-01  -8.0153382e-02   2.1416220e-01   4.6711651e-02  -9.2439613e-02  -8.8392563e-02  -1.5764961e-01  -8.7777890e-02   1.0015018e-01  -6.4311695e-02  -7.6701788e-02   5.9228803e-02   1.0018823e-02   7.9399256e-02  -4.4084691e-03   4.6434163e-02   1.2268377e-01   6.1710430e-02   1.2660299e-01  -3.1435826e-01  -8.4680433e-02   9.5754296e-02
  -1.4139636e-01  -5.2904417e-02  -2.5930771e-01   3.7443782e-02   2.9222211e-02  -8.0324962e-02  -6.1867771e-02  -1.2056680e-01   5.5532601e-02  -1.2765784e-01  -1.5240835e-01   2.2947741e-01  -5.8958362e-02   1.2061464e-02  -4.1887975e-02  -6.2618516e-02  -8.2958246e-02   4.6521417e-01  -2.4406238e-01  -2.2816717e-01   3.5413130e-02   1.7337650e-01  -9.7018374e-02   8.5288479e-02   1.4192282e-02  -1.1477256e-01   4.6266040e-03   1.9671920e-03  -3.5319101e-02  -8.4825189e-02  -4.5386578e-02   7.1060189e-02  -4.9719091e-02   5.9847230e-02   2.3355623e-01  -2.9583022e-02  -4.1386617e-02  -2.4129845e-01  -4.4969934e-02   2.1915552e-01  -3.0071406e-03  -1.8087296e-01   2.3512873e-02   2.6985829e-01   5.2652092e-02   2.1205787e-01   8.4863138e-02  -1.5723902e-01   9.5975582e-02
  -1.3857740e-01  -1.3053406e-01  -1.2394458e-01  -1.1806684e-01  -1.1845767e-01  -3.2343890e-01  -6.3896900e-02   4.7260843e-03   1.7817716e-01  -1.8484492e-02  -1.0306292e-01  -1.2365182e-01  -1.2530759e-01   1.3254391e-01   9.4890052e-02  -4.2010810e-02   4.4254269e-02  -3.7551961e-02  -1.5590692e-01   1.3388771e-01   3.1131967e-02  -1.4605223e-01  -2.5022701e-01   2.2739368e-02  -1.1851955e-01  -2.7191500e-01  -1.5393055e-01   7.6045864e-02  -1.2327546e-02   1.2007820e-01  -4.2931443e-02  -2.0840361e-01   1.7504391e-02   9.5863863e-02  -2.1264451e-01  -1.9816543e-01  -5.4667469e-02   1.2269416e-01   6.3332305e-02  -1.6947723e-01  -8.6398970e-02   6.8802447e-02  -1.4066982e-01   1.4184081e-01   3.0552007e-01   1.7437165e-01  -6.9849425e-02   2.7401501e-01  -2.7366977e-02
  -1.6745820e-01  -2.6349650e-02   2.8346672e-02   1.5899033e-01  -1.3360056e-01   2.5296552e-01   2.5593241e-01   5.1977852e-02  -2.8130928e-02  -1.2425397e-01  -1.7220835e-01  -5.0014313e-02   8.5241601e-02  -1.3613338e-01  -1.0287551e-01   4.4393254e-02  -7.7683380e-02  -4.0593851e-02  -3.1206716e-02   2.1726267e-02  -1.3813573e-01  -2.4929572e-01   2.3768711e-02  -1.4939606e-01  -7.0114691e-02  -1.0269659e-01  -3.3684607e-01   1.5219257e-01  -1.5711958e-01   1.5499688e-01  -1.3286886e-01   1.2810093e-01  -2.2387332e-02   1.1024898e-01   1.3378081e-01  -2.2291300e-01  -1.7006831e-01  -5.1460870e-02  -1.3166009e-02   2.3322669e-01   1.2236500e-01   3.2403727e-01   4.3973921e-02   1.0533381e-01  -7.4861343e-02  -6.2957009e-02  -1.5236332e-01  -7.6097941e-02  -1.4943904e-01
  -1.4362239e-01   2.0794402e-01  -4.6428638e-03  -2.5138400e-01  -7.2073596e-02  -6.4392320e-03   4.9521832e-02   2.0807285e-01  -1.8937145e-01   1.1386375e-01  -6.7062477e-02   2.4794733e-01   8.1173469e-02  -1.8288924e-01   2.8653946e-01   4.6806459e-02  -1.1790320e-01   2.0556273e-02  -2.6052406e-01  -5.1463799e-02  -9.9803926e-02   1.2338226e-01  -2.2648102e-01  -3.0356197e-02  -1.1001452e-03   6.6102754e-02  -2.2658515e-02  -1.0352922e-02   4.9430488e-02   3.3150544e-02   1.5896686e-01  -4.8426385e-02   5.7959779e-02  -2.1972026e-01  -9.6668980e-02   5.7681890e-02   4.7548614e-02   1.0894083e-01  -1.3767937e-01  -2.9662849e-02   1.3513597e-01   3.6111817e-01   1.5953636e-01  -1.2868624e-01  -7.0575190e-02   2.4959082e-01  -3.2430774e-02  -1.8727648e-02   1.6362528e-01
  -1.4477929e-01  -1.4596972e-01  -1.4117200e-01  -5.5305889e-02   2.4949803e-02   1.0407704e-02  -3.2173097e-02   1.5314134e-01   5.4175170e-02  -1.0491932e-01   1.1983864e-01  -6.3678947e-02   2.0960290e-01   2.5036940e-03  -2.3756929e-01   2.1668263e-01   2.2601599e-01   1.1810970e-02  -1.0500956e-01   2.5629537e-01   1.7799186e-02   4.8864386e-02  -4.0804925e-02  -3.3336117e-02  -1.3597538e-01  -3.3106471e-02  -4.2413707e-02   1.8377442e-01   1.7789650e-01  -1.8591013e-01   8.2139488e-02  -1.9474157e-01   1.6426230e-01   4.3986852e-02   1.6502030e-01  -1.7197839e-02  -1.6298551e-01   6.9865827e-02   1.3658247e-01   1.3560091e-01   1.2230800e-01  -1.9375301e-01   3.2169720e-01  -2.3417492e-01  -3.4626331e-02  -3.8534496e-02  -9.9274279e-02   4.2001767e-02   2.8340344e-01
  -1.5591922e-01   1.8598949e-01  -1.1182387e-01  -3.6145252e-02   1.4423244e-01   4.7996657e-02  -1.9073894e-01  -2.0633234e-01  -1.8491273e-01   3.5021953e-02  -5.1942131e-02   2.4250739e-02   2.7770955e-01   1.0977160e-01  -2.3859908e-01  -2.3462983e-01  -1.0420175e-01   1.1410492e-01  -1.2241033e-01  -1.3781747e-01  -3.7988963e-02   7.6285694e-02  -4.2126314e-03  -2.5545114e-01   1.0125956e-01   1.2921629e-01  -8.0271872e-02   1.5647420e-01  -9.5007422e-02   1.4571056e-02   5.5835298e-03  -9.3855655e-02   2.7288172e-01   9.3663936e-02  -1.2014808e-01  -3.7911603e-02   1.5165152e-01   9.9742979e-02   4.5351905e-02  -1.6884584e-01  -9.6276104e-02   2.1500775e-03  -1.1104753e-01   1.1768209e-01  -1.4516863e-01  -2.6664226e-01  -2.2397024e-01   1.8352442e-01   7.0179073e-02
  -1.2711569e-01  -2.3016308e-01  -2.0092250e-01  -5.1183997e-02   2.3392830e-01  -1.9611169e-01   1.6766255e-01  -3.1011688e-02   1.9624471e-02  -6.0526762e-03   8.9244100e-02   1.3130215e-01  -2.0453640e-01   6.4673496e-02  -4.2909805e-02  -2.1024609e-01  -3.1770986e-02  -2.4969229e-01   2.0023357e-01   1.4769520e-01  -2.8839968e-02   1.5544363e-01   1.2735388e-01  -2.6758247e-02   2.4898745e-01  -9.5014804e-03  -1.3873287e-01   3.8124421e-01   8.5257958e-02   7.3808375e-02   6.7433936e-02   8.9646260e-02   1.1372609e-01  -8.8929742e-02   4.0886483e-02   2.1945970e-01  -9.4711727e-03  -8.7868507e-02  -1.0199663e-01  -1.2636751e-02   2.1664325e-01   1.7367491e-01  -1.1215377e-01   9.6485498e-02   6.8241730e-02  -1.5366838e-02   8.0044874e-02  -1.0578567e-01   1.3503836e-01
  -1.4536555e-01   2.2945734e-01  -1.7377411e-01  -3.5251397e-01   3.6205237e-02   1.1471446e-01  -1.2331494e-01   1.4848259e-01   1.3729331e-01  -1.5846421e-01  -7.2249500e-02   5.3655653e-02  -3.0811232e-01   1.2445922e-01  -4.8793203e-02   8.0807855e-03   5.1885676e-02  -1.7658335e-01   1.0649621e-01  -1.0901795e-01   1.6919788e-02  -4.8512065e-02   1.4360138e-01   1.0452609e-01  -2.2095909e-01   7.9349115e-02   1.5224811e-01  -1.9638181e-01   8.9534392e-02   2.5477565e-02  -1.8673733e-01  -6.4898739e-02   9.7118211e-02   3.0342676e-02   1.9110460e-01  -1.6557003e-02   1.3883242e-01   1.2789673e-02  -1.3203261e-01   5.3578281e-02   6.8133415e-02   1.4506782e-01   2.2105577e-01   2.3297757e-01   7.0518246e-02  -2.5214933e-01  -7.1060324e-02   9.7334114e-02  -2.0171166e-02
  -1.5080343e-01  -7.1013911e-02   8.2824456e-02  -2.9346423e-02   1.4313574e-01   1.6553967e-01   2.0042621e-01  -1.8991746e-01  -1.6758118e-02  -7.5513507e-02  -1.3831150e-02  -1.3915030e-01  -1.5017496e-01   4.5251943e-02  -3.3348157e-02  -1.8020789e-01  -6.1008048e-02   2.8392931e-05  -2.6352719e-01  -1.4607252e-01   3.1491151e-02  -4.5513254e-02  -8.1195844e-02   2.4684220e-01  -5.8172026e-02   2.7234070e-01   9.7362478e-02   1.5306293e-01   1.5501128e-01   2.9279643e-03   1.1279712e-01  -3.8663262e-02  -2.6107731e-01   6.6790990e-02  -7.9801688e-02  -3.3476355e-01  -8.7579116e-02   9.1617290e-02  -2.2313934e-01  -1.6753317e-01   2.6958970e-01  -1.2874622e-01  -8.4035058e-03  -2.0292597e-01   3.7908393e-02  -1.3610770e-01   8.2195847e-02  -2.3871242e-02   7.6453597e-03
  -1.3412752e-01  -2.1128471e-01  -3.1702508e-02   1.0623814e-01   9.8310488e-02   2.8498470e-01  -5.6257270e-02   8.8937519e-02  -6.6786913e-03  -2.6176018e-02  -6.4108235e-02   1.9726963e-01  -1.2920209e-01  -1.7069414e-02   2.1956905e-01  -8.2153941e-02  -1.6330053e-01   7.5386220e-02   1.9323348e-02   1.8089748e-01   1.8339199e-01   9.4118324e-02  -8.4017275e-03   1.0610904e-01   1.6628030e-02  -1.9851087e-01  -1.3406798e-01  -1.9253013e-01  -1.6040124e-01   5.5059772e-02  -2.4457079e-02  -3.8616721e-01   7.8496096e-02  -5.4000407e-02  -1.6525309e-01  -5.3373314e-04  -1.2782329e-03  -1.9612788e-01   6.7684367e-02  -1.3272967e-01  -8.1264343e-02  -2.8918059e-02   4.8149359e-02  -1.8153315e-01  -1.4492028e-03  -3.1934180e-01  -8.7603884e-02  -2.5590091e-01  -6.2148825e-03
  -1.5322416e-01   2.0779095e-01   6.8945015e-02   1.0308475e-01   2.8447958e-01   4.2138748e-02   4.2801899e-02  -5.1606886e-02  -4.8360333e-02  -6.3587800e-02  -2.4779563e-01   2.8069903e-02  -9.1734148e-02   2.1807015e-02   1.4022685e-01  -8.0085175e-02   4.7488128e-02  -2.6241757e-02   6.2830274e-02   1.3422907e-01  -4.8493273e-02  -3.4259746e-02  -2.3862638e-01  -9.2443831e-02  -5.3938797e-02   9.9044484e-03   5.2775057e-02  -1.3154476e-01   2.9759244e-01  -3.1598515e-02   1.3199481e-01   3.5570206e-02  -1.9689117e-01  -9.6624422e-02   7.4037992e-02   1.8994495e-01  -7.6323156e-02  -5.6015466e-02   2.8351871e-01   3.2007520e-01   4.0998383e-02  -5.7254237e-02  -3.1691252e-01  -7.0916905e-02   6.4211072e-02  -9.0512887e-02  -2.5170263e-01   1.8520487e-01   1.0433647e-02
  -1.2166174e-01   6.5994008e-02   7.6328347e-02  -9.4785216e-02  -8.6761615e-02   2.4995013e-01   1.0362851e-01   4.3064100e-02   1.7049208e-03   2.7218616e-01   6.0419131e-03  -1.6046444e-01   8.7078479e-02   1.1896503e-02  -6.1528747e-02  -1.8072123e-01   1.8709562e-01   2.1903526e-01   1.5124159e-01   6.7671530e-02  -6.1119597e-02   1.1542852e-01   5.5741689e-02   1.2857228e-01   5.9202827e-02  -2.0421056e-01   2.8636887e-02  -1.3895654e-01   1.8234802e-01  -1.3620497e-01  -1.3913430e-01   1.1026043e-01   3.4215565e-01  -7.9951619e-02   1.1249469e-01  -1.6000410e-01  -1.3192910e-01  -1.9593595e-01  -2.4817919e-01  -8.6567005e-02  -1.7278298e-02   8.5685288e-02  -2.7588325e-01  -1.5048744e-01   1.5130451e-01   9.0786290e-02   1.4994127e-02   1.2414691e-01   6.1918797e-02
