  -1.3546152e-01   1.5674286e-01   2.6171631e-01   2.5951662e-01  -1.0273299e-01   2.0455966e-01   1.2917438e-02  -1.3680437e-01  -1.2056307e-01   1.6160968e-01   6.0133560e-02   6.2832540e-02   2.7010865e-01  -4.9940371e-02   7.9060818e-02   3.2043769e-02  -2.7012114e-02  -1.6191851e-01  -1.1487131e-04   1.4008609e-01   8.8775178e-02   3.7389356e-02   3.1461285e-02  -1.0768571e-01  -3.8797334e-02  -2.5076499e-02  -3.1565148e-01   1.6219151e-01  -4.3583297e-02   1.8425129e-01  -7.2382115e-02  -1.4214308e-01   1.1031704e-01   8.2444024e-03   1.2975220e-01   2.7729247e-03  -2.7566458e-02  -9.3502895e-02  -2.2312302e-01   1.2917976e-01   4.0416900e-02   7.6382379e-02  -2.6627751e-01   1.2032461e-01  -2.8713463e-01   5.2473806e-03  -5.9571759e-04  -2.0111451e-01   2.0094553e-01
  -1.4679809e-01  -5.7680598e-02  -1.2808858e-01   2.8430205e-01   7.3422017e-02  -5.2278913e-02   9.7824342e-02   6.0070127e-02  -7.5154484e-03  -2.5912524e-02   1.6705169e-03   6.0712689e-02  -1.2075433e-01   2.4076158e-01  -3.7265539e-01   9.0631042e-02   1.0799034e-01  -1.8488583e-01  -1.3427035e-01   1.4505647e-01   1.0106936e-01  -2.2652820e-01   1.1288649e-01  -1.0129509e-01  -1.7117470e-01  -9.5838894e-02  -5.3530084e-02  -2.1184058e-01   8.6863822e-02   3.8567499e-02  -7.8833626e-03   1.3764495e-01   2.9878751e-02   2.9253702e-01   2.8268857e-02   2.3556273e-01  -1.5199421e-01  -7.5348942e-02  -8.7885334e-02   2.7220369e-02   1.9002007e-01   1.5670116e-03   5.1147136e-02  -1.3248750e-01   1.7960606e-01   1.0420124e-01   1.6573057e-01   2.8953148e-02   2.0276767e-01
  -1.2953230e-01  -8.1245642e-02   1.4436156e-01  -2.0999078e-01  -1.0490966e-01   1.0547483e-01   8.2512562e-02  -1.0654757e-01  -1.3332867e-01  -4.2945940e-02   5.0954698e-02  -1.8683233e-01  -2.6287540e-02   4.4385332e-01   1.2889510e-01   1.2533129e-01  -8.7418904e-02   1.0817276e-01  -5.2511678e-02   1.1861723e-01  -1.9844588e-01   7.2005307e-02   2.8021470e-01  -1.3814530e-01   4.8679843e-02   1.7489237e-01   3.6411106e-02   7.5512676e-02  -9.8944038e-02  -1.2408953e-02   1.2753893e-01   1.2986217e-02  -2.2945837e-01   1.2497951e-01   1.7572050e-01   1.8848858e-01  -9.5543746e-02  -4.9313419e-02  -1.5352897e-01   5.8923552e-03  -1.9907237e-01  -2.3500666e-01   4.5676067e-02  -1.1126344e-01  -7.8309440e-02   9.5826305e-02   3.5489787e-02  -5.3581848e-02  -2.0231970e-01
  -1.5760118e-01  -6.7173333e-03  -7.7498131e-02   2.0248190e-01  -1.2927603e-01  -1.6984579e-01   9.4031874e-02   3.1597408e-01  -1.4181848e-02  -5.8792437e-02  -3.4079008e-02  -1.8111246e-01  -1.2119696e-01  -4.8300061e-02   3.1454266e-02   3.8086913e-02   7.5004543e-02  -9.5377729e-02   6.6583750e-02  -1.3035134e-01   4.5504900e-02   1.1591714e-02  -1.9743998e-02  -2.1413675e-01   2.0032494e-01   1.0293212e-01  -2.3830467e-01  -9.8035599e-02   2.0022300e-01  -2.9660654e-02  -1.0062758e-02  -4.1150654e-02   3.0055927e-02  -1.9561309e-01   4.1831979e-03   1.4778803e-01   2.5309559e-01   6.6451903e-02   3.2431762e-02   1.4278903e-01  -9.3672106e-02   1.5094705e-01   2.2859858e-01   1.7142922e-02  -1.6459689e-01   2.7051664e-01   6.6451038e-02  -2.4999067e-01  -2.6470501e-01
  -1.7066169e-01   1.4911455e-02  -3.5861137e-02  -1.2634732e-02  -9.0238575e-02   8.4033008e-02  -1.2279182e-01  -2.2496800e-01   4.5459446e-02  -1.1041436e-02  -1.9813342e-01   1.8574792e-01  -2.4848232e-04  -1.0043405e-01  -1.0933232e-01   4.0766952e-01   3.5709947e-02  -8.6702534e-02  -1.6057099e-01  -1.0652580e-01  -2.1485544e-01  -1.3861785e-01  -1.6127013e-02  -7.0361265e-03  -1.4768498e-01   8.6174971e-02  -4.4943003e-02   2.2933482e-01  -2.1564624e-02  -2.0725312e-01  -2.0552435e-01  -1.9166311e-02  -9.3558758e-02  -4.8645158e-02  -8.9104738e-02  -6.0669022e-02   5.9944432e-02   1.4767565e-01   3.1523910e-01  -4.0117413e-02  -1.3894352e-01  -2.4914063e-02   1.9754084e-02  -1.4820270e-01  -1.0106535e-01  -3.0820232e-02   3.4684605e-01  -1.3372647e-01   4.3435178e-02
  -1.1751833e-01   6.1962576e-02   1.5205884e-01  -1.7255213e-02   6.8731757e-02  -2.4521854e-01  -4.7815339e-02  -9.5031560e-02  -1.8797271e-01  -2.7613145e-01   1.2350667e-01   2.4099593e-01   1.3811401e-02  -3.4882807e-02  -2.1323166e-01   4.1258879e-02   2.7739258e-01  -3.3580704e-02   2.8574551e-01   1.4690364e-01  -9.8851121e-02   1.7321478e-02   2.0630963e-02   1.8843242e-01   6.7043679e-02  -9.7813198e-02   2.8590798e-02  -1.4456050e-01   2.0670858e-01  -6.9399061e-02  -7.4498225e-03  -1.3781147e-01  -1.4703859e-01   1.7732732e-01   1.6943665e-01  -1.8574572e-01   1.0828311e-01  -1.0382665e-01   9.3737277e-02   3.6645056e-02  -2.7411425e-01  -1.0874613e-02  -2.1820831e-01   3.2023051e-02  -4.5147672e-03   1.3000469e-01  -1.4549170e-01  -2.7173354e-02  -8.9160808e-02
  -1.4599029e-01  -7.0738898e-02  -9.0073870e-02  -4.4396856e-02   1.0451798e-01  -6.1984665e-02   1.5049373e-01   9.9620831e-02   1.6607875e-01   3.6290974e-01   5.1069536e-02  -1.7804132e-01  -2.5740325e-02  -6.0364241e-02   1.4484064e-01   1.9283290e-01   1.6017291e-01   3.8220214e-02   2.1998680e-01   3.9415689e-02  -1.0142967e-01  -2.0669955e-01   1.9368831e-01   9.3885001e-02  -2.9249786e-02  -1.1045335e-01   5.9521278e-03  -1.3039108e-01   9.2331014e-02  -1.2977494e-01   2.3669578e-01   2.3287055e-03  -3.3648527e-02   1.2768585e-01  -1.8582503e-02  -3.6361094e-02  -6.1032335e-02   5.6314330e-02   5.8745893e-02   1.0956255e-02  -5.0452266e-02  -2.1492219e-02   2.9897513e-02   1.9919265e-01  -1.1998406e-01  -4.2593775e-01  -6.6573798e-02  -2.8739003e-01   1.2770213e-01
  -1.3283513e-01  -1.2951629e-02   2.0793833e-01  -7.9010224e-03  -2.2692876e-01  -1.1161348e-01   8.7012860e-02  -1.0076723e-01  -2.9591442e-01   1.7046598e-01  -2.9387321e-02   2.1187798e-02  -2.4701726e-01  -1.8615776e-02  -1.0060330e-01  -1.6171206e-01   8.9363237e-02   3.6681982e-01   1.7896149e-01   7.3656668e-02   1.9337823e-01  -9.8601023e-02  -1.4917092e-01  -3.8370100e-02  -1.2878314e-01   2.6774666e-02   1.6374639e-01  -3.8787560e-03  -3.0999481e-02   3.3678283e-02  -1.2416600e-01   2.8715474e-02  -3.2677146e-02  -1.3181934e-01  -1.6303613e-01  -5.2807327e-02  -3.4880505e-01   1.1464451e-01   7.0743955e-02   3.1139897e-01   5.7941076e-02   2.0069203e-02   8.2155093e-02  -1.1019964e-01  -1.1551495e-01  -2.5446211e-02   4.8417980e-02  -6.3561021e-02  -2.6573305e-02
  -1.3538765e-01  -1.5815482e-03  -9.5974922e-02   1.2254870e-02  -6.5809245e-02   3.0715410e-02  -2.1863827e-01   1.5783627e-01  -9.2276592e-02   1.1643175e-02   1.9765538e-01   1.4905106e-02  -1.6201920e-01  -1.4866882e-01   1.1768028e-01   7.1079709e-02  -2.9675579e-02   7.1647263e-02   3.0576646e-01  -1.4179088e-02   5.6233228e-02  -7.2905398e-02   1.1894707e-01  -1.8355677e-01   3.8326582e-02  -1.8941974e-01  -2.3668741e-02   6.1978894e-03  -5.0259449e-01  -1.9330439e-01   2.8037869e-02   1.4194663e-01   8.8640657e-02   2.1780280e-01  -1.1249063e-01  -1.0875035e-01   1.8526967e-01  -6.8782392e-02  -1.0523207e-01  -1.6803079e-02   5.4327217e-04   3.6854873e-03  -1.1380450e-01  -5.3890611e-03  -8.2656526e-02   1.3867276e-01   2.3118414e-01   2.2667942e-01  -1.3099828e-02
  -1.5027516e-01  -2.1238695e-02   1.0184270e-01  -1.1727915e-02  -1.4593855e-02  -7.3856034e-02  -6.4941178e-02   2.6339418e-01  -2.7102529e-02  -5.0060601e-02   1.3965865e-01   9.6209846e-02   6.1562537e-02   1.3151295e-01  -1.1584077e-01   9.1465860e-02  -2.3265966e-01  -2.4267137e-01  -2.0237909e-02   6.2588416e-02   2.7032598e-02   1.2179349e-01   5.7252538e-02  -2.1440189e-02   8.1394642e-02   1.6867903e-01   3.0721352e-01  -2.6940758e-02  -2.5332254e-01  -5.0596728e-02  -1.8168389e-01   1.5133466e-01   2.0115161e-01  -1.6324948e-01  -1.1427104e-01  -3.9635719e-02  -3.9286188e-02  -1.8081240e-01   1.4494970e-01   1.1557242e-01  -2.2282253e-01  -2.2643041e-02   1.0349567e-01   7.7791994e-02   1.1572936e-01  -7.7509070e-02  -2.3807247e-01  -2.5868583e-01   2.5015727e-01
  -1.4626738e-01   2.6996091e-01  -4.7008992e-04  -2.3774037e-01   4.4716803e-02  -9.3089834e-02  -1.5888715e-02   1.0871395e-01  -4.5644805e-02  -8.2993516e-02  -1.6677752e-01  -1.2973870e-01  -5.3856378e-03  -7.0456488e-02   3.9605502e-02   1.5400825e-01  -6.7426407e-02  -4.1518503e-02   1.8432838e-01   2.3900983e-01  -1.3587313e-01   3.8502434e-02  -1.6630475e-01   1.7331388e-01   2.0841042e-01  -1.9840674e-01  -1.5713568e-01   1.6832099e-01  -1.2310986e-01   1.5779786e-01  -8.6194572e-02  -8.6455492e-03  -2.8135229e-02   8.4951279e-02  -7.5159531e-03   1.7683462e-01   1.7201203e-02  -3.0891065e-02   3.1228546e-02   1.0543852e-02   3.1901539e-01   5.0342043e-02   9.6641997e-02  -4.1079632e-01   1.1547629e-01  -9.2196782e-02  -1.4181750e-01  -1.3429190e-01   1.1119148e-02
  -1.6551270e-01   1.5136599e-02   4.7542400e-02  -2.4534632e-01  -1.8106806e-01   1.5936001e-01  -2.5558018e-01  -1.3721870e-01   6.2568655e-02  -4.0998811e-02  -2.7378792e-02  -1.1621197e-01   1.4382880e-01  -6.9522134e-02  -9.6750163e-02  -3.1101005e-02  -4.1253787e-02  -9.5478838e-02   1.5270738e-01  -4.2419876e-02  -2.3052869e-02  -6.3144808e-02   2.3979005e-01  -1.3780010e-01  -7.5434179e-02   2.4799734e-01  -1.8872066e-01  -3.2276474e-01   2.5450438e-01  -4.7120883e-02  -7.6755704e-02   2.6983626e-01   2.1444071e-01  -2.7526674e-02  -6.2731270e-03  -1.2401695e-01   2.2003527e-02   1.1200981e-01   1.0539741e-02   9.8665541e-02   1.5118434e-01   1.0292105e-04  -4.0920809e-02  -1.6514100e-01  -1.1153601e-02  -1.1009168e-01  -2.2506951e-01   1.9617178e-01  -6.3565717e-02
  -1.3283932e-01  -5.2015592e-02  -4.1725715e-02   1.0427426e-01  -1.9913967e-01  -2.3124339e-01  -1.1287900e-01   3.0548228e-01   1.7626672e-01  -2.8115016e-02  -3.0411352e-02  -1.5281336e-01   1.7502630e-01   6.1530219e-02   4.7943244e-02  -7.6435135e-02   2.7101286e-01   2.1265863e-01  -2.8215862e-01   2.2924503e-01  -2.3020675e-01   1.5642567e-01   1.8491223e-02   1.8312382e-01  -2.4145182e-01   6.9858998e-02  -1.1472751e-01   1.2925109e-01  -1.2401595e-01  -3.5284690e-03  -3.6726734e-02   4.1111774e-02   1.5850798e-01   5.2743931e-02  -7.7250218e-03  -3.0677296e-02  -7.7886819e-02   8.7511070e-02   1.3618285e-02   1.4461914e-01  -1.0087352e-01   1.7084464e-01  -2.1180459e-01   2.8139621e-02   1.1031198e-01  -5.1560039e-02   1.5128885e-02   1.3437457e-01  -1.1672865e-01
  -1.5261106e-01  -3.6206455e-02   9.7842361e-02   6.2547760e-02   2.2685633e-01   1.1696215e-01  -1.7538096e-01   4.6373371e-02  -2.0208115e-02  -2.7687843e-01   1.1337223e-01  -3.0313623e-01  -2.2680478e-01  -1.3095572e-01  -1.1248777e-01  -1.3707800e-01  -2.9668587e-01  -2.7118953e-02  -4.0384569e-03   1.1564813e-01  -3.5280772e-02   1.0198251e-01   1.7704823e-03  -8.1271512e-02   2.5882861e-02  -1.5283126e-02  -1.0550688e-01   9.0084456e-02   1.3561053e-01   1.5336425e-01  -4.7370669e-02  -1.5416403e-01  -2.0610369e-02   1.9174065e-01  -3.2321999e-02  -2.3940831e-01  -1.8097101e-01   2.9191212e-01  -2.8816108e-02  -3.7734827e-02  -1.5616902e-01   4.1767838e-02   1.1653273e-01   1.5006881e-01   1.2178960e-01  -1.7009268e-01   2.1680378e-01  -5.9493404e-02   3.5058547e-02
  -1.3254314e-01  -3.1301981e-01  -1.3629198e-01   7.9063789e-02   7.8009087e-02   1.5714978e-01   1.2237996e-01   5.8030048e-02  -9.0332925e-02   1.1881961e-01  -2.5285430e-02   1.5918348e-01   2.7277682e-01   6.7253991e-02   7.0940698e-02  -1.1822005e-01  -6.3541149e-02  -3.1569143e-01   5.6472811e-02   2.4390894e-01  -5.6649875e-03   2.8397911e-02  -1.1703490e-01  -1.1844200e-01  -1.5086001e-01  -1.6150585e-01   2.5829236e-02  -1.9010313e-01  -1.8230308e-01   3.2207714e-02  -7.1435549e-02  -1.7960725e-01  -2.3680735e-01  -7.1455670e-02  -5.1461213e-02  -1.4266628e-01   2.5630964e-02   1.4384124e-01   9.0052855e-02   3.9626657e-02   9.3517690e-03   4.4848993e-02   9.6433201e-02  -1.3152133e-01   3.0672275e-04  -1.4217868e-01  -5.3739219e-02   9.3085764e-02  -3.6932378e-01
  -1.4827957e-01   2.6549332e-02  -3.4392086e-01  -2.9619454e-02   9.2972930e-02   2.0813433e-02   9.2637937e-02  -6.7938555e-02  -6.9956680e-02  -2.3691336e-03   2.6900384e-01  -9.3956319e-02   8.5690773e-02  -2.2976789e-01   6.3411038e-02   3.3523541e-01  -3.8611539e-02  -1.8458598e-02   1.9850913e-02   7.0544095e-02   1.7653129e-01  -8.6375804e-02  -3.1200142e-01   3.3445175e-02  -3.3816796e-02   2.6315161e-01  -7.3456632e-02   5.9326355e-02   3.2360790e-02  -2.5070828e-02   7.4035971e-02   9.3207574e-02   5.1737768e-02  -6.3070434e-02   2.9170662e-02   4.0749992e-03  -4.1682629e-01  -9.1296386e-02  -7.3247298e-02  -1.3879849e-01  -1.2067529e-01  -1.7351071e-02  -1.2082387e-01   2.3374050e-02   9.7142164e-02   1.7443769e-01  -1.0821458e-01   3.4972504e-02  -1.9173882e-01
  -1.5145365e-01   1.7223860e-01  -1.7192420e-01  -3.7447099e-02  -1.4824467e-01  -1.1505972e-01  -1.6786748e-01  -2.1372381e-01   1.1193811e-01   6.0001581e-02   7.2047999e-02   7.1768128e-02   3.3256732e-02  -5.1752316e-02   3.4674242e-02  -2.4454065e-01  -1.1636084e-01  -1.6320916e-01  -3.3430350e-02   3.8854105e-03  -6.2053922e-02  -6.1905480e-02   2.3604608e-01  -6.2096266e-02   8.3070246e-02  -2.6363676e-01  -4.5784519e-03   2.4078753e-01   3.7139354e-02  -1.0824185e-01  -1.4180609e-04   6.0106160e-02  -2.3301886e-01   9.7918556e-03  -2.4214829e-02   2.1496088e-01  -2.4234119e-01   3.8402731e-03   2.1360538e-01   1.4107086e-01   7.0564363e-02   1.1771737e-01   1.0358129e-01   3.5479471e-01   7.5020917e-02   1.7938149e-01  -1.6555777e-01   5.8631499e-02  -8.2863451e-02
  -1.2404018e-01  -2.7323643e-02  -1.2916261e-01   4.7292591e-03   1.3797534e-01  -1.4806422e-01   1.7721064e-02   4.9734816e-02  -2.4669647e-01  -1.6900874e-01   7.7419617e-02   1.2441442e-01   4.5027456e-02  -2.3826727e-01  -5.2655867e-02  -1.4852979e-01  -3.2644771e-02   5.1241944e-02  -1.2246956e-01   7.0830681e-03   7.8004259e-02   3.0513954e-01   2.0073056e-01   4.4711043e-02  -5.5038173e-02   1.1567694e-01   4.7728428e-02  -3.8286960e-02  -8.8846905e-02  -1.6495530e-01   1.5074858e-01   1.9184560e-01  -1.1053398e-01  -1.6517742e-01   3.8690487e-01   1.2858008e-01  -4.0555298e-02   1.0626348e-01   6.4256405e-02  -1.3523316e-01   2.6084602e-01   4.7960644e-02  -2.8168914e-02  -6.9689938e-02  -2.4699608e-01  -1.9686735e-01   1.4605973e-01  -1.0486173e-01   6.8581367e-02
  -1.3255047e-01  -1.9972347e-01   1.5706577e-02  -3.2382175e-02  -1.2291173e-01   9.3253434e-02  -6.7695437e-02   2.5573640e-03   1.0396755e-01  -1.2388250e-02   3.7212638e-01   1.3646713e-01   1.1865844e-01   1.1524097e-01   1.2133924e-01   3.0083994e-02   6.1447208e-02  -5.9438091e-02   3.9753733e-02  -7.3314926e-02   5.6152935e-02   2.0054023e-01  -2.6499667e-01   7.3695586e-02   1.3986077e-01  -1.9114998e-01   1.3156193e-01   1.7017193e-01   2.8656446e-01   1.8004765e-02   1.6902779e-01   3.6520834e-02   2.8771766e-01   1.2777399e-01   8.6047203e-02   1.3325919e-01   2.8176027e-02   1.2243685e-01   1.4816605e-01   2.3284644e-01   5.4876304e-02  -2.2746765e-01   1.1488549e-01  -1.1581138e-01  -7.9130708e-02  -4.6716866e-02   1.8292367e-01   1.0678429e-01   5.3864880e-02
  -1.3495007e-01  -9.6859863e-03   2.7828021e-01  -1.6184852e-01  -2.3145698e-02   1.3834891e-01   2.4701539e-02   1.9913614e-01   1.8812412e-01  -1.1841350e-01  -1.2919689e-01   8.0875126e-02  -2.1932764e-01   1.8987754e-02   2.2034668e-01  -3.8565846e-04   2.8340292e-01  -2.1628877e-01  -7.0585468e-02   6.1351638e-02   3.3576497e-01   2.2154436e-02  -3.6311327e-02   1.0410588e-01  -7.4341792e-02   1.2079628e-01  -1.2622487e-01   4.0453133e-02  -8.3195255e-02  -1.4535796e-01  -2.8194769e-02   1.5107790e-02  -1.4301310e-01   2.8336915e-02   7.5880446e-02  -1.7836109e-01  -6.7765635e-02   6.0882506e-02   6.4052826e-02  -4.6346731e-02   2.7405703e-01  -2.9313636e-01   2.1039452e-02   2.2011284e-01   1.0428801e-01   1.4303460e-01  -2.9538092e-02  -6.6306970e-02  -2.3576469e-02
  -1.2652318e-01  -3.9850493e-02  -1.4355233e-01   2.1747328e-01   8.5187942e-02   1.9676659e-01   2.4843238e-01  -1.1525072e-01   1.9192473e-01  -2.1068887e-02  -3.0808299e-02   1.1189585e-02   1.7919468e-01  -1.9097139e-01  -1.9179699e-01  -3.9686829e-02  -6.9068879e-02   3.2132823e-01   6.1952591e-02  -1.2987346e-02   7.9873501e-02   1.0503477e-01   1.8414454e-01   2.2416089e-01  -2.0868573e-02   5.6255708e-03  -4.9279840e-02   1.6204914e-01  -6.7886683e-02  -1.0132986e-01  -1.2092809e-01   1.0166128e-01  -4.1941502e-02   9.7252011e-02   4.4493660e-02  -1.6238399e-01   1.8326684e-01  -1.5393729e-02  -1.6831600e-01   2.3687045e-01  -2.5754480e-02  -2.2715455e-01   3.0390483e-01  -6.0936229e-02   9.8888685e-02   1.3935629e-01  -1.5296986e-01  -8.0688607e-02  -1.9282411e-02
  -1.4461407e-01  -1.3484626e-02   1.6849466e-01  -2.3845183e-02  -1.4427012e-01  -1.9228799e-01  -1.4947606e-01  -8.6124169e-02   1.8276143e-01   8.1004831e-02   1.9536759e-01  -7.3202100e-02  -6.9644694e-02  -1.0232261e-01  -1.3300237e-01   5.9007769e-02  -1.6314295e-01   1.3898601e-01  -3.1656801e-01   2.4640661e-02   2.7063302e-01  -1.6933636e-01   1.1219613e-02   8.5400641e-03  -3.5634409e-02  -3.3663143e-01  -1.4300192e-01  -1.4891182e-01  -7.9303991e-02   1.6715293e-01   5.5403950e-02  -2.7776962e-02  -4.6519878e-02  -2.5627468e-01   1.5238436e-01  -3.7074382e-03   1.5505110e-01  -1.3572396e-01   5.5127566e-02  -1.4097438e-01  -1.3551574e-01  -2.4084627e-01  -3.2529049e-02  -1.1306973e-01   7.5447218e-02  -1.3555221e-01  -2.7272001e-02  -4.1867504e-02  -1.5820982e-01
  -1.3782718e-01  -1.7013758e-01   7.3823805e-02  -1.0601592e-01  -1.1964191e-01   1.5170573e-01  -3.0304168e-02  -7.3325198e-02   1.3430392e-01  -1.3026504e-01   6.7806500e-03  -3.4654560e-01   1.1300511e-01  -2.5776053e-02  -1.6885220e-01  -1.7932081e-01   2.3902500e-02  -7.2525597e-02   1.2584314e-01   1.0642162e-01  -4.5035272e-02  -1.3017000e-01  -9.1112430e-02   1.3972452e-01  -1.9121312e-01  -2.6661370e-02   1.5199522e-01   2.5037495e-02  -5.9929271e-02  -2.1781592e-01   2.8540552e-01  -2.7757536e-01   4.3274545e-02  -2.0612911e-01   2.9567289e-02  -3.5881216e-03   1.2336068e-02  -2.0525966e-01   1.6761101e-02  -1.4260560e-01   5.9606560e-02   2.0283141e-01   1.1361700e-01  -8.9735511e-02  -1.0442340e-01   2.6629868e-01   6.0500677e-02  -3.4793193e-02   2.2730679e-01
  -1.5236035e-01   2.6371862e-01  -1.7960093e-02   5.2114624e-02   6.9775145e-02   4.9619348e-02  -1.3894855e-01   2.1013109e-01  -2.2362085e-01  -9.9859064e-02  -2.1622872e-01   8.0874080e-02   1.7669504e-01   1.6824979e-01   2.3450500e-02   1.1213319e-01  -1.6478018e-01   1.5924683e-01  -5.8723500e-02  -1.9915677e-02   5.9341583e-02  -2.7763694e-01  -1.6843039e-01   8.8096904e-02  -1.2629218e-01   5.2971229e-02  -2.2467552e-02  -1.9021120e-02  -1.3797679e-02   1.6565089e-01   3.3939461e-01   6.5074791e-02  -7.7745137e-02   2.8055747e-02   9.8836095e-02  -7.2792867e-02   1.1859709e-01   7.4721578e-02   1.3670643e-01   9.0533153e-02  -6.5244148e-02  -2.8301089e-02   2.5242948e-01   2.1128269e-01  -1.7585741e-01   4.5528340e-03  -1.0537259e-01   2.6666845e-01   1.1270026e-01
  -1.6867896e-01  -1.5025161e-02  -9.7231742e-02  -6.4261020e-02  -1.2142761e-01  -8.5621839e-02   1.3049717e-03   2.2480508e-03   2.5323591e-01   3.7312451e-02  -1.0605363e-01   3.1572522e-01  -1.0926794e-01  -3.2992066e-02  -7.5198458e-02  -1.4605916e-02  -1.3404242e-01   3.2797371e-02   1.6380459e-01   1.2673515e-01  -7.4059764e-02  -1.8471568e-01   7.6021063e-02   5.0683705e-02   2.2591263e-02   1.6265700e-01   2.8345458e-01   2.1729944e-02  -7.0683833e-02   2.6561310e-01  -2.6558261e-02  -2.1236461e-01   2.7918775e-01  -1.4448581e-02   1.9772823e-01   1.1231643e-01   4.7565118e-02   3.4695008e-01  -2.2557590e-01  -1.9725672e-01   7.3726035e-02  -2.9165815e-02  -5.3725530e-02   1.2621779e-01  -4.5400523e-02   1.0582389e-01  -8.4135506e-04  -6.7077640e-02  -1.2697074e-01
  -1.2203591e-01  -5.8597652e-02   9.9085823e-02   1.0463948e-01   2.0854576e-01  -4.9759510e-02  -1.1750761e-01  -9.1358222e-02  -8.2223028e-02  -2.6847625e-02  -3.1112954e-01  -2.0514801e-01   1.0064269e-01  -9.1488777e-03  -1.2580414e-01   8.6469202e-02   7.2875923e-02  -1.6482999e-01   1.2780485e-02  -4.1355059e-01   2.4349274e-01   1.1141273e-03   1.3578161e-01   8.1938031e-02   1.0077991e-01  -1.6567598e-02   1.9960281e-01   1.1638827e-01  -1.7168833e-01   5.9587382e-03   2.1659960e-01  -1.6370986e-01   1.4917193e-01   5.1085689e-02   5.5208382e-03   9.4714316e-02  -8.7383749e-02   3.5921053e-02  -1.0605400e-02   2.4369915e-01   1.5075697e-02   2.8898787e-03  -2.2983706e-01  -5.0865641e-02   1.3075394e-01  -9.5597110e-02  -1.6345585e-02   4.6064981e-03  -2.7070534e-01
  -1.4323298e-01   1.6378942e-01  -3.1724801e-02   4.0091953e-02   9.9724593e-02   3.5541327e-01   2.4822930e-01  -6.0281204e-03   1.6289742e-01  -1.4386517e-01   1.5482027e-01  -5.4656030e-02  -1.7642357e-01  -2.8010761e-03   7.6662640e-03  -1.2799644e-01   1.7770047e-01   1.8211247e-02   8.2608577e-02  -1.8615579e-01  -2.7449816e-01  -1.2721141e-01  -9.2553767e-02  -9.2966358e-02  -8.9227690e-03  -2.2525008e-03   7.2811720e-02  -6.6023642e-02  -1.6995600e-01   2.9304139e-01  -2.6107498e-02   1.7147983e-01  -8.5088794e-02  -2.2729668e-01   2.5001073e-01   4.3074902e-02   4.6511512e-02  -4.9745019e-02   2.1419758e-01   1.9303545e-01  -2.7352071e-02   6.3212520e-02  -2.2388028e-01   1.7439552e-02   1.4090628e-01  -6.0696043e-02   5.2429180e-02   2.8001966e-02   1.8837036e-02
  -1.4934043e-01   1.0665932e-02   1.3481074e-02   4.3733156e-02  -1.2861842e-01   8.7653661e-02   1.9317539e-01  -2.5990408e-02   3.2495026e-02  -3.5044780e-01  -1.2050878e-01  -1.9071237e-02   1.6138589e-02   2.6662504e-02   4.7925420e-02   4.3835256e-02   3.6239910e-02   1.0032338e-01  -1.3355375e-01   1.1817754e-01   1.1294938e-01  -2.0994382e-01  -1.1808142e-01  -1.6310043e-01   2.5938758e-01  -1.0894738e-01   1.7787179e-01   8.1343183e-02   1.0590915e-01  -3.4237685e-01  -2.3693435e-01  -2.3957969e-02   5.9933951e-02  -1.1575638e-03   5.9097156e-02   6.7543793e-02   3.4094296e-02  -1.4100561e-01  -2.1248755e-01  -4.1585007e-02   9.5007052e-03   1.4083760e-01  -6.1452048e-03   1.3764519e-01  -8.7823049e-02  -3.9479360e-01  -5.6929597e-02   1.8925484e-01  -7.1366542e-02
  -1.2943930e-01  -2.2276036e-01  -1.9288753e-01  -2.3150829e-01  -1.5373691e-01   4.5195446e-02   1.2802099e-01  -1.5170268e-02  -9.8232785e-02  -2.0006883e-01   7.0711519e-02   1.3297469e-01   7.1807227e-02   1.8513420e-01  -2.6324674e-02   7.4218915e-02  -4.6515342e-02   2.4915799e-01   3.4138113e-02  -2.2008671e-01   1.4973928e-01   7.8569135e-02   1.4713259e-01   2.3261152e-02  -5.6223700e-02   2.5994315e-02  -1.9566949e-01   1.2645091e-02  -9.5741817e-03   2.6775967e-01  -4.2127204e-02  -2.0063383e-01   6.4393454e-02   1.3713186e-01  -1.6817172e-01  -7.5678613e-02   4.2817219e-02  -2.6247371e-01   2.2497631e-01  -1.0588811e-01   2.1495557e-01   2.1591449e-01  -2.2427619e-02   1.9438022e-01   7.0657559e-02  -8.2313756e-02   5.4583830e-02  -1.5584071e-01  -4.6305483e-02
  -1.3479261e-01  -2.4624028e-01   5.9558820e-02  -1.1273295e-01   4.2959063e-02  -7.1542797e-02   1.7737597e-02   4.5766502e-02  -3.0015422e-01   1.8140719e-01  -8.6822689e-02  -1.2437147e-01   1.0922566e-01  -4.0035505e-02   8.3749467e-02   1.5040679e-01   1.3822832e-01   3.6170873e-02  -1.1437798e-01  -1.5006688e-01  -1.6235537e-01  -3.9904487e-02   4.2500043e-02  -1.6197270e-01   5.2255688e-02  -2.9423004e-01   1.4112185e-01   1.0967975e-01   1.1020535e-01   1.0023383e-01  -1.8029692e-01   1.3843680e-01   9.0213613e-02  -9.7629089e-02   3.1062890e-01  -3.0165520e-01  -1.8242804e-02   7.9698672e-02  -1.1081990e-01  -1.4133875e-01   1.0020963e-01   8.4598243e-02   1.0787740e-01   8.0119658e-02   2.0212696e-01   2.3631916e-01  -6.5601797e-02   2.1521223e-02   1.3581756e-01
  -1.3103719e-01  -2.2471928e-01  -8.8581619e-02   2.3378604e-01   1.4255738e-01   2.9720987e-02  -3.3983307e-01   2.2616165e-02   3.4753736e-02   5.6419619e-02  -1.7415997e-01  -6.7014658e-02   2.2403364e-02   1.8898112e-02   1.4587246e-01  -2.4107483e-01  -5.0159556e-03   8.0808223e-02   5.8362518e-02   1.3465922e-01  -1.8264271e-03  -1.6474687e-01  -5.3450289e-02   3.3231457e-02   1.1458545e-01   1.4150714e-01   1.8512436e-01   1.4507826e-01   2.0469373e-01   1.8449961e-01  -1.0499335e-01   2.6568056e-01  -1.1130994e-01   6.7375076e-02  -6.9576655e-02  -3.9914395e-02   6.8850998e-02  -3.4500133e-01   1.1395113e-01  -1.4647554e-01   8.5731164e-02  -1.5034205e-01  -1.6416991e-01  -5.3957592e-02  -1.4757100e-01   2.3914125e-02   5.9253877e-02  -1.7256886e-01  -1.0443684e-01
  -1.4441580e-01   1.1235241e-01   2.7025166e-01   1.1546414e-01   1.4617777e-01  -1.4493452e-01   2.6434571e-01   1.3945397e-01   4.1316907e-02   2.5456867e-02   1.3276752e-01   1.8209079e-01   1.9705504e-01   1.3936980e-01   6.5070454e-02  -1.6410460e-01  -2.6860485e-01   1.0833521e-01   1.1084064e-02  -1.0581674e-01  -1.5268275e-01  -2.3965706e-01   7.6647444e-02  -3.0515446e-02   1.5851234e-01   5.4407587e-02  -1.2668726e-01   8.5172103e-02   1.0261149e-01  -2.5580035e-01   1.6789364e-01  -2.1528300e-03   6.3338654e-02  -1.0434652e-01  -1.7097337e-01  -1.9129209e-01  -9.7517332e-02   6.8604498e-02   6.8973193e-02  -1.3001913e-01   1.6529237e-01  -2.1724135e-02  -1.8533046e-01  -1.7338265e-01   1.8455635e-01   8.2671243e-02   1.1834929e-01  -4.7000178e-03  -6.2129362e-02
  -1.4270398e-01  -2.4047965e-01   2.3514884e-01   1.7835860e-02  -1.6495910e-02   1.1141900e-01   1.9433043e-02   5.0143583e-02   2.5056642e-01   1.5409668e-01  -1.8635910e-01   9.6339834e-02  -6.3280030e-02  -3.8725590e-02  -2.2089907e-01   8.4587358e-02  -1.7933746e-01   1.4207858e-01  -4.3602376e-02  -1.5185465e-01  -8.7844892e-02   2.4930071e-01  -2.7639584e-01   1.0054615e-02   2.2589837e-01  -6.3889639e-02  -9.9563683e-02  -2.0389060e-01  -9.3097357e-02  -5.8408917e-02   5.7233256e-02   1.7403983e-01  -1.4949081e-01   2.2946843e-01   4.5803588e-02   8.6074926e-02  -1.7131134e-01   2.6642840e-02   5.8926155e-02  -1.1740988e-01  -4.1508198e-02   2.2845692e-01  -1.1025729e-01   5.4145901e-02  -1.9281306e-01   1.1987796e-01  -1.6633692e-01   4.8824213e-02   1.6629424e-02
  -1.2962788e-01   1.9999236e-01  -2.4452006e-01   3.4138094e-02   3.2387203e-02  -5.2521754e-02   1.0145883e-01   1.4204812e-02   8.8919700e-02   9.4258955e-02  -1.2724850e-01  -4.9429196e-03  -2.5192849e-01   6.5128898e-02  -1.4071426e-01  -3.2414050e-02   4.6224893e-02   3.6402500e-04  -1.0152403e-01   3.6223927e-02  -5.8432616e-02   2.7591236e-01  -3.4866588e-03  -4.2237907e-01  -6.4648501e-02  -4.2142462e-02   5.6012973e-02   1.6685534e-01   6.7021436e-02  -2.2622889e-02   1.7742026e-01  -2.2249833e-01   1.5025290e-01   2.8714457e-02  -1.2115857e-02  -3.0539025e-01  -2.4914770e-02  -1.4608976e-01   1.4032936e-01  -5.4527960e-02   5.6712361e-02  -2.0498526e-01  -8.8335120e-02  -1.4002578e-01  -1.9964156e-01  -1.8631933e-03  -2.6076851e-01   9.3431605e-02   3.2595283e-02
  -1.5822399e-01  -1.2509323e-01  -9.8641101e-03   2.5342357e-01  -1.0587535e-01  -1.7391917e-01  -6.1262321e-02  -3.2690449e-01  -9.1427465e-02  -5.4152834e-03   8.3343979e-02   1.2974810e-02  -8.7733603e-02  -6.9356029e-02   1.2901501e-01  -6.4103865e-02   1.9619457e-01  -7.3903691e-02  -1.5929621e-01  -5.5079539e-02  -2.4687687e-01  -4.8476090e-02  -6.5351764e-02   9.2003296e-02   3.6623438e-01   2.8129531e-01  -1.2674659e-01  -1.7801843e-01  -2.5808120e-01   8.6836049e-02   1.0132082e-01  -1.6792841e-01   1.8999642e-02   2.4565083e-02  -6.8470346e-02  -9.9637260e-02  -2.6015224e-02  -5.1206396e-02  -2.4292783e-02  -2.6875688e-02   1.2678709e-01  -9.9238537e-02   2.6205817e-01   1.3017847e-02   5.9953780e-02  -1.0025588e-01  -6.9565689e-02   1.3210867e-01   1.4573631e-01
  -1.4305132e-01   2.4475230e-01   1.4919548e-01   1.9163269e-01  -1.5068834e-01   1.0161540e-01   2.1133423e-01  -9.3267532e-02  -1.1893847e-01  -4.0481096e-03  -1.4692855e-01  -8.0802127e-02  -2.2078015e-02  -8.2172177e-02   5.2319115e-02   9.7120814e-02  -2.3939755e-02  -1.0388552e-01   6.1241188e-02   7.2234328e-02  -1.2419749e-01   2.9983549e-01   1.1193636e-01   2.2957544e-01  -9.6544590e-02  -1.8312566e-01   1.5906071e-01  -1.8409086e-01   8.8031823e-02   1.0206442e-01   5.5849175e-02   1.9118736e-01   2.0695552e-01  -7.8751758e-02  -2.3299363e-01   2.6163513e-02  -4.3483811e-02  -1.3331648e-01   5.1468384e-02  -2.8273834e-01   7.5078466e-03  -9.8085824e-02   1.0129166e-01   1.8326843e-01   1.6876030e-03   1.9440952e-02   1.9649625e-01   1.0648446e-01  -2.2732500e-01
  -1.2677654e-01   1.8035293e-01   1.7597266e-01  -1.5605688e-01   1.8066622e-01  -5.6331480e-02   2.2484112e-02  -1.5936807e-01  -8.9071204e-02   1.4242398e-01   1.6461901e-01  -4.0664862e-02   3.3327085e-02  -9.6186340e-02   7.9025210e-03  -1.8994662e-01   2.2739282e-02   1.0906448e-02  -2.1433575e-01  -7.7787459e-02  -8.7342833e-02  -3.7102074e-02  -2.8260132e-01  -1.5198275e-01  -2.9042963e-01   1.2893489e-01   1.2389074e-01  -4.1745964e-02  -5.7620562e-02  -1.2569906e-01  -3.9346939e-02   3.2575636e-02   1.4797900e-01   3.9013440e-01  -2.4149973e-03   1.2846221e-01   2.9210201e-01  -5.3165087e-02  -9.9484754e-04  -3.4091275e-02   8.3813029e-02   8.7195410e-02   1.2773701e-01   9.9523311e-02   6.2197292e-02   2.2242787e-03  -6.1449936e-02  -2.2190248e-01  -2.2098423e-01
  -1.2445605e-01   3.5453667e-02   3.0503326e-02  -1.0436455e-01  -2.2133645e-01  -1.4301351e-02   2.6196660e-01   1.0674838e-01  -3.3025715e-02   1.0446311e-01  -1.3404723e-01   1.8878725e-02   1.1092417e-01  -2.8115216e-01   1.2385815e-01  -2.5913786e-01   7.1120811e-02  -1.1604631e-01  -8.4962617e-03  -5.4415324e-02   2.4886669e-01  -4.3236245e-02   1.2454151e-01  -6.5311678e-02   7.1896078e-02   1.3348703e-01   3.7624218e-02   9.9961695e-02   4.1231991e-02   1.6230221e-01   2.7897557e-02  -1.0687575e-03  -6.8173482e-02   2.7872492e-01   3.8191544e-02   9.1903423e-02   1.6198588e-02  -1.7984862e-03   1.5191063e-01  -1.9926072e-01  -4.0196484e-01   5.6065175e-02   3.1513110e-02  -2.4908860e-01   1.2653212e-01  -3.0596923e-02   5.0826321e-02   1.5576035e-01   2.0700637e-01
  -1.4793920e-01  -1.2529862e-01  -4.8055819e-03   1.3677871e-01   9.7820848e-02  -1.7514524e-01   5.9444199e-02  -3.2277513e-01   2.8971947e-02   9.8096061e-02  -1.2105796e-01  -8.6549173e-04  -2.9989918e-01   2.5013502e-01   2.6732209e-01   4.2811833e-02  -2.1876525e-01  -3.4436137e-02   2.0214133e-01   1.1126949e-01   1.6740581e-01   1.5069810e-01  -6.6828423e-02   9.0501193e-02  -1.8192433e-01   7.7315727e-02  -1.3649830e-01   1.1140980e-01   5.5235367e-02  -1.1701991e-01   2.4256119e-02   1.0773848e-01   7.1955788e-02  -1.0766462e-01   1.7271819e-01   1.6435193e-02   2.5380548e-01   1.0095082e-02   6.2874901e-02   2.4440832e-02  -9.1738353e-02   2.5757180e-01  -5.8449555e-02  -1.1177322e-02   2.2507047e-01  -4.6664698e-02  -4.7532997e-02   1.3503329e-01   1.1178927e-01
  -1.4921258e-01   1.2329082e-01  -1.5366982e-01  -1.8201892e-02   1.2443786e-02   2.8121404e-01  -1.0237997e-01   2.4167957e-02  -2.4101220e-01   3.0020704e-01   5.5894713e-02  -1.3366686e-01   4.2742652e-02   1.7981412e-01  -2.5167530e-01  -7.9270180e-02   1.4309436e-01   1.5398535e-01  -3.2769348e-02   1.4661887e-01   1.2938908e-01   1.0315090e-01  -4.2105940e-02   7.7488073e-02   2.8249586e-01   6.1410169e-02  -2.5465008e-02  -3.6985129e-02   1.7288796e-02  -1.6407081e-01  -8.2536026e-02  -1.2952375e-01  -3.2652390e-02  -1.1909077e-01  -9.7169874e-02   1.7050818e-01   2.2708289e-01   2.5169701e-01   1.2640359e-01  -1.8675432e-01   1.1172712e-03  -9.5271751e-02  -1.9863779e-01   1.4076038e-01   1.9959549e-01   1.9955830e-02  -4.3306065e-03   2.0946615e-02   9.1683598e-02
  -1.3024747e-01  -5.1083381e-02   9.1649342e-02  -1.3306744e-01   3.0270884e-01   8.4680521e-02  -1.8580975e-01   5.4834735e-02   5.4100824e-02   4.8245211e-02  -2.0657269e-01   2.8331058e-01   6.0126127e-02  -2.0978024e-01   1.1716304e-01   1.5731281e-02   9.4350819e-02   2.3572627e-01   5.6101827e-02   1.3565232e-01  -8.3018810e-02   1.2789730e-01   4.5487314e-02  -2.6181228e-01  -1.9237347e-02   6.9508155e-03  -1.0171609e-01  -1.4264389e-01   8.5038043e-02  -4.4522315e-02   7.8850985e-02  -2.0186635e-01   9.9381647e-02  -1.9013877e-01  -2.4890468e-02   2.6675507e-01  -1.1271177e-01  -2.6737106e-01  -6.8208452e-02   1.3206222e-01  -1.1319195e-01  -5.9663627e-02   1.3600215e-01   5.9729892e-02   2.5501349e-01   5.8925064e-03   1.6200027e-01   6.0708011e-02   5.9121447e-02
  -1.5745163e-01  -6.0549728e-02   1.2117704e-01   2.2377525e-01   5.4613167e-02   6.1924589e-02  -5.3849215e-02   1.7924638e-01  -5.6323021e-02  -4.1563687e-02   2.1412778e-01  -5.0675707e-02  -1.2514518e-01  -1.3885123e-01   2.1871520e-01   1.6657778e-01  -8.9837493e-02   8.5007928e-02  -2.7979736e-02  -2.0938534e-01  -7.2561651e-02   1.3840506e-02   1.4791726e-01   9.2384568e-02  -2.5926668e-01   2.1809206e-02   1.5568295e-01  -2.2300749e-02   1.4811932e-01  -7.5661100e-04  -2.4073766e-01  -3.0590057e-01  -1.8331448e-01   1.0369443e-02  -1.2822100e-01   2.7226733e-01   3.7623206e-02   4.9079669e-02   2.6835633e-02  -6.8970522e-02   1.2732934e-01  -4.6312129e-02  -7.9681137e-02  -1.2188342e-01  -7.0177584e-02   5.3091294e-02  -3.1965640e-01   2.1068003e-01   1.0929509e-01
  -1.6864378e-01  -3.0538149e-02  -7.4974202e-02  -5.3567269e-02  -2.9119761e-01  -8.4855835e-02  -4.5839653e-02   1.3645692e-01  -8.1332991e-02   5.5087861e-02  -3.8883971e-02   8.5864488e-02  -3.2903812e-02  -3.1487101e-02  -1.9665077e-01  -7.6866800e-02  -6.7936569e-02  -1.5355223e-01   1.4065596e-01  -2.5887271e-01  -1.6722969e-01   1.0339004e-01  -2.2892635e-01  -2.8705094e-03  -1.6787127e-01   5.4049038e-02  -3.9006583e-02   1.5584006e-01   1.1871845e-01  -7.3598950e-03   1.3897081e-01   6.3744691e-02  -3.1873170e-01  -9.0973634e-02  -9.6720305e-02   5.1220788e-03   1.0462735e-01  -1.0816982e-01  -4.4806425e-01   1.3058951e-02   2.3457454e-02  -1.6124273e-01  -8.7344127e-02   9.5335578e-02   2.1133294e-01  -2.1661990e-01   5.3202357e-02  -1.5815355e-02   5.4505272e-02
  -1.4248796e-01   3.2737851e-01  -2.3528724e-02  -5.6390987e-02   4.4510014e-02  -9.5628591e-02  -9.4216548e-02   5.1478765e-03   2.6273114e-01   2.2040383e-01   1.2510091e-01  -4.7741673e-02   1.1693246e-01   1.1912393e-01   4.4047619e-02   1.3740939e-01  -4.7923431e-03   7.1310879e-03  -4.0566192e-02  -3.7457558e-02   1.6535185e-01   1.7045838e-01   3.9487440e-02   4.7321401e-02   1.2128593e-01   1.4876764e-01   2.8041539e-01  -1.6907619e-01   8.9534621e-02   7.0731747e-02  -1.3155402e-01  -1.2946906e-01  -2.8767411e-01   1.9347490e-02   8.1439708e-02  -2.5286495e-01   1.6249896e-03  -1.3116346e-01  -1.3188392e-01   1.1736892e-01   1.1900924e-01   2.6667965e-01   8.0826230e-02  -7.1559400e-02  -1.4658237e-02   2.4062957e-02   3.0972764e-01   1.1969175e-01   2.0246735e-03
  -1.5459112e-01   3.6183614e-02  -1.4645378e-01  -2.0762097e-01   2.0634162e-01  -8.1430219e-02   5.5476035e-02   7.9248412e-02  -4.7564288e-02   1.3391642e-01  -5.9916311e-02  -3.6134379e-02  -7.3727131e-02   1.6889607e-01  -1.8961669e-02  -2.7246502e-01  -7.1051408e-02  -1.2149292e-01   9.6986901e-03  -2.4533812e-01  -6.9404314e-02  -6.6203488e-02  -4.4618213e-02   3.1756294e-01  -3.3180443e-02  -6.6997301e-02  -2.3807280e-01  -6.9561489e-02  -3.6986922e-02  -9.3208610e-02  -3.8509579e-01  -1.0690572e-01   1.9400273e-01  -2.8333976e-02   1.3378788e-01   3.2257285e-02  -1.5987100e-01  -1.5771112e-01  -6.7774451e-02   1.4299111e-04  -1.6179684e-01  -1.7935382e-01   4.2812009e-02   1.7113249e-02  -2.8044969e-01  -1.9225048e-03   1.1832831e-01   1.5317887e-01   1.7773670e-03
  -1.6203313e-01   5.7972651e-02  -1.6480502e-01  -9.6228343e-02   3.2288838e-03   2.9008980e-01  -1.0731629e-01  -3.1876081e-03  -1.1366813e-01  -3.6315117e-02  -5.9753773e-03   2.4085287e-01  -2.6204862e-01   2.3235935e-02   2.0991702e-01  -1.0250904e-01   3.5310934e-02  -2.6086602e-02  -3.4525748e-01  -2.8144995e-02   1.5978698e-02  -3.6359329e-02   8.9693968e-02   2.3864815e-01   5.1882412e-02  -1.6481230e-01   4.5056434e-02  -1.0059432e-01   9.6437699e-02  -3.3358656e-02   2.0729620e-01   5.7298088e-02   5.4030562e-02  -2.5470151e-02  -1.8398686e-01  -1.2455793e-01  -4.6644826e-03   4.7751279e-02  -2.6954425e-01   8.7596861e-02  -1.5411396e-01   2.5394653e-01  -5.5711921e-02  -2.2954969e-01  -1.6881511e-02   7.8820915e-02  -1.1357153e-01  -2.3660409e-01  -7.7157235e-03
  -1.0928527e-01   1.6134026e-01  -1.5631066e-01   1.2431029e-01  -5.2197996e-02  -1.2207445e-01  -1.0812162e-01  -1.5691459e-01   1.3276915e-01  -2.6550935e-01  -1.1801389e-01  -6.6908284e-02   2.6178812e-01   1.9812890e-01   2.6034092e-01  -9.8668824e-02   7.4908938e-02   1.3973724e-01   1.4231036e-01  -2.0362360e-01   8.6731088e-02   1.1339410e-01  -1.6395033e-01  -1.7627104e-01  -1.1008042e-01  -1.8246028e-01   2.9676777e-02  -2.7261043e-01  -9.6366089e-02  -4.7376082e-02  -9.3859770e-02   1.2351186e-02  -4.0369209e-02   2.4628475e-02  -4.8036960e-02   2.8399736e-02  -1.3164702e-01   2.2815455e-01  -6.2212347e-02  -1.7377372e-01  -1.0466535e-01  -1.5491176e-01  -4.1660422e-02  -6.5820911e-02   4.8061866e-02   5.4572048e-02  -2.9627532e-02  -2.7413938e-01   1.9734889e-01
  -1.5519641e-01  -2.5934375e-02   1.4557993e-01  -9.5033327e-02   3.3163676e-01  -9.6161581e-02   3.9340598e-03  -8.9219777e-02   1.4268490e-01  -5.6612702e-02   1.6295033e-01   6.3119455e-02   5.6486905e-02   1.4126790e-01  -1.4982160e-01   9.5932501e-04   3.5149911e-01  -3.1590333e-02   6.4332939e-02  -3.4115673e-02   1.0295677e-01   3.4061573e-02   7.1906667e-02  -7.6158226e-02  -2.2813515e-02  -7.3579155e-03  -7.2954683e-02   2.7527740e-01  -5.7311811e-02   2.0102735e-01   1.1028416e-02   2.0765036e-01  -5.1956420e-02  -1.9369975e-01  -3.3517917e-01   7.6858243e-02   4.3948143e-02   1.2787695e-01  -1.7183758e-01  -2.3135262e-01  -9.4374512e-02   1.4009590e-01   1.6938402e-01  -2.1831409e-02  -2.1872433e-01  -5.2411654e-02  -9.6919132e-02   1.3934142e-01  -3.9423236e-03
  -1.3779445e-01  -1.4662818e-01  -7.2205915e-02  -2.7302839e-01   1.2956230e-01  -2.2588427e-01   2.6954248e-01  -1.2839075e-01   6.1142116e-03  -1.1433819e-01  -9.6532776e-02  -1.4398178e-01   6.1524620e-02  -1.5380962e-01   6.0811955e-02   3.4401543e-02  -1.4984871e-01  -5.4251099e-02  -1.9681054e-01   1.6566489e-01  -6.7700439e-03   9.9872796e-04  -3.0714824e-02  -2.4389607e-02   5.8805422e-02  -2.0906727e-02   7.9423081e-02  -1.4497157e-01   2.4570764e-02   1.1417793e-01   8.8755512e-03   5.5424222e-02  -8.0534855e-02  -2.6021343e-02  -3.0466367e-01   3.3859886e-02   2.0276616e-01   1.0267321e-01  -3.4451212e-02   2.9704744e-01   5.4790863e-02  -1.6844786e-01  -3.0249506e-01   1.4790821e-01  -1.3986699e-01   1.8948026e-01   1.0359648e-01   8.0971291e-02   2.1547552e-01
