  -1.4839717e-01  -6.8761277e-04   1.6157325e-01  -4.8303228e-02  -9.1860782e-02  -1.2717815e-01  -2.7011486e-01   3.2123968e-01  -2.4534770e-02  -8.5222478e-02   9.3185631e-02   4.3853687e-02   2.5174934e-01   9.9224290e-02  -2.5177997e-02   6.0205540e-02  -6.6079712e-02   2.4882131e-01  -1.8125686e-01   2.8600749e-02  -1.5699553e-01   2.1086894e-02   1.9260246e-01   2.6599219e-02  -8.2225961e-02  -1.4504141e-01  -1.0584843e-01   9.1190152e-02   3.6819944e-02  -1.1067972e-01   1.9107920e-04   7.6294558e-02  -1.1445976e-01  -2.1699473e-01  -2.0390681e-02   1.0050429e-01  -1.2501101e-01  -2.0420075e-01   2.9575818e-01   1.4221004e-01   9.8538792e-02  -5.7339877e-02   9.4587843e-02   1.9466502e-01  -3.5669676e-02   3.3722300e-01   3.4277886e-02  -1.0044202e-01   3.7470450e-02
  -1.3283237e-01  -3.1451286e-01   8.5772702e-02   5.9971067e-02  -1.1963594e-01  -7.3907227e-02   1.3616979e-01  -4.5073163e-02   6.6690837e-03  -1.3441365e-01  -9.8675531e-02   8.7667799e-02  -1.4525045e-01  -6.2433155e-02   1.3743920e-01   1.4308971e-02   4.9517898e-02   9.3944080e-02   1.4631286e-01   8.9183188e-03   1.9425136e-01   2.2792094e-01  -1.5283748e-01  -2.0112375e-01  -2.9394144e-01   5.6679310e-02  -1.3447729e-01   1.4239718e-01  -2.0475607e-01  -4.1483388e-02   7.3191979e-02   1.6069689e-01   9.9287307e-02  -2.1130669e-02   1.3572588e-01   1.6902870e-01  -8.6250857e-02   4.6595555e-02   4.9014343e-02  -1.3615297e-01  -1.8246193e-02   4.3769281e-02  -2.1591768e-01  -1.1265241e-01   1.7967144e-01   2.1523737e-01   3.2162710e-01  -1.6535612e-01   6.8197251e-02
  -1.3219839e-01   9.6247669e-02  -5.4547307e-02  -1.9774787e-01  -6.0334542e-02  -1.2253164e-01   2.6995783e-01   4.7286962e-02  -9.0402589e-02  -2.1362100e-01  -5.3704248e-02   1.0282932e-01   8.0798820e-02   4.6761705e-02   7.3508530e-02   8.0719796e-02  -3.0661859e-01   8.5807126e-02   1.3196565e-01   5.2374986e-02   1.9279103e-01  -3.0650740e-02  -3.8484501e-02  -5.2954504e-03   4.5014428e-02   1.2316644e-01  -3.9229072e-02   1.9204228e-01   1.6619319e-01   2.6666178e-01  -2.4660255e-02  -4.1484306e-01  -2.7660796e-02   1.7513973e-01  -6.1488296e-02   6.4216581e-02   1.1374119e-01   1.3641547e-01   8.3551166e-02   1.6042022e-02  -5.6920931e-02   5.5472818e-02   1.7381890e-01   1.0847205e-01  -5.8102027e-02   1.9769548e-01   7.1126268e-02   4.1239135e-02  -2.9269556e-01
  -1.5579338e-01   5.2261946e-02   2.1657403e-02  -8.5054043e-02  -8.6085497e-02   7.4245567e-02   1.1288084e-01   1.4131113e-01  -2.5119568e-02   1.3249956e-01   1.2410538e-02   1.0959531e-01   2.7662759e-01  -9.7639224e-02  -2.3637386e-01  -3.9093782e-01  -4.0154886e-02  -1.2984126e-01  -5.5424301e-03   5.2266081e-02   6.3676537e-02   2.5702335e-02  -1.5063311e-01  -2.2672080e-02   7.2677099e-02  -4.5116392e-02  -6.5522504e-02  -2.1110686e-01  -3.5085679e-02  -2.0379597e-01   1.0862740e-01   4.5544280e-02  -1.1840719e-01   1.7171606e-01   4.2382663e-01   3.7217139e-02  -5.6972813e-02   2.1650088e-01   1.6076771e-02  -1.4235639e-01  -1.4078595e-02  -5.5498576e-02   1.6031924e-02   2.7881318e-01  -5.8996680e-02   1.8982789e-02   1.1939252e-01   1.9026329e-01   4.2981378e-02
  -1.4253697e-01  -1.8320888e-01   1.0970782e-01   5.4180640e-02   2.0528088e-01   3.1107348e-01  -1.7784316e-02   2.3794831e-02   1.9187136e-01  -6.4828979e-02  -1.0189028e-01   1.0336625e-01   2.7868857e-01  -9.5467186e-03  -1.3422136e-02  -9.4046450e-02   1.1041886e-01   1.4176983e-01  -6.0065980e-04  -1.5769890e-01  -8.0111526e-03  -1.8449932e-01  -1.5498314e-01  -2.6638720e-01   1.0858271e-02  -1.0191472e-01   1.9112232e-01   8.1163726e-02  -2.4987500e-01  -2.3732130e-02  -2.7568612e-02  -1.8927211e-01   3.6558600e-02   2.1509131e-02  -1.0823063e-01  -1.6420944e-01   1.5172996e-01  -9.2430552e-02   2.1027216e-01  -1.9636505e-01   8.7461231e-02   7.7059231e-02   8.4831465e-02  -2.6284234e-01  -1.4061653e-01   8.2328405e-02  -9.8401252e-02   1.4631499e-01  -2.6652576e-02
  -1.3819649e-01  -5.3376150e-02   9.4092888e-02   2.2458864e-01   7.0812554e-02  -6.7589545e-02   4.8767846e-02   2.6114399e-01  -2.6822470e-01   3.4197540e-03   1.2944808e-01  -9.1633303e-02  -2.2312018e-01  -4.0700657e-02  -1.0673142e-01   1.0530154e-01  -3.4228204e-01   1.5108619e-01  -7.8607900e-02  -8.4052817e-02  -7.2858316e-03   6.8269130e-02   5.8547301e-02  -2.5637072e-01  -1.3418263e-01  -2.7624399e-02  -1.3819827e-02  -1.8904388e-01  -7.5023978e-02  -3.9890224e-02  -2.8094701e-02   5.1524106e-03   1.7932724e-01   2.5327274e-01  -1.2032860e-02  -2.2882916e-01  -1.8334583e-01  -3.7824108e-02  -4.8455027e-02   2.5959381e-02   9.1844396e-02   7.2910515e-02  -4.3467014e-02   6.4217772e-03  -3.4029448e-01  -2.2516339e-01   1.7392013e-02  -1.5361863e-02  -9.0248617e-02
  -1.3002556e-01   5.3859291e-02   6.2484734e-02  -1.9808008e-02   8.4850101e-03  -8.9156980e-02   2.2859876e-02  -1.9872063e-01   2.8398024e-01  -2.3742672e-01  -2.4447263e-01  -3.0435550e-02  -1.2138545e-02   2.5761502e-01   9.7047524e-02   1.0860290e-01   7.1957801e-02   1.5739137e-01   5.1065956e-02   2.3023836e-03  -1.3476570e-01  -1.3279354e-01  -1.1014527e-01   2.6349904e-01  -1.2261549e-02   2.4878055e-01  -1.6949484e-01   6.4439241e-02  -7.4977467e-02  -6.8673636e-02   2.0756013e-01   1.2446306e-01   6.3423566e-03   1.0410296e-01   1.3418610e-01  -2.9718998e-01  -2.6343970e-01  -8.1324480e-02  -1.2688057e-01  -9.4615789e-02   1.3057743e-01   4.5407914e-02   3.8759037e-02   2.0235940e-01  -1.9848962e-01  -3.8844630e-02  -5.9395737e-02   6.5291654e-02  -1.1809837e-02
  -1.3197493e-01  -3.1227359e-02  -2.2500882e-01   1.6442570e-01   1.2904904e-01  -2.8904728e-01  -7.4290464e-03  -1.2659559e-02  -1.0035490e-01   4.2735838e-02   7.6266436e-02  -6.0574504e-02   1.4489697e-02   1.9776021e-01   6.5136437e-02   5.8797045e-02  -3.2385566e-03  -4.2416323e-01  -2.0868422e-01   1.5512441e-01  -7.2937491e-02  -2.5275808e-01  -2.3987048e-01  -1.1853279e-01   1.0878716e-01   6.7807038e-02   5.0447574e-02  -6.6461979e-02  -2.8651503e-01   5.4942875e-02   5.2232466e-02  -6.6166923e-02   5.4611000e-03  -2.0572663e-02  -4.6330397e-02   9.9386382e-02   8.7828920e-02  -1.8822762e-01   8.2215510e-02  -8.5720836e-02   2.4418252e-01  -7.6774933e-02  -9.8293671e-02   1.7292559e-01   8.6419058e-02   5.3698989e-02   1.1114443e-01  -1.0987835e-01  -1.4693463e-01
  -1.3813380e-01  -7.5241773e-02   9.4109657e-02  -1.3758490e-01  -1.3548693e-01  -8.6264934e-02   2.9858970e-01  -9.8951932e-02  -2.7247219e-01   2.1719413e-01  -1.7154588e-02  -1.5812811e-01   8.8350313e-02   5.8724573e-02  -1.5500617e-01   1.6406181e-01   1.1246261e-01  -1.3131538e-01  -7.4876431e-03  -1.1261117e-01   5.2033978e-02  -1.3360197e-01   2.9098035e-02   1.7549084e-01  -2.5558461e-01   1.8701671e-02   1.9880984e-01  -2.0452790e-02  -2.8956001e-02  -1.2814345e-01   1.6128543e-01  -1.5743349e-01   1.3758970e-01  -6.8750208e-02  -1.0716262e-02   1.8413504e-01  -2.1922301e-01  -1.6427260e-01   2.9589939e-02   3.9256226e-02  -3.7893828e-02   3.0190230e-01   1.4241917e-01  -8.3824718e-02   2.5969934e-02   5.2611083e-02  -1.6505454e-01   1.5999634e-01   1.8438344e-01
  -1.3691157e-01   2.1158561e-01   6.5695426e-02   1.3707204e-01   1.3882064e-01  -5.5015083e-02   1.7833881e-01   1.1734606e-01   1.5825308e-01  -1.1478766e-01   3.4137541e-01   1.5450867e-01   1.4456412e-01  -2.1933892e-01   1.1428663e-01   1.1738473e-01  -7.1108985e-02   3.3620184e-02  -1.8780239e-01  -1.1306999e-01  -1.1034253e-01  -9.1286450e-02  -5.0764153e-02   1.4752430e-01  -8.4439345e-02   2.0626906e-01   1.1364758e-01  -9.0287994e-02   2.0433444e-01  -7.8709438e-02   2.2576995e-01  -7.7277209e-02   1.3327659e-01  -1.2468246e-01   1.5774760e-01  -8.5427989e-02   4.3106934e-02   1.4234371e-01   3.7283123e-02  -1.5045690e-01  -5.4189578e-02  -3.1254644e-02  -6.3879197e-02  -1.8730611e-01   2.0862549e-01  -6.9344160e-02  -5.2736432e-02  -2.9621377e-01   5.2260902e-02
  -1.5110282e-01  -9.2333500e-02  -4.0392452e-01  -1.3531926e-01   1.0094388e-01   1.2535510e-01  -1.7126790e-01   2.1546658e-01   5.5551590e-02   1.1352783e-01  -1.0491351e-01  -1.4558788e-01  -6.6992861e-02   5.5434683e-02   3.6564915e-02   2.0161259e-01   6.7564223e-02   9.4179314e-02   9.2449624e-02  -1.8413128e-01   1.9877400e-01  -1.8216811e-01  -6.5041805e-02  -2.1853300e-01   1.5569547e-01  -2.2949394e-02  -1.2487257e-02   7.0903066e-02   3.0307357e-01  -4.2733785e-05   2.8494743e-02  -5.0267952e-02   1.3718651e-01  -6.3576976e-02   1.5290883e-01   1.6752830e-01  -2.9779853e-01   1.1916265e-01  -1.8274222e-02  -1.0206813e-01   7.7477406e-02  -1.6286501e-01  -1.1922517e-01   5.7387096e-02   1.5900721e-02   1.9915742e-03  -1.7872557e-01  -4.7914056e-02   9.7993936e-02
  -1.5106322e-01  -7.8278998e-02   2.4723675e-01   6.9366417e-02   2.3251036e-01   1.7238246e-02   3.5583482e-02  -3.6964319e-01   2.3508680e-02   1.4567063e-02   3.6557774e-02  -1.9714977e-01   2.0372433e-01   2.2700296e-01  -8.3189972e-02  -8.4855158e-02  -2.2448662e-02   1.5103534e-01  -1.6507470e-01   7.5606674e-02  -3.9236067e-02  -1.1539449e-01   9.7731098e-02  -1.1379841e-01   1.5656007e-01  -1.0716099e-01  -1.4284101e-01  -3.8227134e-02   2.3552844e-01   3.2477018e-03   2.6121768e-02   4.7009752e-02  -7.5781176e-02   1.1506374e-01   1.9280199e-02   3.4478683e-01  -8.0868946e-02   6.6118841e-02  -5.5065916e-02   8.0881515e-02  -1.3013008e-01   1.4620359e-01  -2.3520635e-01  -1.4714482e-01  -2.7950912e-02  -9.9541645e-02   8.6687948e-02  -1.2253280e-01  -2.1825669e-01
  -1.4705876e-01   6.5848081e-02   2.2207968e-02   2.4231011e-01   1.4485443e-01  -1.3572224e-01  -1.6814888e-01  -4.6660132e-02  -1.9406582e-02   1.5980052e-02   2.3228557e-03  -7.3879710e-02   1.5920917e-01  -1.3214926e-01   1.4089197e-01   9.1376412e-02   2.8587908e-01  -1.8762507e-02   2.6278920e-01  -3.1994718e-02  -2.6633252e-01   1.9718352e-01  -9.6120801e-02  -3.8453169e-02  -1.0075359e-01  -2.4527150e-01  -1.6678254e-02   2.5682750e-02   8.7723229e-02   9.4093025e-02   7.3372646e-02  -3.5819829e-01   1.7182361e-01  -1.7046768e-02   1.2258026e-01  -4.8548407e-03   9.5493457e-02   8.7544891e-02  -2.1583549e-01   2.5966548e-01   4.0976792e-02   3.6360196e-02  -1.3449113e-02   1.6233968e-01  -8.0562894e-02   4.6764709e-03   1.8692946e-01   1.2337977e-01   1.0871633e-01
  -1.6860410e-01  -2.6799471e-01   3.7143979e-02  -2.1339920e-01  -9.7074368e-03  -5.0823969e-02  -5.2329521e-02  -1.5428331e-01  -2.0649847e-01  -9.9893130e-02   1.4092941e-01  -1.1228448e-01   6.9700648e-02  -1.1706395e-01  -1.2461576e-01   1.3418640e-01  -4.7674103e-02   3.2712318e-02   5.1431605e-02   2.0146240e-01  -3.1681730e-01   5.3981041e-02  -9.6331297e-02   1.3821591e-01   8.9145016e-02  -6.9517544e-02  -1.6900213e-02  -6.9662023e-02   5.1144304e-02   2.4344808e-01  -3.2873707e-01   7.6963204e-02   5.8531720e-02   7.6509592e-02   1.6264900e-01  -1.3814728e-01  -1.1355505e-01   3.5050821e-02  -2.1414022e-02  -2.3480996e-01   1.4172833e-01  -2.2051103e-01   1.4134649e-01  -2.3093655e-01   1.8763749e-01   5.3567991e-02  -3.8427912e-02   8.2954525e-02   3.7345839e-02
  -1.2266901e-01   1.4507836e-01  -1.1364642e-01  -2.6989935e-01   1.8816610e-01  -6.0920941e-02  -7.0643544e-02   6.6171667e-02  -1.4812869e-01  -3.9512278e-01  -7.5656380e-02   2.7460406e-02  -2.0468652e-01   1.1831266e-01  -6.1116070e-02  -1.7404015e-01  -2.0270355e-02   4.0848349e-02  -2.2817058e-01  -9.0806550e-02   3.0424243e-02   1.3043302e-01   1.6584340e-02   1.8072282e-01   1.3999377e-01  -2.7208601e-01   9.1071791e-02  -1.0548144e-01  -1.5212543e-01  -7.0809964e-02   1.7634184e-01  -9.4964983e-02   1.1937512e-01  -1.6489765e-01  -1.0653544e-01   1.0125461e-01   1.3664320e-02   8.6768685e-03  -2.5954007e-01  -1.5956546e-01  -1.2093604e-01  -4.0022269e-02  -6.1169493e-02  -1.6351752e-01  -9.4729685e-02   7.7106919e-02   1.5264658e-01   9.1131051e-02   1.0607911e-01
  -1.2748959e-01   8.6306127e-02   6.2431004e-02   4.9410769e-02  -1.3980572e-01  -2.2932049e-01   1.3436164e-01   1.1709198e-02   3.0466268e-01   1.3876848e-01  -1.4257326e-01  -1.7680274e-01   7.2111921e-03   1.0243509e-02  -2.2087345e-01   1.6128952e-01  -9.3076255e-02   3.3107895e-02   3.9819311e-02   8.0791013e-02  -1.0519868e-01   1.0703479e-01  -1.0907745e-01  -7.3904184e-02   5.0577463e-02  -1.9675175e-01   2.4231651e-01   1.7282981e-01  -2.2351647e-01  -9.2557846e-02   1.0366273e-02   3.0199037e-02   4.8271431e-02  -1.1405026e-01  -1.1333752e-01   1.4850876e-02  -8.9004376e-02   1.9190945e-01   5.7911960e-02   1.4709346e-03  -3.6955514e-01  -3.5591805e-01   8.6750837e-02   1.9099685e-02  -1.4595738e-02  -1.3650867e-01  -5.0838631e-02  -6.4921067e-02  -1.4339381e-01
  -1.3562611e-01   9.0048882e-02  -2.3561309e-01   5.6678130e-04   9.8005312e-02   1.6134300e-01   3.8867701e-01  -9.2407776e-03   5.7463452e-02   9.7173604e-02  -1.3945351e-01   1.3386144e-01   2.4413176e-02  -5.9432689e-02  -1.0992726e-01   1.6511524e-01  -1.3815066e-01  -2.9813376e-02  -1.1357802e-01   1.3871145e-01  -5.9625455e-02  -6.6482908e-02   1.5175494e-02   9.0196928e-04   3.5899108e-02  -2.2957667e-01  -3.1884259e-01   1.1874534e-01  -5.7532472e-02  -1.0547227e-02  -3.0300456e-01  -1.2935779e-02  -6.1361177e-02  -2.7008909e-01   1.4849298e-01  -2.0132385e-01   6.2356023e-02  -1.4831589e-01  -9.8960101e-02   1.2345601e-01  -8.3000290e-02   1.8937216e-01  -1.5293831e-01   1.6415768e-03  -6.4112846e-02   2.1974522e-02   3.5604847e-02  -1.1066240e-01   1.9406626e-01
  -1.5512370e-01   1.2134505e-01   4.2671473e-03  -1.2393142e-01  -2.5553755e-01   8.5899652e-02   1.5155496e-02  -1.0469871e-01   1.3772433e-01   9.8453977e-03   5.4596223e-02  -2.4797975e-01  -2.8332561e-01  -5.6420265e-03   7.5709180e-02  -2.2503096e-01  -5.0692886e-02  -2.6753567e-02   3.0469629e-01   6.1453831e-02  -1.7048516e-01  -2.5768610e-01   2.6834323e-01  -7.7610295e-02  -8.4606651e-02  -1.0990012e-01   9.7962917e-02  -2.0322802e-01   7.5008250e-02  -2.0761354e-01  -4.2114673e-02  -2.2004528e-01  -2.4218051e-02  -1.5397914e-01   7.1537839e-03  -1.7904301e-01   3.7913620e-03  -1.0682106e-02   1.0050088e-01  -9.4708730e-02   1.2734561e-01   3.0384289e-02  -1.6837236e-01  -2.0037327e-02   5.8758083e-02   1.2766308e-01   1.5902051e-01  -8.3810886e-02  -1.6042301e-01
  -1.3872757e-01  -2.2970466e-01   1.1942350e-02   1.7758968e-01  -1.3827403e-02   9.1935348e-02   5.0407212e-02   1.4898331e-01   5.4638948e-02   6.3548254e-02  -4.6092703e-02  -2.7261201e-01   7.0482312e-02  -1.9500327e-01   1.1472912e-01   2.0151595e-01  -2.0113886e-02   3.1721359e-02  -8.1415740e-04  -7.5036162e-02   1.9058803e-01   1.1905768e-01  -8.3392739e-02   3.7449745e-01   3.7510435e-01   1.1510096e-01  -2.1705404e-02  -2.4632913e-01  -4.9089788e-02  -1.7487903e-01  -3.9213207e-02  -6.5410143e-02  -2.1344088e-01  -3.2500568e-03  -2.5141732e-01  -7.9561804e-02  -3.7408925e-02   7.0432551e-02   3.1422364e-02   1.1069143e-01   1.4314687e-02   4.2708027e-02  -1.1038394e-01  -4.3827609e-02   3.3377670e-02   1.3716043e-01   2.0722384e-01   9.7898882e-02  -2.7389050e-02
  -1.4441480e-01   5.0233568e-02  -1.4279729e-01   1.0131195e-02  -5.0944890e-02  -8.9969511e-02   3.6715353e-02   6.6975672e-02   2.9074440e-01  -3.2045590e-02   2.3138525e-01  -1.7368672e-01   1.9867760e-01   4.6826833e-02   1.9154473e-01  -1.7667184e-01  -1.0920139e-01  -7.6203936e-02   1.6071293e-01   5.2511331e-02   1.2219902e-01  -5.1521940e-02   3.9542423e-02  -1.6606665e-01  -6.6546175e-02   3.9997860e-02  -1.1480218e-01  -2.5630012e-01  -1.2480247e-01   1.9825777e-01  -4.4446928e-02   1.9160988e-01  -1.7434714e-02  -2.4099365e-02  -1.3713799e-01   1.0188336e-01  -8.9139479e-02  -1.9423661e-02  -3.0456453e-01   9.2143589e-02  -7.0882495e-02   6.1080987e-02   3.5626370e-01  -1.8128183e-01  -1.2045146e-01   1.2527568e-01  -5.6252559e-02  -6.8940336e-02   2.0723770e-01
  -1.7268606e-01   3.9264451e-02  -8.1351244e-02   4.1313715e-03   3.1971960e-02   1.1451828e-01  -1.0002446e-01   4.8347723e-02   2.1341333e-01   9.8731838e-02   7.4819762e-02   1.2226570e-01  -1.3227212e-01   1.1451585e-01  -2.5075176e-01  -7.1905255e-02  -1.3421442e-01   2.2073090e-01   2.2062778e-01   6.5073377e-04  -1.4245120e-02   1.7010990e-01  -1.8210023e-01   2.3933173e-01  -4.9421756e-02   1.4788842e-01  -4.7367875e-02  -1.9511381e-01  -9.8565912e-02   1.9108320e-01  -4.6553640e-02  -6.5963810e-02   1.2624020e-01  -2.0891570e-01   5.3018037e-02   3.2275899e-01   9.0307534e-02  -2.2248475e-01   1.7066489e-01   6.9109969e-02   1.2737421e-01   9.9236132e-02  -6.1629465e-03   2.1480664e-03   7.4981422e-02  -3.1512219e-01   2.1300382e-02   7.8795947e-02  -1.1329234e-01
  -1.4730042e-01   1.4317073e-01   1.3746525e-01   8.0657906e-02   6.9005438e-03   6.3016667e-02  -1.9115043e-01  -6.0471372e-02   1.0401126e-01  -1.8769736e-01  -9.3829152e-02  -9.2204135e-02  -9.2626989e-02  -1.6752133e-01  -2.7521499e-01   1.7390496e-01   9.6473158e-02  -1.0322930e-01  -6.8373299e-02   2.3873561e-01   2.2488726e-01  -1.4899365e-01   3.3338227e-01  -1.2207377e-02   1.3817406e-01   2.3017772e-01   2.7405170e-02   5.5158358e-02  -1.3751585e-01  -3.0905912e-02  -1.3176390e-01  -2.6976944e-02   2.8812641e-01   1.3414362e-01   1.3210788e-01   1.3286715e-01   1.6833027e-01   1.1820438e-01   1.0533152e-01   5.1140078e-02   5.5775907e-02   2.8694575e-02   1.2202639e-01   2.6307103e-02  -7.2592643e-02   2.2642900e-02   1.1171205e-01  -5.7063098e-02   2.6365354e-01
  -1.4644628e-01   1.7899159e-01   7.9443371e-02  -7.1272822e-02   1.6010772e-01   1.2769941e-03   1.2254943e-01  -1.5681494e-01   5.6636241e-02  -2.4305295e-02   2.0121096e-01   2.2208027e-01  -1.7587231e-01   1.0875794e-01   7.7578137e-02   6.3491771e-02   4.4165316e-02  -8.1831044e-02   9.5570302e-02   2.3197092e-02   1.7747357e-01   8.8606503e-02  -1.4750572e-02  -4.9346285e-02   1.4629450e-01  -1.4507244e-01   2.9739465e-01  -6.4614760e-02  -1.5793292e-02   1.6744769e-01   6.8587545e-02   1.7552235e-01  -1.0794006e-01   1.0078679e-01   1.2606790e-01  -1.3717724e-01  -2.0650615e-01  -8.9464056e-03   2.7902599e-01   4.1539300e-01   8.5071512e-02  -1.0765227e-01  -1.5872644e-01  -8.7771697e-02  -9.8009069e-03   1.6076680e-01  -5.0847136e-02   1.5390294e-01   1.0339505e-01
  -1.4735217e-01   2.1260744e-01   6.6730814e-02   8.6862285e-02   1.4911562e-01   1.1821577e-01  -5.8846834e-02   7.4439396e-02  -1.3792929e-01  -1.4654771e-01   7.8659311e-02  -2.5698770e-01  -6.8347688e-02  -1.5689714e-01   2.8526632e-01  -9.1159535e-02  -3.8631427e-02  -2.6517436e-01   1.8063668e-01  -7.7474399e-02   7.7731501e-04   6.3392177e-02   2.5543858e-02   1.2774074e-01   6.2017809e-02  -1.4812179e-01  -2.6667544e-01   2.8740617e-01  -1.4407539e-01  -2.0463742e-02  -5.9089489e-03   7.4671606e-02  -6.2964720e-02   5.5602128e-02   9.2362906e-02   1.0332160e-01  -1.1387983e-01  -1.1073532e-01   3.0538857e-01  -1.6898593e-01  -1.9678132e-01   9.7437285e-02   7.4207197e-02  -1.0825979e-02   4.3372064e-02  -1.8155299e-01  -1.9053893e-01   5.0912989e-02  -7.4510979e-02
  -1.4211495e-01  -1.3740934e-02  -1.8626513e-01  -1.1351532e-01  -1.4304160e-01   1.9762696e-02   1.5676209e-02  -8.9544381e-03   1.0668779e-01  -2.4704314e-02  -1.9726624e-01   7.7244848e-02   1.6101859e-01  -1.6276505e-01  -8.5339585e-02  -7.6553996e-02  -1.8024896e-01  -1.6455925e-01  -5.0447897e-02  -3.6494278e-01  -1.9878137e-01  -2.6421246e-02   1.9385590e-01   2.7972491e-02   4.1664969e-02  -1.0965395e-01  -3.0918956e-02   1.7843783e-01  -2.5177751e-02   4.4671372e-02   1.5992919e-01   1.9244498e-01   1.4741065e-01   2.6871327e-01  -1.6483567e-01   1.7463442e-03  -3.2177081e-02   8.7589637e-03  -1.5968490e-02   2.4982226e-01   2.7505065e-01   3.0956845e-02   1.1925242e-02  -9.9751269e-02   2.6180939e-01  -1.5217093e-01   1.8895667e-01  -2.1913404e-02  -5.7209106e-02
  -1.4568697e-01   1.3944603e-01  -2.2962262e-01   4.2977466e-02   1.0070548e-01  -1.2398906e-01  -1.3639912e-02   1.1123013e-01  -6.6467739e-02   7.4445496e-03   4.2772869e-02   1.7759797e-01   1.8331460e-01   4.1185808e-02  -6.4372450e-02  -7.2672105e-02   2.1512128e-01   1.0224880e-01   2.2999577e-01   4.0222774e-01   1.4373141e-01   1.6378905e-01   5.8785374e-02   8.1800294e-02  -2.2184988e-03  -5.3111422e-02   1.7597846e-01   1.4010813e-01   8.8240339e-02  -3.3265168e-01  -1.2746151e-01   8.9295482e-02   3.9833537e-02   2.0853832e-01  -2.3476925e-01  -7.0621001e-02  -1.0623049e-01  -7.6391803e-02  -1.0190012e-01  -1.1685458e-01   1.2097935e-01   1.8681351e-01  -4.5651806e-02  -7.9379320e-02   1.0034759e-01  -7.8178348e-02  -6.8306156e-02  -1.2865889e-01  -1.3159474e-01
  -1.5956810e-01   2.1548029e-01   1.3920087e-01   2.3208885e-01  -2.1209955e-01   1.9043150e-01  -9.7538699e-03   4.4550448e-02   3.0140473e-02   2.6224895e-02  -3.7420151e-02  -2.9429843e-02  -4.4267243e-02   1.5892683e-01  -2.1581594e-02   8.1602459e-02  -5.3598513e-02  -2.9162915e-02  -1.4695910e-01   8.3070677e-02   5.9197773e-02   8.7813252e-02  -6.5654284e-02  -4.9523828e-02  -6.6036497e-02  -1.1351691e-01  -2.0463896e-01  -7.9648634e-02   6.6188501e-02   3.8301585e-02   5.6148094e-02   9.8167545e-02   2.5887333e-01   4.0220872e-02  -1.3491680e-01  -2.5907148e-02   1.6303897e-01   8.0374554e-02  -1.6444858e-01  -6.6383453e-02   7.2998326e-02  -2.1347538e-02  -1.4777352e-01   2.6097307e-02   3.0089698e-01   2.9096553e-01  -3.5303473e-01   3.2116575e-01  -1.2546780e-01
  -1.3067063e-01  -3.8040640e-02   1.0408403e-01   7.5916361e-02   2.1030487e-03   1.8188743e-01  -1.0615242e-01  -2.0350765e-02  -2.5898479e-02  -3.1557817e-02  -5.5293095e-02  -9.3312148e-02   1.3713401e-01   1.5273156e-01  -1.3513830e-01   4.4338134e-03  -2.0954086e-02  -3.7237780e-01  -1.1692874e-02  -1.3572853e-01   2.5227168e-01   2.2225533e-01   3.5615102e-02   1.1792292e-01  -1.5462157e-01  -1.6316268e-02   2.2041673e-01   1.1341098e-01   1.9729556e-01   1.8936807e-01  -6.7347207e-02   1.6043201e-01  -1.4290378e-02  -3.3926386e-01   9.2798625e-02  -1.9138959e-01  -8.1117963e-03   8.1031961e-02  -1.0453456e-01  -9.7661655e-02   1.4258987e-01   5.6495597e-02   6.7921927e-02   2.7122081e-02  -1.9865406e-01   5.1747075e-03   1.1032977e-01  -1.9085943e-01  -2.5515546e-01
  -1.2951301e-01  -6.6988108e-02  -8.9751796e-02   3.2145846e-01  -1.9456706e-01   7.7045331e-02  -9.9608559e-02  -3.2139918e-02  -8.1435328e-02   7.5343424e-02   2.4586539e-02   3.9695713e-02   1.9723979e-03   3.7454409e-01  -4.4813128e-03  -1.1464392e-01  -2.1531669e-01  -3.2070422e-02   2.1933603e-02   9.4357487e-02   4.1883175e-02  -3.0998762e-02   2.8674137e-02   1.6490612e-01  -9.2736864e-02  -1.8641243e-02  -2.6324121e-02   2.1893670e-01   1.2889824e-01   3.6213710e-03   1.2169143e-01  -2.0918136e-01  -1.9979560e-01   1.2941898e-01  -4.5341495e-02  -6.2053110e-02   6.0151963e-02   2.2804431e-02   7.0417770e-02  -6.4631532e-02  -1.6253311e-02  -2.5363473e-01  -3.1453820e-02  -2.3260541e-01  -3.3831747e-02  -1.3854264e-01   1.0673743e-01   1.8902274e-02   4.4357919e-01
  -1.2184998e-01   1.1109900e-01   1.5361348e-01   4.5678694e-02  -2.6530627e-01  -1.1105214e-01  -1.9038683e-02   6.0433847e-02   7.6312961e-02  -4.6347105e-02  -1.2916891e-01   1.7740657e-01  -1.2299687e-01  -2.9281399e-01   1.5732744e-01  -7.0295364e-02   3.4903382e-02  -9.5371764e-02  -1.8578933e-01   1.5914377e-01  -1.0127068e-01  -1.3645083e-01  -2.4517855e-01  -7.2539210e-02   3.4920966e-02   1.6150766e-02   8.3442294e-02   9.4381650e-02   2.6387403e-01   7.9326323e-02  -1.4846008e-01   7.7532983e-02  -9.0112775e-02  -1.5875578e-01  -1.9565694e-01   2.1975904e-01  -1.8758041e-01   6.1823177e-02   6.3678024e-03  -7.6506750e-02   1.5565844e-01   1.3183954e-01  -7.8149681e-02  -1.0510172e-01  -2.6987143e-01  -1.6055734e-01   6.8171425e-02   2.3689442e-01   7.0892240e-02
  -1.4755486e-01   1.9806124e-01   2.1485603e-01   6.6424675e-02  -1.1012412e-02   2.4191204e-02   1.9213989e-01   1.7253676e-03  -3.2267941e-01   1.1463281e-01  -2.9744059e-01   1.1166963e-01   1.3759363e-01   2.0393791e-03   2.1477087e-01  -1.5573258e-01   1.6409957e-01   1.3412949e-01   1.0056536e-01  -1.1520617e-01   1.2843556e-01  -1.2881553e-01   8.3029762e-02   1.9992390e-02   9.5242098e-02   1.0842670e-01  -4.3058387e-02  -1.5588981e-01  -7.4579932e-03   6.5329098e-02  -1.5443039e-01   5.4460520e-02   1.8530824e-01  -1.0127590e-01  -4.8656931e-02   7.3409084e-03  -1.3201103e-02  -2.3290034e-01  -5.8917336e-02   3.3157966e-02   9.0129979e-04  -4.6227359e-01   4.4879596e-02  -3.1540977e-03   2.5219348e-02  -1.0700904e-01   7.9087328e-02  -1.2586076e-01  -2.3644668e-02
  -1.3404425e-01  -1.3678544e-01   2.9186008e-01  -2.4881819e-01   2.3439335e-01   1.2256540e-01   5.3060439e-02   1.0584225e-01   8.3019690e-02  -6.1793048e-03   6.3660664e-02   1.1182327e-01  -5.0153704e-02   2.0412006e-01   2.3830748e-01   2.4924710e-01  -1.7525957e-01  -1.3265455e-01   8.5358173e-02   3.5220065e-02  -2.5666167e-02  -1.0945068e-02   8.7581877e-02  -1.3679145e-01  -5.8528620e-02  -7.9185135e-04   9.7035783e-02   1.1331519e-02   5.3033261e-02  -2.6255560e-01  -1.0208897e-01   6.7679126e-02  -1.0691447e-01  -4.2568246e-02  -9.0412339e-02   8.4313260e-02   1.5672999e-01   3.9548912e-02  -1.9120055e-01  -4.3489614e-02   4.9263871e-02  -3.5589210e-02   1.3162842e-01   2.3993231e-01   2.2027272e-01  -2.6890337e-01   1.2980844e-01   1.8827562e-01   1.3086949e-01
  -1.3726075e-01  -1.2456736e-01  -1.1131674e-01   1.3930363e-01  -8.8091437e-02  -2.7810958e-01   1.8780485e-02  -1.0914232e-01   9.6634917e-03  -1.5034477e-01  -7.8863845e-03   1.6310827e-01  -4.7175539e-02   3.0083439e-02  -3.3065944e-02   1.2330876e-01   1.8849304e-01   7.2424693e-02   4.8277930e-02  -2.4081628e-01   1.7802238e-01  -2.1638450e-01   7.1805743e-02   1.2704139e-01  -1.1920134e-01  -3.7747673e-01  -7.0170038e-02  -2.8793423e-01   9.4274722e-02   8.0840693e-02  -1.2160107e-01   1.7702746e-01  -9.6236126e-02   6.3137943e-02  -8.3567737e-02  -2.2551263e-02   2.3327205e-01   1.6820565e-01   2.1635868e-01  -1.7174032e-01  -8.3583802e-02   8.9740299e-02   7.5429563e-02   1.8293731e-01  -2.8766504e-03  -1.4656680e-01  -5.9348355e-02  -2.0312804e-02   3.6391989e-02
  -1.2600859e-01  -1.4294871e-01   6.1285318e-02  -2.6342515e-01   1.3502954e-02   1.9981858e-01  -6.3659811e-02  -2.2969211e-02  -3.1799541e-02   2.9001476e-01  -6.1671101e-02   9.5489636e-02  -1.4263696e-01   1.7067701e-02   2.2944995e-01  -3.2121574e-02   1.7493868e-02  -7.1576227e-02  -8.1972505e-02   2.3763867e-01  -7.7545786e-02   3.8401738e-02  -1.8584244e-01   1.7562938e-01  -8.2901297e-03  -1.4858535e-01  -1.3257998e-01  -8.7901144e-02   1.9386273e-02  -3.8625864e-02   1.9543942e-01   2.7503396e-02   2.6717656e-01   1.1519831e-01  -1.4277158e-01  -1.6855895e-02   1.2849311e-01   2.1695525e-01   1.6642563e-01   1.0695863e-01   1.6522306e-02   2.5684437e-02   1.6328105e-01   7.2985160e-03  -2.3839492e-01   3.6726023e-02  -8.4079599e-02  -3.7783092e-01   5.9984234e-03
  -1.4933928e-01  -6.3323064e-02   8.1106045e-03  -2.1335662e-01   5.4542800e-02  -2.3104396e-01  -1.7275076e-01  -2.6001613e-02   8.1957422e-02   3.3776353e-01   1.9637621e-01   8.5772511e-02   5.1833972e-02  -1.9841531e-01   5.4223089e-02   8.5701039e-02  -4.3515207e-02  -1.2028943e-03   3.7669234e-02  -2.7133597e-02   1.7263916e-01  -1.3872798e-01   1.9958424e-01   1.6812056e-01  -1.3326785e-01   3.8946978e-02  -1.1597005e-01   1.8821164e-01  -9.7590397e-02   1.2582322e-02   8.5764969e-02   8.1230084e-02   8.3194188e-04   2.1283979e-02   6.6048780e-02  -1.9879937e-02   2.3507859e-01  -1.1569440e-01  -1.6473007e-01  -8.5708724e-02  -4.8745043e-02  -1.7466834e-01  -2.9036028e-01  -1.4619198e-01  -2.7094299e-01   5.2391398e-02  -9.2213364e-03   2.3806053e-01  -1.7134784e-01
  -1.4064952e-01   2.7946057e-01  -1.4207534e-01  -7.4352023e-02   1.0595334e-01  -3.2240594e-02   7.3503356e-02   7.8459740e-02  -1.0507316e-01   9.3761124e-02  -2.0105404e-01  -2.3605813e-01  -3.4603135e-02   1.1916691e-01   2.4143831e-02   6.9232977e-02   3.4766238e-02   7.7558524e-02   3.0426404e-02  -1.7625897e-01  -3.0302426e-01   1.6163598e-01  -7.9241902e-02  -4.2196658e-02  -1.3295575e-01   2.4721581e-01   1.6269782e-01  -3.1550609e-02   7.3714985e-02  -4.6190291e-02  -1.4743433e-01   2.7637202e-01  -1.9790660e-01   1.6784780e-01   4.8408088e-02   1.3222150e-01   3.6761509e-01   8.8135204e-02   1.0958370e-01  -5.2164013e-02   1.3779759e-02   5.2730242e-02  -7.6311752e-02  -1.1422286e-01  -1.6385496e-01   1.8274610e-01   7.1715645e-03  -1.7089728e-02   1.0688936e-01
  -1.2437368e-01  -1.5880354e-01  -4.3961218e-02  -1.5575311e-01  -1.9409122e-01   1.2645459e-01  -1.4236797e-01   1.9410237e-01  -4.2777494e-02  -3.2312651e-01  -2.7614313e-02  -1.1295199e-01   1.3922247e-01   2.4560856e-02   8.3190837e-02  -8.2958638e-02   5.5001981e-02  -5.5873720e-02  -8.3982760e-02   1.0409859e-01   2.0357629e-02  -1.8466228e-01  -1.7544580e-01   8.3659510e-02  -2.3473549e-01   7.9170294e-02   1.8281161e-01  -4.2986176e-02  -4.1489276e-02   3.6996942e-02  -1.6810852e-01   7.5757726e-04   2.8993447e-02   1.2149245e-01   8.6364776e-02  -7.2839636e-02   8.1883941e-02  -7.1552224e-02  -6.3062372e-02   3.6634296e-01  -3.3122149e-01  -5.7125178e-03  -3.1645352e-01   5.3213711e-02   5.5462120e-02  -1.7080585e-01  -1.2791671e-01  -4.4656321e-02  -4.4139322e-02
  -1.6690316e-01   2.4680500e-02   8.5259042e-02   7.2273144e-02  -4.1869109e-03  -1.6737340e-01  -3.2396145e-01  -4.5287983e-02  -2.1337325e-01   2.3209591e-01  -5.6311268e-02   1.0692619e-01  -9.4834858e-02   3.6534187e-02   3.5258132e-02  -1.4697427e-01  -2.0578707e-01   1.7032461e-01   8.6222884e-02  -9.2138015e-02   8.1776320e-04  -2.1207484e-01  -1.3082194e-01  -3.1897048e-02   2.6916417e-01   9.7414961e-02   1.4679206e-01   1.4724938e-01  -8.5944476e-02   5.0132632e-02  -1.6759098e-02   1.3009152e-01   3.1967955e-02  -1.5500421e-01   8.8493304e-02  -2.1057741e-01   3.2625483e-02   1.3753356e-01  -1.1452327e-01   4.9053407e-02  -2.1930595e-01   3.6868323e-01   9.5761750e-02   3.0687012e-02   2.3636021e-01   8.1755125e-02   2.7215937e-02  -3.1357005e-02   5.5114927e-02
  -1.3641237e-01   3.5083639e-02  -4.2759137e-02   1.2876269e-01   5.0971029e-02   3.6966480e-01   4.1957271e-02   1.0455240e-01  -1.9724942e-01  -2.6173796e-02   1.0789823e-01   1.3847991e-01  -1.4762627e-01  -1.0820705e-01  -1.8664636e-01   1.3287257e-01   1.9567477e-01   8.6871459e-02   1.2002359e-01   8.2224644e-02  -1.7476810e-01  -2.7898899e-01   7.2479529e-02   6.3434163e-02  -1.3369276e-01   2.9115637e-02   1.6644780e-02   6.9659953e-02  -2.0823873e-01   1.9168514e-01   2.1322350e-01   9.1060103e-02  -3.4395328e-01  -3.8618072e-03  -1.3372691e-01   1.4868052e-01  -1.1248789e-01   1.9422439e-01  -2.2290920e-01   2.3952592e-02  -2.6978597e-02  -7.9229969e-02   6.9028924e-02   6.7165732e-02  -1.1700105e-03   7.2629961e-02   5.2888151e-02  -6.5263519e-02  -1.5320941e-01
  -1.3674893e-01  -2.4153646e-01   1.9681508e-02   2.6111569e-02  -1.2859823e-01  -6.7676633e-02   2.2178103e-01   3.4876922e-01   7.9241786e-02   1.9284686e-02   1.1745550e-02  -5.2562171e-02  -1.8820534e-01   1.0633667e-01  -1.6811460e-02  -6.0558225e-02   3.3159623e-01  -1.5528997e-02  -5.8874403e-02   1.2347383e-01  -1.0351049e-01   8.0242661e-02   1.8444805e-01  -1.1103281e-01   2.9472850e-01   2.7124862e-02   8.8380264e-03   7.2146494e-02   2.0722782e-01   1.8468244e-01   2.6782859e-01   8.6135818e-02   7.6584687e-03   1.2992947e-02   1.7024498e-01  -1.0976379e-01   2.1050084e-01  -2.5002863e-01  -5.6762030e-03  -2.1862434e-02  -1.3989592e-01   9.3536994e-02   1.3909703e-01  -9.0463165e-02   2.2109413e-02  -8.6451408e-02   5.8135313e-02   7.3331320e-02  -8.3976052e-02
  -1.4486632e-01  -7.7935472e-02  -1.1134650e-01   1.9638551e-02  -2.4803021e-02  -3.6666614e-02  -5.1822037e-02   2.1755474e-02   4.9985860e-02   1.4153275e-01  -1.3647483e-01   2.1867744e-01   3.4034501e-02   1.4545675e-01   2.5230074e-01  -3.6683608e-02   1.0935268e-01  -6.4882923e-02  -2.2667964e-01  -1.4335668e-02  -1.4213342e-01   2.4207546e-01   4.3567332e-01  -6.1105580e-03  -3.8115058e-02   1.7959668e-01   1.8137185e-02  -1.3344288e-01  -2.5418142e-01   1.3611911e-01  -1.8552361e-01  -2.3268498e-01  -6.0649884e-02  -2.5183806e-02   7.4487753e-02   2.0881158e-02  -2.2818289e-01   2.9539452e-01   5.7016391e-02  -7.4227631e-02  -7.4248740e-02   9.5137703e-02  -7.9897190e-02  -3.0237778e-02   3.6874724e-02  -6.9819510e-02  -1.4692019e-01   6.0285924e-02  -8.4237455e-02
  -1.4835308e-01   3.1150953e-03   2.4124709e-02   2.6427670e-02   6.8259998e-02   7.8103026e-02   8.1666673e-02  -6.5366904e-02   2.1110280e-01   1.7861713e-01   2.2340715e-01  -1.0748339e-01  -2.4717490e-01  -5.9754360e-02   1.7996236e-02  -2.4621779e-01   1.3487767e-01   1.3073660e-01  -3.2542755e-01  -1.9139634e-01   6.2525728e-02   4.1621536e-02  -6.8343364e-02   1.4670702e-01  -1.0034659e-01  -3.9682615e-02   1.3812526e-01   2.2599778e-01   4.3048015e-02   9.4436067e-02  -3.0314536e-01  -1.0447185e-01   1.9825252e-02   2.7226308e-01  -6.7796249e-02   1.6879700e-02  -8.5854192e-02  -1.6553565e-01  -1.2667079e-01  -8.3406034e-02  -2.5318975e-02  -4.1011892e-02   9.3369994e-02   3.0483548e-01   8.8448542e-02   1.3118467e-01   9.3161880e-02  -8.6450599e-02   6.3961661e-02
  -1.4578231e-01   1.4365945e-01  -6.0221118e-02  -5.4421963e-02  -3.1528157e-01   6.4131777e-02  -1.4642038e-01  -2.2015685e-01  -5.6113330e-02  -4.8167780e-03  -1.4499394e-02  -2.0071111e-02  -3.1930674e-02  -1.1483736e-01   1.5433101e-01   2.1206904e-01   1.9707396e-02   1.6427263e-01  -2.1524725e-01  -1.4429681e-02   1.7980794e-01   1.5172351e-01  -8.7525139e-02  -1.4431667e-01   4.9465365e-02  -1.2830286e-01   5.8616280e-02  -4.5623368e-02  -1.1688533e-01  -1.5710637e-01   8.8839785e-02  -1.2515951e-01  -3.2470832e-01   5.3228977e-02   2.9251778e-01   5.2166881e-02   1.2850559e-01  -1.6765389e-01  -1.6730116e-01   5.5602743e-02   1.7597975e-01   3.2182690e-03   2.3073554e-01  -1.2240772e-01   4.6747130e-02  -1.6145023e-01  -9.9907401e-02  -1.4426066e-01  -1.2933905e-01
  -1.4467113e-01  -6.3264799e-02  -7.3712968e-02   6.4155797e-02   2.5029092e-01   1.5317275e-02  -1.7739749e-01  -1.5070266e-01   6.7331899e-02   2.9861843e-02  -3.6911835e-01   7.3850599e-02  -4.5016237e-02  -3.0166541e-01  -5.3975655e-02   2.6520042e-03  -2.1177525e-01  -1.0805369e-01  -2.7008618e-02   1.7382635e-01  -4.8809416e-03   9.2156131e-02   7.9801721e-02  -7.9488348e-02  -1.9209701e-01   4.3475555e-02   1.0200505e-01  -2.4110229e-01   2.2992925e-01   9.7909597e-02   2.1229253e-01  -2.0386567e-02  -1.4825329e-01   7.7492738e-02  -8.4551120e-02  -4.9371689e-02  -7.0104331e-02  -3.3282736e-01   4.2266044e-02  -1.0159046e-01  -2.6582742e-01  -4.2880654e-02   5.6192007e-02   1.0279171e-01   1.1163206e-01   1.1831861e-01  -4.5540407e-02   7.0207980e-03   3.5585818e-02
  -1.4356721e-01   1.2723864e-02   1.9915803e-01  -1.3272976e-01  -2.2014600e-01   2.8401387e-03  -8.9643187e-02  -5.6150683e-02   6.3757507e-03  -5.3280224e-02   1.4634137e-01   2.2954379e-01   1.6173641e-02   2.8766616e-02  -2.2046684e-01   1.0898855e-01   7.1715111e-02  -2.3718989e-01   2.1009886e-01  -2.6343692e-01  -1.2251338e-01   1.7104314e-01  -5.9714291e-02  -1.4424709e-01   2.7211964e-01   1.2460739e-01  -1.1963254e-01  -4.4398664e-02  -3.2725816e-03  -3.0491980e-03  -3.7475857e-02  -1.4253254e-01  -8.4581916e-02   1.1302459e-01  -2.0306241e-01   1.5226571e-02  -1.5076209e-02  -1.7425778e-01  -1.0874556e-01  -1.3078649e-01  -1.3376489e-01   3.0239212e-02  -2.2779853e-01   9.3277652e-02  -1.1740684e-01   5.8480830e-02  -1.7655393e-01  -2.8403077e-01   1.5224055e-01
  -1.3053404e-01  -2.1758830e-02  -2.3381820e-01  -7.2843630e-02  -1.3154977e-01   1.5899690e-01   9.5181705e-02  -3.1287341e-01  -1.6924579e-01  -5.7704586e-02   2.3521074e-01  -1.5179707e-01   1.9335316e-01  -1.1459379e-01   9.6898505e-02  -3.4363784e-02  -1.6838253e-02   2.1579195e-01  -7.7007622e-02   9.5776065e-02  -1.4926706e-03   1.6991332e-01   1.0021760e-01  -1.6583325e-01   8.4975714e-02   1.3683042e-01   9.6486922e-02   8.0132380e-02  -3.9382363e-02   1.0192467e-01   1.9820761e-01   1.4128845e-01   1.1646765e-01  -2.0850069e-01  -2.2641729e-01  -9.7926750e-02   9.2096911e-02   2.7753483e-02   1.3703600e-01  -1.0012779e-01  -1.9378414e-02   5.4021223e-03  -1.2402448e-01   3.4634756e-01  -8.1536575e-02  -1.5781961e-01   1.9752339e-02   1.1718114e-01   1.5148198e-01
  -1.6828917e-01  -1.0096719e-01  -2.4111803e-01   1.0490266e-01   6.0076623e-03   5.0140207e-02  -5.5335692e-02  -2.1769734e-01  -7.0234274e-02  -1.0042481e-01   1.6848834e-01   1.8416835e-01  -1.3186023e-01   4.0696753e-02  -7.2690151e-02  -3.2745105e-02   9.8964203e-02  -1.2720038e-01  -6.5413395e-02  -1.3609512e-01  -8.5776048e-02   1.7331057e-02  -7.1503524e-02  -9.6229225e-02  -4.1357457e-02   2.3621015e-01  -1.8621042e-01   2.4712628e-02   1.6464087e-01  -4.1158331e-01  -1.3292777e-01   3.2927198e-02   1.0939858e-01  -1.0988197e-01  -3.5803472e-02  -2.7145159e-02  -2.3420668e-02   6.6247807e-03   7.4199145e-02   2.1973078e-01  -2.2607656e-01  -1.4570297e-01   2.8562728e-01  -1.1138788e-01  -8.5003811e-02   9.0934281e-02   8.1987284e-02   1.9987699e-01  -2.2094882e-01
  -1.4677933e-01  -3.0042339e-01   5.9146865e-02   1.1170194e-01   1.5175831e-01  -1.8999460e-01   1.6818580e-01  -4.1228420e-02  -2.9964698e-02  -1.4937164e-01  -8.6339262e-02  -4.8721814e-02  -1.4133244e-01  -1.6011238e-01  -7.1608041e-02  -3.2166474e-01  -9.8544563e-02   1.8232437e-02   6.8807993e-02  -1.1959779e-02  -1.6516054e-03   5.0288251e-02   7.6714101e-02   3.9083709e-02   3.9591724e-02   6.6287084e-02   2.7831259e-02   1.3095033e-01  -1.1626222e-03  -1.2420949e-01   1.9093215e-02  -4.4955587e-02  -1.3356885e-01  -1.7020284e-01   1.7994901e-02   9.3975289e-02   1.6416926e-01   1.1916925e-01  -1.1146202e-01   1.9854741e-01   2.9158402e-01  -1.1368021e-01  -2.0853417e-02   8.5227770e-02  -2.8744381e-02   2.8298904e-02  -5.1048466e-01  -9.2261946e-02   6.2949440e-02
  -1.3163659e-01   1.5527774e-01   1.1282451e-01  -2.7043239e-01   1.5412231e-01  -1.6909828e-01  -7.3738480e-02   6.9341347e-02  -2.1713763e-02   6.8277603e-02  -2.0099620e-02  -1.8736789e-01  -3.9953326e-02  -1.1047574e-02  -2.2255469e-01  -8.9132357e-02   2.4948616e-01   2.8005155e-03  -1.2663872e-01   8.8082081e-03   1.7631167e-01   3.7868911e-02  -1.2735555e-01  -1.7755464e-01  -1.9455477e-01   1.3882760e-01  -3.4274789e-01   2.7321558e-03   8.2479854e-03   9.3052468e-02   6.2664816e-02  -1.3356934e-01  -2.1616439e-01  -9.0678021e-02  -2.2210912e-01  -3.0100564e-01  -2.7086180e-02   1.5796551e-01   1.1569567e-01   1.0077261e-01   8.2894682e-02  -1.5408604e-02   9.7853075e-03  -9.9305868e-02   2.1067438e-01  -1.8427245e-01   4.9003945e-02   1.0222353e-02   6.7132363e-02
