  -1.2739225e-01   9.6551514e-02  -2.7740253e-01  -1.5691602e-01  -3.9821284e-01   2.1216865e-01   1.2364568e-02  -6.9258258e-02  -6.7565819e-02  -7.0727270e-02   1.9369823e-01   7.9706948e-02   8.4346935e-02  -6.2120805e-02   2.3475280e-01   2.8342972e-02   2.5956341e-02   9.1315884e-02  -8.2815756e-02  -1.6058192e-01   6.4969651e-02   2.9616473e-02  -8.4281768e-02  -1.2842258e-01  -7.7033174e-02   1.2941396e-02  -1.3160987e-03  -1.3061484e-01  -1.7869605e-01   5.3399792e-02   2.1620624e-02  -3.7459437e-03  -7.7905312e-02  -1.4812306e-01  -2.2013727e-03   2.0157344e-02   1.2557854e-01  -2.7943152e-03  -4.9092229e-02   2.4985051e-01  -1.5588529e-01   1.3321337e-01   1.2328060e-01   3.7119832e-01  -3.9781442e-02  -5.8162883e-02   2.0934142e-01  -4.5102365e-02   2.4564281e-01
  -1.6264991e-01  -2.6537980e-01   7.7944782e-02   2.4178665e-02  -1.1993086e-01  -3.9749403e-02  -1.9118375e-01  -3.4973758e-01   1.0144020e-01  -2.0088748e-01   6.1668864e-02   1.6609067e-01   7.7114986e-02   1.4235575e-01   5.1138952e-02  -7.7275429e-02   2.2208520e-02  -1.8173364e-01  -2.7091285e-02  -5.9722726e-02  -7.8839398e-02   9.7888685e-02   8.9953189e-02   1.1162507e-01  -8.5146675e-02  -1.8464831e-02   5.3649318e-02   1.1439102e-01  -8.2193557e-02  -4.8397335e-02   2.6436211e-01   1.0882127e-01   4.2865268e-02  -2.7655013e-02   7.5886308e-02  -5.3859893e-02  -2.3127224e-01   3.1090861e-01  -1.2993478e-01  -4.1049700e-02   1.2512648e-01  -1.8390484e-01   1.9690930e-01   2.1785011e-01  -4.2245571e-02   5.8332226e-02  -8.0912072e-02  -1.3323195e-01  -2.6658191e-01
  -1.4947705e-01  -1.3349871e-01  -9.6796269e-02  -9.2364533e-02   1.0657521e-01  -6.1879647e-02  -1.1243397e-01   8.5622552e-02  -1.1844554e-01  -1.6862247e-02  -2.6961936e-01  -1.8462252e-01  -4.5316618e-01   3.1107759e-01   1.2176166e-01  -7.7027755e-02   8.5579401e-02  -8.8731566e-02  -3.1557906e-02   9.4752235e-03  -3.7004457e-03   5.5771139e-02  -2.6323883e-01  -2.0737558e-01  -2.0997949e-01  -3.0977779e-02  -2.4740916e-02  -8.7678305e-02  -8.2588526e-02  -8.5141030e-02   1.2692800e-01   9.5475869e-02  -5.1166711e-03  -9.0535929e-02  -4.6081765e-02   1.6443100e-02  -2.5053930e-01  -8.9299606e-02  -1.3343725e-01  -1.0764790e-01   4.3460486e-02   2.2887170e-01  -7.7876186e-02   7.1371185e-02  -2.6360234e-02   2.5848168e-02  -1.2972421e-01   8.5042563e-02   1.9191448e-01
  -1.3153068e-01  -3.0196156e-02   2.0020186e-01   5.0770915e-02  -1.0735275e-01  -6.8223180e-02   9.8581024e-02  -7.6933019e-02  -7.0560160e-02  -1.8147066e-01  -1.5070597e-01   3.3731306e-01  -2.8823530e-03  -3.9824687e-02   1.8748524e-01   1.3741771e-01   1.4090771e-01   2.1552454e-01   9.1374592e-02   2.2481310e-01  -7.3513948e-03  -2.4263299e-01  -1.6015149e-01   2.3904492e-01   1.9527099e-02  -2.5215838e-02  -3.1840111e-02   3.2162117e-02  -5.4936974e-02  -2.1142894e-02   2.6730359e-01  -1.5342600e-01  -1.4834633e-01  -1.5026056e-02   1.1157459e-01   5.2862950e-02  -8.0232394e-02  -3.6199472e-01  -3.0275804e-02   2.3552944e-02  -7.5027765e-02   9.4049953e-02  -2.5141660e-01  -2.2690089e-03  -3.2309791e-02  -4.1733688e-02   1.1868681e-01   5.5756666e-02  -1.8642291e-01
  -1.4357437e-01  -7.6103602e-02  -4.6141022e-02  -1.0754908e-02  -2.9519481e-01   9.8564242e-02   2.1355632e-01   3.6747901e-01  -1.3762079e-02  -7.3098327e-02   6.4926738e-02  -1.6982923e-01   2.9578580e-02   3.1119756e-02   6.8137591e-03   7.0612017e-02   2.7281792e-01  -2.0526784e-01   1.1145938e-01  -1.0206903e-01  -1.1811065e-02   9.9244092e-02   8.3198830e-02   1.3128645e-01   1.5492721e-01   2.6418416e-01   1.6019264e-02  -5.5352874e-02  -7.5379716e-02   9.9430848e-03   1.2367702e-01  -5.7497916e-02   2.5333999e-01  -1.0025627e-01   2.4095326e-01  -1.1914832e-01  -1.2522474e-01  -3.2278734e-02  -8.0726990e-02  -9.4059079e-03   1.4150691e-01  -1.9847916e-01  -2.5895266e-02  -2.0241246e-01   4.0037986e-02   2.2148064e-02   6.4062118e-02   2.7270712e-01   4.3449349e-02
  -1.4796542e-01   2.0355826e-01   1.4352222e-01   7.5765267e-06  -6.9948160e-02   8.7136445e-02   1.3239315e-01  -1.8660440e-01  -2.5069509e-01   7.8982606e-02   3.6822883e-02   6.5916648e-02   6.5026756e-02  -1.9347981e-02  -8.9160167e-02  -1.2056860e-01  -8.2102151e-02  -6.9387128e-02  -1.2750647e-01   2.8955410e-01   5.8802169e-02   1.8692779e-01  -1.4977431e-01  -6.1671204e-02  -1.1174910e-01   2.6879233e-01  -1.2560510e-01  -8.6632228e-02  -1.5174132e-01  -3.1249461e-02  -1.1730313e-01   5.8537361e-02   1.2129715e-01   2.2412409e-01  -1.3408007e-01  -1.1295224e-01   3.9792084e-02   1.6669103e-01   3.2146951e-02  -3.3066142e-01   1.2214477e-02   1.3787384e-02  -1.5434404e-01   1.4439390e-01  -4.0692552e-02  -8.8776540e-02   1.5726263e-01   3.0040185e-01  -1.3755710e-01
  -1.4865379e-01  -3.1122524e-01  -1.2092765e-01  -6.4267932e-02   7.0194849e-02  -1.2787320e-02  -1.5676820e-02  -3.5196757e-03   1.0081327e-01   2.8724639e-01   1.9280916e-01  -6.8162654e-02  -2.8913325e-02   2.9647018e-02  -1.7235843e-01  -4.5422515e-02  -1.0123993e-01   6.2458053e-02   9.5224819e-02   2.2405534e-01   7.7138766e-02  -1.9729104e-01   1.2792904e-01   8.7108983e-03   4.3969849e-02  -2.9211244e-02   3.3071999e-01  -6.3522340e-02  -4.2058893e-02   1.9772016e-01  -7.8588091e-02   3.7277679e-03   2.2413815e-01  -1.8498794e-01  -1.4567731e-02   1.6792697e-01   4.2580150e-02   1.3857111e-02  -2.0734574e-01   6.9413271e-02   2.5288086e-02   2.2540230e-02  -3.8065554e-01   2.4556767e-01  -2.2898324e-02   1.0100847e-02   6.5671084e-02   5.9988586e-02  -1.1575635e-01
  -1.5130961e-01   2.9290743e-01  -6.5271686e-02  -8.7384350e-02  -1.7555508e-01  -9.0589714e-02   1.4621948e-01   1.3397402e-01   1.5223479e-01  -1.2384749e-01  -3.6668345e-02  -1.6040719e-01  -5.5798106e-02   3.3956640e-02  -9.5383927e-02  -6.3020639e-02  -3.7614522e-01   1.1310934e-01  -8.5378857e-02   7.3125164e-02   2.4319969e-01   6.9703435e-03  -8.4523092e-02   1.0000991e-01  -2.7047218e-01   3.5907023e-02   4.5072046e-02   2.5902577e-01   6.0072987e-02   1.1747187e-01  -3.2822019e-02   7.4876163e-02   8.4626330e-02   4.7198517e-03   9.5892319e-03  -1.1388610e-01  -1.1607503e-02  -2.2279747e-01  -2.3856941e-01   1.2111923e-01   8.1369110e-02  -5.2226883e-03   1.8302013e-01  -6.4371744e-02  -1.6076053e-01   1.4900865e-01  -7.5325134e-02  -8.0500639e-02  -2.4722545e-01
  -1.4828280e-01   2.7202214e-01   2.4875915e-01  -1.8912748e-01  -9.2202410e-02  -7.5717828e-02  -2.1890965e-02  -1.2771188e-04   1.8281919e-02   1.0943798e-01   3.3992660e-02  -2.4706176e-01   7.4678509e-02  -8.9130652e-02   8.3469990e-03   2.1166484e-02   1.4783806e-01   3.9477374e-03  -2.6533589e-01  -9.1952019e-02  -8.9783540e-02  -1.9676750e-02  -3.8942454e-02   1.0448393e-02   1.0184638e-02  -8.9909021e-03  -1.9840610e-02  -1.8004157e-01  -1.2564850e-01   1.8627915e-02   2.2546967e-01   5.4188466e-03  -6.2590329e-02  -5.5375750e-02   1.6133414e-01   1.1921830e-01   2.4677763e-01   1.7264375e-01   3.7462220e-02  -1.1110444e-02   7.9412305e-02   4.9438638e-02  -3.3107774e-01  -4.4794029e-02  -9.9445417e-02   1.2649753e-01  -3.6271708e-01  -2.6568798e-01  -6.6617391e-02
  -1.6214514e-01  -9.5622480e-02   2.5670066e-02   5.7132237e-02   2.7239790e-01  -6.3926420e-02   2.3268536e-01   2.1133455e-01  -2.7098440e-01  -3.8253443e-02   3.1615688e-02   1.6615516e-01   1.3151277e-01   1.6579791e-02  -1.5168795e-01  -1.8898899e-01  -8.8303603e-02   8.2479714e-02   6.3267465e-02  -1.3439321e-01   1.6063770e-01   5.8525653e-02  -1.0174319e-01  -4.6786146e-02   9.2858077e-02  -6.3115448e-02  -1.5011707e-01   2.6465612e-01  -2.7700316e-01   1.4113763e-01   1.3600038e-02  -2.8378333e-01  -8.8638886e-02   1.4362408e-02   7.9369161e-02   1.4210991e-02  -7.6303442e-02   1.2492927e-01  -1.9677100e-02   8.3630654e-02   1.2297011e-01  -1.3046880e-01  -3.6910200e-02   1.4279395e-01  -1.7751064e-01  -1.4629910e-01  -1.8023881e-01  -1.1884444e-01   2.1440125e-01
  -1.3490552e-01  -1.6328872e-01   8.6608077e-02   9.6643191e-02  -1.3941524e-02   1.0716830e-01  -2.0537414e-01   9.4244608e-02  -2.7862370e-01   1.0004512e-01  -1.4272231e-01  -1.0772538e-01   2.7627077e-02  -1.2113488e-01  -1.0166996e-01   5.0516602e-02  -1.6924945e-01  -7.6139403e-02   2.0444034e-01   1.0464257e-03  -5.3355892e-02   1.0712087e-01   4.1885738e-02   1.5069390e-01  -1.2030943e-02  -1.6509108e-01  -5.0834115e-02  -1.1916319e-01   8.8897120e-02  -2.9063302e-01   5.9138268e-02  -7.9718072e-02   4.3392523e-02  -1.8438458e-01   8.3467731e-02  -2.3445423e-01   4.4377239e-01  -2.0329107e-01  -5.6334694e-02  -1.1442348e-01   5.2752751e-02   3.5002981e-02   1.8327980e-01   2.0181099e-01  -1.5238588e-01  -5.7759814e-02  -6.3024221e-02  -5.6691427e-03  -7.0375527e-02
  -1.5715483e-01   9.2049081e-02  -2.1986200e-02   2.6859493e-01   1.2270633e-01  -9.8145867e-02  -2.5343785e-01  -1.0831751e-02   2.4905576e-01   1.9192517e-02  -1.9787886e-02  -5.3823368e-02   2.5695067e-03   1.9312118e-01   8.1062630e-02  -1.2719638e-01  -3.1637503e-03   8.7360176e-02   3.5378450e-02  -2.0988214e-01  -6.6627549e-02   1.6104580e-01   3.2411995e-01   2.2968863e-02  -1.0447932e-01   4.1612191e-01  -2.0812627e-01   8.5909791e-02  -4.8894701e-02  -6.8440912e-02  -4.2131728e-02   4.6827049e-03  -5.1139278e-02  -1.3905416e-02   1.1079159e-02   3.0516097e-02   7.3993531e-02  -1.7920156e-01   8.2021065e-02   1.7591480e-01  -1.5296855e-01   5.1843065e-04  -2.3505769e-01   8.0629174e-02  -1.6274809e-01  -2.1629171e-01   1.0882192e-02   8.1462291e-02  -5.0831793e-02
  -1.2706019e-01  -1.8228133e-01  -1.3777005e-01  -4.2575674e-02   4.2322299e-02   2.2164656e-01   5.5920923e-02   3.6753770e-03   1.3868653e-01  -1.9893272e-01   5.4674175e-02   2.3190974e-01   1.1722391e-02  -1.9628525e-01  -1.1382875e-01  -2.4790693e-02   1.1266332e-01   2.5156709e-02   3.7593799e-01  -3.0283591e-02   2.4265875e-01   2.3742182e-01  -5.8546335e-02  -1.2470527e-01  -1.3923717e-01   1.8253009e-02  -5.1117034e-02  -8.3163812e-02   5.6028280e-02  -6.4466503e-02   7.5451112e-02   2.6326907e-01  -5.0800087e-02   1.0133166e-01  -9.8624779e-02   1.3674294e-01   1.9005737e-01   1.0795147e-01   6.1269611e-03   5.4771265e-02   6.3830758e-02   2.1048527e-01  -1.4225920e-01  -3.0682127e-01  -1.5573909e-01   8.8427287e-02  -1.2133737e-01  -1.1219502e-02  -6.9596615e-02
  -1.3498819e-01  -2.2410913e-01   1.7894637e-02  -1.1703920e-01  -1.0750231e-01  -1.2760092e-01   1.3482264e-01  -1.3016201e-01   2.2213796e-01   1.2146175e-01   2.0490064e-01   8.0157567e-02  -1.5710443e-01  -2.9966545e-01   7.4505363e-03   2.9604140e-02   8.0392369e-02   6.4692814e-02  -1.8797483e-01  -3.1719324e-02   6.0560590e-03  -3.9859883e-02   1.5127727e-01  -2.2568182e-01   9.0866780e-02   2.9856720e-02  -2.6068013e-01  -1.9498872e-02   1.6503720e-01  -1.0433069e-02  -8.8444657e-02  -1.1625109e-01  -2.5928026e-02  -1.9979262e-02  -6.3646474e-02  -4.0392540e-02  -1.3654340e-01  -2.9445308e-01   9.1311563e-02  -2.7818142e-01   1.1348204e-01  -5.5151741e-02   1.2027683e-01   9.9506909e-02  -2.8636857e-01   1.2477975e-01  -1.7272343e-01   7.6474245e-02   8.1788210e-02
  -1.4315069e-01   2.7656040e-02   1.1574710e-01  -1.6297486e-01   1.1299570e-01   1.9253135e-01  -1.2744077e-01  -2.6533531e-02   5.4166204e-02  -2.0285421e-01  -2.5053152e-01  -5.6166924e-02  -1.1748437e-01  -4.0637553e-01  -1.6292168e-01  -4.8116308e-02  -1.0241494e-01   1.0682356e-01   2.9617503e-02  -1.7450878e-01  -2.5467445e-01  -2.7656861e-01  -7.2373777e-02  -2.8401187e-02  -2.1378991e-01   2.7912659e-02  -8.5648101e-02  -3.0613863e-04  -4.8929314e-02  -5.6500728e-02  -1.0383930e-01  -9.3410278e-02   2.9883878e-01  -1.0280204e-01   7.6824989e-02   1.4038353e-01  -1.4035643e-01   1.7948090e-01   5.5497964e-02   6.2096287e-02  -1.3395816e-01  -1.5349528e-01  -5.8700704e-04  -5.0950540e-02  -9.0354267e-02  -1.4649005e-02   1.7880916e-01   6.9102279e-02   3.3113959e-02
  -1.5721205e-01  -4.6291680e-02   7.8334962e-02  -9.5575529e-02  -6.6996186e-02  -1.0206576e-01  -8.3796298e-02   4.2326525e-02  -6.0553976e-02   2.9824262e-01  -8.1774944e-02   2.7374078e-01  -2.2011259e-01   2.1707810e-01  -9.2866648e-02   2.8809785e-02  -9.1081025e-02   4.4716632e-02  -4.0010621e-02   9.9436402e-02  -1.2289025e-02  -1.8809198e-01  -5.6838646e-02  -1.2056172e-01   2.4819770e-01   1.7730091e-01  -5.3212692e-02   9.3981357e-02   4.1009818e-02   3.8050135e-02   1.1063876e-01   2.9778323e-01  -2.0905777e-02   4.2174212e-02   2.4052339e-01  -5.9417244e-02   2.0980081e-01   1.7088540e-01   1.1848171e-01   1.5576263e-01  -1.0378589e-01  -8.2827786e-02   1.8981725e-01  -1.7811846e-01  -2.1967902e-01   1.1816996e-01   1.8915353e-01  -5.5742703e-03   1.1191027e-01
  -1.5525512e-01   7.4224264e-02   3.8423807e-03  -1.5148067e-01   1.8494353e-01   5.7268213e-02   3.6806415e-01  -2.4185640e-01  -4.7894426e-02   9.9347071e-02   5.9058492e-02  -2.7295540e-03  -1.8036644e-01   9.5019989e-02   2.5875163e-01  -1.8206268e-02  -6.7077639e-02  -2.5993166e-02   1.8459112e-01  -3.1254581e-02  -9.2800887e-02  -1.0792011e-01   2.7866189e-01   2.2272092e-01  -9.0576638e-03   6.5882340e-02  -2.9011239e-02  -4.0436514e-02  -9.0260701e-02  -2.3930481e-01   3.7361683e-02  -8.0551094e-02   2.0453446e-01   1.4870417e-01  -2.4888837e-01  -1.4276560e-01   6.9323716e-02   4.0901181e-03  -1.3015041e-01   6.2583204e-02   3.6101446e-02   1.0540060e-02  -6.8170736e-03  -1.1290754e-01   4.2426844e-02   1.1433813e-01   5.7755212e-02  -2.8350649e-01   1.9694232e-01
  -1.3512085e-01   1.1464535e-01  -3.1668671e-02   7.5437235e-02   2.0145167e-01   1.2702496e-01  -1.5735527e-01  -1.8776043e-01  -2.2380838e-01  -1.3269056e-01   3.9893117e-01  -3.9017108e-02   5.8828633e-02   4.4645554e-03  -3.3387031e-02   9.0964088e-02  -4.7428267e-02   1.6445617e-01   9.7918520e-03   8.1945719e-02  -7.6309123e-02  -1.3270214e-01   6.5948543e-02   2.0405868e-02  -4.0874724e-02   2.1633437e-02   1.7308922e-01  -1.4199775e-01  -2.6371639e-02   1.4105147e-02  -1.2989624e-01   1.1775335e-01  -1.5165435e-01  -6.5346633e-02   2.7255535e-01  -3.0095771e-01  -2.2149817e-01  -3.7284524e-02  -1.1891015e-01   1.8830086e-03  -1.2308941e-01   6.2007919e-02   3.9870605e-02  -2.4343054e-01  -9.7350838e-02  -1.7958508e-02  -2.5973797e-01   1.5393358e-01   1.3493665e-01
  -1.3552226e-01   6.0729431e-02   7.6445434e-02  -1.2499676e-01   9.7477181e-02  -8.1682490e-02  -1.0622197e-01   1.4052812e-01   4.5584501e-02  -7.5324070e-02   5.5813778e-02  -7.0147781e-02   2.7206024e-01  -6.9022040e-03   1.5942058e-01  -2.5585022e-01  -3.0719435e-02   3.0295209e-01  -1.0181122e-01   1.4775888e-01  -1.0973501e-01   9.8332275e-02   7.2742501e-02   2.7258663e-03   1.6855688e-01  -1.9136474e-01   3.2847504e-02   1.0907239e-01   1.8779419e-02  -1.0467463e-01   2.8411869e-01   1.5857054e-01   2.8551463e-02  -2.6101040e-01  -3.9758863e-01   2.2460790e-02   1.1723713e-02   4.4980126e-02   9.9770068e-03  -1.9035614e-02   8.9769306e-02  -4.0482504e-02   6.2135011e-02  -1.3321622e-01  -3.1546381e-02   2.7254154e-02   1.0577175e-01   2.9326251e-01   1.4508882e-01
  -1.5072492e-01   7.9645048e-04  -1.4222648e-01   1.7692392e-01  -2.0899289e-02  -1.3092113e-02   4.4122646e-02   3.7792153e-03   2.2228124e-01  -2.4641251e-01  -9.4756663e-02   2.2403358e-02  -5.3191625e-02   9.1196484e-02  -9.5605522e-02   3.1224963e-02  -4.2770782e-02  -3.1020497e-01  -1.6538733e-01   7.8897760e-02  -1.3546760e-01  -2.7148839e-01   5.7497967e-03   8.8205743e-02  -5.2047525e-02  -5.3405583e-02   1.0309325e-01  -1.9284534e-01  -7.1644380e-02   1.4890027e-01  -8.2049735e-02  -1.5227105e-01  -3.3363845e-01  -2.9316837e-02  -2.1510236e-01  -9.5119961e-02   2.3058027e-01   1.1294784e-01   3.8537306e-03  -3.2230079e-02   2.8418758e-01  -4.0038865e-02  -1.3072325e-02  -1.3299895e-01  -2.2608589e-01  -1.3563557e-01   1.2663925e-01   7.4412648e-02   1.2009941e-01
  -1.6112406e-01   1.2544609e-01   1.3230237e-01  -2.3612816e-02  -2.1197181e-01  -5.8426148e-03   1.0440842e-01   5.1977547e-02  -1.0050167e-01  -4.2795852e-03  -1.4799405e-01   3.9684239e-02   1.3186176e-02   6.9737130e-02   2.7803468e-02   1.3844394e-01   4.4253680e-02  -3.1367608e-02   1.3633431e-01   6.3807061e-02  -8.0455912e-02   6.5609137e-02   1.5466716e-01  -3.0752271e-01   2.0076837e-01  -1.4435424e-01  -6.2521175e-02   1.2225427e-02   6.0309855e-02  -7.0223684e-02  -3.5157479e-01   1.2198795e-01  -6.3765270e-02  -3.1596185e-01  -1.4531728e-01  -5.1013816e-02  -2.1699227e-01   9.0148482e-02  -1.3764231e-01   2.2588845e-02  -3.5770128e-02  -3.7524315e-03  -9.2920451e-02  -1.1050340e-01  -7.8606616e-02  -3.1478157e-01   2.0383686e-02  -2.7665879e-01  -2.2208818e-01
  -1.5876860e-01   5.6165656e-02  -6.4262790e-02   1.8533701e-01   6.8300564e-02   2.1004761e-01   2.3894557e-02  -2.0381629e-01  -2.0306388e-02  -5.8848171e-02   2.0101819e-02  -1.8855940e-01  -2.1323519e-01   1.8207665e-02  -6.4004614e-02   1.3585770e-01   2.7349027e-01   1.2662046e-01  -1.1646971e-01  -1.8487380e-01   2.0935775e-03   1.2300121e-04  -2.4008067e-01   1.3100709e-02   3.3947310e-01  -8.8986290e-02   1.1320273e-02   3.5144542e-01   1.5831555e-01  -1.2224707e-01  -1.2765210e-01  -3.7884407e-02  -4.2198144e-02   9.0122380e-02  -1.2924813e-01  -7.1225105e-02   1.5119263e-01   8.9460110e-02  -1.4774013e-01   1.7789827e-01   3.9827724e-02  -5.4910955e-02  -9.5424347e-02   1.2853557e-01   2.0391617e-02   1.6536044e-01  -1.3656573e-02   1.9380054e-01  -1.4625949e-01
  -1.2441698e-01   8.8153820e-02  -1.5519656e-01  -2.3840092e-01   1.3146764e-01   5.3890120e-02  -1.4032458e-01  -2.5975775e-02   1.2333789e-01  -1.5875640e-02   4.6550694e-02  -1.2519297e-01   1.4679664e-01   7.9036284e-02   8.6671014e-02   1.3506495e-02  -6.1146392e-02  -9.1131104e-02   2.0539939e-01   9.1436031e-02   2.6585488e-01  -1.9041371e-01  -1.8564185e-01  -2.2113788e-01   7.0316481e-02   1.5129432e-01   5.3516733e-02  -5.6015012e-03  -9.1615745e-02  -3.5284922e-01  -1.5887037e-02  -8.5931412e-02  -2.4366071e-01  -3.9624935e-02   4.4157496e-02   5.3423649e-02   1.1931470e-02  -1.2283986e-01   1.3601829e-01  -1.3920157e-01   3.1309901e-02  -4.4834810e-01  -2.4770175e-02   2.1214111e-02   1.5166804e-01   5.1010634e-02   3.2783795e-02  -8.1240967e-02  -8.4430287e-02
  -1.3795816e-01  -1.6412573e-01   1.0719614e-01   2.4972934e-01   1.6409702e-02  -1.0629525e-01   2.9438794e-01  -2.3560220e-02   7.9197512e-02   7.2526131e-02  -5.3510694e-02  -1.4789923e-01   1.8849211e-01  -4.2981369e-02   1.4294303e-01  -3.1361587e-02  -5.9251024e-02  -1.7701204e-01  -1.4505392e-01  -7.2601476e-02   1.6684651e-01   1.1998948e-02   2.4737501e-02  -1.3963546e-01  -2.4469530e-01  -3.6828046e-01   2.4565234e-02   4.3824130e-03   1.2270049e-01  -1.5398894e-01   2.9691246e-02   1.3885173e-01  -5.5658435e-02   7.0648783e-02   1.9208484e-01  -1.3734816e-01  -1.9645884e-02   4.9580588e-02   2.6185330e-02   6.5043351e-02  -3.3791060e-01  -1.4586904e-01  -2.1019768e-01  -3.8116116e-02  -5.4636801e-02   1.0324839e-01   1.8933412e-01   8.4185492e-02   1.1283094e-01
  -1.3051083e-01  -1.6329089e-01  -3.5365370e-02  -3.7280582e-02  -6.9845549e-02  -1.9260997e-01   3.8846226e-02  -1.6707232e-02  -1.5974401e-01  -1.7964227e-01  -4.5018154e-02   3.3056285e-02  -1.2710444e-01   1.5937439e-03  -1.8747148e-01   2.1063976e-01   2.7549630e-04   5.7935603e-02  -1.8025264e-01  -1.6251354e-02   4.1326202e-02   2.9278173e-01   1.9082197e-02   2.5131951e-01  -8.0688480e-03   9.0651396e-02   3.3250806e-01   3.7467092e-02  -2.0817446e-01  -7.7198587e-02  -1.8594220e-01   4.8425192e-02  -1.0722293e-02  -1.5318837e-01  -2.0656677e-01   9.4199534e-02   2.3166154e-02  -8.7199159e-02   3.5345802e-01  -5.7557727e-02  -2.7992636e-01  -1.4313300e-01  -2.0363104e-02  -6.0086098e-02   8.5098750e-04   1.5663256e-01  -5.2593484e-02  -1.1065620e-01   7.6540326e-02
  -1.3005235e-01   3.1053645e-02  -1.9722334e-01  -2.7819807e-02  -5.4043295e-02  -2.9729475e-02   4.4789678e-02  -2.4141863e-01   1.5927152e-01   3.7118768e-01  -1.1338136e-01   1.8947293e-01   1.2867917e-01   1.0724754e-01  -1.2274404e-01  -9.1314118e-02   2.9040400e-02   1.0328258e-01  -2.5426408e-02  -2.1232477e-01  -1.1840904e-01   1.2266203e-01  -1.0177772e-01   8.6063727e-02  -1.2978555e-01  -1.6729026e-01  -7.3035272e-02   8.9847102e-02  -2.3972424e-01  -4.7797449e-02  -1.6299848e-01  -1.4508369e-01  -5.4298256e-02  -2.5151667e-01   1.8740272e-01   2.2525993e-02   5.4897519e-02  -4.4474900e-02  -8.0141612e-02  -1.7165712e-01   9.5119850e-02   1.2279092e-01   5.1116522e-02  -3.0020630e-01   2.4747609e-01   6.0339503e-02   5.2734413e-02   1.2618442e-01  -4.6301290e-02
  -1.5120621e-01  -1.4888350e-01  -1.3521232e-01  -1.5603363e-01   1.7892187e-01  -1.6242236e-01  -1.1009080e-01   1.6079911e-01   1.7576625e-02  -1.4153411e-01  -2.1787469e-02   1.2196199e-01   4.5117172e-02  -1.9964945e-01   1.8691365e-01  -8.6102922e-02  -7.4855210e-02  -2.0708142e-01  -3.2317807e-01  -5.8336441e-02   1.0045367e-01  -7.3197882e-02  -4.4261714e-02   1.9359218e-01   2.8983840e-01  -3.7869617e-03  -1.9264342e-01  -1.0673051e-01  -1.2314746e-01  -6.0818437e-02  -2.2224503e-01   2.2705775e-01   7.5042736e-02   1.4664766e-01   5.4941177e-02   3.3716776e-02   8.6779849e-02  -6.1800758e-02  -2.8042376e-01   6.1293861e-03  -1.3860426e-01   9.7361994e-02   2.0457559e-02  -4.5238292e-02   2.0289095e-01  -1.4078939e-01  -6.7074598e-02   5.2459086e-03  -1.2039193e-01
  -1.2938840e-01   9.0714318e-02  -2.8152289e-01  -1.7374534e-01   9.5676281e-02   5.1680835e-02  -1.9321110e-02   7.2509635e-02  -9.2712505e-02   4.0574099e-02  -4.6633668e-02   1.2188865e-01   1.5287210e-01   1.3793484e-01   7.2225582e-02  -9.0491086e-02   2.9644295e-02  -1.9125283e-01  -5.3511372e-03   2.3162022e-01  -1.7937089e-01   1.1413395e-01  -3.5123912e-02   1.8858483e-01  -1.8685970e-02  -1.0650174e-01  -2.1257506e-01  -1.2491966e-01   3.1676377e-01   2.3416779e-02  -1.6811748e-01  -1.6749880e-01   3.4248268e-02  -4.7203978e-02   4.5636799e-02  -6.7432084e-04  -1.6792761e-01   5.0609241e-02   2.9200517e-01   2.9879097e-01  -9.3660067e-03   1.4079991e-02  -8.0875766e-02   9.1851473e-02  -1.2445425e-01   3.0328491e-01  -9.7378548e-02   5.0502848e-02  -1.2914264e-01
  -1.3069148e-01   2.1516741e-02   3.4738134e-02   3.0901831e-01  -8.4184458e-02   1.4936717e-02  -4.5857915e-02   5.6670148e-02  -2.2425397e-01  -2.5812562e-02   1.3036041e-01   5.8703491e-02  -1.4845899e-01   2.0472134e-02   2.0113099e-01   1.6425220e-01  -7.7160398e-02  -5.1954793e-02  -6.6503246e-02   1.2757409e-01   1.6312737e-01  -2.1646195e-01   2.4431286e-01  -1.5971426e-01  -2.0079423e-01  -8.2018168e-02  -1.9669466e-01   7.6678898e-02  -1.1894808e-01  -1.8791912e-02  -3.1003903e-02  -6.4030768e-02   1.2789458e-01  -1.1948093e-01  -5.3002752e-02   3.3573220e-01   1.3457392e-01   9.8847576e-02   1.3619765e-01   1.0227046e-01   1.1760910e-01  -3.1336851e-02   1.3353814e-01  -9.9581939e-02   2.6575885e-01   1.0423463e-01  -2.0891179e-01   1.8167684e-01  -9.4338953e-02
  -1.6749284e-01  -2.5822000e-01   4.3821163e-02  -4.8352145e-03  -1.5081833e-01  -2.3661708e-01  -9.4232770e-02   9.5657654e-02   4.7720580e-02  -2.1291486e-01   1.7712395e-01  -2.4117087e-01   9.1621625e-02   1.8573048e-01  -2.3624595e-01  -4.1774888e-02   8.6764861e-02   2.8651922e-01   2.3491126e-02   1.5749393e-01  -6.5121122e-02  -4.7304762e-02  -2.7510687e-02  -1.2680701e-01  -3.0044036e-02  -3.6095821e-04  -2.2080436e-01  -1.0559802e-01   6.5317944e-04  -1.0853205e-01  -7.9980864e-02  -2.7766605e-01   3.0621146e-02   2.3140899e-01   1.1702175e-02  -1.2912905e-01   5.0817076e-02   1.2742015e-01   1.1171944e-02   3.8438075e-02  -6.9891140e-02   2.2146447e-01   7.0409921e-02  -7.8364398e-02   2.0253914e-01   7.9552327e-02   1.8305031e-01  -1.8989613e-01  -3.0376466e-02
  -1.4030364e-01  -1.9516445e-01  -1.2072663e-01  -6.0242523e-02   8.8236847e-02   7.2964708e-02   6.3671448e-02  -9.0247591e-02   2.1160472e-02   1.2833512e-01  -3.5004994e-01  -1.1496138e-01   1.7118513e-01  -1.6062157e-01   8.8079304e-03   3.5707154e-01  -1.2604723e-02   2.4083527e-01  -1.5406888e-01   1.6070673e-01   4.1593817e-02   5.9318513e-02   7.4358688e-02   8.7983278e-03  -1.2592336e-01   1.6985529e-01  -5.9416245e-02   7.4464383e-03   6.8087302e-02   1.0118344e-01   6.8532788e-02   1.7700751e-01  -7.2183574e-02   5.9441053e-02   2.3521505e-02  -2.1485411e-01  -6.5157992e-02   4.9040669e-02   1.0586662e-01   2.0419731e-01   3.0964321e-01  -5.4952402e-02  -5.0480983e-03   6.6726561e-02   2.5930750e-01  -1.9772281e-01  -8.5132960e-02  -3.5118395e-02   1.1127293e-01
  -1.2911792e-01   1.4926337e-01  -6.2764320e-03  -6.7484167e-02  -5.0353753e-02  -3.5822838e-01   2.0989186e-01  -1.4090803e-01  -1.4245531e-01  -9.9601648e-02  -1.0356840e-01   2.0553926e-03  -1.0153186e-01  -1.9658304e-01  -2.4404342e-01  -2.5944536e-01  -3.7867028e-02  -1.0701670e-01   1.8150897e-01  -8.4262236e-02  -2.0343745e-02  -3.6296448e-02   1.7873892e-01  -5.1032532e-02   6.6416228e-02   1.6529707e-01   1.1587374e-01  -7.5593572e-02   2.6522811e-01  -4.4568989e-02   1.1087112e-01   9.8119516e-03  -2.9770744e-01  -9.9030030e-02   5.8907662e-02   7.7796093e-02   8.4921569e-03   7.1287451e-02  -6.4960150e-02   1.1491376e-01  -4.0750296e-02   9.7230005e-02   5.9444596e-02   1.5560031e-01   3.2204558e-01   2.5273592e-02  -6.4568947e-02   2.0215296e-01   3.6321488e-02
  -1.3427653e-01   5.3494803e-02  -4.5836703e-02   1.6687000e-01  -4.2175940e-02   2.2390052e-01   2.5712113e-01   1.5417889e-01   3.2149327e-01   3.5434031e-02  -4.8268073e-02   1.1554192e-01   6.3754183e-02   1.6403367e-01  -9.9613345e-02  -8.8051270e-02   3.9312263e-02   9.1540822e-02  -5.2200146e-02   8.4428465e-02  -2.4454647e-02  -2.1423962e-01  -1.2290650e-01   8.4788246e-02   4.6740105e-02   4.7933494e-02   1.1743618e-01  -3.2114094e-02   1.1892033e-01  -2.1302779e-01   6.7681488e-02   2.7377157e-02   1.6368635e-01  -3.8933634e-02  -2.1877582e-02   8.5852676e-03  -9.2384082e-03   1.1692882e-01   1.6326623e-01  -1.5601591e-01  -2.7399450e-01   1.3235590e-01   1.8327218e-01   1.6099760e-01   8.4203736e-02  -2.4724553e-01  -3.8703347e-01  -2.1305809e-02   3.8921505e-02
  -1.4459276e-01   2.0065822e-02   1.0254938e-01  -1.0621541e-01   1.8260451e-01  -1.1407274e-01  -5.9512543e-02   2.1000860e-01   7.4008744e-02   1.6150389e-01   2.5643748e-01   2.0118942e-01  -3.6580894e-02  -1.4354791e-01   6.0903766e-02   2.3227628e-01   1.2979519e-01  -2.1506286e-01  -2.3479635e-02   8.1361603e-02  -2.6151086e-01   1.6321802e-01  -1.9499997e-01  -1.5135419e-01  -2.9857117e-01   1.2277747e-01   1.3905167e-01   2.0288732e-01   1.4279310e-01   5.7256542e-02   1.0613395e-01  -2.0758730e-01  -2.7442011e-02  -2.2474662e-02  -1.5322350e-01  -1.0487776e-01   1.2334755e-01   1.8877374e-02  -1.9631670e-01   8.5742983e-02  -1.8075672e-01  -6.4970594e-02   7.1188117e-02  -4.8167016e-02   1.3717024e-01  -1.2105834e-01  -1.2010853e-02  -2.0180957e-02  -3.1779281e-02
  -1.6312675e-01   2.1486995e-01  -1.9727031e-01   7.7079679e-02   3.9974672e-02  -1.8505299e-01  -1.6255911e-01  -2.1755478e-01  -1.6254988e-02   7.8162389e-02  -2.4018029e-01  -8.0698284e-02   1.8980293e-01  -2.4063775e-02  -1.5172261e-01   1.7836985e-01   2.4312301e-01  -9.9252609e-02   1.4462310e-01   6.3391119e-02   2.0632093e-01  -2.9239156e-02   6.5480058e-02  -7.0114500e-02   1.1081523e-01  -1.1983549e-01  -5.5652616e-02  -1.2416209e-01  -8.6945751e-02   2.6186903e-01   1.9548235e-01  -1.2186694e-01   2.4338695e-01   1.3946723e-01  -1.7035507e-01   4.4234574e-02  -3.2857960e-02  -6.5942102e-02  -1.3562998e-01  -2.9900820e-02  -2.8671051e-01  -7.3744011e-02   1.8568219e-01  -6.1768405e-02  -1.3336546e-01  -8.9709882e-03  -7.7707609e-02   2.9891979e-02   6.9006916e-02
  -1.0263965e-01   1.3447501e-01   2.3417625e-01   8.0002254e-03   4.6805666e-02  -2.3128921e-01  -9.6993787e-02  -7.6564559e-02   2.2085608e-01  -2.5724770e-02   1.2951613e-01  -2.0590294e-02  -8.9076421e-02  -1.1785758e-01   8.3722767e-02  -3.6900257e-02   9.9328313e-02  -1.7316767e-01   2.6140162e-01  -1.4843761e-02   1.6830380e-01  -4.6883890e-02  -1.9470077e-01   6.1911125e-02   5.3492652e-02  -1.4022742e-01   2.3358899e-02   7.5117718e-02  -1.6628277e-01   1.2542688e-01  -1.4396719e-01   1.2942731e-01   2.1469255e-01  -1.2606511e-01   2.0338134e-02  -3.3006936e-01  -3.3584815e-03  -2.7796866e-02   4.0161263e-01   1.3202229e-01   1.7584622e-01   1.9922503e-01   5.5812274e-03   1.1715492e-01   1.1042762e-01  -6.8671539e-02   2.3826285e-02   2.5456387e-02   7.1419260e-02
  -1.2646622e-01  -7.0260562e-03  -2.4523409e-01  -3.0263630e-03   6.1299784e-02   9.1994947e-02  -3.6200836e-02  -4.4499999e-02  -1.8563596e-01  -1.1667211e-01   3.9460413e-02   6.8257189e-02  -1.2086628e-01   3.4264626e-02   8.3420390e-02  -1.3382482e-01  -1.3109500e-01   4.1771987e-02  -1.5507526e-01  -2.5486992e-01   1.0034849e-01  -3.2173958e-02   4.3723326e-02  -1.5073966e-01   6.8594444e-02  -1.3594571e-02   6.1649432e-02   3.7314252e-03   2.7661238e-01   2.8244759e-01   2.6671444e-01  -1.2990192e-01   1.6873291e-01  -9.6546980e-02  -4.8032472e-03  -2.4979310e-01   7.6227386e-02  -2.6737430e-02   2.5714167e-01  -2.4171472e-01  -4.0261919e-02   1.0264560e-02  -1.7338564e-01  -1.5937615e-01   1.5634633e-01  -1.3371699e-01   1.1059702e-01  -1.6744904e-01  -2.1354780e-01
  -1.4784918e-01   1.8428367e-01   4.1171389e-02   1.4262185e-01   8.1732091e-02  -2.3947295e-02  -6.3304095e-02   9.3148030e-02   1.3012821e-01   9.3882158e-02   2.2642330e-01   3.3823293e-02  -1.7946667e-01   4.4062157e-03  -1.4275396e-01   3.2434805e-01  -2.3907589e-01   6.3739059e-02   2.0086840e-02  -1.0546779e-01   1.8675307e-01   1.6820832e-01  -1.1255915e-01   2.9610339e-01   7.5558503e-02  -9.1319708e-02  -2.4152982e-01  -2.5961071e-01   1.8427727e-01  -5.1562000e-02   1.5275346e-01   1.2196498e-02  -7.9740403e-02  -9.9260520e-02  -1.6016951e-02   1.7177563e-01  -2.3763546e-01   1.6480335e-01  -6.8713956e-02  -1.0869796e-01   5.4528849e-02  -4.0966109e-02  -4.2253633e-02   6.7086678e-02   7.2551992e-02  -4.3687999e-02   2.2358220e-01  -6.0401560e-02   1.1047094e-01
  -1.5174339e-01   8.7855103e-02  -1.5498998e-01  -1.8440541e-01  -2.6139254e-03   1.4833181e-01  -6.0465253e-03   1.4172965e-01   9.9092877e-02   1.9466994e-02   1.6947695e-02  -1.5363991e-01  -1.6236952e-01  -1.0047149e-01  -6.9904677e-03   1.4250400e-01  -1.2382540e-01  -9.1320859e-02   1.0314172e-01   1.2162861e-01  -1.7760821e-01   9.8289754e-02   3.1515007e-01   1.9304234e-03   1.1065635e-01  -2.6028907e-01   4.4337165e-02   3.0452983e-01  -2.4777029e-01   3.0076594e-02   1.4489290e-01  -8.1158312e-03  -2.2433690e-01   2.9595499e-01   1.5862753e-01   4.8464474e-02  -7.8933928e-02   5.1545534e-02   1.8542535e-01  -1.6326081e-01  -1.1602013e-01   2.1087239e-01   1.1354552e-02   7.7575239e-02   4.4591619e-04  -7.2148997e-02   6.5997093e-02   9.8096119e-02  -1.0905074e-01
  -1.3956048e-01  -1.2594919e-01   1.7573539e-02   1.9050986e-01  -1.0954739e-01   1.1714361e-01  -1.0830992e-01   6.7017180e-02  -1.5938852e-01   3.9832520e-01   3.7510213e-02  -1.8931611e-01   1.3925683e-02  -2.6280986e-01   5.0431847e-02  -2.6588516e-01   7.8614067e-02  -8.3251662e-02  -3.9516044e-02  -6.7576176e-02   1.2306533e-01  -1.3842367e-01  -1.0576333e-01   1.7014596e-01  -1.4669304e-02   1.4563636e-01   1.1124142e-01  -1.2106052e-02  -5.1911252e-02  -4.4085157e-02   5.2632617e-02  -5.1596238e-02  -2.2936151e-01   7.2024622e-02  -2.3995181e-01   3.1751894e-02  -2.9518658e-01   1.3607055e-02   1.1306787e-01   1.3834955e-01  -1.5890731e-02   1.5110645e-01   1.6153880e-01  -1.8321472e-01  -7.9240758e-02  -3.2973925e-02   7.9645579e-02  -1.3815953e-01  -1.8282916e-01
  -1.4290845e-01  -5.6626423e-02   1.1500585e-02   2.2145956e-01   2.2894483e-02   1.5891057e-01   4.9738078e-02  -1.2275420e-01  -2.4017699e-02  -9.8986388e-02   5.0287927e-02  -1.8819334e-01   1.8521852e-01  -3.9863492e-02  -3.6632957e-02  -4.2983368e-02  -7.8754846e-02  -2.2850012e-01   7.8599863e-02   1.7499459e-01  -2.4906368e-01  -1.2650785e-02  -1.5061263e-01   6.8196164e-03   9.3408449e-02   1.7300463e-01  -2.0468122e-01   2.5950971e-01   6.9611904e-02   2.5152634e-01   9.0058533e-03   2.2409393e-01  -1.7331106e-02  -1.7275087e-01   3.4741909e-02   2.0729181e-01   3.3930523e-02  -2.0338448e-01  -2.3751345e-02  -1.8735216e-01  -5.4469677e-02   9.1489431e-02  -1.0983923e-02   1.8607671e-03   1.2924323e-01   1.7926794e-01   7.1787122e-02  -2.7552887e-01   2.3696231e-01
  -1.4259570e-01   3.8486649e-02   9.8463861e-02   6.5983706e-03   3.7577254e-01   2.3455884e-02   2.7004004e-01   1.1531580e-01  -6.0871041e-02  -1.6443691e-02   6.8106329e-02  -4.3615710e-02   7.8743022e-02   1.5224879e-01  -5.8317317e-02   6.1182954e-02   2.2169716e-01   9.8991151e-02  -1.5123513e-02  -2.1091655e-01  -1.4720174e-01  -3.6202869e-02   2.3810753e-02  -1.0407109e-01  -9.1700907e-02  -4.0107255e-02   5.7336646e-02  -2.7704939e-01  -9.7609481e-02   1.4892042e-01  -1.5488896e-02   2.5034428e-01  -3.9717188e-02   3.0112704e-02   1.6683860e-02   1.4052368e-01   3.1682383e-02  -1.9934437e-01   9.8550643e-02  -9.9000564e-03   9.5640489e-02  -1.0230742e-02   3.1090030e-01   1.6497897e-01  -1.8896725e-02   6.9794295e-02   2.0612374e-01  -6.3646654e-03  -3.4171053e-01
  -1.3409145e-01   4.6974908e-02   1.3970930e-01   1.4109367e-01   7.6841129e-02   1.3461381e-01  -8.1508192e-02   1.4312474e-01   1.5955610e-01  -7.9614228e-03  -2.1774338e-01   4.8619892e-02  -1.6782651e-01  -1.1664894e-01   3.2228113e-01  -1.9279489e-01   1.2988004e-01   2.1953665e-01   8.0070006e-02   1.7464730e-01   1.3563797e-01   1.8939606e-01   1.1601769e-01   3.7325600e-02   3.7844065e-02   4.9673383e-02   1.2299633e-01  -1.3417372e-01   9.4519012e-03   2.7991730e-01  -2.0593348e-01  -1.4601799e-01  -1.5113336e-01  -4.3170084e-02   1.2896638e-01  -9.3520797e-02   7.3320204e-02   1.8968299e-01  -1.2791351e-01  -1.9415391e-01  -9.1432298e-02  -1.1290696e-01   1.1459425e-01   7.9230491e-02   9.7299602e-02   2.7344301e-01   1.9193654e-02  -9.0740456e-02   4.4389784e-02
  -1.4906969e-01   2.9828092e-02   2.2606860e-01   3.6398661e-02   8.1097079e-02   1.7553340e-01  -2.2224843e-02  -1.8689817e-01   9.7577232e-02  -6.8297093e-02  -4.1754183e-02   3.0129980e-02  -3.6187610e-03   2.6785031e-02  -2.3547055e-02  -7.2988396e-02  -1.3577437e-01  -1.2565372e-01  -2.2179735e-01   1.3211455e-01   7.1153559e-02   3.0545240e-01   1.8881680e-03  -2.0852845e-01   2.1010837e-01  -1.4428191e-02   2.9104056e-01  -1.1110426e-01   6.0770672e-02  -1.2136971e-01   2.5664708e-02  -2.5872530e-01   1.6158401e-01   1.0193140e-01   2.0276635e-01   2.4701017e-01  -4.3552915e-02  -2.1627897e-01   2.3150005e-02   2.4558694e-01   1.6698640e-01   1.2866063e-01   1.2383329e-01  -1.2713259e-01   8.2689374e-03  -1.2642648e-01   8.3379868e-02  -3.7510133e-02   9.7724151e-02
  -1.2946069e-01   8.1731189e-02   2.0199439e-01  -1.9820937e-01   3.0708739e-02   1.2721378e-01  -2.0011006e-01   1.3329287e-01  -8.5702275e-02  -2.1041824e-02  -7.9699107e-02   1.6021518e-01   2.3924525e-01   1.4605299e-01  -1.2444703e-01   1.0849047e-01   2.0753090e-01  -1.1955229e-01  -1.2357715e-01  -1.7739131e-01   2.8852428e-01  -1.9977278e-01   2.6405667e-01   7.5734327e-02  -1.4386302e-01   4.9947273e-02   1.1566979e-01   2.3368637e-01   2.1508859e-01  -7.2846112e-02  -1.3474271e-01  -1.0844389e-02  -1.4480392e-02   3.7006417e-02  -2.8823384e-02   1.7668375e-02  -5.8127593e-02  -8.2907061e-03  -4.4819834e-02  -1.9202537e-01   1.0193663e-01   2.6988515e-01  -4.8893338e-02   9.1085772e-02   3.0087507e-03   1.3762245e-01   1.3024661e-01  -1.7524138e-02   1.9227270e-01
  -1.3427550e-01   4.5181008e-02  -2.2947327e-01   8.9589898e-02  -4.9467207e-02  -3.5326845e-01  -7.2910685e-04  -2.0902165e-02  -1.2484992e-01   2.4512326e-04   2.4046849e-02  -8.8160067e-02   8.6181074e-02  -6.5133634e-02   3.3408202e-01   6.0073937e-02   4.8603758e-02   1.4739698e-01   1.3925176e-01  -4.3713271e-02  -1.1221192e-01  -8.7275997e-04  -1.4159975e-01   7.6857901e-02  -5.9529952e-02   2.7564551e-02   2.4053632e-01   1.0457823e-01   2.4219793e-01  -8.1439294e-02  -1.6913059e-01   2.5529191e-02   1.3256744e-01   1.8303249e-01   1.9390500e-01   2.9006059e-01   5.8060967e-02   1.5020438e-01   4.5371954e-02  -2.1752115e-01   2.0975584e-01   3.5347334e-02   5.6677631e-02  -1.3803619e-02  -2.1670604e-01  -1.9194552e-01   5.0638860e-02  -3.9460688e-02   6.6748958e-02
  -1.5452642e-01  -1.7516800e-01   2.7930503e-01  -1.2458386e-01  -1.6026410e-01   4.8787823e-02  -2.4197013e-02  -1.7199820e-02   3.0457741e-02   3.9661445e-02  -7.7539716e-02  -3.5030583e-02   1.7900005e-01   1.8757828e-01   1.9121402e-01   1.6121875e-01  -4.0074907e-01   4.4045329e-03   2.1762990e-01  -3.3788510e-01  -1.0940772e-01  -2.3184937e-02  -1.4214892e-01  -3.1472569e-02   1.1343969e-01   3.6795335e-02   6.1229544e-02  -1.1205437e-01   5.7339593e-02   2.5426015e-01  -9.9859969e-02  -8.0177845e-02  -7.0029533e-02   2.1056156e-01  -1.9289115e-01   4.2472994e-02  -2.0193767e-02  -8.5748675e-03   2.9353354e-02  -2.7046707e-03  -7.9733266e-02   2.1791268e-02  -2.1434076e-02  -3.1483725e-02   6.1594862e-02   9.0538693e-02  -2.1255422e-01   2.4008444e-01  -5.0551392e-03
  -1.3828055e-01   1.8102983e-01  -1.2520838e-01   2.8789860e-01  -1.7288675e-01  -2.7046848e-02  -1.7632564e-01   2.1430836e-01  -1.8674413e-02   5.3856404e-02  -3.0914440e-02   2.9474439e-01   1.6908624e-02  -1.1587151e-01  -1.3440217e-01  -8.3322788e-02  -5.7072083e-02   5.5435847e-02   1.3497338e-02  -8.2433449e-02  -2.6133210e-01  -2.5133351e-02   1.1912736e-02  -1.6985882e-01   2.2240543e-02  -1.1848367e-01   1.5387729e-01  -9.6081962e-02  -9.2744247e-02  -1.1888388e-01   7.8841386e-03   1.6359488e-01   9.9385249e-02   3.1214182e-01  -8.9242357e-02  -1.1649326e-01  -1.2397000e-01  -1.9371568e-01  -3.3103452e-02   1.5222904e-02   1.9288885e-01  -1.5651230e-01  -1.9032059e-01   1.0355354e-01   1.6392910e-01   2.2609938e-01  -4.8294413e-02  -1.4040476e-01   1.1009512e-01
  -1.4165760e-01  -2.1337624e-02   1.2917511e-01  -1.9542127e-01  -1.7970796e-01   1.3937298e-01  -8.5809745e-02  -7.1884383e-02  -6.4973311e-02   3.8458841e-02   1.1541871e-01  -4.3101778e-02  -1.7222680e-01   1.3151353e-01  -1.0559528e-01  -2.6878568e-01   2.0833989e-01   3.7677698e-02   3.8698074e-02   5.0080121e-02   1.1338226e-02   2.9363062e-02   2.2069901e-02   2.1943680e-01  -1.7426371e-01  -2.6838852e-01  -9.4628811e-02   7.9345278e-03   1.7011465e-01   1.7829187e-01  -9.9163263e-02   1.3552163e-01  -6.4696316e-02   2.0832526e-01  -5.0359755e-03   1.4162917e-01   9.3717781e-02  -1.8371990e-01   2.7092338e-02   3.8309179e-02  -7.5372989e-03  -3.6820535e-01   2.0787094e-03  -5.7017600e-02   1.3745641e-01  -3.4113685e-01  -6.5821173e-02  -9.7823319e-03   1.3900252e-01
