  -1.4114161e-01  -4.9887428e-02   8.4940714e-02   1.5935062e-01   1.0243790e-01   1.2635161e-01   6.3455408e-02   1.0787371e-01   7.6013442e-02  -1.4560756e-02  -2.3833736e-01   1.3111914e-01   1.4159442e-01   5.4661703e-02  -9.7828560e-02   2.8630310e-02  -1.8830325e-01  -9.9941389e-02   2.8507848e-02  -1.4417373e-01  -9.6718502e-02   3.6515190e-01  -2.4296455e-01  -3.5923104e-02   1.8703882e-01   4.5667344e-02  -8.5439957e-02   1.7647157e-01  -1.2910954e-01   2.3548089e-02   7.1448854e-03  -8.4452054e-02   3.2020093e-01  -1.0193365e-01  -1.5017509e-01   5.4639095e-02  -2.4505268e-01  -1.6419547e-01   7.9319899e-02  -9.9843310e-02  -8.4401829e-02  -1.0681911e-01   1.2462942e-01  -1.0250018e-01   7.9861230e-03   1.4069241e-01  -5.4435776e-02  -3.1353021e-01  -1.0976081e-01
  -1.3903228e-01   2.6973631e-01  -2.0840608e-02  -1.4649171e-01  -1.0709274e-01  -1.6572971e-01  -1.8123197e-02   1.1025259e-01   1.1212800e-01   6.4637097e-02  -3.0834247e-01   2.4076903e-02  -1.6388182e-01  -2.0362400e-01  -1.0809639e-02   5.0087192e-03  -1.9311289e-02  -4.8495644e-03  -1.0947400e-01  -2.1605745e-01  -2.4863442e-01   1.1628411e-01  -1.5811536e-01  -3.4081576e-03   8.0545777e-03   2.8717567e-01   4.6635992e-02   6.9141339e-03   2.3286895e-01  -1.0000630e-01  -8.0615790e-02   4.0034147e-01  -1.0855516e-01   6.3208506e-02   6.1038108e-02   7.1077597e-02  -2.5994345e-03   1.0644241e-02   1.4074252e-01   8.9635574e-02  -3.6403011e-02   1.8372640e-01   8.9489206e-02   7.6792540e-03  -2.4156736e-01  -1.2509038e-01   6.1527224e-02   3.8941704e-02   5.9876232e-02
  -1.2222714e-01  -6.4256407e-02   5.2364959e-02  -5.5414174e-02   7.0137375e-03   1.0375243e-01  -1.1770618e-02  -6.7662276e-02  -3.1303282e-01   4.0070839e-01  -2.5904531e-01   4.0266272e-02   2.4114958e-02   2.1294826e-02  -1.9469602e-01  -4.6542208e-02   1.4094678e-01   1.6651288e-01   1.1154336e-01   1.7483770e-01   1.1717849e-02   2.6498704e-02   4.8294039e-02  -1.4493586e-01   1.1667679e-01   7.3793379e-02   3.3147383e-01   5.4693749e-02  -1.9426267e-01   2.3111262e-01  -2.1995604e-01   5.7676330e-02   4.9127096e-02   1.7622380e-01   1.5481373e-01  -4.0826231e-02   2.8418346e-02   7.0815964e-02  -5.9822265e-02   1.6208934e-01   1.7672778e-01   3.8599514e-02  -7.4406272e-02   1.2846641e-01   5.5508571e-03  -4.8110714e-02  -1.2147703e-01  -1.8665694e-01  -1.2313624e-02
  -1.5821583e-01   1.7855146e-01   8.7313127e-02   2.8270573e-03  -9.7509818e-02   4.5192235e-02   2.6263476e-01  -9.5840477e-02   1.6510568e-01   1.2517371e-01   1.9575252e-01  -7.7441263e-02   1.0656258e-02   1.4110615e-01  -9.5734305e-02   1.4591406e-01  -5.7396031e-02   7.0577104e-03   2.5661608e-01   1.5932495e-01  -2.0447491e-01   8.2012433e-03   8.7512147e-02  -1.4237104e-02  -4.9653244e-02  -5.9924796e-02  -5.4040907e-02  -1.9748733e-02   1.6778600e-01   1.7790641e-01  -9.2816761e-02   7.5498965e-02   8.6206901e-02   2.8191578e-03   8.4210215e-02  -1.7777591e-01  -3.8332509e-01   8.0097886e-02   2.2346683e-01  -1.0103256e-01  -8.6546926e-02  -8.7872756e-02  -1.7933054e-01   2.4270439e-02  -1.1905764e-01   6.9629260e-02  -2.6734028e-01   2.8657597e-01   3.6432467e-04
  -1.3400987e-01  -1.7103923e-01  -2.5044703e-01  -7.1265014e-03   1.6299444e-01   2.6546467e-03   1.2562753e-01  -2.7408621e-02  -1.3024946e-01  -1.8404279e-01   1.2386789e-01   2.4367545e-02   7.5213497e-02  -1.1806305e-01  -4.4902260e-02   9.1829875e-02   3.0294526e-04  -1.6992633e-01  -1.2631000e-01  -8.3284636e-02  -1.0839188e-02  -1.9863880e-01   2.1218237e-01   4.1365418e-02   1.9193110e-02   5.5353963e-02   2.2974714e-02   1.7850826e-01  -1.4589378e-01   2.6972375e-01   2.0021064e-01   4.0997469e-01   6.2854047e-02   7.4907491e-02  -3.8515651e-02   2.2264957e-01  -1.8997587e-01  -4.0640230e-02   1.1840486e-01  -2.8611402e-02   6.6500617e-02   2.7854548e-01  -5.3374369e-02  -1.1076083e-01   2.3054523e-01  -2.5113522e-02  -9.4609797e-02  -4.4287266e-03   3.0171498e-02
  -1.2315404e-01   2.1738350e-02   1.4849346e-02   3.9948289e-01  -3.8628516e-02   6.9410317e-02  -1.6092243e-02  -9.0972319e-02  -1.1537826e-01   8.1969190e-02   2.3261897e-02   3.3582607e-03   2.0626516e-01   1.4604128e-01   1.4224172e-01  -2.1014921e-01  -4.7270437e-03   1.9868592e-02  -1.4203936e-01   7.2300837e-02  -2.5373400e-01   1.0852106e-01  -5.1507116e-02   1.1253591e-01  -1.3585383e-01   9.3013069e-02  -9.7414962e-02  -1.7866830e-01  -2.4725821e-02  -1.6214193e-01  -1.5256195e-01   1.0361528e-01  -1.8836512e-02  -9.1373280e-05  -3.2806554e-01   2.2449388e-01  -6.3167722e-02   1.1518179e-01  -6.3373415e-02   4.8472981e-02   1.0277812e-01   4.2583920e-02  -1.5916583e-01   2.9449807e-01   1.7443366e-01  -8.1203796e-03   2.1865750e-02   9.2457062e-02   2.6108993e-01
  -1.4728744e-01  -1.5688459e-01   2.6831577e-01   1.2708117e-01  -1.7729400e-01   7.3532775e-02   1.8507840e-01   7.4853333e-02   2.4649797e-02  -1.4115608e-01   8.2010167e-03   9.8453949e-02  -2.7041719e-01   9.1225833e-02  -2.5636663e-02   2.3020070e-01   1.0337254e-01   1.4033988e-01   1.1456414e-01   2.7997685e-03   3.8451830e-03   1.7149078e-01   2.5294661e-01   2.4435207e-01  -6.7523007e-02   1.1284084e-01  -3.1585712e-02   2.5321199e-02   1.8730367e-01  -1.5693146e-01  -2.2622669e-02   1.4484948e-01  -5.1982756e-02  -3.8352705e-02   1.6599013e-01   9.0946215e-03  -2.6704167e-02   5.3081191e-03  -2.7268325e-01   1.9149192e-01   3.5846309e-02  -5.3640573e-02  -8.4584515e-02  -2.1110037e-01   2.7438420e-01   1.9642027e-02   9.5428155e-02  -2.0607380e-01   1.4077307e-04
  -1.5250713e-01   9.2677964e-02  -6.0475251e-02   1.5955243e-01   1.8528996e-02  -2.1728389e-01   5.0541551e-03  -1.1056640e-01   1.1896746e-02  -1.4904655e-01  -6.5321235e-02  -2.2165831e-01  -6.8558653e-02  -8.7938995e-02  -2.2082138e-01   4.9265668e-02  -2.0816894e-01  -7.0546926e-02   2.7326508e-01  -2.2008069e-01  -1.6229387e-02  -1.3229034e-01  -1.0576864e-01  -1.1464087e-01   1.4061485e-01  -1.2033635e-01  -3.3997506e-02  -1.6086261e-01  -1.4933709e-01  -1.2748846e-01   1.4904852e-01   2.9294832e-02  -3.9354381e-02  -2.0788153e-01   1.0333371e-01  -1.2887237e-01  -7.4390818e-02  -1.3573657e-01  -3.0487930e-01   2.0084547e-01   2.9963286e-01   7.7390505e-02  -6.5691094e-02   2.4951821e-01   8.5871707e-03   6.4209361e-02  -8.4138904e-02   2.1210343e-02  -7.5643384e-03
  -1.4703082e-01   1.3125839e-01   1.8635082e-01   4.3362891e-03  -1.2242016e-01   7.8198305e-02   5.8858307e-02  -6.9445100e-02   1.7439213e-01  -7.4744476e-02   2.0531778e-02  -2.0568752e-01   2.5249521e-01  -4.9873928e-04   7.1836769e-02   3.6642560e-02   2.7181080e-01  -2.1949111e-01  -2.3233596e-02  -1.4294181e-01   1.5946443e-02  -7.4329568e-02  -5.1459459e-02  -1.8931784e-01  -5.3892760e-02   5.8242279e-02   1.0638599e-01   1.7249335e-02   1.9329804e-02  -2.2758323e-01   1.5736291e-01  -1.0779948e-01  -2.3087264e-02   3.1164639e-01  -1.6291996e-01  -1.5194436e-01   1.7677696e-01   1.4972447e-01   1.7541726e-01   1.6482891e-01   1.2127489e-01   8.2062138e-02  -8.1470445e-02  -1.7181162e-01   1.1506722e-01   7.5905019e-02  -2.6738792e-01  -1.9998808e-01  -8.5357954e-02
  -1.6062468e-01   7.8378670e-02   1.4559320e-01  -9.7016375e-02   2.2422691e-01   1.3333653e-01  -6.8649273e-02   1.8426199e-01  -1.3094313e-01  -2.0642839e-01   1.0019787e-01  -4.4499589e-02  -5.8236193e-02   2.0129531e-01  -1.2499498e-01   2.6941024e-02  -5.9178931e-02   4.8903715e-02  -1.8430330e-01  -1.3588705e-01  -2.3883955e-01  -3.5110998e-01  -9.0881156e-02  -3.5611546e-02  -2.7818700e-02   2.7036663e-02   1.3568271e-01  -3.7566337e-01   1.3823003e-01   1.3411504e-01  -1.6035637e-01  -1.2240916e-01  -4.2129467e-02   1.4204738e-01   1.0154950e-01   2.0814415e-01  -8.0614742e-02   1.4722943e-02  -8.4659317e-02  -1.9614491e-02  -7.1124187e-02  -8.4590565e-02   1.4607805e-01  -1.5719117e-02  -1.2186699e-02   2.5651833e-01   4.1739901e-03  -1.1894195e-01  -8.8926977e-02
  -1.6480208e-01  -4.7863228e-02   2.3440506e-02  -2.4552655e-01   7.8843979e-02   2.2865300e-01  -2.5823027e-01   1.2534997e-01   6.0267671e-02   2.4244673e-03   7.0640132e-05  -9.3063996e-02  -3.3251788e-01   5.0474423e-02  -1.6777594e-01  -9.7320668e-02   1.2889006e-01   9.3794921e-02   1.0098974e-01  -3.3677697e-03  -3.4234270e-02   1.0824307e-02  -1.9623985e-01   2.2271791e-01   9.9152575e-02  -1.1152034e-01   7.1655771e-03   2.3994957e-01  -1.4430900e-01  -1.2065190e-01   7.2088301e-02   6.1743883e-02  -2.8336867e-01  -2.0324223e-02  -2.5433104e-01  -1.6046180e-03   1.9679805e-02   1.7359677e-02   1.8466607e-02  -2.4798165e-01  -6.9552619e-03   3.7591899e-02  -2.9710115e-01   4.5846949e-02   5.2960117e-02   1.9039044e-01  -1.0882959e-01   5.5526743e-02   5.2377543e-02
  -1.4736146e-01  -1.4219375e-01  -1.5381487e-01   2.0049204e-01   5.7648046e-02  -2.4590130e-01  -9.7731441e-02   7.2451812e-02   8.5726697e-02  -7.7223196e-02  -1.1544243e-01   4.3413129e-02   4.7615946e-02   1.8558995e-02   3.6385462e-02   2.0453524e-02  -2.2122784e-01  -2.6920709e-03   2.2988609e-01   1.8869097e-01  -5.8089871e-02  -2.6357027e-01  -6.3288609e-02   2.5922446e-01   1.0253592e-01   2.2484960e-01   6.9551268e-02   9.3619827e-02   8.8489205e-02   4.7872799e-02  -4.4130523e-02  -1.6437241e-01  -1.9059071e-01   3.0058798e-01  -1.4853561e-01  -1.9361825e-01  -2.9262583e-03  -4.6877888e-02   9.6241870e-03   5.6664094e-02  -2.8422457e-01  -4.6755781e-02   1.5305335e-02   6.8357857e-02   1.1960240e-01  -2.6109235e-01  -5.5314886e-02  -6.9912827e-02  -1.3226858e-01
  -1.6133403e-01  -1.2245378e-01   3.3488111e-02  -2.8051920e-02  -1.9178514e-01  -2.2060938e-03  -1.8151866e-01  -3.9669207e-02  -2.5481091e-03   9.2565818e-02  -8.0028732e-02  -2.3587959e-02   5.7033431e-03   1.6846843e-02   1.8072093e-02   4.4883013e-01   7.4450086e-03  -6.1212582e-02  -3.2387319e-01   7.0245895e-02  -4.2125014e-02  -2.3734502e-01   6.9133408e-02  -6.7434676e-02  -9.2153929e-02  -3.0902155e-01   1.0527284e-01   2.1341000e-01   4.4978441e-02  -1.0857951e-01  -1.1960850e-01   3.7420018e-02   5.7470950e-02  -1.4094862e-01  -2.9873508e-01  -1.2981762e-01  -2.0629868e-01   2.2073011e-02  -4.2312821e-02   9.9768099e-02   2.8570878e-02  -3.1642337e-02   7.3184659e-02   1.3762514e-01  -1.3836794e-01  -4.1108307e-02   2.1683099e-01  -3.8095394e-02  -1.3214812e-01
  -1.3760642e-01   2.2804879e-01  -3.0976457e-02  -2.1432332e-01  -2.2075046e-02   7.7192869e-02  -4.2915870e-02  -1.7941135e-02  -2.7219758e-01  -1.1081866e-01  -8.5748355e-02  -5.9670436e-02  -2.6573391e-02   1.4223147e-01   2.2075933e-01   1.5644469e-01  -1.9923633e-01   9.9367848e-02   1.7231295e-01   1.5383539e-01   1.0329930e-01   2.1990944e-01   9.2926881e-02   5.5802089e-02   1.9833600e-02   8.2713968e-03   1.1136076e-01  -1.5131309e-01  -1.2525903e-01  -1.7180660e-01   3.7317797e-01   4.1821033e-02   7.1989863e-02   1.9800171e-01  -1.4249262e-02  -3.3426549e-03  -8.6434911e-02   1.3453862e-01   1.8628713e-01  -2.9410353e-02   1.9906451e-03   5.2553157e-03   2.0938164e-01   1.9375976e-01   1.3141173e-01   7.3204225e-02   2.3615043e-01   8.8813205e-02  -1.1402375e-01
  -1.2907547e-01  -1.0284536e-01  -2.6426898e-01  -1.0495940e-01  -2.0640216e-01   2.5843764e-02   9.8943062e-02   3.6454263e-01  -9.1928835e-02  -1.3310573e-01   2.1363643e-01  -2.4157608e-01  -4.4361521e-02   9.1278267e-02   2.9826933e-01  -1.1496418e-01  -3.4033504e-02  -4.7820798e-02  -1.7173097e-01   1.5715047e-01  -1.4510042e-02   1.3580914e-01  -9.5615470e-02  -5.5911661e-02   1.5932756e-01  -1.4565670e-02   1.4486910e-01   8.0672768e-02   3.5780834e-02  -1.4231429e-01  -5.9540008e-02   2.0352168e-02   2.0830748e-01   9.2761618e-02   1.3052012e-01  -4.1493732e-02  -4.4681591e-02  -9.7896240e-02  -2.9774147e-01  -5.1826558e-02   3.8258494e-02  -1.7320070e-02  -5.1221257e-02   3.2234473e-02  -1.7420963e-01  -1.4079551e-01  -2.5186485e-01  -2.8683871e-02   5.1375831e-02
  -1.4258458e-01  -1.7269668e-01   1.0933552e-01   8.0217556e-02   1.3706689e-01  -1.5903223e-01   2.7383889e-02  -1.8065704e-01   2.0815787e-01  -3.0722093e-02  -5.6195411e-02   5.2475473e-02  -2.8204210e-01   8.6177263e-02   2.6489544e-02   3.1185047e-02   2.3617749e-01  -3.6559413e-02   7.6557271e-02   2.9652357e-01   3.5532477e-02  -8.3483003e-02  -2.9039898e-01  -2.8272225e-01  -1.0370312e-01   3.4471877e-02   2.4202971e-01  -1.4721286e-01  -3.9477837e-02  -1.1841216e-01   1.2752131e-01  -1.8776779e-02   2.3013299e-01   3.3753793e-02   1.5492857e-02   1.8757032e-01  -5.9640189e-02  -2.2298983e-01   4.2993459e-02  -1.3319124e-01  -2.5709622e-02   6.3998768e-02  -2.3718452e-02  -1.1664450e-01   3.8413807e-02  -1.4195477e-01   1.5283312e-01   1.1686572e-01   1.6556223e-01
  -1.5776179e-01  -6.0242860e-03   1.2405963e-01   1.6123637e-02   1.2299405e-01  -3.5477342e-01  -2.3534233e-01   2.7740569e-02  -2.4762305e-01  -7.4298481e-02  -1.1033280e-02   1.8329175e-01  -1.5422112e-01   2.2095009e-03   1.7155844e-02  -1.1676845e-01   1.5416853e-01  -9.9534368e-02  -1.9950058e-01  -7.8937892e-03  -7.4348464e-02   9.0373148e-02   7.4026473e-02  -3.2772251e-02   1.6649837e-01   4.7794102e-02  -2.0536216e-01   1.0710359e-01   1.8513160e-01  -1.8375240e-02  -8.7153042e-02  -1.4415766e-01   2.2742666e-01   1.4090736e-02   9.4643241e-02  -1.8622334e-01   2.7666905e-02   5.1924398e-02   1.2181493e-01  -5.9026284e-02   2.4403196e-01  -1.0092898e-02  -7.5722074e-02   1.4567802e-02   2.2262061e-01   6.6548527e-02  -7.3808411e-02   2.8479579e-01  -2.4513399e-01
  -1.4221070e-01  -3.9334855e-03   2.1137406e-02   1.4266942e-01   3.0549701e-02   4.1832424e-02   1.6926546e-01   5.0984690e-02  -8.8048585e-02   1.3766712e-01  -3.4406625e-01  -3.0317614e-01   1.0519771e-02   2.8808678e-02   1.8607815e-01  -6.6447706e-04  -3.2355232e-02  -8.1026475e-02   4.2721343e-03   1.0203346e-01  -2.2796329e-01  -9.1107022e-02   9.3529779e-02  -1.1952288e-01   1.5789661e-01  -1.3196519e-01   4.9824031e-03   2.0632238e-01   2.2505494e-01   1.4692116e-01   2.2427664e-01  -1.6843754e-01  -9.9282794e-02  -2.6688611e-01   1.2247292e-01   1.4295475e-01   2.6456867e-01   1.3394462e-01  -5.9906931e-02  -8.6101916e-02  -1.8637070e-01   1.0353181e-01   1.8835623e-02  -7.3982987e-02   1.0132400e-01   1.3263943e-01   5.7366407e-02   9.7585163e-02   8.8615014e-02
  -1.3914180e-01   1.1592453e-01  -1.8507314e-01  -2.8154823e-02  -6.9569951e-02   2.9014250e-02  -2.4135484e-02   1.2978266e-01   7.5397737e-02   1.8229482e-01  -2.7376255e-01   1.2977047e-01   2.5675519e-01   1.9119194e-01  -1.2252191e-01  -1.4287062e-02   1.8989231e-01   1.6879184e-03  -2.4157501e-02   7.4135413e-03   3.6600101e-01  -3.2435800e-01   3.7737049e-02   2.4199188e-01   4.0012303e-02  -1.2944954e-02  -1.2842923e-01  -1.2556907e-01   1.1062154e-01  -2.8585667e-01   2.2527159e-02   1.2680015e-01   1.9413933e-01  -1.2042890e-01   2.0316372e-01   4.3996351e-02  -5.5122642e-03  -9.7242986e-02   2.7295333e-02  -1.4981648e-01  -7.4052452e-02  -3.8582002e-02   3.6764695e-02   5.7465551e-02   8.3603887e-02   7.9823099e-02  -1.4715281e-01   8.9157245e-03   7.3715407e-02
  -1.3640791e-01   1.1964349e-01  -9.4496854e-02   1.4383055e-01   1.0409812e-01   9.2273475e-02  -1.7747427e-01  -2.1607918e-01  -1.8531039e-01  -3.2608364e-02   2.1967901e-01  -7.7054085e-02   1.6358383e-01  -1.6190817e-02  -2.6855488e-01   2.6364779e-01  -2.8833697e-02   1.0222548e-01  -3.4531502e-02   2.6295671e-02   4.1441049e-02   1.0604207e-01  -5.1701203e-02   6.2828895e-02   1.1485485e-01   1.0764645e-01  -8.5979049e-02   4.2221312e-02   3.0694001e-01   1.6918831e-02   1.4512469e-01  -5.5341641e-02   1.4457738e-01   1.2538788e-01   4.8455343e-02  -2.3933717e-02   2.1697416e-01  -3.8315481e-02  -5.3684605e-02  -1.9608942e-01   2.6189031e-02   8.1680241e-02  -2.6957486e-01  -5.9676862e-02  -2.8741327e-01  -1.0286379e-01   2.0923271e-01  -1.5947263e-01   1.4468679e-01
  -1.5701483e-01   2.0175531e-02  -1.6452877e-01   7.9442366e-02  -2.2746207e-01  -8.4272576e-02   2.8107408e-02  -1.8276026e-01   4.9358441e-02   1.5068297e-01   1.0560273e-01   6.6508987e-02  -7.3018341e-02   5.8980143e-04   1.4929859e-01  -1.1915864e-01   1.3669199e-01   2.6541680e-01  -1.9456039e-01  -1.6344291e-01  -1.5029504e-01  -2.7857293e-02  -1.2250345e-01   9.2567669e-02  -1.4846303e-02  -4.4596120e-02   2.5173042e-02  -4.9936041e-02  -4.7699842e-02   2.4813979e-01   2.0473144e-01  -1.9680381e-04  -5.5740581e-02   6.3627668e-02   5.3941369e-02  -4.2852359e-01  -3.9460824e-02  -1.7423790e-01  -1.5166952e-02  -1.5628278e-01   3.6373385e-02  -4.2684982e-02   2.3868534e-01  -3.8275596e-02   1.4917230e-01   2.0255289e-01   8.7548153e-02  -1.5343876e-01   2.1888985e-01
  -1.2381672e-01  -3.2117161e-01   7.5353982e-02  -6.2148999e-02  -6.0725041e-02  -1.0533501e-01   1.0916353e-02   1.6103511e-01   1.6346416e-01   1.9066246e-01   6.8426843e-02  -1.2319079e-01  -3.4306001e-02  -1.4668804e-01   2.3592699e-02   2.2080945e-01  -5.4736019e-02  -3.4177336e-03  -7.8664586e-02  -3.5794823e-02   3.3069769e-01   6.5668934e-02  -7.5183637e-02   1.0235773e-02   8.9522164e-03   3.4489202e-01  -1.4879484e-01  -6.3131344e-02   5.0976426e-02   1.5569183e-01   5.9175899e-02  -2.8394713e-01  -9.0496471e-02   2.7325606e-02   1.8199222e-02   1.5186872e-01  -1.5972021e-01   2.3412032e-01   4.6807361e-02  -2.1257275e-02   1.8023937e-01   1.0140673e-01   8.9483544e-02   2.1895251e-01  -4.8428092e-02   1.7814759e-01  -3.4197464e-02   2.6576280e-02   2.0050488e-01
  -1.3640696e-01  -1.3961013e-01   2.6561035e-04   8.0806666e-02  -1.3138424e-01  -1.6294262e-01  -1.2541651e-01  -5.2300703e-02   2.6442309e-02  -4.7372040e-02  -9.3209513e-02   2.4087920e-02   2.3702535e-01  -3.0296822e-02  -2.0000277e-01   1.0037758e-01  -1.9669402e-01   2.7652446e-01  -1.1312100e-01   3.3548411e-02  -1.6684419e-02   1.4818263e-01   8.4358174e-02  -7.2328446e-02  -1.2337085e-01   1.5875447e-02   1.5728776e-01  -8.7011394e-03  -1.3348241e-01  -7.7130906e-02   6.0502257e-02   8.1190491e-02  -1.4634532e-01   7.7514611e-02  -5.0502769e-02   1.3961860e-01   1.5326164e-01   6.7984677e-03  -1.6232727e-01  -1.6191408e-01   5.6752462e-02  -1.9092769e-01   1.5436729e-01  -3.3810085e-01  -7.8702621e-02   1.1697075e-01  -2.6578932e-01   3.7139260e-01  -6.2465690e-02
  -1.4833807e-01   1.5873962e-01   1.1175555e-01  -2.8418056e-02   4.3033620e-01  -1.1664157e-01  -4.8218517e-02   8.3448437e-02  -5.7819442e-02   1.4080176e-01   6.1692026e-02  -7.0946390e-03   3.1462105e-02   1.8323144e-01   2.5814315e-01   1.0065760e-01   3.7652943e-02   4.3479776e-02   8.1390792e-02  -2.3470439e-02   9.5841186e-02   4.4166249e-02   1.6727822e-01  -4.2926463e-03  -8.8334476e-02   1.2715500e-01  -1.2103254e-02  -1.0780175e-01  -1.2583162e-01  -1.4759337e-02  -1.0468140e-01   2.9755812e-02  -9.4668222e-02  -2.7588839e-01  -1.9797727e-01  -2.5268364e-01  -3.4405483e-02   3.1820936e-02  -1.7588655e-01  -1.3652229e-01   1.5108787e-02   3.0816078e-01   1.3622619e-01  -2.4033618e-01  -1.4328769e-01  -1.3289468e-01  -1.3837403e-01  -8.6200648e-02   6.0277484e-02
  -1.4464765e-01  -1.4127455e-01  -1.4312650e-02   1.2972153e-01   2.0812935e-01  -5.9954774e-02   3.4850842e-01   2.1513690e-01  -1.4460896e-02   1.4954652e-01   2.0630076e-01   1.1590003e-01  -9.8389361e-02  -1.2991833e-01  -2.7949371e-02   7.7120970e-02  -7.2737656e-02   7.9272745e-02   8.3617333e-02  -1.6594658e-01  -1.0360313e-01  -5.4812323e-02   3.6052260e-02   2.1327955e-01   2.4457174e-02  -2.3615615e-01   2.0632449e-01  -5.3852643e-03  -4.2465431e-02  -2.0720218e-01  -4.5937804e-02  -2.6897199e-02   1.1832933e-01  -1.2687763e-02  -4.2737112e-02   1.5336911e-02   3.5826122e-01   4.9327011e-02   3.4442768e-01  -2.2153706e-02   1.9280258e-01  -1.1289003e-01   1.2750233e-01   9.4985138e-02  -1.1476738e-01  -5.8768348e-02   3.5328424e-03   4.5010753e-03   6.6528365e-02
  -1.3510537e-01  -4.7633646e-02  -3.4756723e-02  -1.6891328e-01   1.6539227e-02   1.6134709e-01   1.4088302e-01  -2.6919042e-01  -1.0520978e-01   6.6384619e-02   8.6397988e-02   2.2317759e-01   1.3079752e-02   1.5410951e-01  -1.6361986e-01  -1.1069584e-01  -7.9746182e-02  -3.3235372e-01  -8.0156019e-02  -4.7534870e-02   3.2729417e-02   4.7335004e-02  -3.1674563e-01   1.4120839e-01   6.7181122e-03  -3.9245019e-02   8.7901361e-02   5.8997941e-02   1.4004372e-01  -3.7811168e-02   1.1603619e-01  -7.5924812e-02  -1.8203544e-01  -1.1768994e-01   8.3367774e-02  -2.7092883e-02  -8.4577224e-02   3.2062974e-01  -1.6795722e-01   3.2009996e-02   9.1334974e-02  -6.2618296e-02   2.3372301e-01  -9.9273129e-02   6.3008429e-02  -3.2718730e-01  -4.2991625e-02   9.8172996e-02   1.2790036e-02
  -1.5197240e-01   1.3807395e-01   1.1327025e-02   1.0381926e-01   1.3057281e-01  -1.7291039e-01   1.4050663e-01   3.5877166e-01  -4.1569771e-02   1.0898485e-01   1.3129147e-01  -1.1229053e-01   1.1243955e-01  -7.6698287e-02  -2.6753977e-01  -1.6500924e-01   1.7335691e-01  -8.5677058e-03  -2.7836067e-02  -4.4412161e-02   2.1284287e-01   1.6554297e-01  -1.2875020e-01  -6.2330032e-02  -3.6803479e-01  -9.2365372e-02   8.5543487e-02   1.0805285e-01   4.0182115e-02   1.3286820e-01   1.3031312e-01   8.1444611e-02   2.3338604e-02   5.5386967e-02  -6.4123325e-02  -8.5987919e-02  -3.3556801e-02   5.6795935e-02  -1.9207995e-01   9.3651083e-02  -2.6445161e-01  -3.0413897e-02  -4.1538517e-02   1.0461336e-01   8.7860154e-02   3.4845836e-02   2.4357705e-01   1.0759709e-01  -1.7418334e-01
  -1.4288984e-01   1.8093025e-01   2.2468724e-01  -4.3123901e-02   3.8474923e-02   2.9373051e-02  -4.3006108e-02   6.4796575e-02  -1.4908468e-01   1.3279180e-01  -7.4091143e-02   1.8267002e-03  -1.0761397e-01  -2.1084809e-01   1.0589397e-01   9.2583841e-02  -1.9923890e-01  -1.8143281e-01  -2.1653427e-01   1.1016014e-01   1.9713490e-01   3.0943288e-02  -7.0634523e-02   1.4819357e-01   3.7999038e-02  -1.9506472e-01  -1.1113134e-01  -2.1215695e-01  -5.6419449e-02   1.9036421e-01   9.0947120e-02   3.9399586e-03  -3.8164524e-02   7.5866964e-02  -7.5742827e-02  -2.3956713e-03   5.3281412e-02  -2.8676832e-01   5.7301720e-02   2.8942452e-01  -7.5681258e-02  -2.3393983e-01  -1.8186565e-01  -1.8248071e-01   4.6575233e-02  -1.0018826e-01  -1.6111139e-01   6.4758344e-02   2.6018907e-01
  -1.5109702e-01   2.2651207e-01  -4.1333906e-02   1.9152836e-01  -1.5848563e-01   1.9813556e-02   5.2151696e-02  -7.9780523e-02  -1.3468317e-01   2.4623247e-01   2.7690990e-01  -1.6694504e-02  -1.7894303e-01  -1.1325447e-01   1.2746387e-01   9.8548241e-02   1.3067526e-02  -2.4114956e-02   1.1697315e-01   6.3981046e-02   1.3337362e-01  -1.3127370e-01  -1.7176548e-01  -2.0718423e-01   9.5226709e-02   3.4377575e-02  -3.1232730e-01   9.3794207e-02  -1.0145770e-01  -5.9637175e-02  -1.8088938e-01   1.3291269e-01  -1.7189941e-01   6.4053399e-02   9.3013980e-04   2.7641251e-01   8.9133401e-02  -4.8262606e-02  -3.6533792e-02  -1.7720542e-01  -1.4801186e-02  -9.3889426e-02   1.8430682e-01  -5.9622974e-02   9.0109345e-02  -2.5189950e-03  -8.1151086e-03  -9.7098895e-02  -3.1981961e-01
  -1.3057629e-01   2.3141569e-02   2.4956313e-01   5.2428294e-02   8.8848025e-02   1.7794580e-01   1.5601675e-01  -1.2621020e-01   1.4883714e-01   6.5254945e-02  -1.5158839e-02  -2.3845668e-01  -3.4941033e-02  -6.8672491e-02  -3.4110948e-02  -2.9489635e-01  -1.1896568e-01   1.7460647e-01  -3.1056905e-01   5.3810133e-02  -5.2078011e-03  -2.1131793e-01   1.2186709e-01   1.8634004e-01   5.4489042e-02   2.2768181e-01  -1.1857050e-01   1.1559560e-01  -3.0720758e-01  -1.3825475e-01   1.0868535e-01  -7.1076612e-02   1.0565388e-01   2.7357207e-02   1.5552355e-01  -5.8376507e-02  -1.0750143e-01  -8.4974738e-03  -4.9553235e-03   3.4847568e-02   3.3125004e-02   7.0854796e-03  -4.1460627e-02  -6.0416956e-02  -1.8499428e-01  -1.4512419e-01   1.8643826e-01   1.0088488e-01  -2.2371119e-01
  -1.4587948e-01   1.1554387e-02  -4.2992870e-01  -1.4055722e-01   1.2567673e-01  -3.5147565e-03  -2.6695355e-02  -6.1101375e-02   1.5314602e-01   6.4758257e-02  -4.3509340e-02  -1.1665116e-01  -1.5716192e-01   3.2732546e-01   3.4953241e-02  -9.2438822e-03   1.4206184e-02  -3.7903453e-03   6.8341012e-02  -1.0024944e-01  -5.2052360e-03  -1.7705466e-02   7.9367563e-02  -9.9515937e-02  -7.9276929e-02   2.1241144e-01  -1.6020431e-01   5.7867130e-02  -4.1820854e-02   1.3152558e-01  -2.8926506e-02   2.4699611e-02   1.5452632e-01  -4.4351142e-02  -1.7076515e-01   4.6713414e-02   1.6486962e-01   9.5893516e-02   8.8729799e-03   3.2715418e-01   1.2344245e-01  -4.1778644e-01  -6.9471651e-02  -1.5519420e-01  -4.6133068e-02   5.2740203e-02   1.3554331e-01   3.9758268e-02   2.8576643e-02
  -1.5542205e-01   9.8911790e-02   4.6748584e-02  -1.3057628e-01   5.4082982e-02  -2.9544637e-01  -3.9624329e-02  -2.4494291e-01   2.0496787e-01   2.0541310e-02  -4.3253612e-02  -1.6803155e-02   1.9802292e-02   4.9415658e-02   1.4371600e-01  -1.0073770e-01   1.7924641e-01  -1.2621808e-02   4.8164446e-02  -7.0612072e-02  -2.9789936e-02   1.5715120e-01   1.8811056e-01   2.9936782e-01  -5.8933238e-02  -3.2000660e-01  -1.7213688e-02   6.1318128e-02   3.6747399e-02   1.5591322e-01   6.0484303e-02  -1.3021202e-01   7.0842351e-03   1.8110433e-01   2.3849418e-02   4.0860728e-01  -5.0682887e-02  -5.1358963e-02  -1.6176811e-01  -3.0034327e-02   4.9737855e-02  -7.3831995e-03   3.4291843e-02   1.5287025e-01  -1.9915312e-01  -6.3843110e-02  -1.1079039e-01  -1.8982812e-01  -1.3657758e-01
  -1.1541504e-01   3.2086697e-02  -8.4926229e-02  -3.4086039e-02  -5.8544223e-02  -6.7061781e-02   1.1738240e-01  -1.8325079e-02  -3.1284228e-01  -1.9289902e-01  -6.3264305e-02   1.7459138e-01   3.3667606e-02  -5.9285826e-02   4.8505097e-02   2.3651726e-01   2.9046899e-01  -3.2501015e-02   5.8643299e-04  -1.0508489e-01  -1.8174240e-01  -2.3057429e-02  -5.5569117e-02   1.0226864e-02  -2.4402295e-01   1.6667123e-01  -1.2158264e-01   1.1085366e-01  -3.8630679e-01  -1.0236900e-01   3.3387868e-02  -2.7842518e-01  -1.1711854e-01  -1.0534769e-01   2.1044399e-01   2.6520271e-02  -2.6315445e-02  -1.1243568e-02   4.6834513e-02   2.9891647e-02  -2.5174554e-01  -1.1790765e-01  -1.3741683e-01   1.0249105e-01  -1.8493649e-01  -2.7841156e-02  -9.0069446e-02   2.6323926e-02   1.1225004e-01
  -1.3739521e-01  -2.3433284e-01  -1.9811351e-02  -2.3931257e-01   3.2002302e-02  -1.8171868e-01  -5.1069789e-02  -2.4636372e-01  -7.8615463e-02   6.0867357e-02   2.6569689e-01  -2.0519432e-01   1.5682783e-01  -6.7924283e-02  -1.0523948e-01  -9.5343282e-02   4.7840211e-02  -2.1569169e-02  -1.0370273e-03   2.1875693e-01  -7.2757619e-02   1.4069926e-01  -5.1319223e-02   1.2093881e-01   1.3883836e-01   3.9212211e-02  -1.1629920e-02  -9.0161539e-02   1.2788733e-02  -1.8394725e-01  -1.3211548e-01   8.8268958e-02  -1.0741678e-02  -2.3598967e-01   3.4356057e-02   1.1999373e-02   7.0226026e-02  -1.1407979e-01   1.5656103e-01   3.1975109e-01  -3.2157510e-01   1.1085417e-01   1.3911274e-01  -3.8766171e-02   2.2846167e-02   2.6563217e-01   4.4198167e-04  -8.3069022e-02  -3.9871699e-02
  -1.3602235e-01   1.5156324e-01   1.0513097e-01  -9.5731726e-03   6.2522250e-02   2.6291360e-01  -2.5866060e-02  -9.5453451e-02   3.0810500e-01  -1.4335571e-01   1.2255883e-01   2.5257073e-01  -3.9614161e-02  -9.2185460e-03   1.6177952e-03   1.2729697e-01   1.4436107e-02  -6.6688030e-02  -8.9780330e-02   3.4333144e-02   3.9950010e-02   5.7073816e-02   1.1019314e-01  -6.8167016e-02   1.2914330e-01   1.4573999e-01   7.0644548e-02   1.2577881e-01  -7.4224601e-02   1.4614133e-01  -4.6724197e-02   5.0846869e-02   1.3195597e-01  -1.3634085e-02  -1.6611916e-02  -5.9224945e-02   3.6076814e-01  -9.5051389e-02  -2.1091118e-01   8.5153632e-02  -1.9770307e-01   7.7430911e-02   1.9075378e-01   4.0456979e-01   6.1238012e-02   6.0473382e-02  -1.3032259e-01   2.0668564e-01   4.4194163e-02
  -1.3206700e-01  -4.4017497e-02  -5.1469717e-02   2.8340238e-02   3.8930884e-01   1.0725293e-01  -4.5497989e-02  -1.8623241e-02   1.1790281e-01  -4.1134149e-02   3.1769428e-02   1.8450244e-01   2.0930574e-01  -2.6716199e-01   2.3673021e-01  -7.1535614e-02   1.0217579e-01   1.2911590e-01   1.2073711e-03   4.3407763e-02   4.7595491e-02   2.5964748e-02   8.6563759e-02  -2.6219786e-01   2.0294267e-01  -6.2010711e-02   5.0279549e-02   8.2212976e-02   1.7326849e-01  -1.8472569e-01   5.5741128e-02   1.0909755e-01  -3.0431993e-01   2.6982973e-02   1.5623673e-01  -3.1744690e-02  -2.6057334e-01   3.3323467e-02  -2.7413721e-02   6.7927664e-02   3.3429745e-02  -3.4352196e-01  -7.4175726e-02   6.7725976e-02  -4.2125817e-02   7.4112117e-02   7.6028660e-02  -3.4818086e-02   8.0287200e-02
  -1.3386279e-01  -1.0319051e-02  -1.6158756e-01   2.8362660e-01   7.9023269e-03   1.1983708e-01  -2.8386227e-01   1.5057886e-02   1.8577882e-01  -1.7701346e-01  -4.8241597e-02  -2.5184060e-01  -9.7153196e-02  -7.1204740e-02  -3.6734256e-02   7.8909744e-02   1.4758075e-01   2.7295925e-02  -1.2045724e-01  -2.4325809e-02   7.6255676e-02   2.1317346e-01   1.2272678e-03   4.5847200e-02   3.6747695e-02  -1.5810606e-01   5.3790584e-02  -2.5902054e-01  -1.5960724e-01   1.4380588e-01  -1.4027643e-01   4.9490288e-02  -2.4969439e-02  -1.7102631e-01   2.4066861e-01  -3.8776510e-02   7.6034892e-03   3.0454031e-01   2.3939404e-01  -5.1595785e-02  -1.1378580e-01  -5.0255799e-02   3.8789810e-02  -2.8014755e-03   1.1352410e-01  -2.8574786e-01  -6.2332763e-02  -7.0972896e-02  -9.1573131e-02
  -1.3324282e-01  -4.3481809e-03   9.0477877e-03  -9.7192262e-02  -5.4351220e-02   2.3727340e-01  -1.8838435e-01   4.8229215e-02  -3.0541106e-02  -5.5768316e-02   5.0690636e-02   3.6504358e-02   1.1994823e-01  -2.2049445e-01   1.6644804e-01  -7.6733614e-02  -3.4118579e-02   3.0593848e-01   1.7716104e-01   5.7959344e-02  -5.5876823e-02  -9.6971060e-02  -1.7883551e-01   4.0849812e-02  -3.6972068e-01   9.1283308e-02   2.5668727e-02   6.8806241e-02   2.3459381e-01   1.3771540e-01   1.3433378e-01  -8.7062182e-02   1.2961167e-01  -3.3590163e-01  -3.7002274e-03   9.4120432e-02   3.4022474e-02  -1.7130217e-01   1.0122952e-01   1.3613370e-01   2.1007510e-01   4.0679105e-02   1.5345593e-02   3.2026159e-02   7.6965328e-02  -1.5165094e-01  -1.6799894e-01  -1.9878458e-02  -2.0733717e-01
  -1.5250324e-01   1.1453525e-01  -9.6476416e-02   1.4452581e-01  -1.2111226e-01  -1.0733403e-01  -3.2400723e-02  -9.0550145e-02   4.9655354e-02  -5.4683082e-02   5.4495625e-02   3.4567870e-01  -1.5843955e-01   6.9862790e-02   1.3102438e-01  -1.8044718e-01  -3.5659321e-01   5.0325474e-02  -9.3693302e-02   1.2923181e-02   2.4324578e-01  -6.1300784e-02  -2.8966845e-02  -7.6627221e-02  -1.0027707e-01  -7.8748989e-02   2.0499097e-01   7.3374951e-02  -2.7780229e-02  -2.2694723e-02  -2.9521666e-02  -5.9034059e-02   2.4342385e-02  -9.7467025e-02   1.0088685e-01   4.4220265e-02   1.7899170e-02   2.6322119e-01   8.9180035e-02   1.1376576e-01  -1.2564828e-01   2.2673293e-01  -3.1144641e-01  -9.7709332e-02  -1.3382593e-01   2.8595503e-01  -2.7607561e-02  -1.5669858e-01  -3.6260885e-02
  -1.4733079e-01   1.0470296e-01  -4.4642288e-02  -5.6764239e-02  -2.5976266e-01   4.1045438e-02  -8.2317158e-02   1.4586398e-01   2.8337287e-02   9.3140705e-02   1.6821883e-01   1.4501654e-01   1.0009997e-01  -4.3968773e-02  -4.7892057e-02  -6.1380900e-02   1.3784313e-01   1.5261113e-01   1.4874162e-01  -2.7727137e-01  -2.6558261e-02  -2.5313151e-02   1.5634133e-01  -7.7066949e-02   4.0426259e-01  -3.7250553e-02   1.1914586e-01  -9.9924074e-02  -5.8843375e-02   8.3836414e-03  -1.7916848e-03  -2.9283745e-01   4.2129708e-02  -5.4893462e-02  -1.6666997e-01   1.7900504e-01  -1.5955889e-01  -3.4591840e-02  -1.6595347e-02   1.5240053e-01  -1.2062060e-01   1.5646557e-01  -4.9102997e-02  -2.0201437e-01   7.5348558e-02  -2.0364645e-01   1.9427602e-01   2.2674317e-01   5.8735527e-02
  -1.3722492e-01  -1.0219411e-01   1.2178199e-01  -5.1378579e-02  -1.3377210e-01  -2.9864404e-02   6.5073785e-02  -5.4356575e-02  -1.7628515e-01  -2.1701284e-01  -7.8294812e-02   3.5947119e-02  -1.7033876e-01  -2.2208041e-01  -1.5062605e-01  -2.8070974e-01   5.8570103e-02   1.0353636e-01   9.9112414e-02   5.9469984e-02   7.7751803e-02  -1.3564226e-01   1.8974885e-01  -1.7901138e-01   3.4066448e-02  -2.2951773e-02  -2.0410957e-01  -1.1668543e-01   9.5180925e-02   2.1855406e-02   1.1929728e-01   9.5301583e-02   1.9133082e-01  -4.2719452e-02  -3.2947662e-01  -5.4904987e-02   5.7000845e-03   2.8103415e-01  -4.2644794e-02  -9.6783706e-02  -1.8325182e-01  -1.4933499e-01   1.6706953e-01   6.1934915e-02  -1.8242329e-01  -9.7359000e-02  -1.5162013e-01  -1.8255210e-01   1.5856918e-01
  -1.5654353e-01  -2.3816030e-01  -6.8540533e-02   1.1038664e-01  -7.0936440e-02   1.6836125e-01  -6.6205385e-02   1.8677805e-01   3.0312917e-02   7.9377828e-02   3.4345234e-04   1.8706287e-01  -4.9873318e-02   2.7723635e-01  -1.4793969e-01  -1.3252330e-01  -3.7729947e-03  -1.2510864e-01  -2.5508433e-02   1.0472329e-01  -8.1311292e-02   1.1788182e-01   1.9837566e-01  -2.2286306e-01  -9.1475094e-02  -1.1553661e-01  -2.8141699e-01  -1.5256327e-01   2.5401524e-02  -1.8605582e-03   2.2696915e-01  -1.5831619e-02  -2.9401304e-01   9.2394102e-02   7.2299954e-02  -5.0023775e-02   6.2820788e-02  -2.5620096e-01   1.6808322e-01   1.2078863e-01   5.5245455e-02   2.1243604e-01   7.0357900e-02   6.7318390e-02  -2.4242023e-01  -7.3188851e-02  -1.9673313e-03  -3.1972340e-02  -1.2988771e-01
  -1.4543108e-01  -1.7566773e-01   1.4557576e-01   1.1803192e-02  -5.0220097e-02   8.9857215e-02  -2.7648901e-01  -1.2949009e-01  -1.1987320e-01   1.2043967e-01   5.9061992e-02  -1.8427660e-01  -4.4046219e-02   2.9811873e-02   8.6311054e-02  -1.6357675e-01  -2.0139247e-01  -2.4585600e-01   1.7676669e-01  -4.2135104e-01   1.0460289e-01   1.5578686e-03   2.2870387e-01  -9.4070857e-02  -2.4831453e-01   5.7195972e-02   1.4433541e-01   1.5390519e-01   5.8985491e-02  -1.0368654e-01  -1.5023845e-01   1.7919947e-02   5.7141023e-02   7.6998724e-02   1.6830599e-01  -2.0287251e-02  -2.8785561e-02  -1.8240479e-01   6.8221080e-02  -1.6609114e-01  -1.6564060e-01  -1.1178130e-01   3.9234597e-02   6.0745768e-02   5.4229876e-02  -5.6716284e-02   4.3591737e-02   4.6483692e-02   1.7714026e-01
  -1.2841453e-01  -1.8053165e-01   2.2895859e-01  -1.0056123e-01  -1.6979570e-01  -1.0271167e-01   2.0315288e-01  -4.2731307e-02  -5.1288385e-02  -1.8186411e-01  -4.7589964e-02   1.5693477e-02   2.1586586e-01   2.0779108e-01   1.7941386e-01  -3.2011403e-02   4.6060945e-02  -2.6884098e-02   6.7487088e-03  -1.4564330e-01   1.8732398e-01  -4.6145730e-03  -1.1847768e-01   7.2440321e-04   1.8656366e-01   9.9124026e-02   1.0512072e-01  -1.5810364e-01  -7.8393550e-03   2.5598498e-01  -4.6764112e-02   2.2305761e-01  -1.7305143e-01  -2.0093772e-01  -9.0074489e-02  -4.1012272e-02   1.7256181e-01  -1.0445475e-01   1.0030976e-01  -1.8381169e-01   4.1694214e-02  -1.5357053e-01  -2.6404940e-01   1.2469397e-01  -1.1324139e-01  -6.3989575e-02   1.7650624e-01   2.6163224e-02  -2.2188769e-01
  -1.3022378e-01   2.7036494e-01  -5.3054624e-02   1.2775974e-01  -1.1916545e-01   2.8933448e-02   3.4615210e-02   5.8315994e-02  -3.2159265e-02  -2.9652960e-01  -2.9994971e-02  -6.3653819e-02   1.7111892e-02  -7.7809676e-02  -1.4054169e-01  -1.6839024e-01   1.0681672e-01  -2.4266061e-01   7.1667261e-02   2.9031673e-01   1.4134778e-01   1.5466443e-02   1.5279219e-01   1.3114212e-01  -2.5154545e-02   9.6146485e-02   1.8926130e-01   1.5540145e-01   6.3850063e-03   8.6899218e-02  -2.2787344e-01  -1.4639025e-01  -1.7342212e-01  -1.1162957e-01  -6.4823639e-02   9.5009757e-03  -6.1283621e-02  -1.6979344e-01   1.3805385e-01  -4.4525670e-02   3.0099023e-01  -4.6718985e-02   2.2533322e-01  -9.3264737e-02  -1.2253665e-01   1.5310660e-01   1.7701253e-01  -1.0611545e-03   1.7038613e-01
  -1.5268376e-01  -1.2399968e-02   2.2852142e-01  -1.7200556e-01  -4.6580393e-02  -1.1383260e-01  -1.2706125e-01   1.6805308e-01   1.2213572e-01  -1.6214058e-01   4.5619060e-02   3.9086974e-02   2.6894239e-01   1.1658565e-01   2.6506081e-02  -2.4413259e-02  -1.2189413e-01   9.4311823e-02   1.6067131e-01   1.0582858e-01  -8.3101893e-02  -1.0586929e-01  -1.8298645e-01  -6.7907037e-02  -2.9506368e-02  -2.3217230e-01  -3.1624551e-01   2.0978647e-01  -1.9616348e-01   8.5112010e-02  -1.6159622e-01   1.2843130e-01   6.2691154e-02   1.2487174e-01   2.2625513e-01  -1.7686116e-02   1.1120038e-01   1.7738656e-01   1.8345880e-02   5.2392426e-02   1.0024818e-01   8.2858393e-02   7.9042969e-02  -7.9306607e-02   6.5625496e-02  -9.1706157e-02   2.0726987e-01  -3.2060126e-02   3.0817447e-01
  -1.3054189e-01   1.2820410e-01  -1.0965898e-01  -3.5109871e-01  -3.3106374e-02  -1.1954088e-01   1.3697541e-01   2.6015253e-02   1.7770228e-01   7.5427063e-02   1.7438271e-02   4.0129897e-02   5.1371828e-02  -1.2896886e-01  -1.8756609e-01  -3.5780333e-03  -2.3346369e-01  -4.5983011e-02  -1.7089326e-01   1.3552342e-01  -1.5172889e-01   7.5672075e-02   2.2558171e-01  -1.9780959e-01  -1.1962653e-01   6.0758378e-02   8.9462479e-04  -1.2334086e-01  -4.6299638e-02  -9.4734753e-02  -7.2118760e-02  -1.6796110e-01  -7.9718304e-02  -1.2368387e-01  -1.0051471e-02   2.1916128e-03   8.1101314e-02  -6.5606747e-02  -6.4661510e-03  -2.9194652e-01   4.2233271e-02  -6.2877040e-02  -2.0452889e-01   9.1428776e-02   3.5607914e-01  -1.7040787e-01   6.4091353e-02  -2.6127252e-01   2.8459832e-03
  -1.5296711e-01  -1.6414823e-01  -1.2374847e-01  -5.6367556e-02  -4.2212102e-02   1.8580038e-01  -5.9783479e-02   1.9200175e-02   7.3443371e-02   9.6446014e-02  -9.2931383e-02   1.3522773e-01   7.1033169e-02  -3.7672484e-01   1.5114197e-01  -8.9137697e-03   4.0394913e-02  -3.4010061e-01   2.1361443e-01   7.2743434e-02  -1.6668095e-01  -1.0381596e-02   5.7546535e-03   1.6058675e-01  -9.3092677e-02  -1.7376032e-02  -5.0743172e-02  -3.0342711e-01  -9.5807357e-02   4.2380646e-02  -7.9156739e-02   2.9194506e-02   1.5998395e-01   1.0547602e-01   1.5856857e-02  -1.2608318e-01   7.6309148e-02   1.2605459e-01  -2.4745989e-01  -1.3334835e-01   4.1567958e-02   5.9870585e-02  -1.0544015e-01  -1.5423731e-01  -1.2061224e-01   2.1208692e-01   2.0911059e-01   9.8034812e-02  -1.7054681e-01
  -1.4934140e-01  -9.1580091e-02  -1.9434417e-01  -1.0069403e-01   1.1447431e-01   1.7379103e-01   3.3183279e-01  -2.0776302e-01  -6.4474452e-02  -1.9450200e-01  -2.4915438e-01  -8.9709959e-02  -3.2640649e-02  -6.2335796e-02   2.7195659e-02   1.4394477e-02  -2.9167131e-02   2.4295879e-01  -4.2560375e-02  -1.3440410e-01   2.2289651e-01   1.0102048e-01  -8.6218587e-02  -6.6332448e-02  -8.8753447e-02  -2.0177554e-01  -1.8238369e-01  -1.7474783e-02   1.3639459e-01  -3.8143732e-02  -3.8411789e-01  -1.6211296e-01  -4.4987377e-02   2.0714749e-01  -8.8741159e-02  -7.5741305e-02  -5.4983997e-03  -1.3123556e-01   1.0188182e-02   1.6637344e-02  -3.0732047e-02   2.5650850e-01   5.2416828e-03  -2.5309742e-02   8.1685546e-02  -5.1253605e-03   1.8209480e-02   1.6844372e-01  -1.6994509e-02
