-5.229946e-02 -2.058409e-01 -2.165116e-01 3.035944e-02 4.622263e-02 1.922516e-01 2.613355e-01 -1.248478e-01 -1.804469e-02 7.294313e-02 -2.134257e-01 -8.767369e-02 2.049994e-01 1.719683e-01 -2.225075e-01 9.368635e-03 -8.296933e-02 1.535082e-01 -1.401636e-01 -1.045070e-01 5.510860e-02 -1.475049e-01 -2.087255e-02 -1.566852e-01 -1.146843e-01 5.800917e-02 1.819200e-02 2.027733e-01 -7.138626e-02 -1.631750e-01 2.477835e-01 6.231113e-02 -1.435918e-01 1.785244e-01 -1.285960e-01 -2.072225e-01 2.052530e-02 3.525001e-02 8.013066e-02 -2.124325e-01 -2.809226e-01 5.472108e-02 9.064155e-02 7.807557e-02 3.639124e-03 -4.638151e-02 1.825293e-01 -1.880727e-01 2.138460e-02 -7.455761e-02 
-1.315104e-01 -4.300001e-02 1.670235e-01 -4.996932e-02 -1.179559e-01 -2.526485e-01 2.261757e-01 -1.589392e-02 -1.809929e-01 1.014854e-01 2.144788e-01 -1.990572e-01 5.767112e-02 1.562577e-02 3.445122e-01 -1.610572e-01 -6.201510e-02 9.543182e-02 7.218426e-03 -2.024333e-02 2.366120e-01 -2.333842e-02 1.813938e-01 9.144516e-02 1.951426e-01 -4.288205e-02 1.184973e-02 -2.909849e-02 -1.572427e-01 -1.522881e-01 2.508262e-01 -1.052952e-01 1.452864e-01 -1.307831e-01 -1.538521e-01 -7.774709e-02 -4.513981e-03 5.727703e-03 -7.416178e-02 -5.179932e-02 -3.603890e-03 -7.243094e-02 4.790804e-02 -2.001535e-01 4.292803e-02 3.598161e-02 -1.424457e-01 -2.838187e-01 2.025227e-01 -4.021096e-02 
-9.028893e-02 2.096675e-02 -4.780444e-02 1.428118e-01 5.749237e-02 -1.301341e-01 1.914843e-01 -3.258853e-02 3.281163e-01 -5.642787e-02 3.779566e-02 -1.577276e-01 2.020667e-01 -1.230511e-02 -2.444430e-02 -1.304649e-01 1.584981e-01 1.153618e-01 9.258105e-02 2.179291e-01 -4.580344e-02 6.320630e-02 2.233630e-01 -1.386260e-01 -6.049348e-02 -6.701785e-02 1.795376e-01 5.435483e-03 -1.480990e-02 2.777881e-01 -3.260396e-02 -1.989922e-03 -2.100575e-01 -4.526075e-02 -5.988518e-02 1.809979e-01 2.253372e-01 2.685231e-02 1.692897e-01 1.548469e-01 1.066263e-01 -1.122640e-01 -3.159415e-02 1.633741e-01 -7.167056e-02 1.590682e-01 -6.026285e-02 -1.315405e-01 -4.077041e-02 -3.675512e-01 
-1.658613e-01 -1.653963e-01 -2.748673e-02 -3.085024e-01 -7.148889e-02 -2.440852e-01 2.676329e-01 -7.661522e-02 -1.340012e-01 1.130492e-01 -3.268240e-02 2.320830e-01 1.008578e-01 -2.345012e-02 -1.006705e-01 2.257391e-01 -1.146796e-01 5.983011e-03 1.139558e-01 1.728825e-01 -6.188222e-02 2.543835e-02 6.194597e-02 1.318007e-01 -8.221135e-02 2.510852e-02 -1.822812e-01 -2.494588e-01 6.398138e-02 -6.602489e-02 -1.536965e-01 9.703507e-02 -3.817801e-01 -8.846500e-02 2.034241e-01 3.651235e-02 -1.144504e-01 2.600711e-01 -2.785153e-02 -9.255603e-02 5.298701e-03 -3.339931e-02 -6.831687e-02 -8.779545e-02 6.245460e-02 3.420272e-02 -5.407488e-02 -6.916110e-02 -1.012240e-01 -2.316037e-02 
-8.622310e-02 -9.212460e-02 1.197998e-01 1.499799e-01 -1.391719e-01 6.594508e-02 1.196963e-01 9.405624e-02 -1.054571e-01 8.696926e-02 1.754606e-01 -1.884461e-01 -8.821369e-02 -4.463669e-02 -5.344210e-02 -1.181343e-01 -1.914924e-02 5.820588e-02 -9.954905e-02 2.041268e-02 9.462572e-02 2.171279e-01 -3.205236e-01 -5.507574e-02 2.991642e-03 -3.198639e-02 4.425844e-02 5.063149e-02 -1.108268e-01 2.518463e-01 -3.833000e-02 3.661623e-01 -1.202223e-01 1.650577e-01 -8.729898e-02 5.103253e-03 -3.409693e-02 4.090147e-02 -1.714951e-01 6.001938e-02 1.586581e-01 6.450133e-02 -6.668116e-02 -2.858136e-01 1.539454e-01 6.521724e-02 2.204060e-01 -5.987778e-02 -3.358829e-01 4.919781e-02 
-2.006270e-01 1.934649e-01 1.442595e-01 6.095789e-02 1.940484e-01 2.403315e-02 1.113462e-01 1.348398e-02 -1.590924e-01 -9.727584e-04 4.149473e-02 1.594455e-01 -1.123661e-01 -5.038833e-02 1.821245e-01 4.967285e-02 -1.326398e-01 -1.844088e-01 -1.833856e-01 -1.198968e-01 1.608752e-01 -4.663685e-02 -7.832131e-02 -1.640550e-01 -2.853328e-01 2.932117e-01 8.126079e-02 8.775325e-02 5.926038e-02 6.005210e-02 -2.418983e-01 4.949740e-02 -3.364072e-03 -8.947007e-02 3.242895e-02 -1.355049e-01 2.080457e-01 9.507172e-02 3.899506e-01 1.327008e-01 -2.423887e-02 -3.996456e-02 -3.713887e-02 -1.499033e-02 1.913120e-01 2.663102e-02 -2.208177e-03 -1.489004e-01 1.410537e-01 2.543076e-02 
-1.126805e-01 -1.138385e-01 -3.107306e-02 7.797520e-02 -1.038818e-01 -2.826401e-01 1.371690e-02 -1.833753e-01 8.475254e-02 8.129686e-03 1.233492e-01 5.752015e-02 -1.524432e-01 1.425035e-03 -9.400472e-02 3.575334e-02 -1.402123e-01 -5.838341e-02 2.801391e-02 -3.058985e-01 2.860805e-01 -8.068642e-02 -1.654625e-01 1.847674e-01 -7.409916e-03 -1.101266e-01 4.131107e-02 -1.784366e-01 1.946651e-01 7.169667e-02 2.450540e-01 -1.282196e-01 9.638252e-02 1.676292e-01 4.185126e-02 -4.663428e-02 1.670672e-01 4.777952e-02 1.196885e-01 1.766155e-01 -2.224646e-01 3.135962e-02 -1.403720e-01 1.317074e-01 -1.270799e-01 1.535169e-01 -8.584303e-03 1.824529e-01 -2.550796e-01 -9.180446e-02 
-2.280563e-01 1.230295e-01 8.957502e-02 -1.283258e-01 2.061041e-01 -1.657075e-02 2.437205e-01 -5.659935e-02 2.423083e-02 -1.715471e-01 -1.383795e-01 4.255281e-02 -2.333182e-01 -2.101331e-02 -4.365606e-02 -1.229835e-01 1.712441e-01 -1.907306e-01 1.580155e-01 7.106893e-02 -1.564468e-01 2.132087e-02 -1.910349e-01 -3.910351e-03 1.016437e-01 2.182706e-01 3.768017e-02 -1.312547e-01 -3.494421e-02 -1.523183e-01 1.226644e-01 4.489507e-02 -2.320989e-02 1.819359e-01 1.438125e-02 2.099554e-02 -5.310302e-03 -3.265900e-01 -2.364719e-01 7.737038e-02 -1.177043e-01 2.692741e-01 2.490787e-02 -7.030289e-03 1.501816e-01 7.941020e-02 -1.029179e-01 -1.466617e-02 8.045401e-02 -2.622964e-01 
-2.078311e-01 1.392231e-01 1.398849e-01 -7.307629e-02 -1.718659e-01 1.285454e-01 1.787333e-02 7.954193e-02 -1.047612e-01 1.318126e-01 1.781830e-01 -2.178423e-01 1.318847e-03 -5.258154e-03 -2.445694e-01 -1.017793e-01 -1.552653e-03 -9.992111e-02 1.920471e-01 -1.282509e-02 6.898394e-03 -2.250488e-01 1.100796e-01 -9.803724e-02 -1.122842e-01 1.190897e-01 1.683401e-01 -1.504284e-01 3.526286e-02 -1.784340e-01 -1.646931e-01 1.958101e-02 -6.183209e-02 -1.055659e-02 -5.063985e-02 -1.205787e-01 3.939055e-02 5.672721e-02 -2.932248e-02 9.177055e-02 3.507762e-02 -1.295645e-02 3.052332e-01 -1.203052e-01 -4.518384e-01 -3.669726e-02 1.224285e-01 2.393524e-01 2.517003e-02 -4.126069e-02 
-1.484134e-01 -1.663106e-01 -3.245123e-02 -2.036468e-01 1.182829e-01 6.403122e-02 -6.412133e-02 2.442058e-01 3.090893e-02 7.008852e-02 8.516156e-02 -9.211203e-02 -7.525749e-02 -2.553183e-01 6.093993e-02 -2.046717e-01 2.834924e-01 -4.835671e-02 -1.277234e-01 -1.030082e-01 -2.999175e-02 1.072459e-01 2.938638e-02 -3.504864e-02 -1.451197e-01 -1.046411e-01 -2.780240e-01 1.309236e-01 2.859193e-03 1.979373e-01 1.700334e-01 -4.503028e-02 -1.378905e-01 -7.128085e-02 1.370844e-01 -3.231143e-01 -1.901904e-01 1.106538e-01 4.727381e-02 -2.800566e-02 -6.175366e-02 1.003822e-01 -4.357334e-02 6.970683e-02 -1.249937e-01 2.767153e-01 -6.159309e-02 1.494033e-01 1.706289e-01 -1.987775e-02 
-7.963615e-02 -2.306871e-01 9.319234e-02 3.842085e-02 9.287592e-03 -9.207016e-03 -3.389435e-02 7.376911e-02 -2.031162e-02 7.394348e-02 -2.164688e-01 -3.553553e-02 -2.787930e-01 -4.869831e-02 -2.477509e-01 -1.500832e-01 -1.329086e-01 2.103652e-01 -7.265816e-02 6.382409e-02 -1.362217e-01 -8.704091e-02 9.414545e-02 -1.113975e-01 2.139510e-01 -1.888861e-01 2.673089e-01 -5.319909e-02 5.559563e-02 2.034719e-02 -3.284412e-01 -1.708223e-01 6.636826e-02 -3.910636e-02 9.691849e-02 -1.769329e-01 1.320273e-01 -8.673236e-03 -1.218732e-01 7.692873e-03 -2.065095e-01 -1.476460e-01 -2.383201e-01 -1.243508e-01 1.287184e-01 1.703978e-01 1.714398e-03 -4.034003e-02 1.545787e-01 6.047692e-02 
-2.224520e-01 5.434368e-02 1.012623e-01 -1.468588e-01 -4.952270e-02 -6.398956e-02 -1.514522e-01 6.674649e-02 1.143149e-01 -1.281730e-01 6.184141e-02 -9.297842e-02 1.917381e-01 1.865735e-01 -2.367346e-01 1.188796e-01 5.743239e-02 -1.451524e-01 -4.382983e-02 -2.149770e-01 7.248506e-02 1.845191e-01 -1.125593e-01 -8.069873e-03 2.795044e-01 -4.623778e-02 1.430224e-01 2.700419e-01 1.221303e-01 3.267609e-02 -1.079722e-01 1.013705e-01 9.231992e-02 -1.932563e-01 1.770846e-01 9.133419e-02 -3.035642e-01 4.417702e-02 1.158629e-01 -1.294215e-02 -2.249066e-01 -3.903442e-02 2.457955e-02 -1.201598e-01 1.635687e-03 -1.430092e-01 -7.057507e-02 -1.379331e-01 1.697716e-02 -2.383806e-01 
-2.820747e-02 -2.055419e-01 -2.499615e-02 -2.283508e-03 -2.693777e-01 2.423000e-02 5.829916e-03 1.597946e-02 2.834336e-01 3.610536e-02 1.372060e-01 -1.387645e-01 5.670062e-02 2.101229e-01 2.607510e-01 1.071601e-01 -7.301862e-02 2.809568e-03 3.615868e-02 -4.258660e-02 -5.760757e-02 -2.423240e-01 4.506774e-02 -7.767134e-02 -2.457535e-01 2.962941e-01 -5.026623e-02 4.824844e-02 7.057034e-03 1.257681e-02 -1.518770e-01 -1.033750e-01 1.365447e-01 1.414240e-01 1.885040e-01 1.728112e-01 -2.544731e-01 -1.408165e-01 -1.054943e-01 1.925012e-03 -3.660801e-02 4.907515e-03 -1.598289e-01 -7.543134e-02 1.303945e-01 2.626896e-01 1.735796e-01 7.072198e-02 1.138608e-01 -6.554409e-02 
-1.652769e-01 3.331523e-02 7.273005e-02 -1.436064e-01 -2.294966e-01 6.872473e-02 -2.034608e-01 2.027313e-01 4.210581e-02 1.453965e-01 1.590754e-01 3.197746e-01 6.901093e-02 -1.100591e-01 2.947102e-02 -2.915394e-02 -9.160505e-02 3.385693e-01 2.748650e-02 -4.112990e-02 -1.661935e-01 -4.904703e-02 8.519829e-02 -8.804178e-02 2.417706e-01 1.531317e-01 1.295854e-02 1.884539e-02 -1.729734e-01 3.749939e-02 1.601655e-01 1.233451e-01 -1.306139e-02 2.428169e-01 2.697740e-01 -1.932828e-02 1.997681e-01 -1.878062e-01 2.292348e-01 7.848667e-04 -9.671604e-03 6.343160e-02 1.154866e-01 7.359084e-02 3.155083e-02 -3.903348e-02 -9.424480e-02 -7.986655e-02 -1.034099e-01 1.516183e-02 
-1.604972e-01 1.329519e-01 2.234429e-01 1.895806e-01 -6.741174e-02 -5.912590e-02 3.542571e-02 -1.489122e-01 6.134588e-02 -1.908868e-01 2.320381e-01 -1.581580e-02 -1.416393e-01 1.706778e-01 -1.197751e-01 1.107973e-02 9.415312e-02 9.003105e-02 3.039122e-02 1.898136e-01 5.994445e-02 -7.823242e-02 -1.056414e-02 -1.288281e-01 -2.671642e-01 -2.637406e-01 -1.515974e-01 1.258695e-01 -9.577406e-02 -1.502304e-01 6.998687e-02 4.211241e-02 -3.606242e-02 -2.628242e-01 3.255329e-01 -1.161600e-01 6.131384e-02 -2.207189e-01 -9.644636e-02 -1.769173e-01 -6.265415e-02 -4.918049e-02 -2.179613e-02 1.779922e-01 6.080835e-02 -6.351929e-02 -1.387591e-02 -1.821383e-02 -1.304677e-01 1.898801e-01 
-6.474124e-02 -5.210314e-03 -6.355004e-03 2.443869e-01 -2.587783e-01 3.293756e-02 -4.317195e-02 6.528856e-04 -1.292882e-01 3.737192e-02 3.467437e-02 2.917090e-01 -4.129599e-02 9.022087e-02 1.022458e-01 -1.563553e-01 2.217156e-01 -1.408214e-01 3.876935e-03 1.375602e-01 8.431686e-02 2.403090e-01 1.623163e-01 -7.857211e-02 5.505540e-02 -2.129396e-01 3.075926e-02 -1.610060e-01 -1.163819e-01 -2.007541e-01 -1.803554e-01 -1.440723e-02 6.427748e-03 1.224487e-01 -1.502864e-01 9.533185e-02 -1.937136e-01 8.807721e-02 2.570352e-01 -8.653962e-02 -2.303778e-01 2.491251e-01 -3.143294e-02 1.202830e-01 4.047165e-02 8.465793e-02 2.321828e-01 4.271059e-02 6.007187e-02 -7.434907e-02 
-2.377513e-02 -9.432166e-03 3.523701e-01 6.626504e-02 5.081398e-02 1.969897e-02 2.599535e-01 1.866085e-01 1.270909e-01 -6.311170e-02 -2.968212e-01 5.097664e-02 -1.559390e-01 3.783437e-02 7.495385e-02 -3.676786e-02 -4.701226e-02 1.877427e-01 -1.856121e-01 -1.882282e-01 2.353112e-01 8.931384e-02 2.971137e-01 1.233396e-01 6.057109e-02 5.397544e-02 -7.268645e-02 5.116335e-02 4.809540e-02 -9.830443e-03 2.218707e-02 -8.718815e-02 -2.211680e-01 5.497689e-02 1.125075e-01 1.189263e-01 -1.544255e-01 -1.022854e-01 -1.437971e-02 1.078503e-01 1.144541e-01 -2.639262e-02 -1.597555e-02 4.303315e-02 -9.088059e-02 -3.016877e-01 2.039644e-01 1.998686e-01 -2.112776e-02 -2.533746e-02 
-2.169906e-01 3.504189e-02 -3.198653e-01 1.163204e-01 -3.354957e-02 -2.138942e-02 9.956467e-02 1.040510e-01 -1.647343e-01 -1.674215e-01 -1.261967e-01 8.532157e-02 1.838751e-01 -1.601162e-01 -1.931034e-01 -1.108030e-01 -1.152763e-02 2.388284e-02 8.676416e-02 -1.765753e-01 1.706292e-01 1.953426e-01 5.404410e-02 -1.744067e-01 2.397197e-02 1.731520e-01 -1.286824e-02 2.324121e-03 5.855215e-03 -2.075229e-01 3.425620e-02 -3.479686e-02 1.420215e-01 -1.079403e-01 3.976073e-02 1.095914e-01 -3.876905e-02 -2.201661e-01 3.217005e-02 -1.551760e-01 3.028073e-01 -1.743463e-01 -2.525060e-01 -6.574712e-02 -8.283408e-02 2.416173e-01 -3.571329e-02 1.031374e-01 -8.025471e-02 1.250307e-01 
-2.305045e-01 7.102164e-02 8.374663e-02 1.097414e-03 3.000052e-01 1.877552e-01 -1.638022e-01 -1.893985e-01 -5.141953e-02 7.617072e-02 -5.027110e-02 -1.948911e-01 2.162070e-01 -2.996340e-02 1.428622e-01 8.576489e-02 1.174002e-01 1.264953e-01 -1.287178e-01 1.780369e-01 1.629417e-02 -5.705387e-02 2.413063e-02 -1.373336e-01 1.347914e-01 -1.305986e-02 -1.480070e-01 -4.270470e-01 2.255603e-01 2.707549e-02 1.005668e-01 4.753726e-04 1.983111e-01 2.087981e-02 1.557405e-01 -3.025732e-02 -4.336471e-02 -5.482685e-03 7.572826e-02 1.576623e-02 -4.800885e-03 4.302745e-02 -2.180444e-01 -8.685074e-02 -8.412932e-02 -9.987699e-02 2.608504e-01 -9.670450e-02 -1.127687e-01 -1.348477e-02 
-3.038586e-04 -2.518731e-01 1.602953e-02 1.795219e-01 1.423446e-01 -2.824431e-02 1.948940e-01 1.634312e-01 1.126469e-01 -2.216081e-01 1.343455e-01 2.697822e-02 5.591928e-03 -1.367616e-01 -6.393767e-02 5.248498e-02 -1.638080e-02 1.302497e-01 3.375892e-01 -1.606869e-01 -1.705595e-01 1.944941e-01 1.298113e-01 4.242870e-02 -1.985181e-01 8.216756e-02 -9.150609e-02 -1.456228e-01 -4.495800e-02 1.091760e-01 -9.856584e-02 1.281422e-01 3.398497e-01 1.643555e-02 -4.475172e-02 -5.098032e-02 -1.657105e-02 7.765340e-02 4.549096e-03 4.309848e-02 -2.238492e-01 1.250622e-01 1.439892e-03 -4.679444e-02 -1.503029e-01 -2.570429e-01 -1.908172e-02 -1.934812e-01 4.081019e-02 1.707098e-01 
-7.070210e-03 -1.632873e-01 1.210614e-01 2.801646e-01 -1.188555e-01 1.701737e-01 -3.221859e-02 9.264713e-02 -1.588890e-01 -1.359594e-01 -1.552561e-01 1.186049e-01 -1.370342e-01 2.568062e-01 8.736554e-02 1.514175e-01 -7.420066e-02 -1.757488e-01 1.433851e-01 -3.814641e-03 -2.075847e-01 -2.222041e-02 2.203922e-02 -1.590512e-01 2.005030e-02 -1.380778e-01 -1.412174e-01 1.096848e-01 1.590695e-01 5.214228e-03 2.716276e-01 -5.183953e-02 -3.269169e-02 2.610466e-02 1.298963e-01 -6.322508e-03 1.571072e-01 1.717129e-01 4.967150e-02 1.299487e-02 2.215007e-01 6.158438e-02 -4.242652e-02 -3.178171e-01 -1.926682e-01 7.051298e-02 -1.227776e-01 -9.147202e-02 4.789029e-02 -2.273950e-01 
-7.803216e-02 -8.014002e-02 -1.079858e-01 1.446733e-01 -1.425458e-01 1.633933e-02 -1.283685e-01 -1.911657e-01 2.184258e-01 -5.760423e-02 -1.463054e-01 6.730796e-02 1.520934e-01 2.278865e-02 6.643861e-02 -1.839481e-01 -1.461042e-01 3.665311e-02 -2.484816e-02 -1.481894e-01 8.904524e-02 4.951782e-02 1.409191e-02 1.714691e-01 6.512369e-03 -2.813915e-02 -1.634811e-01 -1.758522e-01 1.076706e-01 8.691066e-02 -2.419597e-01 1.098154e-01 -3.292037e-04 -2.161435e-01 6.184524e-03 -3.674448e-01 1.194020e-01 -1.754367e-01 -5.616428e-02 -1.231447e-01 2.000692e-01 2.287131e-01 2.883987e-01 -1.071050e-01 1.577238e-01 -2.843216e-02 -5.793468e-03 4.766635e-02 6.032315e-02 -2.126031e-01 
-2.283375e-02 -9.667912e-04 1.054019e-01 2.535613e-01 -1.433494e-01 4.774026e-03 6.957707e-02 1.650054e-01 -5.378761e-02 2.163678e-01 -2.970003e-03 -1.132692e-01 2.418065e-01 6.231477e-02 -9.850483e-02 -4.729232e-02 3.771912e-01 1.871303e-02 7.411471e-02 -1.437813e-01 2.199770e-02 -3.693557e-02 -1.799775e-01 4.536746e-02 9.042959e-02 1.094341e-01 -1.701847e-01 -4.182101e-03 2.994964e-01 -1.140725e-01 -1.492001e-01 -2.329017e-01 -8.952492e-02 1.599092e-01 6.140376e-02 -7.572821e-03 1.367388e-01 1.334584e-01 -1.321040e-01 8.943773e-02 7.453097e-02 4.340559e-02 2.034394e-03 2.256847e-01 2.022555e-01 -8.908401e-02 -2.035794e-01 -1.447106e-01 5.169278e-02 1.717812e-01 
-6.230839e-02 -2.175485e-01 1.787864e-01 -1.925267e-01 -1.552370e-01 1.324864e-01 -2.241241e-01 1.798691e-01 3.444492e-02 -1.786715e-01 -3.856345e-02 8.531049e-04 -1.105235e-01 -1.042891e-02 8.310864e-02 1.680551e-01 1.678663e-01 4.823603e-02 7.289754e-02 8.814095e-02 1.913682e-01 6.516476e-02 -8.394037e-03 -1.193514e-01 -1.361745e-01 1.484819e-01 5.184786e-03 -1.465582e-01 1.510733e-01 -4.121816e-04 2.245336e-02 -2.489686e-02 -6.154069e-02 -1.217949e-02 -4.246359e-01 -9.052085e-02 9.548118e-02 -8.702542e-02 -1.258673e-02 -2.660653e-01 -1.043134e-01 -2.858344e-01 -5.256106e-02 4.401289e-02 1.179103e-01 -1.102959e-01 -1.546779e-01 4.157566e-02 -1.832333e-01 -1.611607e-01 
-5.391998e-02 -1.199264e-01 1.433460e-01 1.401461e-01 1.054175e-01 4.601264e-02 1.325104e-01 -5.668506e-02 2.262021e-02 2.689260e-01 6.014731e-02 -1.023036e-01 -1.845108e-01 -7.204492e-02 7.228368e-03 8.397000e-02 2.277119e-02 -3.061979e-03 -1.367542e-01 2.683677e-02 -3.327083e-01 1.723344e-01 -5.723867e-03 3.442029e-01 6.981869e-02 1.442791e-01 -5.055471e-02 1.424305e-01 1.133314e-01 -2.206089e-01 -5.292065e-02 5.274568e-02 2.380111e-01 -1.011862e-01 -1.447893e-02 5.747361e-02 5.421181e-02 -8.628737e-03 1.687087e-01 -2.797204e-01 7.044530e-02 -1.711595e-01 1.630153e-01 1.583392e-01 -5.457316e-02 1.992826e-01 8.208252e-02 3.227308e-02 -1.961075e-01 -1.607212e-01 
-1.389871e-01 5.380370e-03 1.269266e-01 -1.126503e-01 -1.258803e-01 2.737076e-01 7.409954e-02 -7.931859e-02 -1.433994e-01 2.314168e-01 -3.905141e-02 -3.430756e-02 1.810977e-01 5.218325e-02 -1.708418e-01 6.251154e-02 -5.053971e-02 -3.330750e-02 1.100646e-01 -5.490026e-02 -8.959380e-02 1.312732e-01 3.694384e-02 2.334488e-01 -2.452307e-01 -2.579073e-01 -1.135508e-03 -3.264536e-02 -7.353972e-02 1.059954e-01 1.483900e-01 1.364941e-01 1.469149e-01 -2.314897e-03 -7.709432e-02 9.419431e-02 9.367594e-02 -1.720293e-01 7.948675e-02 1.639334e-01 4.399350e-02 -1.172499e-01 -2.195850e-01 4.726532e-02 2.452156e-01 -1.108294e-01 -4.831866e-02 2.403863e-01 3.273066e-01 -7.198181e-02 
-2.121071e-01 -1.158180e-01 -1.236915e-01 1.852542e-02 5.144659e-02 -1.960565e-01 -1.706342e-01 9.813507e-02 -1.304875e-01 -8.479803e-02 -4.156648e-02 -3.705745e-02 5.286046e-02 -2.014665e-01 -3.237941e-02 -2.506885e-02 8.936612e-02 -8.138844e-02 5.921947e-03 2.360351e-01 9.242407e-02 -4.057446e-02 1.356233e-01 2.288094e-01 -1.744313e-01 -3.920522e-02 8.701033e-02 2.410196e-01 2.419203e-01 8.754428e-02 9.292739e-02 -1.284552e-01 3.037613e-04 1.389288e-01 9.782948e-02 2.626242e-01 2.271734e-01 -8.753923e-02 -6.958140e-03 -1.347338e-01 -1.075222e-01 9.825285e-02 2.537203e-01 -2.688934e-01 1.460096e-01 -9.351081e-02 2.313439e-01 2.959476e-02 6.378125e-02 1.084656e-01 
-1.932751e-01 1.561548e-01 8.727137e-03 2.063715e-01 -1.613184e-02 4.083802e-02 -6.288561e-02 -9.791426e-02 -4.045101e-02 -1.983530e-01 -1.543907e-01 -2.186026e-01 1.602360e-01 -2.239712e-01 2.502219e-01 -2.256624e-02 -2.665839e-01 5.188132e-02 1.793412e-01 1.018265e-01 -1.122130e-01 8.108218e-02 -1.098993e-02 6.648726e-03 5.763990e-02 -2.754547e-02 -1.298514e-01 1.693901e-01 -1.018239e-01 -1.331145e-01 -6.921159e-02 -2.845367e-02 -7.324050e-02 2.221672e-01 3.541342e-02 -1.280913e-01 -1.188824e-01 2.193765e-01 -5.945533e-03 1.229710e-01 -2.404612e-01 -2.146253e-01 6.341654e-02 1.068642e-02 1.411652e-01 -7.553714e-03 -1.677462e-01 2.895528e-01 -1.363541e-01 -3.520909e-02 
-1.781623e-02 -9.460788e-02 2.793585e-01 -7.726471e-02 -7.176477e-02 -9.655349e-02 1.379842e-01 -7.065675e-02 6.869773e-03 2.099726e-01 -3.502259e-01 1.533007e-01 2.275480e-01 -5.044541e-02 9.663834e-02 -1.746728e-01 3.452186e-03 -1.105892e-01 -7.662825e-03 4.507303e-02 -7.431335e-02 3.464341e-03 -1.613253e-01 -2.403705e-01 -1.985652e-01 -4.420099e-02 2.287576e-01 5.211301e-04 -7.057049e-02 2.141091e-01 6.726068e-02 -2.174557e-01 2.747917e-01 -1.001525e-01 5.750198e-02 4.273194e-02 -1.389630e-01 2.180216e-02 -1.692750e-02 -1.162045e-01 -4.809123e-04 8.943958e-02 1.819545e-01 7.992111e-03 -5.216850e-02 -3.909754e-02 -1.543515e-01 7.972426e-02 -2.711524e-01 1.017720e-01 
-1.203031e-01 -1.280799e-01 9.430413e-02 1.484636e-01 -6.110858e-02 -3.003981e-01 -1.454523e-01 -1.274765e-01 -1.120690e-01 6.035849e-02 -6.290610e-02 -1.756201e-01 -1.811040e-03 -1.582734e-01 -4.858246e-02 2.961843e-01 3.094633e-02 -5.013398e-02 -1.704247e-01 -2.307545e-01 -2.329801e-01 -9.659106e-02 2.058084e-01 -2.961254e-01 1.033984e-01 8.386925e-02 -9.912547e-02 1.202092e-02 -9.840433e-02 1.740545e-02 4.877289e-02 1.472622e-01 -1.253410e-01 -2.297834e-01 -2.446557e-01 1.604122e-01 6.528041e-02 -6.891810e-02 -5.537346e-02 7.796934e-02 -4.816383e-02 2.735203e-01 -1.555258e-02 7.830297e-02 8.592762e-02 -9.661930e-03 -2.745889e-02 1.693148e-01 1.128939e-02 8.192347e-02 
-1.026385e-01 -9.047458e-02 -1.621892e-01 1.253268e-02 -1.005553e-01 1.095293e-01 2.134006e-01 -2.288577e-03 -6.657296e-02 -1.900391e-02 -1.366177e-01 -1.183755e-01 -1.512807e-01 -2.304972e-01 1.191251e-01 2.274173e-01 1.898938e-01 -2.070690e-01 1.290582e-01 -9.940018e-02 1.016104e-01 -3.777432e-01 -7.085996e-02 3.956739e-02 1.984373e-01 -2.707802e-01 -8.650251e-02 -1.102898e-02 -2.113900e-01 2.054660e-01 -2.189115e-01 2.164667e-02 3.145597e-02 9.277760e-02 7.342354e-02 2.022951e-02 -6.733925e-02 -2.093082e-01 1.991909e-01 -9.979104e-02 8.464366e-02 -1.425378e-01 9.024734e-02 6.670902e-02 -5.114363e-02 -1.082665e-01 -5.507765e-03 -1.301523e-01 -4.833807e-02 -1.038844e-03 
-1.475739e-01 2.072222e-02 1.076005e-01 1.712936e-01 -1.216207e-01 -2.425059e-01 -1.308255e-01 4.736638e-02 1.454146e-01 -2.242178e-01 -1.496458e-01 4.777072e-02 2.361100e-02 -7.008898e-02 -1.146382e-01 2.061063e-02 1.749576e-01 1.488792e-01 -1.555973e-01 6.585833e-02 -1.414620e-01 -2.033070e-01 -3.315342e-01 2.362761e-01 -8.501568e-02 1.082274e-01 1.407080e-01 -1.593535e-01 -2.629584e-01 -6.035554e-02 1.559451e-01 2.801385e-02 6.954579e-03 1.571707e-02 -5.767661e-02 -7.218782e-02 -1.261740e-01 2.367781e-01 1.513206e-01 -7.140521e-02 1.991610e-01 -1.069983e-01 -7.647207e-02 -5.173158e-02 -4.180677e-02 -5.870673e-02 1.032835e-01 1.085248e-02 2.717692e-01 7.509934e-03 
-2.215281e-01 3.415521e-02 1.067890e-01 8.948790e-02 2.387089e-01 6.800646e-02 -1.098623e-01 1.370687e-03 -1.775192e-01 -1.071541e-01 1.451457e-01 1.812199e-01 1.582433e-01 5.373859e-02 8.487751e-02 -2.554296e-02 -1.034861e-01 1.319207e-01 -2.327645e-01 -2.215045e-01 -8.794374e-02 -1.569801e-01 9.479568e-03 1.396920e-01 -1.725475e-01 -2.348930e-01 7.797771e-02 -2.468257e-02 3.839519e-02 6.040963e-02 -2.023540e-01 2.506217e-02 -1.063467e-01 2.365640e-01 -1.614580e-01 1.994944e-01 -1.198388e-01 -9.281519e-02 -2.531004e-01 -1.797360e-01 1.666053e-02 1.146903e-02 6.302214e-03 7.814029e-02 -2.204696e-01 1.386488e-01 -2.403650e-01 -1.151639e-01 5.246906e-03 -6.615921e-02 
-8.139902e-02 -1.379118e-01 9.449010e-02 7.480898e-02 3.251936e-02 2.053991e-01 1.293429e-03 -9.881773e-02 -2.171658e-01 -1.970463e-01 8.075628e-02 -1.760437e-02 2.269801e-02 1.291356e-01 -2.625924e-01 1.948925e-01 -5.160497e-02 2.660446e-02 -2.950699e-02 2.831452e-01 2.018749e-01 -1.462087e-02 1.815570e-01 1.964436e-01 1.559542e-01 2.681193e-01 4.308515e-02 4.733533e-02 -1.665733e-01 2.992674e-01 7.246146e-03 -2.200752e-01 1.000809e-01 -7.472916e-04 -2.068049e-02 -1.293764e-01 -1.555028e-01 5.797479e-02 2.013806e-02 8.517629e-02 1.216902e-01 2.189328e-01 9.251971e-02 1.722685e-01 5.957347e-02 1.813513e-01 -1.358514e-01 4.139396e-02 -4.687876e-02 6.833287e-02 
-7.380446e-02 -2.426613e-01 -1.829668e-01 1.516892e-01 1.874868e-01 -1.145104e-02 2.287899e-01 2.073960e-01 1.495788e-01 3.695144e-02 2.154946e-01 8.137928e-02 3.219538e-02 1.655860e-01 4.841400e-02 4.484903e-02 -4.429997e-02 -1.584428e-02 -2.271141e-01 2.306114e-01 3.676019e-02 -8.037548e-02 -1.210206e-01 -1.618922e-01 1.563495e-01 -9.673948e-02 7.077190e-02 -1.443918e-01 1.643510e-01 -7.526388e-02 5.852958e-02 1.654696e-01 3.519239e-02 3.025688e-03 -2.475244e-02 2.969736e-02 -9.376477e-02 -6.574498e-02 1.209277e-01 6.338130e-02 9.460558e-03 -7.684718e-02 2.029696e-01 -8.194791e-02 8.741049e-02 -1.024757e-01 -2.767937e-01 3.795772e-01 1.224671e-01 1.338192e-01 
-1.751281e-01 -1.045790e-01 -1.680464e-01 9.663419e-02 2.815235e-01 -1.178863e-01 -1.909916e-01 8.460068e-02 -1.020185e-01 2.207643e-01 1.459261e-01 -1.117890e-01 -1.329479e-01 2.520430e-01 3.272291e-02 -1.480547e-01 -1.709604e-01 -5.628800e-02 2.692991e-01 -9.988492e-02 -1.173669e-01 6.395308e-02 -9.176898e-02 -2.453311e-02 -6.704467e-03 6.573559e-02 6.782246e-02 -5.688936e-02 -2.062134e-01 1.010739e-01 1.397182e-02 -3.253606e-01 -2.086619e-01 -4.710990e-02 2.326290e-03 -1.543576e-02 -9.864217e-02 -4.319320e-02 9.265227e-02 -1.844436e-01 1.396144e-01 3.421051e-03 -9.433657e-02 9.314856e-02 1.080421e-01 -3.213567e-01 7.997211e-02 5.626641e-02 -5.833792e-02 -9.449582e-02 
-6.019446e-03 -2.719407e-01 2.321874e-01 -3.108448e-02 2.769691e-02 1.259362e-01 -1.159100e-02 -2.983558e-01 1.777856e-01 -1.176350e-01 2.693777e-01 1.984617e-01 1.053713e-01 -3.039178e-01 -1.387907e-01 -7.942930e-02 -1.542883e-01 -2.132351e-01 7.465243e-04 -2.857438e-02 -6.349489e-02 7.588581e-02 -1.087114e-01 -1.762799e-01 1.263380e-01 -4.992874e-02 -1.173528e-01 2.985743e-02 4.106150e-02 -8.371998e-02 5.091065e-02 -2.693274e-01 -1.396334e-01 6.594361e-02 -1.133628e-01 5.696622e-02 -6.690718e-02 -7.030327e-02 -2.460644e-03 1.151902e-01 1.401379e-01 -2.109485e-01 1.232808e-01 1.280649e-02 4.207863e-02 -2.299768e-02 2.205461e-01 -1.338728e-01 1.475903e-01 8.013849e-02 
-1.985792e-01 -1.427767e-01 -1.748413e-01 -2.776444e-01 -1.233239e-01 -7.996901e-02 3.183108e-02 1.139806e-01 -9.847619e-02 -2.451882e-01 2.433041e-02 -2.267090e-02 -3.144101e-02 9.128874e-02 7.218617e-02 -1.430610e-01 -4.459328e-02 -1.307321e-01 -2.176105e-01 2.239874e-02 -1.842851e-01 -6.866877e-02 1.348772e-01 -4.256937e-02 -4.305562e-02 -1.230430e-01 4.952132e-02 7.917547e-02 6.620687e-02 -1.454318e-01 -3.659416e-02 4.844460e-02 2.659034e-01 6.721523e-02 -1.826106e-02 -1.142200e-01 5.472209e-02 1.837918e-01 -1.370385e-01 2.376305e-01 2.799317e-01 1.895267e-02 -3.334685e-02 3.360887e-01 1.082928e-01 -2.077411e-01 1.373404e-01 -6.992541e-02 -1.792188e-01 -7.923852e-02 
-1.766792e-01 -1.012583e-01 4.271536e-02 4.277527e-03 1.636129e-01 -1.614458e-01 -2.259050e-01 2.127633e-01 1.300975e-01 2.060850e-01 -2.534158e-01 6.740252e-02 5.124163e-02 2.338080e-01 -7.275649e-02 3.752558e-02 -8.627737e-02 -1.472001e-01 1.229012e-02 1.601744e-01 1.880098e-01 5.975825e-02 -7.350531e-02 2.081910e-02 -2.060231e-02 -1.757363e-02 -3.663880e-01 2.709035e-02 -2.917642e-01 -7.235574e-02 -8.638601e-02 8.019035e-02 1.081892e-01 3.421151e-02 -1.130219e-01 4.247774e-02 1.188619e-01 -9.671811e-02 -1.002637e-01 2.783776e-01 -5.915120e-02 -1.706105e-01 1.292996e-01 4.717669e-02 -1.704528e-01 1.613068e-01 6.368375e-02 -1.498534e-01 -3.758437e-03 6.427281e-02 
-2.197215e-01 2.121390e-01 1.857299e-02 -6.525739e-02 7.410197e-02 -2.386644e-02 -4.588369e-02 -5.618181e-02 2.102199e-01 1.269120e-01 -1.068155e-01 2.889094e-02 -2.668078e-01 3.016263e-02 -6.096206e-02 6.233916e-02 -8.919512e-02 1.808149e-01 3.268011e-01 -6.205624e-02 9.892630e-02 -6.173670e-02 9.236844e-02 -1.505359e-01 1.546444e-02 -1.394666e-01 3.073655e-03 6.411837e-02 2.660631e-01 6.077966e-02 1.141223e-01 1.513434e-01 1.119449e-01 1.005553e-01 -1.909204e-01 6.213303e-02 -2.421535e-01 2.309488e-01 1.871830e-02 -1.085254e-01 2.326588e-01 5.110753e-02 1.812208e-01 1.164275e-01 1.990610e-01 1.683298e-01 4.123779e-02 -8.330349e-02 1.097246e-01 1.714694e-01 
-5.725002e-02 -2.112990e-01 1.512733e-02 -4.478326e-02 -8.694789e-02 -5.480122e-02 -3.127469e-02 -2.744415e-01 -1.262154e-01 1.975569e-02 -4.477637e-02 -1.572173e-02 -8.480145e-02 -1.370226e-02 1.462376e-01 -1.508470e-01 -6.323608e-02 9.406208e-02 8.929302e-02 1.805673e-01 1.747823e-01 8.921560e-02 -2.217368e-01 -9.412747e-02 1.261762e-01 1.747411e-01 -3.657284e-02 2.037922e-01 1.011860e-01 1.140388e-01 -1.183000e-01 2.483602e-01 3.744499e-02 3.883557e-02 9.065351e-02 1.414543e-01 1.274309e-01 6.877993e-02 -9.110383e-02 -1.556564e-01 1.749861e-02 4.395719e-02 -1.413255e-01 2.766307e-01 -3.418381e-01 -1.738954e-01 -4.230110e-02 1.073467e-01 3.326701e-01 -1.543201e-02 
-4.720203e-02 -7.352259e-02 1.142382e-01 2.043481e-02 1.618368e-01 -2.043058e-02 3.783352e-02 1.535580e-02 3.593551e-03 -5.672058e-02 6.993609e-03 2.209279e-01 2.592812e-01 1.781299e-01 2.536670e-01 7.865378e-02 1.897999e-01 -1.537062e-01 2.684855e-01 -1.107931e-01 -7.408471e-02 -7.797045e-02 7.613986e-02 1.272283e-01 2.260473e-01 2.088974e-02 2.860713e-01 1.158308e-01 2.362151e-02 8.429823e-02 5.452256e-02 1.999223e-01 -1.128765e-01 -8.665503e-02 -2.582896e-02 -2.671222e-01 1.198370e-01 -5.119187e-03 -1.543577e-01 -3.202568e-02 -3.415832e-02 -1.382372e-01 -8.407926e-02 7.442115e-02 2.224439e-03 1.592784e-01 2.986553e-01 1.552084e-01 -2.874824e-02 2.240739e-01 
-1.650916e-01 1.531004e-01 -1.023751e-01 3.328627e-02 -8.908816e-02 4.120951e-02 6.552865e-02 -2.223604e-01 1.119489e-01 6.490208e-02 4.516077e-02 2.107476e-01 -1.039898e-01 1.443110e-01 -1.120472e-01 -3.432665e-01 1.499573e-01 -1.186236e-01 -1.069896e-01 1.836910e-02 -1.480455e-01 -2.163296e-01 2.030694e-01 8.564653e-02 9.881604e-02 1.957278e-01 -2.918310e-01 1.223464e-01 2.209802e-02 2.450960e-01 1.121601e-02 1.433803e-02 5.907476e-02 -5.922201e-03 -2.163991e-01 4.114341e-02 -1.946942e-02 9.158686e-02 -1.380063e-02 -3.943177e-02 -1.312888e-01 -1.838120e-01 -1.714804e-01 -2.415425e-01 -2.022736e-02 -1.731871e-01 -1.059978e-01 4.684753e-02 -1.304891e-01 1.104355e-01 
-1.956997e-01 1.002965e-01 -1.858656e-01 8.946654e-02 -1.631663e-01 8.363220e-02 8.781102e-02 1.128177e-01 -2.271836e-02 1.165505e-01 5.162038e-03 1.898426e-01 -2.573342e-02 -1.275027e-01 1.388619e-01 1.621441e-01 -7.318332e-02 2.456691e-01 5.004535e-02 1.861084e-01 -9.603598e-02 -3.423739e-02 -2.418961e-01 9.250239e-02 -1.030572e-02 -2.311575e-02 3.203888e-02 2.004789e-01 2.094827e-01 2.028669e-02 2.417513e-02 -1.975182e-01 -6.363241e-02 -3.428741e-01 -2.502218e-01 -8.180164e-02 -1.614870e-01 -1.980739e-01 -7.088829e-02 2.914580e-01 -9.266939e-02 1.210924e-01 -8.351880e-02 2.813409e-02 -1.682204e-01 -6.441613e-02 1.170825e-01 -9.950285e-02 -3.490688e-02 -4.263803e-02 
-4.435405e-03 -3.335931e-01 4.865922e-02 -7.231371e-03 1.303545e-01 2.181364e-01 -2.007465e-01 -1.257648e-01 9.225684e-02 4.420408e-02 -7.249188e-02 -3.552698e-02 -3.541879e-02 -8.599322e-02 5.481337e-02 -2.411006e-01 8.859548e-02 2.028842e-02 1.568945e-01 -9.726943e-03 1.315186e-01 -2.240764e-01 4.185918e-02 1.858003e-01 -8.369981e-02 1.008095e-02 1.611806e-01 1.077150e-01 -3.331840e-02 -3.444548e-01 1.240801e-03 1.914855e-01 -1.218724e-01 -1.760560e-01 2.001685e-02 1.525720e-01 -9.653280e-02 3.220432e-02 1.866573e-01 2.305200e-01 6.468360e-02 1.757992e-01 -1.393354e-01 -8.110679e-02 4.131425e-02 -7.440648e-03 -2.241450e-01 -9.849110e-02 -2.027359e-01 9.590741e-02 
-1.363808e-01 -6.768915e-02 -1.510292e-01 -1.085964e-01 9.793087e-02 1.896162e-01 3.612623e-02 -1.916522e-01 -2.664673e-02 -3.405143e-02 5.553698e-02 1.490826e-01 -1.083959e-01 8.267085e-02 9.483827e-02 1.203977e-01 3.125376e-01 3.362235e-01 -1.362409e-03 -2.198994e-01 7.554243e-02 9.006020e-02 -1.134486e-01 -9.025346e-02 -4.321794e-03 -2.745003e-02 -1.422111e-02 1.333113e-02 -2.567046e-01 -4.491938e-02 -7.822589e-02 -1.864298e-01 9.308616e-02 -1.523555e-01 7.527256e-02 2.118064e-01 2.080490e-01 2.782784e-01 -1.732810e-01 1.232125e-01 -1.836464e-02 -6.591906e-02 2.375937e-01 -1.441337e-01 8.029939e-02 2.404452e-02 7.059066e-02 1.791623e-01 -5.227797e-03 -1.055556e-01 
-1.161611e-01 -6.373257e-02 -1.770886e-01 2.181012e-02 -1.620355e-01 -1.615584e-02 -1.024820e-01 -2.848658e-01 -5.196459e-02 1.515853e-02 -1.228142e-01 -1.152867e-01 -1.823677e-01 1.682469e-01 1.243703e-01 5.803243e-02 1.491580e-01 -1.552344e-02 -1.193071e-01 -6.990190e-02 -1.409637e-01 3.544265e-01 9.811254e-02 3.675014e-02 -1.237112e-01 8.293621e-02 2.243813e-01 -1.373697e-01 8.116156e-02 5.733479e-02 7.312149e-02 2.078925e-02 -1.682584e-01 1.260863e-01 1.040975e-01 -9.837973e-02 -1.387126e-01 -1.837827e-01 3.163765e-02 2.045724e-01 -1.945410e-03 -2.312398e-01 2.000278e-01 -1.009659e-02 -1.287342e-01 -2.297094e-03 -1.308087e-01 -1.941396e-01 4.967615e-02 2.959397e-01 
-1.591135e-01 5.695848e-02 -6.805190e-02 3.797510e-02 -1.514681e-01 3.379555e-01 2.918017e-02 2.068122e-01 1.284948e-01 -1.117063e-01 -6.904056e-02 -1.168362e-01 -3.938286e-02 -1.460749e-02 7.791339e-02 -1.288942e-01 -2.529900e-01 -2.060444e-01 -8.297737e-02 -5.105277e-02 -2.282961e-02 2.881841e-03 -6.198488e-02 1.046416e-01 8.940082e-02 4.965050e-02 3.920372e-02 -2.769812e-01 -3.638353e-02 1.000477e-01 1.739671e-01 1.025807e-02 -1.240806e-01 -3.031858e-01 7.619781e-02 3.166098e-01 1.411925e-01 1.853457e-01 -1.226820e-01 -1.329211e-01 -1.965245e-01 1.252237e-02 7.386265e-02 2.118315e-01 2.709793e-02 8.407103e-02 3.657283e-02 -1.127385e-01 3.988245e-02 1.952521e-01 
-9.952190e-02 3.787193e-02 -1.182219e-01 2.389243e-01 1.023386e-02 9.138261e-02 -7.494329e-02 -1.623375e-02 2.331413e-01 3.126819e-01 6.059991e-02 1.617286e-01 -5.104041e-02 -2.858057e-01 -2.331301e-02 2.390146e-01 2.064832e-02 -2.380376e-01 -9.823295e-02 6.351141e-02 1.922491e-01 6.024864e-02 2.008655e-01 -2.204523e-02 -6.008983e-02 5.787364e-02 2.311347e-01 3.515435e-02 -1.260834e-01 -7.387742e-02 9.493421e-02 4.581381e-02 5.898191e-02 7.577276e-02 1.437058e-01 -1.380008e-01 -2.450046e-02 1.460859e-01 -3.925522e-01 -6.954818e-02 5.029867e-02 -2.298607e-02 -1.291549e-01 9.058892e-03 -9.768027e-03 -1.883062e-01 -1.124452e-01 -6.744875e-02 2.651583e-02 -1.732221e-01 
-2.015778e-01 7.448408e-02 2.121687e-02 -2.274506e-01 -2.881661e-02 5.919412e-02 1.041231e-01 -4.473124e-02 3.603642e-01 -2.669991e-02 1.189044e-02 -1.417308e-01 3.381692e-02 8.320350e-02 8.360716e-02 1.909550e-01 -4.100092e-02 -6.712802e-02 -7.561483e-02 3.801362e-02 -3.553753e-02 2.021397e-01 -4.124957e-02 6.094674e-02 5.797421e-02 -1.223628e-01 3.905579e-02 1.198937e-01 -1.094547e-01 -1.282632e-01 -1.509087e-01 -2.136309e-01 -5.111182e-02 1.605897e-01 -1.538009e-01 -6.584928e-02 2.599300e-01 2.335281e-02 1.275472e-01 -1.643673e-01 1.212844e-01 3.249979e-01 -2.214277e-01 -1.601901e-01 -1.588279e-01 -1.889831e-02 -1.058002e-01 6.113928e-02 -1.975407e-02 2.940250e-01 
