-1.279625e-01 2.901783e-03 -1.972980e-01 7.769381e-02 8.400204e-03 -9.106982e-02 1.477640e-01 2.400103e-01 -1.318081e-01 1.641672e-01 9.952847e-02 1.950734e-01 9.849875e-02 -2.369611e-01 -1.693796e-01 -3.202201e-02 -2.961593e-02 1.054608e-01 1.207310e-02 9.944569e-02 5.484848e-02 4.578571e-02 -1.457396e-01 -4.025160e-02 -3.332474e-02 3.957466e-02 -6.535424e-02 -1.666966e-01 1.818012e-01 -1.801760e-01 8.073219e-03 1.148041e-02 1.295614e-01 3.492885e-02 5.445854e-03 -1.068023e-01 9.045617e-02 9.242950e-02 1.035538e-01 4.161660e-01 -8.029050e-02 2.751319e-01 1.634588e-01 -1.278783e-01 -1.940160e-01 -1.764274e-01 -1.443523e-01 2.113678e-01 1.388218e-01 -6.080516e-02 
-1.326169e-01 -7.176034e-04 1.423258e-01 -1.982939e-01 -1.248701e-01 1.182092e-01 4.809672e-02 1.166628e-02 2.079745e-01 -3.530344e-02 -7.570202e-02 1.444630e-03 1.802899e-01 -1.322150e-01 7.510089e-02 -2.208357e-01 9.484596e-02 -1.429963e-01 1.884101e-01 -1.747649e-01 -2.863443e-02 -1.382547e-01 -1.077507e-01 2.054894e-01 5.191270e-02 2.406187e-01 -1.301611e-01 3.472180e-01 6.773983e-02 7.940504e-02 1.827705e-01 6.976644e-02 8.834994e-02 -1.448278e-01 -3.236332e-01 -9.266062e-02 5.731461e-02 -1.294093e-01 -1.655564e-01 1.179995e-01 -1.283836e-02 -2.963968e-02 2.076502e-01 -1.261404e-01 8.503073e-02 -9.606223e-02 8.059343e-02 1.337418e-01 -4.679707e-02 -1.144724e-01 
-6.161733e-02 1.826928e-02 -7.343078e-02 -1.706660e-01 1.462023e-01 -2.585102e-01 8.542363e-02 -1.387271e-02 1.763009e-01 1.178584e-02 -1.676124e-01 -2.640804e-01 -4.463844e-02 -7.084802e-02 -2.884236e-01 -1.171836e-01 3.222217e-02 1.106132e-01 -1.103196e-01 -2.703671e-01 1.490787e-01 3.736801e-01 -4.821180e-02 -2.409788e-02 -7.005721e-02 -1.864089e-01 -1.538437e-01 -1.709340e-03 -1.449262e-04 2.451985e-01 2.104289e-02 2.193665e-01 -3.710824e-02 -9.886133e-02 1.310897e-01 1.405450e-02 -5.590592e-02 -4.284593e-04 7.958216e-02 -9.327470e-03 -1.772343e-01 -4.212952e-02 1.775620e-02 -3.804860e-02 -1.644608e-02 -1.715800e-02 -1.083380e-01 2.945073e-02 -2.761784e-01 -1.867560e-01 
-2.505815e-02 2.697930e-01 -2.820773e-01 -1.565333e-01 -4.384155e-02 1.224603e-01 -1.326046e-01 -1.215048e-01 7.919566e-02 -1.793352e-01 -7.749848e-03 8.732893e-02 -1.549211e-02 -7.801942e-02 -1.257139e-01 2.439195e-01 2.110838e-01 -2.434688e-02 4.563150e-02 1.182406e-01 -1.377648e-01 -8.316209e-02 3.776136e-02 -8.809029e-02 1.365437e-01 -2.610906e-01 -1.724451e-01 6.789438e-02 -5.499724e-02 2.578984e-02 2.135463e-01 -8.399914e-02 1.172824e-01 -1.915596e-01 4.257999e-02 -1.265221e-01 -1.773415e-01 8.138298e-04 3.354625e-02 1.977243e-01 5.579680e-02 8.111141e-02 -2.136972e-01 -2.252400e-02 -6.877242e-02 3.482706e-01 1.347906e-01 1.057470e-01 2.458335e-02 -1.411188e-01 
-1.622967e-01 1.670330e-01 9.246911e-02 -1.375700e-02 -2.262026e-02 8.513760e-02 -5.379763e-02 -1.699848e-03 -1.678364e-01 -1.244823e-01 -2.132670e-01 -2.673559e-01 -5.305800e-02 -2.172909e-01 1.532275e-01 -9.139522e-02 -2.077484e-01 1.049087e-01 7.178997e-02 1.272657e-01 1.671696e-01 -1.877784e-01 -1.113549e-02 -3.374133e-02 -1.320737e-01 -3.116169e-03 4.443294e-02 -3.235627e-02 3.031680e-01 -6.758498e-02 3.280625e-02 5.528755e-02 -6.925666e-02 1.751312e-01 1.385659e-01 -1.121004e-01 -2.822622e-01 1.336509e-01 -4.094864e-02 1.323732e-01 -5.254462e-02 -5.791814e-02 7.611257e-02 3.625777e-02 1.816736e-01 1.968772e-01 4.428101e-02 1.712963e-01 -2.538380e-01 2.410578e-01 
-1.239241e-01 2.341223e-02 -1.701993e-01 -1.597491e-01 -1.160003e-02 -9.935265e-02 1.251327e-02 -1.001532e-01 9.869086e-02 1.092837e-01 2.449093e-01 -2.231421e-01 9.633647e-03 7.436339e-02 6.087150e-02 -4.743912e-02 -1.901603e-01 9.386706e-02 1.674199e-02 9.808691e-02 1.905354e-01 1.579838e-01 9.645637e-02 -1.088361e-01 2.148013e-01 1.382150e-01 -1.090714e-01 1.682219e-01 7.213624e-03 4.713448e-02 1.100753e-01 -3.939337e-02 2.112765e-01 -4.044333e-02 -3.952099e-02 9.876677e-02 -1.631752e-01 2.156169e-02 1.651748e-01 -2.227194e-01 -1.326617e-02 3.445917e-01 -2.475049e-03 -2.246928e-02 9.092653e-02 -1.163236e-01 2.236625e-01 4.033808e-02 2.004059e-01 3.363079e-01 
-1.067685e-01 1.465510e-01 -1.239391e-01 -5.978547e-03 2.295238e-01 2.224679e-01 -1.833162e-01 8.854793e-02 -6.692486e-02 2.184014e-01 1.093473e-01 2.723624e-01 -3.575222e-01 1.020070e-01 9.719906e-02 -4.173460e-02 6.553318e-02 6.727265e-03 9.193683e-02 -1.076063e-01 -1.400696e-01 3.371454e-01 -9.309032e-02 5.058369e-02 -1.570818e-01 4.936897e-02 2.281050e-02 4.187948e-02 1.580177e-01 -2.023527e-02 1.643358e-02 2.791591e-02 1.565342e-03 -1.594086e-01 5.785004e-02 -2.418062e-01 4.840579e-02 -1.634213e-01 4.693122e-02 -6.407115e-02 3.792758e-02 3.335498e-02 1.445722e-01 1.069333e-01 3.408970e-01 7.507935e-02 -5.034898e-02 -3.270839e-02 -5.273827e-02 9.984565e-02 
-7.110916e-02 2.868792e-01 -1.438922e-02 -1.939650e-02 -5.200533e-02 -1.315231e-01 1.497862e-01 -1.837664e-01 -8.227446e-02 -3.645482e-02 3.039540e-02 -9.794684e-02 2.332057e-01 2.459800e-01 -1.340784e-01 1.667299e-02 3.283325e-02 -4.456780e-02 -2.509451e-03 -3.631440e-01 -1.620567e-01 -4.199026e-02 -8.298817e-02 9.385628e-02 1.804627e-01 -3.042011e-02 2.520591e-01 1.205396e-01 1.680065e-02 -1.178716e-01 6.993037e-02 -1.683961e-01 -7.204751e-02 2.091773e-01 1.089767e-01 -1.726545e-01 1.401989e-01 6.098957e-02 2.238495e-01 1.522045e-01 -9.680538e-02 6.135560e-02 2.227191e-01 1.534855e-01 1.490870e-03 9.776113e-02 1.729313e-02 -2.118615e-01 -1.157470e-02 1.341203e-01 
-7.996408e-02 1.415202e-01 8.105756e-02 -1.442252e-01 2.907465e-01 -8.862480e-02 -1.060733e-02 4.620157e-02 -8.287342e-02 -1.023758e-01 -1.116652e-01 5.591614e-02 2.952761e-02 2.904836e-01 1.029141e-01 -1.704325e-01 -3.380111e-02 3.066009e-01 -1.776896e-01 1.874629e-01 -1.804431e-01 -1.258007e-01 6.339049e-02 -5.441353e-02 -1.875496e-02 -7.572549e-03 4.954632e-03 -1.421986e-01 -1.227072e-01 2.857978e-02 7.411215e-03 3.264286e-02 -2.385988e-02 -1.186070e-01 -2.018078e-01 1.228245e-01 -1.350491e-01 9.672001e-02 -2.077310e-01 7.502366e-03 -1.953815e-01 2.036943e-01 3.476405e-01 4.103267e-02 3.425933e-02 1.025249e-01 5.273029e-02 -1.030229e-01 1.162350e-01 -2.383629e-01 
-9.692007e-02 -1.680950e-02 -2.005670e-01 5.044098e-02 -1.089266e-01 -2.161091e-01 -1.908603e-01 3.807969e-02 1.784614e-01 -2.368145e-01 -9.170708e-02 8.948536e-02 -1.987408e-01 2.628511e-02 -2.060817e-01 -2.486809e-01 1.442140e-01 5.196451e-02 2.464654e-01 1.698891e-01 8.698299e-02 1.623312e-02 -1.199104e-01 1.004783e-01 3.192530e-02 1.290257e-01 1.430140e-01 -1.411354e-01 -2.036264e-01 -1.613394e-01 1.256101e-02 -1.577383e-01 -1.783137e-01 -1.093258e-01 -4.869076e-02 -9.167453e-02 5.075522e-02 2.096535e-01 -4.150894e-02 -5.437225e-02 -4.978302e-02 -4.181654e-02 -3.712934e-03 -2.920442e-01 6.838329e-03 -6.090281e-02 1.019172e-01 -1.789649e-01 -1.453038e-01 2.091141e-01 
-1.141588e-01 2.885723e-03 9.181322e-02 -6.318344e-02 5.408745e-02 5.120063e-02 7.964335e-02 -1.909670e-02 1.813582e-02 -3.589155e-02 -8.281542e-02 1.771911e-01 8.765174e-02 -9.529212e-02 -1.718782e-03 -2.434819e-01 -2.490605e-01 -7.938210e-02 -1.641077e-02 1.683075e-01 5.897324e-02 1.358766e-01 1.761895e-01 -2.612588e-01 1.097530e-01 5.250271e-02 1.094205e-01 -8.702615e-02 -2.962207e-02 1.713932e-02 5.712804e-02 -1.335526e-01 -4.322933e-02 -2.825380e-01 5.903990e-02 -6.092595e-02 1.134689e-01 -1.557676e-01 1.971480e-01 1.980126e-01 -4.507590e-02 -2.882420e-01 -4.217431e-02 3.567064e-01 -1.260547e-01 -1.320924e-01 3.303845e-01 -5.181532e-02 -8.149923e-02 -3.886943e-02 
-8.165427e-02 1.587188e-01 -9.022129e-02 5.789263e-03 2.200119e-01 1.147063e-01 2.342792e-01 8.124763e-02 1.486465e-01 1.450317e-01 -2.995224e-02 -1.314168e-01 -9.272346e-02 -1.316149e-01 -2.233373e-01 -1.522606e-01 2.907046e-02 1.335590e-02 1.673588e-01 -1.735654e-01 -1.272058e-01 -1.394505e-01 -1.005605e-01 -2.972303e-01 5.126600e-02 3.097511e-02 1.197892e-01 -1.421295e-01 -7.930413e-02 -2.581840e-01 4.936047e-02 2.917325e-01 6.073437e-02 2.029781e-01 -7.852216e-02 9.798907e-02 -7.656296e-02 -2.249078e-02 -1.528525e-01 -7.374932e-02 2.820754e-01 -9.484947e-02 -1.498933e-01 4.696300e-02 8.439416e-02 -2.258581e-02 1.605980e-01 -1.150323e-01 1.605628e-01 -5.711521e-02 
-1.134420e-01 -1.713313e-01 6.281333e-02 -1.342225e-01 6.046456e-02 -1.091263e-01 -1.591970e-01 -1.288951e-01 -1.234075e-01 -2.362797e-01 1.388414e-01 2.866041e-02 -8.380011e-02 1.112355e-01 1.444702e-01 -2.682208e-01 -9.217396e-02 -2.653602e-02 1.093252e-02 -9.877261e-02 7.851604e-03 1.745397e-01 -1.132474e-01 -1.070517e-03 -4.363943e-02 1.921999e-02 -7.134243e-04 6.746613e-02 -3.893359e-02 -2.068014e-01 1.785116e-01 -1.269891e-02 2.887564e-01 1.206215e-01 -2.776047e-02 2.481408e-01 1.553104e-01 8.238068e-02 -1.491307e-01 2.544763e-01 1.231973e-01 1.085765e-01 -3.202203e-01 1.710096e-01 -4.673008e-02 1.393009e-01 -2.254510e-01 -1.807963e-02 -1.374342e-01 -2.828233e-02 
-4.937933e-02 2.320056e-01 -3.889616e-02 -1.219784e-01 2.505747e-01 -3.135885e-01 2.341406e-02 7.993563e-02 1.507947e-01 -2.062829e-01 1.700906e-01 1.635562e-01 -7.680366e-03 -1.013856e-01 2.553549e-01 1.556567e-01 1.255627e-02 -1.428094e-01 -9.868871e-02 9.667623e-02 1.123580e-02 1.084166e-02 -1.734942e-02 5.903573e-03 -1.505143e-01 -6.990448e-02 1.170713e-01 1.625986e-01 -1.327924e-02 -5.319875e-02 1.864664e-02 1.434512e-01 -1.445721e-01 2.653016e-01 -1.857765e-01 -2.886953e-01 4.728562e-03 1.989944e-02 -3.334283e-02 -1.932553e-01 -5.244839e-02 1.572389e-02 -1.307197e-01 1.276053e-01 -2.023055e-01 -2.200594e-01 5.638511e-02 1.470614e-01 -9.002440e-02 -6.615906e-03 
-9.313094e-02 1.541625e-01 -6.306964e-03 -1.384671e-01 -1.587833e-03 1.411542e-01 2.917910e-01 1.636507e-01 -1.147159e-01 -2.104615e-01 -2.785501e-01 2.782674e-01 -5.768603e-02 3.961827e-02 -1.053029e-01 2.350547e-01 -1.264322e-01 3.666824e-03 1.701640e-01 -9.620323e-02 1.099348e-01 4.317886e-03 -3.334175e-02 -2.895993e-02 2.051075e-01 2.279973e-01 -1.973955e-01 -7.093544e-02 -1.058387e-01 8.328275e-02 -4.310934e-02 -1.663122e-01 -6.086437e-03 3.907288e-02 -1.081176e-01 1.276148e-01 -1.019049e-01 2.349960e-02 4.881653e-02 -1.962166e-01 4.876380e-02 1.022746e-01 -5.307828e-02 1.759402e-01 6.686576e-03 -7.692492e-02 -3.264864e-01 2.167729e-03 -1.813140e-01 7.355361e-02 
-1.403010e-01 -1.567616e-01 -1.665971e-03 -2.185036e-01 -1.491625e-01 -7.697976e-02 8.036032e-02 8.335903e-02 1.704070e-01 2.130062e-02 7.670019e-02 1.171519e-01 -5.494056e-02 1.804280e-01 -8.919987e-02 -8.980049e-02 -1.079405e-01 7.681663e-02 -8.303819e-02 -2.901243e-01 -1.124255e-01 -2.429607e-01 1.841630e-01 1.748282e-01 -2.210038e-01 4.961994e-02 -6.136727e-03 -1.669129e-01 1.645450e-01 1.179195e-01 -2.316530e-01 6.297457e-02 3.365906e-02 -2.068845e-01 -2.858514e-02 -2.421422e-01 -1.636797e-01 2.326992e-01 1.169167e-02 4.933017e-02 9.131532e-02 -1.304935e-02 -2.494751e-01 1.467687e-01 -9.046986e-02 6.822062e-02 4.780571e-03 3.155135e-02 1.590797e-01 1.574588e-01 
-1.153227e-01 -1.021713e-01 -1.613892e-01 -1.493731e-01 -2.315596e-01 2.341573e-02 2.131388e-01 -1.665618e-01 7.945646e-02 -2.970559e-03 -3.783188e-02 -4.235491e-02 1.027196e-01 -1.657844e-01 9.681191e-02 2.098733e-01 -2.851083e-02 1.407807e-01 -1.869920e-01 2.216339e-01 -2.883322e-01 1.595404e-01 -2.779426e-02 -1.806750e-02 -2.002841e-02 1.072719e-01 2.662143e-01 -1.445104e-01 1.366996e-01 6.063239e-02 2.476824e-01 1.608681e-01 -1.116163e-01 -8.675850e-02 -1.844974e-01 6.998569e-02 2.392377e-01 1.819836e-01 7.594608e-02 -7.071721e-02 3.559998e-02 -7.041506e-02 -6.507674e-02 -2.637416e-02 2.623822e-01 4.548246e-02 -1.646590e-01 -3.805213e-02 -3.504725e-02 -1.469763e-03 
-1.661528e-01 1.008758e-01 3.595341e-03 -1.129169e-01 -2.077076e-01 -9.068604e-02 -2.360523e-02 1.355400e-01 1.081621e-01 1.492816e-01 -6.133788e-02 1.222044e-01 -1.253577e-01 -2.560849e-01 1.588004e-01 2.887114e-02 -1.881492e-01 -1.395158e-01 -9.886259e-02 -1.326026e-01 -2.045683e-01 9.446386e-02 2.014082e-01 1.262917e-01 -1.016875e-01 -2.530370e-02 -1.269283e-01 -1.110786e-01 -3.290277e-01 -3.105022e-02 1.822896e-01 -1.676099e-01 2.093177e-01 2.374954e-01 2.768705e-01 8.996991e-02 -2.782590e-02 1.040703e-01 -1.277085e-01 -6.132974e-02 -1.277141e-01 -1.620276e-01 1.862797e-01 -9.121702e-02 4.548899e-03 3.266201e-02 5.861775e-02 -4.259879e-02 1.051838e-01 -4.214413e-03 
-1.230894e-01 -1.262732e-01 3.345558e-03 -2.285854e-01 1.545013e-01 2.427042e-01 -4.340864e-02 1.935043e-01 -1.041754e-01 -7.500185e-02 2.175569e-01 1.443921e-01 1.902505e-01 2.330231e-01 -1.699396e-01 -3.371774e-02 9.615722e-02 -3.721089e-02 -1.227869e-01 1.475077e-02 -4.776684e-02 -1.088772e-01 2.820046e-02 4.662086e-02 1.016881e-01 4.694209e-02 4.561420e-02 -1.243877e-01 1.931798e-01 9.434968e-02 1.402393e-01 -1.985694e-02 3.339990e-02 2.417546e-01 2.584771e-01 9.159880e-02 2.647533e-02 2.591397e-02 3.187316e-02 -1.228199e-01 -1.317325e-01 -7.145267e-02 -1.513407e-01 -2.859157e-01 1.224159e-01 -1.472960e-01 2.334127e-01 9.500836e-02 -2.471126e-01 -9.674674e-02 
-2.126599e-01 1.421586e-01 -3.989042e-03 7.420270e-02 1.279183e-01 2.500455e-01 -3.056613e-01 -1.557938e-01 2.537298e-01 1.570202e-01 -1.590844e-01 -4.738927e-02 -4.042869e-02 -4.169509e-02 -2.379438e-02 3.163499e-02 -1.837280e-01 -1.081001e-01 -2.370518e-01 -6.144583e-02 -7.864733e-02 -9.058519e-02 -1.656527e-01 -7.663249e-03 1.906643e-01 2.653046e-02 2.342864e-01 1.003150e-01 1.355254e-01 -1.047587e-01 -1.242327e-01 -8.874392e-02 2.498239e-02 -2.056145e-01 1.149265e-01 1.260366e-01 1.852943e-02 1.786341e-01 -1.001026e-01 -1.452832e-01 -6.828806e-02 7.331598e-02 -2.517816e-02 -4.280187e-02 -2.981757e-01 -1.485832e-01 -1.887996e-01 1.068371e-01 -3.776433e-02 -4.021056e-02 
-2.041096e-01 5.528139e-02 -2.025444e-02 1.185410e-02 -1.860937e-01 -8.257375e-03 -1.357140e-01 2.375652e-01 -9.312839e-02 9.646833e-02 -7.948377e-03 -9.176778e-04 1.974874e-01 -1.040868e-01 1.828941e-01 -9.016764e-02 2.937063e-01 1.863459e-01 -1.539277e-01 -5.896436e-02 -7.929315e-02 1.530248e-03 -9.638722e-02 -1.495353e-01 1.502696e-01 -1.674036e-01 -1.282224e-01 -7.407829e-02 6.998605e-02 1.923652e-01 4.635822e-02 4.043822e-02 -8.754213e-02 -1.333889e-02 4.695439e-03 2.876340e-03 2.014766e-02 -2.124610e-01 -2.677773e-01 -1.555471e-02 6.884808e-02 4.866102e-02 -7.397835e-02 8.937732e-02 -2.130825e-01 -8.641313e-02 -4.157816e-02 -3.030832e-01 -1.046944e-01 3.578343e-01 
-1.762971e-01 -6.905518e-02 -4.062157e-02 6.519864e-02 -1.649211e-01 2.988368e-02 2.123508e-01 -5.860970e-03 -3.216323e-02 9.519635e-02 -9.008398e-02 -1.318964e-01 -7.889609e-02 1.474679e-01 6.845946e-02 -2.010490e-01 5.469129e-02 -2.929739e-01 8.161862e-02 1.574066e-01 -1.252350e-01 1.007547e-02 3.534207e-01 -1.446184e-01 6.824529e-02 -1.631385e-01 1.725411e-01 3.478064e-02 -1.340698e-01 7.908886e-02 -1.287227e-01 -2.322361e-02 -2.148529e-05 3.593530e-02 9.446422e-02 -2.488716e-01 1.573724e-04 -4.460194e-02 -1.325384e-01 1.338208e-02 1.310887e-01 3.847313e-01 -3.067670e-02 -7.806356e-02 8.885469e-02 -1.080763e-01 -1.477418e-01 8.213835e-02 -2.282725e-01 -1.627918e-01 
-1.181877e-01 -1.245932e-01 -2.313218e-01 -1.783654e-01 -6.184096e-02 3.114421e-01 1.374260e-01 8.695774e-02 -1.183006e-01 9.020792e-02 -5.124368e-02 -1.085535e-01 -1.495307e-01 1.609002e-02 7.831781e-02 -8.131291e-02 -8.571145e-02 2.243737e-01 -4.974982e-02 8.855421e-02 5.198826e-02 -1.286477e-01 -1.542657e-01 2.501073e-01 -3.140372e-02 -2.438226e-01 1.209839e-01 1.662612e-01 -3.203135e-01 -1.042212e-01 -1.696966e-01 7.667462e-02 1.162237e-01 8.921075e-02 -1.694460e-01 -4.299737e-02 7.390243e-02 -2.056505e-01 2.362623e-01 -2.266270e-02 -2.398794e-01 -9.328164e-02 -8.827209e-02 -7.013002e-03 -1.523530e-01 5.201156e-02 1.835198e-02 -2.711422e-02 -6.145102e-02 2.409322e-02 
-5.160877e-02 1.852780e-01 -8.868824e-03 -2.573482e-01 7.145848e-05 1.145094e-01 -6.799297e-02 -1.284220e-03 -7.271250e-02 -2.383378e-01 3.070238e-01 -2.036717e-01 -6.057237e-02 -1.229640e-01 -8.216379e-02 -3.815786e-03 -1.178768e-01 -2.409760e-01 -7.117564e-02 -4.333254e-02 2.347775e-01 7.010813e-02 1.478147e-01 9.646775e-02 7.476838e-02 -1.151987e-01 1.033345e-01 -3.735781e-01 1.141499e-01 1.301158e-02 -1.332490e-01 -7.288207e-02 5.150201e-03 -4.601822e-02 -2.215365e-01 -1.937186e-02 1.099493e-01 -2.251995e-01 -8.682749e-02 -3.330505e-02 1.405636e-01 -7.251190e-02 2.055158e-01 -1.649483e-01 -6.761496e-02 9.220461e-02 -1.570122e-01 -1.035183e-01 1.169240e-01 -2.197809e-02 
-1.415599e-01 -2.074289e-01 8.582049e-02 -2.323602e-01 1.794297e-01 -9.948337e-02 2.022066e-01 -2.064488e-01 -1.678000e-01 1.650319e-01 -1.117088e-01 1.879748e-01 -1.734275e-01 -9.462024e-02 -3.984456e-02 -4.867786e-02 -4.661307e-02 -2.121386e-01 -1.764220e-01 8.027451e-02 1.019901e-01 -1.505299e-01 -1.343965e-01 -3.141383e-02 3.766107e-02 -1.969873e-01 -2.811508e-01 1.820943e-01 1.019496e-01 -6.017341e-02 1.802361e-02 -5.302342e-02 -2.786601e-01 -9.382151e-03 4.312891e-02 -5.166806e-03 1.676683e-01 1.381414e-01 1.686150e-02 -7.265382e-02 2.189541e-01 5.604287e-02 8.026216e-02 -1.711477e-01 -3.075824e-02 1.555773e-01 1.009417e-01 -1.821763e-01 6.093892e-02 7.688027e-02 
-7.620292e-02 1.941009e-01 1.184659e-01 3.792798e-02 -9.595336e-03 5.841516e-02 -3.559337e-02 -7.076980e-02 -2.651183e-01 6.526533e-02 1.278468e-01 1.482560e-01 1.384933e-01 -1.960510e-01 -7.396267e-02 -2.359264e-01 -3.540338e-02 1.368100e-01 2.386826e-01 -1.294264e-01 -7.975401e-02 1.212670e-01 2.994637e-01 1.318450e-01 -1.367682e-02 -1.978262e-01 7.430611e-02 1.565882e-01 -2.818054e-02 -4.360804e-02 6.715003e-02 1.329428e-02 -4.019385e-01 -7.575280e-02 -8.105531e-02 2.150542e-01 -1.006443e-01 7.775246e-02 4.663833e-02 -1.054484e-01 -1.280850e-01 1.660902e-02 -2.377648e-01 -1.197768e-01 8.452938e-04 -3.442699e-02 -1.226613e-01 1.228181e-01 1.803039e-01 -1.073087e-02 
-1.265158e-01 -4.223136e-02 1.652681e-01 2.969432e-02 3.459233e-02 -7.066516e-02 -7.034696e-02 -2.960476e-01 4.627302e-02 -3.023049e-02 1.141280e-01 1.940840e-01 -9.313537e-02 -3.213021e-01 -5.927400e-02 3.108753e-02 8.340332e-03 -5.625444e-02 1.056608e-01 7.437781e-02 -1.916856e-02 -1.228161e-01 -2.067336e-01 1.797119e-01 1.628575e-01 -4.706813e-02 1.215872e-01 -1.378545e-01 -5.312702e-02 3.503558e-01 -2.318509e-01 1.272054e-01 1.012611e-01 1.290209e-01 6.289212e-02 5.160804e-02 -1.367658e-01 -7.057120e-02 2.729746e-02 1.382843e-01 -1.854417e-01 2.087297e-01 -8.494061e-02 1.354774e-01 2.458978e-01 -1.139662e-01 5.815079e-02 -2.281128e-01 4.583705e-02 -7.123618e-02 
-2.385620e-02 2.626991e-02 -3.077747e-01 -1.137342e-01 -1.941301e-01 -2.901283e-02 -1.307143e-01 -2.064069e-01 -2.594902e-01 5.870890e-02 5.627511e-03 3.041180e-02 -1.389166e-01 -2.622880e-03 -1.350359e-02 -8.216673e-02 2.604883e-01 -1.377814e-01 -2.180626e-01 -1.389844e-01 1.618833e-01 -2.194126e-01 -3.232333e-02 -1.052685e-01 -2.785482e-01 1.667702e-01 1.238489e-01 -2.556050e-02 -1.031315e-01 5.953712e-02 1.506111e-01 -3.556411e-02 -1.236171e-01 -9.773908e-03 -2.145570e-02 2.167812e-01 -2.365319e-01 -5.788984e-02 1.267508e-01 1.874737e-02 1.107529e-01 -1.117493e-02 1.423909e-01 1.709690e-01 -2.294070e-04 -2.688510e-01 -6.950123e-03 9.934694e-02 -1.478581e-02 -1.109993e-01 
-1.683184e-01 1.082037e-01 -6.423238e-02 4.989016e-02 -5.685953e-02 8.371643e-02 -1.513642e-01 2.511304e-01 -4.864291e-02 -4.028793e-02 9.996875e-03 -2.498692e-01 5.052050e-02 -3.325757e-02 -1.219301e-01 1.196759e-01 -5.018383e-02 -2.558156e-01 5.455920e-02 1.934550e-02 -8.924474e-03 -7.250492e-02 -4.603242e-03 -1.059271e-02 -2.895859e-01 1.647861e-01 -1.935885e-01 1.915774e-02 -6.941302e-02 3.118269e-02 -1.107263e-01 9.342569e-02 -2.068940e-01 -5.908446e-02 6.575723e-03 1.627437e-01 4.039048e-01 8.539820e-02 7.636175e-03 -1.057981e-02 -2.091314e-01 2.858752e-01 -1.202489e-01 2.202732e-01 6.264545e-02 1.242071e-01 2.041111e-01 -8.721772e-02 2.886184e-02 -6.337646e-02 
-1.491346e-01 -8.925479e-02 -1.835932e-01 2.151619e-01 -3.289876e-02 -7.252315e-02 2.761908e-02 -2.416849e-01 -2.187542e-01 -8.739632e-02 -1.379838e-01 -1.200469e-02 -1.376776e-01 1.441976e-01 -6.870397e-02 2.177768e-01 -2.336247e-01 8.742707e-02 -6.203122e-02 -1.710135e-01 9.555591e-02 -2.840520e-02 8.621852e-02 9.633284e-02 1.157934e-01 1.308093e-02 -1.053836e-01 -6.715788e-02 6.383068e-02 -1.124044e-01 1.958464e-01 9.521365e-02 -5.693214e-02 -4.344910e-02 -1.379532e-02 -2.043630e-01 9.130902e-02 -2.386830e-01 -4.155413e-01 2.910951e-02 -2.147745e-01 -4.737303e-02 -1.449325e-01 -3.592757e-02 7.203908e-02 -2.102798e-01 1.288285e-01 3.267181e-02 1.303527e-01 -4.202303e-02 
-1.099752e-01 -1.430922e-01 -1.983717e-01 1.349597e-01 2.708489e-01 1.029968e-01 1.191703e-01 -8.769869e-02 5.858436e-02 -8.933297e-02 1.059695e-01 1.473555e-01 3.051318e-01 -9.033059e-02 1.644912e-01 2.075400e-01 -5.989995e-03 -6.849098e-02 -5.975656e-02 -2.079383e-01 1.123071e-01 3.657393e-02 1.765346e-01 7.145839e-03 -9.577651e-02 6.101902e-02 8.544807e-02 2.603830e-02 -2.737954e-01 -1.122151e-01 -1.734281e-01 1.915158e-01 -3.384445e-02 -2.008785e-01 5.097877e-02 1.503208e-01 -1.258989e-01 2.191585e-02 -8.023180e-02 2.042712e-01 5.801216e-02 4.848629e-02 1.291926e-01 -1.730035e-01 4.564643e-02 1.117843e-01 7.456466e-02 -5.919984e-02 -2.398819e-01 2.272707e-01 
-5.724271e-02 -2.570633e-02 -2.982063e-01 -1.367471e-01 1.479473e-01 -9.890701e-02 -2.515423e-02 1.107893e-02 1.835449e-01 -3.302944e-02 -1.085619e-02 -7.935523e-02 6.170546e-02 1.118431e-01 3.075473e-01 7.144620e-02 -1.025876e-01 7.295768e-02 4.492483e-01 9.532417e-03 -2.410912e-04 -2.614582e-01 3.995161e-02 -2.762957e-02 -8.224496e-02 -2.271377e-01 -7.389079e-02 7.012805e-03 1.788192e-01 6.517234e-02 7.099934e-03 -9.586199e-02 -5.879896e-02 -5.986109e-02 2.323262e-01 1.751257e-01 1.362554e-01 -4.877530e-02 7.279580e-02 8.299026e-02 4.083314e-02 -1.323202e-01 5.682697e-02 -7.415959e-03 7.225595e-02 -2.535032e-01 -1.975815e-01 -1.578540e-01 9.478209e-02 -1.062844e-01 
-1.809159e-01 -1.584682e-01 1.141339e-01 -2.409702e-01 1.351949e-02 -8.569863e-02 -9.650036e-02 4.805343e-02 4.363102e-02 5.572262e-02 5.962902e-02 -1.796081e-01 -1.999711e-01 5.254830e-02 -8.535683e-02 2.517393e-01 2.155969e-01 -6.358281e-03 -3.211195e-03 7.523143e-02 -2.294100e-01 1.311435e-01 1.317177e-01 -7.207616e-02 2.171695e-01 7.206706e-02 -1.023964e-01 1.064929e-01 8.334156e-03 -2.355217e-01 -2.984835e-01 -8.009063e-02 -2.187594e-01 1.064466e-01 -1.061517e-01 1.463906e-01 -1.298644e-01 -4.383688e-02 -3.968656e-02 3.203427e-01 -9.747859e-02 -1.956469e-01 4.820809e-02 7.832280e-02 8.727107e-02 -1.343506e-01 -2.143115e-02 1.475351e-01 1.649992e-02 9.285409e-02 
-1.107357e-01 6.129608e-02 7.882501e-02 -1.318391e-02 1.865106e-01 1.335093e-01 1.101309e-01 -1.289562e-01 1.912918e-01 -1.839173e-01 1.548930e-02 -8.525566e-02 1.083765e-01 -6.408778e-02 -7.781792e-02 -1.542497e-01 1.360416e-01 1.698487e-01 -2.363122e-01 1.314124e-01 4.985793e-02 -5.875310e-02 -2.607414e-02 -2.624827e-02 -1.856702e-01 2.221783e-01 -9.421343e-02 5.626174e-02 -2.304020e-01 4.262840e-02 -3.863308e-03 -2.054383e-01 -1.199889e-01 6.434468e-02 3.034990e-01 -1.751819e-01 1.083558e-01 -2.387428e-01 -2.652292e-02 5.027175e-02 2.841313e-02 -5.918366e-03 -1.297857e-01 -3.422733e-02 1.446806e-01 -7.016621e-03 -2.838355e-01 1.152106e-01 3.008754e-01 1.196281e-01 
-1.570835e-01 -2.124125e-01 -1.907435e-01 9.436831e-02 1.647485e-01 1.653726e-01 -1.392004e-01 -2.135207e-01 -5.782110e-02 7.192754e-03 -5.851227e-02 -6.064712e-02 2.848262e-01 7.184820e-02 -2.374198e-01 -6.700672e-02 -2.764721e-02 -1.508013e-01 1.818808e-01 2.045741e-01 -1.664091e-01 1.740518e-01 -2.046173e-02 1.621879e-01 -1.165238e-01 -1.099002e-01 -1.775697e-01 -9.027573e-02 -5.527306e-02 1.604390e-01 4.497544e-02 1.726188e-02 3.782747e-02 2.215375e-01 -1.373776e-01 -9.938055e-02 -9.726657e-02 1.492548e-01 -8.194644e-02 -1.128233e-01 1.103547e-01 -1.494360e-01 1.983945e-01 2.535353e-01 -1.547517e-01 -4.290242e-02 -4.688410e-02 9.016982e-02 6.420134e-02 1.392373e-01 
-2.135054e-01 -2.895841e-01 -3.473429e-02 6.775046e-03 -2.285857e-01 -2.380836e-02 -1.220178e-01 5.854125e-03 1.821496e-02 -1.640895e-01 1.465471e-01 8.827408e-02 1.727297e-01 -4.998108e-02 1.501955e-01 -5.815464e-02 -1.785204e-02 3.771360e-02 7.910044e-02 -1.767786e-01 5.994215e-02 2.068072e-02 -2.269700e-01 -3.162366e-01 1.689824e-01 -3.541828e-02 -6.583955e-02 -7.461238e-02 -6.007393e-02 -2.055601e-01 -1.457288e-01 5.945913e-02 -1.396700e-01 -1.536286e-04 1.109590e-01 -1.761744e-01 -8.288823e-02 -9.469696e-03 7.613273e-02 -3.133259e-01 -1.021957e-01 -1.493619e-02 1.432800e-01 9.366816e-02 8.693173e-02 2.202826e-01 -4.707844e-02 1.547722e-01 1.100831e-01 -2.711063e-01 
-1.669932e-01 -6.881828e-02 4.751662e-02 1.354667e-01 -1.054394e-01 1.254373e-01 -1.133936e-01 9.568127e-02 1.808739e-01 -2.894140e-01 -2.637189e-01 1.712892e-01 -1.454035e-01 1.581959e-01 -8.068112e-03 -1.396701e-02 4.147932e-02 -8.859807e-02 -6.936784e-02 2.459146e-02 8.411307e-02 9.955464e-02 2.161121e-01 -3.182129e-02 2.243778e-02 -2.496573e-03 6.593217e-02 1.304724e-01 1.616446e-01 4.216386e-02 1.230584e-01 4.079548e-01 -3.905561e-02 2.213287e-01 3.289244e-02 1.120850e-01 -4.814012e-02 -1.063627e-01 2.817795e-01 1.061266e-01 1.487345e-02 5.596451e-02 1.107712e-01 -1.020021e-01 -1.410449e-01 4.883640e-02 -5.328425e-02 -1.482669e-01 2.854658e-01 4.466671e-02 
-2.076609e-01 1.125011e-01 1.392740e-01 2.922837e-01 -3.561677e-02 2.033421e-01 2.546184e-01 -4.465966e-04 -4.131997e-02 -2.866350e-01 1.593913e-01 -1.573195e-01 -2.218772e-01 6.376926e-02 2.294397e-01 -1.650026e-03 1.485790e-01 7.127379e-02 -6.389650e-02 -1.062046e-01 -2.820658e-02 1.255281e-01 -1.784509e-01 8.760188e-02 2.847901e-02 -1.855159e-01 -1.501048e-01 -7.144307e-02 -5.484650e-02 1.148148e-01 -1.599755e-02 -6.288146e-02 1.773641e-03 -1.142586e-01 1.163345e-02 5.443207e-02 4.485112e-02 3.344307e-01 9.518001e-02 6.041110e-02 1.713596e-01 -7.349714e-02 5.074864e-02 -1.492700e-02 -1.112136e-02 -2.523235e-01 2.097795e-01 1.190174e-01 6.596150e-02 -5.942019e-02 
-1.266792e-01 2.821128e-01 -1.392322e-01 1.064909e-01 -1.955444e-01 -2.123807e-01 3.371775e-02 1.281789e-01 -3.364766e-03 6.629100e-03 -7.310721e-02 1.689934e-01 2.330059e-01 2.016091e-01 -1.092938e-01 -9.867493e-02 -1.077985e-01 -1.573000e-01 -2.099435e-01 1.864318e-01 1.089510e-01 6.143733e-02 -1.717111e-01 7.928099e-02 -1.477744e-02 -2.009939e-01 -1.286175e-02 1.803897e-01 5.094466e-02 -4.586375e-02 -2.887290e-01 3.739833e-02 1.378697e-01 -4.506871e-02 -3.000124e-02 1.858986e-01 -4.828797e-02 -4.634117e-02 -9.845283e-02 1.285310e-02 1.219017e-01 -2.339239e-01 -7.715895e-02 -1.241900e-02 3.639370e-01 -3.047664e-03 -9.850360e-03 7.868383e-02 8.650116e-02 7.158752e-04 
-2.125113e-01 8.390532e-02 6.013109e-02 2.892415e-01 -8.917282e-02 -1.963345e-02 1.539020e-01 -2.709332e-01 2.273659e-01 5.328154e-02 2.291821e-01 1.101670e-01 -9.779433e-02 6.693954e-02 -9.675405e-02 -4.106317e-02 1.870941e-02 4.834548e-02 5.239580e-03 2.233901e-02 -9.468196e-02 -1.463582e-01 9.940750e-02 -2.219623e-01 -2.614757e-01 -3.435073e-02 -2.273388e-01 -4.735087e-02 1.919083e-01 -6.303136e-02 -1.927460e-02 -1.643569e-01 1.057651e-01 9.460663e-02 -2.458829e-01 1.521244e-01 1.057261e-02 -1.925503e-01 9.836941e-02 -9.897882e-02 -2.339581e-01 -5.955578e-02 2.914112e-02 -8.965517e-02 -8.021440e-02 1.114457e-01 -5.620431e-02 -4.957439e-02 -2.708678e-01 3.144941e-02 
-1.745251e-01 -1.060196e-01 1.111348e-01 6.770782e-02 1.334206e-01 4.161882e-02 1.148118e-01 1.311751e-01 2.416082e-02 1.388723e-01 -4.917816e-02 -1.092571e-01 1.090452e-01 -8.614474e-03 6.802645e-02 7.677252e-02 3.205360e-01 -2.216691e-01 -3.088130e-02 6.635751e-02 3.103151e-01 3.336627e-02 6.228855e-02 1.148023e-01 -3.902589e-02 -6.564532e-02 5.881639e-02 -4.882715e-02 8.641803e-02 -2.393262e-01 2.217011e-01 -1.558855e-01 1.387827e-01 -1.334449e-01 -8.925055e-02 -9.701914e-02 -2.420100e-01 1.588009e-01 2.678930e-02 -5.997079e-02 -2.676603e-01 -6.045161e-02 -1.510731e-01 1.308503e-01 1.149202e-01 -7.228954e-03 -1.459301e-01 -3.062670e-01 1.286884e-01 -1.022283e-01 
-2.080480e-01 4.024816e-02 2.711616e-01 1.976984e-02 4.663891e-02 -1.713906e-01 -1.496716e-01 -2.068608e-02 7.858323e-02 1.822162e-01 -5.273342e-02 4.779348e-02 1.239930e-02 7.605454e-02 -6.142121e-02 1.215976e-01 1.586856e-01 1.164437e-01 6.064775e-02 2.573303e-02 1.900621e-01 -2.266269e-01 1.311125e-01 1.784000e-01 1.136064e-01 -1.708764e-01 2.417038e-02 -2.380747e-01 -1.857455e-01 -1.088274e-01 1.806560e-01 1.866612e-01 8.468936e-02 -9.426000e-02 1.421783e-02 5.995047e-02 2.843265e-01 -8.346327e-02 1.531724e-01 -9.179235e-02 1.780873e-01 3.303149e-02 9.298940e-02 1.527583e-01 9.043717e-02 3.348816e-02 -2.700696e-02 3.543008e-01 -1.010735e-01 1.223610e-01 
-1.666514e-01 -6.920013e-02 -1.387452e-02 1.207211e-01 1.481087e-01 -1.375757e-01 3.299526e-02 1.757384e-01 -1.515755e-01 7.132207e-02 1.261167e-01 -2.845374e-02 -1.518787e-01 7.421349e-02 -3.445785e-02 6.317262e-02 -3.102585e-02 -1.420211e-01 9.671894e-02 -4.313975e-02 4.981618e-02 -1.347419e-01 -8.996956e-02 -2.999743e-01 8.149271e-02 4.272756e-02 2.571470e-01 1.399024e-01 -1.349578e-01 4.727659e-01 1.343730e-01 -2.793824e-02 5.338555e-02 -4.896474e-02 -9.805997e-02 -1.020480e-03 6.670770e-02 1.003041e-01 -7.273766e-02 8.418739e-02 -1.721590e-01 -2.517267e-01 2.280196e-03 -1.130352e-01 -3.514645e-02 2.331765e-01 -1.485746e-01 1.707023e-01 1.440921e-01 1.428182e-01 
-2.100132e-01 -1.066326e-01 -8.442904e-02 2.004377e-01 1.200655e-02 -7.133527e-02 2.813034e-02 2.044505e-01 1.902943e-01 1.288125e-01 1.557759e-01 -4.446487e-02 -3.885422e-02 1.500296e-03 -4.232767e-02 7.347363e-02 -1.743250e-01 1.775285e-01 -4.621263e-02 4.618013e-02 1.072532e-01 3.793102e-02 -3.014292e-02 2.985314e-01 6.801937e-02 1.030015e-01 1.228529e-01 8.985617e-02 3.837867e-02 1.114518e-01 1.545359e-01 -2.486165e-01 -2.980304e-01 1.284436e-01 -1.567144e-02 8.546027e-02 -1.770958e-01 -1.592208e-01 -5.139876e-02 7.196924e-02 3.186488e-01 6.680139e-02 1.829419e-03 1.186186e-01 -7.288031e-02 2.200841e-01 8.374479e-02 -4.694050e-02 -9.800555e-02 -2.906274e-01 
-1.555703e-01 9.189364e-02 7.506092e-02 -8.916882e-02 2.826144e-02 -1.413179e-01 1.298471e-01 -1.403334e-01 -8.394735e-02 1.304651e-01 -2.310546e-01 -5.881315e-02 9.136254e-02 1.825601e-01 2.658413e-01 3.556374e-02 9.699509e-02 -1.795823e-01 1.933801e-01 2.712510e-02 -9.750810e-02 2.028042e-01 -2.532672e-01 1.076303e-01 -1.145248e-01 1.854160e-01 6.282929e-02 -3.036498e-01 4.309572e-02 2.195235e-02 -8.030228e-02 -1.628248e-02 -4.931883e-02 -3.483900e-02 6.348774e-02 1.078299e-01 -1.219638e-01 -2.642708e-01 8.345200e-02 -1.241499e-02 -1.723136e-02 3.589192e-02 -1.858314e-01 -2.254146e-01 -2.431902e-01 1.589553e-01 1.515910e-01 1.553559e-01 1.160230e-01 3.767552e-03 
-8.218510e-02 -4.232004e-02 8.151050e-02 -1.863922e-01 -1.289240e-01 8.872697e-02 1.318913e-01 -9.237485e-02 2.821740e-02 -4.393288e-02 -6.745650e-02 1.317620e-01 -1.248393e-02 -2.821165e-02 -1.385989e-01 1.752264e-01 2.112334e-01 2.352357e-01 1.867926e-01 8.835037e-03 2.469843e-01 1.780034e-01 4.901891e-02 -9.310249e-02 -2.524008e-01 -1.040899e-01 3.190403e-01 1.792512e-01 1.402145e-01 3.314355e-02 -1.453930e-01 -1.496061e-01 1.480014e-01 5.746425e-02 1.254604e-01 1.090332e-01 1.522464e-01 4.747337e-02 -3.469196e-01 -1.000911e-01 9.504476e-04 6.664723e-02 1.358247e-01 1.048391e-01 -1.183894e-01 4.176660e-02 2.031517e-01 5.467722e-02 9.973428e-02 -1.526176e-02 
-2.059866e-01 -1.508028e-01 2.033624e-01 3.242482e-02 8.940214e-02 -1.601482e-01 -1.807842e-01 1.326756e-01 -2.195887e-01 -2.000713e-01 -1.395982e-01 -1.167116e-01 8.432095e-02 -1.451526e-01 -1.784674e-01 2.022556e-01 -1.351632e-01 7.595106e-02 -7.041927e-03 -8.318387e-02 -2.684047e-01 -2.509610e-02 -4.306958e-02 -1.019447e-01 -2.569134e-01 -9.321226e-02 1.191291e-01 1.347556e-01 -3.234773e-02 -4.720901e-02 2.017961e-02 -1.798275e-01 2.159670e-01 -1.448639e-01 -9.064005e-02 -7.865628e-02 -1.014588e-01 -1.782357e-01 2.169036e-01 -1.140165e-01 2.247970e-01 7.820692e-02 -8.801598e-03 -1.839406e-01 7.125953e-02 -1.737099e-01 5.094445e-02 -1.189942e-01 2.934247e-03 -2.222626e-02 
-9.071185e-02 1.502463e-02 -1.566539e-01 1.086722e-01 8.780970e-02 -2.104031e-01 1.621934e-01 1.179599e-02 -2.425509e-01 -1.586457e-01 9.460287e-02 -7.963131e-02 -1.030938e-01 -1.858515e-01 -3.344629e-02 -1.053667e-01 2.075666e-01 1.248640e-02 1.499554e-02 1.396025e-01 -1.859218e-01 -1.011791e-01 1.832504e-01 2.379739e-01 1.646372e-01 2.716923e-01 -2.102501e-02 1.642812e-01 1.713725e-01 -6.139697e-02 -1.223664e-01 1.620761e-01 2.124849e-01 -1.738315e-01 2.727013e-01 7.267424e-02 3.947449e-02 -5.890890e-02 4.149550e-03 -2.491758e-01 1.492190e-02 -1.459328e-01 8.866497e-02 1.173405e-01 -1.730603e-01 1.252640e-01 -4.470507e-02 -3.221095e-02 -3.066947e-02 -6.686472e-02 
-1.757941e-01 2.151739e-01 2.190898e-01 -1.132805e-01 -1.776948e-01 5.502938e-02 -7.659584e-02 -1.253055e-01 -1.243375e-01 1.761160e-01 2.451299e-01 -1.675483e-02 4.890600e-02 1.878587e-01 -6.466953e-02 1.787367e-01 -1.174438e-01 1.171537e-01 1.320905e-01 2.009143e-01 1.281353e-01 2.972265e-02 -4.671492e-02 -7.183195e-02 -9.713816e-02 2.079176e-01 -9.803528e-02 1.121127e-01 -1.837989e-01 -1.588616e-02 1.214219e-02 3.035300e-01 6.234798e-03 -5.341633e-02 1.479505e-01 -1.906506e-01 -7.972764e-02 1.284157e-01 -2.019615e-02 7.099066e-02 1.238041e-01 -1.672434e-01 1.989503e-03 -1.257484e-01 -1.600237e-01 -9.052214e-02 -1.270240e-01 -2.782331e-01 -9.072220e-02 -1.728583e-01 
-1.402735e-01 9.376465e-02 -1.475043e-01 5.854913e-02 1.245246e-01 -3.039364e-02 -2.254087e-01 -1.174638e-01 -9.726188e-02 1.374992e-01 -2.212029e-01 1.280705e-02 8.480041e-02 -8.917355e-02 1.796325e-01 -3.144403e-02 1.404424e-01 1.964266e-01 -5.144507e-02 -1.369279e-01 1.633669e-01 4.161405e-02 2.596879e-01 -6.151267e-02 1.067414e-01 2.030262e-01 -8.510929e-02 -1.109348e-02 3.315409e-02 1.372680e-01 -2.705104e-01 -1.369522e-01 1.359700e-01 2.524648e-01 -2.306401e-01 -1.406158e-01 2.140039e-01 1.834687e-01 1.454550e-01 2.539469e-02 1.283575e-01 -1.085251e-01 -1.421405e-01 -1.336805e-01 6.865896e-02 6.054095e-02 8.265071e-02 -5.986908e-02 1.643782e-02 -2.154132e-01 
