-7.667521e-02 3.469074e-02 -4.639186e-02 -1.386055e-01 1.760836e-01 -1.200165e-01 8.333075e-03 1.211858e-01 -2.025477e-01 3.440396e-02 7.278017e-02 2.948805e-01 -1.024334e-03 -1.844035e-01 2.239876e-01 -3.025131e-02 -4.825436e-02 2.791921e-01 -1.924310e-01 8.919857e-02 -5.156582e-02 2.892988e-01 1.473687e-01 1.184943e-01 1.010708e-01 1.370037e-01 5.739321e-02 -9.807320e-02 2.092967e-01 1.483452e-01 2.500917e-01 -7.789437e-02 2.487983e-02 -8.810219e-02 2.711885e-01 8.714535e-03 1.608887e-01 3.440692e-02 -2.355853e-01 7.606429e-02 -1.343317e-01 1.056246e-01 3.892230e-02 -1.327677e-01 -1.287481e-02 4.586795e-03 1.593874e-01 -1.540985e-01 -1.018564e-02 
-2.291384e-01 -8.165144e-02 1.384949e-01 -9.383589e-02 1.497811e-01 1.380773e-01 -6.110674e-02 -2.875029e-01 -3.236317e-02 1.533201e-02 1.561527e-01 1.703135e-01 1.078128e-01 -2.637044e-02 7.404056e-02 -2.148719e-01 1.084249e-01 3.681326e-02 2.887642e-01 -1.088762e-01 1.474117e-01 -2.039597e-01 1.546804e-01 -8.027110e-02 1.599350e-01 -1.560270e-01 7.541535e-02 4.572443e-02 1.532032e-01 -2.451224e-02 1.439908e-02 9.903409e-02 3.353405e-02 -2.462439e-01 -3.077020e-02 1.030910e-01 4.025647e-02 -2.259879e-01 -7.374453e-02 -5.197097e-02 2.178068e-02 -1.096966e-01 -1.009919e-01 -3.264721e-01 -1.834408e-01 -6.438178e-02 -2.446418e-01 8.740571e-02 -6.105268e-02 
-1.848601e-01 -1.552500e-01 -1.577968e-01 1.356183e-02 1.797409e-01 -8.421491e-02 -1.523933e-01 -1.659508e-02 2.242131e-01 8.685680e-02 1.010911e-01 1.271537e-01 -3.331109e-01 1.286665e-01 -2.512134e-01 -9.995071e-02 -5.529074e-02 -7.438161e-02 -1.033321e-02 1.200221e-01 -6.202222e-02 2.547905e-02 8.543665e-02 1.197103e-01 3.672827e-02 -1.205215e-02 1.847879e-01 1.565255e-03 1.761551e-01 1.545663e-01 5.195246e-02 1.099514e-01 1.188468e-01 -1.207030e-01 -8.253216e-03 -1.862389e-01 -2.225508e-02 -6.091787e-02 1.587363e-01 -6.394642e-02 3.408131e-01 2.986257e-01 1.022822e-01 2.172581e-01 1.995436e-02 -2.073143e-01 -1.163354e-02 3.775118e-02 9.732128e-02 
-1.045937e-01 1.670842e-01 -1.686646e-01 -5.017785e-03 -4.177387e-02 1.359477e-01 -1.027526e-01 2.539210e-01 -9.811852e-02 4.502939e-02 -1.931104e-01 1.336395e-01 2.400422e-01 1.263836e-01 1.020985e-01 8.425511e-02 -8.965568e-02 3.294390e-02 1.289655e-01 2.397485e-01 2.841415e-01 -1.920496e-02 -1.943976e-02 -2.784181e-03 6.180557e-02 9.208465e-02 -6.190762e-02 5.166684e-02 1.720450e-01 -8.657198e-02 -2.355312e-02 1.782414e-01 -5.495139e-02 -1.199044e-01 -2.134647e-01 3.497614e-02 -4.764231e-02 4.199966e-02 8.502341e-02 -4.093203e-01 1.269612e-02 8.542956e-02 2.845791e-01 -9.606874e-02 2.841412e-01 4.826632e-02 3.579139e-02 3.173106e-03 -3.894820e-02 
-2.286328e-01 -1.060906e-01 2.256533e-01 6.854706e-02 -1.749274e-01 6.745322e-02 5.963701e-02 7.219532e-02 -3.212901e-01 -1.722389e-01 3.439995e-02 1.013082e-01 -7.409355e-02 -5.865719e-04 -3.678624e-02 2.503745e-01 4.262494e-02 5.801110e-02 5.958894e-02 5.638016e-02 -3.109834e-01 -3.610614e-02 -4.960696e-02 1.947736e-01 1.200758e-01 -1.228757e-01 -3.614225e-02 -7.757940e-03 1.110862e-01 -1.247972e-01 3.762282e-02 6.609002e-02 -5.124944e-02 -1.238633e-01 -8.719869e-02 -5.636505e-02 1.532232e-01 -2.318848e-01 2.570418e-01 -2.370334e-02 -4.251675e-02 -1.893504e-01 -1.015507e-01 1.305034e-01 2.789740e-02 2.408305e-02 3.098436e-01 1.510244e-01 2.244005e-01 
-4.256901e-02 2.903072e-01 6.693233e-03 8.918779e-02 -1.808557e-01 -5.168648e-02 1.844363e-01 -8.235215e-02 -1.685640e-02 1.153342e-01 -5.954820e-02 -1.593305e-02 -2.719357e-01 -9.007066e-02 4.249990e-02 -1.495693e-02 -1.490676e-01 1.814406e-01 2.849509e-01 5.866653e-02 1.860020e-01 1.729906e-01 9.598003e-02 7.826363e-02 6.563235e-02 -2.361941e-01 -9.221899e-03 7.911402e-02 -2.315817e-01 -1.162197e-01 -7.931387e-02 -2.082674e-01 -6.349754e-02 -1.228666e-01 1.022151e-01 4.652167e-02 -2.554763e-01 7.874412e-02 6.419334e-02 1.520139e-02 2.289725e-02 1.472374e-01 -6.458052e-02 -1.701711e-01 5.580252e-03 -2.822769e-01 1.224539e-01 -4.107888e-02 2.570682e-01 
-8.641405e-02 1.208322e-02 -1.407573e-01 -1.359555e-01 -2.458338e-01 -1.852787e-01 -1.293194e-01 -7.016502e-02 -8.499947e-02 1.733189e-01 1.138797e-01 8.629775e-02 -1.259540e-01 1.420795e-01 -6.886309e-03 -2.035880e-01 -1.917676e-01 1.432283e-01 2.446218e-02 -1.094833e-01 -1.903791e-01 -3.164376e-02 -8.369598e-02 -5.138046e-02 -2.688317e-01 -3.125652e-01 -1.651248e-01 2.152115e-01 3.672722e-02 1.327579e-01 1.910618e-01 -6.463774e-02 1.671810e-01 1.430872e-01 -2.036647e-01 1.208167e-01 -9.295591e-04 2.435059e-02 -1.420201e-01 -1.060671e-01 -5.202224e-03 -2.169190e-01 1.362140e-01 -1.772421e-02 6.281568e-02 -2.454035e-02 1.650553e-01 6.677898e-02 -2.092142e-01 
-1.182771e-01 -5.914110e-02 -2.665695e-01 -5.805988e-02 2.291792e-01 2.484603e-01 4.516894e-02 -1.277815e-01 -2.202160e-01 1.075543e-01 -1.361974e-01 -1.529404e-02 -7.640285e-03 -1.132548e-01 -1.089440e-01 1.710750e-01 -2.104083e-01 1.814472e-01 1.782760e-02 -1.596644e-01 -1.905450e-01 -6.941350e-02 -1.235280e-01 -2.375236e-01 -6.184571e-02 5.160641e-02 9.890112e-02 2.073161e-01 -2.244862e-01 9.792315e-02 2.294477e-01 6.878518e-02 -2.840014e-01 -4.044400e-02 7.958618e-02 1.038375e-02 -1.028441e-01 -7.729148e-02 -1.703548e-02 4.329935e-02 3.293792e-02 1.190682e-03 8.302840e-02 7.488563e-02 1.094590e-01 1.159255e-01 -2.217935e-01 -1.957462e-02 2.326806e-01 
-2.002028e-02 1.385573e-01 -3.263235e-01 1.205823e-01 -2.226169e-01 -1.713770e-01 2.912964e-01 -6.178649e-03 -2.955057e-02 -2.170934e-01 -6.492128e-02 -2.340698e-02 8.656776e-02 1.716274e-01 1.883845e-01 -1.021781e-01 -1.736951e-02 -1.397682e-01 8.516520e-02 -1.754937e-01 -3.751660e-03 4.247865e-02 2.234889e-01 -6.001414e-02 -1.183768e-01 1.614999e-01 -8.117884e-02 4.730204e-02 3.805314e-03 -1.202141e-01 1.666496e-01 1.277321e-01 3.055662e-02 -1.445253e-01 1.334817e-01 1.647636e-01 3.239181e-01 -1.260328e-01 1.514608e-02 1.744550e-01 1.773433e-01 9.470818e-02 1.451441e-02 1.255376e-01 3.083398e-02 -8.219092e-02 -1.052666e-01 2.130572e-01 1.869417e-02 
-2.116043e-01 2.740289e-02 -7.282498e-02 1.662764e-01 1.528339e-01 -3.431962e-02 -1.774455e-01 1.638126e-02 2.784884e-01 -1.019839e-01 -1.228691e-02 2.990121e-01 1.814132e-01 -1.297025e-01 -2.811708e-02 1.109672e-01 3.921430e-02 1.765226e-01 -7.867740e-02 -2.147126e-01 6.441440e-02 -8.397091e-02 1.676638e-01 6.995515e-02 -1.396031e-01 -2.319065e-01 -3.187000e-02 -1.649811e-01 -2.034477e-01 -2.179790e-01 8.685994e-02 -2.144186e-02 -1.688168e-01 1.837970e-01 -3.063291e-02 9.969678e-02 9.775320e-02 5.108863e-02 1.788410e-01 3.150029e-02 1.619031e-01 1.674448e-02 -2.016488e-01 1.973477e-02 1.997867e-01 -1.721785e-03 1.120042e-01 -1.776918e-01 -1.654853e-01 
-3.635117e-02 2.578696e-01 -1.946470e-02 -1.944830e-01 1.804291e-01 -5.641002e-02 -3.546040e-02 4.103115e-02 -1.363888e-01 -2.298571e-01 -1.076138e-01 2.910724e-02 -3.044382e-02 -6.137428e-02 1.544922e-01 -3.991544e-02 1.448484e-01 -1.103380e-02 1.780478e-01 7.903691e-02 -2.973396e-01 -1.413281e-01 -1.898808e-01 -2.994646e-01 3.096707e-02 -2.890497e-02 -1.363894e-01 -2.999818e-02 -7.634211e-02 1.761437e-01 -2.174250e-01 2.200247e-01 1.804075e-01 1.903133e-01 9.663198e-02 -7.599913e-02 -3.738197e-02 -2.980587e-02 1.563688e-02 3.761156e-03 1.297968e-01 2.653571e-01 -2.151331e-01 -1.119902e-01 1.112131e-01 -1.421021e-01 1.468558e-01 -5.297184e-03 -8.724912e-02 
-1.487390e-01 9.177093e-02 2.022695e-01 -1.703385e-01 1.285864e-02 5.919605e-02 -1.497078e-01 -2.306771e-01 -2.030481e-02 -1.295394e-03 -5.534303e-03 -1.929243e-01 1.446999e-01 1.457397e-01 7.663198e-02 -3.421582e-02 6.450934e-02 -2.535345e-01 4.178436e-02 7.012399e-03 -6.835278e-02 -2.133076e-02 -9.436813e-02 3.428731e-01 1.493768e-02 -1.795826e-01 1.530389e-02 3.980295e-02 -1.177976e-01 -1.250069e-02 1.125431e-01 1.893822e-01 -3.414855e-01 2.762978e-04 4.705434e-02 9.306188e-02 1.523309e-01 2.233343e-01 -2.722676e-01 6.344861e-02 -1.932612e-02 2.769095e-01 1.995007e-01 9.376172e-02 -1.812893e-02 -7.968431e-02 1.381401e-01 -5.740614e-02 3.514079e-02 
-1.534299e-01 -1.089548e-01 -1.172173e-01 -2.139870e-01 -1.264857e-01 2.861415e-01 2.263023e-01 7.543768e-02 1.718501e-02 -5.971520e-03 -1.825049e-02 -9.052950e-02 4.224600e-03 1.300689e-01 -1.874109e-01 -1.586886e-01 -1.434053e-03 5.930346e-02 4.047544e-02 -2.519045e-01 6.758959e-02 1.177611e-01 -1.891295e-01 8.153822e-02 1.974185e-01 9.758468e-02 1.649365e-01 -9.720594e-02 9.177647e-02 6.934857e-02 -1.840581e-01 -2.078329e-01 3.960436e-02 1.355366e-01 -7.475288e-02 2.332696e-01 1.909007e-01 -8.258852e-02 -1.624033e-01 -1.236532e-01 1.823143e-02 4.232026e-02 -2.510275e-01 8.869832e-02 2.401765e-01 -1.292498e-01 5.044524e-02 -2.104504e-01 1.251144e-02 
-1.316982e-01 1.698299e-01 1.063632e-01 -7.894799e-02 1.731355e-01 2.096554e-01 -7.639078e-02 -4.943951e-02 1.837649e-01 -1.677320e-01 -8.048874e-02 -7.994241e-02 9.136199e-03 -9.328155e-02 1.016763e-01 -7.037148e-03 -9.967282e-02 2.942485e-02 -1.469569e-01 -1.343127e-01 1.367915e-01 2.465990e-02 -1.782791e-01 9.009073e-02 -1.689382e-01 1.768248e-01 -2.927404e-01 -5.701962e-02 1.754362e-02 7.307441e-02 1.581910e-01 -3.527589e-01 2.360531e-02 -1.150670e-01 -1.764403e-01 -7.727403e-02 -1.137347e-01 -2.967017e-01 -3.180830e-02 -5.482699e-03 -3.679214e-02 1.618046e-01 1.582885e-02 6.250668e-02 -9.044051e-02 -1.030486e-01 1.200982e-01 3.572433e-01 -3.379444e-02 
-5.490271e-02 -4.676130e-03 -2.572987e-01 -7.637581e-02 6.166117e-02 2.198940e-02 -9.058145e-02 -1.934930e-01 3.924949e-02 -1.727401e-02 -2.011977e-01 7.938070e-02 8.916022e-03 1.113525e-01 -8.792311e-02 1.486980e-01 -6.602219e-03 -8.667434e-02 -2.822955e-01 1.756154e-01 9.203862e-02 -3.420166e-02 -8.087989e-02 3.543153e-01 -2.246360e-02 5.458804e-03 -2.451558e-01 9.436025e-02 -2.135144e-01 9.891283e-02 -9.638441e-02 1.386336e-01 2.832367e-01 -3.188049e-02 1.953794e-01 7.461294e-02 1.188446e-01 -2.484935e-02 1.727691e-02 -6.888824e-02 -1.090646e-01 -2.723463e-01 -1.547459e-01 -1.921208e-01 -2.698353e-02 -1.786401e-01 -1.146028e-01 -3.191746e-02 1.798439e-01 
-1.583231e-01 4.001794e-02 4.091018e-02 1.349061e-01 -2.998259e-02 1.870908e-01 -1.443347e-01 5.889757e-02 -1.841550e-01 -3.833161e-02 -1.315046e-01 7.708344e-02 1.300144e-02 -1.408781e-01 -6.931813e-02 -1.228011e-01 -1.349898e-01 -1.940358e-01 -2.306568e-02 1.245461e-01 1.436942e-01 1.593077e-02 -1.319084e-01 -1.616950e-02 -3.040352e-03 -2.160915e-01 7.664264e-03 -9.171472e-02 5.635707e-02 -1.187884e-01 -5.204150e-02 -7.094610e-02 3.782637e-01 -5.903700e-02 4.326345e-02 1.226080e-01 -7.709356e-02 1.677042e-02 -1.831432e-01 4.603930e-01 2.285985e-01 6.325717e-03 8.661160e-02 8.197550e-02 1.281073e-01 3.114950e-01 -3.223686e-02 -3.644224e-02 8.078940e-02 
-1.770589e-01 -1.502172e-01 -1.959985e-01 -1.250562e-01 2.788718e-02 6.988462e-03 -6.355926e-02 1.128165e-01 1.088695e-01 -1.202990e-01 2.408321e-01 -1.517164e-01 -1.667967e-01 -2.654473e-01 3.138131e-01 -7.196724e-02 -1.936522e-01 -1.895422e-01 -1.202895e-01 2.199921e-02 7.208177e-03 -1.131210e-01 9.079256e-02 6.050931e-03 5.958663e-02 1.024114e-01 4.321362e-02 2.845771e-01 -4.984852e-02 -1.085447e-01 -1.316048e-01 7.813463e-02 -4.945748e-02 -2.483975e-01 -1.026762e-01 5.883037e-02 -1.127984e-01 2.622469e-01 -5.098883e-02 -4.581325e-02 -5.948108e-02 -7.117344e-02 -3.073188e-01 7.445889e-02 8.491579e-02 1.164168e-01 1.563457e-01 5.016276e-02 -1.997499e-02 
-2.164725e-01 -5.452439e-02 1.613521e-01 -1.902682e-01 -1.183490e-01 -3.436403e-02 7.641555e-02 2.359315e-01 1.542648e-01 1.629726e-01 -7.907132e-02 8.035390e-02 -3.562855e-02 -1.140749e-01 -1.848535e-01 -1.361754e-01 -6.991604e-02 -4.265541e-02 1.098700e-01 2.093101e-01 2.398457e-02 3.214250e-02 -4.529374e-02 -4.034518e-02 3.514309e-01 1.256158e-01 -2.696618e-01 1.762682e-02 -2.273065e-01 4.557026e-02 1.377713e-01 2.036034e-02 -1.971706e-01 7.946868e-02 2.432456e-01 5.227955e-03 4.477097e-02 2.924888e-02 6.661390e-02 1.096912e-01 1.048576e-01 -1.876545e-01 2.300622e-02 6.617020e-02 2.778815e-02 -1.561421e-02 -9.978965e-02 2.287858e-01 -2.994933e-01 
-1.741440e-01 -1.995198e-01 -1.194776e-01 5.296650e-02 3.613757e-02 -1.081096e-01 2.480503e-01 -1.670694e-01 -1.577638e-01 9.777896e-02 2.701868e-01 -6.260062e-02 1.687291e-01 1.161676e-01 1.615810e-01 -5.256402e-02 1.797292e-01 1.324972e-01 -2.989805e-01 6.879075e-03 1.504685e-01 2.201382e-01 -6.344557e-02 -6.825579e-02 1.959462e-01 -2.208532e-01 -2.786664e-01 -1.076016e-01 -7.038895e-02 5.650384e-02 -1.419971e-01 1.021327e-01 -5.150331e-02 5.052898e-02 -1.762711e-01 -1.979988e-01 -1.629925e-01 8.952771e-03 4.507810e-02 1.144986e-01 1.610641e-02 1.131388e-01 3.727662e-02 5.684984e-02 1.764546e-01 9.369044e-03 -1.026855e-01 1.257061e-01 3.738393e-02 
-2.204572e-01 -9.817195e-02 1.350144e-01 -1.869912e-01 -2.401725e-02 8.123467e-02 1.903545e-01 1.690700e-01 7.918180e-02 -1.927490e-02 -2.037604e-03 -2.442979e-01 1.265548e-01 1.331690e-01 -7.968877e-02 1.423503e-01 -1.837592e-01 3.577622e-02 -1.481605e-01 8.728921e-02 3.876913e-02 -6.000260e-02 9.607538e-02 -2.548179e-01 -7.010206e-02 -4.625440e-02 -1.050842e-01 -9.257719e-03 7.599948e-02 2.860794e-02 2.438731e-01 4.558650e-02 1.480631e-01 2.191660e-02 -1.615530e-01 9.609435e-02 8.352199e-02 2.206082e-01 2.273914e-01 1.266629e-01 1.049367e-01 1.261247e-01 -2.978738e-02 -2.562238e-01 -3.245951e-01 -7.058918e-02 6.349971e-02 -2.280285e-01 1.367669e-01 
-1.289636e-01 -5.071810e-02 1.549865e-01 -8.246651e-02 1.120265e-01 -3.734910e-01 2.924886e-01 -1.548027e-02 4.916758e-02 -2.209745e-01 -9.589502e-02 -9.724658e-02 1.833802e-01 -1.230760e-01 -2.548681e-01 -2.278293e-01 -1.404595e-01 2.466370e-01 -3.612660e-03 3.842523e-02 -2.127859e-03 -1.481207e-01 -1.538530e-01 1.205545e-01 -2.907578e-01 3.921226e-02 4.801480e-02 -2.213730e-02 4.992541e-02 -9.470547e-02 -2.083376e-01 2.785845e-02 -5.358703e-02 -2.071359e-01 8.015426e-02 -1.926592e-01 2.085861e-02 7.936590e-02 -1.386367e-01 -9.840291e-02 1.176653e-01 -1.113560e-01 1.033506e-01 -6.850122e-02 1.095483e-01 6.778415e-02 -9.595591e-03 -9.220852e-03 8.086878e-02 
-3.162304e-02 1.698313e-01 -3.119326e-03 -2.030565e-01 -2.354526e-01 1.241943e-01 2.445682e-01 -1.261992e-01 6.063584e-02 1.963765e-01 -1.834565e-01 7.235265e-02 -2.865600e-02 -1.850719e-01 1.885127e-01 -1.962091e-01 6.129194e-02 -3.104280e-02 -1.708194e-01 -1.043247e-02 -7.277452e-02 -1.941369e-01 5.246231e-03 1.276670e-01 -7.948510e-02 -8.152578e-03 2.938243e-01 -4.124275e-01 -8.536160e-02 8.236440e-02 1.960265e-01 2.218645e-01 1.221926e-01 -6.301975e-02 -9.259535e-02 -5.925037e-02 -1.799941e-01 3.801396e-02 2.060559e-01 -4.295744e-02 -9.159978e-02 -5.391700e-02 -8.963701e-03 9.481236e-02 3.039000e-02 3.871497e-02 -2.793693e-02 1.743353e-02 -3.480561e-02 
-3.233748e-02 1.797475e-01 -1.263506e-01 4.553503e-02 -8.191021e-02 4.464205e-02 2.818526e-02 5.197249e-02 2.488724e-02 -1.962317e-02 9.262541e-02 1.777743e-01 -3.107291e-02 2.773215e-02 4.721665e-02 4.451110e-02 4.616903e-02 9.279160e-02 -2.989727e-01 8.177549e-02 2.139947e-01 -1.282996e-01 -2.841042e-01 -2.067794e-01 6.439811e-02 -3.635602e-03 3.329825e-01 9.074412e-02 -8.315055e-02 -4.806217e-02 -1.896473e-01 8.025842e-02 -1.899791e-01 2.721583e-02 -2.959504e-02 -1.517568e-02 1.166775e-01 -1.059572e-01 -1.310956e-01 1.303013e-01 1.804993e-01 -1.832047e-01 1.673828e-01 2.327485e-02 -3.456094e-01 -2.103369e-01 2.482385e-01 5.549966e-02 -4.236741e-02 
-3.303391e-02 2.899618e-01 8.118785e-02 -6.661408e-02 1.543583e-02 -2.258172e-01 -1.504795e-01 1.145363e-01 -2.703715e-02 5.106631e-02 1.076655e-01 3.476813e-03 -1.097989e-01 -1.528085e-01 -2.268388e-01 -8.220368e-02 1.487133e-01 4.769905e-02 8.345851e-03 -1.150463e-01 1.606649e-01 2.531733e-01 -2.600084e-01 3.358179e-02 -1.633742e-02 1.289407e-01 8.126542e-02 1.686107e-01 -1.079182e-02 -1.807029e-01 1.976653e-01 3.027333e-01 5.864333e-02 6.631541e-02 -3.154238e-01 -6.460622e-03 1.411543e-01 1.822216e-03 6.382972e-02 1.197543e-01 -1.908831e-01 6.876337e-02 -1.954971e-01 -4.819962e-02 2.627755e-02 3.701610e-02 -2.061639e-01 4.143418e-02 1.509635e-01 
-2.244420e-01 -1.042036e-01 3.382741e-03 1.384498e-01 2.674746e-01 -2.654814e-02 6.377328e-02 1.798627e-01 -2.192691e-01 1.697146e-01 -1.710786e-01 -1.885136e-01 -1.261137e-01 1.500507e-01 9.450480e-03 -2.448519e-02 -5.326446e-02 7.495367e-02 8.672094e-02 4.620568e-02 2.760023e-01 -1.250776e-01 1.271642e-01 -4.411234e-03 -2.130655e-01 -7.630416e-02 6.687858e-02 -8.764594e-02 6.623499e-02 -1.135418e-01 6.326317e-03 1.872455e-01 3.865282e-02 2.408629e-01 1.660573e-01 1.349038e-02 -6.917017e-02 -5.630561e-02 -1.351290e-01 -2.112300e-02 -3.065915e-01 1.638471e-03 -1.864107e-01 2.642905e-01 -1.388851e-01 -1.136995e-01 7.944261e-02 1.541591e-01 -1.158938e-01 
-6.816257e-02 2.705380e-01 1.312855e-01 -2.218229e-01 -1.055523e-01 -1.932050e-01 -1.831272e-01 1.844372e-01 -1.410212e-01 8.409650e-02 3.196903e-02 -1.191536e-01 7.704577e-02 1.486931e-01 2.215748e-02 2.430660e-01 -1.214538e-01 6.533551e-02 -1.866158e-01 -7.329379e-02 7.162463e-03 3.657863e-02 1.700034e-01 1.178491e-01 -6.809755e-02 -1.254189e-01 1.667430e-01 -3.153704e-02 3.477628e-02 2.737184e-01 -2.545454e-01 -6.707419e-02 -1.356085e-01 -9.213971e-02 6.229396e-02 1.651861e-01 -8.997787e-02 -1.272048e-01 5.553757e-02 -1.061324e-02 2.139760e-01 3.453694e-02 -2.069623e-01 4.342330e-02 -3.808939e-02 1.623474e-01 -2.848253e-01 1.439391e-01 -7.105794e-02 
-5.444606e-02 3.000172e-01 -2.111072e-01 -1.263875e-01 2.027663e-02 2.644419e-02 9.596264e-02 1.270549e-01 1.840183e-01 1.798634e-01 6.110250e-02 1.397423e-01 3.847297e-02 2.059088e-02 -1.864477e-01 -1.073290e-01 1.390441e-01 -1.363406e-01 -6.834626e-02 9.624578e-02 -1.717885e-01 -1.727724e-01 2.007928e-01 -1.144302e-01 4.230962e-02 -1.602153e-01 -2.330556e-01 -7.103922e-02 1.370802e-01 -1.504297e-01 -7.383273e-02 -1.386631e-01 -1.373399e-01 6.543360e-02 -9.578293e-03 -1.048176e-01 4.300307e-02 -5.466226e-02 -2.378713e-01 -1.108126e-01 -1.331088e-01 3.385669e-02 -8.257009e-02 8.497824e-02 -1.560323e-01 2.440486e-01 6.237504e-03 2.882217e-02 3.731108e-01 
-1.047714e-01 1.660531e-01 2.945237e-02 9.743558e-02 6.916328e-02 -1.028885e-01 -4.888682e-02 -1.562334e-01 -2.862373e-02 -5.597179e-02 -5.412531e-02 -1.962223e-01 1.008405e-03 1.979416e-01 -8.303545e-02 -1.310843e-01 9.357814e-02 2.154849e-02 -4.766558e-02 2.573976e-01 -6.262445e-02 1.676433e-01 1.273161e-01 -1.353880e-01 7.612332e-02 1.260960e-01 -1.809098e-02 -1.373047e-02 -2.480504e-01 -2.551280e-02 1.433817e-01 1.604694e-02 2.863278e-03 -2.662330e-01 -1.404234e-01 4.213286e-02 -1.338251e-01 -3.201520e-01 -9.647898e-02 -8.688274e-02 4.322647e-02 -1.373635e-01 -1.192677e-01 1.743254e-01 -3.982842e-02 1.301844e-01 1.411426e-01 -4.277259e-01 -1.853503e-01 
-1.204824e-01 1.971342e-02 -2.345587e-02 1.434677e-01 1.205409e-01 5.414599e-02 2.491539e-02 7.644416e-02 -1.568122e-01 -2.751343e-01 -5.754584e-02 2.390798e-01 -6.770474e-02 1.386763e-01 2.694974e-02 -2.072520e-01 1.110250e-01 1.590440e-01 7.554433e-02 1.029095e-01 -1.234240e-01 7.412810e-03 -1.391271e-02 9.256369e-02 1.611155e-02 5.643172e-02 1.774928e-02 -3.682625e-02 -2.302132e-01 1.498486e-01 -9.531476e-02 -2.074976e-01 1.424891e-02 -2.332456e-02 -2.433163e-01 1.947703e-01 4.425616e-02 4.145961e-01 8.384163e-02 -7.860204e-02 -8.838415e-02 2.980578e-02 5.005109e-02 1.875968e-01 -3.118944e-01 6.513258e-02 -2.474749e-01 8.342279e-02 6.436457e-03 
-2.228862e-01 -1.316265e-01 -7.441947e-02 1.457933e-01 -1.478041e-01 -1.899968e-01 -7.795036e-02 -2.863564e-02 6.860129e-02 2.448678e-03 -1.187731e-02 4.062173e-02 7.404827e-02 6.387923e-02 5.957603e-03 2.975971e-01 -8.871429e-02 -2.008772e-01 1.503958e-01 9.657889e-02 -6.189050e-02 1.144163e-01 -1.219204e-01 -1.792576e-01 -5.407545e-03 3.302727e-02 2.331665e-01 -3.448781e-01 -1.917809e-01 5.334237e-02 1.486003e-01 -1.239240e-01 4.760927e-02 -4.071314e-02 -1.135053e-01 -1.930515e-01 5.585628e-02 9.712619e-02 -3.567532e-01 -1.337041e-01 -3.316154e-02 3.034948e-03 -1.791309e-01 -2.106407e-01 2.776712e-02 -2.201606e-02 -4.395747e-02 2.161821e-01 4.296874e-02 
-6.635752e-02 -2.487221e-02 -1.596439e-01 -2.324072e-01 1.207180e-01 -1.519901e-01 1.666976e-01 -2.723106e-03 1.780794e-02 -2.108908e-01 5.229823e-04 3.897112e-02 -1.689848e-01 -8.359688e-02 -7.250725e-02 1.697191e-01 -1.197556e-01 -1.851310e-01 1.944229e-01 -2.433997e-01 1.990806e-01 1.106034e-01 1.064348e-01 1.111334e-01 1.253559e-01 -9.901003e-02 2.776424e-02 -7.775176e-02 -2.029410e-01 1.332425e-01 -1.212744e-01 9.863549e-02 7.641559e-02 1.334426e-01 -8.824833e-02 -4.189706e-02 2.701987e-02 -1.844120e-01 6.592876e-02 -3.060525e-02 -1.250997e-01 1.790350e-02 3.115490e-01 -6.953951e-02 -1.943427e-01 3.597571e-01 1.660883e-01 -6.512823e-02 -8.413828e-02 
-1.812905e-01 -8.340921e-02 -8.409487e-02 -1.485695e-01 -9.893169e-02 2.045800e-01 -1.957215e-01 2.628131e-01 6.266054e-02 -8.353583e-02 -1.889757e-01 -1.955496e-01 5.979031e-02 -8.822347e-02 1.704171e-01 -1.404967e-01 3.097278e-01 1.836559e-02 6.702973e-02 -6.127078e-02 -5.461554e-02 3.519767e-01 1.409852e-01 -3.131544e-02 -2.069086e-01 -1.877590e-01 1.102877e-01 1.254869e-01 -7.877473e-02 -1.092068e-02 -6.569755e-02 -5.978158e-02 1.754702e-02 -2.755075e-03 7.485362e-02 -3.866071e-01 8.174773e-02 -3.406147e-02 3.631862e-02 -7.818787e-03 3.098510e-02 -1.998243e-01 1.271858e-01 -1.328041e-02 -6.390065e-02 -9.846182e-02 -1.087741e-01 -6.010261e-02 5.927615e-02 
-7.158254e-02 -7.520274e-02 -1.068259e-01 4.191226e-02 -1.175843e-01 9.135329e-02 -6.660468e-02 -1.480852e-01 -7.421992e-02 -2.245798e-01 -1.173365e-01 -6.049433e-02 -7.254594e-02 -2.390683e-03 -3.230528e-01 -2.102838e-01 1.257229e-01 -4.596533e-02 -2.469423e-01 1.474399e-01 -7.293530e-02 1.607261e-01 1.916899e-01 -7.005672e-02 -8.261179e-02 4.135824e-02 1.651536e-01 1.997504e-02 7.591357e-02 -3.321781e-02 -2.540874e-02 2.388315e-02 -2.069356e-01 1.513186e-01 6.482763e-02 2.089962e-01 -1.758675e-01 -1.811908e-02 9.417375e-02 8.890295e-03 -1.117012e-01 1.355870e-01 4.337359e-03 -3.942698e-01 7.087283e-02 1.122977e-01 1.667484e-01 2.999913e-01 -8.358943e-02 
-9.623805e-02 6.413804e-02 1.248893e-01 -5.466169e-02 -2.563761e-01 1.526157e-01 -3.999527e-02 -1.937050e-01 -1.518552e-01 -1.101199e-01 1.976256e-01 3.796815e-02 -1.436626e-01 -9.702915e-03 -1.000634e-01 1.223277e-01 2.577604e-01 1.384870e-01 2.313288e-02 -7.711864e-02 3.294323e-01 -1.167938e-01 1.574100e-01 -3.970238e-02 -1.282388e-01 2.599149e-01 -1.140358e-01 5.781653e-02 -4.963896e-02 1.191549e-01 1.271552e-01 4.620442e-02 1.017292e-01 1.375509e-01 1.841618e-01 -1.763813e-01 -2.654161e-02 2.140356e-01 -1.365308e-01 -1.995232e-01 2.676028e-01 -1.088263e-02 -6.012147e-02 1.085537e-01 1.464058e-02 1.989892e-01 8.975223e-02 1.144049e-03 9.117035e-02 
-1.306672e-01 8.589502e-02 4.323016e-02 -1.608325e-01 -4.689967e-02 3.475861e-02 1.423463e-01 -2.319213e-01 2.490866e-01 -1.181500e-01 -8.951687e-02 2.261786e-01 1.713917e-01 2.545051e-01 8.572904e-02 1.793736e-01 -1.061751e-01 1.037381e-01 1.319696e-01 1.511207e-01 -8.333335e-02 9.187068e-02 9.085968e-02 8.916031e-02 2.879506e-02 1.290503e-01 1.852229e-01 3.246360e-01 1.844212e-01 -8.514915e-02 -3.956886e-02 -1.874643e-02 7.429769e-02 2.445102e-01 -7.256215e-02 -1.880911e-01 -2.384736e-01 3.236984e-02 -4.579989e-02 2.982692e-01 -1.269364e-01 -4.406067e-02 -8.656087e-02 1.184954e-01 4.001024e-02 5.393529e-02 -5.030211e-02 7.623570e-03 -7.521895e-02 
-1.318474e-01 1.211463e-01 6.544106e-02 1.943981e-01 -4.316161e-02 -4.352404e-02 -4.941615e-02 -1.813289e-01 1.305613e-01 -2.216786e-01 -2.058981e-01 -5.436620e-02 -3.269239e-01 6.049475e-02 2.217069e-01 -8.556905e-02 -2.138823e-01 -4.806943e-02 -9.459453e-02 -7.064507e-02 6.458736e-02 1.185762e-01 -1.994332e-01 -1.285602e-01 1.266828e-01 -1.194680e-01 -1.168999e-01 -1.207475e-01 3.766492e-01 8.003789e-02 4.492641e-02 8.098619e-02 -2.542531e-01 1.457157e-01 1.151941e-01 -6.744562e-02 6.745225e-02 7.503544e-02 6.883421e-02 -1.467892e-01 1.135014e-02 -1.769922e-01 -6.025332e-02 -9.295703e-03 -3.570195e-02 1.298999e-01 -1.846227e-01 -1.589825e-01 5.872861e-02 
-1.082639e-01 2.474466e-01 -3.495513e-02 2.145025e-01 -1.686083e-04 3.451151e-02 1.431135e-02 9.252441e-02 -1.913523e-01 -1.932751e-01 2.608203e-01 -8.340858e-02 1.441809e-01 -1.863368e-01 -1.521647e-01 -8.629853e-02 -1.795629e-01 -2.325903e-01 1.729230e-03 2.257327e-02 9.300483e-03 -1.614215e-01 2.393099e-01 1.064492e-01 4.177507e-02 7.108139e-02 1.767145e-02 -2.859939e-02 4.301198e-02 3.068094e-01 5.091378e-02 -3.631195e-02 -8.143101e-02 2.171670e-01 -1.397823e-01 -1.613885e-01 -7.898451e-02 -3.224846e-02 -2.233958e-02 1.100724e-01 -9.743738e-02 -2.011699e-01 9.013832e-02 -3.035683e-02 1.331999e-01 -3.425752e-01 -1.033242e-01 -1.437458e-01 2.558720e-02 
-1.486711e-01 1.926188e-01 9.988881e-02 4.522570e-02 4.191927e-02 1.540651e-01 7.822877e-02 -1.780017e-01 -1.335746e-01 1.308371e-01 2.577737e-01 1.192303e-01 1.764095e-01 -3.011343e-02 -1.029364e-01 -3.845187e-02 -2.575878e-01 -2.486167e-01 -9.780574e-02 -5.712976e-02 -9.418726e-02 2.681959e-01 -8.799032e-02 -1.423208e-01 -1.393627e-01 5.901819e-03 5.530236e-02 6.341387e-02 -5.778751e-02 -2.081808e-01 -1.500417e-01 -6.073120e-02 1.515120e-01 -3.049494e-02 2.752992e-01 -1.169948e-01 1.321868e-01 7.858003e-02 2.471737e-01 -2.772331e-01 -1.113509e-01 9.282829e-02 5.580239e-03 9.107002e-02 -9.935442e-02 -1.637973e-03 -2.391327e-02 -9.431260e-03 -2.042146e-01 
-1.804579e-01 -2.363193e-02 -1.517764e-01 2.805335e-01 -1.367952e-01 -1.487411e-01 7.240185e-02 -8.051007e-02 1.330176e-01 1.247244e-01 -1.140917e-01 -1.073337e-01 3.173945e-01 -3.913471e-01 -5.031695e-02 8.884860e-02 2.231695e-01 -8.264767e-03 1.195570e-01 3.854576e-02 1.316962e-02 3.338126e-02 -1.677798e-01 5.125969e-02 3.457056e-02 -7.070489e-02 1.729705e-02 2.360986e-01 2.056003e-01 3.467349e-01 2.691857e-02 -1.845013e-02 5.558625e-02 1.979044e-03 7.772124e-02 1.823321e-01 -6.287756e-02 -1.403002e-02 6.645335e-02 -9.530924e-02 -2.182438e-02 1.109913e-01 -6.791580e-02 1.483253e-01 -2.206475e-01 8.025624e-02 1.036281e-01 -2.760397e-02 -2.991563e-02 
-1.034833e-01 -1.195955e-02 -1.197715e-01 -2.418756e-01 1.278935e-01 -1.480544e-01 -8.218847e-02 -1.046315e-02 5.004645e-03 -1.915938e-02 2.538867e-01 5.118574e-02 5.199082e-02 1.360146e-01 5.112776e-02 1.857010e-02 1.999769e-01 -1.813987e-01 2.250463e-01 6.233912e-02 9.928077e-02 8.653477e-02 -2.157379e-01 -9.537049e-02 -2.469617e-01 1.309056e-01 5.005610e-04 -2.340113e-01 1.205404e-01 4.700663e-03 4.176507e-02 -1.348297e-01 -1.318774e-01 -3.282516e-02 1.854993e-01 2.711800e-01 -2.476767e-01 5.157025e-02 2.486330e-01 1.273824e-01 -4.283486e-02 -2.718530e-01 7.583852e-02 6.615947e-02 6.215936e-02 -5.877494e-02 8.598866e-02 -5.621653e-02 1.988588e-01 
-1.804592e-02 7.832660e-02 -2.705933e-01 -1.994211e-01 -4.628903e-02 -4.486466e-02 3.666927e-02 -9.873598e-02 -1.345050e-01 -1.892660e-01 6.652102e-02 -2.112752e-01 -1.725602e-01 -1.377153e-01 -1.080989e-01 2.657867e-01 1.767003e-01 7.277515e-02 -2.447200e-02 2.093758e-01 2.864468e-02 -2.049426e-01 -9.800822e-02 4.462165e-02 8.259927e-02 -1.955819e-01 3.456155e-02 -3.889608e-02 1.582787e-01 -2.811290e-01 1.534830e-01 -2.709596e-01 2.464051e-02 -6.751046e-02 3.836368e-02 -6.527592e-02 7.580651e-02 4.716250e-02 3.349332e-02 1.159098e-03 -7.535519e-02 9.662259e-02 6.912650e-02 5.653806e-02 2.165709e-02 -8.070760e-02 -2.577770e-01 -6.626653e-02 -3.552912e-01 
-2.203904e-01 4.053950e-02 1.039100e-01 1.287898e-01 -1.385697e-01 -7.771879e-04 -9.678469e-02 1.657684e-01 2.730232e-01 -1.679425e-01 2.284259e-01 -1.220593e-01 -1.950376e-02 4.232249e-02 5.015148e-02 7.302027e-02 2.308732e-02 2.238514e-01 -1.040444e-01 -1.334984e-01 -1.978577e-01 -7.812751e-02 -2.897674e-02 -4.002026e-02 1.600185e-01 4.014127e-02 3.377575e-02 -4.712847e-02 -1.013989e-01 -1.394780e-01 -1.168894e-02 1.564992e-01 2.546284e-01 4.818478e-02 2.443650e-01 2.391415e-01 -2.293213e-01 -1.128974e-01 -1.322963e-01 -1.237903e-01 -2.020115e-01 6.477422e-02 3.246103e-01 1.964045e-02 4.415575e-02 -4.561779e-02 -1.560102e-01 -4.549141e-03 1.149379e-01 
-1.242128e-01 1.811444e-01 -6.265216e-02 4.857320e-02 1.684765e-02 -4.989348e-02 -2.294226e-01 -1.415009e-01 5.012864e-02 1.411630e-01 -1.395285e-01 -1.560607e-01 1.120943e-02 1.453263e-01 -1.479503e-01 1.773788e-02 3.696216e-02 1.611232e-01 1.782596e-02 -2.552027e-01 2.086727e-02 -1.397869e-01 1.035593e-01 -1.845717e-01 2.116336e-01 8.900712e-02 9.843279e-03 -7.139749e-02 5.442426e-02 1.459298e-01 -1.614726e-01 -7.041169e-02 8.215964e-02 -2.930016e-01 3.983741e-02 -1.457052e-01 1.977829e-01 2.638061e-01 1.553925e-01 2.538061e-01 -2.848924e-01 -7.924695e-02 9.798421e-02 2.030820e-02 1.471665e-01 2.367944e-02 2.190437e-01 8.832964e-02 -3.800994e-02 
-1.795061e-01 6.560079e-02 2.167416e-01 1.410227e-01 8.877578e-02 1.153840e-01 3.375559e-01 8.503469e-02 1.441686e-01 1.274464e-01 1.169328e-02 1.377459e-01 -3.354685e-01 1.520039e-03 1.402015e-02 2.362696e-01 2.655222e-01 -1.639957e-01 -6.657846e-02 4.560056e-02 -3.542938e-02 1.572107e-02 2.711916e-02 -7.567540e-02 -3.165318e-01 -2.361235e-02 -5.068735e-02 1.340695e-01 2.269532e-02 1.942913e-01 -1.255403e-01 2.262717e-02 -6.028472e-02 -1.838202e-01 -8.358929e-02 1.233983e-01 1.221450e-01 -4.009116e-03 -1.137775e-01 8.437174e-02 -1.113293e-01 -5.319410e-03 1.119710e-01 -1.199047e-01 2.583641e-01 3.738617e-04 -9.062782e-02 -8.277155e-02 -1.613873e-01 
-1.170400e-01 -7.350290e-02 -4.638529e-02 -4.192332e-02 -1.178135e-01 -8.327704e-02 -4.447983e-02 1.795085e-02 -1.917407e-01 6.382665e-02 -2.409838e-01 1.801311e-01 -3.708701e-02 -8.077736e-02 -1.433460e-01 1.313184e-01 6.370719e-02 -1.429304e-01 -7.219996e-02 -3.726151e-01 -1.416668e-01 8.330494e-02 4.689434e-02 2.427995e-02 2.090351e-02 1.952571e-01 -2.274995e-01 -8.122172e-02 1.648604e-01 -2.158068e-01 -1.403121e-01 1.162105e-01 -6.511766e-02 -1.301317e-01 -1.029892e-01 -9.033401e-03 -3.601685e-01 1.272805e-01 -1.674864e-01 3.278022e-02 9.515325e-02 -5.319145e-03 3.199131e-02 3.293862e-03 -2.322184e-01 -2.437285e-01 -3.652698e-02 -1.486045e-01 -1.443904e-01 
-1.868273e-01 -2.140316e-01 1.650680e-01 -1.254462e-01 -1.960730e-01 -2.898257e-01 -1.726995e-01 -1.655847e-01 -1.128380e-01 8.753170e-02 -1.825669e-01 1.182234e-01 -4.370489e-02 -1.445311e-01 1.649064e-01 -7.261843e-02 -1.833111e-02 -1.008440e-01 -1.181836e-01 1.037684e-01 1.019860e-01 -1.946929e-01 1.047907e-01 -1.868143e-01 -4.171908e-02 1.855612e-01 1.387695e-02 9.362875e-02 -1.045357e-01 -6.158351e-02 -1.619882e-01 -2.412013e-01 -2.741632e-02 1.815242e-01 -8.180663e-02 5.413057e-02 1.714820e-01 -2.056480e-01 1.058524e-01 -1.090219e-02 -1.480877e-01 2.036603e-01 1.307190e-01 9.878014e-02 7.512578e-02 -7.749922e-02 -1.049213e-01 -1.622980e-01 1.853375e-01 
-1.361001e-01 9.145355e-02 -1.087661e-01 5.270405e-02 8.868919e-02 9.385202e-02 -4.681515e-02 -2.111550e-01 3.622391e-02 2.661593e-01 9.656240e-02 -2.706894e-01 -9.127220e-02 -2.025586e-01 1.123185e-01 8.357523e-02 -6.299420e-02 2.011995e-01 1.569146e-01 1.787523e-01 -2.002433e-01 1.178816e-01 1.009034e-01 1.385940e-01 -8.379429e-02 2.800894e-01 -7.648951e-02 -2.148613e-01 6.489465e-02 -1.467148e-01 -2.548615e-01 7.159706e-02 1.237786e-02 2.291410e-01 -1.848815e-01 1.267032e-01 1.998646e-01 -2.737682e-03 -1.738934e-02 5.759979e-02 2.295912e-01 -1.231788e-01 1.286986e-01 -8.533897e-02 -8.438137e-02 4.972246e-02 -1.858602e-02 7.273355e-02 -1.427667e-02 
-1.403747e-01 1.293522e-01 6.826300e-02 9.376094e-02 3.025261e-01 -1.866071e-01 1.426214e-01 5.529815e-02 -1.104750e-01 1.672400e-01 -1.283167e-01 -1.184757e-01 -2.055826e-02 1.251805e-01 1.451025e-01 -3.384195e-02 2.060780e-01 -1.933679e-01 -1.387701e-01 -1.927346e-01 -7.679733e-02 -1.105343e-01 -1.969728e-02 1.237964e-01 2.327037e-01 7.895730e-02 1.809392e-01 2.105672e-01 -1.487480e-02 -1.534570e-01 1.784184e-01 -2.761836e-01 1.410321e-01 1.927663e-01 1.643749e-02 -1.238904e-02 -8.043838e-02 7.790296e-02 6.933023e-02 -1.397925e-01 2.579450e-01 -1.460461e-01 7.757278e-02 -1.984440e-01 7.839278e-02 7.495358e-02 6.374120e-02 8.187104e-02 4.257289e-02 
-1.634642e-01 -4.426464e-02 -1.733587e-01 1.869072e-01 -1.950566e-01 4.801100e-02 -5.343197e-02 1.675039e-01 -5.112324e-02 1.321408e-01 1.449720e-01 1.091311e-02 -5.363335e-02 2.239475e-01 8.753647e-02 -1.460012e-01 -1.003969e-02 3.574792e-02 9.367917e-02 -3.894287e-02 -4.928550e-02 -2.318638e-01 -2.447172e-01 2.696996e-01 -1.231870e-01 1.888653e-01 -6.081551e-02 1.053070e-02 -5.960881e-02 4.394970e-03 -3.041442e-02 -5.646548e-02 -1.302079e-01 -1.678851e-02 1.183371e-01 -2.509823e-01 -4.613729e-02 -1.414367e-01 1.224576e-01 1.769113e-01 -6.511609e-02 2.175915e-01 -9.097157e-02 -3.058305e-01 -1.252678e-01 2.335453e-01 -3.037848e-02 -2.148213e-01 -1.251573e-01 
