  -1.5622090e-01  -2.0650972e-01  -1.1093610e-01  -2.7159501e-01   2.9389237e-01   3.1446117e-02  -1.9369952e-01  -7.4616837e-03   3.2132513e-02   3.0393038e-02   8.7941396e-02   3.5991402e-02   3.0134603e-02   1.4985527e-01   4.8452618e-02   1.8897087e-01  -5.5620352e-02   1.0122269e-01   1.3122323e-01   1.1941982e-01  -1.4320704e-02  -2.0511421e-01   8.7339505e-02  -6.7319860e-02  -6.8575308e-02   9.2006678e-03  -6.1319101e-03   2.3138710e-01  -4.8272883e-02   2.2371106e-01  -1.0648305e-01  -1.2757388e-01   5.7301549e-02   5.3129956e-02  -8.2764816e-02  -8.9238411e-02   2.0001945e-01   4.5128762e-01  -5.1688324e-02   6.4151836e-02   4.8129213e-03  -2.7365977e-02  -6.7783326e-03   6.3409919e-02   2.3528616e-01   5.6309881e-02  -1.3602832e-01  -1.1454643e-01  -2.1342885e-01
  -1.1389045e-01   1.7979476e-01   5.9004402e-03  -3.7822428e-02  -5.1635275e-02   2.8553837e-03   1.0088041e-01   1.5083885e-01  -2.5758712e-01  -7.3979212e-02   1.9394377e-01  -1.0320304e-01  -2.0172771e-01  -1.2791271e-01  -2.3418125e-02   1.4003404e-01   1.5531957e-02  -6.0445183e-02  -1.0498291e-01   2.6668450e-01  -1.4074238e-01   3.7784476e-02   3.3576573e-01   1.2435264e-01  -1.8177590e-02   8.0504826e-02   2.3251583e-02   1.0892194e-02  -1.5258530e-01   2.8951327e-02  -3.6055926e-01  -6.5373295e-02  -4.4585700e-02  -1.6252215e-03  -1.3678617e-01   2.1431640e-01  -2.2207425e-01  -1.2247173e-01   3.6510000e-02   9.2400535e-02  -1.9718705e-01  -2.5531974e-01   9.3717520e-02  -1.7109106e-01   1.1838101e-01   4.7900520e-02  -5.7069107e-02  -1.1733005e-01  -5.2064273e-02
  -1.3371074e-01   2.5890795e-01   2.4698848e-02   6.0514557e-02   1.1109453e-01  -1.2085845e-01   5.7565781e-02  -1.7105723e-01   1.8068106e-02   1.6285829e-02   5.3683826e-02   2.3883326e-01   1.9950662e-02   8.7043717e-02  -2.4589449e-01  -1.6839754e-02   2.0181633e-01  -2.8863019e-01  -2.0227201e-01   1.9807609e-01  -3.7671850e-02  -1.2041822e-01  -3.1998496e-03  -9.9953313e-02  -7.1918385e-02  -1.0422526e-01  -2.1684570e-01  -5.7265279e-02  -6.4401624e-02  -1.4764067e-01   1.5267300e-01   2.0320283e-01   8.9992702e-02  -1.4976377e-01  -1.1782039e-01   2.9895689e-01   2.7772143e-01   8.7957678e-02   4.8778765e-02   9.0100028e-02   5.7046555e-02   8.5320149e-03  -6.1494645e-02   4.2803572e-02  -1.0300740e-01  -6.8498828e-02  -2.6607358e-01   6.4669095e-03  -1.0411100e-01
  -1.3616891e-01   2.1595660e-01  -2.6318189e-02  -5.1743517e-02   7.8444025e-03  -2.3060872e-01   2.1624044e-02   1.2306243e-01   5.2396211e-02  -1.1238161e-01  -1.8585849e-01  -1.7557776e-02   1.8660241e-02   9.5788909e-02   3.5584796e-01  -6.3780231e-02   2.7823068e-01   1.6372055e-01  -1.0990829e-01  -2.4904565e-01   1.5439119e-01  -7.3851831e-03   1.4096769e-01  -7.4817218e-02  -3.9937762e-02   6.7228807e-02  -1.4966807e-01   2.7644127e-01   5.2754019e-02   3.9152223e-02   1.3183453e-01  -1.3858666e-01   6.9880331e-03  -2.0143701e-01   1.8792584e-01   1.0425803e-01  -2.7044111e-02  -1.1951353e-01  -2.1551787e-01  -3.6076951e-02  -3.8401897e-02  -9.2059255e-02  -1.3712063e-01  -1.9958082e-01  -8.9924100e-03   2.0507106e-01  -9.1980407e-02   3.7421328e-03  -1.7280851e-01
  -1.5111872e-01  -7.2527351e-02   2.4936639e-02  -8.2788176e-02   1.9611399e-01  -1.4866010e-01  -1.2643309e-01  -4.6197155e-02  -1.5938816e-01  -2.4400496e-02  -1.2274365e-01  -3.2773553e-02   1.3085822e-02   1.7328465e-01   2.0339149e-01  -5.7906547e-02  -2.7482149e-01   4.8801931e-02  -1.5792468e-01   2.8192672e-01  -2.8829501e-01   1.4360601e-01   1.0522427e-01  -1.3096908e-01   1.4912718e-01   2.8571604e-01  -2.1621401e-01  -1.9502118e-02  -1.1289759e-01   4.3652639e-02   2.1652793e-01   1.4580308e-01   1.1123022e-01   1.5577342e-02  -4.9795755e-02   4.3667001e-02  -2.1080449e-01  -3.3948166e-02  -3.6272023e-02  -1.0124943e-01   6.9644668e-02   1.8463886e-01   4.8215521e-02   1.3462696e-01  -1.2329393e-01   1.5119911e-01   1.0238077e-01   5.5977263e-02   1.8806903e-01
  -1.4779869e-01   1.3016862e-01  -2.9580526e-01   4.3681242e-02   1.7700838e-01   1.1946744e-01   7.8589545e-02  -1.5123731e-01  -1.5168076e-01  -1.3657080e-01   1.4211004e-01  -1.8805589e-01   1.1197097e-01  -2.1241831e-01   2.7774106e-01  -1.2183742e-01  -2.5010788e-01  -2.2892471e-02  -8.5749950e-02   1.2044455e-01   5.3388166e-02  -9.3704858e-02  -2.1371439e-01  -7.7606178e-02   1.0873020e-01  -1.5829931e-01  -1.9027833e-01   8.7709263e-02   2.6184622e-01  -9.2751277e-02  -2.0100073e-02  -1.9785753e-01  -9.6536040e-03  -1.7801065e-01  -8.7079491e-02  -4.7913804e-02   7.8265175e-02  -3.8584889e-02   8.1903355e-02  -3.4712298e-02   5.6241229e-02  -2.1195477e-01  -2.7048206e-02  -1.2058897e-02  -4.6407720e-03  -2.7882853e-01   1.3426465e-01   5.0110146e-02   8.2043853e-03
  -1.5140697e-01  -1.0593388e-02   5.9843827e-02  -6.4455919e-02   1.9878956e-01  -2.0954182e-01   5.1675159e-02  -9.6209682e-02   2.9554664e-01   3.2223238e-02  -9.5407504e-02  -1.7549523e-01  -9.3215464e-02  -1.1387641e-01   2.5047028e-03  -9.8912993e-02   2.5895684e-02  -1.0015017e-02   9.7010736e-02  -2.2549785e-01  -1.8934846e-02   7.0604945e-02  -9.1886401e-02   1.4163024e-01   1.9645195e-01   2.5922618e-01   1.4396393e-01  -2.3344083e-02   1.5771903e-01  -5.4237843e-02  -6.9321050e-03   2.2120451e-01   8.5933852e-02  -4.3114865e-02  -1.2517639e-02   2.3685181e-01  -8.5871243e-02   5.0135672e-02   1.6038914e-01   2.0944243e-01   1.5613649e-01  -3.1629373e-01   1.1377108e-01   2.0957324e-01   2.2686520e-01  -3.1325340e-02  -1.4580115e-02  -1.8111191e-01   6.0667327e-02
  -1.4129319e-01  -9.9241957e-02   9.7582143e-02  -1.8784028e-01   1.0556511e-01   1.2556943e-01   1.6940437e-01   9.6448513e-02  -1.6683255e-01   1.7700768e-01  -2.4254980e-01   1.4360858e-01   1.7982341e-01   1.3886144e-01   6.2981193e-03   1.4471348e-01   6.6354618e-02   8.5918235e-02   1.5477798e-03  -5.5978146e-02   4.2977149e-02  -2.4646942e-01  -7.3743574e-02   6.0942260e-03   3.7055442e-01   6.8017415e-02   1.3228141e-01  -1.9507682e-01  -1.0179301e-01  -1.5829317e-01  -9.6321149e-02   7.8594385e-02   2.1673549e-01  -3.5542936e-02  -1.2512072e-01   8.3764181e-03   7.9906281e-02  -1.8864008e-01   1.1893724e-02  -1.9532452e-01   6.5103321e-02  -5.7063006e-02   5.2213654e-02  -3.1839118e-01   8.6797237e-02  -1.2710872e-01   8.8463664e-02   1.0772266e-01  -1.3767936e-01
  -1.4718120e-01   1.0995793e-01  -7.9201704e-02  -5.4072754e-02  -1.2308859e-02   3.3176603e-01   2.8782013e-01  -1.0273345e-01  -1.6031284e-02   6.3335289e-02  -1.6626930e-01  -1.0518552e-01   4.5555771e-02  -1.0213200e-01  -2.9067191e-01   7.4175727e-02   6.2118552e-02  -7.7048631e-02  -1.3061572e-01  -1.3515026e-01  -2.3119269e-01  -6.5590035e-02   8.4161553e-02   1.2569839e-01  -1.7411773e-01   1.9631030e-01  -2.7126854e-02   3.3617196e-01   9.9633605e-02   1.7463173e-01   1.3789644e-01  -8.7988409e-02  -1.5983624e-02  -8.7814646e-02  -3.5137786e-02  -1.2076047e-01  -5.3125094e-02  -7.4262896e-02   9.3530683e-02   8.5905302e-02   2.1950909e-01   2.2452509e-01   1.7093074e-01  -1.6018100e-02   1.1424215e-01   6.9406128e-02   4.4494487e-02   1.9027507e-01  -6.9051501e-03
  -1.3963563e-01  -1.0059363e-01   4.1075008e-01   4.4787704e-02   1.5544284e-01  -9.3150873e-03   7.0654288e-02  -1.9165607e-01  -4.2581390e-02   4.3865830e-02   8.5362174e-03  -1.3323950e-01   1.6738779e-01  -4.6398893e-02  -1.2374977e-01  -1.1964419e-01   5.6244184e-02  -1.8131315e-02   6.8036314e-02   2.0183217e-01   1.8050473e-01   1.1961529e-01   1.5505779e-01  -7.7203543e-02  -1.5759213e-01   8.2368090e-02   4.4253804e-02   2.1625118e-01  -7.0338601e-04  -1.0083659e-02  -8.3021065e-02   1.2994822e-01  -9.8662130e-03  -3.7953807e-03   1.2597843e-01  -1.3046660e-01   1.6843058e-01  -1.1850804e-01  -2.1316005e-01  -9.1871937e-02  -1.5221315e-01  -1.2080454e-01  -2.4014817e-01  -3.3700694e-02   2.2838076e-01  -1.6535959e-01   3.4075879e-02   1.3281905e-01   3.1334113e-01
  -1.3065146e-01   1.7633074e-01   1.9958357e-02   8.4507846e-02  -9.4419276e-02   7.3306296e-02  -2.1478191e-01  -6.0173222e-02   9.4791633e-02   2.5343738e-01   3.9590700e-02  -7.2735738e-02  -1.9987072e-01   1.1472307e-01   9.5437701e-02  -1.1377240e-01  -2.0997264e-02  -1.5616712e-01  -8.8463165e-02   1.1136228e-02  -6.7239731e-02  -1.9987064e-01   3.1843679e-01  -1.8360852e-01   3.5173074e-02  -3.0832185e-01   2.9603052e-01   7.1180978e-02   2.5143023e-01  -1.7247432e-01   1.3961076e-01   4.1039457e-02   1.5229869e-01   1.9220698e-01  -4.9779802e-02  -2.0537699e-03  -7.3256433e-02  -2.3028039e-03   3.4704052e-02  -6.3390379e-02   2.4526510e-02   5.3921264e-02  -7.2750569e-02  -3.0001741e-02   1.9261054e-01   1.2392355e-01   2.6928335e-01  -3.5171316e-02  -1.9869539e-02
  -1.2667595e-01  -1.4043035e-01  -6.1708018e-02   5.2117541e-02  -2.9921603e-02  -2.3564356e-01   4.2398123e-02   1.4170216e-01  -5.7039129e-03   1.1160983e-01  -4.2410685e-02   1.5124146e-01  -1.5093787e-01  -2.4990691e-01   4.6485909e-02  -1.1505244e-01   9.9606437e-02   1.0983276e-01   3.7277534e-01   2.6396134e-01  -1.3188908e-01   2.7211898e-03  -9.5399318e-03   3.0630609e-03  -8.7659632e-02  -8.8542165e-02   2.0341738e-01   1.7366315e-01   1.6783619e-01   8.0035276e-02   1.8449560e-01   6.8836975e-02   1.8265965e-01  -1.9006120e-01  -4.4356148e-02  -3.3543383e-02   6.9421323e-02  -3.9370650e-02   3.4236302e-02  -2.4434348e-02  -2.0324935e-01   2.4654191e-02   3.5284186e-01  -1.0784809e-01  -2.0958680e-01  -9.2236395e-02  -5.5785647e-02   1.3652816e-01  -1.1097256e-02
  -1.3213055e-01  -5.6667350e-02   6.3945480e-03   2.0842755e-01   1.8763331e-01  -1.5770915e-01   2.2871659e-01   1.1188024e-03  -6.5258525e-02  -4.1731021e-02   2.3670773e-01   3.1457717e-01  -2.4703977e-01   6.8644146e-02  -1.3210978e-01  -4.3374901e-02  -1.0439923e-01  -4.9866741e-02   1.0464248e-01  -1.1904620e-01   1.0529569e-02  -3.1356805e-01  -7.2014316e-02  -1.1186508e-01   1.6309127e-01   1.9112877e-01   2.3752947e-02   6.5499869e-02   1.1340815e-01  -1.5759646e-01  -3.6490165e-02  -6.6493418e-02  -2.3970520e-01  -4.1295184e-02  -3.1076268e-02  -3.0897232e-01  -2.1056029e-01  -9.0681712e-02  -1.4319689e-02  -1.0482258e-02  -6.6783015e-02   4.2512661e-02  -1.6224126e-01   5.3808611e-02   8.0175010e-03   2.0045628e-01  -1.5438652e-01  -1.9454767e-02   5.3862007e-02
  -1.3916297e-01  -3.1571328e-02   2.4025481e-01  -6.1662717e-02  -7.8715096e-02  -4.8888012e-02  -1.2862743e-01   1.6956481e-01  -7.9518305e-02  -2.9453419e-01   1.3012212e-02  -3.5915420e-01   4.1385988e-03  -1.8882014e-02  -2.4537478e-01   2.2312419e-02   4.0039733e-03   1.1499740e-01   1.1854619e-01   8.6685847e-02   9.3297527e-03  -8.7534597e-02  -1.6955276e-01   1.3279948e-01   1.0787505e-01  -1.7845129e-01   1.5486868e-03   2.5170299e-01  -5.6167526e-02  -3.6597650e-01   1.0369660e-01  -6.7177393e-02  -6.8336798e-02   6.0911593e-02  -1.9646467e-01   4.7388814e-02   6.8962731e-02  -7.7546033e-02  -1.8357665e-01  -7.6918788e-02   2.1653235e-01   9.0345717e-02   8.1023043e-02   7.9731812e-02  -1.0608187e-01   1.5660595e-01  -3.7092718e-02  -1.5637795e-01  -5.9876002e-02
  -1.4114415e-01  -4.5622873e-02  -3.7779120e-02  -2.4237654e-03  -1.1413734e-01  -3.6125248e-01   9.5631568e-03   2.8652319e-02  -2.4878646e-01   1.7530227e-01  -1.1141538e-01   3.7418462e-03  -5.4495368e-03   4.9610817e-02  -1.8770581e-01   5.6851003e-02  -2.2014783e-01   7.3415611e-02  -1.0564014e-01  -1.2146569e-01  -5.6674851e-02   3.2581761e-01   1.1825726e-02   7.1117423e-02   3.0284776e-02  -2.8050845e-01   7.1181167e-02   8.4941440e-02  -4.2155429e-02  -4.2769000e-02  -3.6028095e-02  -1.2883739e-02   8.1128331e-02  -2.2015300e-01   6.2115125e-02  -1.5837905e-01  -1.8746523e-01   1.0160111e-01   7.0536618e-02   1.4836537e-01   1.2228027e-01   1.3080258e-01  -2.7474991e-01  -3.2264098e-02   1.3011047e-01  -2.7713468e-01  -9.4097881e-02  -4.8814926e-02  -1.5753296e-01
  -1.4447505e-01  -1.5537375e-01  -1.1338036e-01  -2.7886220e-01   6.6932117e-02   1.1584391e-01  -9.9988792e-02   1.0099196e-01  -1.0058103e-01   8.1670303e-02   6.2439487e-02  -6.7450013e-02  -3.2469040e-02  -3.9359804e-02   2.1351061e-01  -1.3590554e-01   3.4573463e-01  -7.7355276e-02   9.9334705e-02  -1.3856460e-02  -1.2199647e-01   8.1706601e-02  -1.5695415e-01   1.6088648e-02  -2.6899791e-01  -1.7440119e-01  -6.6353800e-02  -2.6989359e-01  -2.0339467e-02  -1.4086511e-01   1.3342698e-02   1.9223428e-01  -2.4909716e-01  -1.5610876e-01  -1.8519960e-01  -1.0577005e-01  -1.4972615e-01  -6.1869139e-02   1.3143870e-02   5.7108970e-02   9.4172379e-02   5.2478993e-02  -1.1352751e-01  -2.1723872e-02   2.3735326e-01   1.5301772e-01  -1.0886875e-01   1.4893140e-01   1.2076548e-01
  -1.4799939e-01  -1.5366614e-01   1.1582661e-01  -3.6961117e-02  -2.4906386e-01   1.1798976e-02  -1.3007151e-01  -1.4051375e-01  -1.9760106e-01  -1.2676131e-01   1.2745544e-01   6.4594246e-02  -1.0464395e-01   1.8787698e-01   3.3344787e-02  -2.7114229e-01   6.0737558e-02   1.6007719e-01   1.2499732e-01   5.6935069e-03   2.9107827e-02  -1.1996507e-01   2.6338697e-02  -1.4224584e-01  -5.2483513e-02   2.2468313e-01  -2.1578954e-03  -1.3154261e-02   7.2134890e-02  -3.3988289e-02  -6.5904086e-02  -1.3436461e-01  -1.7145750e-01   1.4812300e-01   1.8324612e-01   3.1161209e-01  -2.5309276e-03  -7.7722825e-03   1.5976187e-01   2.4017787e-01   2.1565416e-01   1.4720668e-01   5.4717949e-02  -1.0324542e-01   2.0310430e-02  -2.9576019e-01   2.8277858e-02   1.8445846e-01  -1.0635723e-01
  -1.5366257e-01  -5.5585651e-02   6.0554574e-02   2.7399752e-01  -2.2269227e-01   4.6542345e-03   2.5758397e-01   9.6203754e-02   2.4470211e-01  -9.4969155e-02  -1.4701087e-01  -6.7351606e-02  -9.3477840e-02   6.9404046e-02   1.9754467e-01  -2.3868529e-01   1.8806715e-02  -1.8324890e-01   1.0874226e-01   7.0119255e-02  -2.1007534e-01  -7.5050349e-02   6.0324913e-02   7.6415861e-02  -2.6556046e-02   4.8020470e-02  -1.9888453e-01  -1.3227191e-01  -2.1543823e-01  -5.8585676e-02  -2.2203216e-01  -1.4574639e-02   1.0947635e-01  -7.4746069e-02  -3.9351628e-02  -2.1183402e-01   7.2722582e-02   1.7655141e-01  -2.5831473e-01   9.5187877e-05   6.7358812e-02   5.9217497e-02   1.9362489e-02   1.2618630e-01   1.0196874e-01  -1.3956723e-01   1.5971970e-01  -2.5643481e-02  -2.1872153e-01
  -1.4768962e-01  -2.3902231e-02  -3.5962582e-02  -2.3660267e-01   4.3329546e-02   1.1237309e-01   2.5997091e-01   1.5860950e-01   1.1189620e-02  -8.0719426e-02   3.7618190e-01  -7.7870528e-02   2.6204143e-02  -8.4342347e-02  -1.3002237e-01  -6.4537856e-02   8.0113415e-02   1.2646025e-01  -2.0124260e-02  -7.0625180e-02   7.0356771e-02   6.3351200e-02   2.5409745e-01  -5.3618921e-02   2.3295163e-02   3.2383861e-02   5.0313866e-02  -1.6001106e-01  -1.9301451e-01  -1.2156011e-01   3.9568790e-01   5.2770006e-02   1.0777083e-03  -5.5247186e-02   2.6158303e-01  -6.8734364e-02  -5.0046772e-02   1.9411508e-01   1.0696300e-01  -1.6407673e-01  -8.8437811e-02  -8.5277270e-02  -3.2612250e-02   1.5915548e-01  -1.0128011e-01  -1.0630798e-01   1.9449649e-01  -1.9550158e-02  -1.6934937e-01
  -1.1144152e-01  -2.0452296e-01  -1.7167562e-01   9.2723334e-02   2.1201374e-01   7.6412662e-02  -1.5775817e-01   4.6294687e-03   6.9087388e-02   1.1517601e-01   1.0051623e-02   5.5196943e-03  -9.3708835e-02  -1.4482306e-01   1.2605501e-02  -1.6663860e-01   2.5935781e-02  -3.0230465e-01  -6.0075505e-02   4.6775714e-02   3.6247241e-01  -5.9132361e-02  -1.3478699e-02   2.4164265e-01  -2.1892772e-02   2.8088883e-02   1.6223801e-01   1.2618894e-01  -3.1616978e-01   1.3655063e-01   3.0556063e-02  -9.8429277e-02   1.0125761e-01   8.4463151e-02  -3.6361252e-02   1.5148223e-01  -2.8207820e-01  -1.2669527e-01  -1.2897137e-01  -8.7317623e-02   1.7285171e-01   4.5379249e-02  -1.3409456e-01   4.4800286e-02  -1.9180309e-01  -1.0702564e-01  -5.4332828e-02   1.1326529e-01  -1.2078655e-01
  -1.5090627e-01  -2.9648718e-02  -2.4018936e-01  -8.6542903e-02  -2.5178699e-01  -3.0543392e-02  -1.9657730e-02  -1.7063598e-02   8.5019382e-02   2.3012990e-01   1.7601504e-01   7.3970185e-02   2.9135090e-01  -3.0448382e-01  -6.7710621e-02   2.5508223e-02  -1.5855257e-01   3.2262685e-02   2.3530377e-02  -9.0468131e-03  -8.3287117e-02   4.9004445e-02   1.4940423e-01  -1.4515017e-01   1.4086774e-01   8.4476229e-02   6.5814938e-02  -6.4795569e-02   9.9740990e-02  -7.3851121e-02  -1.9613078e-01   1.0810246e-01  -8.0340845e-02   2.4683832e-02   1.1403987e-01   8.5759517e-02   1.1165388e-01  -1.2998774e-02  -4.2995998e-01   7.1057910e-02   2.4726843e-01  -5.4329198e-02  -2.9713723e-02   2.6511345e-02  -1.3609459e-01   2.1023078e-01  -1.0587784e-01   1.2805919e-01  -9.8893248e-03
  -1.4835201e-01  -1.0521871e-01   7.8707082e-02   1.1018978e-01  -5.1650773e-03  -8.9145272e-02   1.2032732e-01  -3.9319361e-03   1.0257085e-02  -8.1368125e-02  -9.1242097e-02   1.5693045e-01  -5.5328661e-02  -1.4262292e-01   5.2321458e-02   9.9315980e-02  -5.3615417e-02   2.1406097e-01  -3.8718630e-01   2.9723531e-02  -3.2693187e-02  -8.4564846e-02  -2.6488678e-01  -1.5439263e-01  -3.7600465e-01  -5.1691449e-02   1.5808032e-01   5.7994122e-02  -4.9421032e-02   8.8234684e-02  -2.5390901e-04   2.9892909e-01  -1.9935149e-01   2.2337534e-01  -5.0395800e-02  -6.5776000e-03  -7.7086572e-02   9.4588193e-02  -6.1382832e-02  -8.6180751e-02   1.5039878e-01  -2.1283883e-01   5.1962645e-02  -1.1219622e-01  -6.5664372e-02  -2.0745986e-02   2.0738136e-01  -1.1071466e-01  -1.2332117e-01
  -1.4159943e-01  -2.1123523e-01   7.4267292e-02   1.3625009e-01  -1.3772630e-02   2.8815057e-02   8.2823037e-02  -1.3869017e-01   2.9049559e-01  -6.0485144e-02  -1.1130245e-01  -2.7458266e-01   1.3377052e-01   1.0444975e-02   6.2200782e-02   6.6837085e-02  -2.6938458e-01   1.2309475e-01  -3.0402637e-02  -1.0896048e-01  -4.5938106e-02  -1.2756895e-01   2.1703006e-01  -2.7512345e-02   1.5821528e-02  -1.9263022e-01  -1.9051957e-02  -1.2377379e-01  -5.6770264e-02   2.4651267e-02   1.2053865e-01   5.5349563e-02  -2.0640210e-01   6.9467271e-02  -1.6971141e-01   9.0977306e-02  -7.0260080e-02  -7.8231962e-02   1.5452641e-01   5.3053514e-02  -2.8587781e-01   1.5876748e-03  -2.1858844e-02  -7.3460493e-02  -6.3322701e-02  -9.6999930e-03  -3.7184976e-01   2.6119776e-01  -1.4241553e-01
  -1.4963054e-01   2.5384122e-02  -2.5679688e-01  -2.4890701e-01  -2.0331498e-01   1.9981096e-01   5.1649984e-02  -5.8962690e-02   8.9386185e-02  -1.2459497e-01  -2.9668249e-01  -6.4725070e-02  -1.0103491e-01   2.1796021e-01  -1.5638935e-01  -2.6153859e-02   3.6493540e-02   2.1763629e-02   5.7334103e-02   2.3560495e-01   1.1515326e-02  -8.4019049e-03  -5.8637245e-02  -1.7623916e-02  -5.3317634e-02   1.6646054e-01   1.5456358e-01  -9.7319197e-02   2.4986840e-01   3.4976994e-02   4.8076057e-02   2.3519130e-02   2.3809751e-02   3.8945372e-02  -5.7306008e-02  -7.6110370e-02  -9.7127132e-02  -4.8713207e-02  -1.2677886e-01   5.7370998e-02  -1.7280194e-01  -9.9131034e-02  -3.4540148e-01   1.2364569e-02  -2.5331204e-01  -1.4012113e-01  -1.0122263e-01  -2.6712128e-01   3.4890425e-02
  -1.5112965e-01   1.0764448e-01   1.8123504e-01  -7.8246829e-04  -2.9408100e-01   8.1794955e-02  -1.2090176e-02  -3.4271639e-01  -1.9115243e-02  -9.6733972e-02   5.4878145e-02   1.2785273e-01  -8.4037021e-02  -2.7643940e-02   8.9128557e-02   1.7035429e-01   4.1782235e-02  -8.8512570e-02   8.1373443e-02   7.1876959e-02   1.1699084e-01   2.4433574e-01  -1.6620180e-01   1.4861729e-01   1.7997356e-01   5.4332534e-02   4.2192387e-02   2.5622822e-04   1.2362958e-01   6.2062069e-02   7.4431708e-02  -3.1830444e-02  -3.8569247e-02  -6.6000810e-02  -9.7262458e-02   5.8132177e-02  -1.9245030e-01   3.6316449e-01  -3.1705790e-02  -3.9449432e-01  -2.3743899e-02  -4.9082582e-02   8.6979808e-03  -3.6365100e-02   1.1164581e-01   1.2419149e-01  -7.9756291e-02   2.1900158e-01  -9.9902827e-02
  -1.3375864e-01   2.6160802e-01  -7.3809270e-02  -5.7781194e-03  -4.8974867e-02  -6.5174340e-02  -3.8691383e-03   1.7716341e-01   2.2592712e-01  -8.7795403e-02   2.4623047e-01   2.4131534e-02  -1.0505723e-01   7.2694753e-02   3.4913978e-02  -3.5243127e-03  -2.0004951e-01   1.3644061e-01  -3.5307195e-03   5.2713176e-02   1.0891002e-01   1.7183968e-01  -1.4634552e-01   1.6096090e-01  -9.9795515e-02   1.8264781e-01   5.2337788e-02  -5.0713010e-02  -1.2646310e-01  -2.8448567e-02   1.2298651e-01  -2.1593840e-03   2.6187015e-01   2.3094056e-01  -1.8446881e-01  -1.8045295e-01   2.3145345e-01  -5.7977306e-02   9.9231817e-02   1.9902716e-01   8.6561232e-02   2.2299142e-03  -1.5742822e-01  -2.8268528e-01   9.0732204e-02   8.3599623e-02  -2.5443440e-02   2.6816004e-01   8.3999344e-02
  -1.4931341e-01   6.5153552e-02   2.4160265e-01  -7.8341352e-03   1.0532147e-01   2.4120171e-01  -9.2993551e-02  -1.5619219e-02  -4.3604507e-02  -3.7872388e-02  -7.1446449e-02   6.5603198e-02  -2.7790968e-01  -3.1792302e-01   1.3397872e-01   2.8256612e-01  -9.7754515e-02   9.5605092e-02   4.5097703e-02  -2.1414408e-01   6.7746763e-02  -4.9546242e-02   1.1822583e-02  -5.5269271e-02  -2.7259397e-02   2.9125914e-02   2.1938156e-02  -9.0195025e-02  -3.9633742e-02  -6.7983593e-02  -4.5388411e-02   2.9466168e-02   8.3447024e-02  -2.4790402e-01  -7.7598140e-02   1.5297891e-01   6.9370647e-02   1.2778557e-01  -1.4501740e-01   2.9702535e-01  -1.4819652e-01   2.8030892e-01  -1.8709913e-01   4.8108386e-02  -1.8968192e-01  -3.9194330e-02   1.9159532e-01   1.3932880e-03   1.0742955e-01
  -1.3814458e-01  -6.8218324e-02  -8.2423067e-03   3.6128520e-02   1.1948772e-01  -6.5146318e-02  -6.4289666e-02   1.0927022e-02   1.4415717e-01  -2.6672637e-02  -2.7734744e-01  -7.2239601e-02  -1.5002801e-01  -7.4469334e-02  -5.3406166e-02   2.1421515e-01  -5.8516930e-02  -8.5042617e-02  -4.8636644e-02   2.6499475e-01   6.7186080e-02  -6.0638214e-03   4.1101661e-02   1.9132215e-03  -1.5377238e-01   8.7134390e-03   5.3970017e-02  -2.4415868e-01   1.8615780e-02  -2.5458794e-01  -1.0989682e-01  -2.9559541e-01  -5.0746002e-02  -1.1513004e-01   4.7157427e-01  -7.1714503e-02   8.7595871e-02   5.4489905e-02   2.4810626e-01  -9.3275081e-02   1.9655554e-01  -4.7478095e-02   4.8408953e-02  -9.4100893e-02  -4.2598149e-02   1.9988078e-01  -3.9412611e-02   8.1645709e-02   7.0773314e-02
  -1.2377719e-01  -8.2586046e-02  -5.1375078e-02   2.5203809e-01  -4.0788839e-02   1.1768136e-01   1.0190865e-01   1.9577199e-01  -5.5697919e-03   1.1139278e-01  -1.0071232e-02  -5.6603151e-02   1.8853109e-01   1.4021383e-01   1.2358495e-01   1.8920801e-01   1.6065897e-01  -1.0645217e-01   1.6372574e-01   1.1702552e-01   2.6876226e-01   1.4766735e-01   1.0781797e-01  -3.4307600e-02   1.5796541e-01   2.7674216e-03  -1.6725963e-01   2.4316595e-01   7.1555887e-02  -5.5301689e-02  -7.9014677e-02   2.8500613e-01  -1.4292196e-01   6.2102402e-02  -4.3217102e-02  -5.3614343e-02  -7.1142439e-02   1.9661335e-01   3.0629978e-01   2.0495499e-01   1.1037538e-01   1.1393505e-02  -4.7088197e-02  -1.2640792e-01  -2.4543984e-01   7.8482999e-02   1.3454387e-01  -7.4670448e-02   6.3967612e-02
  -1.5021212e-01   5.3663667e-02   2.5191489e-01  -1.6534067e-01  -2.9682278e-02   8.9606169e-02   2.9138170e-01  -1.0891282e-01  -6.2946532e-02   1.6936894e-01   3.8134729e-02   1.8270574e-01   1.1645399e-01   1.7472544e-01   2.9509814e-01  -2.1794746e-02  -2.0054852e-01  -1.9153464e-01   1.9523123e-01  -5.6275575e-02  -1.3547853e-01   1.1804658e-01  -7.3100724e-02   7.9679492e-02  -1.2111072e-01  -1.8824343e-01   1.8219842e-01   6.4005005e-02  -1.7827939e-01   4.8450375e-02   1.0910145e-01  -2.6309879e-01  -8.2854381e-02   6.7151398e-02   4.5889493e-02   8.5990903e-02   1.0770698e-01  -1.3147613e-01   5.1196636e-02   1.1311165e-01   9.6106134e-02  -1.5200328e-01   6.5259136e-03   8.6744865e-02  -1.8677831e-01   1.1826162e-01  -5.2535349e-02  -2.2302905e-01   8.7580196e-02
  -1.3961615e-01  -6.2386586e-02  -3.3124120e-02  -4.0775476e-02   1.2010679e-01   6.7680871e-02  -1.3124032e-01  -1.4646932e-01  -2.5982776e-02   2.1469477e-01   6.4176139e-03   6.6574447e-02  -1.7340688e-01   5.5706418e-02  -1.9090961e-01  -3.3648360e-02  -1.3845353e-01   3.4458666e-02   2.0212288e-01  -2.1012878e-01  -9.2000008e-02   7.8966124e-02  -7.1625164e-03   2.8809226e-01  -1.6896686e-01  -6.4520707e-02  -5.1690002e-01   8.4839923e-03   1.2057515e-01  -1.2955712e-01  -4.0347962e-02   1.0377849e-01   5.2114310e-02   2.1338189e-01   1.3870558e-01   4.0268512e-02  -1.2512127e-02  -7.3001740e-02  -7.7329966e-02  -1.1114654e-01  -1.4718254e-01  -1.7172587e-01   2.5609438e-02  -1.8740710e-01  -1.2567855e-01   4.6521325e-02   1.5897104e-01  -3.3585942e-02  -1.5217306e-01
  -1.5320016e-01   8.6520545e-03   1.0874327e-01  -8.8244022e-02   1.3245526e-01  -1.7596592e-01   7.6060121e-02  -2.6033774e-02   2.8278815e-01   6.2187946e-02   2.1783061e-01  -2.3427946e-02   6.8993129e-02   1.6112210e-01  -4.2728861e-02   2.7042276e-01   1.3235359e-01   6.3649727e-03  -1.5284600e-02   2.0129466e-02   1.6747566e-01   2.1531245e-01   1.9900854e-02  -1.9321737e-01  -1.5184202e-01  -1.8995159e-02  -8.0741768e-02  -1.7163828e-01   2.5256015e-01   6.8378498e-02  -1.6322539e-01  -2.2363197e-01   4.0344744e-02   8.9174624e-03  -2.2500981e-01  -2.6081679e-02  -1.5428150e-01  -2.6461438e-01  -8.7919329e-02  -5.3920277e-02   5.9750474e-02   2.0650758e-01   2.0318944e-01   1.3511511e-01  -8.0622707e-02  -1.5277253e-01   1.3885266e-01  -3.1375799e-02  -1.2718896e-01
  -1.3998558e-01  -1.7194737e-01   1.3793268e-02  -7.5252818e-02  -2.8974002e-01   9.1472443e-02  -1.4705470e-01   4.1859824e-02   3.4854352e-03  -3.5580506e-02  -8.3408556e-02   2.8423735e-01  -1.7339711e-01   4.3593817e-02   8.4617254e-04   6.4127090e-02  -3.3691099e-02   8.2100824e-02  -2.2359565e-01  -1.5790237e-02   2.8979138e-01  -5.2520484e-02   2.2069895e-01   9.8786593e-02   9.6244327e-02  -1.2624812e-01  -2.1987782e-01   1.1903160e-02  -2.5634872e-02   3.3585168e-02   1.3313842e-01  -1.4221135e-02  -1.1642847e-03  -9.6707324e-02  -9.3739344e-02  -2.0955660e-01   7.3584683e-02  -1.5253192e-01  -2.5141846e-02   1.2903312e-01   8.4269850e-02  -2.8477360e-01   2.5875490e-01   2.6393489e-01   9.1974597e-02  -7.4828692e-02  -5.3951567e-02   1.8028716e-02   2.3944426e-01
  -1.3255696e-01  -3.2270526e-02   1.2222835e-01  -1.6956041e-01   1.1253995e-01  -6.5395754e-02   1.6162731e-01  -7.1683382e-03  -1.9783617e-01  -2.4638007e-01  -3.3827391e-02  -5.9691419e-02   1.9097210e-02  -1.1467715e-01   9.2386467e-03  -2.3898615e-01   1.6541344e-02  -2.1966550e-01  -1.6938842e-01  -1.0607388e-01   1.7543858e-01   1.0376040e-02   4.5784214e-02   4.9323150e-02   1.0408849e-01  -1.8278215e-01  -9.7301932e-03  -2.0039723e-01   2.2933398e-01   1.7486876e-01  -8.2693952e-02   6.2121168e-02   1.8579867e-01   2.8928293e-01   1.2189219e-01  -1.6516541e-01  -1.7816182e-02   1.9165388e-01  -1.0005565e-01   1.6355090e-01  -3.6988629e-02   1.8925269e-01   2.2318199e-01  -1.8986083e-01  -9.5977034e-02   1.1460213e-01  -1.6484330e-01  -6.9896454e-02   7.3914930e-02
  -1.4146008e-01   4.8907202e-02   3.4043087e-02  -3.1616122e-01  -1.0853562e-01  -9.8758800e-02  -1.8713608e-01   4.4254941e-02   1.5982153e-01  -2.7870639e-02  -1.4030035e-01   4.2728605e-02  -1.5692040e-03  -1.3244868e-01  -1.6398828e-01  -1.6045262e-01  -3.2390768e-02  -3.0596255e-01  -5.1797347e-02  -5.9260761e-02  -5.2788898e-03   1.0570824e-01  -1.9998824e-01  -3.2520434e-01   1.8767652e-01   1.5363661e-02  -4.2054772e-02   1.7977258e-01  -2.2372936e-01   5.0853314e-02  -1.3923808e-01  -5.6683873e-02  -1.9038287e-01   1.4936972e-02  -2.7165366e-02  -1.0523485e-01   6.6612382e-02  -6.4689549e-02   1.9967520e-01   6.9138292e-02  -3.0653685e-01  -3.5663447e-02   3.3481036e-02  -7.0769251e-03  -3.5925991e-02   8.1041224e-02   2.4174607e-01   1.2237889e-01  -1.3461298e-01
  -1.4716942e-01   3.6192748e-02   4.6275758e-02  -8.0700737e-02  -1.7015218e-02   2.3590503e-01   3.4843355e-02   2.9625163e-01   2.5410534e-01   5.2640974e-02   1.2514908e-01   1.5635888e-01   6.7464188e-02   1.1866842e-01   6.8243675e-02  -1.1113812e-01  -9.8070354e-02   1.3841607e-01  -2.3865204e-01   8.4594179e-02  -4.6920723e-02  -1.5158115e-02  -2.2663210e-01   1.5389238e-01   2.3686299e-02  -1.1473751e-01  -5.5319330e-03   2.2168856e-01   1.0108453e-01  -1.1099209e-01  -2.6321079e-01   1.1900605e-01   7.6453226e-02  -4.5890130e-02   2.8816363e-01   1.9336509e-01  -1.1760453e-01   2.8697864e-03   6.3987537e-02  -1.2419723e-01  -2.0070755e-01   2.3873338e-01   4.9026597e-02   1.4944872e-01   8.3921010e-02  -6.2578969e-02  -1.7588448e-01   4.7233314e-03   1.2429024e-01
  -1.4030022e-01  -7.6651868e-02   3.1428609e-02  -2.0744573e-02  -1.2079170e-01  -1.0767287e-01  -8.5876532e-02   1.9022829e-01  -7.5703389e-02  -2.0151476e-01   1.4773877e-01  -1.2505231e-01  -9.6490530e-02   9.4691233e-02  -5.0156016e-04   1.2098565e-01  -1.1584441e-01  -2.2828701e-01   7.0206957e-02  -1.9331070e-01  -8.5757655e-02  -1.4159545e-01   5.3932324e-02   6.6618845e-02  -4.9752764e-02  -1.6483289e-02   2.7813042e-02  -4.6586085e-02   1.3986438e-01   4.2318044e-01  -1.2354000e-01   2.4977918e-01   2.4625107e-02  -1.7912053e-01   5.9108361e-02   6.2338194e-02   2.6372867e-01  -1.7749636e-01   1.7983825e-01  -3.2917758e-01   1.5416463e-01  -2.1308007e-03  -1.9485828e-01   6.1915422e-02  -1.0089424e-01   7.2025636e-03   3.9374742e-02   2.8456042e-02   4.4656287e-02
  -1.5044757e-01   1.2053563e-01  -1.4813723e-02   5.3217019e-02  -1.5125816e-01  -1.4856347e-01  -2.0841309e-01  -2.0661856e-01  -1.6426100e-01  -7.7232259e-02   6.9516604e-02  -3.3903525e-02   4.1760105e-01   5.0694182e-02   6.4754180e-02   1.2613590e-01   4.8629582e-02  -3.0442227e-02   3.3632647e-02  -2.0628531e-02   5.1770804e-02  -3.0590940e-01  -9.5336987e-02   2.0736919e-01  -2.2973540e-01   1.0563522e-01   1.0433196e-01  -5.1921527e-02  -6.8743507e-02  -1.0502893e-01  -5.9021831e-02   1.0305428e-01   2.3468653e-01  -5.8485971e-02   1.2341864e-01  -1.8691540e-01  -1.8446550e-01  -6.3369091e-02   9.4448239e-02   1.7957436e-01  -2.1914112e-01  -2.9650238e-02   7.7512304e-02   2.2358619e-01  -5.6307948e-02   1.1499298e-01   1.0609922e-01   5.3582766e-02  -9.3995023e-02
  -1.5416759e-01  -7.4957600e-02  -1.4941565e-02   1.0202085e-01  -1.8913816e-01  -5.2420057e-02   2.1928831e-02   2.7999745e-01  -4.8890212e-02   3.6376631e-02  -6.0509145e-02   8.2748850e-03   1.4171814e-01  -2.3355473e-01  -3.9529305e-02   2.1283829e-01   1.2129701e-02  -1.8393836e-01   1.4580759e-01  -9.1871266e-02  -4.3154700e-02  -1.2181911e-01  -1.4441440e-01  -2.7067032e-01  -9.6082369e-02   5.6974045e-02  -2.4294762e-01  -4.1677157e-02  -9.7160720e-03   2.4267077e-02   2.3243008e-01  -2.0749559e-01   2.1744878e-01   2.8028342e-01   3.1417898e-02   1.8091499e-01  -1.7589965e-01   4.9018600e-02   1.5747356e-02  -7.7743277e-02  -6.2920945e-02  -3.2292151e-02  -9.8325289e-02  -2.1226381e-03   2.4545516e-01  -1.2209041e-01  -1.1827891e-01  -1.1016912e-01   2.3019967e-01
  -1.4877207e-01   3.1291027e-01  -1.6427382e-01   4.0864431e-02  -4.8647315e-03   3.4313280e-02   1.0127041e-03  -8.1941262e-02  -2.7609878e-02  -3.3892281e-03  -1.3521952e-01   5.5323773e-02   3.3113753e-02  -9.5263311e-02  -1.9159721e-02  -9.0711940e-02  -2.3560696e-01   1.0582285e-01   2.7500343e-01   8.4858396e-02   3.4130067e-01  -4.7052949e-03   5.0967591e-02  -4.7675698e-02  -5.7085099e-02  -3.0574446e-03  -2.4924522e-02  -1.1924950e-01  -1.6976239e-01   1.1529410e-01   4.8161858e-02   2.1093297e-01  -2.1151902e-01  -4.1236818e-02   4.8492481e-02   3.2972318e-02   4.1930871e-02  -1.5487367e-01   3.1943277e-02  -1.3269919e-01   1.7227060e-02   3.0549014e-01   1.7189149e-01  -2.7334081e-02   2.9281563e-01   2.9854991e-02  -2.6949113e-02  -3.3726951e-01  -7.2584948e-02
  -1.4690154e-01   1.9190209e-02   1.1190855e-01   2.8121279e-01   1.1026557e-01   1.7590795e-01  -7.8518783e-02   1.5512768e-01   8.3242197e-04  -3.4959789e-02  -1.9645895e-03   4.7689963e-02   1.5074849e-01   1.3358833e-01  -3.0561594e-01  -1.9735337e-01  -2.1326236e-03   1.8036558e-01   6.2730377e-02   1.1804269e-01  -1.9403044e-02   2.8588561e-02  -1.3878592e-01  -5.4675409e-02   9.5987869e-02  -1.9599590e-01  -2.4699093e-03  -2.2341079e-01   4.7214723e-02   3.7448650e-01   6.5184908e-02  -1.4491988e-01   4.5919222e-02  -2.1772719e-01   3.4315781e-02   1.3752202e-01  -1.3777387e-01   1.9840830e-02  -8.1205032e-02   1.9522307e-01   1.6280509e-02  -1.9769310e-01  -5.6762629e-02  -2.0593601e-02   6.9528009e-02   2.7392306e-01   1.8710625e-01   6.7933796e-02  -3.7504193e-02
  -1.3055105e-01  -2.0868507e-01  -5.5003246e-02   2.6646149e-01  -6.9347071e-03   2.7880562e-01  -1.8942920e-01  -4.2937733e-02  -1.0024775e-01  -7.2770205e-02   8.5050408e-02  -9.3835223e-03   4.5036772e-02   6.4342785e-02  -2.4780024e-02  -1.5008729e-01  -2.6447078e-02  -4.4060989e-02  -1.1406270e-01  -2.5640356e-01  -1.9444238e-02   3.1756122e-01   1.1360924e-02  -2.6799028e-01  -1.4779882e-01   2.0745170e-01   1.4553240e-01   1.8803380e-02  -3.9221332e-02  -1.8321911e-01  -6.7436270e-02  -3.5073075e-02   2.3693303e-01  -1.7759219e-01  -1.1726581e-01  -6.2159892e-02   1.1858224e-01  -2.4473941e-02   8.3989642e-02  -1.2953045e-01  -6.0116812e-02  -5.0898751e-02   1.7050795e-01  -1.0779443e-01  -3.5569062e-02   9.1996574e-02  -2.1728371e-01  -2.5272371e-01  -6.7385435e-02
  -1.4834636e-01   2.6006751e-03   3.4912167e-03   1.1020882e-01   1.1410867e-01   4.8791127e-02  -3.0208229e-01  -8.5724745e-02   2.2085254e-01  -2.5943550e-01   1.1861832e-01   2.0551035e-01   1.6402996e-01  -9.1146184e-02   5.2560363e-02   1.6541846e-01   1.8146980e-01  -8.8462080e-02  -1.7811006e-02   1.2490455e-02  -3.4518571e-01   6.7617967e-02   7.0269832e-02   1.8884828e-01   2.3153217e-01  -4.1123930e-02   6.7024983e-02  -5.1251398e-03  -3.6448521e-02   5.3731515e-02   1.5880069e-01  -8.6585732e-03  -1.8636002e-01   3.6206724e-02   1.6235461e-01  -1.5646782e-01  -1.9179632e-02  -1.2763468e-01  -7.3515138e-02   6.6803215e-02   3.1960883e-02   6.8237399e-02  -9.0101606e-04  -2.8263624e-01   4.3842056e-02  -2.5913298e-01   2.0073704e-02  -2.2001050e-01   4.8646495e-02
  -1.4816317e-01  -1.9246549e-02  -1.0104540e-01   5.1376082e-03  -1.6162994e-01  -1.1069866e-01   5.6285367e-02  -3.1355595e-01   1.0731963e-01   2.6265109e-01   1.9629655e-01  -2.9164355e-01  -1.5482256e-01   6.7541077e-02  -5.0928914e-02  -1.4927670e-02   2.0054822e-01   2.0639711e-01  -8.8757967e-02  -4.8030894e-02  -1.7985386e-02  -1.8686855e-01  -1.6126722e-01  -6.2860372e-02   1.2575804e-01  -8.4872303e-02  -7.8673624e-02  -3.2980740e-03  -3.0694630e-01   1.6421915e-01  -8.6289304e-02  -6.5817777e-02   7.5917833e-02  -1.0963570e-01   4.4426663e-02  -3.9653151e-02  -8.0984916e-03   8.1960204e-02   2.4858441e-02  -6.2103729e-02  -5.7101231e-03   6.8208764e-02   6.6447233e-02  -2.0987500e-01  -1.3696407e-01   2.7732260e-02  -1.6258889e-03  -1.7470230e-01   3.6873196e-01
  -1.4227136e-01  -1.2900670e-01  -2.9144836e-01   4.0590222e-02   2.2583267e-02  -2.2205118e-01   8.0872759e-02   3.4983638e-02  -1.3239884e-02  -1.2670552e-01  -9.0681158e-02   1.3533399e-01   1.7843168e-01   1.4372423e-01  -1.0309984e-01  -7.7933498e-02  -2.4021240e-02  -4.4221488e-02  -7.0226465e-02  -1.5472265e-01   4.1825047e-02   2.7188442e-02   1.3844362e-01   2.5332975e-01  -1.0007386e-01   4.3604601e-03   1.4061814e-01  -3.2100526e-02   2.3435576e-02  -1.3784142e-01  -2.1871362e-02  -1.8765651e-01  -1.9308750e-01  -2.7457032e-02  -2.3033523e-01   2.7456764e-01   1.4550035e-01   2.1477590e-01  -5.5103885e-02  -1.0349602e-01  -1.9309534e-01   1.0773693e-01   3.8814316e-02  -5.1200286e-02   4.7431574e-02   3.1134767e-02   3.0381169e-01   2.9802739e-02   3.2666415e-01
  -1.4389235e-01   4.0113912e-01   1.2944920e-01   2.5848443e-02   1.1706785e-01   1.1377698e-02  -1.9499500e-01   1.2102314e-01  -2.2118113e-02   8.0111097e-02  -1.6070481e-01   8.8147443e-02   1.1813077e-01  -1.2158604e-01  -4.0577580e-02  -2.0785838e-01   1.1362375e-01   2.3033309e-01   8.4009505e-02  -1.4496563e-01  -9.9758053e-02  -3.7255570e-02   1.7967749e-01   4.9544245e-03  -4.4576759e-02   1.2575802e-02  -3.9544281e-04  -6.7160213e-02  -3.5006283e-02   4.1207113e-02  -2.0896825e-01  -1.1823900e-01  -7.3256366e-02   1.5361932e-01  -1.8316734e-01  -1.6447675e-01  -6.8928040e-02   1.8469047e-01   1.7637254e-01  -2.3261369e-01   1.4237180e-01  -9.5136105e-02  -4.0803372e-02   1.5212672e-01  -2.6365315e-01  -1.6854509e-01  -1.5739742e-01   6.4592981e-02   1.4424776e-01
  -1.5507549e-01  -1.9347100e-02  -2.9131330e-01   1.4668319e-01   1.0190779e-01   4.2070235e-02   1.4821946e-01  -1.8589728e-01  -1.3141315e-01  -2.3626113e-01  -1.0071714e-01   6.0638027e-02  -1.4107039e-01   1.8617784e-03   1.3309153e-02   1.4310566e-01   2.6213031e-01   1.7998904e-01   1.0659452e-01  -4.8897337e-02  -9.8404064e-02   2.1226752e-01  -1.6416071e-02  -1.0830341e-01   1.4832513e-01  -2.3473067e-01   6.9658347e-02   6.2353512e-02  -1.4111651e-01   8.5451178e-03  -1.4965129e-01   3.6764932e-02   1.5083753e-01   3.2534029e-01   1.1464545e-01   6.1076482e-02   1.3395691e-01  -1.8592180e-01   4.4305340e-02  -9.0533737e-03  -3.9801003e-02   2.8254593e-02  -8.1706626e-02   3.3329326e-01   6.3616080e-02   9.5130642e-02   8.9975869e-03   1.6881029e-01  -4.9821189e-03
  -1.4481848e-01  -1.2577390e-01   1.0020764e-01   1.3966405e-01  -7.0320151e-02  -5.2918992e-02  -2.6062749e-02   4.8000227e-02  -1.4097443e-01   3.3109823e-01   1.0503629e-02  -6.7000683e-02   1.0577212e-02  -2.1226517e-01   9.3533096e-02  -7.3995129e-02   1.6956773e-01   1.0617247e-01  -2.6135008e-01   1.3326964e-01   3.1414695e-03   4.2299308e-02  -7.5629313e-02   2.4913223e-01   1.2534342e-01   1.9150428e-01  -4.2919455e-02  -1.2585313e-01   1.6728991e-01   1.0056978e-01   1.0230489e-01  -1.6968341e-01  -1.3900139e-01   1.4478931e-01  -5.9388486e-02  -3.5081012e-02   3.2614748e-01  -9.0593245e-02   1.4213638e-01  -1.0626293e-02  -1.6911855e-01   1.5027766e-01  -1.7253676e-01   1.7569340e-01   4.1450408e-02   1.1315560e-01  -2.7398110e-05  -1.8244934e-01  -2.1626412e-01
  -1.4562333e-01   2.2480888e-01  -7.5603531e-02   1.6051815e-01   1.0026805e-01   3.0408904e-02  -9.9776339e-02   1.9979020e-01  -1.9164323e-01   2.0621683e-01  -1.8427411e-02  -2.5767249e-01  -1.4380162e-01   2.8595591e-01   1.1301144e-02   1.7390865e-01  -1.5329514e-02  -1.5887568e-01  -3.6046650e-02  -1.0575989e-01   2.9779436e-03   5.5192963e-02  -1.7893010e-01  -3.0755133e-02   4.5454741e-02   8.7476193e-02   1.4973900e-01  -6.6921887e-02  -1.9283075e-02   2.9620724e-02   1.1787950e-01   4.9670638e-02  -2.6844467e-01   6.7543584e-02   1.6072367e-01  -4.5493548e-02   1.1227905e-01   8.6901660e-02  -3.0338886e-01   5.9947271e-02  -1.4307151e-01  -9.0531348e-02   2.8270729e-01   9.1567333e-02  -2.1478359e-02  -2.1104837e-01  -1.0234406e-01   1.8909486e-01   1.9366171e-02
