  -1.2981452e-01   2.8052253e-01   9.5578878e-02  -1.1911040e-01   1.8034637e-01   9.0893810e-02  -1.3329614e-01   2.7323491e-01   4.9930811e-02   9.1206738e-02   2.1173154e-01   1.0377224e-02   1.7486146e-01   1.6796042e-01  -2.6677604e-01  -4.2941002e-02  -4.4121611e-02   1.2870377e-01   6.9102411e-02   1.4317819e-01  -3.8477363e-02  -1.5144651e-01   9.4269695e-02   3.3036971e-02  -8.4341855e-02  -4.0720410e-02   4.9876762e-02   1.1116240e-02  -1.6210673e-01   1.4838738e-01   6.1054249e-02  -3.3472422e-02  -3.1500744e-02   8.1513503e-03  -1.5334993e-01   2.3468764e-02   7.0309633e-02  -7.2106341e-02  -4.0151001e-01  -2.5985874e-01  -1.9054201e-01  -7.4510679e-02   1.1314085e-02  -4.4311114e-02  -7.1818809e-02  -2.5181122e-01  -1.6024536e-01  -1.0158404e-01  -7.1703444e-02
  -1.6597562e-01   8.7749879e-02  -1.3150191e-01   1.3467871e-01   1.3597573e-01   7.7517284e-02  -7.2723608e-02   1.7390377e-01   3.5815753e-02  -1.5483173e-02   1.1985224e-01   7.4014561e-02  -1.1852588e-02  -5.6849334e-02   1.9535453e-01  -7.2369954e-02   3.1183483e-01  -1.5455854e-01   7.9572029e-02  -2.4773337e-03  -6.3127252e-02   3.0216751e-02   1.8056702e-01   1.5988912e-01  -1.9699530e-01  -1.8611954e-02   4.2176563e-02   2.9036696e-01   3.2562890e-02  -4.4552367e-02  -6.2181381e-02   3.3162343e-01  -2.2706182e-01   4.7179139e-03   2.1941796e-02   7.1920196e-02  -1.2201631e-02   1.4421938e-01   9.9920352e-02  -2.6375569e-02  -1.6887989e-01   4.0581166e-02  -3.0174449e-02  -2.7260689e-01   2.0141271e-01   1.0225467e-01   2.7980963e-01  -9.7188658e-02  -1.8834002e-01
  -1.2935462e-01  -1.4348983e-01   9.9069748e-02   1.1386582e-01   4.0020038e-03  -9.7758702e-02   1.6735426e-01  -1.5902919e-01  -2.3043785e-01   6.4407976e-02   2.0460586e-01  -2.7844641e-01   7.2966163e-03  -1.5569689e-01   1.3333356e-01   7.2760071e-02  -1.6436271e-01  -1.6014810e-01   1.0217151e-01   3.1767074e-01   8.0818256e-02  -2.0508054e-02  -8.8462816e-02   2.7265772e-01   4.1655924e-02  -1.6825830e-01  -7.8621612e-02  -1.2439370e-01   1.5278167e-01  -7.5131422e-02  -6.1478833e-02   1.3605964e-01  -1.2056701e-01   1.7484157e-01  -2.5634809e-01   9.0697724e-02  -1.1225339e-01  -9.5301519e-03  -9.1220614e-02  -6.2457144e-02   1.6046346e-01   3.8686214e-03  -1.0056053e-01   4.7009345e-04  -1.7807178e-01  -1.5539272e-01  -4.0754218e-03  -6.5092096e-02  -2.3864625e-01
  -1.3410268e-01   5.7508782e-02  -1.3333394e-01  -1.5810327e-01  -3.5991129e-01  -8.5149645e-03  -4.4313090e-02   2.7939522e-01  -2.0312288e-01   1.2302070e-01  -2.9657014e-02  -1.4921696e-01  -6.0297303e-02  -8.8697922e-02   5.7153699e-02  -1.3720818e-01  -1.7414422e-01  -2.3708269e-01   2.6528625e-01  -2.8923476e-01  -5.6239018e-02  -1.7574144e-01  -9.8072750e-02   1.4210975e-01  -1.6614073e-02  -5.9685949e-02   1.6886492e-01  -1.6430359e-01  -1.9530646e-01  -5.1759662e-02   7.3799730e-03   8.4151586e-02  -2.0234954e-02   5.0167333e-02  -2.6037473e-02   2.6480722e-02   1.1578025e-01   1.2938475e-02   1.7602816e-01  -3.8943319e-02  -2.2217162e-01   1.6272588e-01  -8.3967136e-02   1.5513264e-01  -2.4873081e-03  -1.9167861e-02  -5.0476546e-02  -1.6762100e-02   2.0221019e-01
  -1.5105078e-01  -1.0631766e-02  -4.1712886e-02  -2.3405693e-01   2.7573757e-01  -1.0485012e-01  -4.3455111e-02  -5.4429942e-02   1.2357432e-01   1.8490681e-01  -9.1063267e-02   1.6926375e-02  -3.0959767e-01   8.1011066e-02   5.9391849e-03  -7.0987129e-02   9.1187070e-02   4.4427628e-03   3.1506094e-01  -5.1721577e-02   9.0137330e-03   4.7517977e-02   1.8378994e-01  -1.5954698e-01  -1.1768839e-01   1.0205912e-01  -3.6688889e-01  -2.7475989e-01  -2.1689081e-02  -1.1018090e-01   1.9482264e-01  -1.1725369e-02   7.2234718e-03   8.6640944e-02  -2.4078574e-01   1.2327076e-01  -5.8746516e-02   6.0341614e-03   1.4654355e-01   2.9892184e-02   1.2199168e-01   9.6134778e-02   1.6860075e-01   4.9228881e-02   1.5470711e-01  -1.3928099e-01   7.6776529e-04   6.4228447e-03  -3.5912355e-02
  -1.4782905e-01  -7.8588237e-02   7.1818521e-02  -1.4574164e-01  -1.5285089e-02  -5.6347496e-02  -2.5999556e-01   1.8127052e-01   2.1512095e-02  -1.0203931e-01   2.0588930e-02  -6.8033082e-02  -1.5854201e-01  -3.7129391e-01   9.4935761e-02   1.6691036e-01  -9.2797525e-02  -5.4212090e-02  -1.8108771e-01   3.9160994e-03  -1.1949870e-01   3.7226549e-01   1.9967799e-01  -8.7020596e-02   6.5432970e-02   1.5060005e-01  -5.7874313e-02  -4.7439352e-02  -1.3314271e-02   2.1722287e-01   5.6053639e-02  -2.7719629e-02   4.9636169e-02   6.6449084e-02   5.4007877e-02  -1.0755881e-01   1.1601817e-01  -7.0135079e-02   7.4278962e-02   3.2542861e-02  -2.8074293e-02   5.0107439e-02  -2.3159411e-01  -2.0874817e-01  -1.0920323e-01  -7.8147196e-03  -2.8707753e-01  -2.0694351e-01  -1.1557284e-01
  -1.2282329e-01   1.4272731e-01   2.3725923e-01   1.3183791e-01   4.5036934e-02   1.3923909e-01  -4.1991202e-02   9.0222952e-03   1.8744722e-01   2.8180546e-01  -1.0333165e-01  -7.3396072e-02   1.4252930e-01  -7.0772115e-02   6.2441260e-02  -1.2793359e-01  -4.8962665e-02  -1.5329390e-01   7.9906208e-02  -1.1815335e-01   5.3999575e-04   1.5805466e-01  -1.1112460e-01   7.3041511e-02   2.3552299e-01  -5.0361597e-02   1.4839483e-01  -2.3971742e-02   1.5082181e-01   1.7630964e-01   1.7609658e-01  -8.3672880e-02  -1.1794806e-01   2.0799627e-01   3.0737967e-01  -2.2262006e-02   1.3269176e-03   5.6560658e-02   2.4809436e-02   2.3558025e-01   4.4439812e-02  -1.8145286e-01   1.7702949e-01   4.0713828e-02   1.8968380e-01  -3.0929694e-01   7.0874798e-03   8.3733545e-02  -1.0946332e-01
  -1.4039792e-01   4.2327747e-02   1.3876593e-02   8.4081632e-03   6.1530748e-02   2.8439466e-04   1.1054073e-01   1.9008889e-01  -1.1062956e-02  -2.4234663e-01  -1.1613712e-01   2.2984315e-02  -1.2208992e-02  -6.2056396e-02  -2.7224375e-02  -9.9065972e-02   1.0575426e-01   3.4222606e-01   5.0333497e-02   5.2496050e-02  -4.8528650e-02  -7.2947567e-03  -1.0862916e-01   8.3621923e-02  -4.0659238e-02  -1.4050128e-01  -2.1359277e-01  -1.6413954e-01   4.3729394e-02   1.5370990e-02  -6.1451012e-02   2.2369530e-01  -6.2385472e-02   6.8441476e-02   3.3746991e-01  -1.2459752e-01  -1.9854006e-02  -1.1786038e-01  -1.9750652e-01   1.0730396e-01   1.4504262e-01   2.1267804e-01  -3.1443923e-01   3.3306800e-01   2.1520629e-01  -3.4998058e-02   2.2225721e-02  -8.3959421e-02   1.2354875e-03
  -1.2986169e-01  -1.3365491e-01  -1.4361188e-01  -4.2719220e-02  -2.1167428e-01  -7.7624873e-02   2.0321586e-01   7.6650298e-02   2.0017375e-01   2.9149711e-01  -2.0307198e-02  -7.5769395e-02  -1.2680286e-01   1.1801217e-01  -3.2364469e-02  -5.9500939e-02   1.0023146e-01   1.0090907e-01  -1.7943905e-01  -2.2089848e-02  -1.7255046e-01   5.3683995e-02  -3.8657980e-02   7.3712143e-02   2.8300312e-01  -2.8297292e-02  -1.5038954e-01   1.0623122e-01  -1.4472031e-01  -7.4000453e-02  -1.8153993e-01   2.9564817e-02   1.1167036e-01   2.2229883e-01   7.6491025e-02   1.3607956e-01   2.6836746e-01   2.0468753e-01  -1.8727419e-01  -1.6448109e-01   1.9893247e-01  -5.1570515e-02   1.4634960e-01  -8.4376693e-02  -1.5096156e-02   1.0148636e-01   2.8837060e-02  -2.5798778e-01   2.2399577e-02
  -1.4425675e-01   6.1371780e-02  -2.1703243e-01   7.8089020e-02   1.2452585e-01  -1.6010758e-01  -6.4711466e-02   1.0081682e-01   3.4752893e-02  -1.3532220e-01   1.5007805e-03   1.4398640e-01   1.7275300e-01   2.8964843e-01   2.7615251e-01  -4.0172267e-03  -1.4826282e-01  -5.8108054e-02   1.3022876e-01  -2.7598284e-02   2.3828040e-01   2.0533229e-02   2.9980372e-02   7.8894928e-02   1.9227103e-01  -4.6899695e-02   2.0940714e-02  -1.9723270e-01  -1.6866415e-01   3.0578245e-01  -1.1867509e-01  -1.8921091e-01   9.6394472e-02  -1.4336724e-01  -1.0359402e-01  -1.5700994e-02   6.0615872e-02   1.0655537e-02   1.8887387e-02   2.0747647e-01   1.9907866e-01  -6.7896453e-02  -1.2583653e-01  -8.7363629e-02  -6.5393361e-02   2.9722621e-02   2.6298248e-01  -2.2050298e-01   7.0369648e-03
  -1.3719957e-01   2.6899777e-01  -8.1207635e-02  -1.3007352e-02   2.8549063e-03  -1.5738287e-01   1.7121053e-01   1.4880419e-01   2.2350627e-01   3.4983563e-02   2.7028288e-02  -9.0061114e-03  -1.3565662e-01  -2.0766574e-01   2.7032074e-02  -9.2413475e-03  -2.0456730e-01  -3.8921308e-02   7.5589991e-02   4.4982943e-02  -1.3165796e-01  -1.8488185e-01  -1.1210192e-01   5.4451165e-02  -1.8649268e-01   1.2194266e-01  -1.6152291e-01   8.2987325e-02   4.0748440e-01   2.3682184e-01  -1.9253162e-01  -2.5295585e-01   1.0554279e-01  -1.8714532e-01   1.0251889e-01   1.8119172e-01  -7.0117569e-02   1.1089118e-01   3.8145432e-02  -1.3148787e-01   7.9547025e-03  -9.0411104e-02  -3.7037845e-02   4.3921422e-02  -4.3703090e-02   1.4560804e-01  -5.6344078e-03   1.6373912e-01  -2.3996771e-02
  -1.3317894e-01   2.7716697e-02   6.6793753e-02   2.0784108e-04  -4.1103335e-03  -2.8737031e-01  -1.7668827e-01  -1.8733279e-01  -1.8706557e-01  -3.5642220e-01   7.5728933e-02   1.1657941e-01  -1.8106362e-01  -2.5865617e-02  -5.3238106e-03  -2.2868721e-01  -5.0835862e-02  -2.0938184e-02  -2.5378737e-02  -6.7187531e-02  -9.9658963e-02  -7.0285013e-02   9.6655886e-02  -5.4161245e-02   5.4786013e-03  -2.0409741e-02   7.2922624e-02   9.0367742e-02  -2.7117648e-01  -8.2044957e-02  -8.9673357e-02   1.7475944e-02   3.6850428e-02  -4.4967654e-02   2.3393556e-01   1.7609016e-01   4.4572323e-02   3.3567602e-01  -2.8096116e-02  -3.2602345e-02   1.1852125e-01  -1.5182433e-01   5.2121391e-02   8.8016913e-02  -8.9514748e-02  -2.9466056e-01  -4.5335469e-02   1.9838238e-01  -1.8350049e-01
  -1.2068600e-01  -8.9297164e-02  -1.8251739e-01   3.2338367e-02   1.3164065e-01   1.1630006e-01  -2.5107683e-01  -2.7637451e-01   1.9080423e-02  -5.5138811e-02  -2.8481284e-01  -1.3005253e-01  -9.0580630e-02   1.4735375e-01  -2.5078641e-01  -6.6906931e-02   3.8607882e-02   7.9054796e-02  -1.4574429e-03  -7.7526817e-02  -6.4138147e-02   3.8155035e-02  -1.6621274e-01   1.3537015e-01  -8.3413610e-02   5.1492360e-04   1.7867032e-01   3.8340724e-02   2.5701776e-01  -2.5074229e-02  -3.9878039e-02  -9.3169610e-02   2.4514354e-01   1.8131273e-01  -9.9262560e-02   2.5416744e-01   1.4202022e-01  -2.3857214e-02   1.7616512e-02   5.9752891e-02  -2.1385832e-01  -1.9082695e-02  -3.3792953e-01  -2.6849573e-02  -4.4684710e-02  -9.5143345e-02   1.0034800e-01  -1.0841734e-01  -7.4727912e-02
  -1.6108245e-01   2.5255534e-01   8.2856741e-02  -2.0700955e-01   2.7911495e-02  -2.6654437e-01   2.8802086e-03  -8.6515969e-02  -1.7789187e-01   6.4685079e-02  -1.2449401e-01   1.0617507e-01  -1.3328365e-01   1.4850188e-01   8.6686224e-02   1.3408376e-01   1.0473015e-01  -1.2081633e-01   2.6427990e-02  -9.1030882e-02   6.6590046e-02  -1.4049370e-01  -3.0633286e-01  -1.2751417e-01   6.1381016e-02   2.1455690e-01   1.2345709e-01   1.3314048e-01   1.0475952e-01  -1.8397408e-01   1.0744625e-01   3.4314285e-03  -1.6695435e-01   1.2706244e-01   6.7621632e-02  -2.0331292e-01  -2.0008560e-01  -1.1403091e-02  -2.0074850e-01  -3.7463984e-02   1.2339308e-01  -1.0797974e-01  -2.0911809e-01  -2.3735134e-01   5.5895840e-03   6.5482379e-02  -7.8403036e-02  -1.5389114e-01   1.1159834e-01
  -1.4403674e-01  -1.3141794e-01  -5.6070546e-02   1.2376845e-01  -4.1514528e-02   1.1223239e-03  -3.1504364e-02   2.4172034e-02  -2.8969518e-01   2.5829605e-01   1.9151502e-01  -1.8516683e-02  -8.1618363e-02   1.9466151e-01   1.2515723e-01  -2.6919504e-01  -8.4854903e-02   2.8526532e-01  -6.3160361e-02   7.2764275e-02  -2.6578870e-01  -9.4935565e-03  -7.2942692e-02  -2.1912022e-01  -2.4550668e-01   7.3235783e-02   1.9415149e-01  -6.9639666e-03   1.1125997e-01   2.0305057e-01  -1.0623371e-01   1.5627876e-01   1.7544235e-01  -1.7798204e-02  -5.5826110e-02  -1.9692787e-01  -1.2940701e-01  -7.5642813e-02   1.3339685e-01   1.6715174e-01   8.3833545e-02  -1.1551358e-01   1.3166642e-01  -1.8591141e-02   6.6015852e-02   7.1403323e-04  -1.1288507e-01  -8.8869025e-02  -3.1591025e-02
  -1.5142000e-01   2.6447432e-01  -4.4309424e-02  -2.3237450e-01  -1.6029305e-01  -3.0154063e-02  -6.6963369e-02  -3.0952039e-02  -7.8447211e-02   4.4880102e-02  -2.2725672e-01   1.0314090e-02   1.1363277e-01  -1.4829842e-01  -2.5993583e-01  -1.1102811e-01   7.7618851e-02   2.0363053e-02  -1.1513244e-01   2.0717730e-01   7.1177389e-02   1.0441844e-01   4.4896077e-02  -6.8681486e-02   1.0607108e-01   1.7290626e-02   1.6037639e-02  -3.8985562e-01   5.1726993e-02  -9.7005362e-02  -2.8647118e-01   1.8085873e-01  -8.7680726e-03  -7.4600986e-02   2.0081356e-02  -6.8948461e-02  -1.1795475e-01  -2.4388142e-03  -7.4313287e-03   1.3929586e-01  -1.6093996e-01  -9.5604126e-02   2.2202826e-01  -1.2698323e-01  -1.6885460e-01   1.3031861e-01   2.2369559e-01   6.2715063e-02  -1.5593738e-01
  -1.3221211e-01   1.1226235e-01   7.3979111e-02  -9.1545698e-03   1.6201903e-01   2.6043965e-01  -7.6611338e-02   1.0221232e-01  -2.6904900e-01   1.4858382e-01  -5.6166968e-02   1.2240449e-01   5.2516489e-02  -2.5421743e-01   5.8750520e-03   2.5108765e-01  -1.0955046e-01   4.3594563e-01   5.3015533e-03  -1.4091419e-01   1.7679035e-03  -5.3807707e-02  -1.2197236e-01  -6.3051795e-02   8.9508577e-02  -1.3677824e-01   3.7799861e-02   1.0483541e-01  -2.2710929e-02  -1.8669167e-01  -5.2356346e-02  -1.9652597e-01  -9.8757574e-02  -9.1253418e-02  -5.0416942e-02   8.2611398e-02   4.6512785e-02   1.5556343e-01   2.6012803e-01  -9.4135338e-02   1.9975671e-01   1.4024950e-01   5.7330095e-02  -6.1870629e-02  -1.0263585e-01  -8.1321895e-02   1.6549072e-01  -8.8812781e-02  -4.3499748e-02
  -1.4683254e-01   1.0534140e-01  -1.7784979e-01   2.3199410e-01  -1.0864815e-01   2.6273794e-02   6.5001709e-02  -1.7359049e-01  -1.7296713e-01  -3.8590435e-02   5.3982703e-02  -1.0404648e-02   8.8071987e-02  -1.2755201e-01  -6.3179111e-02   1.5896065e-01  -1.1868916e-01  -8.2608499e-02   1.2040329e-02  -1.3176613e-01   1.1988994e-01  -1.9055173e-01   4.2952869e-01  -3.0542574e-01  -6.7499103e-02   1.5355777e-02  -1.4287637e-01   5.4431923e-02   1.5429960e-01  -7.5475894e-02  -3.5148156e-02  -8.0080419e-02  -1.5221528e-02   2.2404695e-01   1.2974361e-01  -2.6076613e-02   1.0324291e-01  -1.3666398e-01  -8.7388841e-02   2.7620170e-02  -1.0264278e-01  -1.9140499e-01   8.7190357e-02   1.9281750e-01   6.2874476e-02  -3.7726407e-02   8.0496194e-02  -3.1660624e-01   7.3438094e-02
  -1.2280210e-01   5.0323527e-02   9.1109359e-02  -2.6551985e-03   1.2819809e-01  -2.0531055e-01  -2.2164216e-01   1.0211036e-01   1.8301573e-02  -5.6229777e-02  -1.6974231e-01  -2.1506115e-01   1.3653165e-01   1.1593183e-01  -2.0466223e-02  -1.3831013e-01  -2.2492148e-01  -1.0649564e-01  -8.8416820e-02   1.1686754e-01  -2.1530716e-01   1.3592589e-01  -8.7258690e-02   3.3254252e-03   6.1140442e-02  -6.7146392e-02  -2.0631593e-01   3.6717308e-01  -4.8424864e-02  -2.5792685e-01  -6.2178323e-02  -6.8825373e-02  -2.0101248e-01  -1.2910410e-01  -1.8087202e-01  -1.1532697e-01   1.1889000e-01  -2.2562540e-01   1.2338077e-01   8.2465645e-02  -1.1652078e-02  -1.1617785e-01   8.8318497e-02   2.6257732e-01   5.2673329e-02   1.4287329e-01   4.0133982e-02  -3.5975093e-02   1.2482629e-02
  -1.4794575e-01  -1.2492444e-01  -1.0546609e-01  -3.6556842e-02   4.8481273e-02  -2.8930076e-02  -1.4265798e-01  -2.3090610e-01   8.3516528e-02   2.8137012e-01   2.8957903e-01   3.0072450e-01   9.6355132e-02   9.1517953e-02  -1.7443382e-01   1.6943911e-01   1.1188553e-03  -1.7583996e-01   4.9296803e-02   7.1217400e-02  -2.1449969e-01   2.5150933e-02   2.3540263e-02  -3.1899277e-02  -2.8229395e-02  -2.2398023e-01  -3.2755693e-02  -1.0319237e-01  -7.6637258e-03  -6.6652967e-02  -3.0047955e-01  -1.3870414e-01  -2.5464546e-01  -2.3452352e-02   1.6296738e-01  -4.0728560e-02   7.3267644e-02  -5.9240809e-04   1.5800204e-02   1.6638901e-01  -4.2902092e-03   1.7524321e-01  -2.0071559e-01  -3.0260825e-02   2.7783588e-02   3.7891122e-02  -1.5643855e-01   1.7637087e-01   1.2638639e-01
  -1.4202823e-01   1.2798291e-02  -3.4081165e-01  -2.6826075e-01   5.4284260e-02   2.0315285e-01   2.6337430e-02  -1.1723631e-01  -2.1771471e-01  -4.9060120e-02   9.5828955e-02  -3.2081627e-02  -2.1549703e-01   4.8741711e-02   1.2711934e-01   1.6361439e-01   4.0597521e-03  -3.7869032e-02  -6.5841852e-02   5.5582928e-02   1.8363990e-01   8.9141932e-02  -1.4488416e-01   1.3155499e-01   9.7687146e-02  -1.5462566e-01   1.8575621e-02   4.4540690e-02   5.3212180e-02   2.4213401e-02   1.3119849e-01  -7.9776004e-02   4.2183093e-02  -2.5858948e-01   8.4191410e-02  -6.8864463e-02   1.6740460e-01  -1.6142981e-02  -1.5914802e-01   9.3873918e-03  -1.3108561e-01  -7.1195965e-02   2.3403308e-01   1.3046569e-01   2.8882601e-01   1.1560783e-01  -1.9619630e-01   5.0468924e-02  -2.5191216e-01
  -1.3533999e-01   2.3159632e-01   1.1790179e-02   5.6941219e-02   4.3051406e-02   3.4207213e-02   7.0039899e-02  -4.2950934e-01   3.1568708e-04  -1.3794225e-01   7.6649109e-02  -3.6037668e-01   2.0453762e-02  -5.5734611e-02   1.7086145e-01  -3.8119233e-02   4.7422213e-02   1.5548491e-01   3.2493494e-02  -1.0528440e-01  -1.1888445e-01   1.8239880e-01  -8.4764596e-02  -2.8546996e-03  -1.4293473e-02   1.6738256e-01  -1.0030279e-03  -3.7346608e-02  -1.8851725e-01   2.1676186e-01  -1.6765046e-01  -5.4757535e-02  -1.9436527e-01  -3.7853562e-02  -6.4842810e-03   7.2084126e-02   3.0691931e-02  -1.4931968e-01  -1.0218420e-01  -1.2298012e-01  -7.8174893e-02   2.4910204e-01   1.6062408e-01  -1.4154658e-01   6.2524959e-02  -2.8629376e-02   5.7856966e-02   4.1840776e-02   2.9970839e-01
  -1.4692399e-01  -1.5202515e-01  -3.0929515e-02  -7.3766535e-02   2.4942551e-01   1.1189899e-03   4.3875952e-02   2.9653311e-02   6.4169252e-02  -1.6727480e-01   1.4273554e-01  -9.8225903e-02   1.6763304e-01  -2.3598859e-02  -2.9355736e-01  -2.2440359e-01  -2.6651048e-01  -1.1131399e-01   7.7911396e-02   1.5797771e-02   2.3953105e-01   9.9233391e-02  -1.1882427e-02  -6.1365237e-02  -8.2487390e-02   1.0334589e-01   2.1622946e-01  -5.3225710e-03   2.1966621e-01  -1.1624340e-01   9.6905414e-02   1.2320599e-01   2.3776712e-02  -5.7327517e-03   1.3941663e-01  -9.6661869e-02   1.6115836e-01   2.3331510e-01   3.9605840e-03  -8.2672865e-02   2.2093126e-01   2.5264501e-01   1.7424187e-01  -1.0330426e-01  -2.7907641e-03   1.7086191e-01  -5.2835451e-02  -1.1016891e-01   1.7510668e-01
  -1.1075592e-01  -1.2796398e-01  -2.0797545e-01   1.1773829e-01  -3.4756466e-02  -1.3161577e-01   7.7452797e-02   1.2755940e-01   9.5459570e-02  -1.6278479e-01  -2.2665459e-01   1.6266629e-01  -1.0357123e-01  -9.3446067e-02  -6.3284102e-02   1.3211353e-02   2.5724665e-02  -1.4550945e-02  -1.2782503e-03   1.8021406e-01   1.1391548e-01  -4.2003686e-02  -2.4750853e-01  -2.6252446e-01  -1.3639132e-01  -2.9164429e-01   1.5235426e-01   1.4700843e-02  -9.4219088e-02   1.9314215e-01   5.3633333e-02  -5.1441921e-03  -2.5402823e-01   2.3505257e-01  -1.1939749e-02   1.4598200e-01   1.1198586e-01  -3.2326548e-01   1.2606603e-01  -1.4587196e-01   5.3130661e-02  -4.1664440e-02   1.9450998e-01  -1.5903855e-01  -4.1612755e-02  -4.4354828e-02  -7.1132677e-02   9.9867977e-02  -7.0730400e-03
  -1.4635284e-01  -1.2237213e-01  -2.1845858e-01  -1.2693607e-01  -5.2283225e-02   1.7632748e-02  -7.4491458e-02  -7.6755942e-02   1.0926129e-01   3.9787133e-02   4.7014716e-02   9.7865339e-02   9.9485776e-02  -1.3961118e-01  -6.7592818e-02  -2.0064997e-01   1.3144614e-01   4.4933988e-02  -5.5714219e-02  -2.9789661e-01   1.8465968e-01   2.1210768e-01   5.5159683e-02   5.4033999e-02   5.6003510e-02  -6.0392444e-02   4.9284322e-02   1.7501480e-01   2.3228465e-02   1.6401440e-01  -1.0017402e-01  -7.4390859e-02  -1.1688279e-01   1.1034822e-01  -2.1982286e-01  -1.9023068e-01  -4.3760540e-01   3.9838975e-02  -1.8730501e-02  -2.8009383e-01   8.3354538e-02  -5.6663857e-02  -5.5717277e-02   3.1570140e-01  -8.9576272e-02   1.3580053e-02  -2.4335912e-02   4.2576267e-02  -3.0487931e-02
  -1.5694490e-01   5.6992970e-02  -2.7252841e-02  -4.4458915e-02  -4.6509359e-02   5.0003365e-02   5.1430889e-02   8.3209583e-02  -1.4325302e-02  -1.7968306e-01  -7.2684024e-03   1.2096122e-01   2.0053299e-01   2.1835799e-01   1.8582653e-01   4.2597244e-03  -7.7287320e-02  -1.3377313e-01  -3.8484639e-01  -1.4241355e-01  -2.7479987e-01  -1.4270485e-01   9.6566301e-02  -8.3472844e-02   1.4822758e-01   5.9975230e-02   5.9509097e-02  -1.1821103e-01   2.0694806e-01  -7.0892659e-02   1.1341666e-01  -5.5939327e-02   3.8895938e-02   1.7693489e-01  -1.2698702e-01   1.4056546e-01  -9.7637500e-02  -9.9734910e-02  -5.0147971e-02  -5.6573158e-02   4.2246269e-02   4.3019442e-01   9.7328952e-02   1.5484652e-02   4.3778965e-02  -5.9957982e-03   1.2557114e-02   1.6265560e-01  -2.3486194e-01
  -1.4658651e-01  -1.3710182e-01  -1.3147710e-01   9.1800460e-02  -1.9389041e-01  -2.4808136e-02  -8.4110730e-02   2.0042893e-01   1.1837470e-01  -6.4264744e-02   3.7701384e-02  -1.7772583e-01  -4.6411536e-03   2.3444861e-01   5.6442544e-02   2.4471159e-01   1.2186874e-01   1.3502451e-01   4.9071935e-02   1.5643334e-01   1.1122816e-01   1.0518020e-01  -7.2513836e-02   1.5748476e-02  -1.7815226e-01   2.4102570e-01   1.5485588e-02   4.1811448e-02   3.2568130e-03  -1.3179340e-01   5.8766245e-02  -1.9669881e-01  -1.9736983e-01   1.3491756e-02   1.7521969e-01   6.9406737e-02  -2.1049886e-01   1.9363420e-01  -2.2385405e-02   2.2912741e-01  -1.6430925e-01   1.4374886e-01   1.8468502e-01   1.5951271e-01  -3.1518840e-01  -1.2645577e-01  -4.3426275e-02  -6.9912129e-02  -1.7563426e-02
  -1.3864271e-01  -1.2510221e-01   8.1929158e-02  -3.5947514e-01  -1.6425416e-01   3.5314178e-02   4.8330228e-02  -1.1186998e-01   1.1634224e-01   4.0590187e-03   5.1236651e-02   4.2363891e-02   1.2307215e-01   1.1007019e-01   7.4456522e-03   1.9152064e-01  -2.1396137e-01   1.4676028e-02   1.8865116e-02  -2.2185646e-02   9.3602126e-02  -3.3358367e-03  -9.7036629e-02  -2.1591966e-01   6.4843368e-02  -7.2405726e-02  -1.9850044e-01   3.1666939e-01   6.1931251e-02   2.0523375e-01   3.9749538e-02   4.4411729e-01   1.1080079e-01  -1.3294257e-01   4.1472342e-02   1.4713661e-01  -5.6914140e-02  -2.5713236e-02   6.6877623e-02   7.3874151e-02  -1.0848165e-01   3.7341100e-02  -4.7329208e-02  -2.4707226e-02  -5.2512624e-02  -2.6177218e-01   1.8918393e-01   2.3162813e-02   8.8401707e-02
  -1.4456594e-01  -2.5126673e-01  -1.1414184e-01  -3.9200784e-02   1.7482450e-01   8.2573262e-02   1.2009332e-01   9.4720492e-02   8.8965057e-02  -4.8556647e-02   5.4219267e-03  -1.0687429e-01  -1.6753531e-02  -1.1935892e-01   1.5490942e-01  -2.9195154e-01   7.5123750e-02   1.3785796e-01  -3.7016951e-02   8.3610830e-02   1.0593775e-01  -3.2018627e-01   1.4122971e-01  -4.8216914e-02   4.0254507e-01   5.9208794e-02  -2.1140968e-05   3.8666939e-02   8.3543159e-02  -2.0576129e-01  -1.1168883e-01  -8.8915854e-02  -6.4561484e-02  -1.4383752e-01   1.4885378e-02   1.1270960e-02  -9.5684294e-02  -1.1355621e-01   5.0434060e-02   1.0642761e-01  -2.1248241e-01  -9.3669034e-02  -1.0110823e-01  -2.1292636e-01  -6.4875846e-03  -1.8675782e-01  -1.9789064e-01   8.7966410e-02   1.9221815e-01
  -1.5735088e-01   1.3331251e-01   2.0089275e-01  -6.0226006e-02  -1.3413268e-01  -8.0897352e-02  -1.1175483e-01   1.0896158e-01   1.4547883e-01  -2.1328293e-02   1.8685801e-01  -4.3530082e-02  -1.4899610e-01   8.5429492e-02   1.8017764e-01   7.8568228e-02   3.0539534e-02   1.8671678e-01  -2.6421578e-01  -1.0758306e-01   3.0006461e-01   1.1594906e-01   1.4499127e-01   1.2244478e-01  -2.0984512e-01  -1.9603652e-01   1.3625802e-01  -8.7463990e-02   1.9474168e-01  -1.9973513e-01  -6.7388171e-02   3.9512710e-02   3.6100664e-02   9.9869746e-02  -1.6067988e-01   4.2153450e-02   2.0521823e-01  -5.9709145e-02  -2.6563756e-02   7.0288498e-02   9.5415662e-02  -1.7675757e-01  -2.6676622e-02   5.1269213e-04   5.8043024e-02  -2.4068529e-02   4.2250619e-02   2.6315033e-01   2.8723118e-01
  -1.6299413e-01  -5.3487510e-02   2.1250398e-01   5.1424843e-02  -8.8910713e-02   2.0666545e-02   2.4099760e-01   5.1239948e-02  -2.1838469e-01  -4.3771045e-02  -1.9757380e-01  -4.0678050e-02   1.7732831e-01   2.6406693e-01   3.5014269e-02  -7.2313824e-02   2.6581970e-01  -1.3591250e-01   1.1922838e-01  -1.1284636e-01   4.4599795e-02   2.3344589e-01   6.3207246e-02  -4.9001581e-02  -1.4410268e-01  -2.2388458e-01  -2.1071034e-01  -8.2047810e-03   1.5261147e-01  -2.9068211e-02  -1.0815359e-01  -1.7959826e-01   1.5198009e-01  -1.7773654e-01   1.1589403e-01  -1.5868774e-01   9.8830273e-02   1.2927172e-02   1.3229751e-01  -2.7625787e-01  -6.7776374e-02   1.5183906e-02  -2.6274224e-02  -1.7017100e-01  -1.1395684e-01  -1.5280484e-01  -1.5438907e-01   1.3391761e-02  -3.8898724e-02
  -1.3362635e-01   5.0256954e-02  -8.3841479e-02   2.6576855e-01  -5.9638612e-02  -2.1129307e-01  -8.4037961e-02  -8.3344692e-02   1.2683764e-01   1.5287725e-01   1.5976371e-01  -7.5884624e-02   2.7234241e-01  -2.7309481e-02  -2.1908525e-02  -9.9978917e-03  -8.1687456e-02   2.1608791e-01   1.5627132e-02  -2.1782932e-01   2.5138801e-01  -3.1398043e-02  -1.7920064e-01  -2.9797184e-02  -1.1808956e-02   1.1899908e-01  -2.0456088e-01  -5.5121533e-02  -1.9260708e-01  -1.7578255e-01   1.5013115e-01   1.1303776e-01   1.4931951e-01   7.7838161e-03   1.0509548e-01   4.0387734e-02   1.9527657e-02  -1.2579946e-01   1.0688032e-01  -7.0670581e-02  -1.0460522e-01  -8.7621568e-03  -1.2370461e-01  -1.4906035e-01   5.2385345e-02   1.9378723e-01  -1.7321916e-01   1.8157993e-01  -3.3659197e-01
  -1.4388420e-01  -5.7708732e-02   2.8006948e-02  -1.0706800e-01  -1.7314195e-02  -4.4435549e-02   2.9892595e-01   1.0811420e-01  -1.4459212e-01  -6.1078952e-02   1.7792389e-01  -1.1634874e-01   1.0553115e-01   7.0425564e-02  -2.6624265e-01   1.0234730e-01   9.5924365e-02   2.1951523e-02   1.3436863e-02  -7.1012085e-03  -1.6337029e-01   2.2660423e-01   1.1851610e-01  -1.8403116e-02   8.0160543e-02   7.2459289e-02   2.0884322e-01  -8.5661070e-02  -8.6268523e-02  -2.3799320e-02   2.0075950e-01  -8.2986792e-02  -8.4328849e-02  -1.2809350e-01   6.4680721e-02   4.2208175e-01  -1.8087340e-01  -1.4024733e-01   1.5141841e-01  -1.7448156e-03   1.0808449e-01  -2.9401937e-01  -1.8230159e-01   4.1084741e-02   1.7558525e-01   1.4042282e-01   7.9645519e-02  -3.8025799e-03   4.2597489e-02
  -1.2977668e-01   1.1583151e-01   1.1414001e-02  -8.2045029e-02  -2.4896660e-01   1.1664913e-01  -1.8300351e-01  -7.8492889e-02   1.0498728e-01  -8.3476767e-02   2.3287976e-01  -1.7786850e-01  -3.2427779e-02  -1.0124947e-01  -1.0903822e-01  -1.3570859e-01   1.9784760e-01  -1.1267047e-01  -5.8087591e-02   2.6641996e-01  -5.8221932e-04  -2.0051882e-01  -6.3432337e-02  -2.1165186e-02  -4.5072243e-02  -2.2144332e-01  -9.0180608e-02   1.0487989e-01  -1.3062520e-01  -2.8839593e-02   2.2884023e-01  -2.9707389e-01   2.9035550e-01   3.8128398e-02   7.3707990e-02  -1.5611785e-01  -1.7168417e-01  -6.8587965e-02   1.4693374e-01   4.1176176e-02   1.8879936e-01   1.2495053e-01  -3.1285712e-02  -1.3237642e-01   9.6765161e-02  -1.2622104e-02   2.0141501e-01  -8.6227364e-02   4.7557173e-02
  -1.6107687e-01  -1.5135809e-01   2.0677584e-01  -5.9046463e-02  -3.3024090e-02   6.5528260e-02  -2.0619026e-01  -1.0269686e-01   3.8768117e-02  -1.3072231e-01   1.0265028e-01  -1.4243968e-02   4.7423473e-02   4.4272727e-02  -4.4107802e-02   8.3446172e-02   3.4506371e-01   3.2188331e-02   1.0324101e-01  -1.2296847e-01  -8.9564296e-02  -3.6397467e-01  -3.2435497e-02   1.4878375e-01   1.2566742e-01   1.4941031e-01  -4.2414889e-02  -1.1149484e-01   1.6425077e-01   2.2173022e-01   7.7436554e-02   1.2830812e-01  -1.5688030e-01  -6.5163521e-02   2.1064387e-03  -5.5133904e-02   2.7322495e-01  -1.1103191e-01   1.7246314e-01  -5.5144220e-02   1.4249890e-01  -1.5508895e-01   1.4302619e-01   1.4168935e-01  -2.4754034e-01   2.0181717e-01  -3.3633155e-02  -3.3140387e-02  -5.1900492e-02
  -1.3008809e-01  -1.9780669e-01   2.1865176e-02   2.5680068e-01  -2.4681621e-01   5.6129681e-02  -1.2145126e-01   9.4502429e-03   5.9442623e-04  -8.6147235e-02   1.2069913e-01   3.4226446e-01  -1.3428666e-01  -6.2615755e-02  -2.3015990e-02  -1.0556313e-01  -1.4911325e-01   3.4052983e-02   8.3512333e-02   3.6249654e-02  -1.4004218e-01   1.9482210e-01  -1.7794072e-01   2.5382367e-02   1.1427135e-01   1.5046858e-01  -1.3322360e-01  -1.7456479e-01   1.5147223e-01  -1.3444269e-01   2.3739873e-01  -5.8360559e-02  -7.5269978e-02  -1.8925448e-01  -8.8067168e-02  -9.9703036e-02   4.0774326e-02  -2.9421589e-02  -2.0380358e-01  -2.2907317e-01  -1.5118863e-01  -9.6867299e-02   1.8068173e-02  -7.8874244e-02   7.9885452e-02  -1.0173135e-01   3.0260855e-01  -1.5660509e-03   1.2954583e-01
  -1.2982437e-01   8.8798379e-02   1.1188809e-01   3.5429943e-02  -2.2158232e-01   2.8557933e-01   1.0390828e-01  -1.3236011e-01   1.1249756e-01   4.0153894e-02  -1.6453930e-01   1.9168355e-01  -2.2234093e-01   1.8508694e-01  -9.5528139e-02  -7.3775027e-02  -2.5202921e-01  -7.4302987e-03  -5.3716805e-03   1.4254728e-01   1.8551272e-01  -2.8957625e-02   2.1380055e-01   2.7897640e-01  -6.1824889e-02   2.9736991e-01   8.3980787e-02   1.1684265e-01  -1.4014873e-01  -4.9102044e-02  -1.4112908e-01   1.7562298e-02  -1.1329557e-01  -7.7645739e-02   7.5726203e-02  -2.1262384e-02  -1.8665152e-02  -2.5759593e-01   1.8774674e-01  -8.3743444e-02   1.9406847e-01   8.4546641e-02  -6.7383331e-02  -1.6705625e-02   4.8156551e-02  -5.6935658e-02  -1.1165142e-01  -5.9405247e-02  -1.5171881e-01
  -1.3846658e-01   9.2176053e-02  -8.3839405e-02   7.0822570e-02   1.0713430e-01  -5.7217274e-02   6.3089180e-02  -1.5985442e-01   1.0421062e-01   3.2455640e-01  -1.4576105e-01  -2.5371754e-05  -2.5360269e-02  -7.6179629e-02   2.3756255e-01  -1.0185423e-01   7.5298834e-02  -2.8535669e-02  -1.0258979e-01   1.7442024e-01  -3.7718346e-02   2.9403693e-02   1.7096947e-01  -1.2714817e-01  -3.9783793e-02  -9.5838190e-02   2.3556433e-01  -1.3412810e-02  -4.7050608e-02  -4.9347022e-02   3.5980003e-01   1.0161275e-01   3.6840872e-02  -2.8602228e-01   1.3782775e-01   1.3817582e-02   1.2670679e-01  -5.4930177e-02  -8.4586576e-02  -1.3754954e-01   2.1802362e-02   1.0261037e-01  -1.7272800e-01   2.4301089e-01  -3.6854056e-01   5.1760843e-02   1.0584855e-01   1.7082363e-02   4.3886793e-02
  -1.3994991e-01   1.0967792e-01  -3.7425790e-02   1.8773615e-02  -1.9727406e-01  -2.9317725e-02   1.4329895e-01  -1.8310904e-01   2.2702697e-01  -2.0722699e-01  -1.8009495e-01   2.1105673e-02   1.0253100e-01   2.5537936e-02   3.2622831e-02   1.3608185e-01  -1.3386588e-01   2.6740563e-01   2.8734008e-01   9.5177701e-02  -2.6121846e-01  -2.0725236e-02   1.9977181e-01   5.7559080e-02   6.7770400e-02  -2.3145116e-01   1.3904073e-01   2.4757440e-02   1.9039041e-02  -2.6063854e-02   2.0208389e-01   5.3892170e-02  -2.0843731e-02   5.6076364e-02  -2.2047932e-01  -2.1748669e-01  -3.8728337e-02   3.0428725e-01   5.3943953e-02   7.7384778e-02  -6.5953024e-02  -8.3576317e-02  -1.4597424e-02  -1.0359714e-01   6.8284476e-02   1.4216063e-01  -2.2112388e-01   1.7603672e-02  -3.9020646e-03
  -1.6233449e-01   3.9629046e-02  -1.2061221e-01   1.5268571e-01  -1.2448056e-01   9.8562329e-02  -1.0942525e-01   2.6565121e-02  -1.5953100e-01   6.4866822e-02  -2.1925987e-01   3.8349378e-02   2.8490648e-01  -1.2452302e-01  -1.6655953e-02   5.4467087e-02   1.9689817e-01  -1.2262918e-01  -1.3469263e-01   2.6512065e-01   9.7330097e-02  -3.1545131e-02  -6.3402525e-02  -6.0270924e-02  -4.0293357e-02   2.8262067e-01  -1.0921385e-01   2.5134979e-02  -4.7687680e-02   1.0979585e-01   1.6297356e-02   8.5631336e-02   3.5902149e-02  -7.5504575e-02  -2.5654753e-01   1.2461471e-01   1.2994537e-01   2.7462540e-01  -2.0290297e-02   2.5211817e-02   2.0577522e-01  -1.9639291e-02  -1.0857344e-01   9.8070397e-02   2.5724710e-01  -1.1296555e-01  -2.0915952e-01   1.5482976e-01   2.1995122e-01
  -1.6864914e-01  -5.2689528e-02  -1.0204119e-01   1.6054875e-01   2.0201188e-01   1.4059268e-01  -1.1782820e-01   1.0031139e-01   1.5183976e-01  -7.6133591e-02  -8.3739447e-02  -6.9337281e-02  -9.9952343e-03  -4.4823740e-02   3.8831690e-02   3.7431421e-01  -2.7656053e-03  -1.8024005e-01   1.4202468e-01  -5.6655320e-02  -1.8886152e-01   9.3674695e-03  -3.3637587e-02   6.3973396e-02   1.8513005e-02   1.4669561e-02   1.2881559e-01  -6.2393621e-02  -1.2150215e-01  -2.0063677e-01  -1.9478923e-01   2.1181502e-01   3.9626874e-01  -4.3650595e-02   9.5511955e-02  -1.0166707e-01  -2.3495898e-01  -1.8272984e-01  -7.6458466e-02  -1.5796907e-01   1.6525728e-01  -1.3779795e-01   1.6638574e-01   2.3156254e-02  -2.5781064e-02  -8.1148813e-02  -2.8808605e-02   1.0881623e-01   1.2537044e-01
  -1.2146274e-01   5.9250253e-02   5.0190337e-02   5.2890614e-02   1.1197300e-01  -3.5632611e-01   2.4742371e-01   2.8681504e-02  -1.0745230e-01   3.6844813e-02   1.2659857e-01   1.8801984e-01  -5.8050929e-02  -8.3859651e-02  -1.6602994e-01   1.3438520e-01   1.7048840e-01   6.0610047e-02   7.2309285e-02   1.4557641e-01   4.6601014e-02   7.2021761e-02   2.4601578e-02   1.6377934e-01   2.1344086e-01   1.9235639e-01   1.5077041e-01   1.9772947e-01  -1.0567238e-02   6.8918102e-02  -1.5090219e-02  -4.8124648e-02   2.6519310e-01   1.6664894e-01  -9.6102905e-02  -2.2389966e-01   1.7094128e-01  -9.7305254e-02   1.7813623e-01   5.9398713e-02  -2.1812118e-01   2.1530721e-01   8.3479213e-02   1.5882826e-01   2.5489632e-02  -1.2543600e-01   1.2882083e-01   1.3275486e-01   2.5966099e-02
  -1.5278862e-01  -1.3353501e-01   2.3861416e-01  -1.8010798e-01   1.8078792e-01   5.5655849e-02   1.2199207e-01  -1.3774714e-01   1.2275143e-01  -4.8235446e-02  -1.6597580e-03   2.2136926e-01   1.8046383e-01  -7.6430389e-02   2.5345083e-01  -1.4686634e-02  -6.2112387e-02  -3.6654008e-02  -2.1688715e-01   1.4476660e-01   5.8397309e-03  -6.7503728e-02  -1.8693797e-01   8.4125776e-02  -2.3299599e-01   4.9579764e-02   3.3458675e-03  -1.8700731e-01  -2.0620855e-01  -6.4490075e-02  -4.2251170e-02  -8.6614135e-02   8.4156581e-02   1.8033762e-01   6.4445738e-02   3.1756102e-02  -5.1850810e-02   1.3480746e-01   1.8657195e-01  -1.3387534e-01  -3.0754976e-01  -1.6950282e-01   3.9340031e-02   1.6087302e-01   1.0212505e-01   8.5297910e-02  -1.2341470e-02  -2.6509646e-01   7.6153052e-02
  -1.3688747e-01  -6.3504303e-02   8.0572891e-02   2.0586240e-01   1.0660952e-01   6.3633165e-03   1.3972942e-01   4.4162016e-02   1.3009604e-01   1.4635250e-02  -2.4736158e-02  -2.8747069e-01  -2.7643324e-01   1.2445092e-01  -2.3973231e-01   1.8172064e-01  -6.2261690e-02  -1.0667388e-01  -3.1707893e-01  -1.1773253e-01   4.9037771e-02  -1.7254539e-01  -4.4357445e-02  -1.9243779e-01   2.6576400e-02  -3.9838888e-02   3.5046860e-02  -1.6988690e-01  -1.2442756e-01   1.3436504e-01  -3.5910606e-02   4.0031963e-02  -1.7121511e-01  -1.5608911e-01  -1.1049692e-01  -2.9897758e-01  -1.1263754e-02   2.5610287e-01   1.1077805e-01  -7.8248828e-02  -1.0760971e-01   1.2431989e-03  -1.5547592e-01   4.2297341e-02   1.3657678e-01  -7.8763628e-02   1.6312888e-01   3.9341913e-02  -1.1445769e-01
  -1.5284440e-01   6.1274091e-02   3.2897523e-01   3.0107128e-01  -6.7773478e-03  -6.7611423e-02  -1.2646572e-01  -8.5230306e-03  -2.8404976e-02   2.1989293e-02  -3.2604987e-02   1.3213108e-01  -2.1269249e-01   3.5759278e-03  -9.8446494e-02  -2.8430997e-02   5.8624735e-02  -6.0873378e-02  -1.0339706e-02  -4.1664421e-02   1.5463912e-01   1.6962182e-03  -1.1314796e-02  -2.3888840e-02   1.9709864e-01  -2.4275313e-01   6.6921649e-03   4.1792541e-02   2.6462621e-02   9.0480089e-02  -2.9361298e-02   7.9124046e-02   1.1607187e-01  -1.6331398e-01  -8.4098539e-02   3.2012357e-01  -2.5908667e-01   2.7952066e-02  -7.6713252e-02   1.0194166e-01  -1.4738267e-01   2.1248774e-01   1.4125087e-01   7.2641852e-02   4.2562384e-02   2.4876892e-01  -2.4730462e-01  -2.5035359e-01   1.2278242e-01
  -1.5157556e-01  -3.4272116e-01   3.0744360e-01  -1.1313569e-01  -1.0948351e-01   1.4189183e-02   6.1236523e-03   2.7913996e-02   4.3101194e-02   6.3176369e-02  -1.3239996e-01  -7.1242011e-02   4.8122963e-02  -1.5321403e-01   9.5021278e-02   1.6227263e-02   2.6727621e-02   6.6148801e-03   2.6028485e-01  -2.2987523e-02   6.6240476e-02  -8.1292371e-02   6.3941760e-02  -2.3234233e-01  -1.2122890e-01   8.4110779e-02   2.1403522e-01   1.0541936e-01  -1.1311175e-01   1.9750367e-04  -1.7487111e-01  -2.1042263e-01   6.1896197e-02  -3.8114379e-02  -9.5420448e-02   9.0355561e-03   9.1878533e-02  -4.7609815e-02  -3.8463027e-01   1.0241687e-01   1.6686077e-02   8.5980894e-02  -3.8691869e-02   1.7410009e-02   1.6769336e-01   1.9256721e-01   1.8175445e-01   1.3733684e-01  -2.4713424e-01
  -1.6032956e-01  -1.3341790e-02   5.7495604e-02   5.2627478e-02   1.4709852e-01   2.9548774e-01  -2.4522981e-02   7.7751976e-02  -2.5385070e-01   3.2911879e-03  -3.5699362e-02  -1.5934202e-02  -1.4349694e-01   1.6443921e-01   1.7568905e-02  -4.3135521e-02  -1.4722096e-01  -7.5601263e-03   4.8090815e-02   1.2292571e-01   4.5581611e-02   4.1894696e-02   8.5142823e-02  -2.0331403e-02   1.0559873e-01   1.1377483e-02  -2.2970751e-01   8.3545452e-02  -1.2792231e-01   1.5249933e-01   1.0269027e-01  -8.9839057e-03   2.8609868e-02   3.7433648e-01   1.1908779e-01  -2.2131966e-02  -6.3302144e-02   1.0573604e-01  -3.7258350e-02  -1.5836564e-02  -9.6522786e-02  -7.9888393e-02  -8.7831405e-02  -2.9747739e-02  -2.0893322e-01   3.6469438e-01   1.0339871e-01   3.9749157e-01   1.5050732e-01
  -1.2716885e-01   1.6434767e-01  -1.1395130e-02   5.9490427e-02   4.1498619e-02   3.0217188e-01   3.5593082e-01   8.8290686e-03   1.0884379e-01  -1.4087982e-01   1.6378717e-01   1.4315640e-01  -6.6117743e-02  -1.3374667e-01  -7.1237749e-02  -1.3476951e-01   8.6750171e-02  -1.5883585e-01  -1.3808896e-02  -2.1691547e-01  -6.9907303e-02   9.7210064e-02  -2.3095954e-01  -1.0766919e-01  -1.1611490e-01   3.8224879e-02  -7.9881155e-02   6.4849206e-02  -1.3508213e-01  -1.2529759e-01   1.5999372e-02   2.6934608e-02   4.4904930e-02  -2.3004483e-02  -2.5449379e-01  -2.3847176e-02   1.2890719e-01  -3.4178341e-02  -9.6904459e-02   4.1819352e-01   5.2208601e-02  -7.7227023e-02  -4.1974114e-02   2.3667477e-02  -3.0660528e-01  -1.5701442e-02  -9.3858191e-02  -2.7151745e-02  -6.6035419e-02
  -1.4809297e-01  -2.1935868e-01  -3.5673770e-02  -1.6808548e-02   6.9800761e-02  -1.7880997e-01   7.7366202e-02  -2.8825910e-02  -1.4240254e-01   1.0318928e-01  -2.2766620e-01   4.0397748e-02   6.9199086e-02  -1.3432318e-01  -1.6209360e-01   3.5206638e-02  -8.1895571e-02   2.2811172e-02  -2.3739945e-01  -2.2005660e-01  -6.6987785e-02  -1.5101402e-01   1.2574131e-01   4.4365987e-01  -2.7276923e-01  -5.9289186e-02  -1.3774560e-01   4.7459660e-02  -1.0085130e-01   1.1931954e-01   2.2395839e-01  -4.8877482e-02  -2.0895120e-02  -1.1003477e-01   3.8158187e-02  -5.3323009e-02  -1.0770751e-01  -6.2435629e-02  -1.8301650e-01   2.3169719e-01   3.0783771e-02   4.8622391e-03   1.6540277e-01  -2.2603742e-01  -4.4423314e-02  -3.9316995e-02   5.2543969e-02   3.4529969e-02   1.2463821e-01
