  -1.4708465e-01  -3.5256873e-02   9.4029552e-02  -2.5191115e-02  -3.7077867e-02  -8.5246091e-02  -2.1595064e-01  -6.1810428e-02   2.6668078e-01   3.0209817e-01  -1.5268062e-01   7.6982816e-02  -2.7026838e-01   6.9998728e-02  -7.4351140e-03   3.0523668e-02  -2.3638918e-01  -1.4230983e-01  -7.1262982e-02  -2.2663162e-01  -5.3974376e-02  -4.3158423e-02   2.1714634e-01  -5.7820984e-02  -8.8107854e-02   4.0094254e-02   1.6632861e-01   7.4309000e-02  -9.4193882e-02   1.7137733e-01   3.2036859e-02   1.4670911e-01   2.0887714e-01  -1.1021151e-01  -2.3762258e-01   1.2650612e-01  -4.2440200e-02  -1.7958979e-01   2.3674428e-02  -8.8251855e-02   1.0389380e-01  -8.0191038e-02  -1.8170656e-01   2.8151866e-01  -2.3652037e-02  -1.0490075e-01   1.4296569e-01   4.5511303e-02   1.1219990e-01
  -1.2515996e-01   6.6913848e-02   6.2350762e-02   1.1685571e-01   1.3969015e-01   1.3425697e-01  -1.0855499e-01  -1.9952845e-01  -1.0762870e-01  -1.2508983e-01   2.3195984e-02   4.5087158e-02  -7.4967521e-02  -8.4669013e-03   9.0548410e-02   1.3083808e-01  -3.9930577e-01   5.2115330e-02  -4.4401101e-01   2.5667010e-01   1.1101710e-01   2.5407384e-01   4.0681646e-02  -8.5009618e-02  -1.3683557e-01  -3.6825075e-02  -4.6109490e-02  -3.6409890e-03   8.8512045e-02  -4.2437479e-02  -2.4403264e-02  -8.7895602e-02  -2.3063512e-01  -6.8322155e-02   2.0123948e-01  -6.8470123e-03   1.2765713e-02   2.9908324e-02   1.5587751e-02  -2.6029899e-02   2.3130324e-01  -1.0415409e-01  -1.3784472e-01   1.0365220e-01   1.0979876e-01   2.1160313e-01  -1.7834774e-02  -4.0581343e-02   8.9292370e-02
  -1.4681193e-01   2.8968676e-01  -2.2809463e-02   1.3031267e-01  -1.0846542e-01   1.1386165e-02   3.9699467e-02   2.6779105e-02   2.4717775e-01  -2.9871014e-01  -2.5348181e-01  -8.0818267e-03  -1.4473325e-01   7.9610436e-02   5.3438133e-02   1.3865033e-01   1.7642160e-01  -2.3436826e-01   8.4830667e-02   2.8259164e-01  -9.2275901e-02   1.4199885e-01   4.8895107e-02  -3.2481783e-02   1.7132502e-01  -1.8487038e-01   2.4110388e-02   1.0323497e-02   2.6462936e-02   1.8936174e-01   1.6248544e-01   8.1668757e-02  -2.6435814e-02   2.9090092e-02   6.3847454e-02  -1.3288870e-01   3.3492002e-02   6.9608712e-02  -2.1263071e-01  -1.2165763e-01  -2.1435857e-01  -1.8872877e-01   7.7167787e-02   2.1288330e-01   1.1391528e-01  -9.9061952e-02  -7.8423899e-02   1.4111217e-02  -9.2250162e-02
  -1.3379662e-01   1.2855300e-01   1.7191431e-01  -1.7384874e-01   1.5536358e-01  -1.6299770e-01  -9.2028692e-02   1.0193263e-01  -1.3934827e-01   1.5790457e-01  -7.9730850e-02  -2.6112577e-01   3.6867821e-01  -1.3902497e-01   3.9020121e-02   9.6242649e-02   1.0469773e-02  -1.6912239e-01   3.2382693e-02   2.1250502e-01   1.1010222e-02  -7.9598455e-02   1.0093556e-02   5.3359567e-03  -2.3537805e-01   1.4006479e-02  -1.5220944e-02  -2.9446763e-01  -2.6237968e-01  -1.8929026e-03  -5.2588182e-02   1.5950455e-01   1.0043854e-01  -6.9286654e-02   2.4202663e-01   4.7340974e-02   2.5037301e-02   4.2885225e-02  -3.0806400e-02  -9.1576603e-02   4.9733845e-02  -1.3438587e-01  -7.3116663e-02  -5.3607261e-03   2.7064326e-02  -1.2409080e-01   1.9797224e-01   1.4302056e-01  -2.0248433e-01
  -1.3587052e-01   1.3003264e-02  -5.7730195e-03   1.0235128e-01  -2.2933367e-01   1.9924737e-01   2.2585053e-01  -1.9022885e-01  -2.9511520e-01  -1.3767393e-02  -8.3974924e-02   7.3681267e-02   6.6368300e-02  -1.8322010e-01  -2.9871935e-02  -1.1003121e-01  -9.7470738e-03  -2.3190532e-01  -2.1463182e-01  -2.0040917e-02  -2.8020943e-01  -1.0274304e-01  -1.3537487e-01   1.1692635e-01  -1.2898993e-01   2.3987710e-01   1.6525439e-01   1.3838761e-01  -3.2127039e-02  -1.1421829e-01  -1.7125287e-01  -1.9754442e-02   1.4354580e-01  -7.0704738e-03   5.5792535e-02   1.1215726e-01   2.3652829e-02   8.4275863e-02   3.0275305e-02  -2.6316334e-02  -1.4323580e-01  -1.4190966e-01   6.9029498e-02   1.0688525e-01   5.4555363e-02  -2.9609461e-01  -1.5441925e-01  -9.5545667e-02   1.6940902e-01
  -1.4425310e-01  -2.3690914e-01  -1.8762939e-01  -2.9353162e-01   1.3914728e-01  -1.4937386e-01   2.2109421e-01   1.0807707e-01  -5.3761800e-02  -8.0562999e-02  -5.2326978e-02  -1.9078344e-02  -6.5214486e-02  -2.0226018e-02  -2.5725647e-01  -8.2861982e-03   4.1654768e-03   1.3338715e-01   7.6448185e-02   6.9886344e-02   3.6751310e-03   1.6543364e-01  -1.0679736e-01   1.6623836e-01   5.0632589e-02  -1.0078403e-01  -5.9067857e-02   1.7384878e-01   2.5792754e-01   3.4117162e-02   2.8082602e-02  -9.9112108e-02   1.7333243e-01  -2.2979608e-01   2.1762866e-01  -9.2474851e-02  -4.6481222e-02  -2.0410615e-01  -6.8395478e-02   6.4645551e-02   1.4412830e-01  -2.7747697e-01  -1.7790339e-01   5.3887281e-02  -7.1627467e-02  -2.2431193e-01   1.0189957e-01  -3.5005009e-02   7.4529631e-02
  -1.6154904e-01  -1.0015414e-01   7.4271794e-02  -1.3547824e-01   2.4528936e-01  -6.6746126e-02   3.7357700e-02   2.5057735e-02  -9.7563912e-02  -1.9821011e-01   9.3247948e-02   1.2850315e-01  -1.5021834e-01  -9.5136309e-02  -1.2382052e-01   2.0891640e-02  -5.8788516e-02  -7.2832058e-02  -1.9844000e-03   1.2545796e-01   1.0609226e-01  -9.1561361e-02   4.3996801e-01   3.5699784e-02  -3.3297639e-01   3.0805839e-02   1.0851229e-01   1.5918563e-02   1.6006463e-01  -1.2258323e-01   3.9662909e-02   1.0077062e-01   1.7890884e-01  -7.1439336e-03  -1.4838471e-01  -1.7830293e-01  -9.0901377e-02   2.0670075e-02  -2.6978588e-03   8.5548831e-03  -1.7723877e-01   2.1864169e-01   1.5497013e-01  -2.6617278e-02   3.3350705e-02  -1.2495003e-02  -2.0974009e-01  -1.5541141e-01  -2.6219611e-01
  -1.4826165e-01   8.7302935e-02  -2.3222558e-02   6.8422018e-02  -2.3214941e-01  -6.3894254e-02  -2.0046385e-01  -1.4742719e-01  -1.5633356e-01   8.3853556e-02   9.8408560e-03  -1.0127629e-01  -7.7957631e-03   1.0322348e-01   1.3338311e-01  -1.8009738e-01  -1.4980045e-01   1.3878823e-01   1.2991648e-01   6.1100476e-02   1.3720068e-01  -1.5652655e-01   1.1786567e-01  -5.1725465e-03   1.9164117e-02   2.1757431e-01  -1.1749392e-01   1.2055664e-01   2.2464611e-01  -5.1546896e-02   3.8928777e-01  -1.9823487e-01   3.6063425e-02   5.8328647e-02   9.0412205e-02   7.9153952e-02   1.3005342e-01   1.5718969e-01  -1.7108883e-01   1.2743461e-01  -6.0447765e-02  -2.1782383e-02   5.4961651e-02   3.6428866e-02  -4.1458395e-02  -1.6085856e-01   3.2126623e-01  -1.7637505e-01  -1.6210606e-01
  -1.2706870e-01   1.2535785e-02  -1.6343750e-01  -7.0523250e-02  -5.4864428e-03  -1.6992331e-02  -2.3627781e-01   1.3598749e-02   1.0050952e-02   1.3673721e-01  -1.0131091e-01   1.6895951e-01  -4.9748138e-02  -1.1057757e-01  -2.5264273e-02   2.4750778e-01   1.1042320e-01   1.2990367e-02   1.6528965e-01   3.5681789e-02   3.8591020e-02   1.1868799e-01   2.1920517e-01   7.6155539e-02   1.7829602e-01   3.2397471e-01   8.2470982e-02  -2.6316047e-02  -4.9350241e-02   3.9390357e-02  -1.3276072e-01  -9.7798538e-02  -1.6733671e-02   2.6455970e-01   2.9533690e-01   8.0884744e-02  -1.0429983e-01   1.5171904e-01   6.0248821e-02  -6.9498056e-03   1.3663101e-01  -7.2382953e-02  -1.0306270e-02  -6.7953825e-03  -3.9945448e-01   5.3102594e-02  -2.8904790e-01  -6.2667212e-02   1.1605235e-02
  -1.3950659e-01  -1.3283690e-01   2.2612235e-02  -7.8171725e-02  -1.4711452e-01   1.7230602e-01  -3.8464575e-02   5.2549183e-02  -4.4816067e-03  -1.1060831e-01  -3.0093531e-01   4.7511185e-02   7.4042912e-02   1.2913071e-01   3.3029898e-02  -1.8451575e-01  -4.4670269e-02   3.3746473e-01  -1.2615843e-02  -4.8647525e-02  -6.5547118e-02   1.7470042e-01   2.5188920e-01   2.8751818e-02   2.0462111e-01   5.3952052e-02   4.1190781e-02  -2.1876132e-01  -1.4509309e-01  -2.3999121e-01   5.6164377e-02  -1.1423285e-02   2.3511524e-01  -1.2809373e-01   1.6740218e-01  -5.4412087e-02   1.5401837e-01  -2.7127473e-02   2.3392960e-02  -2.2873074e-01  -2.2042099e-02   2.3901912e-01   8.9993333e-03  -5.7518630e-02   2.0792651e-01  -6.0532398e-03  -5.3723463e-02   2.1604733e-01   1.0361334e-01
  -1.4729589e-01  -7.0368692e-02   4.7290738e-02   1.2993035e-01   7.8467281e-02   8.5301211e-02   8.3630082e-02   3.0753358e-01  -7.2010631e-02  -2.1502985e-01  -6.7358223e-02  -1.8615852e-01  -3.3241557e-02  -7.9880551e-02  -1.2391211e-01  -1.4187924e-01  -1.5231801e-01   7.2918411e-02   9.6904294e-02  -1.2998377e-01   8.2515168e-02   2.2011286e-01   1.1414036e-01  -4.3351553e-02   4.0785634e-02   9.1004554e-02  -1.1351245e-01   1.1868527e-01  -2.6445037e-01   1.8494381e-01  -3.3908050e-02   3.9465122e-02  -2.5086281e-01   2.3251306e-01  -1.2160899e-01   2.0699474e-01  -1.7741623e-01   3.7034500e-02   1.7100733e-01  -1.3741864e-01   4.8018804e-02  -4.8568187e-02  -1.6614402e-02  -9.8875638e-02   1.5549716e-01  -2.5443170e-01   1.0699109e-01  -2.4756212e-01  -7.0290445e-02
  -1.5615775e-01   2.0038533e-01   2.8799445e-02   3.9371973e-02   2.1612037e-01   9.9031308e-02   1.0653070e-01   1.2718357e-01  -2.0694541e-02   1.7647861e-02  -9.5611490e-03  -4.1662086e-03  -1.6956852e-03   1.1013764e-01   1.5705082e-01   2.2563439e-01   2.6443868e-01  -7.8500574e-02   4.4031155e-02  -6.6915942e-02  -1.1782974e-01  -5.8409598e-02   2.6126540e-01  -2.6203713e-01  -6.0994445e-02   1.8369684e-02  -3.0873843e-01   9.2251990e-02   2.1307805e-01  -2.0632912e-01   4.1383618e-02   2.5420695e-02  -3.5458128e-02  -7.8943912e-02   4.4180727e-02   2.1723049e-01   1.6940171e-01  -1.5465968e-01   2.9727896e-01   9.6851909e-02  -3.5810260e-03  -1.5538291e-02   7.0815952e-02  -7.0666201e-02  -2.1274736e-02  -9.1345770e-02   7.6495898e-02   3.4573218e-02   3.0402236e-01
  -1.3582565e-01  -1.2157057e-01   8.7790884e-02   5.1356295e-02  -1.1354962e-01  -1.0393012e-01   2.2619827e-02  -1.9366336e-01  -8.1426051e-02   5.1768941e-02  -5.8343455e-02  -3.0806595e-01  -1.9426675e-01  -2.0919338e-01   2.1222615e-02   2.7583626e-01   5.2368713e-02   6.2740973e-02  -3.8166579e-02  -1.3593608e-02   1.6964537e-01  -9.2806012e-02  -1.9321439e-01  -6.0149899e-02   8.6445592e-02  -1.3588590e-01  -2.4863219e-01  -9.0621649e-02   1.2830997e-01   7.2619977e-02   6.2256110e-02  -8.7680465e-02   2.5065953e-01   1.5810721e-01  -1.5505217e-01   7.9306395e-02   1.5832839e-01   4.4075361e-02   1.3353311e-01  -1.7472968e-01   8.8713820e-02   1.1396597e-01  -2.0333655e-01  -7.2058417e-02   1.1387105e-01  -1.1375723e-01  -3.4261639e-01   3.1209904e-02  -8.9064710e-02
  -1.5027203e-01   3.7702926e-02  -2.8523644e-01  -4.4989023e-02   1.9985815e-01   3.0889770e-02  -1.3008950e-01   1.2104665e-01   2.3333182e-03   1.4727386e-01  -2.1763338e-01   1.4780920e-01  -8.1040430e-02  -2.3491847e-01   2.9234238e-02  -2.3280007e-01   9.7615106e-02   7.4360994e-02   4.3781287e-02  -9.6306011e-02  -3.6344713e-02   9.8201938e-02  -1.2257520e-01   7.3462198e-03  -1.4118092e-01  -1.2284805e-01   1.4394624e-01  -2.8614764e-01   2.6684374e-01   8.0159389e-02  -7.0964590e-02  -7.9107801e-02  -8.0182397e-02  -6.4015534e-02  -1.6824670e-01   2.3737059e-01   2.3123022e-01   2.6545002e-01   5.9924354e-02   4.0208680e-02  -1.2649246e-01  -1.5729517e-01   4.2825739e-05  -2.2536012e-02   1.7967161e-01   1.6366184e-01   2.6412472e-02  -6.0928861e-02  -6.7384050e-02
  -1.4517168e-01  -1.6676704e-01   4.5529634e-03  -2.4060078e-01  -2.0424632e-01   1.2643952e-01   1.1427063e-01   7.2436790e-02   3.6545152e-01   4.4249390e-02  -1.2279135e-02  -2.7268786e-01  -5.9685596e-03   5.2757943e-02   7.6122079e-02  -1.3641460e-02   1.8285451e-01  -2.1536752e-02  -1.1694526e-01  -9.2276827e-02  -5.4352138e-02  -3.5433491e-02  -2.9106216e-02   9.3281362e-02  -3.4829496e-01   6.5212755e-02   7.3655704e-02  -8.2343531e-02  -1.0524392e-01   2.1892861e-02   2.4940983e-01  -1.4454974e-01  -2.0090143e-01   5.5859785e-02   1.1523002e-01  -2.3843191e-01   9.4582693e-02   6.0998385e-02   1.9271795e-01   1.3370659e-01   1.7577676e-01   1.8629411e-02   7.6426699e-02   1.1382705e-01   3.7277269e-02   6.7892131e-02  -9.4609129e-02  -2.1815870e-01   4.7147673e-02
  -1.6408281e-01  -2.1497624e-01   6.4246207e-02   1.9336883e-01   1.5759269e-01  -1.4872636e-01  -6.8914360e-04  -9.8974586e-02   3.4295847e-02  -1.4279425e-01  -4.3277972e-02   3.1749418e-01  -1.6187916e-01   3.1804221e-02   5.2106852e-02   8.9093021e-02   1.3309834e-01   4.8598291e-02   1.7569618e-01   1.2997185e-01   9.5923965e-03  -2.2053736e-01  -1.2633703e-01   1.9826340e-01  -6.3919546e-02   1.6673331e-01  -1.0329478e-01   1.3820623e-01  -3.2766252e-01  -9.6588547e-02  -7.4006487e-02   7.5702041e-03  -7.1826657e-02   5.4478392e-03  -6.8891515e-02  -2.1586315e-01   3.0693165e-01   1.3868518e-01   9.3116021e-02  -6.5907901e-02   8.9427426e-03  -9.2561883e-02  -2.1257333e-01  -5.9913522e-02   7.7164790e-02   9.4211453e-02   2.3006379e-01  -2.2193628e-03   5.0841036e-02
  -1.3219867e-01  -1.5940459e-01  -2.8273275e-01  -1.1979045e-01   2.0769093e-02   2.0888803e-01   9.9851616e-03  -2.6915740e-01   3.6233146e-02  -1.8764033e-02   2.4267636e-01  -6.4400072e-02   1.2107919e-01  -1.8200341e-02  -1.4934993e-01  -3.8774474e-02   1.7737689e-01  -1.4413563e-01   1.7339612e-01   4.3066404e-02   5.3102262e-03   3.4483607e-02  -1.6027086e-03  -3.3147204e-01   1.4528533e-03   1.2552835e-01   7.3685535e-02   5.7690618e-02   1.6145163e-01  -8.5004797e-02   7.3021522e-04   1.3796446e-01  -9.0810738e-02   1.0834257e-01  -8.4687246e-02  -5.6189123e-02  -1.1982477e-01   1.7091421e-01  -7.0875085e-02  -3.5584068e-01   1.9357484e-01   9.7453891e-02  -7.9636632e-02   1.4728995e-01   1.1913715e-01   2.1115383e-02   2.0102040e-01   1.8569322e-01   2.3437546e-02
  -1.4189373e-01  -6.2598659e-03  -1.2463798e-01   3.9224284e-01   9.3580269e-02   5.6583798e-02   1.5555957e-01   6.4870420e-02  -4.9568366e-02  -3.2942250e-02   7.5335781e-02   1.2066544e-01  -4.5536398e-02  -3.0190794e-02   2.5294290e-01  -1.8252899e-01   6.7758179e-02   1.2451590e-01  -4.7387888e-02  -1.6397001e-01   7.1058001e-02  -1.2524086e-01  -4.3363104e-02   2.1993251e-02  -7.4119469e-02  -1.5950874e-01   1.3739001e-01  -7.7722912e-02   3.1298739e-02   4.8314277e-02   2.1977166e-01   4.0242143e-01   1.7516669e-01   1.7631965e-01   2.1003638e-01  -5.2192218e-02  -8.8631892e-02  -3.3750481e-02  -2.5075489e-02   7.7258778e-02   3.5746247e-01  -9.5636522e-02   4.5641494e-02  -4.0964904e-02  -1.0533771e-01  -5.4070364e-02  -6.6189813e-02   1.1830947e-01  -8.3592609e-02
  -1.4553709e-01   1.8277389e-01   5.4995385e-02   1.0605297e-01   3.6330110e-02   4.9837897e-02  -1.6413336e-01  -9.2055256e-02  -1.7883224e-01  -2.0829422e-01   1.7915836e-01  -1.8867809e-01   1.9292322e-01   1.1128782e-01   1.1957745e-01  -1.6791985e-01   1.4553561e-01  -2.3932061e-02   1.9556850e-01   6.1438017e-03  -3.8601139e-02   7.2615323e-02   1.4675773e-01   3.1549991e-01   4.4495021e-02  -5.0714377e-02   8.6910757e-02  -7.7946351e-02   2.5536685e-02   9.9323275e-02  -1.7465502e-01  -2.0935443e-01   3.0508426e-02  -1.4741250e-01  -3.5158020e-01  -6.5058112e-02   1.2056200e-01  -1.6350014e-01   3.6397780e-02  -1.0760151e-02   3.2345828e-01  -4.0893851e-02  -2.1483960e-02   1.8766989e-01  -1.1660944e-01   2.1962250e-02  -1.1903160e-01  -3.9113085e-02   2.9656833e-02
  -1.1983047e-01   2.6460506e-01   1.9388841e-01  -1.1325233e-01   2.9623684e-01   7.4297648e-02  -4.6756382e-02   1.3854985e-01   6.9095805e-02  -6.2535754e-02   7.1361195e-02   2.1561047e-01  -5.3662973e-02  -1.4195755e-01  -1.1520616e-01   5.0104214e-02  -1.4637176e-01  -2.4453432e-02   5.9329124e-02  -1.8807391e-01  -1.5121474e-01  -1.7984137e-01  -3.2781619e-01  -2.4154644e-03   1.4717417e-01   2.3061314e-02  -5.4862175e-02  -4.1152631e-02  -1.0398058e-02  -1.2357707e-03   9.1832752e-02  -2.5849778e-01   9.0227639e-02   5.0604807e-02   1.4473722e-01  -3.2068305e-02  -1.0206397e-02   1.3617132e-02  -7.2824980e-02  -1.2542473e-01   2.1928251e-01   2.9345934e-01   2.4090647e-01   2.4366401e-01   8.8503837e-02  -5.6508348e-02   4.7757163e-02  -7.9953958e-02  -1.7357657e-02
  -1.3357901e-01   8.2777178e-02   1.4403328e-01  -6.5803077e-02  -4.1666424e-02   2.6068906e-01   4.4021608e-02   1.0433172e-01  -1.5185197e-01   4.2778456e-02  -2.8116222e-03   6.9627996e-02  -5.4138662e-02   2.8212579e-01  -2.2739522e-01  -1.4605833e-01   9.4527732e-02  -2.9260792e-01  -1.1833708e-01  -8.5168997e-03   2.4410404e-01   1.0100636e-01  -1.3928663e-01  -1.0867029e-01   2.0738005e-02   6.4837026e-02   9.4854629e-02   1.5928348e-01  -9.6365887e-03   2.8163314e-01   4.9334398e-02  -4.6149998e-02   2.1666047e-01  -2.5145265e-02   8.9095351e-02  -5.3212328e-03   2.5468980e-01  -4.5333989e-02   1.6850999e-01  -8.0847237e-02  -1.4743241e-02   2.0204148e-02  -2.8257905e-02  -2.4567631e-01  -1.6711691e-01   2.4660746e-01   5.8998657e-02   4.0954775e-02  -1.9161255e-01
  -1.6000100e-01  -5.0266759e-02   1.3685629e-01   1.2207923e-01  -1.1535313e-01  -1.9402270e-01   1.2677556e-01  -1.5285303e-01   8.1289120e-02  -8.7447543e-02   4.3521750e-02   5.2450628e-02  -5.7713394e-02   1.9283321e-01  -1.4727384e-01   1.4907550e-01   2.1151527e-02  -2.1408257e-01   1.9896798e-01  -2.3618328e-01   1.6785365e-01   1.5867266e-01  -8.2154081e-02   1.0270808e-01  -6.7247936e-02   9.3035774e-02   1.9317784e-01  -2.1691644e-01   7.3744681e-02  -2.3994008e-01  -5.4634661e-02  -1.0787749e-02  -1.9752282e-01  -3.3202961e-02   1.4657061e-01   3.4212610e-01   3.6409252e-02  -2.0102313e-01  -2.2673175e-01   1.3433072e-01   7.4379964e-02   6.1955248e-02   3.9882486e-03  -1.1345304e-01   2.0860687e-01   9.0832339e-03  -3.9068707e-02   7.3204896e-03  -1.0624780e-01
  -1.4928225e-01  -9.0760203e-02   1.7177917e-01  -2.9808362e-01  -1.8941923e-02  -7.9750786e-02   8.1831541e-02  -1.2589355e-03  -2.1018564e-01   3.9072758e-02  -2.3348724e-01  -1.5812850e-01  -2.1438036e-01  -8.4124285e-03   2.3726769e-01  -3.1114170e-02  -5.5871417e-02  -9.0230332e-02  -1.7117806e-02   1.1286049e-01   1.9396167e-02  -9.2470433e-03  -1.1750154e-01   2.0612306e-01   2.3255197e-01  -1.2470147e-01   1.4959597e-01   7.4773188e-02   1.3139725e-01  -2.0573191e-01  -6.0965396e-02   2.5078939e-01  -1.9915305e-01   2.1173436e-01  -1.1832365e-01   3.1290622e-02  -2.6978854e-02  -4.3357956e-02   7.4093307e-02  -8.4509360e-02   4.2789428e-02   6.6736678e-02   2.7220856e-01   4.0261496e-02  -1.7464921e-01   1.6965141e-01   2.0404627e-01   2.6517379e-02   7.7388964e-02
  -1.5079662e-01   1.2622998e-01  -1.3617754e-01  -2.0607927e-02  -3.7936713e-02  -3.1888811e-01   8.2522144e-03   1.7631347e-02  -6.1691946e-02   6.2886880e-05  -1.4176203e-01   7.7110487e-02   2.2402016e-01   2.0203320e-01  -1.1713630e-01   2.6145419e-02   1.8003586e-01   2.3129416e-04  -3.6845752e-01  -8.3108660e-02  -2.5768615e-01  -1.4301716e-01   9.7495988e-02   2.2585093e-01  -8.4848962e-03   3.6569972e-02  -1.5065663e-01   6.4716356e-02   1.1143728e-01   1.3933058e-01   8.4208805e-02  -1.3052748e-02  -8.5991077e-05   1.7781567e-01  -7.4697534e-02   6.1108344e-02  -2.3769335e-01  -4.9102332e-03  -1.3148998e-01  -1.7225142e-01   9.4084009e-02   1.0300975e-01  -1.2278937e-01  -1.9040081e-01   1.6382958e-01   2.4461548e-01   4.8377038e-02  -9.3065173e-02   2.9491389e-02
  -1.4612837e-01  -1.6031915e-02  -2.0575614e-01   2.3134337e-03  -1.7335132e-01  -1.7804372e-01   8.7369602e-02   1.8041213e-01  -1.3791656e-01   1.7441377e-01   1.8996280e-01  -4.5234519e-02  -1.7936422e-01  -1.0922681e-01   2.6848436e-01   3.0034442e-02  -5.7787582e-03   5.1703424e-02   7.8065421e-02   1.1915718e-01  -2.6693466e-01   1.9045854e-03   5.6303367e-02  -1.7092466e-01   3.5158915e-02   3.4116727e-03   1.0873757e-01   3.1497909e-01  -1.4975535e-01   1.2971221e-01  -1.4382703e-01  -8.6775490e-02  -9.4186980e-02  -2.3685310e-01   1.3561456e-01   6.4562745e-02   7.8512635e-02  -1.4776693e-01  -2.8770993e-02  -5.1318422e-03   8.9272222e-02   1.8407128e-01   5.8942131e-02  -4.3302051e-04   2.1158661e-01   1.4438592e-01  -8.6070238e-02   6.7614318e-02  -2.8940546e-01
  -1.4191380e-01  -2.1605609e-01   1.8900756e-02   1.9201508e-01   1.7618181e-01   1.0713480e-01   1.0706288e-01  -2.1172972e-01   1.9866205e-01   4.6432840e-02  -3.8552912e-02  -2.1400832e-01  -5.1820109e-02  -3.5415364e-02   4.0718343e-02   1.0173606e-02  -1.7442819e-01  -1.9453750e-01   1.8870834e-02   1.4287321e-02  -2.3298250e-01  -1.3261009e-01   1.5306351e-01  -1.1501038e-02   2.4155749e-01  -1.5200856e-02   2.9869069e-02  -1.9599855e-01   9.0541584e-02   2.1189804e-01  -1.7424254e-01  -1.7049690e-01   6.7587754e-02  -1.3460358e-01   7.0569149e-02  -1.4398188e-01  -1.0363120e-01   1.1388477e-01  -3.8368133e-02   1.1544460e-01   3.2621149e-02   1.5024060e-02   1.5830493e-01  -4.2094723e-01  -3.9590638e-02  -2.6752318e-03   1.8033649e-01  -4.8136027e-02   3.1529776e-02
  -1.5338724e-01   4.6507239e-02  -3.0155378e-01  -5.9057647e-03  -2.1506402e-01   1.1300045e-01  -2.4623720e-01  -4.1720049e-02  -1.5487114e-01  -4.0687972e-02   3.4163714e-02   1.3564363e-01  -2.2539852e-01  -1.6948898e-02  -4.1768526e-02   1.0809302e-01   5.5218891e-02  -7.0129969e-02  -6.3525354e-03   6.7415546e-02   3.0078731e-02  -1.2629724e-03  -1.4738090e-01  -4.3995130e-03  -1.4291379e-01  -1.7595285e-01  -1.1551977e-01  -2.3349643e-01  -2.5401491e-01  -1.5782069e-01   1.4156060e-01  -1.8340233e-01   1.9647195e-02  -1.0925780e-01  -1.2108075e-01  -4.8127634e-02  -3.4706597e-01  -2.4812134e-01   1.2849583e-01  -7.1880569e-02  -2.3160014e-02  -8.6065822e-02   2.0165819e-01  -2.0723917e-01  -7.6901530e-02  -6.1838517e-02   1.4127776e-01   1.9814982e-02  -4.1784072e-03
  -1.6532891e-01  -1.5648009e-01  -2.5055929e-01   9.7990412e-02  -2.8004109e-02   1.3802867e-02  -1.7017043e-01   1.9049849e-02   1.7740012e-01  -1.5430818e-01  -1.6052444e-01  -5.8417815e-02   3.1586729e-01   1.0966904e-01  -1.0445942e-01   1.1146754e-01  -1.8780367e-01   1.1119605e-01  -1.1703252e-01  -9.5436790e-02   3.9061562e-02  -2.5978753e-01  -1.0431167e-01  -1.6111218e-01   3.9224059e-03  -5.8088298e-02  -3.5540526e-02   8.4903070e-02   6.9177328e-02  -8.0785234e-02  -2.9428311e-01   7.4597916e-02  -5.0043889e-02   9.0691660e-02   3.3636661e-04  -2.4179393e-02   2.4281175e-01  -2.8869259e-01   2.5457055e-02  -6.4120103e-02  -9.0403134e-02  -8.8657108e-02   2.2164843e-01   1.1610729e-01  -1.5514064e-01   3.8669431e-03  -3.3037935e-02  -9.6343225e-02  -2.5059337e-01
  -1.5681271e-01   2.9467876e-02  -2.1745864e-01  -9.4831364e-02   2.4984588e-01   2.0459976e-01  -1.5710464e-01  -6.6091408e-02  -1.8880655e-01  -3.4263216e-02   1.8759594e-01  -2.6124971e-01  -1.3135932e-01   1.5205803e-01  -3.2681579e-04   1.0200603e-01  -6.8652714e-02   4.2489322e-02   4.3569639e-02  -1.0500458e-01  -1.8069680e-01  -7.9020214e-05  -1.0445336e-01   1.0738592e-01   5.6498297e-02   3.6938631e-02   5.9475149e-02  -8.7958957e-02  -1.4619919e-01   9.6308012e-02   7.8223171e-02   1.8916167e-01   3.0247466e-02   2.0726166e-01   1.0711098e-01  -3.0399260e-02   6.2410878e-02  -1.6342514e-01  -1.1520305e-01   2.4852728e-01  -3.7775532e-01   1.4179426e-01  -2.6616445e-01   7.4093184e-02   6.3694148e-02   8.1674691e-02  -2.4559317e-02  -5.4401092e-02   1.2499212e-01
  -1.5763816e-01   1.8809859e-01   1.4015344e-01   1.4770359e-01  -6.5524485e-02   1.6916139e-01   3.0404447e-02   4.7762873e-02   1.9235168e-01   1.5819503e-01   1.1129193e-01  -8.7053436e-02  -1.0295437e-01  -1.9313421e-01  -1.0763751e-01  -9.7861874e-02   1.2469511e-01   1.0033184e-01  -9.8899366e-02  -6.9951222e-02  -1.3657837e-01   6.6486022e-02  -1.5627684e-03   1.0698207e-01   5.0097817e-02  -1.0746641e-01  -8.6073376e-02   2.2559022e-02   5.3445648e-02  -3.4290446e-01  -7.6569566e-02   1.1937269e-01  -1.2449531e-01  -1.9318596e-01   3.5815981e-02  -4.7272481e-02  -2.8281561e-02   3.2632315e-03  -1.1631600e-01  -2.0034772e-01  -1.0929505e-01   1.0189239e-01  -3.3954136e-01  -6.2624259e-02  -3.3413283e-01   1.5355235e-02   7.1525332e-02  -2.2240164e-01  -2.3449855e-01
  -1.2725034e-01   8.6491578e-02  -1.0456776e-01  -5.9709859e-02   1.3254213e-02   6.8441595e-02   2.3108646e-01   1.6762315e-01  -8.3640956e-02   3.2775085e-01   1.2209408e-01   9.5099954e-02   1.3341667e-01  -9.2050448e-02   2.0889262e-02   1.1881958e-01  -9.5483309e-02  -9.9996726e-02  -8.1014981e-02  -9.7507250e-02   2.6923315e-01  -4.3703219e-02   2.0325837e-01  -3.8492055e-02   2.1355965e-01  -1.3752359e-01   1.0094150e-01  -1.7486592e-02  -1.5350024e-01  -1.5566839e-01   5.6553652e-02  -1.6768671e-01  -6.5330966e-02   1.7516634e-01  -1.8686222e-01  -2.6099030e-01   2.0466670e-01  -6.8531968e-02  -3.1511799e-01  -4.3900945e-02   4.8019191e-03  -2.1273069e-01  -1.4830001e-02  -9.4352701e-02   1.3188316e-01  -3.4749010e-02  -4.9022772e-02  -8.3615783e-02   1.4688237e-01
  -1.2769184e-01   4.4201018e-02  -1.7780507e-01  -3.7889918e-02  -4.9016600e-02   3.1889474e-02   2.8847101e-01   2.4319546e-01   3.7677827e-02  -1.0295225e-01   6.9533119e-02  -1.1394256e-01  -1.7025660e-01   2.0845650e-01  -8.2847843e-02   1.9462242e-02  -1.1849436e-01   8.3355375e-02  -9.8974697e-02   1.6345812e-01   1.4736330e-01  -2.5938909e-01  -3.7991926e-02  -5.2848018e-03   4.7070344e-03   1.9839142e-01  -1.5135258e-01  -2.1535128e-01  -1.2519322e-01   2.5996921e-02  -7.5907167e-02   6.4452073e-02   1.2777069e-02  -2.4369517e-01  -1.8097444e-01   2.5985255e-01  -1.8293525e-02   2.7566524e-01  -2.3404998e-01   3.5700066e-02   6.2111247e-02   4.1947882e-02   4.2332790e-02   1.3512342e-01  -2.2761642e-01   8.0438963e-02  -8.7739780e-02   1.1081522e-01   1.1981670e-01
  -1.2833897e-01  -2.0348237e-01   2.4289358e-01  -8.5632431e-02   9.9571336e-02   2.2338619e-01   1.9743430e-02  -1.2365202e-01  -9.7785260e-02   1.4951732e-01  -6.6862866e-02   1.1540852e-01  -2.2030748e-02   3.7107130e-02   1.6731958e-01  -1.3169622e-01   2.5506051e-01   6.5913688e-02  -5.6925701e-02  -1.4920908e-01   1.6986974e-01  -1.3983620e-01   3.8802826e-02  -3.3908384e-04   1.1033817e-01   1.1545845e-01  -3.2227182e-01  -5.5392412e-02   1.2272636e-02   1.5829415e-01  -1.0723616e-01  -5.1106206e-02  -1.7289046e-01  -1.0928433e-01   5.9837079e-02  -3.3628382e-02  -2.9561998e-01  -1.4273634e-01  -1.2858510e-01   3.8725024e-02  -1.6139436e-01  -2.0112120e-01   4.1048111e-02   2.3570683e-01   1.3688999e-01   7.1152541e-02  -1.1801118e-01   9.9529682e-02  -2.0760168e-01
  -1.3557903e-01  -6.6800972e-02   1.5015646e-01   2.7490219e-02   3.9326332e-02   5.6187073e-02  -1.8278859e-01   1.4100700e-01  -5.7861575e-02  -7.3516126e-02  -1.2860860e-01  -1.1723161e-01   1.2037989e-01   1.3736618e-01   1.6081917e-01   2.6237649e-01   1.3880582e-01   1.1664359e-01   1.2440603e-02  -1.4468488e-01   4.4549890e-02   1.1334806e-01  -1.9921008e-01  -2.2906523e-01  -7.7710707e-03  -3.2659447e-02   2.1623411e-01   2.5087329e-01  -4.6454442e-02  -1.9337950e-01  -6.8356430e-02  -1.5277129e-02   2.7048139e-01  -1.6412279e-01  -1.3770799e-01  -5.0572206e-02  -2.7148836e-01   3.0536828e-01  -1.6769644e-01   1.8347487e-01   4.3830134e-02  -8.1281412e-02  -8.7419761e-03  -5.5962931e-02   6.9403423e-02   1.0191173e-01   3.3825339e-03  -1.8586184e-01   2.5889433e-02
  -1.2189028e-01  -2.1709354e-01  -1.1061000e-01   2.9959258e-01  -1.8233762e-02   5.4853282e-02  -1.9725803e-02   2.5424870e-01   8.4974255e-02   7.8053062e-02  -1.1394223e-01  -3.0395137e-02   2.1261190e-01  -1.6593971e-01   8.8072243e-02  -6.1998765e-02  -1.0642376e-01  -3.4149850e-01   1.1601917e-01   7.8275446e-02   1.9456752e-01   7.7454485e-02  -2.9156852e-02   2.1954251e-01  -1.0448352e-01  -1.0796696e-01  -1.6118864e-01   1.6101215e-01   6.4195288e-02  -6.3210922e-02   4.4791145e-02  -1.8228728e-01   9.2708820e-02   3.8084362e-02   5.9236186e-02   4.4595603e-02  -1.5074419e-01  -2.0526786e-02  -5.4313037e-03   6.4344518e-02  -1.5186989e-01   3.0664121e-01  -1.0116125e-01   1.9491286e-01  -3.9386170e-02   1.7566891e-01   2.3645119e-02   1.8030059e-01   1.5544956e-01
  -1.5019711e-01   1.3186318e-01   5.2112040e-02   3.8355679e-02  -3.1334565e-01  -2.6413812e-01  -1.1086070e-03   5.1412907e-02  -1.9177956e-01  -4.1939074e-02   8.8880090e-02   1.0455515e-02  -1.0567775e-01   4.7372019e-03  -8.6940958e-02  -3.6695123e-02  -3.8860393e-02   1.6192980e-02   8.4586603e-02  -3.0347875e-01   9.9711993e-02   5.7531357e-02   6.0746658e-02  -1.4620501e-01  -1.1691172e-01  -1.3126043e-01  -1.5302450e-01  -1.5877513e-01   1.0422435e-01   1.5216244e-01  -3.6841857e-01   9.0404121e-02  -2.1006372e-03   1.4783040e-02   1.9877352e-01  -3.6648606e-01  -5.8928607e-03   1.8334929e-01   6.3046047e-02   1.6840060e-02  -9.8763769e-02   6.6518005e-02   3.3893565e-02   1.3478371e-01  -1.3452645e-02   5.1546389e-02   1.3547503e-01  -3.4015872e-02   2.3245546e-01
  -1.5527248e-01   1.6789781e-01   2.1583790e-02   3.2925382e-03  -1.2869558e-01  -1.0952712e-02  -7.9218338e-02   8.7995491e-02   1.7842074e-01  -7.6003761e-02   1.6265999e-01   9.7481544e-03   1.4396763e-01  -3.0232071e-01   3.7187075e-02   1.0138369e-01   8.4969120e-03   1.2545378e-01  -4.7445443e-02   1.0645741e-01   2.8799256e-01  -1.1743357e-01  -1.0911712e-01   1.1951586e-01   2.0796252e-01   3.4914621e-01   2.0128911e-01  -1.9293208e-02   1.8580098e-01   1.5021895e-01   6.4012691e-02   2.2748555e-01  -1.4854717e-02  -2.3174921e-01  -3.0171923e-02  -6.5444489e-02  -1.0647219e-01  -1.8099239e-01   2.1813740e-01   2.2275803e-04  -1.2273253e-01   2.6899708e-03   6.0359514e-03  -1.2201485e-01   1.9642410e-01   4.5565211e-02   4.8087315e-02  -3.9708712e-02   1.7871284e-01
  -1.4228740e-01  -9.2019027e-02   1.7767566e-01   1.5869430e-01   9.5486152e-03   5.5991022e-02  -1.3101924e-01   1.7878441e-01  -4.7674112e-02   2.0536792e-01   2.1254023e-01  -2.4000911e-02   3.5236982e-03   2.6675798e-01  -2.0322227e-01   1.8461456e-01  -2.7532984e-02   2.1031743e-01  -2.0684553e-02   5.0117190e-02  -9.8126207e-02  -1.1005429e-01  -3.6720006e-03   2.0570405e-01  -6.5451633e-02  -1.7798057e-01   2.3932240e-01   7.7937358e-02   1.6481292e-01   5.1946688e-02   4.4132606e-02  -1.1441694e-01  -2.3249007e-01   2.1300136e-02   2.9157052e-02  -3.7938998e-03  -5.0590867e-02   2.0233423e-01   1.3468609e-01  -1.4369549e-01  -1.5016166e-01  -8.0887745e-02   9.1438891e-02  -1.3997092e-02   2.3045464e-02  -2.2330694e-01  -7.2134972e-02   3.7160818e-01   1.4721582e-02
  -1.2530579e-01  -5.0078816e-03   1.9035921e-01   2.1542004e-02  -2.3146346e-01   8.4203273e-02   3.6121419e-02   1.3296856e-01   6.4344173e-02   2.3147167e-02   1.1651762e-01   6.5393089e-02   8.7656752e-03  -8.1815491e-02  -2.8306041e-01  -4.6878890e-02  -8.1457001e-02   5.0561380e-02   7.1919743e-02   2.3199444e-01  -2.6850746e-01  -1.8864560e-03   4.5935468e-02  -8.5034074e-02   1.3026650e-01   1.6523577e-02  -1.1085609e-01  -1.1079239e-01   5.0977757e-02  -1.6713844e-01  -4.2457089e-02   3.0220317e-02   1.8426625e-01   2.9588738e-01  -1.4278043e-01   1.0368306e-02  -5.7965616e-02  -4.4298149e-02   1.3886728e-01   4.0321480e-01   1.1276851e-01  -2.2473106e-01  -6.4054206e-02   1.0689101e-01   1.5392568e-01   2.5077084e-01   6.1294522e-02   1.1406985e-01  -1.4260424e-01
  -1.4854181e-01  -5.0636689e-02   4.7471963e-02   1.4382670e-01   1.3879675e-01  -3.4124150e-01   1.1806108e-01  -1.1259183e-01  -1.1867209e-01  -4.0008510e-02  -9.7086656e-02  -2.4695961e-02   8.4725481e-02  -3.4403418e-02  -1.5979744e-01  -1.8985597e-01   1.3628212e-01   2.4501378e-02  -1.1987544e-01   6.8450665e-02   2.7059547e-02  -1.0915648e-01   3.0073645e-03  -3.7254515e-01   2.1572648e-01  -7.1326764e-02   3.0178907e-01  -1.1957982e-01  -1.5395286e-01  -4.6315624e-02   2.1805494e-01  -2.0991044e-01  -1.5539491e-01  -6.2357750e-02  -1.3290955e-03   2.2504398e-03  -1.0283152e-01  -5.2974544e-02   2.1120686e-01   1.1482255e-01  -1.3287062e-01   9.6154301e-02  -1.4201040e-01   1.9964962e-01  -1.9275651e-01   1.8679303e-02  -4.6286269e-02  -2.7426354e-02   6.1389463e-02
  -1.5446634e-01  -1.9872362e-01   1.0298659e-01   2.9038672e-02   2.1692020e-02  -1.0729760e-01  -7.5850888e-02  -1.8361147e-02   1.2150162e-01   2.6916236e-01   2.6346341e-01   1.7477175e-01   1.0037608e-01   2.3116063e-01   7.5357565e-02  -1.7755721e-01   6.9285491e-02   3.3391004e-02   1.7730345e-02   3.7330162e-01  -9.4085275e-03   1.7802276e-01  -1.4535277e-01  -6.9824717e-02   2.3731052e-02  -1.1913900e-01  -1.1080281e-01  -1.1192020e-01  -3.1738316e-02   6.6653739e-02  -7.6647351e-02   1.4106968e-01   1.3549021e-01   5.9392030e-02   2.7297337e-02   1.3761558e-01   2.2316165e-02  -4.1991660e-02  -4.1931497e-02  -1.0843471e-01  -5.1696226e-02   8.5630438e-02   1.6344472e-01   1.0378187e-02   3.3265612e-02  -1.1477158e-01  -1.1507148e-01  -4.2277182e-01   2.1132372e-01
  -1.5463234e-01  -2.3197300e-01   7.8112956e-02  -1.8637558e-01  -1.6116288e-01   3.2272992e-02  -1.8285370e-01   7.7129808e-02  -7.0971212e-02  -1.8666153e-01   6.6901671e-02   2.9271095e-01   1.7582129e-01  -1.4713865e-01   7.6833423e-02   9.6622619e-02   1.7008932e-02  -1.5231087e-01  -1.8802730e-01  -7.2511829e-02  -1.2786277e-01   1.1086905e-01  -6.4568588e-03  -5.5485039e-02   1.2085436e-01  -8.6637089e-02  -1.0588962e-01  -4.9369958e-02   1.1687815e-02   1.6907341e-01   1.2485097e-01   1.5263191e-01  -2.1811670e-01  -9.7580442e-02  -1.5634094e-01   9.2579147e-03   1.7336320e-01   1.1134101e-01  -1.3408079e-01   2.8270919e-01   8.1942808e-02   2.0873407e-01  -1.0477945e-01  -9.2497649e-02  -1.7246224e-01  -2.8099042e-01   6.1808319e-03   1.2238805e-01  -4.9595574e-02
  -1.2048676e-01   1.6861849e-01  -1.0583759e-02  -2.8363974e-02   8.4444168e-03   9.7794341e-02   2.6738868e-01  -2.3471775e-01   1.4352445e-01   4.7168820e-02  -4.5925375e-02   8.0411797e-02   4.7434312e-02  -8.0078323e-02   3.9765091e-02   1.5318389e-01   1.8286776e-01   3.4666912e-01  -1.3045948e-01   1.0560293e-01   1.5154311e-01   1.7943862e-01   3.1584870e-02   5.8544603e-02  -1.5870889e-01  -7.3818911e-02   1.1141954e-01   6.0590303e-02  -9.7510379e-02   1.8136999e-01  -2.2528163e-01  -1.5895784e-01   1.1439586e-01   2.1541868e-01  -8.9039142e-02   1.0464610e-01  -1.5760165e-02  -6.0024137e-02  -5.5451571e-02   1.8584947e-01  -6.3234768e-02   2.5401185e-01   7.2929907e-02   5.2938588e-02  -8.0971414e-02  -1.3640108e-01   3.2571743e-01   1.2870758e-01  -6.3068204e-02
  -1.6708908e-01  -1.9152458e-02   1.7915253e-01  -8.2640595e-03  -7.5726356e-03  -7.5963113e-02   2.0842871e-01  -3.5953958e-02   1.6952001e-03  -4.8077958e-02   1.5412980e-02   5.3309586e-02   1.4755857e-01  -8.6317653e-02   1.5952724e-01   4.8103634e-02  -2.2883463e-01   1.6588653e-01   2.3453685e-01  -8.6261560e-02  -2.3642327e-01   2.0753792e-01  -1.4062848e-01  -1.5933780e-01  -2.5647638e-01   1.9077624e-01  -4.0843234e-02  -4.7648251e-02   6.0778871e-02   1.3282111e-01   2.1728462e-01  -7.0776947e-02  -1.2220794e-02   5.6573977e-02  -1.6311808e-01  -5.4624557e-02  -1.0199972e-02  -1.4691296e-01  -1.4617137e-01  -2.2494802e-01  -1.8396366e-01  -1.5472152e-01   3.6315595e-02  -1.2754807e-01  -2.8020865e-01   2.1270987e-01  -1.0096641e-01   1.3244521e-01   8.3703323e-02
  -1.2370392e-01   1.3438255e-01   1.2717535e-01  -1.7585001e-01  -1.0090800e-01   1.6320241e-01  -1.0814467e-01  -1.3473809e-01   4.5659932e-02  -6.6487170e-02  -1.7481911e-01   3.0646559e-02   2.9435623e-02  -1.1112728e-01  -1.4549829e-01  -1.9090310e-01  -4.9019263e-02   1.0146466e-01   2.7950375e-01   1.3005924e-01   6.7790072e-02  -3.6798387e-01   5.1771676e-02  -9.4633443e-02  -1.6134587e-01  -3.1787361e-01   4.4899499e-02   2.2170151e-01  -7.1872949e-02   9.5584287e-02  -5.4936881e-02   3.4178923e-02  -1.4575032e-01   6.6727675e-03   1.1362826e-01   1.4477623e-01  -4.9704881e-02  -5.0820717e-02  -1.7784567e-01   7.4095313e-02   9.5228914e-02   3.6287032e-02  -1.2108973e-01  -2.3142042e-01   2.4726777e-02   6.6507169e-02  -1.8975031e-01  -3.9921951e-03   2.6634001e-01
  -1.1816976e-01   1.6688425e-01  -1.4749898e-01  -1.2017778e-02   2.9431216e-02   3.3470920e-02   2.0858105e-01  -3.0419873e-01  -5.2655033e-02   2.5347722e-01  -1.4149532e-01   9.0307700e-02   2.2632331e-01   1.1436398e-01  -1.4947216e-01   1.3131406e-01  -2.2332786e-01   2.5444986e-02   2.2142106e-01  -7.7411418e-02   5.6088729e-03   1.2811789e-01  -2.6208682e-02   1.4966468e-01   9.1706013e-02  -1.1000125e-01  -1.6304224e-01   1.0375195e-01  -1.2219248e-01   1.3521813e-02   1.6576064e-01   2.4980902e-01  -7.6217529e-02  -2.5051553e-01  -8.3637710e-02  -7.3475722e-02  -5.0819096e-02   1.9783416e-01   2.7786523e-01   1.3486796e-01   3.3183186e-02   7.7380754e-02   1.0942905e-01   6.7964000e-02   4.2484947e-02   5.2990381e-02  -1.3467189e-01  -7.7137592e-02  -1.4415063e-01
  -1.3621459e-01  -3.1434894e-02   9.4524612e-03  -1.1784519e-01   4.8733077e-02  -1.7438282e-01  -9.1991061e-02  -1.8764465e-01   1.8374667e-01  -1.8128316e-01   3.5307681e-01  -1.0506131e-01   1.7176487e-02  -2.0135737e-01  -4.2994001e-02  -1.1379998e-01   4.4803844e-02  -1.8942674e-02  -1.6192043e-01  -2.2150257e-01   5.0044501e-02   8.8826314e-02   1.2091684e-01   1.1811572e-01   1.0679923e-01  -1.7593743e-01  -1.0252808e-01   2.1366845e-01  -2.3610318e-01  -6.8049183e-02   9.2401970e-02  -9.6628086e-03   1.5384605e-01  -2.5915132e-02   1.1053868e-01   2.5810101e-01   8.2606917e-02   1.7861036e-01   1.6750373e-02  -3.1943881e-02  -1.4709775e-01  -2.3537275e-01   2.5908880e-01  -1.7515456e-03  -2.9801881e-02   1.8410657e-01  -6.3807426e-03   1.4913086e-01   5.8953051e-02
  -1.3485166e-01   1.7275750e-01  -3.9942330e-02   7.7315531e-02   1.7614465e-01  -1.7961726e-01  -1.9303465e-01  -2.6144751e-02   1.0545271e-01   1.6552425e-01  -1.2957130e-01  -1.7847258e-01  -1.2486378e-01  -8.3958884e-03  -1.5521995e-01  -2.9265547e-01   5.5687137e-02  -1.8279331e-02  -1.2103019e-01   5.9062277e-02   2.9321250e-02   2.0161039e-01  -1.6140385e-01  -6.4084875e-02  -6.4671857e-02   2.7219138e-01  -1.4854443e-01   1.6130084e-01  -2.9699196e-02  -1.2782932e-01  -6.8835443e-02   6.4623424e-02  -8.8843812e-02   3.8531261e-02  -1.2038913e-01  -2.6221503e-01   3.6859297e-02  -5.1266262e-02  -1.4924345e-01   1.9212085e-01   7.7718447e-02   5.9737659e-02   1.7981803e-01  -1.6150382e-01   3.3685472e-02  -1.7476812e-01  -1.9607988e-01   2.9423897e-01   6.5911903e-02
  -1.3661449e-01   1.9127222e-01  -8.5696946e-02  -2.7058783e-01   1.5600090e-02  -9.3734503e-02   8.2956015e-02  -9.6252918e-03   2.3059669e-01  -1.1519403e-01   1.1753825e-01   1.2572253e-01   4.3854218e-02   2.5098366e-01   3.8402090e-01  -2.0106667e-01  -2.2234802e-01  -1.1944860e-01   1.0713095e-02  -2.8491517e-02   5.5839560e-02  -5.8365212e-02  -1.0287341e-01  -2.1725795e-02   5.3346142e-02  -2.8456183e-02   1.1551864e-02   9.2653629e-03   4.9031448e-02  -1.4785303e-01  -1.7646763e-01  -1.4748864e-01   3.6074414e-02   1.3600105e-01   4.3177365e-04  -2.4884381e-02  -1.8054479e-01   1.0668857e-01   2.4512461e-01   1.2547197e-02  -1.0047897e-01  -4.4148813e-02  -3.0943846e-01  -1.2427306e-01   1.9323154e-02  -1.9547652e-01  -1.1526528e-01   1.2138279e-01  -1.4687878e-01
