  -1.2184708e-01   1.6892944e-01   7.2214596e-02   1.5275433e-01  -1.2653191e-02  -2.4263529e-01  -1.5058379e-01   1.4909278e-01  -1.2618616e-01   5.1236158e-02  -1.5816214e-01  -7.2668312e-02   8.4192875e-02   5.8212183e-02  -4.6161997e-01   5.1976200e-03  -7.9764375e-02   1.1754499e-02  -8.9873717e-03  -1.5365051e-01   1.3456116e-01  -6.6212699e-02  -7.3912161e-02   1.3213250e-01   6.0720170e-02  -9.0358964e-02  -2.3981632e-02  -9.8671568e-02   1.9724585e-02  -1.9597241e-01   8.7729407e-02   1.8214432e-02  -8.9370887e-02   1.4815109e-01  -1.2505428e-01  -2.4015104e-01   1.8700099e-01  -2.8041942e-01   4.9237555e-03  -9.1098530e-02   8.4896112e-02  -6.7749028e-02  -2.5117844e-03   9.0692681e-02   6.2509390e-02  -4.1040647e-02  -4.0043213e-02   9.7978012e-02  -3.8092496e-01
  -1.4220769e-01  -2.4222049e-01  -2.2280236e-01  -2.5331594e-01   1.0700922e-01   1.1857602e-02  -1.2846160e-01  -5.7779523e-02   5.4535159e-02  -7.5468549e-03   1.6177935e-01  -1.4750897e-02   9.8790044e-02   3.9658552e-02  -1.8753108e-01  -1.7239820e-02  -1.9042019e-02   1.5133406e-01   8.8291479e-02   1.9010036e-01   1.1851812e-01   1.4794432e-01  -7.7748676e-02  -1.6040184e-01  -9.1491452e-02   1.2793508e-01   5.6375092e-02  -2.5828575e-02   6.1090419e-02   1.8524591e-01  -2.7025121e-01  -4.6606187e-02   5.8489798e-02   8.7071182e-02   2.0481612e-01   3.5338761e-02  -6.9487896e-02  -2.2548744e-01   1.2058676e-01  -1.8295330e-01  -2.9058622e-02  -1.7420368e-01   6.7655875e-02  -2.2742250e-01  -2.6240945e-01   4.5952021e-02  -5.5847268e-02   2.4148339e-01  -2.1241473e-01
  -1.6368236e-01  -3.9211907e-02  -7.8362004e-02   9.1878915e-02   1.1025598e-02   4.9659042e-02  -1.2813194e-01   2.0911766e-01   1.5671737e-01  -2.2625806e-01  -9.0431618e-02  -3.2344599e-02  -3.0488709e-01   1.2235658e-01   1.0017917e-01   4.0263941e-02   1.0628375e-01  -9.4089777e-02   1.2984184e-01   1.4306263e-01   3.9478307e-02   1.4065618e-01   2.9107788e-01  -6.0724743e-02  -1.1453349e-01  -1.3721286e-01   9.7821859e-02   2.4488101e-03  -4.5348445e-02   8.1474263e-02  -3.4055959e-02  -2.1901641e-01   2.3241161e-02  -2.5100435e-01  -4.5539866e-02  -1.1646553e-01   1.8489157e-01   2.4941689e-02   7.3239934e-02  -3.2149220e-01   1.1422969e-01  -1.0337377e-01   2.4262383e-01   2.1133543e-01   7.1886138e-02   6.9853935e-02  -1.1225933e-02  -2.2817676e-01  -1.0490782e-01
  -1.1991440e-01   5.2969299e-03  -1.5531173e-01   2.5389375e-01   6.5015848e-02  -1.4612550e-01  -1.2923568e-01  -3.1881396e-02   1.1683636e-01   1.2472433e-01   3.5017711e-03  -1.1146221e-01  -2.4268140e-01  -1.7893020e-01  -6.0375603e-02   6.1740593e-04  -9.9920201e-03  -7.3414632e-02   2.4238641e-01   1.6469928e-01  -6.7248244e-02  -5.4248037e-03   1.5608146e-01   1.7537198e-01  -1.2320271e-01   1.2361448e-02  -2.4936028e-01   1.5631982e-01  -7.8584614e-03   1.3688738e-01  -1.3323637e-01   2.0867152e-01  -4.5718849e-02   9.6143990e-02  -2.1967502e-02   1.1998610e-01   3.0071305e-01   1.7867543e-02  -2.3185439e-01   2.1669903e-01  -1.2493635e-01  -1.6996094e-01  -2.5018728e-02  -1.4314465e-02   7.7724229e-02   4.2954902e-02  -4.6138361e-02   2.8490032e-01   1.7391829e-01
  -1.4624062e-01   1.4541362e-02  -2.0574058e-01  -1.4897917e-03   3.2871787e-01   6.1231341e-02   2.0396096e-01   1.0040353e-01  -3.3875969e-01   5.4119364e-03   3.1765383e-01   1.0573154e-02  -1.6708802e-01   5.3617637e-02  -8.1390870e-02  -1.1665232e-02   4.5003985e-02   1.2380264e-01  -7.5447608e-02   1.1196177e-01  -2.2578640e-01  -2.9501515e-01   5.7376581e-02  -1.5505479e-01   9.0607804e-03  -1.2121465e-01  -1.2309981e-01   8.6314194e-02  -1.4140510e-02   1.3846489e-01   7.7343914e-02  -1.1771959e-01  -9.1334689e-02   3.9463838e-03  -1.9578779e-01  -1.4152381e-01  -2.4583565e-01  -1.3408953e-01  -8.9261074e-02   6.1066655e-02   2.1672578e-01  -2.4038739e-02   4.4811868e-03   5.7416179e-02   1.2503747e-01  -6.4454975e-02  -1.0454769e-01   4.2255144e-02   3.8842859e-02
  -1.5206036e-01  -4.2597634e-02   1.5437099e-01  -1.0411895e-01   4.8178899e-03  -8.4868098e-02   4.7940395e-02  -4.1223223e-01   6.5988004e-03  -1.8289204e-01   2.8345247e-01  -2.1899177e-01  -4.3602727e-02   3.9827440e-02  -3.7587084e-03   8.5271708e-02  -1.9157079e-01  -1.4113168e-02   2.4749445e-02  -9.9902760e-02   5.2035787e-03   3.1386737e-01   1.5759630e-01   2.4202695e-02   3.2879587e-01   1.3452503e-01   2.8894733e-02   1.9006525e-01  -1.4907670e-01  -3.9221464e-02  -1.0102571e-01   9.9994444e-03  -2.0003851e-01   1.9246969e-02   1.8128661e-02  -1.7975234e-01   3.9917486e-02  -9.4064278e-02  -5.5820732e-02   1.2797174e-01  -3.2131557e-02  -2.2038928e-02   2.8000427e-02   1.6348628e-01  -4.3415735e-03  -2.1231430e-01  -1.1417540e-01  -1.7191497e-01  -1.3140858e-03
  -1.4660937e-01  -9.1623320e-02  -1.7083289e-01  -1.3322899e-01  -1.5768367e-01  -2.2024203e-01  -3.0750407e-01   1.0693482e-01   1.0511457e-01  -1.9463518e-01   1.4438092e-01   1.3219847e-02   7.1872299e-02   5.8678894e-02  -1.9598273e-02  -1.0755281e-02   2.6031190e-01  -3.8379089e-02   8.0785723e-02  -1.6100495e-01  -1.0551354e-02   4.8593471e-02  -4.0659175e-02   6.8565545e-02   7.4163159e-03  -9.4693313e-02  -4.8645926e-02   7.6726913e-03  -1.5715835e-01   6.4510794e-02   1.0026689e-01  -7.4064423e-02  -3.0656222e-01   9.9380837e-02  -9.2137462e-02   1.9396967e-01  -8.3896080e-02   4.7115348e-02   2.7308021e-01   2.4540286e-01   1.1843477e-01   3.1608296e-01   8.7207153e-02  -1.8047127e-01   2.0532027e-01   7.8599137e-02  -7.9394477e-03   2.9107674e-02   3.1853808e-02
  -1.4418652e-01   1.4892157e-01  -2.1449799e-01  -1.4798174e-01  -6.9417847e-02   1.1473896e-01   6.7951027e-02   1.3414271e-01   1.9794078e-01   7.9257552e-02   1.1013821e-03   1.4370572e-01   4.2699470e-02  -1.9614893e-01  -6.3257960e-03   9.3053675e-02  -2.0808582e-01  -7.0589561e-02  -7.6281158e-02  -2.8859225e-01   4.2479937e-02  -3.4203924e-02   5.7675074e-02   9.8022246e-04   1.4859522e-01   2.6609119e-01  -7.0907500e-02  -1.2916284e-01  -2.3998869e-02   1.8510235e-01   3.0908366e-01  -1.8717065e-01  -6.9682442e-02  -7.8622964e-02   2.5919613e-01  -2.7259244e-02   5.6908960e-02   5.4911268e-02  -2.6037779e-01   3.3960217e-02   8.4471096e-02  -1.2340567e-01   8.4513595e-02  -4.7764800e-02   6.3835433e-02   1.8963266e-01  -2.8518678e-01   1.1856424e-02  -4.7602039e-02
  -1.4928852e-01  -3.9088160e-02  -2.1319429e-01  -2.4525972e-01   1.1535981e-01  -5.0638142e-02   5.4598598e-02  -9.8505228e-02  -6.8074770e-03  -7.8107524e-02  -7.0755884e-02  -4.3527679e-02   1.7999192e-01   2.8666236e-01  -7.0827536e-02   4.1810377e-02   1.4160929e-01  -3.6871279e-01   1.1329561e-01  -2.3670973e-01  -2.3285752e-01  -2.0368810e-01  -7.7873651e-03   1.6488329e-01  -1.7246088e-01   1.0490366e-01  -2.3955076e-02   8.1260310e-02   8.0021389e-02  -8.7976385e-02   1.2745696e-01   1.2586170e-01   8.7890617e-03   1.6754950e-02   5.5071102e-02   1.6466045e-02  -5.8795553e-02   1.5308967e-01   7.2349398e-02  -1.3703597e-01  -1.8635580e-01  -3.1408965e-01   3.1727258e-02   1.5474487e-01  -3.3118040e-02  -1.9073716e-01   1.0933451e-01  -2.4064253e-02   5.2384093e-02
  -1.6355986e-01  -1.8315455e-01   2.3674047e-01  -3.1171604e-02  -8.3010352e-02  -9.3662604e-02   3.7543228e-02   1.7026996e-01  -1.2985230e-01   4.4948731e-02   9.7026072e-02   1.5009401e-01  -6.9537747e-02   3.0383838e-02  -1.3669818e-01  -1.0567654e-01  -6.6473186e-02  -3.1653085e-01   2.0846951e-01  -3.5952985e-02  -8.1380435e-03  -1.9690075e-01   8.8468885e-02  -1.8981490e-01  -4.1922703e-02   4.5512437e-01   1.0570611e-01   1.3127808e-01  -1.4472539e-01  -2.8127468e-02  -1.1603738e-01  -4.0334839e-02   2.6603715e-01   7.8007160e-02  -1.1474930e-01  -3.4269632e-03   1.5203123e-01   2.7683027e-03  -3.3526837e-02   2.9047638e-02   1.4523221e-01   2.0018894e-01  -1.4878509e-01  -1.1665112e-01  -4.4618337e-02   9.6222206e-02   4.2080280e-02  -1.3577966e-01   2.2329185e-02
  -1.5071184e-01   2.2604581e-01  -2.9502027e-02   1.1446572e-01   6.2761296e-02   1.9121972e-01   2.3484675e-01   1.1852984e-02   1.7460541e-02  -2.5723499e-01   5.1939768e-02  -6.6270083e-02   8.3695407e-02   7.9025607e-02  -1.8812659e-01   1.4137929e-01   1.5325187e-01   5.7450804e-02  -5.7887439e-02   8.0848975e-03  -5.9257496e-02   7.4109645e-02   1.7667628e-02   8.2080364e-02   6.5203261e-02  -4.4627911e-02  -9.4857499e-02   1.7876336e-01   1.2971402e-01  -2.1162716e-01  -3.5467595e-02  -3.4538989e-02   1.6918693e-01   1.7529213e-01   6.8653479e-02   1.2540949e-01   1.6002198e-01   6.5109371e-02   2.1641976e-01  -1.4590274e-02   2.6733344e-02   1.5989608e-01  -6.4954614e-02   9.3844487e-02  -2.6327893e-01   3.8158524e-01  -2.8502650e-01   3.6426628e-02   1.5238951e-01
  -1.3752654e-01  -1.0410717e-01  -2.3784733e-03  -2.2122532e-01  -1.3168238e-01   1.4904638e-01  -1.1525481e-01  -1.5275864e-01  -6.5050614e-02   9.9416786e-02  -1.9334048e-01   7.8440497e-02  -7.4398308e-02   2.6280752e-01   2.6121153e-03  -1.1114624e-01  -2.3235661e-01  -1.5755274e-01   9.6435856e-02   1.0456325e-01  -3.7322508e-03  -1.9580180e-01  -3.1739886e-01   3.4433724e-03   1.1891873e-01  -2.7312442e-01   5.4122286e-02  -1.7210937e-01  -2.5131252e-02  -1.1779274e-02  -1.5932135e-01  -4.6589345e-02  -8.5704461e-02  -7.7099747e-02  -6.7507941e-02   3.6800198e-04   1.0982177e-01  -1.7368008e-01  -1.0375132e-01   1.3213480e-01  -4.1209412e-02   7.4940244e-02   1.6436127e-01   1.7149439e-01  -8.2351784e-02   1.8083162e-01  -2.1202608e-01   1.9281186e-04   2.7618384e-01
  -1.3243273e-01  -3.2660336e-01   6.2512435e-02  -2.8179288e-02   1.0419995e-01  -4.3510490e-02   1.6010735e-02   2.1790964e-01  -2.3631049e-01   4.6271673e-02  -4.8778970e-02   8.4813467e-02   2.3884953e-02   1.3256701e-01   3.3072909e-02   1.4023268e-01   1.2389118e-01   3.6780882e-02  -1.1093054e-01   2.3428233e-01   1.2113373e-01   1.4496325e-01   1.5369954e-01  -5.9540400e-02   4.3542812e-02  -4.9718999e-02   1.6507485e-01  -1.5176247e-01   1.2071307e-01  -2.3271928e-01   2.5856741e-01   4.1496300e-02  -1.6256165e-01   1.8731887e-01   2.1641339e-01  -1.0117138e-01   2.2008696e-01   1.3785169e-01  -1.1150999e-01   7.1458242e-02  -1.2690067e-01  -3.7801027e-02  -2.0816732e-02  -2.0433291e-01   3.6317741e-02  -1.6399055e-01  -1.5970799e-01  -2.4125967e-02   2.1872831e-01
  -1.4612344e-01  -6.0760582e-02   6.8946740e-02  -1.1958289e-01   2.3645795e-01  -2.3473304e-01   1.3189467e-01   6.3316972e-02   2.0986577e-01   1.3871396e-01  -2.9640848e-01  -6.3397335e-02   9.1956518e-02   1.9225273e-01   1.9226871e-01  -1.3617828e-01   1.2396684e-01   8.7343933e-02   6.2647642e-02  -2.7164807e-02   4.3035291e-02   1.1851677e-01   2.9653005e-02   4.9094283e-02   2.5574467e-01  -1.3710296e-01  -1.7194314e-01   1.2387721e-01  -3.3048240e-01   3.4599376e-03   9.3988566e-02   1.6499324e-01   1.4161933e-01  -5.2123532e-02  -1.5902462e-02  -2.1487098e-02  -1.1967511e-01  -5.8135368e-02  -1.5160105e-01  -1.6891876e-01   2.9389770e-01   3.6234416e-03  -1.4031388e-01  -1.1877381e-01  -1.2713537e-01   5.7510944e-02  -2.6831822e-02   8.5305542e-02   7.6085717e-02
  -1.4350409e-01   3.0710351e-01   6.0942755e-02  -2.0345731e-01   1.6179122e-01  -6.6352917e-02   1.5481522e-03  -5.7938810e-02   4.3772673e-02   1.2876457e-01   4.6533250e-03   1.0799859e-01  -1.3039110e-01  -8.6363785e-02   2.0761741e-01  -1.1526338e-02   7.9527170e-02  -8.2197488e-02  -1.1786080e-01   2.6351894e-01  -2.2842754e-01   3.2931552e-03  -4.7644434e-02   7.2660772e-02   1.0688597e-01   2.4642732e-01   1.2124337e-02  -1.9351879e-01   1.3353981e-01   3.1137083e-02  -4.1379660e-02   2.6060112e-01  -2.2012356e-01   1.4880246e-01   1.2028099e-01  -6.7125552e-02   1.3763048e-01  -1.9987063e-01   2.0899132e-01  -2.0738078e-01   3.8174976e-02   1.4989933e-01  -1.8787760e-02   4.0891100e-02   1.7333046e-01   1.5889912e-01   1.7772607e-01  -7.5716321e-02  -1.1352766e-02
  -1.3842933e-01  -7.2198107e-02  -4.2423554e-02   7.2995633e-02   1.9016430e-01  -1.4934427e-01  -5.7390418e-02  -1.5891616e-02   3.2628901e-03   2.7331688e-02  -7.3794062e-02  -1.6773592e-01   9.0562583e-02  -6.3986339e-02   4.7862678e-02   1.3437866e-01  -3.7403613e-01  -4.7890893e-02  -5.8203333e-02   4.6220686e-02  -2.3798071e-01   4.3170326e-02  -9.0847549e-02  -2.6045709e-01  -1.3567953e-01  -1.3267518e-01  -3.2531940e-01  -2.2945042e-01  -1.0264343e-01   7.1680659e-02   5.4615173e-02   4.1047122e-02   6.9229903e-02  -3.1679082e-02  -2.7123460e-02  -1.3071972e-01   9.9274476e-02   2.8057787e-01   2.4513847e-01   1.4363855e-01  -9.0737263e-02   7.7436957e-02  -6.1456369e-02  -1.0082825e-01  -1.7264854e-01   5.1668911e-02  -6.3099089e-03  -2.4780043e-01  -1.6534480e-01
  -1.3557153e-01  -6.0513534e-03   7.1895659e-02  -1.6901052e-01  -1.5538690e-01   4.2676984e-03   3.7389444e-02  -7.3885658e-02  -2.0756722e-02  -3.8671133e-02  -9.6468606e-02  -3.5162033e-02   7.8161242e-02  -2.4110768e-01  -2.4148849e-01  -3.3489923e-01  -1.9111055e-02   9.6272953e-02   9.5542646e-02  -3.7166783e-02  -1.3426862e-01  -2.5934919e-03   4.0717176e-01  -3.5399407e-02   1.9862186e-01  -2.3890088e-01  -5.2678822e-02  -2.5300701e-01   8.8086099e-02   9.2332286e-02  -6.3213418e-02  -8.9325894e-02   2.0316099e-01   2.4334351e-01  -3.6220211e-02   3.7133678e-02  -1.3410684e-01   5.8954892e-02   5.0628665e-02  -1.3447057e-01  -1.7428771e-01  -8.6590785e-02  -5.2507343e-02  -4.3154843e-02   2.1002783e-01   3.2343153e-02   4.2083541e-02  -1.0598645e-01   1.6404415e-01
  -1.4947589e-01  -2.6398694e-01   3.8318792e-02   1.7832616e-01   1.9583104e-01   1.4746529e-02  -3.3559832e-01  -7.7868245e-02   2.5686200e-01  -5.8555080e-03  -2.2856481e-02  -2.5423379e-02  -1.2505752e-01  -1.3747326e-01  -4.5597731e-02  -1.1116791e-01   3.1754342e-02   3.8768195e-02  -2.4545405e-01  -9.2687787e-02  -2.2710559e-02  -2.2695102e-01  -7.4387620e-02  -1.8078707e-03   1.5504905e-01  -4.5265454e-03   2.0472107e-01   6.2416195e-02   2.0913526e-01  -1.0312696e-01  -2.4311560e-02  -5.5566383e-02  -2.6819877e-02  -6.1120263e-02   1.4821341e-01   3.0376868e-02  -8.2422394e-02   2.4886663e-02   1.2544820e-01   1.3676170e-01   2.1128427e-01  -2.3855761e-01  -3.6161742e-01   1.2443923e-01  -2.3753495e-02   8.2212011e-02   3.7689013e-02  -1.2135736e-01   6.3123634e-02
  -1.5730645e-01  -1.6621949e-01   1.6476544e-01   1.9879426e-01  -9.6054237e-02  -2.4191945e-01  -8.6096053e-03  -2.1676286e-01  -2.7829623e-01  -5.5915068e-02  -3.3281190e-02  -8.8335457e-02  -2.1664478e-01   2.7566952e-02   6.8761014e-02   2.2559643e-02   1.4064184e-02  -6.5752783e-02  -2.8387068e-01  -8.4063296e-02   1.7701419e-01  -1.1296259e-01  -7.3846223e-02  -1.2276382e-01   6.0586811e-02   5.6952740e-02  -2.0053585e-01   5.8980618e-03   4.6515154e-04   1.4535203e-01   1.3284481e-01  -3.2213888e-02  -6.3249780e-03   1.0680646e-01   1.4987308e-01   3.3446379e-01  -1.1005256e-01   8.8461962e-02  -5.5927671e-02  -3.1651351e-01  -8.9108037e-02   5.3781596e-02   2.1046568e-01   1.3469296e-01  -1.1251952e-02   1.2617274e-01   4.0584194e-02   1.3502323e-01  -4.1794149e-02
  -1.3487775e-01  -6.7075470e-02  -4.0521392e-02   1.1722369e-01  -1.7043990e-01   1.1713739e-01   1.3265912e-01   6.1424940e-02   2.0577368e-01   2.3990027e-02   2.2034610e-01   8.3327358e-02   3.8563145e-02  -2.5450898e-01  -1.3532334e-02   4.2243831e-02  -4.1890009e-02  -3.1948917e-01  -5.5353487e-02   6.8940598e-02   4.3563327e-02   1.3656977e-01  -2.1147980e-01  -4.7857079e-02  -8.4634428e-02  -1.5484402e-01  -1.6327157e-01  -1.3769643e-01  -4.8969086e-02  -1.3170182e-01   1.5209882e-02   3.3760783e-02  -6.3637098e-02   8.5670461e-02  -1.4125166e-01   2.0956982e-01  -4.5503479e-03  -1.6271017e-01   1.6565333e-02  -3.1128383e-01   1.8312338e-01  -3.9417259e-02  -1.7055050e-01   9.7261855e-03  -3.4274238e-02  -3.8339673e-01  -1.4167619e-01  -5.4389171e-02   1.4022566e-01
  -1.4584961e-01  -4.7002480e-02   5.7083824e-02   9.9018567e-02  -6.0211911e-02  -1.0256452e-01   7.3790068e-02   6.4685992e-02   4.4602528e-02   1.7237174e-01   1.1206327e-01   2.6029885e-01   6.7092187e-02  -7.0181720e-02   1.2988460e-01   2.6988585e-01  -4.0891061e-03  -1.7535250e-01  -9.3710383e-02  -1.3251232e-01  -2.3666056e-01   5.6605767e-02   2.4845276e-01  -6.5303553e-02  -6.1375837e-02  -3.3815003e-01   2.5455911e-01   4.5509631e-02  -1.4395417e-01  -9.9951625e-02  -7.8989486e-02   7.9963982e-02   7.8136729e-02   6.1532615e-02   1.4359877e-01   7.7236326e-02  -1.7021406e-01  -2.8597157e-01  -6.6509261e-02   1.7259063e-01  -1.5063028e-01  -2.5146080e-02   8.8603979e-02   9.0057073e-02  -1.0530050e-01   1.8676879e-01   1.1242810e-01   7.0214355e-02  -1.8336651e-01
  -1.5268918e-01  -2.8005007e-03  -1.3456585e-01  -9.3616016e-02  -2.3158615e-01   1.9724878e-01  -1.1636413e-01  -2.2390621e-01  -1.3411600e-01   5.5994742e-02  -8.2688108e-02   2.0785951e-01   2.2983606e-02   4.6437911e-02  -1.4224829e-01  -2.9859436e-02   2.1838130e-01   1.2439261e-01  -1.8304511e-01  -7.2352302e-03  -2.9683772e-02   1.0940183e-01   1.2446452e-01  -4.8601151e-02  -1.7714482e-01  -5.1577342e-02  -3.9699849e-02   3.6918802e-02  -1.3138088e-01   2.5966240e-01   1.0718667e-01   7.9340815e-02  -1.1796538e-01  -7.1893506e-02  -3.9789289e-02  -9.2699496e-02   1.9189111e-01   7.1439871e-02  -1.8273970e-01  -3.7022448e-02   2.7590292e-03   1.8828410e-01  -4.2144511e-01   1.9610803e-01  -2.1330430e-01  -3.0945344e-02   1.3490919e-01  -1.1585049e-02  -9.7297675e-02
  -1.3625244e-01  -6.8871159e-02   2.1687367e-01  -4.9212572e-02   5.1558891e-02   4.2256303e-02   1.7488160e-01   4.4849575e-02   1.2313522e-01  -2.3248388e-01  -1.2120951e-01   2.5031134e-01  -2.1108996e-01   8.0424302e-02  -1.8442866e-01  -5.8162858e-02  -2.1733511e-01   1.3809559e-01   2.0495197e-01   1.9853283e-01  -1.7119689e-01   2.1218197e-01  -1.5066717e-01   1.4503281e-01  -5.6253458e-02   5.5970587e-02  -9.4964501e-02  -7.1699359e-03   8.3558360e-02  -4.7099105e-02   3.0946420e-01  -1.7681423e-01  -2.6751416e-02  -1.9819508e-03   7.1512421e-02   2.2234784e-01  -1.3316212e-01  -4.3891768e-02  -4.4898904e-02   1.9753441e-01   1.1509811e-02  -3.7083354e-03  -2.2896151e-02   9.9733157e-02  -2.6514872e-02  -7.2445664e-02   2.8993289e-01   8.1218165e-02  -1.2096795e-01
  -1.4181068e-01  -2.6067851e-02   1.3319742e-01  -1.1071043e-01   4.9189887e-02   1.5962929e-03  -4.1361427e-02   2.3374280e-02  -1.1449303e-01   2.0997718e-01   3.4088729e-01   6.9489764e-02   1.9997536e-01  -2.1886289e-01   3.3299261e-02  -1.7544241e-01   1.6078632e-01   2.6750059e-01   4.8665564e-02   5.8330728e-02   6.4527758e-03  -6.9818317e-02  -1.5701185e-01   1.1109921e-01   8.1587202e-02  -3.8008555e-02  -2.3449330e-02   5.9164572e-02  -2.1719919e-01  -1.2345038e-01   1.7207190e-01  -1.7232986e-02   9.6040376e-02  -2.3519868e-01  -8.3562199e-02   1.9819975e-01   3.3893697e-01   6.2105264e-02   8.8784729e-02  -3.1867675e-03  -1.0536162e-01  -2.3081760e-01   2.1730946e-01   1.1744101e-01  -5.5103315e-02   5.8579972e-02   7.5248931e-02  -1.3806363e-01  -5.4170994e-02
  -1.3796490e-01   2.4860120e-02  -6.3166840e-02   3.2514266e-02   1.8151036e-01   1.7692140e-01  -3.4348755e-02   3.4143314e-01   1.1658493e-01  -5.3928540e-03   2.3578779e-01  -6.3613585e-02  -6.8406697e-02   1.9433776e-01  -7.6542970e-02  -1.3341239e-01  -7.5881928e-02  -1.1897608e-01  -3.1700282e-01  -7.2315185e-02   2.8028115e-01   8.1371947e-02   2.4393684e-02   2.0417935e-01   1.4872244e-01   4.3211854e-02  -6.7057016e-02  -2.0677314e-01  -1.0091918e-01   1.2793734e-01  -1.1032379e-01   1.0213701e-01   2.0617773e-01  -4.1007777e-02  -2.3854171e-02  -6.0016055e-02  -5.3602951e-02   2.5724583e-02   1.4503609e-02   1.2390586e-01  -2.6552945e-01   1.6405599e-01   2.6128085e-02   1.3142251e-01  -3.5266116e-02  -9.9625948e-02   2.5940045e-01   9.8615033e-02   9.7063703e-02
  -1.4621708e-01   1.0346515e-01  -3.1114418e-02  -6.8373213e-02  -1.0138562e-01  -8.8166614e-02   1.6545961e-01  -1.3676538e-01   1.3615001e-01   1.8171090e-01   1.1129890e-01   2.2428961e-01  -3.4464451e-01   2.7497028e-02   3.4875731e-02  -1.3859385e-01   6.8015299e-02   8.0340375e-02   6.0196197e-02  -4.9190299e-02   2.9433575e-01   7.0050116e-02  -1.0659284e-01  -7.9215426e-02  -2.0457941e-01  -1.4606598e-02   2.9349282e-02  -5.7869630e-02  -7.7975492e-02  -2.2238394e-01  -3.7753468e-02   9.9094245e-02  -1.3991619e-02   2.1173253e-01  -1.0807878e-01  -2.7060208e-01  -2.1663118e-01   3.5920862e-01   1.2812637e-01   7.9881008e-02  -2.2037979e-02  -1.6982845e-01   1.3645452e-02   8.0622761e-02   2.0714629e-02   1.2684087e-01  -1.2102749e-01   4.4440047e-02  -8.2019702e-02
  -1.4261685e-01   8.1669981e-02  -9.4956344e-03   1.0791541e-01  -1.2177328e-01   1.3284230e-01  -1.8331742e-01  -2.2315472e-02  -2.6651937e-02  -9.6155043e-02   8.7341030e-02  -2.3349491e-01   1.1062410e-01  -4.5520813e-02   3.2698964e-01  -1.4740692e-01   7.1115626e-02  -1.6280268e-01   1.9835910e-01   2.8826005e-01   1.2364202e-02  -1.4095791e-01   1.2354274e-01   8.9781949e-02   1.5325144e-01   9.3953279e-02   7.9795427e-02  -1.7114501e-01   8.6701472e-02  -9.7331612e-02   2.5393834e-01  -1.3106752e-02  -4.2514038e-03   7.4045491e-02  -1.8635731e-01  -3.3375554e-02  -2.2451332e-01   3.6681131e-02  -1.3326605e-01   5.9582099e-02  -7.2412043e-02   3.7448965e-02  -7.2357472e-02   1.4896219e-02  -3.0635348e-01   3.3424528e-02  -9.7438226e-02   1.2961578e-01  -2.9132644e-01
  -1.4978754e-01   3.0771157e-01   4.8415854e-02   2.5054935e-02  -2.2233482e-01  -8.4308644e-02  -3.9665673e-02   2.7716018e-01  -2.2515146e-01  -1.5264024e-02  -4.6197722e-02  -1.0206883e-01   2.7782867e-02   4.5603599e-02   1.5151384e-01  -1.5371116e-01  -1.4125960e-01   1.1403094e-01   9.6744308e-02  -9.0332514e-02   1.7843682e-01   3.6535839e-02   8.1144688e-02  -1.6052773e-01  -1.6431800e-01   2.5021837e-02  -4.3236405e-02   1.0148850e-01   8.3318224e-02   1.2802876e-01   4.5536460e-02   1.3872731e-01  -1.4174878e-01  -1.3870882e-02   1.8924212e-01   6.2277029e-02  -1.0369652e-01  -2.1717888e-01   2.0228404e-01   1.5348187e-01   8.9646785e-02  -2.3691387e-01  -4.8943004e-02   7.3942702e-02  -2.5370917e-01  -7.4052104e-02   6.9089764e-02  -1.5451570e-01   2.8054882e-01
  -1.4236559e-01   6.4041463e-02  -6.9021383e-02   1.7133337e-01   2.4518336e-01   5.5959711e-03   1.2900299e-02  -4.8737243e-02  -9.1136051e-02  -1.1413651e-01  -1.9090377e-01   3.8542561e-01   1.2606249e-01  -1.2926317e-02   1.4773803e-01  -2.5697438e-01  -1.7915953e-01  -3.7469499e-02  -1.6762454e-01  -3.3832157e-02   8.2622965e-02   5.7833546e-02   2.0920802e-02   2.3196785e-01  -2.8236038e-02   3.8869037e-03   1.2922080e-01   2.4451165e-01   4.9415474e-02   1.7158398e-01  -1.2410979e-01  -3.4268859e-02  -1.3484445e-01   1.2727189e-01  -2.7241005e-01   1.3697870e-01   1.0483528e-02   2.0366369e-02   1.2812249e-02  -3.6982151e-02  -1.5845416e-01  -3.7027544e-02   6.6246365e-02  -2.3352015e-01  -4.5684684e-02  -6.1675265e-02  -1.8355630e-01  -2.1432091e-01  -1.2380807e-01
  -1.5207663e-01   1.2883128e-01   1.2038924e-01  -5.3344228e-02   1.6612181e-02   2.4272022e-01  -1.7148133e-01  -1.6664991e-01   1.2776305e-01   1.2216692e-01   2.3611414e-02   7.0391310e-02   6.9425258e-02   2.2509190e-01  -3.3733996e-02   4.2339853e-01  -5.7566108e-02   8.4285181e-02   5.8696295e-02   3.1382718e-02   2.3079115e-01  -8.8348240e-02   1.1598359e-01  -1.5949308e-01   9.8291270e-02  -5.3569276e-02  -3.4765563e-02   4.1210535e-02   2.1615598e-01   1.2958645e-01   1.1767937e-01   2.2664252e-01   1.8959764e-01   1.1908899e-01  -2.6214710e-01   2.0263334e-01   1.1631754e-02   3.9917826e-02  -6.3185630e-03   7.4716878e-02   1.8778776e-01  -9.7791293e-02   1.1757373e-01  -1.2225437e-01   1.5141947e-01  -5.9336110e-02   1.2319702e-01  -1.0529208e-01  -3.6996842e-02
  -1.3986815e-01   4.8061304e-02  -8.9546145e-02   9.4604743e-02   1.0346798e-01   2.7232201e-01  -1.3497452e-01   5.8228619e-02  -2.8557420e-01  -1.3138226e-01  -6.6831092e-02   9.7034516e-02   1.0814981e-01  -1.3269397e-01   8.5689222e-02  -7.7360439e-02   1.2644153e-01  -1.5556349e-01   1.8858957e-01  -1.5285867e-01   1.5131517e-02   2.6262072e-01  -2.2301330e-01  -2.4336899e-01   1.9635354e-01  -5.6346113e-02  -2.0235279e-01   6.5067585e-02   7.6494343e-02  -2.0529764e-01  -2.4229574e-01   4.8666903e-02  -4.5455634e-02  -5.7259085e-03   1.4218982e-01  -8.0650583e-02  -3.9575698e-02   1.3205115e-01  -2.2629477e-01   2.6408592e-02   8.2597136e-02  -6.1517365e-02   4.2833543e-02  -3.5751461e-02   1.6127885e-01   9.7865810e-02   2.6277333e-01   1.5978909e-02  -8.8015660e-02
  -1.3719840e-01  -6.6154740e-02  -4.8716616e-03  -2.7350107e-01  -1.0079670e-01   9.0699819e-02  -6.7214549e-02   2.4365341e-01  -1.3084929e-01  -1.1470603e-01  -1.6478671e-01  -2.1194998e-01  -4.6535249e-02  -1.1197111e-01   4.7405944e-02   1.8741339e-01  -2.2872942e-01   1.6915089e-01  -2.1800843e-01   4.0796813e-03  -1.1519682e-01   1.0655184e-01   1.0981646e-02   1.1230598e-02  -9.2900958e-02   1.6735124e-01   1.3166580e-01   5.3164691e-02  -1.5221809e-01  -2.1784234e-01  -1.2883791e-01   1.5757066e-01  -7.8064837e-02  -9.9492271e-02  -3.4568977e-01   1.9463183e-01  -1.1213557e-01   7.9939166e-02  -3.9710720e-02  -9.5788120e-02  -6.6270026e-02  -1.4074879e-01  -1.4898734e-01   6.1485010e-02   1.7509332e-01   1.5117397e-01  -6.3680363e-02   1.7954368e-01   6.9769131e-04
  -1.6280120e-01   1.6730971e-01  -2.1044942e-01   1.8376473e-01  -1.0374359e-02  -7.2022554e-02  -1.3646982e-01  -7.6341922e-02  -1.9894714e-02   1.4353938e-01  -1.7958987e-01   9.5081981e-02   6.4141189e-02  -1.0793272e-03  -2.4250980e-01   7.1527945e-02   7.8816885e-02   1.1399836e-01   3.5496400e-02   2.6497495e-01  -9.0544856e-05  -3.9138155e-02   4.8921388e-02  -1.4544088e-02   3.5332492e-02   2.1996329e-01  -3.0399722e-03  -4.0249064e-02  -1.8874943e-01  -2.1373582e-01  -1.1570023e-01   7.2306309e-02   1.0977283e-01  -2.4818925e-01   2.1601486e-01   1.5883824e-01  -3.2953982e-01   2.0255940e-02  -2.2850840e-02   3.9290641e-02  -8.6029457e-02   1.8928576e-01   9.6342651e-02   9.0167720e-02   9.7204094e-02  -2.1446854e-01  -1.9351646e-01  -2.2503026e-01   2.3949914e-02
  -1.3518194e-01  -3.4498057e-03  -1.4115228e-01  -6.5360311e-02   5.6989930e-02  -9.7068398e-03   4.1259545e-02  -1.2729566e-01  -1.7585013e-01  -2.4145085e-01  -8.8914058e-02   9.0084897e-02  -3.1325049e-01  -1.6241979e-01   2.3609468e-01   1.3540735e-01   6.4669663e-02   1.0969807e-01   1.8377439e-01  -2.6209793e-01   1.1771331e-01  -9.6769753e-02  -7.6333362e-02   4.8016927e-02   6.0092320e-02  -5.3997273e-02   4.0916182e-02  -1.3451993e-01   7.9289031e-03  -2.9940542e-02   9.2238137e-02   8.8682924e-02   3.4451075e-01  -1.8009229e-01   2.9454514e-02  -1.5623305e-02   1.3604644e-01  -2.5460219e-01   1.8968080e-01   4.7521349e-02  -1.7168926e-01   9.1879776e-02  -2.0334421e-01  -1.4265210e-01   7.1824080e-02  -1.8949228e-01  -1.1236446e-01   9.3960978e-02  -5.3294978e-02
  -1.3911285e-01   8.3195634e-02  -1.3637654e-01  -9.9447402e-02  -1.9468184e-01  -1.7089533e-01  -4.2117708e-02  -7.2936732e-03  -1.4847966e-01   9.0767917e-02   1.3704574e-01  -2.2946448e-01  -6.4459553e-02   1.4363522e-02   2.0851467e-02   6.6974927e-02  -4.9715336e-02  -7.4806545e-02  -9.7525977e-02   1.5519494e-01  -5.9794011e-03   1.6928887e-01  -2.7218016e-01   3.5623913e-01  -1.1785681e-01  -1.5307658e-01   1.2328728e-01   1.8183563e-01   1.3744209e-01   8.5010879e-02   5.5379552e-02  -1.2668654e-01   3.3259969e-01   5.8142212e-02   1.1459223e-01  -8.7038090e-02  -8.4694146e-02   2.1623062e-02  -2.1716723e-01  -1.5886658e-02   7.8750003e-02   2.8617081e-03  -1.1072918e-01  -1.7827418e-01   1.4224366e-01   1.1443916e-01   7.5704166e-02  -2.8979203e-01  -8.8035813e-03
  -1.4388074e-01  -2.4616637e-02  -2.0775817e-01   2.6863877e-01  -2.1524538e-02   1.2754194e-01   3.0243483e-01  -1.1247011e-01  -8.6162291e-02   8.4063916e-03  -7.0840304e-02  -1.3781733e-01   1.6576620e-01  -2.3047793e-02  -9.9022663e-03   5.1343755e-02  -1.9555061e-01   1.3793923e-02   1.7373237e-01   8.8977592e-02   1.1232328e-01  -1.0698475e-01  -5.2254894e-02   7.8898565e-02   8.2815049e-02  -3.7854520e-02   4.1803160e-01  -7.2994451e-02  -3.1269265e-01   1.5140311e-01   2.0928814e-02  -1.4627163e-05  -1.0661929e-01   9.3446678e-02   1.2915920e-01   2.4256797e-02   9.4170174e-02   1.6953039e-01   2.0742458e-01  -4.3813042e-02   1.8069164e-01  -1.1307874e-02  -4.7599100e-02   2.1728722e-02   1.4732018e-01   1.6239637e-02   2.4632020e-01   1.4825998e-01   3.3898906e-02
  -1.3353220e-01   1.7376591e-01   5.5423873e-02  -1.6927951e-01  -1.8146715e-01  -3.9718260e-02   9.6605066e-02   2.5670166e-02   1.5257014e-01  -1.0704666e-01   1.2807414e-02  -1.1862636e-02   8.2016460e-02   9.0501905e-02   8.7789264e-02  -2.2330475e-01  -1.1569527e-01  -8.9053488e-02  -2.3489225e-01   2.1390006e-01   2.4505921e-02  -2.2903334e-01   6.4617280e-02  -2.1798507e-01   2.2344934e-02  -1.8575543e-01  -5.3469425e-02   3.1932389e-01   7.4652529e-02  -1.0775266e-01  -7.7419296e-02  -3.1249783e-02   5.0524928e-02  -1.4750003e-01   2.2586565e-01   1.3390819e-02   1.9048997e-01   1.2085805e-01   5.0977275e-02   8.9428138e-02  -1.2421201e-02   5.8440005e-02  -4.5456883e-02  -7.6308328e-02   2.2345331e-01  -2.2502661e-01  -4.4396912e-02   2.6595615e-01  -2.3561666e-01
  -1.5338334e-01   5.2137320e-03   6.8309440e-02   8.6406896e-02   5.3870534e-02  -2.6906130e-02  -6.1629094e-02   3.1167806e-02  -1.7981670e-02   2.3555829e-01  -2.7354887e-02  -8.7725416e-02   3.9574178e-02  -2.1276354e-02   1.5693028e-02  -1.8019920e-01   1.8174525e-02   3.5996223e-02   3.1999492e-02  -1.9638183e-01  -2.8439621e-01   3.2862665e-01  -1.1521998e-01  -1.2602638e-01  -4.9214827e-02   4.8046987e-02   3.0473390e-01   1.2818606e-02   2.9174527e-01   1.8159814e-01   8.9829688e-02   8.7918015e-02   1.8820640e-01  -4.7214914e-02  -8.1189792e-02  -7.3417202e-04   2.8093428e-02   1.3396966e-01   5.8527428e-02   1.1403021e-02   1.3592445e-01   2.0429278e-01   1.9455233e-01   1.9824440e-01   2.9055425e-02  -2.0808771e-01  -2.1497380e-01   2.6519601e-01   3.7951589e-02
  -1.4332927e-01   1.2550115e-01   9.9047862e-02   1.4733488e-01  -1.7283836e-01   2.2358853e-01  -1.5110495e-01   3.3680865e-02   2.1820527e-02   2.6545476e-01   3.3156070e-02  -1.7471164e-02  -2.6852358e-01   1.4924418e-01  -2.3291433e-02   7.8313423e-02  -4.9643142e-02   1.1705711e-01   2.3413545e-02  -1.5789068e-01  -2.9692500e-01  -6.2686090e-02  -1.3136015e-02   8.8334028e-02   1.6589675e-01  -3.8649021e-03  -3.0335515e-02   1.3841422e-01  -8.9030633e-02  -1.0335340e-01  -2.5151794e-02  -2.0815255e-01  -1.3817125e-01  -3.5345396e-02   2.7042461e-02  -1.1177894e-01  -3.0840268e-02   8.8767979e-02   1.2112728e-01  -2.3961305e-01  -1.4985512e-01  -3.6916189e-03   3.1207570e-02  -4.2670464e-01  -1.8225923e-01  -1.3407149e-01   1.0890002e-01   1.0613469e-01   9.3462752e-02
  -1.3124478e-01   8.7427671e-02   3.8004103e-01   8.6527043e-02   2.2433625e-01   1.6033918e-01  -9.3163174e-03  -3.3070125e-02   5.3944484e-02   1.3210458e-01   7.1642882e-02  -1.5647509e-01   1.5672797e-01   1.5541343e-01   3.3460691e-02   1.8966697e-03   9.8309084e-02  -4.6966400e-02   1.8023483e-01  -5.5683479e-02   1.1278357e-01   5.2627805e-02  -7.5630013e-02  -6.2597009e-02  -2.8279227e-01  -2.2999574e-02  -1.0692307e-02  -2.8042708e-02  -7.5176894e-02   1.3645183e-01   2.2586812e-02  -1.9383469e-01  -1.2731043e-01  -9.2652992e-02   9.4056484e-02   4.5619807e-02  -9.9289989e-02  -1.1329388e-01  -3.9421846e-03  -5.8840343e-02  -3.0147437e-01   1.0216192e-02  -3.1670950e-01  -3.0295939e-03   3.4194205e-01   1.3737399e-01  -2.0054907e-01   6.4343870e-03  -2.4205574e-02
  -1.5177200e-01  -4.2265616e-03  -7.8841420e-02  -7.8517717e-02   4.1424857e-02   2.7419958e-02   1.6582634e-01  -1.4010634e-01   2.6922516e-02   2.1811285e-01  -3.2561332e-01  -1.7927531e-01   2.3856953e-02  -2.4375165e-01  -3.2551355e-02   6.3476884e-02   2.1501758e-01  -2.0221679e-01  -1.8410167e-01   8.7707945e-02   1.7292068e-01   1.0483808e-01   2.1007748e-02  -1.2636457e-01  -2.5395807e-02   1.2195421e-01  -4.5815559e-02   1.3220636e-01   4.9745921e-02  -5.8505538e-02   8.7229115e-02  -3.8829734e-01  -4.8570115e-03  -5.6324343e-02  -2.4240753e-01  -1.0044810e-01  -4.5752913e-03  -2.0078398e-01   1.5839558e-01   2.2693877e-01  -8.4787178e-02  -1.3204363e-02   1.3289231e-01  -4.7148415e-02  -4.9680857e-02  -8.4242815e-03   2.0265172e-01   6.6994726e-02   1.1718514e-01
  -1.2736455e-01   2.3689778e-01   2.4124023e-01  -9.5778059e-02   9.3031363e-02  -1.0204397e-02  -3.5257955e-02   2.3821676e-03   2.6638483e-02  -1.8138971e-01  -1.0695182e-01  -9.2142827e-02  -2.6218652e-02  -5.6484693e-02   8.7275897e-02   1.0733713e-01   2.3851799e-01   9.8919782e-02  -1.2416626e-01  -5.7685993e-02  -9.8838093e-02  -1.3483105e-01  -9.7163231e-02   4.8374473e-02  -1.7337511e-01   2.1926754e-02   9.1371278e-02  -2.8003268e-01  -2.2044157e-01   8.0559533e-02  -3.0258806e-01  -2.2919431e-01   6.3839528e-02   2.6745434e-01   7.4342187e-02   8.3342995e-02   9.4812402e-02   1.0746139e-01  -2.2687742e-01   1.6865612e-01   1.7817197e-01  -1.0695426e-01   1.0891751e-01  -1.7212993e-02  -1.3684986e-01  -2.6249827e-01  -1.6889451e-02  -9.2138048e-04  -1.7119312e-02
  -1.2648365e-01  -2.0044377e-01   2.1584858e-02   1.5617219e-01  -2.2702917e-01   1.1932873e-01   1.3213367e-01   1.6204660e-01   2.6719389e-01  -1.8557066e-01  -1.1498704e-01  -8.6967678e-02   5.1426302e-02  -5.6368149e-02   2.6297439e-03   3.9368246e-03   1.7859049e-01   2.0605428e-01  -2.5558847e-02   3.3116958e-02  -1.2651526e-01  -1.5394020e-01  -3.0199542e-01  -1.6181130e-01   5.1039865e-02   8.9958950e-02   7.4424738e-03   1.8326430e-01  -5.7667582e-02   1.9008926e-01   7.4819022e-02   2.5552633e-01   1.9584889e-02   2.0593334e-01  -2.3772252e-02  -2.6214460e-01  -2.8330763e-02  -1.5504404e-01  -8.9816102e-02   1.3143695e-02  -2.7195698e-01  -9.8427353e-03   1.5608056e-01   2.1369535e-02   8.8336525e-02  -6.7321193e-03  -2.5084052e-02  -1.9013542e-01  -2.1594740e-02
  -1.3544490e-01   7.3407855e-02  -1.8521639e-01  -1.4342784e-02   2.6178161e-02  -3.1806998e-01   2.5209479e-01   1.0600637e-01   1.6773225e-01   7.5382195e-02   7.5851618e-02  -8.5912211e-02   1.0522146e-03   6.0440932e-02   2.3884684e-02   7.9068241e-02   1.9920990e-02   1.8832482e-01   1.6507296e-01  -1.2276005e-01   7.9055782e-02  -9.3239969e-02  -6.3452561e-02  -1.8339810e-01   1.3197547e-01  -3.6254966e-02   1.3847873e-01  -8.5890266e-02   3.2454896e-01  -5.6294440e-02  -1.9014684e-01  -1.3062287e-01  -2.1552361e-01  -1.0423954e-01  -1.5234654e-01   2.0092316e-01   9.1912690e-02   8.9031509e-02  -2.6919620e-01  -8.4415770e-02  -1.9351572e-01   1.7118165e-01  -1.4711269e-01   3.6354958e-02  -1.2637063e-01  -1.1193142e-02   1.6812608e-01  -1.3488768e-01  -2.7550045e-02
  -1.3536925e-01  -7.9320525e-02   1.8799454e-01  -1.9451534e-01   1.7911733e-01   1.7683228e-01   5.6553469e-02  -4.6859961e-03   2.4207095e-02  -1.4774791e-02  -3.3057833e-02  -1.7584924e-01  -8.3988188e-02  -3.5603506e-01  -1.7656909e-01  -1.4436859e-02  -5.2760363e-02  -3.5891868e-02   8.7904696e-02  -9.5371011e-02   1.7640043e-01  -1.8162147e-01   9.4471275e-02   1.7001427e-01  -2.4606722e-01  -1.7886278e-01   6.2253051e-02   1.1909355e-01   8.9708880e-02  -4.6551152e-02   2.2919838e-02   2.7225500e-01  -1.9544846e-01  -1.3747325e-01   1.3800120e-01  -6.1104110e-02  -1.1251780e-01   7.6293850e-02  -9.8284512e-02  -7.6201088e-02   8.5851847e-02   3.2006550e-01   2.1435449e-01  -1.2274136e-01  -1.6286867e-01  -6.9290061e-03   3.4318850e-02  -7.7737057e-02  -2.9606694e-02
  -1.3920470e-01   1.4306034e-01   6.5283219e-02   7.8965456e-02   6.5478511e-02  -2.3787000e-01  -2.2519539e-01  -1.3603322e-01   1.0103801e-01  -2.9326842e-01   1.2521579e-01   2.3364436e-01   2.6965687e-01  -1.1021040e-01   2.7006916e-02   1.0268660e-01  -1.5643665e-01   9.2950518e-02  -1.5484376e-02   6.8577413e-02   4.0196887e-02  -6.5358605e-02  -3.3159725e-02  -6.5315339e-02  -1.5593127e-01   1.9305031e-02   6.1459256e-02   1.0780271e-02  -1.5977952e-03  -7.0297334e-02   1.0232027e-01  -8.8136725e-02   8.5147313e-02  -1.0490493e-01  -9.5219390e-02  -3.2637252e-01  -5.3943486e-02   9.2759951e-03  -1.3007908e-01  -1.9155361e-01  -4.5115802e-02   6.1826406e-02   5.2764433e-02  -1.0659346e-02  -9.5974175e-03   6.4914427e-02   1.5283517e-01   2.3724947e-01   4.1560045e-01
  -1.3753853e-01  -2.5341122e-01   1.1997748e-01  -3.2053906e-02  -1.4355687e-01  -2.5186077e-02   4.8204475e-02   1.5323784e-01  -7.4004951e-02   1.4926816e-01  -5.9189949e-02   1.6390459e-01   2.0366238e-01  -8.6860522e-02   2.1438511e-01   2.6875749e-01  -1.9732683e-02   1.2554917e-01   1.2217778e-01   3.0006642e-02   6.6170709e-02  -1.0660922e-01   5.1985947e-02   3.4642782e-01   6.7580910e-02   4.6677224e-02  -2.8964386e-01   6.7149184e-02   2.0056191e-01   1.2207699e-01  -2.7857182e-01  -1.6748107e-01  -1.4090772e-02   1.8489110e-02   4.1762242e-02  -1.9128196e-01  -8.6367939e-02   1.1190257e-01   1.7476708e-01  -1.3292299e-02   7.8701794e-02   7.4608491e-02  -4.8351857e-02   2.7446009e-01   3.4007403e-02  -1.0144844e-01  -5.6492491e-02   8.0114375e-02  -5.1263401e-02
  -1.4284287e-01  -3.2376550e-02   1.9450342e-01   1.6160676e-01  -1.9887673e-01  -9.9320352e-02   2.6141586e-01  -7.7010527e-02  -5.4134969e-02  -1.3885729e-01   4.2404760e-02   4.5161301e-02   5.5723933e-02   8.2568778e-02  -1.5324020e-01   8.4539714e-03   1.9891142e-01  -1.1074115e-01  -1.1637488e-01   4.4092935e-02  -7.4858699e-02   5.4456607e-02  -3.2026789e-03   1.1615738e-01   4.9085461e-02   4.3357267e-02  -1.1024670e-02  -2.7788681e-01   1.4800563e-01   1.5489512e-01  -1.4062972e-01   2.0096828e-01  -8.2283841e-02  -4.8956845e-01  -9.7339695e-02  -7.2353062e-02  -5.2983009e-02   4.5967205e-02   2.1619059e-02   1.2765329e-01   1.1121167e-01  -2.2421088e-01   2.8683015e-02  -2.9534860e-01  -8.9295396e-03   1.2481220e-01  -4.6147025e-02   5.3205797e-02  -1.2355419e-02
  -1.4552924e-01  -1.9823813e-01  -1.4747880e-01   1.6346703e-01  -8.3432316e-02   1.3602615e-01   8.8819941e-02  -1.8612346e-01   7.3349080e-02   4.9676270e-02   5.0590813e-02  -1.1191465e-01   1.1229147e-01   2.1120408e-01   2.1468782e-01  -2.2982495e-01  -1.0193619e-01   2.4592389e-01  -1.0324181e-01  -1.7799886e-01  -5.8172705e-02  -1.7617620e-02   1.8023041e-01   9.7016587e-02  -3.3512620e-01   1.5294678e-01  -1.6619873e-01  -1.7246952e-01   8.7291570e-02  -3.2119358e-01  -4.0731533e-02  -2.2257507e-02   4.1370991e-02   3.8078617e-02   2.0146494e-02   1.0810184e-02   1.0814083e-01  -2.2678180e-01  -9.9560709e-02   3.0780917e-02   1.7728167e-01   1.0313280e-01   1.3078885e-01  -8.3507054e-02   1.3948350e-01   5.5748983e-02   9.6882032e-02  -5.6718892e-02  -1.4369930e-02
