  -1.4636007e-01  -1.3105579e-01  -2.9790152e-02   9.9944171e-02  -2.6402568e-01   4.6002868e-02  -8.3128592e-02   2.9756534e-01  -8.0291713e-02  -6.1024741e-02   1.5016825e-01  -2.7581906e-02   2.0543928e-01   2.0424124e-01  -3.2307609e-02   2.6857998e-01   6.2753012e-02   1.5404003e-01  -1.3425846e-03   7.0735936e-02  -9.5202830e-02  -1.6342308e-01   2.5877393e-01   2.0389183e-02  -4.4204287e-02  -7.9127389e-02   5.8670799e-02  -5.5997973e-02   7.1380553e-02  -2.5109289e-02  -1.1423968e-01  -3.8777265e-02  -9.8612237e-02   1.2200358e-02   2.5059031e-01  -8.4744690e-02  -1.1835849e-02   2.7472500e-02   1.2491208e-01   1.3174986e-01  -2.0694609e-01  -2.0636555e-01  -1.2682956e-01   2.6722747e-01   3.1251607e-01  -1.2058331e-01   6.9719922e-02   1.2588500e-01  -4.7317853e-02
  -1.4166381e-01   1.5668695e-01  -2.6855217e-02   2.2028103e-01  -7.9741108e-02  -2.2865945e-02   1.7600951e-01  -1.9553412e-01  -6.3774733e-02  -4.0740057e-02  -1.7386071e-01  -1.2873050e-01   5.5460435e-02   1.4369731e-01  -5.2040957e-02   1.1643969e-01   7.4455781e-02  -3.8507684e-02  -2.3341688e-01   1.8929065e-01   3.7147037e-01   8.7935823e-02   1.9241128e-02  -2.3762744e-01  -7.8696169e-02  -1.3951213e-01  -1.0539604e-01   7.1325334e-02  -2.5373654e-02  -1.0884474e-01  -7.5019324e-03   2.0898274e-01  -1.0722028e-01  -1.5149484e-01  -7.4120240e-02  -6.6942721e-02   4.2785758e-01   2.8013060e-02   1.3146025e-01   4.6398822e-02  -3.7780801e-03   1.8740373e-01  -3.9289286e-02   9.0629980e-02   8.0981083e-02   6.6768340e-02   1.0650189e-01  -1.1966398e-01   1.0137150e-01
  -1.3951948e-01  -9.8564188e-03  -1.7510399e-01  -1.3240467e-01  -9.2448164e-02  -6.2586180e-02  -6.5311070e-02  -2.2591583e-01   6.4437900e-02  -4.6789961e-02  -1.7172085e-01  -1.4609556e-02  -1.4734342e-01  -3.7137737e-02   1.8885840e-02  -3.8627686e-02   8.1381574e-02   8.1892391e-02   3.3760768e-02   2.2958792e-01  -1.8563922e-01  -3.1656351e-01   2.7937344e-01  -7.9404423e-02   1.4841996e-01   3.2750217e-01  -1.2069799e-01   1.2598854e-01   2.0036187e-01   1.8471406e-01   1.0120830e-01   9.8075715e-03  -1.4353157e-01   1.6155347e-02  -2.2612878e-01   6.0755472e-02   3.9841965e-02   1.2480429e-02  -2.9793099e-01  -6.2151787e-02   1.8593002e-02   1.1840173e-01  -1.1048974e-01   4.8455305e-02   2.4824256e-01   9.0131041e-02  -8.5783819e-03   2.7352385e-02  -5.8396279e-02
  -1.4656603e-01   3.1224160e-03   6.0049577e-02   3.2830969e-01   1.8586076e-01  -3.5884430e-01   1.3490432e-01   3.1129406e-02  -5.8489110e-02   7.8606087e-02   1.2578041e-02   5.9986940e-02  -1.8610217e-01  -5.2817660e-02   6.5676634e-02   6.3729226e-02   1.1489134e-01  -6.8722986e-02   2.8567087e-02   5.7388987e-02  -2.3707707e-01  -1.2790143e-01  -1.0215931e-01  -1.5844003e-01  -1.7414460e-01  -1.1261801e-01   8.5284078e-02  -7.6839999e-02   1.0317487e-01   1.8385702e-01  -3.2182640e-02   1.6846385e-01   1.3922825e-01   7.9518451e-02   5.8233859e-03   4.2583600e-02  -3.7987362e-02   2.0835751e-01   1.8618480e-03  -1.5707429e-01   1.1717571e-03  -1.6809799e-01   3.3570336e-01   2.4945459e-01  -1.4419204e-02   2.1983902e-01   7.5987979e-02   4.6895452e-03  -1.0338481e-01
  -1.3350510e-01   1.5427044e-01   1.0838412e-01  -4.4319781e-02  -1.7931660e-02  -3.8743957e-02   2.2359358e-01   2.9356199e-01   1.8561264e-01  -1.0689423e-01   9.9070666e-02  -7.2561317e-02   1.2909605e-04  -6.6153626e-02   1.5777720e-02  -6.7473956e-02   3.3166460e-02  -1.3122158e-01   2.7913044e-01  -1.6026117e-01   7.2555349e-02  -1.3205781e-01  -1.5376957e-01  -6.5779716e-02   1.9220149e-02   7.8680777e-02   1.2276969e-02   5.9915286e-02   1.9366613e-01  -7.0698846e-02  -6.1046397e-02  -1.2451569e-01   1.5903590e-02  -1.3438297e-01   1.9372487e-01  -6.4860073e-03   2.3312542e-01  -2.1955441e-01  -1.5053103e-02  -3.1842456e-01   1.0620091e-01   2.1428497e-01  -2.1329021e-02   7.9100877e-02   1.6599434e-01  -1.2399948e-01  -1.5058823e-01  -1.6879634e-01  -2.7173909e-01
  -1.3529155e-01   1.1407678e-01  -9.1260858e-02   1.3888409e-01   2.0554953e-01  -9.0792596e-02  -2.0413207e-01  -5.6770052e-02  -2.5721448e-01   1.2841423e-02   1.2695846e-01   1.1853230e-01   2.9922254e-02   7.1082719e-02  -2.3933896e-01  -6.4585500e-03  -5.6179203e-02   1.2443904e-01   7.4970576e-02  -3.7671245e-02   1.9152201e-01   4.1105933e-03   7.1880572e-03   3.3068214e-01   3.5134936e-01  -1.0747889e-01   1.7981795e-01  -1.9275936e-01  -5.0995982e-03   1.4256342e-01   3.1790481e-01   1.0142835e-01   5.8936547e-03  -5.0777302e-02   9.6893707e-02   3.5277350e-02   1.7498555e-01   1.1382426e-01  -6.7235475e-02  -2.1061195e-01  -1.0031129e-01   5.9814562e-02   2.0427922e-03  -9.4444817e-02   1.3686350e-01  -6.6273621e-03  -1.7465414e-01   1.9894711e-02  -1.6513159e-03
  -1.3389488e-01  -1.5745921e-01  -7.9241221e-02   2.5491169e-02  -8.3119700e-03   3.0480399e-01   2.3482051e-01  -8.0753620e-02  -1.5495726e-01   6.0199979e-02  -1.2887417e-01   1.1575274e-01  -1.7889091e-01  -1.4059531e-02   1.2374712e-01  -4.5553237e-02  -1.0808007e-01   6.2970284e-02   4.4363855e-02   1.6240057e-01   9.8077917e-02   9.1371106e-02   2.4783054e-03  -2.2785606e-01   2.3136058e-01   5.4483427e-02   2.3606294e-02  -3.7627515e-02   8.1526837e-02  -2.1690935e-01   7.0422241e-03  -1.6323699e-01   3.4741081e-01  -8.2104238e-02   3.4588442e-02  -1.6073680e-01  -1.0848121e-01   3.3240693e-01   8.9721341e-02   1.6551601e-02   5.9614621e-03  -1.2637985e-01   7.7169285e-02  -1.2898917e-01   1.7017640e-01  -1.2036520e-01  -1.2374178e-01  -1.1103340e-02  -2.3065434e-01
  -1.3687165e-01  -3.3333232e-02  -5.0939966e-02  -5.6485136e-03  -5.8679575e-02  -2.1263699e-01  -3.8099024e-02   1.9788617e-01  -6.1552094e-02   2.8601062e-01  -1.3718015e-01   1.2031246e-01   1.0972866e-02   3.0499424e-02  -9.5314854e-02  -2.4350128e-01   3.1440782e-01   9.0535045e-02  -2.6477401e-01  -1.3085490e-01   3.4320145e-02  -1.1481278e-01  -8.1101356e-02   5.3491592e-02  -2.9211362e-02   1.0796869e-01  -8.4525571e-02   5.3078695e-02  -6.1691218e-02   1.6817033e-01  -9.0745459e-02  -2.6833453e-01   4.6938203e-02  -9.2597314e-02  -5.2225287e-02   5.8284356e-02   2.3286057e-02   1.1466489e-01   1.6223989e-01   5.7689912e-03  -1.5935474e-01   1.6388091e-01   9.8382009e-02  -2.4554303e-01   2.9779511e-02  -2.8890468e-01   2.8400011e-01  -4.9831183e-02  -2.0330643e-02
  -1.4823853e-01   1.0251632e-01  -1.6461348e-01  -1.1144076e-01   8.8944120e-02   1.7191711e-02  -1.1613116e-01  -2.9257708e-02   9.6004431e-02   1.3737266e-01  -9.5693603e-02  -1.9990945e-01   5.0575227e-02  -7.1274129e-02   1.2579807e-01  -7.5232623e-02   5.5814888e-02   2.4477694e-01  -2.2429678e-01  -3.4070519e-02  -1.1784625e-01   3.1955670e-01   6.6589557e-02   2.7749845e-02  -5.8160478e-02  -7.8739045e-03   2.1921282e-01  -5.4427207e-02   3.7878630e-01  -8.2451654e-02  -7.8030115e-02  -7.9039646e-02   5.5990150e-02  -3.2005786e-02  -4.6116912e-02  -8.1433403e-03   2.1789721e-01  -1.3916416e-01   5.8489947e-02  -2.1139641e-01  -1.8373038e-01  -2.4587944e-01  -1.6690137e-01   1.7795064e-03  -2.2490971e-01   1.3871825e-01  -6.3654697e-03   7.9966708e-02  -1.6337449e-01
  -1.3512774e-01  -1.1716437e-01  -3.6664560e-02  -1.7678156e-01  -2.4318557e-02  -8.3345905e-02   3.2718338e-01   7.8476667e-02  -2.5281316e-01   3.6445137e-02   7.4992420e-02   1.1941932e-01  -7.4559967e-02  -2.4060098e-02  -9.9839801e-02   2.4508669e-02  -9.8711251e-02   3.3741198e-01   1.2842618e-01   1.3096199e-01   6.1465522e-02  -8.2531138e-02  -9.1019182e-02   3.0234376e-01  -8.1940936e-02   1.4826247e-01   3.3483564e-02   2.4447066e-01  -6.4023787e-02  -1.9025255e-01  -1.3553037e-01   2.7014988e-01   8.3792560e-02   1.1578695e-03  -1.3487280e-01  -7.8273139e-02   3.4596396e-02  -1.5455324e-01  -1.0904061e-01  -1.2082282e-01  -9.8060880e-03  -1.7583062e-01  -2.2355420e-02   5.8191915e-02  -1.3245023e-01  -7.7090239e-02   1.6089038e-01  -1.7401256e-01   1.6317667e-01
  -1.6242056e-01  -9.4268781e-02  -1.9530487e-01  -1.2256648e-01   2.1668893e-01   2.4960990e-01  -5.0411955e-02   3.4521502e-02   5.7217224e-02   1.4995724e-01   1.3248287e-01  -1.7460918e-01  -1.2648601e-01  -9.9923027e-03  -1.6163957e-02   1.6973489e-01   6.0142864e-02   1.3536979e-01   1.0704409e-01   5.6520331e-02  -8.7302055e-02   4.5640294e-02  -4.1563264e-02  -1.3634128e-02  -1.2880266e-01  -5.6543142e-02   1.4531128e-01  -2.0258457e-01   2.3138869e-02  -8.5540077e-02  -5.0907798e-02  -1.3320308e-01  -9.5656181e-02  -2.2272568e-01  -1.2916286e-01   3.5345366e-02  -6.4323757e-02   5.5691385e-02   3.5349995e-02  -9.2029840e-02   2.0885502e-01   3.5460608e-01   2.1986546e-01   1.8531205e-01   5.6698137e-02  -1.1034803e-01   6.6630367e-02   1.5652601e-01   3.6226205e-01
  -1.3763073e-01  -9.6714091e-02   1.6329622e-02  -1.2641850e-01   1.5870811e-01  -3.0202646e-02  -1.9623757e-01   1.5332818e-01  -3.8223315e-02  -2.6233676e-01  -1.4340921e-01   2.7241012e-02  -3.4733816e-01  -2.2035925e-01  -1.8243130e-01  -2.4469625e-01  -9.8617799e-02  -1.4579919e-01  -1.7822679e-01   2.4844232e-02   9.8642077e-02  -1.1662804e-01   3.4918943e-02  -1.2646178e-01  -1.2086630e-01  -6.3105071e-02  -1.0531256e-02  -1.2718830e-01   1.2193018e-02   8.4382253e-02  -3.3942793e-02   1.3662028e-01   3.3985531e-02  -2.2569439e-01   2.6030212e-01  -2.3465592e-01  -1.8185780e-02  -6.5393314e-02  -7.5225476e-03  -7.1463022e-03   1.3677944e-01  -1.7301193e-01  -2.4692045e-01  -8.2787904e-03   1.6013429e-02  -4.7900141e-02   1.0695862e-01   1.2116257e-01   1.7185371e-01
  -1.3153144e-01   2.6146517e-01  -1.6749713e-01   1.1360474e-01  -1.1218932e-01   2.6297427e-01   1.5956973e-01   1.7197300e-01   5.1368564e-02   4.6253814e-03   7.3001441e-02   8.2488309e-02  -9.9026794e-02   1.6869033e-01   8.0288100e-02  -1.3456423e-01  -5.3274418e-02   5.3470599e-02   5.9854450e-02   8.8901984e-02  -1.5753204e-01  -1.1193572e-01   4.8988931e-02   9.5588439e-02  -1.3024595e-01  -1.3891271e-01   1.5420790e-01   1.5938370e-01   4.7721628e-02   1.6346443e-01   1.4173393e-01   6.1752611e-02  -2.1853050e-02   2.2196537e-01   1.4719460e-01   2.3678592e-02   5.0592301e-02   2.3028617e-01   1.1351549e-01   6.1626588e-02   2.9420724e-01   1.5837733e-01  -2.5952753e-01  -2.1310482e-01  -2.3260865e-01   9.4466619e-02   1.4257799e-01   4.9002167e-02  -1.2519157e-02
  -1.4733592e-01   9.4152086e-02  -9.0658169e-02  -7.8465272e-02   1.4650574e-01   2.1110640e-02  -6.4108093e-02  -3.3774854e-03   2.3547773e-01  -1.9612717e-02  -9.7051394e-02  -3.8205435e-02  -2.1397611e-01   2.1447995e-01   1.1890491e-01   1.3538701e-01   1.5181986e-02  -7.1212462e-02  -8.3065970e-02   7.6470031e-02   1.5607635e-01  -9.6739415e-02  -4.6921233e-01   2.0282271e-01   1.1597040e-01  -4.0543389e-02  -1.9714720e-01  -2.0637491e-01   1.4721552e-01  -6.3841047e-02  -1.3633031e-01   9.4451980e-02   6.2166929e-02   3.7677396e-01  -3.8335908e-02   1.1086097e-01  -1.1478125e-01  -1.4227231e-02   3.6015976e-03   1.1973805e-01  -1.3219841e-01  -1.8378083e-02  -1.8236061e-01   8.5966221e-02   1.2449645e-01  -1.1000493e-01   3.9965124e-02  -1.3664016e-02   5.2158917e-03
  -1.3250434e-01   1.6224246e-01   1.5507514e-02   2.1996384e-02   3.5373424e-02  -1.0030077e-02  -2.5645850e-02   1.6839896e-02  -1.5701688e-01  -2.9869624e-01   2.9837516e-01  -2.6841487e-01  -7.7243748e-02  -1.2135627e-01  -1.2109453e-01   3.5418998e-02   5.7643984e-02   1.1779441e-01  -1.2606342e-01   2.1166675e-01  -1.1055251e-01   4.5232447e-02  -6.1815167e-02  -1.1101408e-01   1.7375173e-01   1.0569567e-01  -9.1983627e-02  -3.9597453e-02  -2.4191023e-01  -3.4513351e-02  -3.7647646e-02  -4.0736837e-01   1.2165315e-01   2.1527647e-01   1.3513655e-01  -6.0744831e-02  -1.6444257e-03  -7.1195176e-02  -5.3874342e-02   4.3710373e-03  -9.0796658e-02   6.7808846e-02   3.6782517e-02  -4.5400733e-02  -6.2264519e-02   2.6470294e-01   1.6439485e-01  -2.0670618e-01   6.1036868e-02
  -1.5226235e-01   4.6767784e-02  -1.1103497e-01  -6.4797822e-02   1.0022350e-01  -8.8102768e-02   4.5130948e-02   5.7339478e-02  -1.5185545e-01  -1.3140934e-01  -6.6611925e-02  -2.5949709e-01   2.0096908e-01   5.4795130e-02   3.9330551e-01  -8.4713256e-03  -6.6242390e-02   1.4247563e-01   4.4738246e-02  -1.0695829e-01   2.5416054e-01  -1.7862144e-01   1.1182368e-01  -7.3189376e-02  -2.1738020e-02  -6.5596501e-02  -1.5825774e-01  -8.1359436e-04   7.0101801e-02   2.3740150e-01   4.7254723e-02  -1.5392636e-02  -4.8073093e-02  -1.1324591e-01  -9.6984203e-03   1.1313542e-01  -3.5492162e-01   3.7576690e-03   2.0612742e-01  -1.0706931e-01   3.9654841e-02  -1.2815265e-01   9.9927336e-03  -1.0990912e-01  -6.2875010e-02   5.2771231e-02  -1.7935972e-01  -2.4916505e-01   1.9880397e-01
  -1.3605740e-01   2.5048021e-02   3.4830933e-01   5.1310062e-02  -2.1514795e-01   7.0802347e-02  -8.1805594e-02   2.9150672e-02  -4.1523247e-02   2.9221292e-02   3.6475262e-02  -5.1835856e-02  -1.5062936e-01  -3.3024378e-02   5.8725880e-02   5.7902782e-02  -1.4619000e-03   3.9938316e-01  -7.7182705e-03  -2.9547429e-01   3.7449236e-02   1.3911282e-02  -2.9625316e-02  -1.8393625e-01   1.6575805e-01  -5.1061628e-03  -1.0009957e-01  -1.0653684e-01   6.4625135e-02   2.5203547e-01   6.1691764e-02   1.0337816e-01   1.2980744e-01   1.9704876e-01  -1.8584473e-01  -1.7902040e-01   1.6766687e-01  -1.9853170e-01   4.5797591e-03   1.7352789e-01   2.4316193e-01  -6.3149860e-03   1.2362740e-01   2.1861986e-02  -6.2124758e-02  -1.3246640e-01  -6.8937112e-02   1.5584076e-01   3.6691561e-02
  -1.5414404e-01  -2.1090757e-01   1.7491541e-02  -5.2568478e-02   8.1171894e-02   1.6385313e-02   1.3702593e-01  -9.2783460e-02  -1.8406756e-02  -1.7087464e-01  -1.5272088e-01  -3.0748653e-01   2.0778182e-01   1.3150292e-01  -9.0479129e-02  -6.4781582e-02  -9.1376127e-02  -1.8414686e-01   2.7636792e-02  -1.4679129e-01  -3.2393321e-02   5.6651818e-02  -9.4401248e-02  -6.0746044e-02  -2.1526992e-02   6.3380436e-02   4.0062687e-01  -2.1283309e-02  -9.1937062e-02   1.6705834e-01  -8.2108170e-02  -7.3256810e-02  -1.9512181e-01   2.7844221e-01  -9.4908765e-02  -5.4013068e-02   1.5371087e-01   1.6962005e-01  -2.0636851e-01  -1.1804764e-02   1.0865731e-01  -2.1268150e-01   5.6264507e-02  -1.1680522e-01   1.0098486e-01  -2.3278080e-01   1.0168050e-01  -7.9487940e-02   3.6162802e-02
  -1.4197563e-01  -5.9852157e-02   1.0751852e-01  -7.2764438e-02   6.7023371e-02   4.0257716e-02  -3.9131446e-01  -2.1704473e-01   3.4747088e-02   2.1356754e-01   9.6766707e-02  -1.4289356e-01   1.2545561e-01   1.9697969e-01   3.8720091e-02   1.1253936e-01  -1.2528051e-01   5.3625004e-02   1.1152749e-01   4.7364739e-03  -1.5334191e-01  -1.4631448e-01  -1.6533959e-01  -1.3627755e-01  -1.3564418e-01   4.3527311e-02  -1.3207766e-01   2.9945321e-02  -1.7397083e-01  -1.3067909e-01   1.3000777e-01   2.1181171e-01   1.2439618e-02  -1.1773832e-01   9.1244747e-02  -2.0076941e-01  -4.4346944e-02  -1.6329024e-02   6.4649246e-02  -1.8883073e-01   8.1735171e-02  -1.2513107e-02  -3.2444144e-02  -2.1673540e-01   2.7170694e-02   5.6151545e-03   2.7124424e-01  -1.2334433e-01  -2.9833515e-01
  -1.4664773e-01   4.2823992e-02   7.3586996e-03  -2.3362627e-03  -1.5435005e-01   4.6807189e-03  -1.1589401e-01   5.8302130e-02  -2.4003234e-01  -8.6180201e-02   1.1260558e-01   1.2097603e-01  -1.1802617e-01  -1.8089070e-02   2.3197128e-01   2.0601075e-01   1.0424716e-01  -1.7682938e-01  -2.6904722e-01  -1.2291188e-02  -8.4942045e-03  -4.3537653e-02  -2.1246687e-01   8.4462687e-03  -2.0363679e-01   1.2073792e-02   4.2224595e-01   1.1537494e-01  -1.3931414e-01  -8.8627229e-03   7.8957570e-02  -2.4170155e-02   8.4785219e-02  -1.3455219e-01  -2.8917464e-01   4.0301707e-02  -1.0387946e-01  -2.0760367e-01  -5.6071177e-02   7.0517454e-02   1.9583006e-02   5.6992471e-02  -1.3081824e-01  -1.3177765e-01   1.9457566e-01   8.3675389e-02  -2.1673276e-01   4.4105135e-03  -9.5766123e-02
  -1.4417008e-01   1.4242693e-01   7.1621018e-02  -2.1777821e-01  -1.4313060e-01  -5.8791503e-02   1.8812023e-01  -1.5203084e-01   2.3401497e-02   3.1904975e-01   1.3921080e-01  -2.5262161e-01   3.6508712e-02  -5.2535012e-02  -1.6494897e-01  -4.3721960e-02   2.6682077e-01  -1.8677257e-01   8.6516107e-02  -1.5983339e-01   3.4552128e-02  -1.0576525e-01  -8.5047982e-02  -1.4046233e-01   2.0584836e-01   4.2264118e-02   1.0330070e-01   1.2881971e-01  -1.2601248e-01  -1.7773949e-02   5.1176233e-02   1.2041613e-01   1.0870528e-01  -2.0381140e-02   7.4135305e-02  -8.7648770e-02  -1.6224071e-01   1.5284478e-01   6.9900702e-02  -2.1382580e-02  -1.4726167e-01  -6.6533011e-02  -2.5201120e-01   1.2103814e-01  -6.3666067e-02   1.0707394e-01  -1.2374763e-01   2.5899088e-01   1.9841249e-01
  -1.3333837e-01  -5.8248401e-03  -1.5981586e-01   1.6780628e-01  -2.9871055e-01   2.1499840e-02  -5.5267749e-03  -2.1618896e-01   1.6334019e-03   1.2820281e-01  -8.1925635e-02   6.8848176e-02  -1.4244666e-01   5.5172554e-02  -2.8232906e-01   1.1797208e-01  -8.8895273e-02   1.2227702e-02   2.4642128e-01  -1.4498850e-01   2.4413377e-01   5.7271851e-02  -1.7229285e-01   9.7612347e-02  -3.1760521e-01   1.0107958e-01  -1.0461327e-01  -7.1395031e-02   9.9546898e-02   1.4256679e-01  -5.0399403e-02  -3.5755889e-01  -1.2154293e-01  -8.1505626e-02   8.9441109e-02  -4.8970105e-02  -7.6859323e-02  -6.6742138e-02  -8.1570418e-02   3.0847941e-02   5.2694891e-02  -1.8909462e-01   1.3510555e-02  -6.0722294e-02  -1.5205293e-02   2.7018432e-01  -3.7810851e-02   2.6167725e-02   6.8144111e-04
  -1.5103357e-01  -1.1889815e-01   2.0446324e-01  -1.6534955e-01   7.2994339e-02   5.9297531e-02   1.1745130e-02  -1.6311550e-01   1.7467678e-01   7.7385954e-02   2.3123939e-01   1.0906997e-01  -4.9400643e-02   1.6443183e-01   2.4216553e-01  -2.9051563e-01   2.6467934e-01   7.2546171e-02  -1.8383968e-02   1.7069826e-01   2.9877764e-01  -1.3162005e-01   1.4055190e-01   5.4530449e-02  -5.6278420e-02  -1.7201081e-01   6.9205526e-02  -1.8058661e-02  -1.4688114e-01  -7.8005564e-02  -3.5697798e-02  -9.8114155e-02  -7.3139795e-02   7.6335435e-04   1.8491384e-01   2.0298631e-01   1.3104568e-01  -9.9312760e-02  -2.1269939e-01   8.7331208e-02   9.0097993e-02  -1.9140568e-01   1.9399239e-01  -3.7476371e-02   1.4928316e-02   1.1703777e-01  -9.3801560e-03   1.0872360e-01  -5.5781728e-02
  -1.4041417e-01   2.4639230e-01  -2.4328013e-01  -1.0701491e-01  -2.9344246e-02  -1.4081690e-01  -6.8641502e-02  -5.1440182e-02   1.3620734e-02   5.5660409e-02   1.4839969e-01   2.5358571e-01   4.5501901e-02  -5.7472564e-03  -5.2561152e-02  -2.0750375e-01  -2.1565918e-01   1.0573198e-01   1.3010293e-01   2.9335652e-02  -1.6580503e-01  -3.5926338e-02  -2.7859306e-02  -3.6929518e-01  -1.3813988e-01   3.4120827e-02   1.4166160e-02  -2.4089531e-01  -1.9665724e-01  -7.1795066e-02  -2.3938950e-01   9.2347296e-02  -1.1947657e-01   7.8174019e-02  -4.0267876e-02   9.0737859e-02   1.4604850e-01   8.9250489e-03   6.6947353e-02   1.5196831e-01  -1.5290523e-01  -3.2837537e-02   1.0005537e-03  -6.7856165e-02  -9.6399916e-03  -1.4214670e-01  -3.3349011e-01  -9.2678916e-02   7.3515084e-02
  -1.5612142e-01  -2.2965984e-01  -1.7857560e-01   1.2114649e-01   1.0186373e-01   5.6267072e-02   1.7749741e-01   1.2425969e-01   1.6986964e-03   2.5901918e-02   1.1183198e-01   2.1568825e-01   9.7917043e-02   1.7670323e-02   6.7526966e-02  -1.3911023e-03  -1.5442075e-01  -1.7704003e-01   6.0101543e-02  -2.1882566e-02   4.2718300e-02  -8.4348266e-02  -1.0027352e-01  -2.7831805e-01   2.9695637e-01  -5.0421171e-02  -1.7527417e-03  -2.1340826e-02   8.1998935e-02   9.1687909e-03   1.8950191e-01  -3.9321428e-02  -2.3936042e-01  -9.1939161e-03  -1.3715610e-01  -3.8799036e-02  -2.6679744e-02  -3.6618975e-01   2.3516899e-02   1.8835605e-02  -2.2577585e-01  -2.4283871e-03   2.3274017e-02  -9.5768929e-02  -1.8099449e-01   1.1215183e-01   2.8126246e-01   2.2764948e-01   1.0375398e-02
  -1.5576244e-01  -7.9597940e-02   5.7801612e-02  -9.9557927e-02  -5.0060627e-02  -3.6799312e-02  -2.1584997e-01   6.7943391e-02   1.4562250e-02  -5.8273067e-02  -2.5817496e-01   1.9526698e-01  -1.4780563e-01   8.2084842e-02   1.8566117e-01   1.5856835e-01   2.7998760e-01  -8.6255829e-02   2.9475343e-01   1.7185120e-01   7.8534134e-02   2.9185122e-01   7.0131865e-02  -2.0922371e-02   1.0325217e-01   1.6791814e-01   1.5599824e-01   5.7433318e-02  -1.5437166e-01   1.4667350e-01  -6.0574344e-02   5.6345091e-02  -1.6622282e-01   1.0473191e-01   1.7047772e-01  -2.3055597e-01  -2.8574201e-02  -7.7833130e-03   1.1480034e-01  -6.7755870e-02  -1.2832422e-01   1.3914594e-01   5.0845115e-02   7.9425218e-02  -2.7816878e-01  -2.4667120e-02  -7.8688487e-02  -1.3486458e-01   1.7680875e-02
  -1.4213148e-01  -6.2810948e-02   5.5889615e-02   2.2917872e-02   1.7053492e-01   3.4778927e-01  -1.4784296e-01   2.0292287e-01   1.0098392e-01   5.0801620e-02  -2.8160431e-02   1.0480234e-01   3.1697043e-01  -3.0046347e-01  -9.5240373e-02   6.1134482e-02   7.6793613e-02   6.6365239e-02   6.3517214e-02   9.8559542e-02   1.2016885e-02   1.2184101e-01  -2.3593162e-01  -8.1125083e-02  -6.5524384e-03   2.5427349e-02  -1.1950586e-01   3.0194609e-01   3.5268776e-02   2.6277924e-01  -1.5842415e-01   1.6606362e-01   8.6688302e-02  -4.8378653e-02   4.3182978e-02   1.6271333e-01   9.8099871e-02   1.0310481e-01  -1.2093744e-01   1.0741528e-01  -6.9243820e-02  -6.6510149e-02   2.7654433e-02  -1.0901837e-01   1.7928993e-01   2.1156778e-01  -7.0014971e-02  -2.2616264e-02   1.0870721e-01
  -1.4650616e-01   5.4359067e-02   6.4579767e-02   4.3590321e-02   2.4690245e-01  -3.3474512e-02   2.0135163e-02   1.1482936e-01  -2.1352535e-01   2.0326477e-01  -1.0387904e-02  -4.4867857e-02   6.3275900e-02  -1.9469174e-01   1.0793132e-01   1.3982117e-01  -1.2601533e-01  -1.0363665e-01  -3.0623091e-02  -4.3810964e-02   2.1255076e-01   5.8787159e-02   1.7756007e-01  -2.0556279e-02  -2.4190579e-01   4.9552411e-01  -7.7363581e-02  -8.7038460e-02  -6.2987064e-02  -1.2155594e-01   2.1945175e-01  -9.6156786e-03   3.9468196e-03   2.1402408e-01   1.5492926e-01   2.3281144e-01   6.5006575e-02   2.7282957e-02  -3.9717313e-02   1.4612704e-01   7.0788644e-02   4.8774412e-02  -9.4756580e-02   1.0514995e-01  -6.6852408e-02  -9.0648284e-02   3.7668758e-02   1.8036098e-01  -1.0503377e-01
  -1.3157281e-01  -9.3710275e-02   3.2620268e-01  -6.6816128e-02  -5.5308041e-02  -2.5331142e-01   6.6622220e-02   3.4514073e-02  -1.0905097e-01   5.4317077e-02   1.5507314e-02   8.1891952e-02   1.7270934e-01  -4.0032116e-02   2.2762369e-01  -2.2049191e-02  -2.1833845e-01  -4.5301008e-02   2.3550906e-03   2.5913325e-01  -1.1719371e-01   1.1816765e-01  -1.4057197e-01   1.5063163e-01  -2.7331201e-02  -1.3698869e-01  -2.4790460e-01  -7.2359712e-02  -5.5908098e-03   3.6273869e-02  -9.5497661e-02  -2.4562110e-01  -1.4469928e-01  -2.5154356e-02  -1.2118115e-01  -1.7694134e-01   1.1690356e-01   2.1583827e-01  -3.9358357e-02  -1.8091000e-01   6.7819947e-02   9.4669605e-02  -2.3674424e-01  -4.6475332e-02   1.7634641e-02   5.0757170e-02  -1.1800563e-01   2.8398481e-01   9.6470854e-02
  -1.4129372e-01   1.2099928e-01  -3.7550091e-02   1.4374108e-01  -8.1743193e-02   6.9618237e-02   4.1425474e-02   1.5551342e-01   2.6544502e-01  -1.1492507e-01  -2.0818842e-01  -1.2625632e-01   3.6076001e-02   1.8919919e-02  -4.4281546e-02  -2.9420455e-02  -4.5777156e-02  -8.2845669e-02  -3.0897393e-02   9.2636481e-02  -5.5246123e-02  -9.5956537e-02   1.1008160e-01   2.5917645e-01   4.9045872e-02   2.4027228e-01  -4.5377313e-02  -9.4723216e-02  -3.1695014e-01  -1.1501765e-01  -5.6340019e-02   1.1050382e-01   6.9060476e-02  -4.7628497e-03  -1.3881044e-01  -3.9408683e-02   4.3687902e-02  -1.1809545e-01   2.8910261e-01  -1.6664746e-01   3.6851714e-02  -1.5384084e-01   2.9252129e-01  -2.0818110e-01   7.8311765e-02   1.4501961e-01  -1.2061125e-01   3.1364625e-01   3.6524927e-02
  -1.4124939e-01   2.8138416e-01   1.8316584e-01  -8.6800344e-02   1.4479801e-01   1.9141853e-01  -4.4091717e-02   1.3007135e-03  -3.3771419e-02  -1.0115709e-01   5.7670748e-02  -1.1913195e-02   4.2813692e-02  -5.0573347e-02  -1.1016235e-01  -2.8223690e-01  -1.3233467e-02  -8.5170020e-02   1.7441709e-01   5.1069047e-02   1.0728223e-01   1.6628846e-02   1.1668417e-01   1.1678815e-01  -2.8390234e-01  -1.1781859e-01  -3.3327223e-02   7.5852787e-02   1.0094675e-01   2.9812206e-02   1.8014077e-01  -5.9712494e-02  -3.5548988e-02   8.3683068e-02  -3.6363528e-01  -3.0177319e-01  -1.5367769e-01   3.1036808e-02   7.7398198e-02   1.2679187e-01  -3.1447084e-01   2.3511328e-02   1.3279949e-01   1.7950278e-01   7.2542679e-02  -5.3057327e-02   7.1457747e-02  -1.1999256e-02  -1.4292718e-01
  -1.5474922e-01  -1.4865794e-01  -9.9196452e-02  -5.6092594e-02   3.6726071e-02   1.4934652e-02   1.3067642e-01   1.2902401e-01  -1.7541498e-01  -3.8449147e-02   1.3079689e-01   1.2723519e-02   8.0146707e-03   2.7953193e-01  -1.5723676e-01  -2.0575925e-01   2.3686918e-01  -8.7866670e-02  -2.5863941e-02  -1.4151985e-01  -1.0732891e-01   4.4949604e-01   1.1972127e-01  -4.1756189e-03   7.8146223e-03   2.8748408e-02  -2.7908190e-01  -1.7166556e-01  -5.0658450e-02   2.4720700e-02  -8.5766609e-02   2.1730837e-01  -4.0450253e-02   1.3738673e-02  -1.2954277e-01   7.5205481e-02  -1.8346430e-01  -7.5133376e-02  -2.8033698e-02  -3.2034907e-02   2.2696644e-01   5.0377741e-02  -1.2416840e-01   2.1657147e-02   1.5531004e-01   1.7969484e-01  -2.8809984e-02  -3.9999626e-02  -1.9568245e-01
  -1.3571405e-01   3.8521568e-02   1.3759871e-01  -4.6382080e-02  -2.2725644e-02   8.2356919e-02   1.3908729e-01  -8.1074340e-02   2.2782463e-01  -2.1481604e-01   2.5034205e-01   1.1136071e-03  -2.5853360e-01   6.1285875e-02  -1.0965927e-02   2.5145362e-01  -1.3277091e-01  -3.3495155e-02  -4.8810831e-02  -6.9094113e-02  -4.5236171e-02   1.6135174e-01   9.2168913e-02   2.6051826e-02  -7.7465411e-03   5.9262140e-02  -1.2428260e-01   2.8058545e-02  -1.4224712e-01   2.7085198e-01   2.7149538e-02   2.4083326e-02  -1.1336562e-02  -3.3482727e-01  -9.7449023e-02   3.0253222e-01   5.2251021e-02   1.9627228e-01  -6.2102289e-03  -7.0260665e-02  -2.4548180e-01  -1.3278976e-01  -7.1231765e-02  -2.4854834e-02  -1.7581881e-01  -2.4389175e-01   8.5499495e-02   1.9016162e-02  -1.1003872e-01
  -1.5900551e-01  -1.2968735e-01  -1.0142059e-01   2.4235391e-02  -1.7861233e-01  -3.1792515e-01  -8.6035676e-02   1.6524547e-01   2.8440645e-01  -1.8489816e-01  -6.6948271e-03  -6.0692396e-02   1.4480626e-01  -1.1782555e-01  -2.1345044e-01   9.0989794e-02   1.3981310e-01   1.1874421e-01   9.8461705e-02   1.8418519e-01   1.5113704e-01   1.0966466e-01   6.8902976e-03  -1.4458846e-01  -1.1256368e-01  -1.8828788e-01  -4.5616354e-03   9.5372206e-03   6.4668667e-02  -2.3845052e-01   3.0892944e-01   3.1471095e-02   1.6207003e-01   8.3421775e-02  -1.1726947e-01   9.3219228e-02  -1.7659298e-01   9.8819163e-02  -1.9492372e-01   8.0279169e-03   7.9137696e-02   3.0307324e-02  -7.4156670e-03  -1.7378666e-01  -1.5304643e-01  -1.6343173e-01  -6.2992290e-02   7.3120261e-02  -3.8569178e-02
  -1.3784197e-01   5.3864894e-02  -2.3085534e-01   1.1194784e-01   1.9681243e-01   4.3572723e-02  -3.1135994e-02  -1.8608037e-01  -5.0906846e-02  -1.2892033e-01   2.1961789e-01   1.1993563e-01   1.1695826e-01   2.2469412e-02  -6.3329388e-03   1.7280823e-01   1.9597928e-01  -1.6454733e-01  -2.1843458e-01  -1.4188412e-01  -5.0199349e-02  -1.1168676e-01   6.5773765e-02   9.1679992e-02  -1.6899156e-02   2.0465870e-02  -2.4291316e-01   2.4991803e-01   1.3707315e-01  -6.8230902e-02  -1.7882429e-01  -2.6379202e-02  -2.4173251e-02   5.0957630e-02   7.2763063e-02  -3.3162268e-01   1.7907065e-02   2.4041886e-02  -1.3377612e-01  -2.0218869e-02   1.2491468e-01  -3.8438907e-02   1.4579621e-01  -6.4985974e-02  -2.3625620e-01  -2.4116221e-01  -2.4433265e-01   1.2935981e-01  -1.2745911e-02
  -1.3348125e-01  -3.1439757e-02  -1.7852947e-02  -7.1636077e-02   1.5459101e-01   1.0969855e-02   1.6043253e-01  -2.1337391e-01   1.8383191e-01  -8.9410249e-02  -1.6250829e-01   2.9987731e-01   3.0630248e-01  -1.1108319e-01  -3.4444589e-03   1.8259539e-01   8.9803154e-02   2.9641868e-02   6.1334691e-02  -1.6387662e-01  -2.7895636e-02  -1.4830493e-01   1.8341941e-01   7.9469856e-02  -3.7401124e-02  -9.7242180e-02   6.8559014e-02  -2.9740665e-01  -1.9417835e-01   1.0235977e-01  -6.6538120e-02  -1.1568976e-01   3.8469094e-01  -1.8990584e-02  -7.9423898e-02  -9.0055216e-02   3.8999741e-02  -7.9182725e-02   2.1221281e-02   4.2846142e-02   7.4377775e-02   1.0593959e-01  -2.5263074e-01   1.0538979e-01  -3.5432356e-02   1.0311123e-01   1.4239088e-01  -1.1079874e-01  -3.9533713e-02
  -1.5618926e-01  -3.7505042e-01  -6.5575305e-03  -4.8595343e-02  -7.9768614e-02   5.0498625e-02   6.8011108e-02  -2.9759067e-01   6.1278301e-02  -7.0818266e-02   5.4997730e-02   7.7944614e-02  -5.5774460e-02  -1.9664600e-01  -5.1633839e-02  -9.0750180e-02  -1.4155426e-02   8.8562969e-03  -1.3467842e-01  -4.9299466e-02  -1.6404014e-01   5.9050673e-02  -5.4396228e-02   7.4082503e-02  -1.5466904e-01  -7.3740718e-02  -7.9239080e-02   1.5511631e-01   1.3403708e-02   1.3712495e-02   3.0887340e-01  -1.3813579e-02  -3.7893709e-02   2.7744940e-01   1.6656512e-01   1.2915384e-01   6.8077198e-02  -1.2104572e-01   4.3908587e-01  -1.4303877e-01  -6.1739856e-02   6.7267499e-02   1.9488202e-02   8.6858213e-02   1.5109707e-01  -6.6495561e-02  -1.6035253e-01  -9.5756184e-02   1.0371685e-01
  -1.5201364e-01   2.7843108e-01  -3.0773869e-02  -6.9178730e-02   3.7089132e-02  -1.3379521e-01   2.2534577e-01  -6.6551318e-02   1.3627547e-02   1.0785604e-01  -1.9353029e-01  -4.8113554e-02   2.6158666e-02  -7.9212277e-03   1.1714222e-01   6.7079518e-02   8.1052059e-03  -3.1484254e-02   3.8741022e-02   8.1113601e-02  -3.2841358e-01   2.4382039e-01  -3.6402385e-02   1.2479075e-01   3.6922045e-02  -1.1655935e-01  -6.7460816e-02   1.0427340e-02  -2.0408848e-03   4.6464996e-02   2.6715384e-01   2.3982401e-03   3.9134350e-03  -1.9650471e-01   2.9039001e-01  -8.1615087e-02  -5.3036147e-02  -2.5812715e-01  -1.6896191e-01   3.3070980e-01   1.4589127e-02  -9.6580476e-02   1.4557293e-01  -1.1331800e-01   1.9279757e-01  -1.6661907e-01   5.0670411e-02  -3.5446811e-02   1.1312789e-01
  -1.4320112e-01  -1.3270103e-01  -1.7382114e-01  -4.3830594e-01  -1.0893906e-01  -1.1179911e-01  -1.1021527e-01   1.2588072e-01  -1.3135549e-01  -1.2551995e-01  -1.0898490e-01  -8.1455574e-02  -1.1336821e-02   7.1548269e-02   8.6357874e-03   4.1038651e-02  -1.7991930e-01  -1.2178380e-01   1.5468976e-02  -2.1218332e-01  -4.5206341e-02  -9.6691847e-02  -5.7236325e-02   1.1832012e-01   7.2030291e-02  -1.1813657e-01  -8.3099874e-02   1.0259996e-01   1.1013748e-02  -7.5875116e-02   5.2001927e-02  -9.1952232e-03   1.0764708e-01  -9.0514256e-02   1.4479235e-02   7.0500353e-02   2.6960305e-01   1.9715761e-01   4.6613164e-02   3.1086402e-01  -5.7271943e-03   1.0664266e-01   2.6221483e-01   1.4031727e-01  -1.5814874e-01   2.7185173e-01  -1.6144503e-02   3.9179078e-02  -1.6249741e-01
  -1.4184111e-01   8.6249036e-02  -1.0034781e-01   1.6789290e-03  -1.0100282e-01  -1.6845676e-01  -2.1576842e-01  -3.3990880e-03   1.1039294e-01   2.6078887e-01   2.2673069e-01   3.0331762e-02  -5.8084592e-02  -1.9938095e-01   2.9140335e-02   5.2270706e-02  -2.0263494e-01  -3.1350446e-01   5.8062372e-02   7.3792684e-02   1.3295302e-01   1.5620846e-01   2.5772341e-01   7.6860154e-02   2.3269092e-01  -1.1982973e-01   4.0030050e-02   1.6953989e-01   5.4520946e-02   3.8721663e-02  -1.7660639e-01  -6.1532042e-02   9.2623677e-02   9.4695819e-02  -1.6216735e-01   3.6590482e-02   1.0194617e-02  -4.9338496e-02   1.7001390e-01   2.3050099e-02   2.9373982e-01  -1.5939703e-01   1.8254758e-02   4.3483410e-02   1.3928175e-01  -7.3967945e-02   1.9619330e-01  -1.9882546e-01   5.6186860e-02
  -1.3056409e-01   7.6449103e-02   2.4572524e-01   2.6208485e-02  -1.5881405e-01   1.1322360e-01  -4.5070679e-02  -1.2699215e-01  -2.0715343e-01  -1.6273446e-01  -1.3889150e-03   6.9088730e-02   5.1862231e-02  -2.5142767e-01  -6.1979267e-04   3.4730443e-02   2.8041906e-01  -1.3904277e-01   1.4817577e-01  -4.7291582e-02  -1.4433070e-01  -1.1242725e-01  -2.8880109e-02   1.0169534e-01   8.9734230e-02   4.6930891e-02  -3.6996764e-03  -2.9314863e-01   3.0512842e-01  -2.9534537e-01  -5.4505370e-02   9.8338764e-02  -2.1824344e-01  -8.6174039e-02  -5.0945230e-02   2.0481659e-01   2.9692548e-02   1.2040584e-01   1.3737237e-01   9.7389472e-02   6.0370049e-02  -1.0707536e-01   1.5485571e-02  -2.1764970e-01  -1.0569051e-01   8.6429393e-04   1.4815186e-01  -1.2716149e-01   8.5001427e-02
  -1.4787404e-01   1.9583561e-01  -8.1652032e-02   9.2671718e-02  -2.4720237e-01   1.2666394e-01  -1.2694521e-01   2.8943165e-02   7.0162929e-02  -9.2652978e-02  -1.1062733e-01   2.2498862e-01   8.4482867e-02  -7.0709705e-02   2.2797279e-01  -1.6308799e-01  -7.0657157e-02   5.5694738e-02  -1.5830357e-01  -3.1648916e-01  -3.8658547e-03   1.0698717e-01  -8.9946195e-02  -2.7561717e-02   7.6291880e-02   1.0364982e-02  -5.7429528e-02   5.0633735e-02  -1.8748744e-01  -2.2286612e-01   1.3326367e-01  -8.2655681e-03  -9.3400747e-02   1.0272343e-02   4.4373273e-02   2.1254624e-02  -1.0843440e-01   1.8040112e-01  -2.7953199e-01  -2.7979341e-01   1.6171556e-02  -6.9100250e-02   6.1581306e-02   3.3474362e-01   6.2110784e-02   8.5670957e-03   1.8698128e-01  -3.8683688e-02   1.4843586e-01
  -1.2815955e-01  -1.1096120e-01   2.0818048e-01   1.1817668e-02   1.5755886e-02   1.4571662e-01   4.5563184e-02   2.6232196e-01   1.8528905e-01   3.2063308e-01  -3.3798126e-02   2.8297325e-02  -4.3865229e-02   1.3009582e-01  -1.7484117e-01   8.0109863e-02  -8.2274305e-02  -1.2615969e-01  -2.9158654e-01   3.6747743e-02  -9.8924721e-02  -1.4123744e-01   1.2056471e-01   2.1475989e-02   2.9454996e-02   2.4683376e-02  -3.3862458e-02  -1.5136521e-01   4.0104521e-02  -7.5800384e-02   2.0170444e-01  -6.0924017e-02  -9.4346222e-02  -1.5905977e-02  -7.7070655e-02  -1.2085160e-01   1.6520188e-02   4.5178628e-02  -1.4571795e-01   2.2055903e-02  -1.6009159e-02  -7.8982084e-02   4.0468445e-03   2.7792033e-02  -1.7563075e-01   1.1104987e-01  -2.7709047e-01  -4.5911806e-01   1.3288468e-01
  -1.2843063e-01   2.7207437e-02   1.1573555e-01   2.2363819e-01   2.8135297e-01  -6.5417765e-02  -9.7520706e-02  -3.3320257e-02  -1.3249176e-03  -5.2279382e-02  -2.0866826e-01   8.2954692e-03  -1.1214824e-02   1.0341911e-01  -1.7007759e-01  -8.2185035e-02   2.4853508e-02   1.7451378e-01   7.8256757e-02   1.6343976e-02  -1.2083498e-01  -5.7234781e-02  -1.2073299e-01  -1.2421874e-02   1.8976181e-01  -3.0042587e-02   4.5209215e-02   2.9302984e-01  -1.4985668e-01  -1.5736038e-01   7.0628320e-04  -2.3125083e-01  -1.7578374e-01  -1.6518612e-01  -1.1739780e-01   1.9177089e-01  -7.3731610e-02  -4.8279300e-02   1.9264406e-01   1.9542362e-01   2.4104829e-01  -1.4611862e-01  -1.9798936e-01   2.7551838e-01  -1.1533295e-01  -6.1617907e-02  -1.2063224e-01   1.8632434e-02  -1.3594505e-01
  -1.5085033e-01  -1.9678984e-01  -4.4451961e-02   3.4517749e-01   2.1876095e-02   4.6500680e-02  -3.3285526e-02   1.1959645e-02  -4.8833078e-02   1.2228360e-01  -1.0879012e-01  -2.7946813e-01  -2.4663087e-01  -2.0935139e-01   1.5410527e-01  -6.2963251e-02  -1.6943099e-02  -7.6976815e-03   1.9733104e-01  -2.2329217e-01  -7.3493555e-02  -4.7706555e-02   2.0033371e-01   1.2786847e-01  -2.6062370e-02  -2.9139796e-01  -8.9290695e-02   6.0447019e-02  -2.0014713e-01  -1.5140359e-01  -1.9136285e-01   5.5519071e-02  -9.5745863e-03   5.2654859e-02  -1.7083584e-02   2.2446194e-02   4.5486675e-02  -3.9592064e-02  -2.2273343e-01   6.8930462e-02  -2.7176463e-01   1.7976291e-01  -1.5069253e-01  -1.4636507e-01  -1.9863837e-03  -7.4674235e-03  -7.4706844e-02  -4.3620262e-02  -3.3866366e-02
  -1.4446422e-01   1.3179101e-01   2.4152139e-01  -1.7286110e-01   1.1844714e-01  -1.1170477e-01   1.2064822e-01  -5.0893244e-02   8.5109682e-02  -1.3754896e-02  -1.0685734e-01   1.4116941e-01  -6.6757718e-02  -3.1478329e-02  -1.8811956e-01   2.1050389e-01  -2.1083344e-01   1.8244631e-01  -2.0151513e-01  -1.7382284e-01   7.0642391e-02   3.7663337e-02   1.7425654e-01  -6.6437650e-02   5.1654225e-02  -1.0009324e-01   1.6078189e-01   1.3887325e-01   9.5377113e-02  -1.2757223e-01  -2.3277920e-01   5.3152474e-02  -2.5067207e-01   1.2937084e-01   1.4158389e-01   2.8317646e-02  -3.0850121e-01   4.0897640e-02   1.9372930e-02  -4.0664134e-02  -3.4593540e-02   2.2807021e-01   1.1466609e-01  -2.1019647e-01   1.3749346e-01   1.7170321e-01   3.3120464e-02   8.0758867e-02  -1.0082750e-01
  -1.5546740e-01   6.2678422e-02   9.4707792e-02  -1.4712636e-02  -2.2138201e-01   2.0741836e-01  -6.1585623e-02  -1.0010158e-01  -2.6268277e-01   7.2547405e-02  -2.0460153e-01  -6.0519532e-02   1.5223202e-01   5.9769101e-02  -1.8293122e-01  -6.7460315e-02  -1.5182050e-01  -1.7455705e-01  -9.3295710e-02   2.5293367e-01  -4.2457239e-02  -7.8075647e-02   1.9236892e-02  -2.1153903e-02   1.9501179e-02  -1.7194250e-01  -4.0022845e-03  -5.0629346e-02   2.4266445e-02   1.4060733e-01  -1.7096303e-01   2.5382904e-02   1.8844749e-01   3.3961696e-02   1.0350495e-01   2.9309664e-01  -1.6714578e-01  -2.4889683e-01  -1.2860974e-01  -1.9408733e-01  -8.0409422e-03   1.3495027e-01   1.2091852e-01   1.5046768e-01  -2.5149526e-01  -1.9714038e-01  -4.2610903e-02   8.0604111e-02  -1.0630157e-01
  -1.2778031e-01  -6.9774873e-02   2.0596579e-01   1.8684972e-01   4.7970185e-02  -1.1047827e-01  -1.4321275e-01  -8.1510605e-02   5.8647023e-02  -1.3244420e-01   5.3131454e-02   6.2482898e-02   3.1894754e-02   4.1987019e-01   3.1170834e-02  -1.6666045e-01  -1.4425525e-01  -8.8584944e-02   1.0151762e-01  -1.0499800e-01  -8.0714643e-02   8.1850547e-02   9.1165251e-02  -3.3434098e-02  -4.6784888e-02   2.3824009e-01   8.5600013e-02   1.5030797e-01   2.7014037e-01  -1.3340211e-01  -5.4276500e-02  -2.8694906e-02   3.8124584e-01  -6.3509311e-02   4.2750224e-02   7.7667168e-02   5.7800653e-03  -3.4999129e-02  -2.3841504e-02   7.5361161e-02  -1.2829567e-01   1.4834453e-01  -1.9727495e-02  -6.7921974e-02   2.3295727e-02   6.5223472e-02   2.6605992e-02   1.8013831e-02   3.9491864e-01
  -1.3550598e-01  -1.5262927e-01  -3.5459136e-02   2.1134676e-01  -1.4236631e-01  -8.2297906e-02   4.9412156e-02  -1.2876025e-01   2.0157102e-01  -2.5994189e-02   1.9172287e-01  -1.2294048e-01   1.5520804e-01  -1.8309492e-01   8.1461667e-02  -2.4272952e-01  -1.4604022e-01   9.1412280e-02  -1.6550068e-01   1.0287501e-01   7.2019132e-02   2.5694929e-02  -1.4117213e-01   2.0595837e-01   9.3312058e-02   2.4104292e-01   1.7522237e-01  -1.3007234e-01   5.7092776e-02   1.1001735e-01  -1.0958029e-01   1.8868664e-01  -8.7321512e-02  -1.9826721e-01   1.0651589e-01  -1.5540965e-01  -1.9653150e-01   6.0061620e-02   5.9315449e-03   2.8209486e-01   2.4391203e-02   2.3552121e-01   3.4310575e-02   1.4983373e-01  -1.0604432e-01   1.5080034e-02  -2.0718648e-02  -7.8902882e-02  -1.8615860e-01
