  -1.6455970e-01   4.4951881e-02   7.1728777e-02   1.3584843e-01   1.5932327e-01  -2.2800958e-02  -2.0881037e-01  -2.0998747e-01  -1.3712777e-01  -7.3629430e-03   5.5425888e-02  -2.1448186e-01   4.0452978e-02   6.0288194e-02   1.4203364e-01  -1.8746572e-02   2.9554387e-02   1.4066770e-01  -1.1027475e-01   9.8430382e-02  -1.6980006e-01  -1.2615873e-02  -3.3417869e-02   9.6873877e-03   9.7732555e-02  -1.0063480e-01  -1.0729939e-01  -1.6930162e-01  -2.4255016e-01   2.2853204e-01   4.4823311e-02  -1.4565622e-02  -1.7333834e-01  -5.1438914e-02   8.6912013e-02  -6.8216073e-02  -8.0042090e-02  -3.9229413e-02  -4.7114766e-03   5.9365623e-03  -4.9193102e-02  -5.3510321e-02   2.7749762e-01   3.5475705e-01   1.2245803e-01   1.3522684e-01   2.9783855e-01   3.2949133e-01  -5.0268890e-02
  -1.5649614e-01   3.0437393e-01  -5.1342553e-02  -1.3885480e-01  -1.4955269e-01   1.8024244e-01  -1.0817624e-01   9.5663968e-03  -1.3473336e-01  -1.0117390e-01   7.6842316e-02   3.2837736e-02  -2.7549229e-01   5.1803655e-03  -3.1988866e-02   2.3436858e-01  -9.6165198e-03   1.6537954e-01   4.2988493e-02   2.1515187e-01   1.5195774e-01   9.1252496e-02   2.4575332e-01  -5.0544675e-02  -2.6947626e-01  -1.0116123e-01  -3.5579851e-02   2.0404551e-01  -1.4020237e-01   1.2322525e-01  -1.1715445e-01  -1.0457257e-01  -2.6701698e-02  -9.6021314e-02  -1.5100550e-01  -7.9638688e-02   2.3227277e-02  -5.4223412e-02  -8.3139144e-02  -1.5605070e-02   1.9303797e-01   4.1999116e-02  -1.2245125e-01  -8.6702699e-02  -1.0015087e-01   9.9552991e-03  -1.6542229e-01   3.2018618e-01  -1.4348155e-01
  -1.2781484e-01  -1.0320412e-01   8.3674818e-02  -7.2066697e-02  -6.8535302e-02  -3.3040921e-01   1.3120868e-01   4.4722219e-02  -5.2108626e-02   1.5667352e-02  -1.8442717e-01  -4.6079506e-02   8.6451572e-02  -2.9807155e-01  -1.3216325e-01   1.0523834e-01   1.3784285e-01  -5.6714839e-02   9.7635310e-02   1.8168282e-01  -5.1250591e-02   5.2082490e-02   2.8429708e-01  -7.0929453e-02  -2.7691004e-03   1.2796401e-01   2.8428431e-02  -1.1044233e-01   8.5169533e-02   1.0156767e-01  -5.8161596e-02  -2.2735912e-01  -2.6044257e-01   2.1776419e-01   5.1923976e-03  -1.0183587e-01   1.1712122e-01   6.6646746e-02   8.7718110e-02  -1.9606502e-01  -7.9095107e-02  -3.0725716e-01  -7.8176467e-03   1.3786069e-01  -2.2869952e-02  -7.6241807e-02  -6.9150115e-02  -7.8850925e-02  -2.8067492e-01
  -1.5246884e-01   9.1509558e-02  -4.0818075e-02   2.4571719e-01  -9.5649712e-02   6.7365853e-02   1.5687928e-01  -5.6177546e-02   1.0313193e-01  -3.6798386e-02  -3.2737671e-01   5.9965061e-02   1.7402616e-02   1.1923686e-01  -1.7115038e-01   3.8999818e-01   6.8510681e-02   1.3754308e-01   7.3794815e-02   5.3759326e-02  -3.0711758e-01  -1.0311456e-01  -6.0504552e-02  -2.0243918e-01   1.8565047e-01   1.2274663e-01  -1.0722810e-02   1.7049751e-02   1.0648298e-01   1.3622102e-01   3.7440052e-01  -3.2587712e-02   1.6947756e-01  -8.8741559e-02  -7.1287568e-02   4.0053118e-02   6.9922514e-02  -9.6834426e-02  -6.6859508e-02   2.0762817e-01  -6.3952521e-02  -4.6274040e-03  -3.6946266e-02  -6.6656582e-02   1.3891899e-01  -2.7252579e-02  -6.7795171e-02   6.0971107e-02   1.3801896e-02
  -1.3313805e-01  -1.7077524e-01  -1.8229706e-01   3.9302136e-02  -1.0860584e-01  -1.7602168e-01   1.4460659e-01   5.8065590e-02   1.2947335e-01   1.5602234e-01   3.0639986e-01  -1.7087440e-02   1.8805262e-01  -1.8680776e-01  -4.4944062e-02   1.5373505e-01   4.4670942e-02  -1.5862298e-01  -6.3026932e-02   9.8183728e-02  -1.4424473e-01   1.4602392e-01  -1.2322177e-02   6.3456613e-02   1.1900103e-02  -3.4548106e-02  -2.9233453e-01   7.7549794e-02   5.6324261e-02   6.5044557e-02  -1.0425854e-01   3.8405040e-01   1.4159288e-01  -8.5365392e-02   6.4669049e-02   1.8471402e-02  -6.5408127e-02  -5.0626438e-02  -4.3328210e-03   4.5956203e-03   8.9607382e-02   2.3931678e-01  -2.3566621e-01   2.2457129e-01   6.8575171e-02  -8.8591790e-02  -6.4779848e-02   1.6513070e-01  -1.4281018e-01
  -1.3461198e-01   3.3615805e-02  -2.9134769e-01  -1.4091835e-03   1.8527683e-01  -1.2838380e-01   2.4063391e-02  -5.1125988e-02  -3.2440350e-02  -2.8744622e-02   2.9649253e-01   3.4214064e-02  -1.4812091e-01  -6.7283867e-02   4.6609825e-02  -1.7456207e-01   2.3935273e-01   1.8621703e-01  -2.1698606e-03   1.3034488e-01  -1.3879575e-01  -1.7240355e-01   1.0911053e-01   1.2214628e-01   3.9379059e-02   1.7606181e-01  -2.0413798e-01   2.3875757e-01  -1.4199243e-02   1.0758018e-01   1.3982781e-01  -9.2192463e-02   9.8635163e-02   1.1751602e-01   1.2860405e-01  -1.9921063e-01   2.5910811e-02  -1.1897995e-01   8.0797927e-02   3.1243733e-02  -3.9817922e-02   9.2964590e-02   1.5382777e-01  -3.2901708e-01  -6.8601005e-02   4.7574857e-02   1.0688870e-01  -2.6415899e-01  -5.9623205e-02
  -1.4597724e-01   2.5565895e-01   2.7047545e-01  -4.1023948e-02   2.4134438e-02  -2.1875443e-01  -1.7940965e-01  -1.1232455e-01   1.3440225e-01  -3.8687553e-02  -3.6187653e-02  -3.9832604e-02   2.2781545e-01   1.4812283e-01   8.4102860e-02  -7.6074873e-03  -1.7986920e-01  -1.8407432e-01   9.7620840e-02   2.9854697e-01   5.5306754e-02   5.3823133e-02  -8.9068469e-02  -1.2473734e-02  -4.7359753e-03  -5.4261357e-02   1.2411353e-01   2.2207528e-01   9.5973107e-02   2.1467443e-02   6.1128255e-02   1.4263163e-01   1.9781319e-01   5.0042385e-02   9.8610335e-02  -1.7880006e-01  -1.6285424e-01  -1.6407921e-01   1.6524205e-01  -4.6741211e-02  -1.1703968e-02  -1.2232066e-01  -5.4272169e-02  -3.7257168e-03  -4.5852497e-02   3.6408477e-01  -1.5402002e-01  -1.3685745e-01   2.6463231e-03
  -1.4334167e-01  -1.1104297e-02   9.6519609e-02  -5.5161216e-03  -1.9173532e-01   1.1644360e-01  -2.0120917e-01   6.1634580e-03  -2.1086765e-01  -9.7476062e-02   1.0818924e-01   8.5671805e-02  -8.4160589e-02  -1.1292551e-01   9.2763578e-02   4.5148353e-02   2.8363693e-03  -5.1990748e-03  -1.9719326e-02  -1.4012651e-01  -6.5067937e-02   3.6168178e-01   1.0906753e-01  -8.7984786e-02   2.2057253e-01   6.7606052e-02  -2.3534782e-05  -2.4916551e-01   3.0945611e-02  -2.7288807e-02  -2.6193799e-02   1.6949065e-01  -1.0356883e-01   4.3804213e-02   5.7721364e-02  -5.7631001e-03  -1.6366683e-01  -2.9604462e-01  -1.9222104e-01   3.4623952e-01  -1.1409048e-01  -7.9033880e-02  -7.3678723e-02  -7.1555979e-02  -2.3582948e-01   2.4586855e-02   3.2259630e-02  -2.6493286e-01  -9.9753857e-02
  -1.4422615e-01  -5.3617262e-02  -2.3658691e-01   2.2678227e-01  -1.4440411e-01   1.1742512e-02   8.0487709e-02   1.0953728e-01  -1.0244684e-01   3.1125214e-02  -3.0018613e-01   1.1971600e-02   1.5184867e-01  -6.2521886e-02   2.6376760e-03  -1.4632121e-01  -3.1453473e-02  -5.6848758e-02  -1.4762424e-01  -4.8060490e-02   1.8961732e-01  -1.4778805e-01   8.4313505e-02   7.9333412e-02  -5.0350710e-02  -3.7331439e-01  -1.0598195e-02  -1.2509647e-02  -1.1921919e-01  -7.8928203e-04   2.6037215e-02   2.8777716e-02   1.2889659e-01   2.9768251e-02  -2.6231204e-01  -1.1395334e-01  -1.7003435e-01  -1.5371099e-01   3.4721123e-01   1.1859244e-01  -2.0267111e-01  -6.5960667e-03   1.7483274e-02  -6.0393502e-02  -2.3300242e-01  -8.0807260e-02   1.1056441e-01   5.8329403e-02  -1.1819233e-01
  -1.4153900e-01  -6.2179807e-02   4.0712571e-02  -7.9705602e-02   1.8141488e-01   1.0944576e-01   1.6964278e-01   2.0862358e-01  -1.3488962e-01  -2.3652602e-01  -2.2201148e-02  -2.3179338e-01   1.6069544e-01  -6.7041903e-02  -2.9303966e-01   2.2456514e-01   3.6681942e-02  -1.8441909e-01  -7.5751755e-02  -2.8493946e-02   1.2832011e-01  -7.4128313e-02   1.5930898e-01   9.8244555e-03  -1.2107877e-01  -2.8020349e-02   4.5559390e-02   6.2748342e-02   1.1268093e-02  -1.9744424e-02   6.9048776e-02   8.6541563e-02  -5.5668932e-02  -1.9996161e-02  -1.3652906e-02  -9.1719343e-02  -5.9195391e-02   2.4230321e-01  -2.3095061e-01   1.5006818e-01   2.2287011e-02   2.5846678e-01   2.0303146e-01   5.4794637e-02  -7.3055211e-02   3.3702116e-01   1.3344058e-01  -1.7195851e-01   6.5942226e-02
  -1.5891837e-01   5.9029683e-02   8.1593871e-02   1.0335964e-01   2.4682500e-01   4.0272388e-02   6.7350563e-02   1.3385387e-01   1.6305040e-01  -1.3718214e-01   1.2330729e-01   2.6375040e-01   1.8689692e-01  -1.9024202e-01  -1.8737708e-01  -1.9282350e-01  -2.2691810e-01   1.2345923e-02   1.3041269e-01  -1.3054189e-02   2.2387488e-02  -4.2375221e-02   5.8325621e-02  -8.5883819e-02   2.9305198e-01   1.1410812e-02   6.6983915e-02   3.2009483e-01  -1.9351957e-01   3.2550698e-02  -2.1532419e-01  -1.5363046e-01  -4.1264167e-02  -2.4175088e-01   9.0436304e-02   1.5069552e-01   3.6234142e-02  -3.2246423e-02  -1.0867699e-01   1.3225698e-01  -1.5463914e-01  -1.2066852e-01   5.0023346e-02   6.2645830e-02  -1.0981011e-01  -1.3322257e-01  -2.5104844e-02   1.1807723e-01   5.9721703e-03
  -1.5372836e-01   5.0966415e-02   5.1046236e-02  -8.6939219e-02   1.5712824e-01   1.5357471e-01   1.9484053e-01  -2.2051110e-02   1.3888358e-01  -6.9150313e-02   2.0018091e-02   3.4241318e-02  -3.0795983e-01  -2.8806571e-01   8.1859759e-02  -1.6905650e-01   1.0639702e-01  -3.2101664e-01  -2.8714643e-02   3.3493654e-01  -7.9578874e-03   7.4104554e-02  -1.4548414e-01  -1.0718320e-02  -7.6939052e-02   8.4383337e-02   2.4926232e-01  -2.1042948e-01  -6.2210448e-02  -1.3744275e-01   2.0481187e-01   1.0674702e-01   5.2294111e-03   5.7713659e-03  -2.5027932e-02  -5.5892146e-02   1.8561051e-01  -4.9032298e-02   1.8880198e-01   2.3010000e-01   5.2081208e-02   3.4301345e-02   5.0953326e-02   6.5795297e-02  -2.8255113e-02  -1.0063206e-01   9.1509096e-04   1.5970377e-01   1.0891285e-01
  -1.4189428e-01   1.3594401e-01   1.2874506e-02   1.4442171e-01  -4.4099227e-02   7.0799818e-02   2.2705512e-01  -1.4496200e-01   5.1508846e-02  -8.8587634e-02  -7.5602162e-02  -2.0584288e-01  -2.3411765e-02  -4.6760218e-02   1.9878861e-01  -1.9653842e-01  -1.7234965e-01   2.0817183e-01   1.2113720e-02   1.6010080e-01   9.5248271e-02  -1.7133216e-01   1.8591261e-01  -1.8608211e-01  -1.2667726e-01   9.2911544e-02  -1.0153784e-01  -2.3781980e-01   6.5713090e-02   1.4749175e-02  -2.3807177e-01  -8.5545206e-02  -2.6805236e-02  -1.2476486e-01   1.6785413e-01   1.6076485e-01  -1.1006853e-01   7.4850203e-02   8.2440612e-02   9.9723987e-02  -1.0650006e-01   2.5382646e-01  -2.6379019e-01   7.1688880e-02   1.7746447e-01   4.4525972e-02  -6.6378809e-02  -2.4675813e-01   2.8692967e-02
  -1.4578471e-01  -4.7348085e-02   5.0408452e-02   1.5157481e-01   1.2257905e-01   6.3944810e-02  -1.7866999e-01   7.1737934e-02   7.4224731e-02   1.7834791e-01   1.2247866e-01  -1.6190514e-01  -2.1815271e-01   7.1383121e-02  -2.1405865e-01   1.5443540e-01  -2.3194856e-02  -2.9151171e-01   1.2888616e-01  -2.0781834e-01  -1.9607216e-01  -8.6960026e-02  -2.3251126e-02   2.4566094e-02  -1.7555800e-01   1.3307951e-02  -1.2493804e-01  -7.1602233e-02  -9.0563988e-02  -2.6042408e-01  -2.0631963e-01  -2.8831981e-01   9.7749734e-02  -1.3415797e-01  -2.6379197e-02   5.6278819e-02   6.5045951e-02  -1.5008640e-01   2.3272328e-01   9.6979533e-02   3.7318809e-02  -1.2975583e-01  -9.9514069e-02  -1.9233756e-02   1.1208742e-01   1.8204215e-01   9.5041910e-02  -9.8757940e-02  -1.8238913e-01
  -1.3871788e-01   5.5124582e-02   2.5757143e-01   6.9748378e-02  -5.9754421e-02  -6.8369939e-02   1.6070341e-01   1.0786864e-02   2.4043460e-01   4.7122236e-02  -1.9443811e-02   1.3354017e-02   4.1908785e-02  -1.0099939e-02   7.4536454e-03   3.2232020e-02   6.9584633e-02   3.3276165e-01   7.9377412e-02  -1.3657599e-01   1.2427345e-01   2.8580541e-01  -7.5143212e-03   2.7641503e-01   2.2313134e-01  -1.3732539e-01   2.4843649e-02   2.2114138e-02  -2.0415801e-01  -2.1834152e-01   1.2483932e-01  -6.9101195e-02  -1.8198326e-01  -4.0543912e-02  -6.5138803e-02  -1.6961797e-01   1.2951817e-02   9.2111141e-02   1.8489439e-01   6.1750380e-02   3.1990947e-01   1.9859988e-01  -9.9240518e-03  -3.9640477e-02   1.4916304e-01   6.9581073e-03   4.4933730e-02  -1.3372367e-01  -1.2298024e-01
  -1.5439911e-01   1.9176755e-01   2.3486589e-01   1.0832417e-01  -5.3838951e-02  -6.6697213e-03   9.9004074e-02  -2.4012474e-01  -1.5492107e-01   1.8337147e-03   1.4114624e-01  -5.6506842e-02  -4.9947198e-02  -5.7599731e-02   1.7122403e-02   6.8240077e-02   6.3363540e-02  -1.3135992e-01  -1.6987857e-02  -1.2562304e-01   1.1253590e-02  -1.1185989e-01  -1.6268167e-01   3.7829622e-01   5.6221804e-02  -8.9293974e-02   1.7074868e-01   3.9762095e-02   8.0609463e-02   3.2702380e-01  -2.9870976e-02  -4.8086651e-02   4.5597279e-02   6.7011536e-02  -1.8138056e-01   3.3998323e-01   2.6328974e-01  -3.2968582e-02  -5.5107489e-02  -1.4494718e-01  -1.1491609e-01   1.8189171e-01  -7.4162225e-02   4.4326269e-02  -1.6830694e-01  -5.2643655e-02   1.3097714e-02  -1.5278050e-01  -9.0852496e-02
  -1.4123529e-01   2.4512856e-01  -1.1356213e-01   9.6937337e-02   5.2510262e-02   1.2144065e-01   1.6643665e-01  -2.6205348e-03   3.4529105e-02  -6.0932086e-02   7.2481777e-02   6.4432127e-02   6.3180864e-02   2.9094632e-01  -1.8561245e-01  -5.9560503e-02  -7.4503695e-02  -2.5140693e-01  -8.4934759e-02  -3.3514087e-02   5.0548122e-02   5.5413814e-02   8.7358709e-02  -3.6211338e-02   1.4479170e-01   3.1594723e-01  -1.4404321e-01  -1.8736832e-01  -1.8781625e-01   1.7058998e-01  -1.2505619e-02   1.3240496e-01  -1.4127248e-01   1.4541831e-01  -1.6691497e-01   5.3544578e-02  -2.0056359e-01   3.8347525e-02   1.2807442e-01  -2.6266175e-01   2.8279564e-01  -1.5732625e-01  -7.9958368e-02  -9.6909743e-02  -4.3239787e-02  -8.4057012e-02   1.0504291e-01  -4.7827190e-02   1.3946365e-01
  -1.3558495e-01   1.1905427e-01   1.6481644e-01   3.3798488e-02   1.0825532e-01  -1.3270261e-01   1.1559663e-01   1.2667206e-01  -6.9858706e-02   1.5474014e-01  -3.3908238e-02   1.0057636e-01   1.4499120e-01  -1.4898119e-01   1.2692028e-01  -4.3832086e-03   3.4387299e-01   1.1120042e-01   1.6240917e-02  -1.4853265e-01  -3.7102222e-02  -1.6020638e-02  -1.2570669e-01  -2.3803783e-01  -1.3273101e-01   1.1283597e-01   1.3112448e-01  -2.2341194e-01  -2.6641804e-01  -1.3265900e-01  -4.9428043e-02   3.4606459e-02   2.4486631e-01  -8.4867116e-02   5.3062649e-02   7.7306041e-02  -1.4670577e-01  -3.3940922e-03  -1.5287673e-01  -2.9941367e-01  -4.8239865e-02   9.1628890e-02  -2.1255501e-02  -2.4149218e-01  -1.5137185e-01   1.6465662e-01  -1.2641955e-02   1.7016707e-01  -7.1474575e-02
  -1.6228480e-01  -3.0676830e-02  -6.1652656e-02   1.6474962e-01   1.0141439e-01  -2.4455842e-01  -4.1752704e-04  -2.9236772e-01   1.3321454e-01  -1.2850603e-01  -1.2815117e-01   2.4227047e-01  -1.0959866e-01   1.0128941e-01   5.2886879e-02   1.5323067e-01  -2.1754884e-02  -1.6384198e-01  -1.2345575e-01   8.9586982e-02  -3.8022840e-02   1.5383183e-01   1.2890435e-01   2.1537577e-01  -1.4252351e-01  -1.7348990e-01  -1.6270580e-02   6.7181337e-03   3.8034150e-02  -2.1710678e-01  -1.2210409e-01   2.3631397e-02  -1.0946706e-01   1.2715596e-01   1.3391209e-01   1.7799890e-01  -1.2896880e-01   2.1246407e-01  -2.0369467e-01   5.1960009e-02  -1.6893037e-01  -3.6608577e-02   1.1560038e-02  -3.2715456e-01   1.1787378e-01  -4.5372515e-02   1.3272602e-01   1.3609720e-01   4.4109927e-02
  -1.4734203e-01   6.3849254e-02   2.9420556e-01  -5.4021879e-02   1.7341632e-01  -1.0371771e-01   8.7221197e-02  -3.3463757e-02  -1.1929239e-01   9.7938104e-02  -2.9083224e-02   1.3616046e-01  -2.1126749e-01   1.0892466e-02   8.1067020e-03   5.1628732e-02   6.2340116e-02   4.5849692e-02  -1.3185839e-01  -1.7317492e-01   1.3675150e-01  -2.3409763e-01  -4.4705342e-02  -4.0775812e-01   7.9833811e-02  -1.8434468e-01  -2.7005034e-01   1.7000783e-01   2.3403898e-01  -9.7330906e-02  -1.2005022e-01   2.3814545e-01  -1.1982778e-01   2.4507061e-01  -1.3197939e-02   8.2451071e-02   5.7633493e-02  -7.5589919e-02   1.3791309e-01   8.1905690e-02   1.5590851e-01   9.1197778e-03   1.4997312e-01   4.1885989e-02   2.3210929e-02  -7.4623326e-02  -1.9543393e-02   2.1279057e-02   7.9354689e-03
  -1.3881347e-01  -1.6161143e-01  -2.8827433e-02  -2.0257935e-01   2.0336795e-01  -1.9264411e-02   1.8755831e-02   1.2451691e-02  -1.7639304e-01   2.0259823e-01  -1.6062636e-01  -4.2521182e-04  -2.9410706e-02   1.2055173e-01  -4.8549716e-03   9.2988631e-02   8.3863082e-02   9.7240487e-02   2.8167648e-01   1.9700782e-01   2.8408293e-02  -1.5941655e-01  -1.9735040e-01   1.6645426e-01   9.6302654e-02   4.5065204e-02   1.1730670e-01   1.1988712e-02  -2.1823376e-01   4.5320722e-02  -3.3363039e-01   8.9572212e-02   3.2813035e-02   1.9080853e-01  -2.0353459e-01  -1.5708564e-01  -1.4878187e-01  -4.7175220e-02  -1.8302015e-01   1.9307757e-01  -2.7984896e-02  -1.9068267e-02  -2.1935874e-01   4.9550516e-02   1.5470202e-01  -1.3567106e-01   3.4282571e-02  -9.8890207e-02   1.5165669e-01
  -1.4069082e-01   4.8327743e-02  -1.6863562e-01  -1.5056205e-01  -1.8597341e-01   9.5965033e-02  -1.6886330e-01   7.9556019e-02   2.3365253e-01   2.8733546e-01  -8.5931078e-02   3.5154466e-01   3.7848434e-02   8.9250351e-02  -8.3336480e-02  -6.6920951e-02  -8.5525484e-03   2.4477740e-02  -3.7414158e-02   2.9345793e-02   2.8204403e-02  -6.3606242e-02  -2.6015938e-01  -7.5091882e-02  -1.3174191e-01   9.8162848e-02   1.0584913e-01  -4.1252603e-02   3.5559457e-02   2.4510490e-01  -6.7709617e-02  -4.3627616e-03  -2.1228148e-01   8.8497236e-02   1.4170703e-01   9.1425262e-02   2.7017312e-02   2.5680760e-01   6.2399497e-02   1.8996819e-01   5.8685032e-03   1.4241818e-01   6.6987405e-02   3.7245520e-02  -9.1640811e-02   2.0836945e-01   1.4359408e-01  -5.4582047e-02  -2.8746956e-01
  -1.3605851e-01   1.8335935e-01  -1.4265756e-01  -2.2739748e-01   1.5252617e-01   4.9478729e-02  -1.5208862e-01  -4.7947851e-02   1.6255721e-01  -4.6776720e-02   1.2500261e-02  -3.1217565e-02   2.4156415e-01  -1.0122144e-02   2.6461026e-01   8.2537443e-03   1.8755685e-02  -8.3073964e-02  -2.6307211e-01  -1.5678273e-01   5.0283488e-02  -4.2006335e-02   1.6116940e-01  -1.6587409e-01   2.3270948e-02  -4.9908541e-02   1.5870228e-01   2.2672538e-02   3.8991471e-02  -5.7606327e-02   5.2104569e-02  -4.2850161e-02   2.1300048e-01   1.3854160e-02  -1.6208541e-01  -9.8957632e-02   2.2218225e-01   1.8262389e-02  -2.0208114e-01   2.0728405e-02   9.5223887e-02  -1.0091681e-01  -1.7210692e-01   5.3461051e-02   2.5233375e-01  -2.0439170e-01   2.6423195e-01  -1.3270867e-01  -2.2854432e-01
  -1.6122026e-01   2.7647463e-01   8.7732422e-02  -9.6520745e-02  -1.7845144e-02   4.1360858e-02   1.2090700e-01   3.2733985e-01   1.8842763e-02   7.7932879e-03  -7.9209533e-02  -2.4174223e-01  -1.1864679e-01   1.3742980e-01   8.7247779e-02  -1.1744911e-02  -1.0029453e-01   1.1234949e-01   8.5800094e-03  -1.0784004e-01  -2.8855542e-01   2.1295763e-01  -8.8792551e-02   1.2239269e-01  -1.0214011e-01   1.0714118e-01  -6.8324142e-03   1.4033002e-01   2.3044426e-01  -6.0361940e-02  -1.1712020e-01  -9.7488319e-03   1.5917595e-01   9.7852244e-02   1.2006139e-01  -9.4607057e-02  -1.4971365e-01   2.1181656e-01   7.4714254e-02  -1.0619630e-02  -1.7798679e-01  -2.7652847e-02   1.0479979e-01   1.0880582e-01  -1.8500282e-01  -3.1634685e-01   1.6437847e-01   7.0045174e-02   9.6277750e-03
  -1.4073838e-01  -1.3924279e-01   1.0405999e-01   7.8620008e-02   9.9357670e-02   1.4384017e-01  -1.8329885e-01   1.7808112e-01   3.4832292e-01   5.0328241e-02   4.5865368e-02  -3.2266899e-02  -2.0106796e-01   9.5378064e-02  -4.0953227e-02  -1.2404391e-02   3.3285758e-01   7.6080378e-02   2.2382518e-02   1.4782404e-01   7.7163298e-02  -1.1883655e-01   9.1019274e-02   3.1129355e-03  -1.6122260e-02  -3.0029177e-01  -2.9697785e-03  -4.7138110e-02   1.3028426e-01   1.1030129e-01   1.5878904e-01   1.1928193e-01  -1.0456481e-01  -2.4710667e-01   2.7808304e-02   4.4842633e-02  -1.7073588e-01   5.0649881e-02  -1.2031520e-01  -2.3700542e-01  -6.1433872e-02  -1.7966947e-01  -1.5573253e-01   9.4251588e-02  -1.5448196e-01  -1.2701509e-01   3.4653605e-02  -2.0923571e-01   9.8447091e-02
  -1.2058228e-01  -1.2720517e-01   6.3339066e-02  -3.1718810e-02   9.5246412e-02   1.6869415e-01  -1.7999850e-01   1.4149239e-01  -2.6209812e-01   2.1257242e-01  -6.2716163e-02   3.9187399e-02  -7.5628465e-02  -3.3316794e-02   6.4236331e-03   7.2799822e-02  -2.7511552e-01  -2.4034019e-02  -1.0013389e-01   2.5182457e-01   1.3495241e-01  -1.4108429e-02   8.1685224e-02   7.9416872e-02   2.3162632e-01   1.8818355e-02  -1.0093159e-01  -2.3737894e-02  -1.4423926e-01  -1.5068544e-01   3.0960602e-01  -9.4052605e-02   2.6225295e-01   1.6361216e-01   2.2268033e-01   2.6518380e-01  -6.9769662e-02   1.6789086e-01   3.9336906e-03  -1.5715868e-01   3.7113000e-02   9.3261955e-02   9.8564750e-03   1.9802391e-02   4.3214234e-02  -1.1428347e-01  -9.7445576e-02  -6.1817613e-02  -1.9154139e-01
  -1.3527814e-01  -3.5566939e-02  -9.3184433e-02   2.0099719e-01   1.2597131e-01  -5.0152982e-02   2.9125837e-02  -1.3487978e-01  -1.9634961e-01   3.7947263e-01  -1.6955505e-01   7.8154318e-03   1.1648844e-02   1.8111458e-01  -3.5684043e-02  -1.3705486e-01  -4.2626002e-02  -1.0089052e-01   7.5930245e-03  -1.0342669e-01   1.5023949e-02   2.5214053e-01   1.2665501e-01  -1.2676898e-01  -2.7024274e-01   7.8091902e-02   1.5665059e-01   2.5185135e-01  -7.0648301e-02  -2.8286508e-02   1.6238909e-01   1.0431517e-02  -2.1117344e-01  -1.2508540e-01   1.6713236e-01  -1.1704031e-01   1.6229838e-01  -1.9833633e-01  -1.2096600e-01  -8.3947826e-02   1.0149236e-02   1.8676074e-01  -4.3564607e-02   1.5653574e-01  -7.2355220e-02  -1.5009473e-01  -3.1226043e-02  -1.2625941e-01   1.2744658e-01
  -1.5006044e-01  -8.5354667e-02   5.7180007e-02   3.5005505e-01  -2.9540037e-02  -7.1036781e-02  -2.8234655e-01   2.0577699e-01   8.2353588e-02  -1.7959897e-01   4.8993060e-02  -2.2424209e-02  -1.1022514e-01   2.5298036e-02   2.1045176e-01  -3.1700019e-02   3.0171625e-02  -1.4410948e-01   1.6158818e-01  -2.5213875e-01   2.1054338e-01  -7.1070651e-02   1.9315871e-02   5.3123430e-04  -6.0036736e-02   2.2933238e-01   7.9907510e-03   6.2484223e-03  -9.6080672e-02   1.7437336e-01   3.8197113e-02   1.3749533e-01   7.9881641e-03   1.4635966e-01  -6.1822819e-02  -2.0447437e-01   5.5187342e-02   2.0314561e-01  -2.2776118e-02   5.0298206e-02  -1.4626754e-01   9.6244245e-02   9.2479275e-02   3.3117100e-04   2.1897349e-01  -1.0751465e-01  -3.3943507e-01   7.6108794e-02  -6.8965149e-02
  -1.3756633e-01   1.8591783e-02  -8.3351033e-02   1.8197385e-01  -2.5352138e-02   3.0396830e-01  -4.8301899e-02  -4.2495766e-02  -6.4324445e-02   9.9476046e-02   1.1974336e-01   9.9948363e-02   1.1188650e-01  -3.8173059e-01  -6.0044604e-02   1.5980052e-01   8.8196748e-04   2.0125441e-01   4.2401111e-02   6.1946374e-03   2.3296833e-01   2.2303398e-01  -1.4319495e-01   5.4436197e-03  -1.8644518e-01   9.2624864e-02   3.9680251e-02   1.1710982e-01   1.9558356e-01  -2.5660817e-03  -3.4598707e-02   3.5840821e-02   5.2921872e-02   9.5172854e-02  -6.7188266e-02   5.0132092e-02  -6.8261334e-02  -4.7366166e-02   1.2984062e-01  -1.6960678e-01  -1.2226136e-01  -2.0676500e-01   1.1607087e-01   1.0514888e-02   3.2732520e-01   7.0155058e-02   1.8025350e-01  -7.5989789e-02   2.4178289e-01
  -1.3800215e-01  -2.3307045e-01  -3.0730940e-02  -1.5977248e-01   1.7751516e-02  -9.3028064e-02   1.5772001e-02   3.8563618e-03  -6.8081369e-02  -3.5299824e-01   6.9111426e-02   2.8504196e-01  -3.1794762e-02   1.8476113e-01   2.9004021e-02   9.8530541e-02  -7.6550242e-02   5.9690034e-02   2.8966620e-01  -1.1585696e-01   8.5834235e-02  -1.2956949e-01   9.0457362e-02   4.2733548e-02  -7.7598868e-02   1.2316428e-01   2.2605276e-01  -8.6565079e-02   1.9897176e-01  -6.6899593e-02   1.0312774e-01  -2.7323783e-02   3.5710558e-02  -5.5756601e-02   8.8497115e-02   5.4229741e-02  -1.5347226e-01  -2.6797025e-01   1.8419800e-01  -1.7720796e-01   5.6142901e-02   2.1217198e-01  -1.2818517e-02   1.8946944e-01   1.6678009e-02  -6.7127765e-02   2.5462165e-01   1.2209491e-01  -9.5968164e-02
  -1.2915084e-01   6.8634256e-02   1.3908940e-01  -5.5299457e-02  -1.2325574e-01  -1.5011575e-01  -2.9663554e-01  -1.2651594e-01  -1.5312350e-01   1.3677923e-01   1.3297964e-01  -7.1919721e-02   1.4056634e-01  -4.8736677e-02  -2.4614189e-01  -1.5909819e-01  -7.4595663e-02   9.1043310e-02   1.8255946e-01   4.3111830e-02   1.3981390e-02  -1.4558914e-01   1.1461405e-01  -2.1635176e-02   3.3988237e-02   1.3283673e-01  -7.0727432e-02  -9.1581516e-02   1.4702242e-01  -2.0108983e-01   1.7030503e-01   1.6136502e-01  -6.1947278e-02  -1.4195620e-01  -1.8678686e-01  -6.6712888e-02   1.7481895e-01   2.8484025e-01   7.3605260e-02   7.7853582e-02  -1.2570509e-01   5.5081841e-02  -2.0926344e-01  -1.7765569e-01  -1.0133204e-01  -7.5982262e-02   2.1870647e-01   1.9082274e-01   1.6472780e-01
  -1.3879341e-01   1.4340426e-01  -2.7704154e-01  -1.5519975e-01  -9.1651684e-02  -1.2831590e-01  -6.4930146e-02  -1.6396465e-01  -6.5448329e-02  -9.0268737e-02  -5.4598197e-02   3.9905621e-02  -2.6753297e-01   1.8676882e-02  -2.8980865e-01  -1.3298905e-01   2.3090872e-01   6.7077101e-02  -1.9516536e-01  -2.0532054e-01   3.2361458e-02   6.5224934e-02   3.8016713e-02   1.9245404e-02   2.4785927e-01   1.0976976e-02   1.5186471e-01   5.8975497e-02  -5.9470974e-02  -1.6882800e-01  -4.0942942e-02   3.0413046e-02   1.6410794e-01  -2.3765060e-02   3.9192223e-02   1.9051175e-02  -6.7343814e-02   1.5067118e-01   9.0235801e-02  -7.1875932e-02  -1.7295399e-01  -3.1680740e-02  -8.9737051e-02   3.4823327e-01   9.7638410e-02   2.0310623e-01  -2.2929318e-01  -9.2854488e-03   1.0593530e-01
  -1.3626635e-01  -6.8961359e-02  -1.0138966e-01   8.3895688e-02  -1.3950363e-01  -1.1257980e-01   1.0980342e-01  -7.9365733e-02   1.0432816e-03   1.7889205e-02   1.5317790e-01   2.1426587e-01  -2.4489918e-02   1.2151521e-01   1.7172233e-01   1.6043555e-01  -2.0008182e-01   1.3392971e-01   1.0645453e-01   8.8965727e-02  -7.1624643e-02  -4.9237142e-02   5.7065765e-02  -4.4491432e-02  -1.1474592e-01  -5.4506171e-02  -3.7602944e-02  -1.6521896e-01  -1.6004989e-01  -1.4867494e-01  -8.7776780e-02   1.2463432e-01   2.2442083e-01  -1.1741512e-01  -1.5773563e-01  -4.2291450e-02   2.6970305e-01   2.0271924e-01  -4.7050688e-02  -2.6755945e-02   8.4753826e-02  -1.9934615e-01   3.3400000e-01   2.2239711e-01  -2.3521884e-01   1.6850712e-02  -5.2603616e-02  -2.7308389e-01   1.1952317e-01
  -1.5371013e-01   5.6854677e-02  -1.2095598e-01  -1.7583500e-01  -1.8338978e-01  -1.1976700e-01   6.6848418e-02   1.2914617e-02   1.7282094e-01   2.1901315e-01   2.6235104e-01  -2.6436063e-01   1.6208831e-02   1.4234345e-01  -7.4712942e-02   1.8342089e-01  -9.8630919e-02  -5.1391764e-02  -9.4515660e-02   6.8907935e-02   2.4029264e-01  -7.9588536e-02  -7.6989237e-02  -1.0103329e-01   1.6757228e-01  -1.5179226e-02   1.6191702e-01  -1.4695074e-01   3.2379925e-02  -1.0712235e-01  -3.1932625e-02  -1.2831007e-01  -1.5931401e-01  -7.6385144e-02  -1.5770851e-02  -1.9658576e-02  -7.4321175e-02  -2.2762908e-01  -7.8069845e-02  -6.4736530e-02  -2.4547021e-01   1.1641599e-01   3.4805572e-01  -1.7409379e-01   9.0354189e-02  -1.7764612e-01  -1.3736099e-01   3.9699673e-02   3.7307960e-02
  -1.5000004e-01  -1.3914069e-02  -1.6831795e-01  -1.0491696e-01   2.1865219e-01  -9.5187413e-02  -3.3543529e-01   1.6187593e-01  -8.0070881e-02  -1.8614376e-01  -1.5468052e-01  -3.6100203e-02   2.6231262e-01   2.1847448e-02   1.4704143e-01   1.6043996e-01   1.7113560e-01   4.5964176e-02  -1.1464624e-01   8.8391201e-02  -9.3982904e-02   1.6097719e-01  -1.1177764e-01   1.4421091e-02   1.3664965e-02   3.1650726e-02  -7.8247914e-02  -4.5266441e-02   4.7734570e-02  -1.1873777e-02  -1.2598208e-01  -9.7347443e-02  -1.5642844e-01  -1.4776126e-01  -8.1215485e-02   2.7451236e-01   1.5223604e-01  -1.3726904e-02   3.0928893e-01   2.5722330e-02   9.6749990e-02   1.5804604e-01   4.3634821e-02  -6.6017506e-02  -9.7002422e-02  -9.1175934e-02  -2.2218684e-01  -8.2621245e-02   2.4504682e-01
  -1.2918212e-01  -1.5261061e-01  -7.8091100e-02   4.9012654e-02  -1.5063567e-02   7.3159088e-02  -1.3617212e-01  -5.4969402e-02   3.2728714e-01   6.8934651e-02  -1.7461379e-01  -1.3186323e-01  -6.8126208e-02  -7.3397073e-02  -1.3357405e-02  -1.7360701e-01  -5.5040134e-02   4.2038421e-03   1.8959528e-01  -1.0449579e-03  -2.1376016e-02   1.6250934e-01   1.6819797e-01  -9.3294212e-02   1.8684621e-01  -3.8516283e-02  -7.0745280e-02  -5.0062594e-02   1.5193343e-01   2.0996186e-02  -1.5037018e-01  -1.5363009e-01   2.0002515e-01   3.4673558e-01  -1.6468661e-01   3.6836839e-02   1.2342431e-01  -1.2184920e-01  -1.8649502e-01  -1.4652749e-01   1.3404067e-01   2.6360883e-01   9.6888678e-02   2.1887035e-02  -1.8793314e-01   1.8998351e-01   8.1127365e-02   1.5051195e-01   1.8646417e-01
  -1.4389269e-01  -3.2291995e-01   1.1093988e-01  -4.8890134e-02  -1.3197694e-01   1.3948079e-01   1.5881296e-01  -1.3743778e-01  -6.0628274e-02  -5.0913155e-02   1.8931661e-01  -1.0896590e-01   1.5600806e-01   2.9478038e-01   2.1253746e-02   2.9308694e-02   2.4510280e-01  -3.0852453e-02  -1.0577481e-02  -2.7141252e-02   2.0853154e-01   1.6365258e-01  -9.0174544e-03  -1.6637007e-01   3.4496454e-02  -7.6407561e-02   2.2840084e-02   4.9360492e-02  -6.5782530e-02   1.6109948e-01  -4.8675401e-02  -1.9814929e-01   2.1104088e-01   1.0462329e-01   3.1242123e-01  -2.4742915e-02   1.7992881e-01   1.6130840e-01   1.8092972e-01   1.6778960e-01  -2.1714315e-02  -1.5518412e-01  -1.3939201e-01  -1.0486679e-01  -8.9670531e-02  -3.1454974e-02   4.1130531e-02   1.2787926e-01   1.2634639e-01
  -1.2723441e-01  -1.7529940e-01   4.8703100e-02  -2.3638676e-01   6.5346975e-02  -1.2851954e-01   8.8345007e-03  -2.0049261e-01  -4.8690217e-02  -9.9940273e-02   1.6861106e-02   9.0617031e-03  -1.0225546e-01  -1.0509979e-01  -1.2592354e-01  -1.7869326e-01  -1.7909654e-01  -7.1418028e-02   9.1663712e-02  -9.8670800e-02  -1.1503182e-01   2.5058549e-01  -2.4150174e-01  -2.5342530e-01  -1.4651654e-01  -1.9205807e-01  -1.4004606e-01  -2.4025645e-02  -3.8166707e-02   2.6812028e-01   1.5974837e-01  -1.7831702e-01   1.0582908e-01  -1.5318102e-01  -2.6101153e-01  -2.7443959e-02  -2.6719974e-01   1.6982461e-01  -1.4242734e-02  -4.2514607e-02   3.0295952e-03   7.1933137e-02   7.2475794e-02  -1.0751411e-01   1.1495861e-01  -1.3286234e-01  -7.1027959e-02  -1.4981430e-01  -5.0166326e-02
  -1.4858428e-01   1.6184484e-01  -1.7766075e-01  -5.7533823e-02   4.3253546e-02  -5.6756858e-02   7.4572330e-02  -1.2263651e-02  -1.3409162e-01   2.2199236e-01  -8.8441053e-02   4.9169999e-02   7.3542919e-03  -1.6686506e-01   2.1187122e-01   1.5597666e-02  -2.6061119e-03  -1.8288881e-01   2.1591437e-01  -2.2283694e-01   1.4699232e-01  -1.1014073e-01   4.4995846e-02   2.1565356e-01   1.3818626e-01  -8.5996561e-02  -7.8203414e-02  -1.5180287e-01   2.9816230e-01   1.4114104e-01   5.7257887e-02  -1.6886541e-01   3.2119054e-02  -2.4453927e-01   2.1755219e-01  -9.8544211e-02  -1.2779935e-01   9.2879746e-02  -9.0310430e-02   1.2525139e-01   3.0437708e-01  -1.7330842e-01   4.9768841e-02  -2.5430649e-02  -1.8366033e-02   6.0527327e-02  -1.0395178e-01   1.1906686e-01   1.6059910e-01
  -1.4187304e-01  -2.0283874e-01   8.3348739e-03   1.5399677e-01   1.0423765e-01  -2.7753704e-02   1.0568219e-01   1.0011719e-01  -5.6242941e-02   1.1151104e-01   3.0465617e-01   3.3427050e-02   4.5384937e-02   8.7311924e-02   1.5134174e-01  -8.4379526e-02  -1.0649651e-01   1.4847495e-01  -2.8669950e-01   1.1557979e-02  -1.7715551e-01  -5.8219333e-02   1.4581310e-02   4.4646911e-03  -4.7335309e-02   6.3732036e-02   2.4793099e-01   5.9465618e-02   2.2697405e-01  -8.8426926e-02   1.2932737e-01  -2.3252886e-01  -1.4167601e-01   1.4911867e-01  -3.2090248e-01   4.1253341e-02  -2.1205531e-01   7.5281705e-02  -5.6029159e-02   1.2403023e-01   1.0071451e-01  -9.8194362e-02  -1.7379462e-01   6.5330745e-02  -7.2114685e-02   1.9699636e-01  -2.1309006e-01   1.4203525e-01   2.6856086e-02
  -1.3301014e-01  -1.5449684e-01  -3.8931546e-02  -7.1598851e-02  -2.2619844e-01   1.9646015e-01  -5.4821006e-02  -1.0763313e-01  -7.6872017e-03  -1.0844975e-02  -2.9922793e-02  -1.0980287e-01  -4.5916109e-02  -2.2612790e-01   1.7436323e-01   1.2721713e-01  -1.3803484e-01  -9.4445445e-02   1.6569620e-02  -1.2977657e-01  -3.9295305e-01  -2.2862907e-01   8.2494513e-02  -1.1380098e-01   1.4358548e-01  -1.1263705e-01   3.0186539e-01   2.1668172e-01  -1.7368850e-01   1.0050398e-02  -8.2872593e-02   1.5918918e-01  -1.8377086e-01   8.9730625e-03   1.4704226e-01  -7.6963959e-02  -7.1639835e-02   1.2898359e-01   1.6975573e-01  -2.1195745e-01   1.1409227e-01   3.9439344e-02  -2.9106021e-02  -1.9449217e-01   9.7583045e-03   1.0738319e-03   3.1520174e-03  -4.0253984e-02   1.3122249e-01
  -1.4415074e-01   8.1499969e-02   3.9194411e-02  -2.5809296e-01   7.3248083e-02   3.4630114e-01   4.9356217e-02  -1.2104582e-01   7.9714434e-02   9.9867943e-03   5.4311901e-02   9.1084336e-02   3.0915894e-01   7.2000285e-02  -9.4580445e-02  -1.3697488e-01   5.2162984e-02   5.9164863e-02   1.7427760e-01  -1.5863481e-01  -2.2407798e-01  -8.8558336e-02   1.5332041e-01   1.8567071e-01  -2.2950364e-01  -1.7372387e-01  -1.6696321e-01  -1.5661370e-01  -4.2577730e-02  -1.0539656e-01   1.3538884e-01   7.8939917e-02  -8.2956225e-02   2.4235794e-01   6.2992575e-02   2.5020805e-02   3.4121969e-02  -1.0999549e-01  -1.8276056e-02   3.5681825e-03  -1.5872293e-01  -3.7657411e-02   8.3606611e-02   3.5216238e-02   8.1066685e-02  -3.2586909e-02  -3.6909358e-01   5.0914506e-02  -1.5087682e-02
  -1.4164177e-01  -2.3902363e-02   1.7767974e-01  -6.8009783e-02  -9.6212787e-02  -1.1198874e-01   6.6261296e-03   3.3934068e-01  -4.6969629e-02  -3.4125357e-02  -1.6962859e-02   2.5747860e-01  -8.2299255e-02  -6.7629101e-03  -1.1967228e-01  -4.3268151e-02  -2.2018744e-01   3.9655484e-02  -3.4239245e-01  -1.5144161e-02  -1.0816580e-01  -3.5263611e-02  -1.2264270e-02   1.1555323e-01  -3.8056884e-02  -1.3370908e-01  -7.3399598e-02  -2.1302694e-01  -2.1475816e-02   1.9721800e-01  -4.8442233e-02  -9.4267391e-02   4.4479944e-02  -4.6017806e-03   1.3694795e-01  -2.7777194e-01   2.6268889e-01  -1.6329593e-01  -5.4274851e-02  -1.2669389e-01  -6.6849534e-02   6.2509032e-02  -1.5391103e-01  -8.2300693e-02   2.0064377e-01   9.1561421e-02   4.2812029e-02  -4.1347728e-04   3.1091960e-01
  -1.3819557e-01   3.7426619e-03  -1.5430629e-01   2.6276412e-02  -1.1290267e-01   5.9709618e-02   1.7077194e-01   2.8504317e-01  -2.5824165e-01  -7.2650789e-02   1.4240902e-04  -4.3699626e-02  -3.1046577e-02   2.2248100e-01   1.2958090e-01  -2.9105112e-01   7.0739501e-02  -9.2837067e-02   2.5370958e-01   1.5074981e-01  -8.1769609e-02   1.4686784e-01  -7.8526928e-02  -6.8500499e-02   1.6786705e-01  -2.0319131e-01  -4.4307938e-03   7.0558519e-02   1.2957698e-01  -9.1050554e-02  -1.7007267e-02   1.3727530e-01  -1.3174944e-01  -1.0626906e-01  -9.9878423e-02   1.5086373e-01   2.2593509e-01   1.9728726e-02  -8.6902045e-02  -1.4271673e-01  -5.3745326e-02  -8.4013907e-02   3.5188101e-02  -1.3554092e-01   2.8987862e-01   2.2800136e-01   5.3588642e-02   2.1851899e-02  -1.8880969e-01
  -1.2686430e-01   7.3216693e-02  -2.6315149e-01   1.6248296e-01   1.2510240e-02  -6.2596591e-02  -3.6340519e-02  -1.9690213e-02  -1.1812426e-02  -2.7974043e-01   4.0590836e-02  -1.7692242e-01   3.0871330e-02  -9.9432401e-02  -1.2101460e-01   2.4271726e-02  -1.5085924e-01   1.0830815e-01   7.4159762e-02  -3.3041761e-02   8.8340554e-02  -1.0014466e-01  -5.0248057e-01  -7.6757156e-02  -6.0023900e-02  -1.5069843e-01  -5.9219893e-02  -7.0401655e-02  -3.3788147e-02  -1.9639667e-01   1.1024657e-01  -5.5442846e-02  -1.5093576e-01   2.3017114e-01   2.2700238e-01  -1.0362410e-01   1.0311112e-01  -2.8884465e-02  -1.9429812e-01  -9.4386855e-02   1.3840953e-01  -9.2030405e-02  -2.4200621e-01   3.5952086e-02  -2.0079227e-01  -6.7829511e-02  -2.2797412e-02  -8.4847831e-03  -5.9446007e-02
  -1.3706667e-01  -2.4658167e-02   1.1517456e-01  -1.6509891e-01  -4.1239266e-01  -4.4112650e-02   2.4237537e-02   4.8858135e-02   6.5415639e-02  -6.2630063e-02  -8.6994842e-02   3.7630604e-02   2.7254816e-02  -4.9100749e-02   2.4771169e-01  -5.2999521e-02   1.3418770e-01  -1.8701138e-01  -2.6931060e-02  -3.5805290e-04   5.2883720e-02  -1.3532366e-01  -1.0147136e-01   4.6848230e-02  -8.1179676e-02   1.9162277e-01  -3.4693830e-01   2.8185445e-01  -2.0455139e-01  -1.7809171e-01   1.8036807e-01  -2.2745955e-01  -1.1510185e-01  -2.9193219e-03  -9.6580365e-02   1.5245188e-01  -9.7832659e-02  -9.0258143e-02  -1.6097186e-01   2.1601376e-02  -5.4084966e-02  -3.7414395e-02  -3.0822855e-02   1.7801592e-01   7.6503086e-03   4.4456005e-02   1.3235292e-01  -2.5651995e-02   2.1268556e-01
  -1.4157470e-01  -2.3192665e-01   8.2374524e-02  -3.7546285e-02   9.1380647e-02   3.0604959e-01   5.7252253e-02  -2.5594056e-01   8.8677614e-04  -5.7470541e-02  -1.9411874e-01   5.1873264e-02   3.0447507e-03   4.5865531e-02   6.1685679e-02   4.1042551e-03  -3.2927842e-02  -1.1381497e-02  -2.1945067e-01   2.5091455e-02   7.0968996e-02  -1.9055905e-02  -1.8417086e-01   1.2919127e-01   1.2839705e-01   2.6692088e-01  -2.0587582e-01   2.9708762e-02   1.9608091e-01  -1.2962646e-01  -1.7231061e-01   2.3705549e-02  -4.6663099e-02  -2.8337278e-01  -7.8166481e-02  -3.4191324e-01   7.6444187e-02   1.4374047e-02  -4.6272035e-02  -2.2053379e-01  -1.0871000e-01  -8.1437417e-04   1.3915393e-02  -6.2744055e-02  -1.4068760e-01   6.0030747e-02  -1.0937443e-01   6.3752324e-02  -2.3948584e-01
  -1.4834126e-01  -2.0327355e-01  -5.2708577e-02  -2.2549243e-01   1.0703451e-01  -1.5397708e-01   8.7663263e-02   3.7246093e-02   1.6185738e-01   2.7555472e-02  -1.5676682e-01  -2.8665056e-01  -1.3784930e-01  -3.6874942e-02   2.1301512e-02  -2.6152614e-02  -2.4065907e-01   2.3487815e-01  -6.4562913e-02  -1.9787740e-01   1.3852634e-01   3.1399345e-02   4.1854403e-02   1.4364722e-01  -1.2726074e-01   1.7927573e-01   3.8162416e-03   5.0399189e-02  -1.2119294e-01   1.5797645e-01   1.2533857e-01   3.1098313e-01   2.8040969e-03  -7.1713131e-02   1.7129368e-02   2.9802936e-01   1.3691742e-01  -1.3588386e-01   1.3591667e-02   7.0013768e-02   6.7285212e-03  -2.9226469e-01  -3.5617794e-02  -1.4527631e-01  -3.4670257e-02   1.6277814e-01  -4.2264180e-04   8.8076050e-02  -4.2770917e-02
  -1.5128229e-01  -9.6566230e-02   1.3105733e-01   1.2689653e-01  -2.7093339e-01  -2.4007884e-02  -1.3441959e-01  -3.6478467e-02  -7.6797622e-02  -9.8543120e-02  -9.2058751e-02  -9.2142450e-02   1.0162713e-01   3.9324333e-03  -2.6976307e-01  -3.0330950e-01   1.3861161e-01   5.5702029e-02  -1.6424001e-01   1.1541151e-01  -7.0068116e-02  -1.2482391e-01  -2.3728703e-02   1.1795469e-01  -1.4580370e-01   8.7894321e-02   1.5885402e-01   1.2536226e-02   9.1943615e-02  -4.0294718e-02  -1.6643786e-01   5.4949451e-02   1.6896324e-01  -6.9296209e-02   9.2808869e-02   9.6680223e-02  -7.8905072e-02  -1.0693885e-01  -1.5447960e-01   8.8137357e-02   4.3127609e-01  -9.1801514e-02   2.6311111e-01  -5.8736486e-02   1.3410625e-01  -2.1253103e-01  -6.2854594e-02  -2.6346399e-02  -7.1998614e-02
