  -1.6182705e-01  -2.3358173e-01   1.6940538e-01   2.9082710e-02  -1.4931915e-01  -1.8440420e-01  -2.4416794e-01  -1.0521517e-01   9.9599639e-03  -5.8748681e-02   1.5936899e-02  -1.9432372e-01   1.2150768e-01  -6.1128857e-02  -9.2528578e-03  -2.1972740e-01   1.3988880e-01  -3.6565543e-02  -1.4379332e-01   6.7767817e-02  -1.8599425e-01  -1.1230256e-02  -2.5595977e-01  -1.4211593e-01   1.7943479e-02  -1.8276362e-01   7.3083610e-02  -2.2181333e-01   9.8827966e-03  -1.1316116e-01   6.4425029e-02   9.0443419e-02   1.8846962e-01   1.0259401e-01   1.3193518e-01  -1.4350431e-01  -1.7744162e-01  -9.1659593e-02   9.4753844e-02  -2.3738683e-04  -1.8643112e-02   9.1573974e-02  -5.1234907e-02   8.6909801e-02  -4.0418465e-01   2.3190406e-01  -3.9336960e-02  -2.7628546e-02  -5.3836141e-02
  -1.4656576e-01  -5.9834389e-03   1.6174489e-01   1.8974148e-01  -7.9177255e-02   1.8585514e-01   3.9460550e-02   4.4103766e-02  -1.7951680e-01   2.7420568e-02   7.2739562e-02  -3.3340085e-02  -2.9498223e-01   3.7362951e-02   5.5096540e-02  -1.7874998e-01   2.6754517e-03   2.2224875e-02  -2.3377324e-01  -4.1132658e-02   1.0937578e-01   3.4002325e-02  -7.7511054e-03   1.1213290e-01   5.9819219e-02   2.0145446e-01   3.5449194e-01   1.4737265e-02  -1.7084683e-01  -1.8538736e-01  -1.1455929e-01   3.1600013e-02   1.3870243e-01   3.9990543e-03  -2.9274239e-02  -1.5141075e-01  -1.2593011e-01  -4.0949250e-02  -2.6593812e-01  -1.2691176e-02  -3.5763230e-03  -1.7016174e-01   2.9332495e-01  -3.2920694e-01  -3.6330369e-03  -7.8178917e-02  -8.1627919e-02   4.8906385e-02  -9.4273415e-02
  -1.4277510e-01  -5.6947241e-04  -8.7026738e-02  -3.9797150e-02  -1.4560401e-01   4.5186241e-03  -1.1348113e-01  -8.4681715e-02   4.5967272e-02  -3.1848415e-01  -3.5176653e-01  -8.9688698e-02  -1.0347056e-01   1.0920733e-01  -8.2350325e-02   1.9770349e-01  -2.6846127e-02   7.1656304e-03   6.6541615e-02   1.1583064e-01  -1.3661544e-01   1.0411042e-01  -7.5962992e-02  -6.7819344e-03   2.5759550e-01   1.5798115e-01   1.2066563e-01  -2.3749036e-02   2.7345045e-02  -4.8488337e-02  -2.1829039e-01   8.1327487e-02  -8.9330619e-02  -2.8666080e-01  -1.0344786e-02  -3.8603247e-02  -8.6841791e-03   2.5038061e-01   3.6842391e-02   1.9405817e-01   7.8052406e-02  -1.8593727e-02   1.1067609e-01   1.0371650e-01   1.5330148e-01   2.8686801e-01   1.9871492e-01   1.6494776e-01  -1.1024205e-01
  -1.5601601e-01  -8.4709825e-02   1.3917344e-01  -2.8014511e-01   9.2729756e-02   1.5175628e-02  -2.8617370e-01   2.2166511e-02   5.6206440e-03   2.0876903e-01  -4.3797651e-02   1.2584999e-01  -4.5832346e-02  -9.6676434e-02  -2.0405476e-01  -5.3293658e-03   5.2109104e-02  -7.2242249e-02   6.4548478e-02  -1.7544095e-01  -1.4389892e-01  -9.1173137e-02   1.2994406e-01   9.5191633e-02  -2.4522439e-02   1.2676711e-01  -1.4246787e-01   5.3549657e-02  -1.3988529e-01   2.1460107e-01  -8.7525141e-02  -2.5950190e-01  -1.0082885e-01  -7.6595387e-03   2.7870338e-01  -3.6820104e-01  -1.1809718e-02   2.2338609e-02  -5.7328463e-02   1.0942151e-01   1.5794165e-01   1.4603579e-01  -3.2871309e-02  -2.4809600e-01  -2.6859803e-02  -2.9344094e-02   1.8903505e-01  -1.6563157e-02  -2.7541906e-02
  -1.6273181e-01  -6.1891321e-02   6.0963214e-02   7.0685349e-02  -1.7888110e-01  -1.9563001e-01   2.1195720e-01   1.8110762e-01   2.1249946e-02  -9.8181822e-02   1.4330741e-01  -1.7861052e-01  -1.0754286e-01  -4.8949828e-03   9.2824988e-02  -1.0617547e-01   3.9166613e-02  -2.5629443e-02   3.9283876e-01  -6.7737033e-02   1.1177939e-02  -1.1085550e-01   1.4693194e-01   7.3010854e-02   2.2468774e-01  -1.8010640e-01   2.0260204e-01  -9.6485818e-02  -2.9197570e-02  -4.4068178e-02  -1.0320219e-01  -9.7502704e-02   4.3038925e-02  -4.7602958e-02   6.3829590e-05  -1.4218088e-01   1.4852490e-01  -1.4686132e-02  -1.3068228e-02   2.0124667e-01  -2.0243619e-01   1.7749872e-01  -1.5838232e-01  -4.7909492e-02   1.4617922e-01  -2.8743913e-02   2.6054874e-02  -2.1984134e-01   3.2241781e-01
  -1.2758014e-01  -1.3110128e-01   2.3129171e-02  -4.1992362e-02  -8.9332159e-03   2.0712469e-01   1.5397942e-01   1.6642231e-02  -5.9625185e-03   4.8547193e-02  -2.0457237e-02   1.8749213e-01  -6.1591404e-02   2.4553939e-01   1.0908617e-01   4.8232077e-02  -1.9354954e-01   2.6096047e-01  -7.8705102e-03  -1.5844249e-01  -2.5873338e-02  -5.5611845e-02  -1.3112438e-01  -1.7240775e-01   3.0356121e-02   2.0850436e-01   1.2993064e-01  -1.8091617e-01  -4.9380338e-02   2.4778311e-01   1.8708620e-01   1.5165026e-01  -1.5015895e-01  -1.7466536e-01   1.6133580e-01   1.3335302e-01   1.6761587e-01  -1.3660174e-02   2.1510112e-01   1.1255497e-01  -1.4550343e-01  -6.1460264e-02  -1.7734504e-01  -2.0959991e-01  -2.8850142e-01   6.5804262e-02  -6.7597054e-02  -6.8081744e-02   5.0600731e-02
  -1.4962780e-01   1.1042786e-01  -1.1776204e-01  -3.8065885e-01  -1.4162983e-01   9.2801363e-02  -1.3145821e-01   9.3584353e-02  -7.7625774e-02  -1.5221484e-02  -4.1103052e-02   4.5527135e-02   8.6962308e-02  -1.1657194e-01   1.9890482e-01   1.6609589e-02  -1.4631708e-01   8.5234737e-03  -7.4934010e-02  -2.5771467e-01   9.2265099e-02  -3.1086832e-02  -2.2041862e-01   1.1846852e-02  -5.6266711e-02  -1.2620482e-01   9.0974080e-02  -4.9112222e-02   4.5521734e-02  -1.1091332e-01   6.6902482e-02   1.3562448e-01   4.2607817e-02   6.6933503e-02   1.6505544e-01   5.2517668e-02  -3.1417831e-02  -1.9094968e-01  -5.7768377e-02   1.9557409e-03  -2.1561608e-02   1.2996200e-02   1.5294219e-01   9.1541522e-02   1.6863690e-01  -7.8222351e-02   1.6709069e-01   3.5007954e-01   4.0946391e-01
  -1.5914280e-01  -1.8598367e-01   4.9825765e-02  -3.2578256e-02   3.0328842e-02   4.4249508e-02  -3.4838628e-02   5.5658362e-02  -2.6329080e-01  -1.4902146e-02  -2.5069759e-01   8.4939310e-02   9.9029307e-02   2.5601379e-01  -5.3044196e-02  -2.5241595e-02  -1.9745288e-01   1.3538893e-01  -1.2148288e-01   8.0075354e-02  -4.0777854e-02  -5.4545924e-02   6.5382439e-02   3.5838221e-01  -7.2896144e-02  -1.2229412e-01  -2.9159818e-01   1.6511884e-01  -3.4318381e-02  -1.5759597e-01   2.1702653e-02  -2.1079170e-02   1.2500749e-01  -1.9307162e-01  -1.7818420e-01  -5.5549360e-03  -9.7503776e-02   7.8551693e-02  -1.2425421e-01   1.1109686e-01   2.9982014e-02  -4.6036539e-02  -1.5716156e-02   1.2963795e-01  -1.6684429e-01  -2.4746159e-02  -1.2055035e-01  -2.1627216e-01   3.1247413e-01
  -1.2313399e-01   1.0315798e-01   1.3429830e-01   5.6402540e-02  -1.5981014e-01   1.4511207e-01   1.4705690e-01  -1.6382726e-02   2.8547846e-01   9.9611768e-02  -3.1271277e-01  -1.1783972e-01   2.9254760e-01   1.0321812e-02   1.3197690e-01   7.7615032e-02  -7.6719563e-02   5.9511840e-02   1.5083338e-01   7.7493029e-04  -2.0891508e-01   9.3033568e-02  -9.4392097e-02  -1.1327144e-01  -1.7586143e-01  -5.5706181e-02  -7.4625449e-02   8.8785034e-03  -1.5441923e-01  -2.4516278e-01   8.2675992e-03  -8.4225665e-02  -1.6375642e-01   2.1010089e-01  -1.0954049e-01  -2.5012592e-01   3.9573135e-02   1.5945564e-01  -4.5580562e-02  -9.2391217e-02  -4.4265313e-02  -1.1999214e-01  -1.1025150e-01  -2.2622546e-01   6.8862689e-02  -6.5891330e-02  -2.1670670e-01   1.2696991e-01   1.6275851e-02
  -1.5993468e-01  -3.6597437e-02  -2.3157164e-01  -2.9455034e-02   1.5177879e-01  -8.3494987e-03  -1.3917960e-01  -9.3017391e-02   1.0452409e-01  -2.1309429e-01   1.0823897e-02  -3.2883118e-02   7.8268658e-02   2.5987670e-01  -9.7975022e-02  -2.7876976e-01  -9.1698295e-02   8.9956160e-02   5.1142944e-02  -1.3980538e-01   2.7519737e-01   2.4811697e-02   5.7414294e-02  -8.9893817e-03   8.6682822e-02  -1.5305145e-01  -8.2462281e-02  -9.1130458e-02   2.1537840e-01   1.4448492e-01  -1.1416634e-01   2.0477707e-01  -2.5829375e-01   1.3813136e-01  -4.3892865e-02  -1.0327991e-01  -2.4582124e-01  -3.6902369e-02  -1.2565965e-01  -2.0390073e-01   4.4308270e-02   3.9211372e-02  -4.5563687e-02  -2.4077762e-01   1.7178576e-01   1.2707191e-01  -1.5936584e-01  -9.7027351e-02  -2.6911472e-02
  -1.2896161e-01  -1.3386836e-01  -1.4533904e-01   3.7991226e-03  -5.0819110e-02  -1.7237333e-01  -6.3843987e-02  -2.9172910e-02   3.2996851e-01  -5.8355667e-02  -9.2191142e-02   1.5649971e-01   1.1733982e-01   2.0157191e-01   1.7039537e-01  -3.2715494e-01   8.0928893e-02  -1.4819950e-02   2.5137085e-02   1.1995977e-01  -7.5560040e-02   9.4757235e-02   1.4853056e-01   3.0248757e-01  -8.9941766e-02   3.1762767e-01   1.0400856e-01  -6.0839326e-02  -1.0264483e-01   8.1115383e-03   3.8922977e-02  -8.7374981e-02   2.2847805e-01  -3.9125614e-02   3.8762858e-02   1.6074737e-01   1.4490273e-01  -1.6323862e-01  -4.4193255e-02  -2.0675903e-01   4.7501185e-02  -1.2786105e-02  -2.0124689e-01   4.4473105e-02   6.0320644e-02  -9.4396124e-02   1.2621942e-01   1.7094743e-01  -4.5138857e-02
  -1.4854880e-01   1.3156620e-01   1.5270600e-01   9.5021798e-02   2.6772193e-03   1.4248467e-01   2.3212342e-03  -9.8648100e-02  -3.5692851e-01   2.7618410e-02   2.2642925e-01   7.4251587e-02  -4.3210363e-02   1.9834094e-01   5.5772936e-02   9.1765546e-03  -4.9851403e-02  -1.3700703e-01   1.1556381e-01   1.9268111e-01  -1.0753820e-02   2.5213455e-03  -1.3613555e-01  -8.7552770e-02  -1.7985521e-01   1.7439021e-01   8.4100191e-02  -3.3189049e-02  -9.8021724e-02  -1.0251885e-01  -7.2434263e-02   1.3884923e-01  -1.5296833e-01   2.8574441e-02   4.4496438e-03  -1.1245192e-01  -6.6902513e-02   1.7556263e-02   2.9985133e-02  -1.5028399e-01   3.1209473e-01   2.7932082e-01  -3.6475263e-01   2.2805159e-01   1.5384517e-01  -1.9709438e-02   3.8944625e-02   1.8631935e-02   6.0850293e-02
  -1.4810346e-01  -1.0146691e-01  -1.9994810e-02   3.9579896e-02  -1.3815462e-01  -4.7501587e-02  -2.5732044e-01   1.1466803e-01   9.4130659e-02   2.9668793e-01   1.7327784e-01   5.3243646e-02   7.4401462e-02   1.2636188e-01   5.2775554e-02   3.1990636e-01  -1.1344387e-01   2.1296743e-02   3.4089890e-02  -6.4129050e-02   2.5143162e-01   6.8667043e-02   3.0790615e-01   9.7522431e-02  -8.4396248e-02  -7.6372116e-02   1.7179883e-01   2.2886217e-02   1.0954232e-01  -2.0523488e-01  -1.6913577e-01   9.7660223e-02  -1.9318520e-02   8.5811307e-02   2.7812625e-01  -1.4130474e-02   1.4332368e-01   1.9187662e-01   1.9098879e-02  -6.3153032e-02  -6.2190396e-02  -1.1185930e-01   2.4760356e-02   2.2329473e-01  -9.1350189e-02   1.2216835e-01  -1.3786978e-01  -3.1852228e-02  -1.5959272e-01
  -1.4468331e-01   2.0152546e-01   9.6710190e-02   9.7204291e-02  -1.2649509e-01  -6.8636948e-02  -1.3077719e-01   5.0933003e-02  -4.4018183e-02   1.0152675e-01  -1.8703917e-01   2.8212450e-01  -7.8322752e-02   1.4359775e-01  -2.1219119e-01  -9.9813954e-02   3.3802622e-02   7.8755499e-02   1.6648008e-01  -1.1087799e-01   1.0220177e-02  -1.0329208e-01   4.3918882e-02  -1.3134157e-01   2.3508452e-01  -1.3956068e-01  -1.8568843e-03  -2.2031984e-02  -2.2902044e-01   5.1570800e-02   3.9881665e-02  -7.3838050e-02  -1.7255623e-02  -5.4797380e-04  -1.9077310e-01  -3.0452956e-02   1.2537361e-01  -3.1206003e-01   2.4495500e-01  -1.3077671e-01   6.9455287e-02   3.6139693e-02   2.7086424e-01   2.4690237e-01   2.8252594e-02  -4.6555108e-02  -2.5564178e-01   9.7412473e-02  -9.9477367e-02
  -1.7581366e-01   1.6806800e-01   1.9001903e-02   8.0052126e-02   2.8194493e-01   2.2504859e-03  -1.2792371e-02   1.0014635e-01   1.9311698e-01  -1.6924699e-01   8.9242254e-03   2.7280119e-02   6.3516329e-02  -4.8465974e-03   1.1845533e-01  -1.1987406e-01   1.1954785e-01  -1.8412593e-01   1.6074612e-01   1.0548989e-01   6.9934845e-02  -2.3778992e-02  -1.3813650e-01  -1.3919386e-01  -1.4679072e-01   1.5416176e-01  -9.1488590e-04   1.4275553e-01   5.6803117e-02   2.0545323e-01  -1.1281779e-01   1.2893027e-01   1.1625104e-01  -8.1509061e-03   1.3634219e-01  -8.7444908e-02   1.9415578e-01   2.3409537e-01  -2.5619432e-02   2.7950051e-02   1.5402854e-01  -3.8764693e-02   3.6626591e-01   1.0609620e-01  -2.2363898e-01  -7.0082165e-02  -1.7208335e-01  -1.0220006e-01   2.7610685e-01
  -1.2384757e-01  -1.2957402e-01  -2.6107816e-02  -1.8174521e-01   1.7409712e-01   6.1275238e-02   1.2043709e-02   2.6882434e-01  -9.7226106e-03   8.5776581e-02   1.7720909e-01  -1.9224542e-01  -1.8898334e-01   6.9634883e-02   1.1671819e-01  -2.0777758e-02  -1.2448696e-01  -6.1473278e-02   9.3277060e-02  -1.3133635e-01  -2.5025088e-01   1.8790016e-01  -1.0853421e-01  -5.5826172e-02   2.5089381e-01   6.8267024e-02  -1.4878725e-01   6.5705750e-02   4.3812231e-02  -1.1076355e-01   3.1825412e-01  -1.7326956e-01   1.8253921e-01   1.9475917e-02   2.2357262e-02   1.2767045e-01   2.4599747e-02   1.3874615e-01  -3.7933318e-03  -2.2599304e-01   1.7847365e-01   1.2299037e-02   6.8364543e-02   1.6453850e-02   1.9417281e-01   2.3613810e-01  -1.9090875e-01  -5.8486480e-02  -8.8972924e-02
  -1.5006769e-01   3.8661416e-02  -1.2597534e-02  -1.2405321e-01  -5.3125227e-02   2.8909723e-02   9.4675234e-02  -3.2645366e-01  -5.7748149e-02  -2.2521029e-01   9.2270973e-02  -2.4068010e-02   8.1208555e-02  -1.6296119e-01   2.8882153e-02  -1.3050572e-01  -2.5549928e-01  -1.7407055e-01  -6.4180869e-02  -1.6828429e-01  -1.3616786e-01   1.4629077e-01   2.6484087e-01  -3.6371100e-02  -2.6727736e-01  -1.8179684e-01   9.4090917e-02   1.8064668e-01  -3.9561575e-01   9.6845343e-02  -3.0560759e-02   4.0114391e-02   2.4171251e-02  -9.5870754e-02   6.5451940e-02   2.0043464e-01   2.4311714e-02   5.0106204e-02   7.8980046e-02   3.5940241e-02  -8.5813024e-02   1.3413724e-01   1.1302800e-01   4.0612525e-03   7.2203120e-02   1.3033261e-01  -1.1227453e-01  -1.2586360e-01  -1.3994823e-01
  -1.3641854e-01  -3.8852828e-02  -1.5160866e-01   8.0750675e-02  -1.4745150e-01  -7.5418619e-02  -7.2817458e-02  -9.6803425e-03  -3.6438789e-01  -9.5788017e-02  -2.0396940e-01  -4.2220376e-01   4.0801597e-02   3.1457428e-02  -8.7267696e-02   5.5906929e-02   1.1059274e-01   1.6823971e-01  -2.0105853e-01  -4.3706161e-02  -9.5897401e-03  -1.3101995e-01   1.3374838e-01  -7.1077903e-02  -5.0140566e-02   1.4655603e-01   6.6297105e-02   6.9167073e-02   4.8352161e-02   3.1706739e-01   1.3322236e-01  -7.2060526e-02   8.9075027e-02   2.6235479e-01   9.7203131e-02  -2.3474845e-02   1.8881912e-01   1.7021240e-01   8.3145800e-02  -1.3118971e-01  -3.2110041e-02  -1.4211135e-02  -5.4484178e-02   6.0230671e-02   1.3132913e-01  -2.2521784e-01  -8.7581221e-02   2.9841585e-02   2.0356712e-02
  -1.3707694e-01  -9.0973312e-03  -2.3426816e-01   1.1222448e-01  -8.0425687e-03   1.5341913e-01  -1.1704397e-03  -7.1721175e-02   1.5812999e-01   1.3587391e-01   6.5055614e-03  -2.3047807e-01  -2.4172299e-01   8.3181532e-03   7.0342660e-02   6.2132121e-02   1.1652255e-01  -1.3719555e-02  -1.4256975e-01   5.5552106e-02   1.2524006e-02   3.8371483e-02   1.2811296e-01   8.4066677e-02  -1.7559899e-01   8.0179285e-02  -1.1852142e-01  -2.1043492e-01   5.2915773e-02  -3.8183471e-02   1.1682009e-02  -1.9817316e-01  -2.4080838e-01   3.5835140e-02  -9.3330416e-02   1.3425218e-01   2.3030154e-02  -1.7317436e-01  -4.9995184e-02   2.9418966e-01   8.0603684e-02   4.0021617e-01   1.3386828e-01   4.2328426e-02  -1.1969978e-01   9.9597623e-02  -2.4484406e-01   1.7005554e-01   1.1977958e-01
  -1.2821295e-01   3.9889909e-02   8.8304853e-02   3.3761000e-01  -1.3245672e-01   1.8086845e-01   1.0864006e-01  -2.4232476e-01   8.2837805e-02  -1.4033779e-02  -1.7586605e-01   1.6258800e-01  -2.0419424e-01  -1.1065032e-01   3.9020007e-03   2.5234654e-02   6.4977055e-04   8.6839622e-02   1.3463308e-01  -1.6177346e-02   8.1843938e-02   1.9829949e-01   2.5686131e-02   1.0526065e-01  -2.1770013e-04   2.0322309e-02  -1.1468226e-01   8.5073507e-02   1.5187093e-01   3.1601366e-02   3.0104153e-01  -7.9835274e-02   1.9894139e-02   1.9317839e-01   2.8465042e-01  -3.6626465e-02  -1.9929912e-01  -1.0521663e-02   3.0346890e-02  -1.6597993e-01  -1.2974057e-01   6.5556176e-02   1.3197304e-01   1.2703305e-01   3.4245726e-02   1.1195277e-01   2.8631255e-01  -2.0251992e-01   1.2279481e-01
  -1.2312505e-01   2.0170942e-01   1.7374392e-01   1.6017102e-02  -1.3010238e-01  -7.3130344e-02   7.2114191e-02  -9.0432267e-03   1.0270263e-01  -6.6917315e-02   1.2265723e-01   7.1018949e-02  -5.1532036e-02   4.5383806e-02   1.7067994e-02   3.2825901e-02   2.6206633e-02   2.1354270e-01  -8.3731403e-02  -1.9857688e-01  -2.5446319e-01  -4.1317112e-02   4.1194249e-02   2.9142826e-02   1.9528345e-01   7.2954298e-02  -3.1372860e-01   5.6160597e-02   3.4084071e-02  -2.2438113e-02  -1.9853239e-01   3.5146673e-01   1.1164363e-01   3.5635227e-01   1.9726208e-02   2.3892505e-01   7.9504136e-02   2.0972586e-02  -2.2652356e-01   2.1494470e-01   1.1142994e-01   1.1967309e-01  -5.5934888e-02   1.5087831e-02  -5.2216669e-02  -1.2087171e-01   6.8959262e-02  -3.1933726e-02  -1.3843900e-01
  -1.4563318e-01   1.0668900e-01   9.6118348e-03   9.1728360e-02  -2.2814177e-01  -1.6536964e-01   6.1841371e-02   1.9986107e-01  -1.9617379e-01   1.0994044e-02  -4.8975432e-02   1.1990704e-01   2.4277899e-01   1.3654907e-01   3.0747659e-01   1.1929957e-01   1.9693177e-01  -3.0774685e-01  -1.2799902e-01  -1.6371316e-01   9.1159088e-03  -4.9086409e-03  -6.7478375e-02   4.5912763e-02  -7.1695115e-02  -1.7416025e-02  -1.4493264e-01  -1.4019466e-01   1.4473002e-01   6.6750542e-02   6.3114511e-02  -4.5277712e-02  -1.2739926e-01  -1.9965397e-01  -1.1952620e-01   3.6423666e-02   2.7263203e-02   5.5857194e-02  -4.2606533e-02  -1.4882376e-01  -6.5988268e-02   2.0643165e-01   2.1125547e-01  -1.9047084e-01  -1.6849273e-02   8.4175353e-03   1.7150317e-01  -1.6554252e-01  -2.2006604e-01
  -1.4518509e-01   1.7936919e-01   1.4936519e-01  -5.3902229e-02   1.2974064e-01   2.7574107e-01  -1.9824175e-01   5.9123932e-02  -3.6779046e-02  -6.1335309e-02  -8.8365381e-02  -8.3173513e-02   4.2133114e-02  -2.4420469e-02   5.6907175e-02  -4.5224880e-02  -9.8630210e-02  -6.0727595e-02   3.3533944e-02   1.2741597e-01   1.9518163e-02  -1.3970512e-02   2.1920106e-01  -2.7437198e-01  -7.7679298e-02   1.6283477e-01  -2.0137453e-01  -1.3307635e-01   2.7917403e-01  -1.1835012e-01  -1.0613347e-01  -2.0337964e-02   3.2111537e-01  -1.5547055e-01   3.2029199e-02  -2.5790793e-02  -3.3391344e-02  -2.5205665e-01   9.3349684e-02   1.1817178e-01  -3.4442746e-01   2.9563735e-03  -8.5731709e-02  -1.6174187e-02   1.6115715e-01  -9.1215711e-02  -4.0190832e-02  -8.7455820e-02  -1.5215749e-01
  -1.6246628e-01  -2.5505910e-02   1.6213464e-01  -4.6165625e-02   6.5031106e-02  -1.4731407e-01   5.0551050e-02   1.2748955e-01  -1.7734054e-02  -4.4369376e-01   1.3353218e-01  -2.0841917e-02   4.8046205e-02  -1.6497553e-01  -9.7771326e-02   1.7366889e-01  -2.7189254e-01   3.9682723e-02   9.7445208e-02   1.2295213e-02   9.6826902e-02   1.1257809e-02  -1.6786350e-01   3.2145298e-01  -1.0899159e-01   1.6411401e-01   5.3373426e-02   1.1190471e-01   1.7850990e-01  -5.4462020e-02   1.5583863e-01  -1.2655371e-01  -1.7773231e-01   1.4013189e-01  -7.6249953e-02  -1.2735424e-01   9.7668369e-02  -2.5118326e-01   9.2491021e-02   7.0555565e-02  -1.1558254e-02   7.3311102e-03   2.2015543e-02   1.8952294e-02  -1.3527419e-01  -6.6553837e-02  -8.1503888e-02   7.2574654e-02  -2.5403991e-01
  -1.3340193e-01   2.9345359e-01   7.2065844e-02  -2.0438358e-01   1.1793154e-01  -5.0176457e-02   1.2351941e-01  -5.1646085e-04   1.1430609e-02   3.9754192e-02   5.0350711e-04   6.3379812e-04   1.6052684e-02   7.3582145e-02  -2.2097306e-01   1.3756009e-01   2.1631574e-01   1.8094733e-02  -9.7900445e-02   1.1641825e-01   2.0791612e-02   2.5881759e-01   1.1975827e-01  -1.9498364e-02   9.9124528e-02  -8.5751089e-02   1.5018364e-01   1.5569573e-01   2.1243404e-02   9.8407351e-02   2.6916182e-01   1.3291560e-01   4.6876805e-02  -1.4805586e-01  -4.1902882e-02  -1.4344388e-01   9.0875588e-02  -4.0303785e-02  -3.9090080e-01  -1.1783620e-01  -2.5897644e-01   1.6629503e-01  -1.6790664e-01   2.5932555e-02  -1.6689587e-01   1.2773687e-01  -6.0934001e-02   1.7310132e-01   3.4971926e-02
  -1.5886686e-01  -4.7625622e-02  -1.4724446e-01   1.7628710e-01   4.9514525e-02  -2.5031564e-01   1.9257569e-02  -1.4134085e-01   2.8903175e-02   1.1833619e-01   1.9610229e-01   2.9847709e-01   1.3047257e-01  -7.9551828e-03  -1.1206327e-01   1.1983082e-01  -4.0357909e-02  -9.3276235e-02  -1.6684624e-01  -9.5848431e-03  -6.6746244e-02  -1.6503401e-01  -2.6384690e-01  -2.4094784e-02   3.6017785e-02   2.3726682e-01  -4.8038351e-02   4.8188519e-02  -4.3206192e-02   6.7274710e-02  -1.8222248e-02  -1.1330795e-01   1.1551949e-01   8.3319218e-02  -2.1434597e-02  -6.6237202e-02  -1.6177849e-01   9.6525986e-02  -3.5703833e-02   1.8276640e-01  -3.6072623e-01  -1.3132226e-02  -1.8715904e-02   3.3555101e-02   3.1742738e-01   1.6689318e-01  -2.3138650e-01   7.5066119e-02   1.0533887e-01
  -1.4410008e-01  -1.9096315e-01  -1.0260471e-01  -2.1616755e-01  -3.8391257e-01   3.1813837e-01  -2.6249472e-02   1.1437735e-01   3.2657289e-02   4.5392818e-02   1.1354520e-01   9.5248209e-02   2.2188406e-01  -1.5403102e-01  -1.5518807e-01   5.6898446e-02   8.9599332e-02  -6.7665270e-02   1.6183855e-01   3.0690437e-01   2.6626841e-02  -9.9486480e-02   7.9629104e-02  -1.0171430e-01   7.7331760e-02   1.5632299e-01   1.2052695e-01   1.8521058e-01   4.1774567e-02   1.3275974e-01   2.7721891e-02   3.9936599e-02   3.1945400e-02   1.8540800e-01  -2.8304225e-01   1.8627901e-01  -1.2399166e-01  -6.4823867e-02  -4.5772201e-02  -1.0425276e-02   7.1720414e-02   1.5704138e-02   7.7930564e-02  -1.0392889e-01  -6.4099700e-02   1.0464786e-01   2.3552190e-02  -1.5448763e-01   5.2649564e-02
  -1.3010612e-01  -1.9890569e-01   3.0997942e-02  -1.3557602e-01   8.4249155e-02  -1.0461798e-01   1.5576678e-01  -2.6953704e-01  -5.8830715e-02   1.9808246e-01   2.2374286e-03   2.7954693e-02   9.2706246e-03  -2.3072892e-01  -8.2739986e-02   1.6837383e-01   5.6524611e-03   1.0974612e-01   1.6148592e-01  -8.8250253e-02  -8.8917681e-02   2.6735705e-01   2.2085988e-02   1.1199897e-01  -8.3520613e-02   7.3368756e-02   5.2164734e-02  -4.4427101e-01   1.5444048e-01   1.2116987e-01  -5.5493223e-02   2.2962524e-01   1.7986992e-01  -9.1322255e-02  -2.5676682e-01  -1.1768810e-01  -8.9200438e-03   3.9692314e-02   2.0490000e-02  -8.5318969e-02   1.1008517e-01  -1.9677173e-02   1.5792157e-01   4.7059515e-02   8.3230274e-02  -2.1200080e-01  -7.6910036e-02  -6.7031940e-02   1.6884764e-02
  -1.4228365e-01   1.2692643e-01  -3.4527223e-01   5.9141359e-02   1.1051269e-01   1.9704252e-02  -1.0057965e-01  -6.6836363e-02  -1.0927284e-01   1.7510232e-01  -4.9236733e-02  -1.7598323e-01  -1.4308609e-01  -6.8464072e-02   5.1340268e-02   1.4030985e-01  -1.5177900e-01   9.3483802e-03   2.3954050e-01   5.5847211e-02  -1.4147809e-02   3.9973012e-03  -3.2472490e-01   1.3269369e-01   4.2074488e-02  -5.7091359e-02  -8.3585171e-02   1.0143972e-01  -1.8006019e-01   7.6233709e-02  -3.5270037e-01  -3.6355612e-02   1.2569313e-01   4.5354884e-02  -6.9470459e-02   9.6064699e-02   6.6729043e-02  -1.1887445e-01  -3.2875904e-02  -2.6513505e-01  -2.3725717e-01   5.3734224e-02  -7.0980149e-02  -1.0840814e-01  -2.6722176e-01   1.0201320e-03   1.3656330e-01  -4.0984704e-02  -8.6836036e-02
  -1.3780969e-01   2.9876984e-01  -9.8745725e-02  -4.0641684e-02   2.6346410e-02   1.3222571e-01   1.6323614e-01   9.1893385e-02  -9.6425631e-02   2.6625786e-02  -1.2689434e-01   8.1980289e-02   1.4741846e-01  -2.7793752e-01   1.5558417e-02  -9.1176089e-02   2.0337597e-01   8.7245951e-02  -1.5625374e-01  -7.7311269e-02   2.0839131e-02   7.9708079e-02  -1.0635108e-01   1.7418353e-01   5.0574440e-02  -3.8703689e-02   1.2657297e-01  -1.5008503e-01   6.1159404e-02   5.4299977e-02  -1.8706908e-01  -2.1740634e-01  -2.2872048e-02  -1.0650087e-03   1.4441757e-01   6.1889043e-02   4.4970913e-02  -1.1527185e-01  -3.5430877e-02   8.3600285e-02   2.2557484e-01  -2.7324978e-01  -2.4651827e-01   1.3815801e-01   5.2630174e-02   2.5589686e-01  -1.6121582e-01  -2.7503502e-01  -5.7368434e-02
  -1.5873458e-01   9.3095278e-03  -2.5703565e-01   8.9626508e-02  -1.9378083e-02  -8.2326179e-02   1.5080185e-01   5.2159164e-02  -1.6977620e-01   1.7507230e-01   4.2660682e-02  -2.1724332e-02  -1.0425587e-02  -1.6338744e-01   1.6136330e-01  -2.5570011e-01   5.2074157e-02   1.3767412e-01   2.9903846e-01  -2.5549981e-02  -1.8857345e-01  -2.1082035e-01   1.4466909e-01  -3.5043576e-02  -1.1096193e-01   4.2095006e-03  -5.3956283e-02   2.1001185e-01   1.5204364e-01   1.4224056e-03   1.3982902e-01   1.6754094e-01  -1.3042193e-01  -2.1016380e-01   5.6991472e-02  -1.1208919e-01  -2.4552490e-01   8.2437590e-03  -8.4050449e-02   1.3879663e-01   9.0403876e-03  -1.8146964e-01   1.0192853e-02   1.3024422e-01  -9.2662633e-02   2.7024726e-03   1.4768761e-03   2.5362360e-01  -2.3947082e-01
  -1.3100144e-01   1.4068947e-01  -1.6586871e-01  -2.5429074e-01   6.2514552e-02  -1.9417560e-01   2.6418653e-01   1.7994471e-01   1.5857801e-01   7.3527275e-02   8.6213387e-02  -9.4186789e-02  -5.0553532e-02   1.8087582e-01   4.2550186e-02   4.2399136e-02  -4.4365641e-02   1.7028606e-01  -2.8357953e-01   1.9989818e-01  -9.3623021e-02   8.6746522e-02   9.4909062e-02  -1.0828742e-01  -2.2553129e-02   8.4761171e-02   2.9639400e-02   3.1945723e-02  -1.4347677e-01  -5.6886883e-02  -9.5638150e-02  -4.6465730e-03  -1.1101912e-01   9.5891705e-02   4.5673583e-03  -2.1678606e-01  -2.7729574e-01  -1.0541627e-01   2.9624260e-01  -3.8030656e-02  -4.2207614e-02  -3.2931675e-02   1.6267967e-01   1.3124908e-01  -1.2413730e-02  -1.0289763e-01   2.1575679e-01  -2.4608522e-01   1.5475949e-02
  -1.3695738e-01  -1.0282101e-01   4.7042296e-03   2.2005634e-01   2.9621868e-01  -1.4341455e-01  -1.1059427e-01   7.4440939e-02  -4.8560835e-02   1.3495270e-01  -1.7070983e-01   1.3256886e-03   2.3395766e-01  -5.9920208e-02   9.3473104e-02   1.1659806e-03  -2.9752367e-01   1.4372254e-02  -3.3622007e-04   2.9007422e-02   8.6541893e-02   1.7670795e-01   3.7543579e-02  -3.0955742e-01   1.4536718e-01  -3.6700080e-02   2.2002542e-01  -4.4608113e-02  -9.4228799e-02   5.3559108e-02   1.1953402e-01  -1.4222368e-01  -8.3037156e-02   1.2815917e-01  -1.0257154e-01   1.4650115e-01  -3.0089113e-02  -5.6887635e-02  -3.1502079e-01   2.5594973e-01   1.2465164e-01   4.7746575e-02   2.9187382e-03   9.3954566e-02  -1.0179178e-02  -1.1684526e-01   2.4613235e-01  -7.6640808e-02  -6.0315676e-02
  -1.3275852e-01  -8.2052697e-02  -8.3921262e-02  -4.2020298e-03   6.9351651e-02  -6.5726239e-02  -5.3489977e-02  -8.3852231e-02  -6.9393531e-02  -1.3120164e-01  -1.0662140e-01   2.6385492e-01  -1.8344884e-01  -1.1409803e-01   3.5007699e-01   2.0967962e-01   1.0870230e-01  -2.2129405e-01  -9.6699125e-02   7.9198554e-02  -4.5826178e-02   1.7352352e-01   1.6803141e-01  -4.0447520e-02   2.7643940e-01  -1.6334921e-01   4.1454666e-02   1.8835232e-01   9.9585874e-02   2.3208555e-02  -4.4760627e-02  -9.6172737e-03   2.8506217e-02   9.7070179e-02  -3.7528836e-03  -1.7816838e-02  -1.7883820e-01  -7.9940614e-03   2.4878897e-01   2.9467864e-02   1.0259621e-01  -3.5480706e-02  -2.2765293e-01  -1.8682134e-01  -1.1858989e-01  -2.3550887e-01  -2.1722927e-01   1.2603660e-01   7.4290271e-02
  -1.4498436e-01  -8.5384670e-02   2.9260776e-02   8.5944347e-02   4.0844855e-02   2.1381091e-01   3.1396308e-02   1.5035332e-01   5.4796918e-02   2.2404931e-01  -7.9334918e-03  -1.1015423e-03  -7.8136538e-02  -4.1989748e-02  -6.5224320e-02  -2.8395389e-01  -1.1922354e-01  -2.5428847e-01  -2.2526349e-01   1.8348744e-01  -4.0076766e-02   1.1000149e-01  -1.0418511e-01   2.2684649e-01   4.8210066e-02  -2.5384986e-01  -3.8530345e-02   3.0792571e-02   9.1012891e-02   1.9588577e-01   3.5018042e-02   2.5248496e-01  -8.1524773e-02   1.2816316e-01  -1.3050351e-01  -1.3411959e-01   3.0396402e-01   9.5993227e-02   2.1717427e-01   1.6239721e-01  -1.1700254e-01  -4.4051922e-02  -3.7068913e-02   5.1532177e-02   1.5832802e-01   4.5802976e-05   1.6125437e-01   9.9450467e-02  -1.1162584e-01
  -1.4050267e-01  -2.6038441e-01  -2.1891139e-02  -1.3145394e-01  -4.5279102e-02  -4.2840189e-02   3.3177353e-01  -2.6667822e-01   1.2536845e-02   1.2259943e-01  -9.4483246e-02   3.8878742e-03  -4.0385197e-02   1.5720101e-01  -2.1307064e-01  -1.0471761e-01   6.1939057e-02  -1.3198816e-01  -6.5049165e-02  -1.2154574e-01   8.4087724e-02  -2.0666885e-04  -1.8308758e-01  -2.5299819e-01  -2.1695728e-02  -3.7436023e-02   3.4092063e-02   3.0833612e-01   3.2605895e-01  -2.4471728e-01  -1.9000055e-01  -1.6565556e-01  -1.9079695e-02  -6.9071153e-02   1.1065644e-01   7.1066027e-02   2.2379241e-01  -1.3305307e-01  -4.1812815e-02  -7.6691142e-03   7.0510885e-02   3.2124880e-02   8.8877656e-03   1.8230772e-02  -5.7601034e-03  -1.5406526e-01   3.5701246e-02  -3.4472056e-02  -7.3511242e-02
  -1.3577034e-01   4.3527806e-02  -5.3739457e-02  -1.2309629e-01  -8.5894318e-02  -1.4835207e-01  -3.4044556e-01  -2.0829703e-02   3.9352891e-02  -3.8243094e-02  -1.7316438e-03   6.6688627e-02  -3.0942195e-01  -1.1330262e-01  -9.6596854e-02  -5.6873317e-02   1.3077727e-01  -5.0344536e-02   1.6560556e-02   1.6021183e-01  -1.2930542e-01   2.7392778e-02  -1.4466320e-01  -5.0109175e-02  -1.2168945e-01  -1.3224188e-02  -4.7214869e-03  -8.5930134e-02  -5.4869452e-02  -1.7747071e-01   1.9022248e-01   7.7835605e-02  -3.6374147e-01  -7.0729069e-02   3.4740875e-02   2.1199038e-01   8.2917814e-02   7.3573556e-02  -1.7130934e-01  -4.6985473e-03  -1.6317824e-01  -2.2098042e-01  -4.2685771e-02   4.5390878e-03   1.0307825e-01  -2.8897009e-01  -7.8926859e-02  -3.1437448e-01   8.2448468e-03
  -1.3480179e-01  -1.0273490e-01   4.9632967e-02  -2.0012688e-01   1.9042665e-01   7.4238323e-02   8.9155091e-02  -6.8974253e-02   4.6834108e-02  -1.5176152e-01  -8.9174535e-02   1.7297091e-01  -3.0055912e-01   8.2326464e-02   1.9659937e-01   1.0604953e-01   1.0415730e-01   2.4976343e-03  -7.9900571e-03  -2.6566493e-02   3.6396094e-02  -4.1978808e-01   6.9779078e-02  -9.5556543e-02  -2.2688282e-01  -1.8968379e-01   7.6521823e-02  -1.5532717e-01  -1.6211812e-02   2.9944295e-02   2.5572014e-02  -1.3826798e-01   1.0974071e-01   2.5319034e-01  -2.6528962e-01  -6.0686874e-02   6.7348894e-02   1.2814550e-01  -1.5830047e-01  -5.5548368e-02  -5.1570719e-02  -1.1099443e-01  -3.8784765e-02   1.4956446e-01  -9.1012233e-03   1.9283989e-01   1.6162381e-01   1.5994268e-02  -1.4428849e-01
  -1.3404218e-01   1.7467311e-02  -1.5528377e-01   2.2199276e-01   2.1089151e-01   3.4295889e-02  -4.5013381e-02   2.1654111e-01   1.3407267e-01  -4.0514307e-02  -7.6358748e-02   1.4243169e-01   2.4771991e-02  -2.5565036e-01  -2.2985719e-01   6.2033368e-02   3.4924117e-02   2.3169835e-01  -1.4130700e-01  -6.5034973e-02  -1.1789814e-01  -2.2232651e-01   2.2500362e-02  -1.6333207e-02  -1.2923199e-01  -1.0141974e-01   2.1379549e-01   7.2317922e-02   6.7287699e-02  -2.8954364e-01   5.6177170e-02   1.4445110e-01   1.2047561e-01  -1.4121403e-01  -2.9762854e-02   7.0856612e-02   4.1262999e-02   1.1928106e-01   1.7924839e-01  -1.5418229e-01   1.2018656e-01   3.4888112e-01  -5.5958041e-02  -2.1291995e-01   7.7316371e-02  -1.1538495e-02   7.5474353e-02  -5.4338218e-02   1.6760078e-02
  -1.5156698e-01   1.3435604e-01  -1.3504637e-01  -6.8649072e-02   1.6058717e-02  -1.7616092e-01   1.7797236e-01  -1.2684054e-01  -1.3499992e-01   2.3484467e-02  -4.1913374e-02  -6.5240913e-03   2.4883498e-02  -1.5607981e-01  -1.4668597e-01  -7.2946901e-02  -1.0415949e-01  -2.0113198e-01   5.6863790e-03   1.3645680e-01   3.3988669e-01  -1.3363333e-01   1.7457694e-01  -4.7079891e-02   1.8042702e-01   1.5584343e-01  -2.7909066e-01  -2.3954863e-01  -1.7275738e-01  -3.1434154e-01   1.9058285e-01   9.1606827e-02   3.7908680e-02   9.0773333e-02   6.1518981e-02   1.1665633e-02   1.6717957e-01   1.2506128e-01   9.8902563e-02   4.9344397e-03   1.1076336e-01  -1.1606465e-01  -1.8008897e-02  -1.9217893e-01  -1.4115035e-01   1.2624682e-01   9.0296228e-02   8.0749034e-02   5.0372869e-02
  -1.2655471e-01  -4.4734316e-02   2.2489280e-01  -9.9588999e-02   3.5113567e-02  -1.5592940e-01   3.1817918e-02  -6.6180895e-02  -2.2994330e-03   1.1937331e-01  -3.3784846e-02  -6.6971737e-02   1.2614627e-02   4.3871601e-02   1.7264967e-01   9.6727283e-02   1.5617244e-01   3.1070842e-01   8.7995059e-02   3.9602246e-01   2.8290153e-01  -4.4550467e-02  -1.7988554e-01   6.7503407e-02  -9.0224501e-02  -2.2394947e-01  -8.2822295e-02   9.7816860e-02  -1.2076825e-01   1.1643474e-01   5.9293588e-02   4.0598938e-02   1.1593382e-01  -7.9627070e-02   2.0363796e-01   1.6505575e-01  -1.2579069e-02  -6.0768175e-02   5.6085182e-02   1.4503751e-01   1.2833458e-01   7.8951053e-02   9.6259440e-02  -2.3139076e-01   2.8629047e-01   5.1655199e-02  -6.6865557e-02   3.6760085e-02  -1.5640543e-01
  -1.5071225e-01   2.8108506e-01   3.3538684e-02  -2.0169347e-02  -2.2387699e-01  -7.1307703e-02  -1.4090648e-01  -2.9691258e-02   1.0789030e-01   3.5704117e-02   2.0842352e-01  -6.1010998e-03  -1.1366722e-01   4.1465463e-02  -8.4986297e-02  -1.6023267e-01  -6.5214836e-02   1.5471521e-01  -2.1127945e-03  -1.4664546e-01   2.4006689e-01   1.9914865e-01  -9.8867370e-02  -8.3465088e-02  -1.4689964e-01  -6.0455241e-02  -1.0696601e-02   4.7261688e-02   1.1891556e-01   7.7567541e-02   4.0905401e-02  -2.9998753e-01   1.8149304e-01  -1.1094758e-01  -2.9854239e-01   6.3620496e-02  -1.2921457e-01   3.5132165e-01   1.6197511e-01   1.3898536e-01   9.2850010e-02  -5.7517307e-02  -1.5842475e-01  -5.2004697e-02  -1.2436817e-01  -9.0972931e-02   1.2239294e-01   1.0551026e-01   6.8509382e-03
  -1.4306586e-01  -1.6319184e-01   2.0357221e-01  -3.1728505e-02   1.5893341e-01   8.1070294e-02   5.9356399e-02   1.3365592e-01   1.4907425e-01   4.9305042e-02  -1.6714296e-01  -2.2298123e-01   1.5352532e-02  -8.5882202e-02  -4.7221427e-02   3.6945318e-02   2.8250503e-01  -1.6963026e-01   3.0286186e-02  -3.3232710e-01   3.1900949e-01  -3.8614592e-02  -7.2364799e-02   8.8423272e-02   4.6936906e-02   1.8054595e-01  -4.3768734e-02   9.9883516e-02  -2.6250859e-01  -1.9335878e-02  -3.4519323e-03   1.7567992e-01  -7.9326646e-02  -5.3042781e-02  -9.0352928e-02   1.8081975e-01  -2.9932079e-01   5.2688746e-02   1.2854735e-01   8.2004077e-03  -1.3083962e-01   1.5834256e-02  -1.6252667e-01   2.1076854e-01   8.1553582e-03  -9.7269931e-02  -4.8940741e-03   1.1700726e-02  -6.1514641e-02
  -1.4252159e-01   1.9239096e-01   3.0973832e-01   9.3211855e-02   5.7284821e-02  -1.6484616e-01  -7.9040572e-02  -2.2024588e-01   1.5353254e-01   1.9841241e-01   2.2637187e-02  -2.6236127e-01  -1.4848191e-02   1.1884371e-02   3.1993341e-02   1.1763426e-01  -1.5883616e-01  -1.4983746e-01  -9.9737396e-02  -1.7449847e-02  -1.6334567e-01  -2.9889995e-01   1.2701462e-01   9.2039667e-02   4.0302437e-02   3.3010383e-02   1.2337591e-01   1.1130120e-01   2.0554560e-01   1.1830607e-01   2.3067702e-02   4.0324673e-02  -1.1380119e-01  -1.2245855e-01  -1.3033862e-01   1.7404503e-01  -3.7782946e-02  -1.8377949e-01   6.6896186e-02  -1.5431428e-01   1.4002312e-01  -2.4605252e-01  -1.4472300e-02  -1.0976859e-01   2.5161622e-02   1.6340593e-01   7.9158808e-02  -1.6662055e-02   2.3030030e-01
  -1.3680274e-01  -2.0958812e-01   7.0794317e-02   1.8906618e-01   8.9293740e-02  -9.3392666e-02  -3.1665346e-02   1.8867570e-01  -1.7841480e-01  -1.2147796e-01   1.4466071e-01   3.8422452e-02  -2.2965958e-02  -1.6766491e-02  -9.9734550e-02   5.8811879e-02   2.5354676e-01   1.2196412e-01   2.6969577e-02  -6.9020375e-02  -6.3613077e-02   3.2507582e-01   1.1451047e-01  -1.9347801e-01  -2.4353365e-01  -1.0811911e-02  -2.0782357e-01   5.7273377e-02  -8.6214440e-02  -2.3245385e-02  -1.7384822e-01   1.6115588e-02  -9.7302888e-02   4.1016741e-02  -9.9315268e-02   7.5984272e-02   1.4284500e-01  -1.9304054e-01   7.3173367e-02  -4.0005715e-02  -3.8089187e-02  -2.7862474e-01   2.2712194e-03  -1.2293534e-01   4.9201444e-02   2.6313602e-01   1.8274432e-01   1.7247253e-01   2.2451929e-01
  -1.3726830e-01  -1.2848908e-01   2.0566082e-01  -2.0616642e-02   3.2132423e-02   1.0924874e-01   2.1290138e-02  -8.3876467e-02   1.8783051e-02  -6.2501847e-02   1.9860393e-01   3.9135592e-02   1.1768099e-01  -2.8611182e-01   1.6822649e-01  -1.4621475e-01  -3.3454936e-02   2.7873427e-01  -1.8662263e-01   1.5386004e-01   4.3568607e-02  -8.8521311e-02   5.5296950e-02  -4.4441531e-02   2.9887680e-01   1.1805056e-02  -1.4732624e-01  -4.8992358e-02   2.1728424e-03   1.5416425e-02  -2.0189780e-01  -2.1244202e-01  -2.6684914e-01  -1.7965021e-01  -5.3605036e-03   3.9990949e-02   8.5719001e-02   1.9854071e-01  -5.8038048e-02  -3.2234077e-01  -1.5322917e-01   9.4963256e-02   6.5351490e-02   1.6304984e-01  -4.0914938e-02  -9.2432383e-02   9.9548062e-03   1.5500207e-01   4.7062301e-02
  -1.4504917e-01  -6.0342445e-02  -2.2825004e-01   1.7681539e-01  -3.5804182e-02   2.5619230e-01  -8.5116549e-02  -1.9983972e-01   1.9367486e-01  -1.3919006e-01   3.1083555e-01  -1.1755803e-01   1.3326680e-01   6.3161265e-02   5.1917753e-02   2.4531781e-01   1.2420978e-01   1.3643210e-02  -9.5085836e-02  -9.6287713e-02   5.0035601e-02  -8.0546233e-02  -5.4962596e-02  -3.0366437e-02   1.3819390e-01  -1.3481513e-01  -1.4618603e-01   3.2084382e-02  -1.9474931e-01  -9.6547596e-03   2.0611888e-01   2.5910001e-02   1.0464034e-01  -2.3388414e-01  -2.9837632e-02  -2.7339739e-01   1.4008896e-01  -1.8285844e-01  -7.0651089e-02   6.7718821e-02   1.8264211e-01  -1.8647131e-01  -4.0095832e-02   6.6086654e-02   5.8790460e-02  -1.6865984e-01   1.1728108e-01  -1.0569360e-01  -5.7805524e-02
  -1.4455231e-01   9.5733935e-02   1.1534040e-02   1.0099603e-02   2.4221442e-01   2.0570986e-01   6.6732614e-02  -7.7888890e-02  -1.1581934e-01  -6.0338240e-02   1.7280549e-01  -1.9009329e-02   2.3310917e-01   2.8614400e-01  -2.3275248e-01   3.7813352e-02   1.8578837e-01  -7.6138388e-02   1.6476780e-01   5.7727381e-02  -2.1944374e-01  -3.1487703e-02   3.4306729e-02   1.8718874e-01   7.9834081e-02  -1.9214391e-01   1.3555431e-01  -2.0564292e-01   2.8869997e-02  -8.8647629e-02   2.1843344e-02  -1.8539596e-01  -3.9685175e-02   1.1989160e-01   1.6809096e-01   2.7538133e-01  -1.6132335e-01   1.3402768e-01   1.1906388e-01   7.1370228e-02  -1.0191839e-01  -1.1038350e-01   1.5180946e-01  -6.7677868e-02  -6.0239869e-02  -2.0120776e-01   9.5602637e-02   1.6815753e-01  -2.0466157e-02
  -1.1118261e-01  -8.3252942e-02   1.9156550e-02   1.3768719e-01  -1.9691744e-01  -2.7937874e-02   2.3215111e-01   3.1318236e-01   1.5033041e-01  -1.0033609e-01  -3.0114589e-02   7.6254576e-03  -1.5791804e-01  -3.6395427e-02  -2.6110010e-01   1.4166922e-01  -2.5150815e-01  -1.9843485e-01  -7.2048553e-02   1.2131986e-01  -8.0714982e-03  -6.4906932e-02   2.5595278e-04  -1.0990488e-01  -1.1293260e-01  -1.8250774e-01  -1.3338476e-01  -2.1818383e-01  -4.8499854e-02   2.4685128e-01  -1.0006086e-01  -3.8396992e-02   9.9464300e-02  -1.4563416e-01   2.4000123e-01   9.7436836e-02  -2.1050002e-01  -3.0719405e-02  -2.0814036e-01  -1.5685909e-01   1.2355298e-01  -8.5669057e-02  -9.3033423e-02   3.9707056e-02  -1.0223470e-02  -1.4260849e-01  -7.5627106e-02   1.6095224e-01  -1.7233365e-02
