  -1.6472733e-01   2.3760306e-02   2.0247055e-02   3.5841340e-02  -1.7156471e-01   3.6989642e-01   6.6423164e-02  -1.3282964e-01  -1.4981950e-02   8.9257870e-02  -1.5170050e-01  -2.6710807e-02  -2.2415206e-01   1.1431524e-01  -1.5201233e-01   1.1338629e-01   7.5575244e-02  -1.1587175e-01  -1.1544605e-01  -7.6633010e-02  -1.6262803e-02   1.9050209e-02  -6.6755108e-03   1.0211952e-01   1.2772197e-01  -7.9326193e-02  -2.2725874e-01  -2.1212664e-01   2.3661739e-01  -1.3310428e-01  -2.0533907e-01   1.2707683e-01  -7.5938497e-02   9.8667979e-02  -2.1325847e-01  -7.7114503e-03   2.1576942e-01   1.8873597e-01   8.0450722e-02  -1.7415431e-02   6.7526228e-02  -1.1671501e-01  -1.3743430e-01   1.2458182e-02  -1.1875190e-01  -1.3084042e-01  -2.8416730e-01   1.5308236e-01   1.6663222e-01
  -1.3076669e-01  -2.3698210e-01  -6.8390004e-02  -1.5676743e-01   1.4497932e-01  -2.3676123e-01  -1.7414523e-01  -6.8946804e-03   4.3084147e-02   1.5421005e-01   4.8174193e-03   2.3007622e-01   9.3076087e-03   1.1211649e-02  -1.0293997e-01   1.2531691e-01  -7.5894726e-02   2.4863231e-01  -1.2756493e-01   1.4968843e-01  -1.2040646e-01  -1.1623649e-01   7.4207647e-02   2.9541724e-01   3.4018284e-02  -2.9075126e-01   2.1125689e-01  -9.9038304e-03   2.3779254e-01   1.1457991e-01   5.7688998e-02  -6.7852707e-03   1.5320343e-01  -2.3717312e-01  -1.8453346e-01  -3.8423956e-02  -4.3963459e-02   1.8272038e-02   8.6300283e-02   1.4674793e-01  -9.9161476e-02  -4.5196417e-02  -1.1764533e-01   8.2107732e-02   1.1267393e-01  -6.5588382e-02  -2.3681309e-01  -4.3896545e-02  -2.1270278e-02
  -1.1473914e-01  -3.2658152e-01   9.3988972e-02  -1.1383824e-02  -6.7450668e-02   1.5479908e-01  -2.5813822e-01   4.3261806e-02  -6.8720333e-02  -1.7876695e-01  -7.5130596e-02  -2.7736542e-02   6.8190319e-02   9.9505306e-02   4.7761342e-02   2.7814878e-01   7.9693842e-02   4.7736871e-02   2.5927651e-02   6.3111547e-02  -1.2390476e-02  -1.1047299e-01  -1.6100580e-01  -2.0280676e-01  -2.3694946e-02  -8.3552495e-02   1.2840955e-01  -1.7893153e-01  -2.8468138e-01  -2.0546887e-01   1.7800653e-01  -6.7705094e-03  -1.8165030e-01  -2.1494387e-01   1.0663823e-01   4.1468179e-02   2.4428939e-01   3.7100538e-03  -1.4322552e-03   1.8833419e-01   8.0298591e-02   1.2723933e-01   2.1759103e-01  -1.9144700e-01   1.6220824e-02   1.0670089e-01  -1.5835070e-01   3.8168640e-02   2.9975428e-02
  -1.3992530e-01   2.4497494e-01   2.9519153e-01   3.8762158e-02   2.3631987e-01  -1.9226127e-01   6.8910712e-02  -1.8507352e-01   1.0028456e-01   1.8203708e-01  -7.8798952e-02  -6.1340462e-02  -9.6971286e-02   3.4332471e-02   9.1965783e-02   1.5743865e-02   1.3960199e-01  -1.2838989e-01  -3.3571548e-02  -9.9976362e-02  -1.1922241e-01   1.5008436e-01  -2.0578248e-01  -1.1873675e-01  -1.2746431e-01   1.9535597e-01  -1.4678207e-01  -1.4819232e-01  -1.5536978e-02   2.0898800e-01   2.6747112e-02  -1.2109085e-01   1.1788999e-02  -1.8809185e-01   1.1517992e-01   5.7356520e-02   9.3166858e-02  -4.5260976e-02   1.1826474e-01   1.8238517e-01  -2.5721485e-01   1.0061290e-01  -3.7126055e-02  -8.1458231e-02   1.7435678e-01  -1.0675997e-01  -2.3269923e-01  -1.8323837e-01   7.8335774e-02
  -1.4510528e-01  -9.5105823e-02  -2.6961388e-01   1.8976828e-01  -7.6852267e-03  -4.6196445e-02   1.6007468e-01  -4.6179664e-02   5.5493406e-02  -1.7375659e-01   3.8358034e-02   2.4510804e-01   8.8403621e-02   5.9727046e-02   1.5273722e-01   4.4448034e-02  -8.5243418e-02  -2.0227468e-02  -1.6092580e-01  -1.8226485e-01   3.2221865e-02  -2.0256626e-02  -1.5968462e-01  -1.7078328e-01   1.1830025e-01   2.8251595e-01   1.7334861e-01  -1.0941556e-01   3.0188401e-01  -1.3503413e-01   1.2979028e-01  -4.8126406e-02  -1.8684537e-01   6.9474849e-02   1.0659513e-01   2.0693675e-04  -3.4723999e-01   1.5606476e-02  -4.7848965e-03   1.8005874e-01  -4.8733577e-02  -2.4731513e-02   1.7692017e-02   2.0559463e-01  -1.8500129e-02   1.7940781e-02  -9.0932741e-02   3.3868013e-02   2.2903544e-01
  -1.3321052e-01  -1.1452319e-02  -1.5080779e-01  -1.7339861e-01  -2.3138061e-01  -1.4514126e-01   1.7721962e-01   2.5350821e-03   1.6589327e-01   1.6447752e-02  -6.9063770e-02   1.3563170e-02   1.2726227e-01   2.6590263e-01  -1.9781741e-01  -3.5258212e-02   9.6811991e-02   1.2549041e-01  -3.1324935e-02   1.6701739e-01   1.1838784e-02   1.2862282e-01  -6.8132793e-03  -3.5704604e-01   1.8169553e-01   1.7306294e-03  -1.2603715e-02   1.5107299e-01  -1.2980372e-01   1.1227698e-01  -1.6720450e-01  -1.3623383e-02  -8.8149781e-03   4.2252053e-02   5.4769660e-02  -1.5567522e-01   5.9974327e-02   2.7622763e-01  -1.4880894e-01  -1.3719058e-01  -1.0436452e-01   4.2355998e-02  -7.6958303e-02   5.5759789e-02   3.0927877e-01   2.2342975e-01  -1.6518014e-01   3.4871938e-02  -7.5624485e-02
  -1.3413827e-01   3.0644722e-02   7.3632215e-02   2.4913445e-01  -7.0021456e-02  -5.0950249e-02  -1.1668358e-02  -3.7886310e-02   1.0231494e-01  -2.1005983e-01   2.1380556e-01  -5.4471138e-02   9.1102279e-03  -2.8635565e-02   1.2370973e-01   2.1638785e-01  -8.6613046e-02   2.4117308e-02  -8.0812636e-02   1.9578944e-01   1.3886426e-03   2.4677091e-01   5.3158411e-01  -1.7326082e-02  -1.6622952e-01   3.6257340e-02  -1.9150070e-01  -4.9737378e-02  -8.8684701e-02  -1.3960861e-01   3.3480479e-02  -2.4254384e-02   1.4025217e-01   1.0170150e-01  -8.8287173e-02   1.8488910e-02  -2.4150562e-01   5.7667107e-02   4.9873294e-02   1.0235906e-01   5.0999574e-02   1.3027157e-01  -1.1191309e-01  -1.6026998e-01  -1.2162310e-03   6.5797001e-02  -2.3866080e-01  -2.3734199e-02  -1.0916537e-01
  -1.3728858e-01   8.1959849e-02  -1.5431939e-02   1.6518059e-01  -1.1991277e-01   1.1623733e-01   4.3373994e-02  -4.2563641e-02   1.6617952e-02  -3.7829758e-02   2.7830932e-02  -2.8700864e-01   1.0358243e-01  -1.7639546e-01  -3.1743296e-01  -5.0269748e-02  -2.9397537e-01   2.0643165e-02  -7.9668922e-02   7.4125965e-02  -1.9125685e-01  -7.6512916e-03  -8.3947812e-02   9.7459292e-02   6.8253747e-02   9.5183516e-02   1.1880824e-02   3.2218210e-01  -3.7245954e-02  -5.7995938e-02   4.7039455e-01   2.4387145e-03  -1.9098362e-02  -7.5716855e-02  -6.6458561e-03   9.8672307e-02   1.2861071e-01   2.0999292e-01   2.4412206e-01  -4.1312633e-02  -9.8071586e-02   1.2410963e-03  -5.5340042e-02   5.4309976e-02   6.0932668e-02   1.2218418e-03   4.5373950e-02  -9.4648113e-02   1.4695117e-01
  -1.5046115e-01  -4.4076012e-02  -1.5165302e-01   9.9293008e-02   3.1293837e-02   2.7326248e-02  -1.3229143e-01  -1.1714900e-01   6.3418866e-02  -1.6059332e-01  -1.5938775e-01  -2.0644864e-02  -1.7207158e-01  -1.3334289e-01  -1.8675117e-01   1.1533708e-01  -1.8682587e-01   9.1330103e-02  -1.2438544e-01   1.7342099e-02   3.7079230e-01   1.3386106e-01  -3.8303890e-03   1.3604629e-01  -2.5819729e-02   1.6006646e-01   9.9406841e-02  -1.2532885e-01   2.1188867e-02   8.7166161e-02  -1.2713683e-01   1.9366440e-02   1.2423037e-01   1.7584227e-02   6.8154472e-02  -1.5974161e-01   1.6481986e-01  -1.9889170e-01  -7.3678505e-02  -1.7697111e-01  -4.6047666e-01   1.5687950e-01   1.0466223e-01  -1.0653709e-01  -8.8465807e-02   1.1519296e-01   1.2434644e-01   6.2112563e-02   1.5648962e-02
  -1.6324036e-01   1.8466970e-01  -1.6002811e-01  -3.5527459e-02   1.1386272e-01   7.5742661e-02  -2.0310229e-01   6.5343974e-02  -1.9630657e-01  -1.1571009e-01  -6.3101438e-03  -2.7968623e-02  -2.6189216e-01   6.3121204e-02  -6.7737788e-02   1.4740317e-01   9.3910328e-02  -1.1048757e-02  -1.6138465e-01  -3.9422966e-03  -1.4111714e-01  -1.6689060e-01   3.6943599e-03  -7.1114050e-02   1.9457937e-01  -6.7886250e-02  -1.5685114e-01   4.7087169e-03   1.1366639e-02   6.7005743e-02   1.7914720e-02  -5.2975425e-02  -4.8345841e-02  -1.8419964e-01   2.9545824e-01   2.2182510e-01  -2.7659010e-01   1.6458136e-01  -1.0717779e-01  -2.4122159e-01  -7.2215831e-02   6.2450605e-02  -3.0009973e-02   5.3151113e-02  -1.8238662e-01  -8.9046712e-02   1.5238543e-02  -1.3265621e-01  -3.4050563e-01
  -1.4301720e-01   1.2455820e-01  -6.4793843e-02  -2.2463553e-02   1.7118568e-01   1.4095909e-01   1.1120887e-01  -1.2781141e-01   3.6993781e-01   4.2270796e-02   2.4454099e-01   1.1444324e-01  -1.0929650e-01  -7.0904675e-02   2.3517024e-01   1.2223887e-01  -1.5906655e-01   1.0449338e-01  -1.6079045e-01  -1.6911376e-01   9.1883185e-02  -1.2957103e-03  -1.0406773e-01  -4.5080667e-02   2.3346351e-01  -1.0338648e-01   4.9990094e-02   1.0235190e-01  -2.7706881e-01   2.6895956e-02  -2.1086770e-02  -4.5166947e-02   1.6926040e-01  -5.2850572e-02   2.1373214e-02  -7.2866232e-02   7.1718485e-02   5.6854092e-02   1.8262014e-01  -4.4348274e-02   1.6893280e-01  -2.0847934e-01   1.8651445e-01  -1.0350181e-01   7.6912819e-02  -1.7738804e-01   5.9054269e-02   2.3550791e-01  -1.3353117e-01
  -1.4891184e-01  -5.5205032e-02   3.4480711e-01   1.6017629e-01   1.0008973e-01  -7.2613538e-02   6.9253634e-02   2.7179965e-01  -7.2877312e-02   5.9128684e-03  -2.9259778e-03  -2.8885927e-02  -5.1695841e-02   9.9508614e-02   1.3757809e-01   1.0334640e-02  -2.8611761e-01   1.5922711e-01   1.4445775e-02   4.5830038e-02   1.9949002e-01   1.1830863e-01  -2.0133724e-01   1.5122429e-01   3.0135917e-01  -4.6804885e-02  -6.2072482e-02  -5.7729617e-02   3.5118633e-02   3.9976699e-02  -1.2001969e-01  -4.4282793e-02  -2.9049551e-02   1.7135394e-01   5.7889272e-02   2.2355363e-01   1.4099593e-01   4.1890060e-02   1.8908396e-02   1.2404353e-01   1.2349908e-01  -3.2123021e-03  -1.2877189e-01   1.9930631e-01  -3.5966688e-02   3.3408539e-01   4.0924152e-02  -1.4945234e-01  -1.5151542e-01
  -1.4052743e-01   2.9927716e-01   1.5288282e-01  -1.6619263e-02  -2.7542876e-01   9.3315727e-03  -1.1931452e-01  -3.5431975e-03   4.0973655e-02  -1.2801480e-01   1.4754731e-02  -2.1001300e-02   1.4942232e-02   1.8152332e-01   2.1150566e-01  -1.0125840e-01  -4.4896583e-02   1.2788572e-01  -1.0855670e-01  -9.7672001e-02   5.6474654e-02   7.7573070e-02  -8.5733949e-02   1.6004686e-01  -3.2047936e-01  -2.3487903e-01   6.5531769e-02   6.8188653e-02  -5.3539959e-02  -1.0510323e-01   2.0135363e-02   3.2769224e-01   5.3697337e-02  -1.9438885e-01   2.5963030e-01  -1.6171513e-01  -4.8858971e-02  -3.4442072e-02  -1.6710252e-01  -6.4700295e-02  -2.1656558e-02  -2.0464573e-01  -4.3078262e-02   2.1049194e-01  -2.8414085e-02   4.5717126e-02  -6.4352184e-02  -7.0811904e-02   1.7055023e-01
  -1.3272873e-01  -1.6961734e-01   2.1505302e-01  -1.0988636e-01   1.9315256e-01   1.9560828e-01   1.6986973e-01  -7.2780574e-02  -9.3647835e-02  -1.0936131e-01   2.2544020e-02  -1.6261653e-01   8.6729443e-02  -1.1940433e-01   1.4700472e-02   1.1642656e-01   2.8057244e-01  -9.0594005e-02  -9.5710158e-02   4.3285052e-03   6.1807801e-03   2.2725514e-01  -1.5805498e-02   4.7136261e-02  -8.2032163e-02  -1.5396766e-01   3.2576926e-02   3.4381209e-01   2.5068417e-01  -1.1954494e-01   3.7900036e-02  -1.9314759e-01   5.0812782e-02   1.2574546e-01   1.9538943e-02  -3.7479048e-02   1.1671805e-03  -6.9951781e-02  -1.7893001e-01  -6.9802393e-03  -1.1683349e-01  -4.9761530e-02   3.2176024e-01   2.5987882e-01   6.3891258e-02  -6.1446168e-03  -8.4979807e-02   6.8378009e-02  -1.6168896e-01
  -1.3622587e-01  -1.4141819e-01   1.7435325e-01  -1.4661226e-01  -1.9389090e-01  -2.1313567e-01   1.0463757e-02  -1.7422051e-02  -3.9609467e-02  -2.2312461e-01  -5.6872749e-02  -1.4659925e-01   2.8837085e-01  -2.9057626e-02   4.4171476e-02  -3.9934626e-02  -5.2143873e-02  -1.5463628e-01  -2.1951376e-01  -5.2658776e-03   1.5249336e-01  -1.2385271e-01   4.2785844e-02  -1.1766159e-01   1.7001468e-04   4.1351291e-02  -1.3176098e-01  -2.0701757e-01   1.9889693e-01  -3.7391641e-02  -6.0244647e-02  -2.4817305e-01   1.5599172e-01  -2.3252647e-01  -3.6344297e-02   1.2967622e-01   4.2750288e-02   7.5109475e-04   7.2353780e-02  -1.6470381e-01   2.8892325e-02  -3.6124961e-01  -1.0219770e-01  -1.3233875e-01   7.5904631e-02  -1.0527631e-01   2.3786759e-01   3.5381879e-02  -2.3852742e-02
  -1.6076775e-01   4.7547460e-02   1.6760948e-01  -3.1793080e-02  -9.4909610e-02  -1.9785402e-02   6.7637570e-02   1.6273967e-01   1.2872244e-01  -7.8587507e-02   3.7086010e-02   3.0036609e-01   1.3510312e-01  -3.7703232e-01  -1.0052738e-02  -2.1995530e-02   2.6241794e-01  -5.5088530e-02  -2.6060220e-01   8.8737699e-02   1.3812636e-01  -2.3569764e-01   1.2062589e-01   1.3870859e-01  -4.2352213e-02   4.6144523e-02   5.8064213e-02   2.8076533e-02  -1.9137322e-01   3.0372478e-01   8.2254794e-04  -4.6928395e-03  -3.0103686e-01   1.8368844e-01   3.2662501e-02   6.7770779e-02   1.1399635e-01   8.0521835e-02  -2.3471545e-02  -1.0878992e-01   2.9157685e-02   2.3124198e-02   1.1198265e-02   3.0772995e-02  -1.3152902e-01  -5.4664189e-02  -1.3322284e-01  -1.2535463e-01   1.2576019e-01
  -1.5213275e-01  -6.6593666e-02  -2.2106589e-01   1.8931577e-01  -7.8287586e-02   5.0174481e-02   4.1666392e-02  -3.1642902e-02   7.7382749e-02   1.4317948e-01  -1.0580982e-01   7.1361366e-02   1.9860494e-01  -1.8537903e-01   2.2278181e-02  -1.4118969e-01   9.9997470e-02   8.7529683e-02   1.3982881e-01  -8.4217026e-02  -1.4548735e-01  -4.4685773e-02  -2.0621248e-02   2.2040998e-02  -7.6291478e-02  -2.4494185e-01  -1.5827257e-01  -2.2573052e-01  -2.3251428e-02  -1.8203978e-01   1.1017029e-02  -1.3184483e-01  -5.2211510e-03   2.1346204e-01   2.2875315e-01  -2.6187630e-01   8.8361580e-02   2.9341589e-02   1.6465788e-01   1.1849301e-01  -1.8410611e-01  -1.8902338e-01  -2.3082446e-02  -2.9056999e-02  -6.6092117e-02   3.7972521e-02   7.1062186e-02  -2.7845623e-01  -3.1969215e-01
  -1.1801079e-01   1.9212532e-01  -1.7337296e-02   2.0923016e-01  -1.9040229e-01  -2.2843674e-01  -1.6477053e-01   1.0628293e-02  -8.8678684e-02  -7.9463115e-02   5.8200156e-02   1.3472844e-01   1.9920469e-01   1.6313565e-01  -2.2172662e-01   4.4816046e-02   1.8477749e-01  -2.0889821e-01   1.4459660e-01  -8.2462384e-02   1.6229647e-02   7.3404956e-02  -3.5058955e-02   1.7065952e-01   1.7666823e-01  -2.2538646e-01  -2.2996187e-02  -9.9577689e-02  -9.8926345e-02   5.1072406e-02   1.0304063e-02   2.4231356e-02   1.6495422e-01   1.7459332e-01   4.4231590e-02   2.2805369e-01  -4.3116483e-02  -1.0197483e-01   1.8828327e-01   5.0066015e-02  -5.3678681e-02   1.3978848e-01   2.4349950e-01   1.4105302e-01   1.6135913e-01  -1.2513276e-01   7.3702318e-02   2.7590669e-01   4.9273319e-02
  -1.4402976e-01   2.3498031e-02   8.9861672e-02  -3.1454959e-01  -1.0650191e-02   3.2508803e-02   8.0270141e-02   8.6250396e-02  -7.6114662e-02  -2.7766385e-01  -6.5902079e-02   1.2904842e-01  -2.3667110e-01   2.4909649e-01   4.2587113e-02  -1.2146767e-01  -3.5121128e-02  -9.8363454e-02   1.9707983e-01   4.7393273e-02  -1.2407697e-01   1.2409957e-01   1.3897715e-01   4.2075556e-02   4.3148025e-02  -4.5004962e-02   1.1541742e-01   6.9645467e-02  -6.0016481e-02   1.0709655e-01   1.5154288e-01  -2.9447342e-01  -1.4433360e-01   7.4857682e-02   7.5521286e-02  -2.2080889e-01  -1.7787033e-02  -1.6081722e-01   3.8736130e-01  -2.4981446e-02  -9.2239977e-02  -8.4416535e-02  -1.4271225e-01  -5.3011640e-02  -2.1019404e-01   6.4877168e-02  -1.1831064e-03   1.3605196e-01   6.3000502e-02
  -1.4934863e-01  -1.2103740e-01   3.0825657e-02   9.7767752e-03   1.3698197e-02  -2.7420370e-01  -2.3471071e-03  -2.0901601e-01  -2.0748587e-02   1.0685456e-01   2.1367278e-01   2.2953688e-01  -1.2554336e-01  -1.3155953e-01  -2.3943833e-01  -7.0345881e-02   9.3436488e-02   3.3313228e-02   9.7935527e-02   1.1200433e-01  -3.0929238e-02   2.6951533e-01  -7.0312766e-02   4.1479384e-02   5.9385282e-02   1.2462665e-01  -3.1381991e-01  -1.1611157e-02   9.8025260e-04  -1.1860550e-01   9.4671351e-02   1.5528228e-01  -2.4316210e-01  -2.5704835e-01  -2.6523108e-02  -5.9721007e-02  -1.8798952e-02  -1.4376631e-01  -3.4104585e-02  -1.4103330e-01   2.0454872e-01  -2.0512945e-01   1.8105553e-01   7.4721846e-03  -1.5115017e-01   2.0944491e-01   5.4754319e-02   4.4071294e-02  -1.9455645e-02
  -1.4712900e-01   4.2647696e-02  -8.7187690e-02  -8.9937544e-03  -2.0296147e-01   9.7180483e-02  -2.5880655e-02   1.5199935e-01   6.4572406e-02   3.1593687e-01  -3.0957576e-01   4.4134413e-03  -1.7420144e-02  -1.6424245e-01   2.7331664e-01   3.2753468e-02   4.5411523e-02  -1.0330927e-01  -1.0623430e-01   3.1545965e-01   3.1026424e-02   6.9612441e-02  -1.2148844e-01   3.1514230e-02   1.0543940e-01  -9.6710594e-03  -5.1929719e-02   7.7344553e-02   6.3327334e-02  -1.6089996e-01   5.3478828e-02  -7.2987252e-02   2.4556866e-02  -8.2589378e-02   4.8177274e-02  -5.6775737e-02  -1.5581291e-01  -3.6057175e-01   1.3565502e-01  -2.1251907e-01   1.9491857e-01   2.7698419e-01  -8.1919440e-02  -8.7200794e-04   1.8437025e-01  -9.9708559e-03   8.2262393e-03   3.3257494e-02   3.0923108e-02
  -1.5675505e-01   8.6548839e-03   2.2252720e-01   2.6119629e-02  -2.0278287e-01  -6.4590627e-02  -2.0565994e-01   4.8945816e-02   3.7621157e-02   5.8375131e-02  -1.6858665e-01   1.6540699e-01  -5.3150816e-02  -1.1294368e-01  -6.3913728e-02  -1.8119343e-01  -6.7423713e-02   1.6702909e-01  -1.2914932e-01  -2.5275235e-01  -3.3313391e-01   2.2854665e-01   1.0325147e-01  -1.7948637e-01   1.2108366e-01   1.0514860e-01   2.1496726e-01   1.4118338e-01   1.8419860e-02  -1.2094594e-01  -4.2765676e-02  -5.2772242e-03  -1.6396322e-02   1.0136748e-01  -6.8707417e-02   1.1684199e-01   9.4377529e-02  -1.3221698e-01  -2.7590746e-01   1.3681630e-01  -1.1320297e-02   3.2345918e-02  -1.0316672e-01  -1.4444678e-01  -9.4599334e-02  -2.2618870e-01   9.9186654e-02   1.1668556e-01  -1.6700276e-01
  -1.4237586e-01   1.7810275e-01  -1.1832339e-01  -1.7069587e-01   1.5240079e-01  -1.3155611e-01  -1.9205081e-02  -1.1924112e-01  -2.5149310e-01   1.1472907e-01  -2.6917605e-02   8.8416604e-03   5.6026058e-02   1.4675930e-02  -1.0180966e-01   3.0158331e-01   6.0454686e-02   2.6425791e-02  -1.2771479e-01  -8.7651175e-02   1.7936422e-01   1.1758407e-01  -2.4054427e-02   4.5729822e-02  -1.5063942e-01  -9.3949459e-02   6.2514314e-02   1.3214917e-01   1.4380930e-01  -1.7509276e-02   8.3811361e-02   5.4772600e-02  -1.4552809e-01   2.5754196e-01   2.0956604e-01  -4.5058538e-02   4.6254681e-02   1.1155412e-01   1.7519850e-03   1.5301972e-01   2.6100472e-01   4.4864058e-03  -2.1433039e-01  -3.6923641e-01   1.2536795e-01   5.4792288e-02   2.4586245e-01   1.2582737e-02   7.5821739e-02
  -1.5088180e-01  -1.6422316e-01   5.5520555e-02  -7.2717415e-02   1.5515584e-01  -9.0845609e-02   1.8937099e-01  -6.9528998e-02  -2.8141579e-01  -3.2853388e-02  -8.6909841e-02  -4.1302027e-02   1.8313907e-02  -1.0596857e-01   1.8185385e-01  -3.4037081e-01  -8.1560608e-02   1.1128220e-01  -4.2530115e-02   1.8029374e-01  -2.6786800e-02  -1.6802884e-01   1.3306355e-02   3.5592779e-02  -3.8150097e-02   6.4356290e-02  -1.6281958e-01  -5.3145584e-02  -5.4504894e-02  -2.0162009e-02   2.7795302e-02   3.5934494e-01   2.8873211e-02   6.5659518e-02   2.0346789e-01  -1.3236814e-02  -1.2487637e-02   1.5387865e-01   4.8869236e-02   8.4651994e-02  -1.1769431e-01   1.5378511e-01  -5.5448534e-03  -2.7835621e-02   4.5631029e-02  -1.4083409e-01  -4.3466651e-02   4.6440886e-01  -9.4863590e-02
  -1.2961596e-01  -1.6214390e-01  -2.2772479e-02  -1.6876853e-02  -8.0803795e-02   1.0830711e-02   3.2618452e-01   2.1197279e-01   4.9274143e-02  -5.5238593e-02  -6.3798018e-02  -1.8729841e-01  -1.1477513e-01   1.7712262e-02  -2.4179725e-01   6.2518977e-02  -6.5193026e-02  -5.3708401e-02  -4.0054819e-02  -1.0777772e-01  -2.3697072e-02   1.4007176e-01   9.1200060e-02   3.7216979e-02  -4.0359765e-02  -2.0517414e-02   3.2086623e-02  -2.8015134e-01  -4.6682320e-02   2.9527054e-01   1.1869296e-01   1.0568508e-01   4.7446067e-02  -1.3015148e-01   8.5470335e-02  -2.5748209e-01  -4.9103574e-02  -5.8119353e-02  -1.1535381e-01   1.6470489e-01   3.2943642e-01   1.5470264e-01   8.4812746e-02   1.6189413e-01   3.2321117e-02  -2.8074806e-01   1.5781113e-01  -1.2125052e-01  -8.2845813e-02
  -1.5466003e-01  -1.3575557e-01   1.4735665e-01   6.4997166e-02   8.9527522e-02   1.5904347e-01   6.0623859e-02  -2.0447619e-02  -1.9200007e-01   2.3782748e-01   1.9854439e-01   6.6827125e-02  -7.2771251e-02   1.3951147e-01  -2.4904045e-01  -3.8750674e-03  -7.0613790e-02  -3.6460341e-02  -2.3634547e-01   2.7166639e-02  -1.5391998e-01  -1.6497048e-01   1.1193411e-01  -3.2818934e-02  -2.0216904e-01   1.1378991e-01   1.5899590e-01  -2.4632007e-02  -2.7307811e-01  -2.0525669e-01  -3.7701287e-01  -6.7368028e-02  -1.6396997e-02   2.6805866e-02   8.9524280e-02   9.7991056e-03  -1.3655003e-01  -1.3145324e-01   1.6971584e-01  -4.5204355e-02  -4.4593759e-02  -4.5623468e-02  -1.6060589e-02   1.5391601e-01   1.9727291e-01   5.8144179e-02   1.8853088e-01  -6.9448479e-02   1.1461518e-01
  -1.4122886e-01  -2.0151960e-03   3.2077407e-02   2.5965719e-01   7.2574399e-03  -2.5170998e-01   1.5350950e-01  -8.2968155e-02  -1.4477658e-01   1.0849939e-01   3.0434947e-02   4.6545218e-02  -2.0114996e-01   4.3609830e-02   1.8679763e-01   7.7557249e-03   1.5629532e-01  -7.7315327e-02   1.1518510e-01   1.7166838e-02   2.1237316e-01  -7.2442013e-02   2.0832921e-01  -2.6697065e-01   4.6113236e-02  -1.6202921e-01   2.5030491e-01   1.1044868e-01   6.2365246e-02  -1.8361683e-01   6.3824605e-02   4.8814507e-02   3.4628952e-02  -1.5597581e-01  -1.3892266e-01  -7.5307973e-02   2.6681155e-01   1.9301956e-01   8.8310568e-02  -1.3083347e-01  -4.3027358e-02   1.7850739e-01  -3.0453551e-02   1.4962399e-01  -1.6702725e-01  -1.4135250e-01   1.9000551e-01  -1.4529780e-01   4.8274969e-02
  -1.3828816e-01   8.8275721e-02  -1.8636979e-01   2.0527865e-01  -5.2409874e-02  -9.6108974e-04  -2.3514499e-02   1.4175482e-01  -3.0156247e-01   3.3215137e-03   1.2426495e-01  -1.0951869e-01   2.3852505e-02  -2.1104697e-01   2.3000301e-01   2.3939451e-01   4.0618846e-02  -1.3202780e-01   8.4599767e-02   9.0287347e-02  -3.5499343e-01   8.8941474e-02  -6.9398828e-02  -4.1039402e-02  -5.3147377e-02   1.2805301e-01   2.2672337e-01  -7.9419233e-02   1.0468242e-02   3.2569138e-01  -1.1350484e-01   7.8890705e-02   4.8650854e-02  -4.5345748e-02  -1.1077685e-01  -9.9732179e-02   1.6511143e-01  -9.8874678e-03  -4.7434736e-02  -6.5919116e-02  -4.5442876e-03  -2.6916297e-01  -7.4735231e-02   4.5932985e-02   4.3335334e-02   1.9168430e-01  -1.6706710e-02   1.9900584e-01  -5.2892767e-02
  -1.3608434e-01  -1.2420386e-01   2.2785066e-02  -3.4181261e-01  -7.5734686e-02  -3.1271988e-02   8.6984310e-02   1.1015704e-01   1.3593939e-01   1.3270931e-01   4.2565376e-02   4.4750052e-02   1.4067862e-01   1.3225901e-01   2.1622902e-01   2.8334552e-01   5.5271210e-02  -1.2465091e-01   2.2829688e-02  -2.0698379e-01  -2.4524725e-01  -5.3370536e-02   9.4815888e-02   2.1006201e-01   1.1895145e-01   2.2576194e-01  -1.5890013e-01   3.8255452e-02  -1.5999798e-02  -9.3968026e-02   4.1706414e-02   2.6364643e-01   1.8103761e-01   3.6624476e-02  -5.6008845e-02   9.1151689e-03   3.4580011e-02   9.9178199e-02  -2.2972658e-03  -2.5766291e-02  -2.1370620e-01   1.5840040e-01   1.0367657e-01  -3.6746477e-02  -1.5767963e-01   1.6381308e-01   2.4767239e-01  -1.3066321e-01   7.6253833e-02
  -1.4996456e-01  -6.3077218e-03  -4.0179604e-02  -2.1257161e-01  -2.7837547e-02   9.7415704e-02   2.7569214e-01  -4.9369784e-02   1.0960435e-02   9.4599403e-02   1.0010341e-01   1.6331286e-01   3.5649606e-02  -1.6348880e-01  -1.3000451e-01   3.1659446e-02  -2.0187075e-01  -1.8818958e-02   2.5544908e-01   1.3212045e-02  -9.6353109e-03   4.6706868e-02  -1.0434781e-01  -2.4003007e-01  -2.2925161e-01  -1.8418926e-01   1.3328281e-01  -1.5569601e-01   4.1306210e-02   3.0589987e-03   6.4043204e-02   1.4552082e-02   3.0969430e-01   7.5616267e-02   1.3047947e-01   4.1641740e-01   1.9625214e-03  -8.9600797e-02  -8.4386910e-02  -1.8999119e-01   4.1121880e-02   6.7935297e-02  -5.9685770e-02  -4.5857390e-02  -2.0316734e-01   6.0682828e-02  -1.7555230e-01  -1.6692663e-02   8.4464883e-02
  -1.2487942e-01  -1.0844909e-01  -2.2505127e-01   1.1071050e-01   1.4421124e-01   9.7860296e-02   2.2332258e-01   1.8272973e-01   1.6293025e-02  -1.9032856e-01   1.7715021e-01  -3.9435453e-02   1.2798928e-01   1.9329124e-01   7.2171296e-03  -2.1789004e-01   2.4536290e-01  -1.1582806e-02  -7.8502146e-02  -8.1123895e-02   4.5010389e-02   1.8915769e-01  -1.9892188e-01   1.8218852e-01  -3.7407530e-02  -5.8056458e-02   8.7202199e-02   6.4963963e-02  -8.6037421e-02  -7.6608314e-02  -5.2678956e-02   1.7602280e-01  -1.1139804e-01  -1.5229818e-01  -2.3620978e-01   1.9919081e-01   1.7540038e-02  -1.7129776e-01   3.0558932e-02  -9.9716235e-02  -1.0032482e-01   6.3925805e-02  -2.5182298e-01  -2.9358716e-01   4.0353661e-02  -9.5007719e-02  -2.3560234e-02  -1.1534214e-01  -1.3509753e-01
  -1.4475700e-01  -2.7148788e-01  -1.1376846e-02   2.2729828e-01   1.1549567e-01  -1.1890436e-01  -4.2794699e-02   9.2317149e-02   1.9189018e-01   2.2646743e-02  -3.5647273e-01  -8.8691388e-02  -1.2331057e-01  -8.8460183e-02  -3.7445201e-02  -1.6320482e-03   3.4395386e-02  -1.2290239e-01   5.6543564e-02  -3.6043234e-01  -1.4885633e-03  -9.2577887e-02  -8.7758591e-03  -5.4935155e-02  -2.1455500e-01  -2.1079350e-01  -1.3913480e-01   2.4789792e-01  -1.2982166e-01   1.4718342e-01  -6.9718075e-02  -2.3832913e-02   2.0591622e-02  -6.9636883e-02  -7.7701748e-02   6.5333695e-02  -2.4773814e-01   1.0337581e-01   2.8201486e-02  -2.6466389e-02   5.3639820e-02  -3.2298138e-02  -8.9158620e-02  -3.0370022e-02  -5.9936243e-02   2.7359141e-01   2.3330364e-02   2.0712687e-01   1.3746852e-01
  -1.4358428e-01   1.5973974e-01  -1.5011830e-01  -4.7375011e-02   2.4355040e-04   6.8741855e-02  -1.2179613e-02   1.5099614e-01  -4.7533322e-02   2.8455489e-02  -2.3414683e-01   7.2569708e-02   1.2821087e-01   1.5058379e-01  -6.5677896e-02   1.0968845e-01  -1.2516838e-02   2.0205058e-01   3.9683074e-02   9.1532868e-02   1.8374793e-01  -7.1902173e-02   5.5937736e-02  -2.2518857e-01  -2.4756517e-01   2.3232180e-01  -1.4730556e-01   2.4690119e-01   3.9329283e-02   1.0034967e-01  -7.3480180e-02   1.6683503e-01   2.3494242e-02  -4.6070198e-02  -1.7626737e-01   1.5099627e-01   6.7834722e-02  -1.7809800e-01   2.7682639e-01   2.4487912e-01   3.5368009e-02  -1.7129233e-01   1.8910809e-01   1.4796810e-01  -1.6921376e-01  -1.0480485e-01  -1.1517462e-02  -4.6263443e-02  -1.9161056e-01
  -1.2982585e-01  -3.5078764e-02  -1.9990850e-01  -7.8268190e-02  -2.1414052e-01   2.0924190e-01  -6.2456565e-02  -2.1016581e-01  -2.7398262e-02   3.1474977e-02   6.5436077e-02  -1.4998058e-02  -6.1905154e-02  -6.4745176e-02   1.4795802e-01  -3.0999588e-01   9.3625111e-02   4.2119657e-03   1.0025620e-02   1.0971460e-01   3.3869968e-02   1.7587151e-01   7.3578236e-02   1.4851456e-01  -7.4680774e-03  -5.5649214e-04   5.9932757e-02   5.8114324e-02   5.0775680e-02   1.8773851e-01  -2.3989725e-01  -2.0669352e-01   5.3853103e-02  -2.3837160e-01   7.0822397e-02   2.2422401e-01  -1.5147484e-02   2.4572367e-01   1.7435299e-02   3.6148912e-01   8.2027229e-02   1.2989950e-01   1.6805084e-01  -5.5319385e-02  -6.6465177e-02   1.3846361e-01   1.8377631e-01  -7.1616384e-02   1.2753890e-01
  -1.5154533e-01   2.3197387e-01   4.9589862e-02  -4.0383286e-02   1.4914089e-01   7.2304880e-02  -7.0603710e-02   3.6946018e-01   2.2447855e-01   3.3954453e-02   2.9088922e-01  -1.9575102e-01   9.6481402e-02  -1.1027240e-01  -9.5243384e-02  -6.2162558e-02   5.0232116e-02   2.3710408e-01   1.3704649e-01  -7.0710688e-02  -4.3389521e-02  -1.1084910e-01   1.4949652e-01  -1.6271936e-01  -1.0814311e-03  -1.1540740e-01  -7.0600278e-02  -1.1487889e-01   3.4748361e-01  -6.5789587e-02  -1.2339764e-01  -3.3400258e-02  -2.1427313e-01  -1.5032172e-01   4.7503955e-02  -6.9811619e-02   5.1579704e-02  -5.0199238e-02   5.1654433e-02   7.4486088e-03  -6.7701099e-02   1.8840402e-01   5.3642090e-02  -3.4511670e-02   3.1200819e-02   9.2166333e-02   9.9367655e-02   2.2311101e-01   1.6137716e-01
  -1.4670329e-01  -1.0096519e-01  -7.4249740e-02  -1.0335451e-01  -1.8070580e-01   2.1338830e-02  -5.0067426e-02   1.6579824e-01  -1.4601543e-01   2.6343018e-01   1.5271840e-01  -9.3427466e-02  -1.1165633e-01  -8.7103263e-02   2.2465187e-02   1.9711554e-02  -2.6199279e-02  -5.9017211e-02   3.4853458e-01  -2.6391743e-01   3.6457299e-01  -4.8706723e-02   1.8444274e-01   1.5705512e-01   7.3199572e-02   2.0864582e-01   2.4843243e-03   9.5163978e-02  -1.1222505e-01  -7.6692630e-02   9.1369987e-02  -1.0591208e-01  -8.7619752e-02  -8.8169987e-02   1.1436268e-01   5.9940388e-02  -4.0475887e-02  -1.1520578e-02  -1.4003324e-01   6.3264123e-02  -1.3822009e-01  -1.8680345e-01  -9.9354126e-02   7.1955461e-03   2.2507221e-01  -1.4812644e-01  -2.4695224e-01   3.7740061e-02  -5.9713525e-02
  -1.4980617e-01   2.5569372e-01   9.0745168e-02  -1.6333093e-01   1.2657627e-01   1.9025100e-01  -2.1768347e-03  -1.8426516e-01  -9.8554113e-02  -1.5766283e-01  -1.9737612e-01   7.7478430e-02   7.3703203e-03  -1.8754696e-01  -2.9494943e-02  -1.5943295e-01  -4.4054751e-04  -1.0322097e-01   7.3941559e-02  -1.7084998e-01   6.9509403e-02  -1.0417642e-01   1.8354133e-01  -7.3860159e-02   1.6798148e-01  -4.2341473e-02   1.4804797e-01  -1.8655761e-01  -2.6345858e-02  -4.0102018e-02   1.2261287e-01   2.3285984e-01  -7.6258046e-03  -6.1939084e-02  -3.1024607e-01  -1.4766036e-02  -1.4271486e-01  -4.5169286e-02   2.0637323e-02   3.8537749e-02   4.6308946e-02   1.2515524e-04   4.9961533e-02   3.0987871e-02   3.2761180e-01   3.2808274e-01   2.1063607e-02  -1.5379488e-01  -1.4920923e-01
  -1.3268970e-01  -1.8748193e-01   6.1622928e-02  -1.0496285e-02  -1.5385505e-01   1.6907660e-02  -1.3290448e-01  -1.8381572e-01   3.3124393e-02   1.8971215e-01   1.1968286e-01  -2.1302014e-01  -3.4981851e-02   1.6051373e-01   1.8847932e-01  -2.2799847e-02  -2.0016373e-01   2.8654302e-02   1.6670686e-02   3.7246919e-02   4.7417058e-03   3.0906222e-02  -2.0165424e-03  -1.3706843e-01  -5.1974458e-02  -2.0316761e-01   2.1858321e-02  -5.5365493e-02   1.0164449e-01   3.1866293e-01   7.1943266e-02   1.5251125e-01  -3.7912771e-01   2.6861112e-01  -1.6453601e-01   1.0337269e-01  -1.8963556e-01  -5.9390114e-02   5.1893958e-02  -1.7927952e-01  -1.4707866e-01  -4.1907063e-02   2.2717787e-01  -1.0919628e-01   6.7138231e-02  -1.2521078e-01   7.9127563e-02  -1.2513554e-01  -3.0840019e-02
  -1.5516409e-01   1.4955057e-01  -3.6472196e-02  -9.3170726e-02   2.6041716e-03  -1.3129102e-01   1.2940241e-01  -2.1533228e-01   2.8377753e-02  -1.9573453e-01  -1.3859455e-01  -1.9858845e-02   1.2444357e-01  -9.0867009e-02   6.0011551e-02   2.2244969e-01  -2.2133900e-01   1.0845558e-01   3.1026878e-01   3.9020279e-02  -1.1538837e-01  -6.1304422e-02  -1.4434351e-01   2.1537935e-01  -1.2777629e-01  -6.2830203e-03  -3.3373298e-02   6.5307610e-03  -1.5953056e-01  -1.5395991e-01  -2.8039455e-01  -2.1022823e-01  -3.1693452e-01  -7.0209685e-02  -2.1495027e-01   1.0332561e-02  -4.9554377e-02   8.2235002e-02  -1.4586320e-01  -4.9438532e-02   2.4223386e-02   1.6839595e-01  -5.2177762e-02   1.5035612e-01   2.5222546e-02  -2.1550013e-01   8.6417817e-02   2.2226738e-02  -3.7044196e-02
  -1.2856942e-01   8.3449846e-02  -2.2168407e-02   1.6150523e-01  -1.1877260e-02  -6.1855127e-02   1.2765142e-01  -8.6841337e-02  -1.1781176e-01   1.3020613e-02   4.7253910e-02   2.9938631e-02   1.6262259e-01   1.7528180e-01  -2.9710874e-02  -1.0616320e-01  -3.0109810e-01  -2.7358405e-01  -2.3340894e-02  -6.7235026e-02  -7.1764847e-02  -3.2309398e-01   8.4937578e-02   6.9536543e-02   1.1738670e-01  -6.3478465e-02  -5.1882209e-02   2.5338964e-01   1.3749136e-01   7.5527241e-02  -1.4498177e-01  -5.5163383e-02   4.6167274e-03  -8.4646517e-02   8.4824038e-02  -1.9054814e-01   1.3040534e-01  -2.3308289e-01  -1.8133012e-01   3.5708722e-02   1.3124476e-01   1.1438478e-01   2.0670816e-01  -2.8889479e-01  -1.0456772e-01   8.7265869e-02  -2.6000427e-01  -9.5362282e-02  -4.6494775e-02
  -1.5133818e-01   4.8098539e-02  -1.1699383e-02  -9.6526056e-02   7.8233104e-02   9.7267662e-03  -2.9023807e-01   8.9816073e-02   2.1710818e-01   1.2935508e-01   1.5346945e-01   5.7872806e-02   2.8418250e-02   1.1086738e-01  -6.6146667e-02  -1.6341037e-01  -1.3530120e-01  -4.8062038e-01  -6.0201542e-02   1.1850937e-01   1.1805094e-01  -1.7722060e-03  -1.8880373e-01   2.8259414e-03  -2.8459013e-01   1.0470608e-01   9.2474286e-02  -7.1709087e-02   3.8233857e-02  -7.9710713e-02   1.1141958e-01  -4.7408943e-02  -2.1690655e-02   5.9862282e-02  -1.4882847e-01  -1.2181702e-01   3.7096235e-02   2.2892823e-01  -8.1510053e-02   6.3795614e-02   4.5756630e-02   1.1661132e-01  -8.2838598e-02   1.3334550e-01  -1.0354719e-01   3.8774798e-02   2.8813916e-02   1.5010368e-01  -3.2512489e-01
  -1.3322089e-01   8.8726456e-02  -9.3857274e-02  -1.7641864e-01   1.5529050e-01  -1.4725169e-01  -8.5315802e-02   1.0646318e-01  -1.0813440e-01   7.1489236e-02   1.5272669e-02  -2.9733688e-01   9.3498410e-02  -1.5290470e-01  -4.8998825e-02  -5.9354172e-02  -2.4826374e-02  -1.2325100e-01  -9.5451584e-02   1.5196064e-01   7.8895247e-02   9.7188451e-02  -9.5316173e-02  -1.5515129e-01   2.7593247e-01  -1.6174332e-01   1.6028234e-03  -2.4259439e-02  -2.8600054e-01  -1.2530962e-01  -1.0748644e-01   3.7149754e-02   7.2643841e-02   8.9749303e-02  -1.6213059e-01  -1.2879147e-01  -2.0601528e-01  -5.9248486e-02  -1.0336490e-01   2.3990861e-01  -1.0987970e-01  -1.3855457e-01   1.4176372e-02  -5.3671570e-03  -3.1694500e-01  -9.7198069e-02  -8.1886683e-02  -1.0868571e-01   2.9336748e-01
  -1.7049242e-01   2.5040194e-02  -1.5685596e-01   9.7894111e-02   2.6862248e-01   2.9681590e-02  -1.7739902e-03   1.2245860e-01   2.0675289e-01  -7.0110787e-02  -1.6542334e-01   9.6926682e-02  -1.8419676e-01   1.7471794e-01   5.9242882e-02  -7.8521991e-02  -2.1473659e-02  -1.0526586e-01   1.0955563e-01   3.2012228e-01  -1.1659379e-01  -6.9589677e-02   1.8747497e-01   5.3925202e-02  -1.8739387e-02  -1.0217375e-02  -9.7426253e-02  -3.7121470e-02  -6.6412638e-03  -6.8022388e-02   1.4682373e-01  -2.3176342e-02   9.6284443e-03   1.2277731e-01   4.4630533e-02   1.9386450e-01   1.8292441e-01  -3.9274749e-02  -3.6400489e-01   3.5578282e-02  -1.4910971e-02  -2.8229614e-01   9.1743576e-02  -3.0001154e-02   2.3741810e-01  -8.5700749e-02   1.7845822e-01  -5.7216865e-02   2.3947342e-01
  -1.5105074e-01   1.0855443e-01   6.0877989e-02   6.3389684e-03  -2.5119672e-01  -1.6383272e-01   1.3003718e-01   7.3927318e-02  -2.2555397e-02  -5.8236516e-02   1.0931627e-01  -1.2799415e-01  -3.8298522e-01   2.0141504e-02  -4.9290763e-02  -5.2108622e-02   2.1800125e-01   2.4389097e-01  -4.5031713e-03   5.6862949e-02  -1.7230174e-02  -3.3780544e-01  -2.9495194e-01   8.4811658e-02  -1.2551988e-01   1.1190379e-01   4.0563879e-02  -2.8698366e-02   4.4828929e-02  -9.2463135e-02   1.0028039e-01  -1.4893538e-01   2.2083408e-01   2.0776982e-01  -2.4188331e-01  -6.2789752e-02  -1.4191707e-01   1.1330457e-02  -6.5949231e-02   6.7582974e-02   4.2899962e-02  -6.3963333e-03   1.7511631e-01  -2.0999815e-01   2.3112789e-02   9.8290553e-02  -3.4885843e-03  -1.4203475e-02  -4.2959771e-02
  -1.4074068e-01  -1.3688431e-01   8.2338542e-02   5.6452359e-03   6.8523432e-02  -5.7424139e-02  -1.8153932e-01  -2.2307478e-01   3.1518242e-01  -1.6010036e-01   1.5848955e-03  -2.6502322e-01  -1.6518710e-03  -3.7217642e-02  -7.2907336e-02   3.0260362e-03   1.9032117e-01  -6.0296975e-02   2.8807976e-01   1.2471616e-01  -2.9763159e-02  -1.3018137e-01  -1.6043700e-02   3.9972054e-02   1.3723550e-01   2.1282328e-01   2.7057191e-01   9.9003203e-02   1.2982032e-01  -1.3130811e-02  -2.2191082e-01   2.6036629e-01   8.6141128e-02   1.2179748e-01   2.6417809e-01   1.3248441e-02  -4.4481328e-02  -7.3988902e-02   1.5092550e-01  -1.8233163e-02   2.1350684e-01  -6.4601166e-02  -1.4472387e-01   1.1178043e-02  -4.3626413e-02  -8.0093608e-02  -6.6596843e-02  -1.1801398e-01  -4.9238265e-02
  -1.2713372e-01  -1.3304651e-01   1.3989375e-01   7.1829314e-02  -4.1012929e-02   2.7912966e-01  -1.5755087e-01  -9.1655732e-02  -9.4657140e-02  -1.5272314e-01   2.3397747e-01   2.6235280e-01   3.0319316e-02  -4.9706671e-02  -3.6049933e-03   5.8207498e-02   2.6451771e-02   1.8874991e-02   1.7776406e-01   5.9271660e-02   6.3594606e-02  -1.1351138e-01  -1.9832439e-01  -1.9400430e-01   6.2633708e-02  -4.8144478e-02  -3.2697392e-01   1.7740809e-01   2.2972155e-02   2.0959583e-01   3.8982138e-02   2.3872870e-02   1.8375471e-01   6.9275790e-03  -9.2920183e-02  -2.1936710e-01  -5.3033329e-02  -9.9154457e-02  -1.3218820e-01   1.2947693e-01  -6.8277153e-02   1.0320512e-01  -3.2224866e-01   3.7997676e-02   9.7525221e-02  -1.2984469e-01   2.0004378e-01  -7.4181618e-02   1.2145215e-01
  -1.3789227e-01  -1.0769052e-01  -2.5723516e-01  -1.4844914e-01   1.3780110e-01  -1.2482417e-01  -2.9975413e-01   1.2081709e-02  -1.5168699e-01  -1.4765850e-01   8.3898201e-02  -6.9977644e-02  -3.3400435e-02  -2.1805408e-02   1.2349560e-01  -2.1124429e-01  -3.9535484e-02   1.2914345e-01  -8.5897167e-02  -2.7536039e-01  -7.4885389e-02   7.3587826e-02   1.7536240e-02  -4.1539017e-02  -9.7643607e-02   1.0050577e-01  -1.8046515e-01  -1.7460873e-02  -3.2761047e-02  -1.0526961e-02  -1.8234833e-02  -1.1174757e-01   1.2922204e-01   2.0836380e-01  -7.2226004e-02  -3.2514634e-02   2.5895140e-01  -2.5814252e-02   9.3740769e-02  -2.4447694e-01   2.6952068e-01   1.7082069e-01   6.4972646e-02   2.0209697e-01   1.2270963e-01  -4.3841485e-02  -1.8159556e-01  -1.8133008e-01   1.5810850e-01
  -1.2925001e-01   4.8367594e-02  -2.4130625e-02   7.5484145e-02   8.5311048e-02   9.9523019e-02   1.4677968e-02  -3.2038407e-01   3.2155857e-02   2.2008375e-01  -6.7105596e-03  -2.0475261e-01   2.4564372e-01   2.4833455e-01   2.7593117e-02  -3.2749930e-02   1.9964288e-01   2.3987704e-01  -6.2464325e-02  -3.4850140e-02   4.3380720e-02  -1.3910979e-01   1.4234275e-01   7.8208702e-02   6.3254508e-02   8.8717715e-02   3.0090798e-02  -1.4165355e-01  -1.4924461e-01   1.3639802e-01   2.7150505e-01  -1.9911870e-01   2.4495198e-02   1.0781524e-02  -6.0700029e-02   3.5616556e-02   3.3924689e-02  -2.1028011e-01  -2.0008469e-01  -4.1385550e-02   9.0354204e-02   3.4261792e-02  -2.1786031e-01   1.7653054e-01  -2.4419059e-01   1.3300855e-01   4.2397709e-02   2.0542633e-01  -8.3166260e-03
  -1.4189314e-01   2.0075861e-02   2.0011842e-01   1.6078882e-01   1.8497257e-01   1.7345173e-01  -9.2821960e-02   1.4649969e-01  -1.3732269e-01   1.1538562e-01  -1.6681257e-01   1.4246999e-01   2.6717231e-01   1.2783382e-01  -3.4549510e-02  -7.4826525e-02   1.7064895e-02   1.6278621e-01   2.0273432e-01   3.3166130e-02   4.6468447e-02   1.6584661e-01  -3.5547147e-02   8.6958831e-02   1.2082239e-02   1.8308885e-01   1.2216596e-01  -6.7054608e-02   2.6300083e-02   4.5214348e-02   5.9240251e-03  -7.8708150e-02   1.5109953e-01  -4.0534381e-02  -3.6900506e-02  -1.9051118e-01  -2.3381425e-01   3.4251531e-01  -6.7111705e-03  -2.9715015e-01   1.0105985e-01  -5.1790938e-02   2.0659734e-01  -2.2979317e-01  -7.0981181e-02  -1.3908196e-01  -4.2990673e-02  -6.0344015e-02   1.1884384e-01
