  -1.1894252e-01  -1.4136493e-01  -2.9770441e-02   8.6908777e-02   1.6741241e-01  -1.2993795e-01  -1.4148837e-01   2.5870714e-01   1.1281582e-01   4.9583528e-02  -1.4995506e-01   9.5172989e-03  -4.3675379e-02  -2.7393245e-02  -5.8381589e-02   5.1400950e-02  -1.8657801e-03   1.0508293e-01   1.2739990e-01  -2.4157295e-01  -2.9328552e-01  -6.6648595e-02   1.7349825e-01  -3.3858705e-01   9.5046894e-02   2.7146275e-02  -1.3753180e-01  -1.1649420e-02   1.1434077e-01   1.3237969e-01  -1.6142238e-01   1.5952147e-01   1.1652860e-01   1.0884735e-01  -2.7706325e-02   4.6107394e-02  -2.9057625e-01   6.1637306e-02  -4.1711681e-02   1.4741270e-01  -2.4476688e-01  -1.2131067e-01  -2.3866723e-01  -3.4181146e-02   2.3258729e-01  -1.3058712e-01   1.1795604e-02  -4.2512181e-02  -3.8225696e-02
  -1.5421729e-01   1.3745910e-01   2.1692740e-02   1.1099487e-01  -5.2417236e-02   9.7711385e-02   1.6138255e-01  -1.0477607e-01   5.9016477e-02  -2.8915861e-01  -2.7338741e-01  -1.3286708e-01   1.0653279e-01  -1.2028986e-01   1.0847909e-01   4.2432785e-03  -5.0890406e-02  -9.3710032e-02   1.8756327e-02   1.4494532e-01  -2.4515836e-01  -1.1634958e-02   1.3182338e-01  -8.3699197e-02   1.6465329e-01   8.8388029e-02   3.9039089e-02   6.7917776e-02  -2.1017295e-01  -2.0663468e-01   1.3315620e-01   9.1460780e-02   8.3935079e-02   8.0392668e-02   4.5948200e-02   7.1858442e-02  -1.1062636e-01  -1.1697232e-01   2.9285752e-01  -2.6453987e-01  -1.6172414e-01   8.6162542e-02  -1.3249048e-02   1.3858436e-01  -5.5761604e-02   1.7865070e-01   1.7137196e-01  -1.5825868e-01  -2.4877714e-01
  -1.6220675e-01  -2.0867613e-02   2.7134396e-01   7.5932145e-02  -1.9667641e-01  -1.1918140e-02  -9.0268312e-02  -4.4377762e-02   2.5675278e-01   5.9851003e-02   1.7411583e-01   5.7737453e-02  -2.4311273e-01   2.7416235e-01  -7.7567402e-02  -4.6529542e-03   3.2787449e-02   2.4857547e-02  -1.0100518e-02   2.1447780e-02  -1.7358610e-05   9.4518111e-02  -2.7940843e-02   6.2425843e-02   4.8244394e-02   2.8223151e-01   1.9237850e-01  -4.1959126e-02  -1.9531159e-02  -1.9194157e-01   8.5229588e-02   4.8567669e-03  -1.1759102e-01  -5.6769987e-02  -2.1608990e-01  -2.2703791e-01  -2.3882263e-01   1.4425304e-02  -1.9571542e-01   2.2722615e-01  -5.0373804e-02   1.4251145e-01   4.6153824e-04   1.9575277e-01   6.0216768e-02   1.2254074e-01   1.9132950e-01  -1.9961481e-01  -3.9932390e-02
  -1.4876980e-01  -1.6885249e-01   2.0542666e-02   1.3782334e-03  -6.4520844e-03   3.3455568e-01  -4.7607818e-02  -1.0977792e-01  -3.2592060e-02   2.4023409e-01   1.6872425e-01  -1.6032769e-02   4.2583115e-02  -1.8865523e-01   1.9665544e-01  -1.7385661e-01  -1.7740996e-01  -1.1166243e-01  -2.0630953e-01  -2.0926152e-02   1.4483395e-01  -8.6014793e-02   4.3863303e-02  -2.7290823e-01   5.3811529e-02  -6.6162066e-02  -2.7181472e-01  -1.5253221e-01   1.5511247e-01  -1.1871852e-01   1.2550100e-01  -1.9860669e-01   1.4011592e-01  -8.9765896e-02   2.0264286e-01  -7.0796821e-02   1.2078440e-01   2.2687541e-02  -4.4550520e-02   7.2660656e-02  -1.0229018e-01   1.0841158e-01  -1.8033163e-01   7.1981131e-02  -4.6190194e-03   2.0888084e-03   2.0245758e-01  -1.9757878e-01   5.6960027e-02
  -1.4675375e-01  -6.6646791e-02  -3.1759541e-01  -1.2993438e-01  -1.3768696e-01  -6.5603587e-02   1.4497399e-01  -1.9068670e-01   5.8220047e-02   2.0609635e-01   2.0436861e-01   4.5207383e-02   2.3610593e-01   8.6127188e-03   6.9846854e-02   2.9330504e-03   1.4116890e-01  -4.1799796e-02   1.1622354e-01   1.8840814e-01  -2.9121302e-02  -1.0772390e-02   1.9876011e-01   1.5288444e-02  -5.4756967e-02  -3.4539835e-02  -1.2204581e-01   6.8925833e-02  -1.4051201e-01  -1.0958501e-01  -4.0335832e-02   3.4929886e-01   1.8744638e-02  -1.9117840e-01  -6.5239637e-02  -1.2381554e-01  -2.0265686e-01   1.6375982e-01  -1.6724517e-01  -9.5708040e-02   5.0937347e-02  -1.8360151e-01  -9.5541317e-02   1.1529602e-01  -2.2903825e-01  -2.2423656e-01   4.6831711e-02   8.6911293e-02  -4.3809742e-02
  -1.2165418e-01   6.1166203e-02  -8.8390252e-02   2.7407606e-02   2.2223319e-01  -2.9145807e-01  -1.4789212e-01  -9.0343330e-02  -1.1664434e-01   1.5681993e-01  -1.6814667e-01   1.4756322e-01  -5.4028566e-02  -1.2687832e-01  -2.8422177e-02   2.2850454e-01  -2.2168665e-01  -3.0159288e-01   8.1214760e-02   1.3344165e-01  -2.0602855e-02   2.1544497e-02  -1.4446317e-01  -1.1136802e-01  -1.7910645e-01   6.9390250e-02  -4.7761770e-02   2.3136269e-01  -3.3384306e-02  -6.2339520e-02   7.2652534e-02  -1.7805660e-01  -6.6184998e-02  -3.2109713e-01  -7.1035440e-02  -2.2246741e-01  -4.6414406e-02  -1.8041742e-01   3.7108262e-02   4.1432015e-02   1.6594518e-02  -1.2219818e-01  -1.2929685e-01  -3.1626560e-02  -4.0642022e-03   1.9527659e-01  -1.7462438e-01  -1.1581186e-01  -9.1821499e-03
  -1.3077084e-01   2.1301810e-01  -1.0029150e-01  -4.6002338e-02   1.8545369e-02   7.5185411e-02  -2.1674484e-01  -4.6838471e-02  -1.8318351e-01  -2.0192338e-01   5.0067481e-02  -1.5731009e-01  -3.3945434e-01  -2.5678539e-01   2.3383476e-01  -1.3879380e-01  -4.2125413e-03  -4.5274312e-02  -6.9533487e-02   9.7662476e-02   7.1237260e-03   1.9566328e-01   1.4170073e-01   9.8491277e-02  -3.0373993e-02  -2.5950962e-02   2.6128928e-02  -2.9000730e-01  -2.7315687e-02  -5.4366725e-02  -1.5283669e-01  -9.9509410e-02  -2.6896847e-01  -2.0451101e-02   8.0478114e-03  -2.0218769e-02  -2.7780160e-01   2.3488415e-01  -8.7283777e-03   4.0012595e-02  -7.9654034e-02  -2.0837855e-01  -7.7452798e-03  -1.6424366e-01   1.2428118e-02   5.7850616e-02  -3.7813220e-02   1.2855103e-01  -8.3001855e-03
  -1.4699286e-01  -1.8818761e-01   1.5464810e-01   6.6465533e-02   1.3544562e-01   8.0049893e-02   1.1779641e-01  -2.1209379e-01   2.1711337e-02  -1.5475682e-01  -1.1491717e-01   1.6116014e-01   1.3168420e-01   4.2899117e-02   2.2072192e-01  -5.8847491e-03   2.4820172e-01  -7.4601010e-02  -6.2007796e-02  -3.0838411e-01   1.2484804e-01   4.6624043e-02  -8.3341128e-02   1.2289246e-01  -9.1750965e-02   1.6045407e-01  -1.2812251e-01   9.1547270e-02  -3.6867913e-02  -1.3694481e-01   1.6225812e-01   1.0741013e-01  -6.2022332e-02  -5.5036662e-02  -3.0938569e-02   3.3332385e-01   1.4678805e-03   2.0336974e-01  -5.4780649e-02   2.2456395e-01  -2.8414868e-02  -3.0706035e-02  -1.7926487e-01  -1.2138907e-01  -2.9457370e-02   1.6594169e-01  -2.7459087e-01   5.5509696e-02  -8.6021138e-02
  -1.3144074e-01  -9.2095902e-02  -2.6812085e-01  -6.6772600e-02  -1.2655646e-01  -1.8078946e-01  -1.9871016e-01   8.4219471e-02   1.5850621e-01  -9.9544113e-02  -2.3124904e-01  -9.1549869e-02   1.1362085e-01  -2.0425514e-01  -2.1996014e-01  -1.2476312e-02  -1.2561591e-01   1.7185595e-01  -3.3463549e-02   1.0158345e-01   1.5662038e-01   1.2485069e-01  -2.6247145e-01   8.0718609e-02  -2.0474480e-01  -7.0378545e-03  -7.0707749e-02   6.5717166e-02   1.1503684e-01  -5.5176529e-02   2.6669492e-01   4.7772739e-02   2.9591881e-02   1.1427817e-01   1.8302989e-01   1.2821967e-01  -1.4240920e-01   1.9822933e-01  -1.8258345e-02   1.9624611e-01   1.1166854e-01   1.0680006e-01   8.0636904e-02  -4.9650053e-02  -4.6071601e-02   8.1672476e-03   2.9833968e-01   1.4994390e-02  -5.2372763e-02
  -1.2283098e-01  -2.1334422e-01  -2.2152806e-01   1.9176514e-01   4.3385168e-02  -2.3582812e-01   1.9449999e-01  -1.0169733e-01  -1.1692244e-02  -1.3148512e-02  -2.4109687e-02   2.0158651e-01  -6.1924404e-02  -6.1339065e-02  -6.7830285e-02  -1.0454113e-01   1.2811066e-01  -8.5567794e-02  -7.5823667e-02  -2.0263243e-01   2.2741523e-01   8.1714063e-02   1.2014291e-01  -7.0143781e-02   5.3387463e-03   1.7743477e-01  -1.0352306e-02  -1.8084977e-01  -7.6556167e-02  -5.7606987e-02  -2.5976832e-01  -1.1480689e-01   9.0937410e-02   6.3049161e-02  -1.2015762e-01  -1.6963582e-01   6.8453103e-02  -6.8998784e-03   3.6905884e-01   5.9498476e-03   2.2822336e-01   1.4812337e-02   1.0820249e-01   3.3203939e-02   1.6354407e-01   3.8033626e-02   2.4715226e-01   1.7236901e-01  -1.5150433e-02
  -1.4209662e-01   6.0939724e-02  -1.0030811e-01   7.9081849e-02  -2.6527671e-02   3.8821592e-02  -8.7175424e-02  -1.9104579e-01  -1.0676936e-02  -1.2989835e-01   2.8693993e-01   1.4289034e-01   1.2113169e-01  -2.3280544e-01   1.2797799e-01   4.4500872e-02  -4.2753690e-02   1.5543102e-01   4.5856122e-01  -2.6098515e-01  -1.1026432e-02  -1.5840153e-01  -6.7667531e-03   4.3867367e-04  -1.2042487e-01  -8.3985197e-03   2.0550809e-01   1.1699666e-02   1.6731613e-01   1.1208444e-01   1.6225689e-01  -1.0566443e-01  -4.1044191e-02   3.6190886e-02  -1.8050101e-01  -4.1974144e-02  -6.9622168e-02   9.1536337e-02   1.2375902e-01  -1.6099628e-01   1.7787181e-03   1.8692009e-01   1.1907168e-01  -1.1958126e-01   2.4180051e-02  -1.2001754e-01  -4.7986266e-02  -2.5410437e-01   6.9217036e-02
  -1.2617992e-01   2.1286000e-01   2.1072338e-01  -1.7241469e-01  -3.6392635e-02   1.2482006e-01   7.6470391e-02   6.3072504e-02   1.0687073e-01  -9.9045125e-02  -6.2417620e-02   2.4980437e-01  -4.1046533e-02  -4.3307623e-02  -1.6108818e-01  -2.2473235e-02  -1.1448441e-01   1.7262650e-01   1.4501908e-01  -1.7503711e-01  -4.3484212e-02   1.3026808e-02  -2.5258552e-02   7.5283213e-02  -5.5554919e-03  -1.7692065e-01  -5.4818458e-02   2.2496519e-01   5.7158374e-02  -4.8798989e-01  -1.3861244e-01  -6.4614059e-02   1.9027372e-02  -9.5167206e-04   9.1488972e-02  -1.7021020e-01   1.4411772e-01   1.2833642e-01  -1.5039487e-02  -1.5564378e-01   5.9313390e-02  -2.0656745e-01  -1.8437635e-01  -7.7312779e-02   1.0953810e-01  -1.1495428e-02   1.3776334e-01   1.6851623e-01   1.5040989e-01
  -1.4992519e-01  -1.4714619e-01   1.4473643e-01  -4.3240385e-02  -3.3678034e-02   1.1966662e-02  -2.2424491e-02   5.5204455e-02  -9.2110346e-02  -2.8137329e-01   3.0000133e-02  -1.6194947e-01  -1.0698279e-01   4.7836620e-02   2.7916601e-02   2.9249350e-01   2.8691006e-02  -4.5392181e-02   1.0539547e-01   4.7057767e-02   7.1544151e-02  -9.7014327e-02  -8.1831341e-02   1.8751973e-01   1.9151290e-01  -1.5664959e-01  -4.5133448e-01  -2.8596260e-02  -2.0955889e-01   2.1755551e-01   2.3173926e-01   6.4497373e-02   9.8756515e-02  -3.9602784e-02  -1.7474604e-01  -3.0824301e-01   6.0241175e-02   1.2293063e-01   1.1925106e-01   5.4791181e-02  -2.6924388e-02  -3.9686995e-03   2.5201145e-02   1.8927437e-02   1.1212245e-01  -3.7158588e-02   6.6426787e-02   7.2290855e-02   1.6665672e-01
  -1.4467457e-01   1.6162467e-01  -1.5595186e-01   1.8307396e-01   9.3049481e-02   1.3989373e-01  -8.9478065e-02   1.2216208e-01  -1.0553919e-01  -2.2858890e-02  -1.0707526e-01   1.6920499e-01  -2.7097024e-02   2.2078047e-01   6.8592247e-02   1.5071962e-01   5.7886799e-02  -2.8454123e-02   9.3740888e-02   1.6215835e-01   3.7919473e-01  -1.9306690e-01   6.6738671e-02   2.9990308e-01  -5.5688242e-02  -1.6295850e-01   1.8176559e-02  -2.7769059e-02   1.9729728e-01  -1.2208816e-01  -1.2763178e-01  -1.6273157e-02   1.1195050e-01   6.5660927e-02   1.1994261e-01   4.7532833e-03  -7.5645288e-02  -8.8699701e-02   5.2083946e-02   1.0075079e-01  -1.5925631e-01   6.9418489e-02  -4.5554918e-02   2.4478623e-01   1.2456762e-01  -2.0118065e-01  -9.3889613e-02  -3.5648900e-02  -2.8894257e-01
  -1.3727564e-01   2.4646695e-01  -1.6837004e-01  -1.3841588e-01  -6.2775832e-02   1.2584070e-01   6.9146042e-02   2.1001781e-02  -1.7978169e-01  -9.0168187e-02   2.8365784e-02   3.0771967e-01  -1.7031170e-01   2.3141706e-01   5.5382293e-02  -1.1568413e-01   9.1012859e-02  -4.0144826e-02  -3.3507115e-02   1.3731840e-02  -2.4757325e-01   4.8594203e-02  -1.2817470e-01  -6.4897869e-02  -2.0288303e-02  -5.5266785e-02  -7.8586128e-02   5.5137152e-03   2.0142077e-01   2.4560654e-01   8.4531190e-02   1.7686359e-01  -1.8486057e-02  -1.3254019e-01   7.0032057e-02   1.9275680e-01  -1.1921173e-01  -1.1314209e-01   1.9756141e-01   9.1553949e-02   2.6903092e-01   7.1480729e-02  -1.3269197e-01   1.8356073e-01   2.7958909e-02   1.3056833e-01   1.4442321e-01  -2.0148516e-02   2.5724930e-01
  -1.5104873e-01  -1.7707503e-03  -1.8385166e-02  -2.0443863e-02  -1.3312388e-01   4.0588320e-02  -7.5399248e-04   1.5624118e-01  -1.7836994e-01   2.5392877e-01  -2.7453821e-02  -1.0475392e-01   7.5829717e-02   1.1977703e-01  -2.1443745e-01  -1.5089715e-01  -1.3426173e-01   8.1170644e-02   1.7987506e-01  -1.4979179e-02   9.5423631e-02   8.9862095e-02   7.0619928e-02   1.6621681e-01   1.0961559e-01   2.0624069e-01  -1.4786762e-01  -5.1751979e-02  -9.3070038e-02  -1.4721654e-01  -4.7672953e-02  -6.0731362e-02   5.6251366e-02  -1.8908080e-01  -5.8466611e-02   1.9182969e-01  -1.9105449e-01  -1.1785159e-01   2.2550098e-01  -5.1987128e-02  -2.3562689e-01   3.0430233e-01  -1.9782309e-02  -2.2906431e-01  -1.1689620e-01   1.2465402e-02  -1.5758056e-01   1.3869337e-01   2.6729174e-01
  -1.5210174e-01   8.6787291e-02  -6.4714891e-02   8.3887986e-02  -1.3366793e-02   6.3770676e-02   2.4235353e-01   9.8148809e-02   1.5626335e-01  -1.3253357e-01   1.8801414e-01  -3.7936592e-01   1.2134430e-01   7.1115713e-02   1.1673810e-01   2.6477367e-01  -3.7921339e-02  -1.0549181e-01  -1.1640962e-01  -7.1975354e-02  -1.8687241e-02   1.7553659e-02  -4.5865259e-02   6.0866396e-02   1.4805721e-02   2.2762769e-02   2.2353353e-01   1.1023991e-01   2.5509042e-02   1.9283564e-02  -1.6569415e-01  -1.9638107e-01   3.1530187e-01  -2.2813390e-01   1.5576818e-01   4.9634859e-02  -1.9752177e-01  -4.5078398e-02  -5.5070277e-02   1.2389009e-01   2.5998743e-01  -3.5545906e-02  -8.1796509e-02  -2.2977915e-01   1.2537508e-01  -5.3581600e-02   2.9452261e-02  -2.3735695e-02   8.4149836e-02
  -1.6157991e-01  -5.6587827e-02   2.1625101e-01   1.8927126e-02  -1.5636303e-01   8.6912222e-02  -7.8118142e-02  -1.2631445e-01   1.6762610e-01   2.5938270e-01  -9.0413199e-02  -1.2416013e-01  -9.2609149e-02  -5.1260468e-02   1.9933195e-01  -2.5182180e-02  -2.0103268e-01   2.4382692e-02  -3.6002197e-02   1.4160538e-02   8.6889419e-02   7.9121003e-02  -6.1343724e-02  -3.9230858e-03  -2.3487373e-01  -1.3826810e-01   5.6404052e-02   1.8804257e-02  -3.6370045e-02   1.5199301e-01   8.2328928e-02   1.4530980e-01  -4.8654024e-02   1.0744197e-01  -2.0478835e-01   8.6170624e-02  -7.4910021e-02  -2.3106932e-01   9.3344848e-02  -2.2211231e-01   2.0525418e-01   6.8829947e-02  -2.1972072e-01   1.4469481e-03   2.7881202e-01  -1.3516111e-01  -4.9118744e-02   3.3838387e-01  -1.4262881e-01
  -1.3118873e-01  -7.9991248e-02   8.8726595e-02   8.0341297e-02  -2.0450298e-01  -1.2672954e-01   1.0386038e-01  -1.3724902e-01  -2.3159871e-01  -2.3875885e-02   3.2342297e-02  -1.0751111e-03  -7.3987970e-02  -5.3438160e-02  -9.0966189e-02   1.9288422e-01  -2.7341785e-01  -1.4459630e-01  -1.3896255e-01  -8.7267939e-02   7.8472058e-03  -3.2325749e-01   1.7251667e-01   1.5282104e-01  -6.0576938e-02   9.6856000e-03  -8.4504631e-02   1.6873998e-01   2.3408515e-01   1.1788486e-01  -2.5659838e-01   6.2804027e-02  -7.9313632e-02   1.4959053e-01  -8.1821118e-02   2.1393009e-01  -4.8049420e-02   3.3038183e-02  -2.5539369e-01  -1.1236674e-01  -7.9894524e-02   1.6185035e-02   8.0864171e-02   8.5472640e-03  -1.1515089e-01   2.5765855e-01   2.1417353e-01   6.3907329e-02   4.6158588e-02
  -1.4796419e-01   1.8107124e-01   5.9320604e-02   1.2891756e-01   2.8288791e-01   2.5389634e-02   2.5374577e-01  -3.7591554e-02  -7.8057279e-02   3.9427292e-02  -1.8434005e-03  -1.1502802e-01   1.8643290e-01  -7.9837893e-03  -1.8743088e-01   6.3222637e-02   4.5539577e-02  -1.0970499e-01   3.0225019e-01  -3.9218723e-02  -6.3758705e-02   1.7383765e-01   9.1151253e-03  -1.1747767e-01  -2.8691703e-02  -7.1061832e-02  -2.0605676e-02  -3.1484607e-01   9.3281870e-02   2.4302775e-02   1.9720983e-01  -1.2333467e-01  -7.5752521e-02   9.2268486e-02   6.6790324e-02  -4.3227511e-02  -3.0356172e-02  -4.9297385e-02  -3.5027305e-01   1.9029322e-02   1.3319538e-02   1.2186069e-01   5.4986266e-02   1.9482390e-01   6.2976447e-03   1.3057816e-01   5.9515585e-02   3.6905366e-01  -7.8294862e-03
  -1.3189001e-01   1.3668362e-01   2.8136608e-01   1.2050403e-03   2.8497899e-01  -1.8616447e-01  -1.6349356e-01  -1.3721597e-01  -9.7001676e-02   5.7997777e-02  -2.3935491e-02   6.5437705e-02   1.5559308e-01   1.3707879e-01  -2.2842346e-02  -1.1467519e-01   1.9421526e-01  -1.1508688e-01  -6.7411823e-02   2.2342391e-01   2.3256809e-01   1.7190747e-01   6.0713991e-02   2.4001454e-03   1.5869328e-01  -1.9710009e-04   1.2307405e-01   8.7370214e-02   1.0844665e-01   1.4508044e-01   8.9830401e-02   3.4633247e-02   1.5983281e-01   5.5110918e-02  -6.6717458e-02   1.2154777e-01  -2.8775881e-02   8.4627309e-02  -3.2760788e-02  -2.3686650e-01  -7.3903256e-02  -1.2906187e-01  -3.1624916e-02  -2.6358093e-01   6.0819751e-02  -1.2563230e-01   3.2095792e-01  -1.2793174e-01   1.4761339e-01
  -1.5558615e-01  -8.8724509e-03   1.2910965e-01  -3.1444603e-01   8.9569370e-02  -7.8138342e-02   2.3565059e-01   2.2161383e-01  -1.7074770e-01   1.1357279e-01  -1.6235923e-01  -3.2266488e-02  -1.1659001e-01  -1.5506003e-01   2.0491010e-01   1.5403225e-01   1.5555401e-01   1.2629946e-01  -6.4276998e-03   7.3328233e-03   9.9310172e-02   4.5886776e-02   1.1550391e-01  -7.0650071e-02  -3.0595425e-01  -1.1179570e-01   6.5583653e-02  -8.1287660e-02  -1.7914701e-01  -1.4922946e-01  -4.5831482e-02   1.9632156e-02   1.1530458e-01   2.5249874e-01  -1.5558817e-01   4.1387503e-02  -3.3893136e-02  -1.4228279e-01  -7.9379475e-02   1.1670419e-01   7.1236427e-02   9.2970098e-02   7.3669270e-02   5.3385745e-02  -1.4547032e-01  -2.4024292e-02   1.3954293e-02  -2.9645607e-01   2.1927449e-01
  -1.5365344e-01  -1.0708535e-01   1.6667798e-02   1.5781691e-02  -2.5170935e-02   2.4239822e-01  -1.2562320e-01   8.3862008e-02  -5.1999467e-02  -2.0973973e-01   9.0859337e-02   8.4985954e-02  -4.2059528e-02  -6.9418570e-02  -1.5838859e-01   3.6974235e-02   2.8691943e-02  -3.5025513e-01  -1.6968528e-01  -7.3066779e-02  -5.7511273e-02   3.1479377e-01  -1.5161766e-01  -1.0856626e-01  -5.7819539e-02   1.4471445e-01  -2.8702331e-02   1.5608532e-01   1.7359511e-01  -3.7900939e-02  -7.9441152e-02   1.1957069e-01   1.3955206e-01   2.6700939e-01  -2.2223793e-02  -1.9334938e-01  -7.4756684e-02  -1.0427602e-01  -3.7302795e-02  -1.3731759e-01  -1.6056531e-02   8.5009082e-02   1.3766082e-01  -2.4115460e-04  -2.6091317e-01  -2.7546105e-01  -2.2299172e-01   6.7411175e-02   2.2347284e-02
  -1.3580702e-01   8.7180240e-02   6.4128536e-02   1.2922110e-01  -3.3019360e-02  -1.7815324e-01  -7.6698579e-02  -1.3298945e-02   1.9313280e-01   3.3536844e-02   8.6856479e-02  -1.9770755e-01  -3.7881371e-01   3.7100383e-02   8.9155193e-02   1.8365064e-01   1.4236084e-01   4.8470856e-02   2.4352597e-01   1.4171372e-02   1.6822683e-01   5.2033788e-02   1.8277171e-01  -2.3085360e-01   6.4109734e-02   1.1522133e-01  -5.8979809e-02   1.8000131e-01   9.1408000e-02   2.0587097e-02   7.8800780e-03   2.8009972e-02  -1.2786292e-01   3.6030925e-03   3.0320811e-01   1.3862273e-01   2.9119182e-01   1.8965741e-02   1.3697075e-01   2.2531592e-03   7.2352781e-02   5.5044952e-02  -8.0914007e-02   4.8192301e-02  -3.4147895e-01  -7.0925941e-02  -6.2614224e-03   9.1061605e-02   3.7308061e-02
  -1.3172948e-01   9.2729237e-02  -1.2237390e-01   3.6574952e-02  -1.3968500e-03  -2.3645118e-01  -1.6316317e-01  -2.8196953e-01   9.2234368e-02  -8.6590472e-02  -5.2741045e-02   6.8423897e-02   1.4842387e-01   7.5059538e-02   6.3031375e-02   2.0298064e-01  -2.5574089e-02   1.2698890e-01  -2.6100586e-01  -3.9815143e-02  -1.2335503e-01  -1.6769516e-01  -1.9842990e-01   3.7500411e-02   2.2950227e-01  -1.4599992e-02   1.5369530e-02  -3.1590104e-01  -9.7041969e-02  -1.4982962e-01  -6.1601313e-02  -6.4768628e-02  -1.6366273e-01   2.0596914e-01   3.5474213e-02   5.4495968e-03   3.8666212e-02  -2.3142820e-01  -6.9347060e-02   6.8961244e-03  -1.4653177e-02   8.6242000e-02  -2.2984871e-01  -2.8544309e-02  -1.3660560e-01  -2.2577581e-01  -5.7429697e-02   3.3784933e-02   2.6501012e-01
  -1.1784201e-01   2.9581441e-02   3.1619821e-02   6.9619609e-02   8.4184915e-02  -2.7552259e-01  -1.0332536e-01   3.2394741e-02   1.7235862e-02   7.1905091e-02  -1.9208143e-02   1.7921953e-01  -8.8788082e-02   3.3877034e-02   2.3985136e-01  -1.3478932e-01  -1.2996184e-01   2.1958026e-02  -1.7511161e-01  -1.7569419e-01  -3.0317016e-01   1.3828563e-01   2.4250141e-01   2.9158804e-01  -6.7289173e-02  -9.3911884e-02   2.1771919e-02   9.8540905e-02  -1.7493579e-01   8.6718198e-02   1.1791662e-01  -7.0227135e-02   2.4253612e-01  -1.0343305e-01   2.6547339e-01  -8.9502470e-02   7.9375878e-02   1.4167815e-01  -1.3641371e-01  -6.4039356e-02  -4.7184359e-02   2.9147234e-01   1.8335754e-01   9.4663000e-02   5.2191793e-03  -9.6140846e-02  -4.7000272e-02   9.6284541e-02  -1.0774062e-02
  -1.3667751e-01  -2.3562156e-02  -2.1659851e-02   2.2408137e-01  -2.1560380e-01   1.5142435e-03   4.1715700e-02   1.1656786e-01  -2.1629519e-01   3.0732060e-02  -8.0965032e-02   9.7310028e-02  -6.0857506e-02  -1.4344389e-01  -1.9925162e-02   8.3688347e-02  -4.3781917e-03   3.1248579e-01  -4.6738025e-02   2.8153928e-02  -5.7830934e-02   1.3860048e-01   1.2272364e-01   1.2133912e-01   1.6104272e-01   1.5136808e-01   4.9469901e-02  -2.3050022e-01   2.3381621e-01   2.5456896e-03   2.3649485e-01   1.6008098e-01   2.1486330e-01  -1.1763642e-01  -6.2807749e-02  -9.1213426e-02   2.2532004e-01  -2.0243493e-01  -1.5703110e-01  -2.9131706e-02   1.5546676e-01  -2.6526424e-01  -6.6916537e-02  -1.9508903e-01  -7.8525080e-02   6.6905657e-02  -9.0146080e-02  -7.3230322e-02  -1.6871445e-01
  -1.2895407e-01  -9.3437564e-02  -2.5774778e-02  -2.6338680e-01   8.6496188e-02   2.1090928e-01   1.7938165e-01  -2.1979118e-01  -1.0662270e-02   2.3343720e-01  -1.6443085e-01   8.4162708e-04  -1.6417882e-01  -9.0169744e-02  -2.4367889e-01   2.3702719e-01   1.1920742e-01   8.0791110e-02  -1.1414209e-01   1.1947206e-01  -1.2377106e-01  -1.3587443e-01   4.4214639e-02   1.3679480e-01  -1.3393316e-02   3.4786770e-01   1.6658908e-01  -2.4017327e-02   5.9047547e-02   1.6855383e-01   1.0337543e-01  -1.1111896e-01  -3.9034500e-02   7.4147865e-02   2.4279727e-01  -7.6652896e-02  -8.5709377e-03   2.4803501e-01   1.1242595e-01  -1.1314673e-01  -6.0546391e-02  -2.5535097e-02  -2.1673319e-02   5.2483271e-02   1.8840494e-01  -1.1266981e-01  -1.2215830e-01  -1.2436512e-03   5.8142832e-02
  -1.6425008e-01  -9.4843937e-02   6.9127866e-04   1.7064284e-01   1.5765725e-01  -9.5675441e-02   1.6100088e-01  -1.1813340e-01  -1.5967410e-01  -4.7813377e-02   1.1867525e-03  -2.9076736e-01   7.6428508e-02   1.2313425e-01  -2.9936507e-02  -2.9614341e-01  -2.2562839e-01   1.7875650e-01  -2.0895058e-02   2.1282114e-01  -1.1527956e-01   9.3679697e-02  -3.3330076e-02   4.0939942e-02  -9.2214845e-03  -1.0511207e-01   1.2208697e-01   1.5059428e-01   1.9112078e-01  -1.1033480e-02  -1.2700645e-01   6.2021511e-02  -1.2972069e-02   1.6048397e-01  -1.6562993e-01  -1.6298661e-01   1.7827253e-01   2.6007009e-01   1.4539800e-01   1.8685628e-01   5.1976820e-02   4.4489312e-02  -2.0850835e-01   1.6230134e-01  -5.1538213e-02   1.7047507e-02  -2.1742279e-01  -1.0319800e-01   9.7680655e-02
  -1.1668362e-01  -4.4646087e-02   1.9879868e-02  -1.8979501e-01   2.0686853e-01   7.2375762e-02  -2.7493701e-01  -8.2189330e-02   9.1810431e-02  -1.2945884e-01   1.3643820e-02  -1.4854103e-01   3.2105864e-02   1.9494173e-01  -2.0316402e-02  -1.7500611e-01   3.4120395e-02  -1.9780008e-02   1.8608191e-01   1.3425367e-01  -2.2558031e-01  -2.1552194e-01   8.8684591e-02   1.2429813e-01  -3.0169713e-01   2.9362490e-01  -2.6303809e-01  -1.6410067e-01   2.3645529e-02  -6.0130232e-02  -1.9029881e-01  -6.6701496e-03   1.2428527e-01   3.1605703e-02  -5.0071547e-03   1.0015462e-02   2.0362554e-01  -1.4927098e-01  -9.0678184e-02  -3.5985489e-02   2.5094739e-01   3.1133362e-02   5.1611476e-02  -1.5707384e-01   1.9274558e-02   4.9227490e-02   5.5908905e-02  -6.4037667e-02  -1.4249138e-01
  -1.4544145e-01   4.1890627e-01   1.6476458e-01   1.2526712e-02   1.7178740e-02   1.0655469e-01  -3.1277569e-02   3.4751054e-02   1.2201936e-01   1.1675868e-01  -1.4696533e-01   1.0708552e-01   1.5363294e-01  -3.9699638e-02  -6.6750305e-02  -2.0069263e-03  -8.1045481e-02   1.6982933e-02  -2.0469303e-01   1.9149662e-02   8.8411178e-02  -2.9259832e-01   1.3386014e-01  -2.3966131e-01   1.0552681e-01  -1.2377213e-02  -3.2979116e-02  -2.8891755e-02  -3.2878844e-02   9.7540925e-02  -2.5645143e-02   1.5488563e-01  -1.3918861e-02  -2.7377542e-02  -1.0977210e-01  -1.6807164e-01  -4.4962727e-02   2.1651571e-01   9.6566648e-02   2.3874732e-01   2.2716661e-01   1.4816965e-01   2.5561080e-01  -2.0714211e-01  -1.4922044e-01   3.0919572e-02  -1.5395884e-01   8.5684845e-02  -1.0998569e-01
  -1.3767119e-01  -7.1975422e-02   6.7170529e-02  -1.1765080e-01   3.3990900e-01   1.1364677e-01  -1.4475803e-01   1.8564359e-01   2.2691878e-01  -7.9349750e-02   9.4607854e-02  -2.0666502e-02   1.1461770e-01  -2.9156979e-01  -1.0839933e-01   3.3041475e-02  -2.5592765e-02   6.6661978e-02  -1.3155533e-01  -1.0213944e-01   6.4731328e-02  -2.6871044e-02   2.4459875e-02   2.2295209e-01  -4.2047192e-03  -1.7996117e-04   2.3423681e-01  -8.8470995e-02   2.4559357e-02   1.5621029e-01  -1.1767440e-01   1.8369137e-01  -4.7116713e-02  -3.2546981e-01  -1.2913788e-01   4.2469103e-02   1.2959380e-01  -1.1843850e-01   1.3177762e-01  -4.0792323e-03  -1.3094180e-01  -2.8529488e-02  -9.2812234e-02   2.7890370e-01  -2.3239019e-01   9.8625490e-02   1.2928485e-01   9.5514426e-02   5.7909464e-02
  -1.6137080e-01   1.2866011e-01   1.0387795e-01  -1.2277173e-01  -2.6716910e-01  -9.6838421e-02   6.4992393e-02  -1.0071546e-01  -1.1102802e-01  -2.4047515e-01  -4.6232709e-02   5.0212948e-02   3.7447345e-02  -1.3004164e-01  -1.7523506e-01  -4.3783229e-02  -1.1136037e-01  -8.5914591e-02   5.1315513e-02   7.1785926e-02   4.1039046e-02   1.1266928e-01  -1.6109756e-02  -1.9028181e-01  -3.9324339e-02   8.8428349e-02   2.8744397e-02  -7.7592082e-02  -1.5919860e-01   9.2231104e-02  -1.6388898e-01  -1.0952504e-02   7.3837352e-03  -2.8035251e-01  -6.5619862e-02   2.6352362e-01   3.1160423e-01   3.9390780e-02  -1.4700130e-01   1.6933684e-01  -1.2350811e-01   5.2373211e-02   3.3340932e-02   1.4768541e-01   2.5095065e-01  -3.6659073e-01  -4.5901954e-02  -8.3279127e-02  -8.0905916e-02
  -1.5981852e-01  -2.1659259e-02  -1.1039891e-01  -3.1403755e-01   1.1693810e-01  -6.9639189e-03   8.9309859e-02   6.5447921e-02  -6.3046119e-02   1.4621590e-01   1.3097210e-01  -1.8642183e-02  -4.7402840e-02   1.4514516e-01  -1.3072553e-01   2.4280167e-02  -2.2458291e-01  -1.9688317e-01   4.6355584e-02  -2.6132207e-01  -4.0096615e-02   1.4665304e-01   4.4344759e-02   1.6136119e-01   2.8111060e-01  -1.5156556e-01   2.9859117e-02  -2.6212911e-03  -1.0430803e-01   4.5379282e-02   8.5882764e-02  -3.4954221e-02  -2.4517026e-01   1.6787777e-01  -1.7354808e-02   7.9968476e-02   9.3783089e-02  -3.1777380e-02   8.2148985e-02   1.0702155e-01   1.2018051e-01  -3.1324493e-02  -7.9556584e-02  -1.6835659e-01  -9.5701565e-02  -1.0253734e-01   1.0319676e-01  -1.9662304e-01  -4.1962760e-01
  -1.4667302e-01  -1.8284042e-01  -2.0491866e-01   5.1112325e-02   1.4793430e-02   5.3260359e-02  -1.2740559e-01   5.0580217e-02   2.9977141e-02  -1.1415058e-01   1.9478813e-02  -9.1637506e-02  -2.1992893e-02   1.3192631e-01  -2.5813127e-01   9.7109355e-02   1.9275357e-01  -4.4860088e-02  -2.1571823e-01   2.7291146e-02  -1.0681987e-02  -6.3262934e-04   3.3524669e-01  -1.5363307e-01  -8.2951351e-02  -3.4014029e-01   9.6842749e-02   1.8513973e-02   3.2599920e-02  -2.0692376e-01   1.4873697e-01   1.0587454e-01  -2.4719902e-01  -1.5519071e-01  -4.5239312e-02   4.2575139e-02   1.2438194e-01  -1.6450236e-02  -5.9151665e-02  -1.7447972e-01   4.5083602e-02   2.0206404e-01   6.4121581e-02  -1.3837435e-01   2.6764718e-01   1.2246223e-01  -1.3252785e-01  -9.2606423e-02   1.1072212e-01
  -1.2950760e-01   1.2187033e-01  -1.5720543e-01  -1.6145393e-01  -9.5540312e-02  -2.7506838e-02  -3.1408642e-01   4.9119732e-03  -2.2463270e-01   2.9095905e-02   2.5392573e-01  -8.9951649e-02   1.1752012e-02  -9.6120555e-03  -9.1105556e-02  -7.5275867e-02   9.1792530e-02  -1.2418763e-02  -1.0374440e-02  -1.0228238e-01   8.9254116e-02  -1.8358638e-01  -3.9644863e-03  -1.3030847e-01   7.8683154e-02   7.6262892e-02   2.4351093e-01   1.4844389e-01  -2.7809569e-01  -4.3822833e-02   1.5310206e-01  -1.3817424e-02   3.4139238e-01   2.5136250e-01  -2.1155631e-02   4.8730458e-02   9.3293329e-02   4.2490253e-03  -3.7325983e-02   8.2302941e-02  -2.9056937e-02  -1.2476565e-01  -1.1764843e-01   1.6523154e-01   9.4860797e-02   2.7305813e-01  -1.0572363e-01   2.1186986e-01  -1.7198532e-02
  -1.4916839e-01   1.6149349e-01  -2.5522529e-01  -1.0096988e-01  -3.7961187e-02  -2.8539901e-02   1.6525846e-02   3.0931652e-01   5.9709653e-02   1.0201381e-01  -1.4315146e-01  -1.3212527e-01   6.7048801e-02   6.2893353e-02   2.7739712e-01  -1.5008756e-02   1.6337045e-01   3.5481284e-02  -1.2876236e-01  -7.4023034e-02  -1.4743261e-02  -1.0722830e-03  -1.8686425e-01  -3.2892533e-02   1.4128783e-01   2.0486851e-01  -1.3275649e-01   1.4219777e-01   1.8288685e-01   1.9088715e-03  -1.7697957e-02  -2.5241202e-01  -1.3840937e-01  -4.6821835e-02  -3.6191435e-01   1.4859764e-02   1.7787201e-01   1.7332830e-01  -1.5500627e-01  -2.8815630e-01  -3.9979221e-02   6.2710926e-02   4.7089857e-02   1.3332355e-01   5.6046161e-02  -1.7965509e-04   2.4775179e-02   3.5365284e-02  -7.2641846e-02
  -1.6753961e-01  -3.0394301e-02   6.5081139e-02   2.2298342e-01  -6.4761431e-02   1.8962397e-01  -1.3529400e-01  -2.4887355e-02  -2.9124650e-01   2.1077616e-01   9.7279179e-03  -6.0960842e-02   1.8539663e-01  -9.3003620e-02   6.0746387e-02   6.6970241e-02   3.2153180e-01   1.4219952e-01   9.1391660e-03  -2.8216379e-03  -2.3732317e-01   5.3030568e-02  -1.5690573e-01   4.3177218e-02  -6.0948077e-02  -4.5945210e-02   2.6970413e-02   2.6984400e-01  -1.4820654e-01   3.7148681e-02  -1.9428191e-01   1.1495542e-02  -2.6191597e-01  -1.0174506e-02   1.2530594e-01  -1.1370867e-01   1.1775404e-01  -1.5061050e-01   5.3567517e-02   2.3832603e-01  -9.3792287e-02   2.3861717e-02   1.3113425e-01  -1.2084755e-01   5.6999246e-02  -3.6705142e-02   2.7388453e-01   6.1274538e-02  -7.5681714e-02
  -1.2137624e-01  -2.8258791e-01  -5.1472958e-02   3.4869258e-02  -6.5827679e-02   2.0107094e-01  -6.3427975e-02   1.2331322e-01   5.5529940e-02  -7.0859385e-02  -1.0364402e-01   3.2768299e-01   1.6268146e-02   1.2918281e-01   7.0874170e-02   1.3183249e-01  -8.0142946e-02   5.8719187e-02   1.6911472e-01   2.8196149e-01   5.2710435e-03   9.3480954e-02  -7.2717665e-02  -1.4184833e-01   6.1145661e-02  -1.0119181e-01   1.9287109e-01  -8.8197751e-02  -2.4902047e-01   2.1465811e-01  -2.2882615e-01  -1.9277374e-01   5.8933718e-02   3.3484923e-02   6.5115024e-03   3.1813753e-02   5.6254767e-02   2.2809150e-01  -1.4291360e-01  -1.1285667e-01   5.0766708e-02   1.5204938e-01  -1.8909145e-01  -1.4422177e-01  -1.8837287e-01   2.1243146e-01   1.9425922e-02   5.5150735e-02  -5.4554121e-02
  -1.3173479e-01  -9.8835558e-02  -1.1888299e-01   2.3222629e-01   2.8655668e-01   8.6930080e-02   1.5053083e-01   6.4714968e-02   3.1052938e-02   9.2331942e-02   9.9860400e-02   5.4683832e-02  -3.6816891e-01  -7.6636422e-03   2.6478086e-02  -8.6031331e-02  -1.5081893e-01  -3.4126370e-02   2.5502214e-02   1.4794358e-01  -1.1168417e-01  -2.6018339e-01  -3.2115429e-01  -5.5890577e-02   6.7466930e-02  -1.9913619e-02   1.0167454e-01  -9.8236147e-03  -1.4534892e-01  -2.1580628e-01   1.2366511e-01   1.5797196e-01   6.8425080e-02  -4.3177712e-02  -1.1517450e-01   2.5375707e-01   6.9728312e-02   3.9296546e-02  -6.9984513e-02   1.2674595e-03  -5.0655709e-02  -1.1774657e-01   2.9902812e-01  -1.1815531e-01   6.2506648e-03  -1.7300064e-01   7.9402815e-02   1.0055683e-01   6.4967072e-02
  -1.5749075e-01  -2.5397716e-01   1.0244809e-01  -2.2732052e-01  -1.0568549e-01  -1.2810477e-01   6.8682054e-02   2.3478140e-01   3.0666400e-02  -1.5065854e-01   5.3492753e-02   1.3202233e-01   2.4102756e-01   1.0010691e-01   2.8329668e-01  -8.1131840e-02  -1.3223149e-01  -9.6645116e-02   4.9548447e-02   2.1351988e-01  -2.2958712e-02  -1.2763245e-01   1.7128315e-01  -7.2999235e-02   4.1088264e-02   1.1900968e-01   1.8113697e-01   2.5303302e-02   1.9638788e-01  -3.6748768e-02   1.8162038e-01  -8.9554314e-02  -2.2286238e-01   6.5118890e-02   1.3106021e-01  -6.1953637e-02   1.5699793e-02  -1.5905089e-01   1.1896334e-01   1.7143525e-01  -9.8634450e-02  -1.8734088e-01   1.8748935e-01  -4.6323513e-02   7.3137696e-02  -4.4529312e-02  -3.2382914e-02   2.4986067e-01   9.3228681e-02
  -1.5046176e-01   2.8804814e-02   4.7927264e-02  -1.7975479e-02   3.3596418e-03  -2.2392277e-03  -2.5214815e-02  -7.3610729e-02  -7.4917848e-02   5.6689375e-03   9.6949722e-02  -5.9224890e-02   8.9548644e-02   4.2421578e-01  -1.1952971e-03   1.9207045e-01  -1.8215702e-01   2.7696990e-01  -1.5672514e-01  -1.8467456e-01   3.9871598e-02   1.3818887e-01  -1.2828087e-01  -2.2576020e-01  -3.1827789e-01  -3.6473348e-02  -5.1903536e-02  -1.7726923e-01  -4.2561605e-02   3.1214310e-02  -6.7609452e-03  -1.6131322e-02   2.9896943e-02  -8.6073295e-02   7.9519018e-02   1.1460088e-02  -2.1699201e-02   9.2426484e-02   1.9423265e-01  -1.8047202e-01  -2.1202995e-01  -3.0576910e-01   2.4807597e-01   7.4257447e-02  -1.0486390e-01   6.6861538e-02  -1.0316095e-03  -3.7487443e-02  -1.0704806e-01
  -1.4099423e-01   8.7605014e-02   1.4041228e-02   1.7206487e-01  -6.9090068e-02   3.7573594e-02  -6.7786788e-02   5.4531633e-02   3.2039673e-01   2.0263247e-01   2.0358488e-01   1.2854834e-01   1.5460319e-01  -1.5344083e-01  -5.1331482e-02   1.0892212e-01  -1.8277767e-02  -6.9726333e-02   1.9719424e-02   1.8546349e-01  -1.0471785e-01   2.2090073e-01   7.5286962e-02   1.7486081e-01   6.9618950e-02  -5.4519935e-02  -2.4108844e-01  -2.7620341e-02  -5.7503459e-02   2.0682386e-02  -8.7744228e-02  -1.0580449e-01  -4.9257324e-03   2.4607781e-01  -2.4759793e-02   2.7027482e-01   6.2907508e-02   2.5209300e-02   9.9724719e-02   4.7497423e-02   7.6724196e-02  -2.4781867e-01   2.0079818e-01   1.5608247e-01   1.6325254e-01   1.6833066e-01  -1.9939238e-01  -1.8448350e-01   1.6775261e-01
  -1.5492940e-01  -9.0186126e-02   1.6419125e-01  -2.5739881e-01  -6.4575693e-02  -2.9947414e-01   8.3890612e-02  -7.9056489e-02   5.0941595e-02   6.4104002e-02   1.8007386e-01  -4.1850126e-03  -7.9068300e-02  -1.4390584e-01   2.1122987e-03  -3.6963896e-02   2.5698462e-01   3.0950908e-02   1.7604076e-02   1.1507155e-01  -7.2411719e-02  -3.7148104e-02  -3.3221825e-01  -3.0353572e-02   1.6975971e-01  -2.5178336e-01  -3.0982883e-02  -1.2329649e-01   2.4815295e-01  -7.1121135e-02  -1.9907081e-01   7.6191814e-02   1.5444316e-01  -8.7822378e-02   1.2347915e-01  -1.6916522e-02  -6.8244740e-02  -2.1970991e-02   8.1216578e-02  -8.3532401e-02  -1.1148838e-01   1.7968075e-01   1.0794081e-01  -7.2383176e-02   5.7446905e-02   2.1753412e-01  -1.7946484e-01   2.2573021e-02  -2.6525445e-01
  -1.5547383e-01   9.7084889e-03   2.5336335e-02   6.1892951e-02   6.8958864e-02  -3.2471183e-02   1.9681280e-01   7.8263434e-03   8.6313139e-02  -1.8350269e-01   1.7382699e-01   1.0214013e-01  -1.0074930e-01  -6.1026217e-02  -2.3077899e-01  -2.5482015e-01   1.3985765e-01   2.9708440e-01  -1.9012446e-01   1.1658939e-01   4.3651938e-02  -1.2829670e-01   8.0786765e-02  -3.3291222e-02  -9.0546695e-02  -6.9008534e-02  -2.0036878e-01   2.2440595e-01  -1.2548996e-01   1.9871525e-01   1.1317104e-01  -4.0860647e-01  -6.4625662e-02   1.2769714e-02  -5.7719209e-02   2.5954530e-02  -1.9960495e-01  -2.4437101e-01  -7.3812048e-02  -2.6069428e-02  -3.7204937e-02  -7.7744220e-02  -9.4856777e-02  -2.7113999e-02  -1.4360221e-01  -9.0957513e-02  -6.9710007e-02   2.1930295e-02  -1.5924427e-01
  -1.4019102e-01  -1.7797439e-01  -6.3143198e-02  -1.1857939e-01   2.2196348e-03   1.4989713e-01  -1.3315699e-01  -3.0949327e-01   5.8186371e-02  -7.5067117e-04  -3.8469231e-01  -1.1170260e-01  -6.1958124e-02   6.0981876e-02   3.3202285e-02  -1.6438390e-01  -1.6857156e-02   1.0435161e-01   1.6160284e-01  -1.6746078e-01   1.2181874e-01   3.9170571e-02   3.2233653e-02  -2.1787019e-02   3.2741236e-01  -1.5490610e-01   5.4152996e-02   1.3652227e-01   2.9381996e-02   6.8450187e-02  -1.0956519e-01  -9.1042462e-02   5.7019198e-02  -1.1332268e-01   2.7333246e-02   4.1073545e-04  -1.3307844e-01  -1.9056624e-01  -1.7258820e-01   3.3262691e-02   1.3980695e-01  -1.7874979e-01   3.4552720e-01   1.7514894e-01  -5.1479545e-02   2.4076037e-02  -9.6577571e-02  -5.3138769e-02   1.2069696e-01
  -1.4527535e-01   1.7417073e-01  -2.3651722e-01  -5.6128557e-03  -1.6765279e-02   2.0482835e-02   2.2360973e-01  -3.4445236e-03   2.4116286e-01  -2.9483682e-02  -2.0613206e-02  -6.8418317e-04  -4.7190098e-02   2.6526493e-02   6.3033263e-02  -1.9851313e-01  -7.0820719e-02  -3.0514406e-02   3.5182491e-02  -6.4947449e-02   2.2919162e-01   4.0296933e-02  -1.0047650e-01   4.4822003e-02  -8.1559913e-02   7.8904264e-02  -1.2915225e-02   3.1696777e-02  -1.1695793e-01   2.4858183e-01  -7.3702471e-02   3.0396982e-01  -7.6755106e-02   1.3141099e-01   1.9736015e-01  -2.5730968e-01   1.5975350e-01  -1.7632130e-01  -1.7476702e-01  -2.9651031e-02  -3.1844980e-01  -1.9259792e-03  -1.9208485e-02  -2.2871330e-01   1.4970373e-01   2.0616342e-01  -4.5755629e-02  -1.3032790e-01   1.2906857e-01
  -1.3337230e-01  -9.1034407e-02   2.0107884e-01   1.5309553e-01   1.9247505e-02  -1.0719819e-01  -3.6457619e-02   2.9821130e-01  -2.0389011e-01  -1.5862412e-02   4.1494968e-02  -3.8950054e-02   1.0742273e-01  -5.8663819e-02  -3.7649730e-02  -1.6351628e-01  -2.5108229e-02  -1.6106437e-02   2.1560703e-02  -8.4233026e-02   1.4550172e-01  -1.7514887e-01  -1.6399755e-01  -3.7283084e-03   7.1022611e-02   1.3400536e-01  -1.1184557e-02  -7.0111683e-02  -1.9768211e-01   4.8951199e-03  -4.7218187e-02   1.3197178e-01  -2.5159655e-01  -3.6166994e-02   3.4290261e-01  -2.9441967e-02  -1.6411324e-01   8.5532404e-02  -8.5289447e-02  -3.0735983e-01   3.4505925e-01  -4.7468909e-02  -4.1253054e-02   1.9065779e-01   8.0514584e-02  -3.2364462e-02  -1.2223336e-01  -2.1083559e-01   1.9794447e-02
  -1.3952610e-01   5.3230889e-03   6.3461849e-02   1.4197792e-01  -3.1319604e-01  -4.8231817e-02   8.5424058e-04   9.2511823e-02   1.2623759e-01   1.1040300e-01  -2.3938101e-01  -9.9923683e-02  -2.8131124e-02   6.3712278e-02  -1.3549158e-01  -2.2313706e-01   2.3151828e-01  -3.7618883e-01   7.0217192e-02  -1.3873707e-01  -1.4030465e-01  -2.2174281e-01  -7.0944285e-02   1.1393110e-01  -2.1088846e-01  -2.2739606e-01   1.4935994e-01  -2.0624080e-01   1.8633238e-02   8.7344153e-02   8.9599126e-02  -1.6762707e-01   5.8437638e-02  -2.1595037e-02  -2.4067787e-02  -4.0959650e-02   8.2488577e-02   9.4606668e-02   9.9922977e-02   3.0453428e-03  -9.6500979e-02  -2.2597571e-01  -9.0345739e-02  -3.1286817e-02  -2.2927652e-01  -5.9945500e-02   3.0524973e-03  -6.9829818e-02   7.1989798e-02
