  -1.3036318e-01   5.4729695e-02  -7.2011353e-02   1.1776274e-01   1.3752734e-01  -7.9390030e-02   9.3283035e-02   3.0925778e-01  -2.3947941e-01   1.1469581e-01   2.5455228e-01  -9.4935942e-02   1.3504750e-01   7.9947483e-02   1.0815042e-01  -3.2621621e-02  -4.8439674e-02   1.8217524e-01   3.1278920e-01  -1.3668477e-01   8.3124157e-02   1.6338677e-02   2.9354347e-02  -2.2945871e-02   5.8108593e-02  -9.4632705e-02  -4.7016244e-02  -1.3304958e-01  -7.9476203e-02  -4.7995475e-02  -2.4308510e-02   7.2292488e-03   1.3856866e-03  -6.0768923e-02  -1.7428394e-01   4.5246746e-01   6.1625527e-02  -1.8598127e-01   9.9353464e-02   4.0584051e-02  -2.1444086e-01   5.4101014e-02   6.0894788e-02  -5.8080707e-02   1.4732627e-01   1.3712638e-01   6.3842047e-02   2.3153797e-01   6.8386503e-02
  -1.2865442e-01   2.8204735e-01  -3.6638556e-03  -1.1627891e-03   4.4951309e-02  -4.5391221e-03   1.1746095e-02  -1.8743623e-01  -2.0673653e-01  -1.4069466e-03  -1.5570288e-03  -6.0071759e-02   1.3237680e-02  -6.0954124e-02  -2.0508490e-01  -2.2818002e-01   9.2282392e-02   1.1667506e-02   1.5314504e-01   2.3007260e-01  -1.9488650e-02  -1.2478730e-01  -2.6463824e-02   1.8279061e-01   2.7812857e-02  -3.5287366e-02   3.1391829e-03  -2.8328856e-02   3.6168207e-02   2.2628033e-01   1.9711590e-01   1.1402599e-01  -2.7197517e-01  -5.8234214e-02  -1.0556634e-01  -1.3160162e-01  -8.3282928e-02  -1.7380034e-01  -1.0991665e-01  -1.8390102e-01  -4.3568916e-02  -8.6411758e-02   2.6918711e-01  -1.1948509e-01   7.7225043e-02  -1.6342517e-01  -1.2331283e-01  -8.9051491e-02   3.7298687e-01
  -1.3527315e-01   1.5405433e-01  -2.4693256e-02  -1.9120767e-01  -1.9978169e-01   1.0974533e-01   1.0799951e-01  -4.6059485e-02  -1.1888885e-01  -5.8725773e-02   1.1873493e-01   1.9650227e-01  -1.2940242e-02   8.8197105e-02   3.7698348e-02   1.9150001e-01  -5.9078992e-02   1.1613569e-01  -1.9550906e-01   1.0193901e-01   2.4564830e-01  -1.6280532e-01   5.4323894e-02   1.4586071e-01   6.7438318e-02   3.5923015e-02  -3.1123901e-01  -1.5849041e-01   2.4904637e-01  -2.5726031e-01  -7.5585548e-02  -7.9817035e-03  -6.7403242e-02  -6.4711564e-02  -3.6538989e-02   3.9468560e-02   7.0592671e-02   2.3389870e-01   2.1108755e-01  -2.1618346e-01   5.0189028e-02  -2.9224986e-01   4.4934520e-02  -6.9123721e-02  -9.3158589e-02   1.0228812e-03   1.5101168e-01   9.9959345e-02   3.7839557e-02
  -1.4379327e-01  -1.8552893e-01   3.8796461e-02   1.4090947e-01   8.8511050e-02   1.4096151e-01   2.7044495e-01   2.5929790e-02   1.0702303e-01   2.0076482e-01   5.5400369e-02  -1.7066970e-01  -1.8039831e-01   5.5792280e-02   5.8834930e-02  -2.0316768e-02  -1.1099137e-01  -2.4419970e-02  -2.1691684e-02   1.8081213e-01   7.6321133e-02  -2.6216332e-01  -3.4782924e-02  -1.1839665e-01   1.6392839e-01   7.1056681e-02   3.6587357e-02   2.1552991e-01   2.1010605e-01   5.2589250e-02  -1.4628728e-01  -3.3242925e-01  -1.4542333e-01  -8.3640223e-04  -1.3595704e-01  -4.6595117e-02   2.2306237e-01   2.3570932e-02  -1.6522420e-01   1.3200386e-01  -2.3944879e-01  -8.5154390e-02   2.2311962e-02   6.3438852e-02   1.1941812e-01  -2.1206151e-01   1.0917678e-01  -1.5466520e-01  -5.5865321e-02
  -1.5467459e-01   4.1872952e-02  -1.3977471e-01   5.5562156e-03   2.0998899e-01   1.6815141e-01   3.8783290e-02   1.9924199e-01  -1.2561834e-01  -1.4193933e-01   6.6942805e-02  -6.0197630e-02  -1.2437676e-01  -4.8727996e-03   4.5097437e-02  -2.1788064e-01  -2.0739430e-01   4.3943191e-01  -2.6368033e-02  -6.3737374e-02  -1.9167371e-01   4.9594035e-02   2.6259177e-02   2.1008617e-01  -1.2343536e-01   1.1119141e-01   1.3975340e-01  -1.0506828e-01  -5.5455231e-03   3.8147055e-02  -7.4959397e-02  -6.9254171e-02  -1.2236639e-01   2.3164737e-02   3.6557298e-02  -2.1409352e-01  -2.2893064e-01   3.7784177e-02   1.4663186e-01   1.8003887e-01   2.4954310e-01  -1.1547890e-01  -1.2354174e-01  -1.6155517e-02   5.7237626e-02  -4.9734995e-03   1.3971446e-01  -1.8812020e-01  -1.3194986e-01
  -1.4429639e-01   2.5605688e-01   9.6487270e-02  -2.6850038e-01   4.1170326e-02  -1.2431787e-01   5.2538484e-02  -7.7701979e-02   2.0003075e-01   1.3980791e-01   1.2261756e-01   6.9643144e-03   2.0076318e-01   4.6265340e-02   3.6691269e-01   6.7014586e-02  -8.4955311e-02  -2.3502157e-02   3.4240129e-02   5.3777990e-02  -5.1540774e-02  -5.6177424e-02  -2.2416793e-01   2.4803979e-02  -1.1774854e-01   8.0550140e-02  -1.2262881e-02  -8.7037926e-02  -2.9747477e-02   1.0095436e-01  -3.2799756e-02   2.5834346e-01   1.8953048e-01  -2.3843373e-01  -1.2914491e-01  -2.2496816e-01   2.8872678e-01  -2.0359074e-01  -7.3306552e-02   1.4492856e-01   1.3642740e-01   2.6387791e-02  -9.1100549e-02  -5.1697140e-02   8.9793089e-02  -7.0800350e-02   1.1284815e-01  -5.0905020e-02  -6.8109425e-02
  -1.4801921e-01   9.7726434e-02   9.8340755e-02   2.7184605e-01   2.9963467e-01  -2.0686045e-01   1.8427111e-02  -4.0368676e-02  -2.0436697e-02  -2.3826873e-01   6.9388978e-02   1.1397259e-01  -4.0729095e-02  -3.8387071e-01   3.6394480e-02  -1.8580145e-02  -2.4821486e-02  -1.0542832e-04   1.0581489e-01   1.4584330e-01  -2.2577475e-02   3.0513804e-02  -1.3652916e-02   6.3081543e-02   1.9552315e-01  -2.2906051e-02  -1.8913066e-01  -1.9882553e-02   6.0935803e-02   3.4948096e-02  -3.8934151e-02  -1.1195524e-01   1.1483107e-01  -6.1087696e-02   1.8412910e-01   3.0208879e-03   1.3203450e-01   6.3899703e-02   2.8918856e-02  -2.2562663e-01   1.3005919e-01   2.5531497e-01   1.2670736e-01  -2.6387548e-02  -4.9702116e-02  -1.8143934e-01   8.5830187e-03   8.0979334e-02  -3.5663623e-01
  -1.1741791e-01   5.1511508e-02   4.1157675e-02   7.5609091e-02  -1.1796939e-01   1.5426834e-01  -1.0810294e-01   1.5790598e-01   8.3261379e-03   2.8182135e-02   1.3566457e-01   6.3721326e-03   4.4197789e-02  -2.8531906e-02   4.5800359e-02   2.7024261e-01   1.7379824e-02   1.5841460e-01  -9.8608033e-02   3.2945593e-01   3.1417984e-02   1.9245736e-01   1.3652513e-01   5.6911948e-02  -4.4637560e-03  -2.0989648e-01  -1.4709037e-01   1.0676476e-01  -1.9652825e-01  -2.0650088e-01  -1.0348804e-01   1.7103700e-01   1.2473620e-01  -1.8495785e-02   1.6993098e-01  -2.2482560e-02  -2.1729562e-01  -2.2328364e-01  -1.2088405e-01   5.3386656e-02  -2.3723231e-01   9.7448195e-03   1.0535347e-01   1.8131504e-01   4.3316021e-02  -1.6272341e-01  -5.9417897e-02  -3.3100037e-01  -3.2948554e-02
  -1.3627994e-01  -3.9911188e-02   2.0197674e-02  -2.2469992e-02  -1.9490598e-01  -9.5695278e-02  -8.3393644e-02  -2.4685643e-01   1.5300990e-01   2.4194404e-02   1.7764771e-01  -3.2932722e-02   6.6380230e-02   1.4548014e-02   1.4955318e-01  -1.4442751e-01   7.7067559e-02   2.2236303e-01  -2.3224861e-02  -6.3959644e-02  -4.6267086e-01   2.3329532e-01  -4.2037779e-02   4.8815005e-02   9.8710637e-02   1.3572905e-01  -6.9133543e-02   1.6474919e-01   1.4846623e-01  -1.0630752e-01  -7.5147596e-02   1.3680948e-02  -3.0973415e-01   9.5310622e-02   6.9899389e-02   2.1248830e-01   2.0417049e-01  -5.2006660e-02  -4.7228293e-02  -1.6549441e-01  -4.7142790e-02  -8.8086410e-02  -9.4698835e-03   1.1787612e-01  -3.3260088e-02   1.8091694e-01  -1.8319383e-01  -6.7675295e-02  -4.9685134e-02
  -1.4902403e-01   1.1322737e-01  -6.6484294e-03   7.7673157e-02   6.0900477e-02  -1.4074589e-02  -3.5661774e-01   5.5159421e-02   5.4827695e-02  -2.9766811e-02   8.1110108e-02   7.9057806e-02   2.1982006e-01   6.0946772e-02   1.2096593e-01   3.9018342e-02   1.7795996e-01  -1.4911203e-01   6.1119130e-02  -3.4969575e-02  -6.3926859e-02  -1.6074034e-01  -2.9572837e-01   5.0645984e-02   2.0148294e-01  -1.4423107e-01   4.9270291e-02   5.9648013e-02   1.3454095e-01   2.0284229e-01   4.3972216e-03   3.5595156e-02  -3.0527528e-02   1.8129461e-01  -9.1794698e-02   1.9547762e-01  -3.0348798e-01   2.5451980e-01  -1.7791835e-02   6.3344633e-02  -4.7597732e-02  -8.2146058e-02  -1.6620455e-01   9.1325175e-02  -1.6083887e-01  -1.1701157e-01   2.9149613e-01  -1.4817123e-01   4.3072769e-03
  -1.5319542e-01   2.0074343e-01   1.5776009e-01   1.5358427e-01  -1.6477825e-01  -1.7892649e-01   1.9071309e-01  -1.6603493e-01  -1.0093014e-01   2.6930575e-02  -2.4708775e-01  -7.4380905e-02  -3.7885832e-02   9.0914104e-02  -1.1345133e-01  -3.0255571e-02  -1.6541177e-01  -5.1782168e-02  -2.1310928e-01   3.3969729e-03  -1.0541894e-01  -1.2885216e-01  -5.8266135e-02  -1.3998641e-01   1.9924977e-01  -1.0182433e-01  -9.4738523e-02  -1.4919715e-01   6.5097633e-02  -7.4232704e-02   1.2674067e-01   1.1710082e-01  -1.2357405e-01  -1.3331236e-01   1.8358219e-01   2.1735842e-01  -1.3406013e-01  -3.1092947e-02   1.6136940e-01   4.5515551e-01   6.0800271e-02   1.1923597e-01  -9.0647914e-02   1.3975031e-02   6.8069541e-02   9.7106963e-03  -1.0007189e-01  -6.5530283e-02  -7.1863699e-02
  -1.1835809e-01  -6.0318826e-03  -2.8513849e-01   3.3797857e-02  -8.9768276e-03  -1.0085682e-01   4.2476092e-02   1.5404782e-01   2.0135298e-01  -8.5095473e-02  -1.4395653e-01  -7.0145540e-02   9.7980678e-02  -2.6499947e-02   1.4202717e-01   8.7826129e-02   8.4664250e-02  -8.1372886e-02   1.0749677e-01  -8.9116880e-02   2.9837696e-01  -5.4568864e-03   8.1751824e-03   2.9590094e-01   9.4816218e-02  -1.9461392e-02  -4.2919395e-02  -2.3440235e-01  -3.8373264e-03  -8.1792012e-02   2.7157771e-01  -1.0422926e-01  -1.3606977e-01   3.3315688e-01   1.3128658e-01  -4.8415335e-02   2.2300146e-01  -6.8649623e-02  -4.1480110e-02   9.5268222e-02   9.8008480e-02  -7.8472007e-02  -1.2071931e-01   1.9238891e-01   1.1650546e-01  -5.7698810e-02  -2.7376624e-01  -1.1838190e-01   3.3384630e-02
  -1.6321350e-01  -1.1077021e-01  -1.9058607e-01   1.6981804e-01   3.6964230e-02   6.3963951e-02   1.7023250e-01  -1.0872526e-01  -1.3285656e-01   2.2148269e-01   1.0313485e-01   2.4230392e-02   7.1634966e-02   1.2500106e-01  -1.4087924e-01  -1.0407177e-02   3.1586822e-01   6.2062338e-02  -2.6117210e-01  -2.6484853e-01   1.6952483e-01   1.4735473e-01  -2.2410168e-01   1.6209294e-01  -3.2530776e-02  -2.2944893e-01   3.1355917e-02   1.1291202e-01   7.0919111e-02   2.2909457e-01  -1.2513434e-01  -2.4066853e-02   6.7544984e-02  -2.1620660e-01   1.8843100e-01  -1.2913218e-01   9.3981221e-02  -1.5737568e-01   1.7359924e-01  -3.7397697e-02   1.7684403e-02   4.6556401e-02  -5.0260903e-02   8.0419204e-02  -1.8687043e-01  -3.9889576e-02  -4.9977531e-02   4.1577520e-02  -8.8354634e-03
  -1.5393410e-01   2.0783736e-01   4.4003640e-02  -5.7848454e-02  -8.0639066e-02   2.4092472e-02  -2.3133459e-01   3.6600785e-02   7.6165229e-02  -2.4640148e-02   5.3306286e-02   4.7575592e-02  -9.3986389e-02   9.3933004e-02   7.3449192e-02  -3.6315393e-01  -7.1590914e-02  -1.9314463e-01  -1.8368590e-01  -1.9456975e-01   1.5281573e-01  -5.1574317e-02   3.1277027e-01   2.2969914e-01   1.1090501e-01  -4.4857551e-02   1.2318272e-02   2.6215619e-01  -2.1920898e-01  -1.0919455e-01  -1.6742115e-02  -1.2160662e-01  -3.9675958e-02  -9.8469680e-02  -1.6141740e-01   2.2259964e-02   9.7914764e-03  -1.0846323e-01  -1.3491155e-01   1.6987426e-01   1.0127839e-01   9.2361242e-03   1.8926678e-01   1.1818614e-01  -1.7852433e-01  -5.1169741e-02   1.8679950e-02   2.0585001e-01  -1.2843021e-01
  -1.4389451e-01   1.3572206e-01  -1.9703646e-01  -1.7038616e-01   1.4769514e-01  -9.6806252e-02   5.1567052e-02  -1.4947249e-01  -1.0822290e-01  -1.6446485e-01  -7.8464735e-02   1.1110501e-01  -3.5063679e-01   1.6647140e-01   7.0124346e-03   1.0086429e-01   2.4334283e-01   1.4299202e-02  -1.3812060e-01   1.1621686e-01  -1.2149039e-01   7.3556439e-03  -3.6199792e-02   1.4760495e-01  -5.5424356e-02   1.1533898e-01   1.2452348e-01   2.8572152e-02   7.4657668e-02   2.2654537e-02  -4.7712371e-02   4.9742266e-02   2.1976642e-01   2.3919204e-01   1.4604584e-01   8.3301604e-02   1.0228548e-02  -1.2498972e-02  -1.8450321e-01   1.4256452e-01  -2.1551260e-01   7.9501676e-02   8.8817471e-02   1.0936721e-01   2.6366439e-01   9.1748125e-02   1.7684112e-01   2.7336425e-01   1.6714979e-02
  -1.4163351e-01  -2.2968884e-01   2.1170517e-02   1.4821923e-01   3.8816215e-02  -1.3435443e-01  -1.4775439e-01  -4.0404913e-02   2.3458703e-01  -2.0880619e-02   7.8470203e-02  -3.2980884e-02  -1.7486279e-02   1.4404003e-01   1.0406743e-01  -7.0552813e-02   9.9205521e-02  -4.0624885e-02  -2.5454668e-01   1.8132783e-01   2.0344881e-02  -3.9141781e-02  -1.7294197e-01   1.0219025e-01  -2.0741768e-01   1.9005312e-01   1.4128451e-01  -3.5583452e-01  -3.1807954e-01  -9.8205612e-02  -1.0880263e-01  -9.8770003e-02  -1.2029261e-01  -1.5501062e-01  -3.4440773e-02   1.1340691e-01  -8.5253515e-02   1.7627966e-01   1.4120748e-01  -3.2858235e-02  -1.3005803e-01   8.7349454e-02   1.4006511e-01  -1.8005085e-01   2.8315228e-02  -1.8364682e-01  -1.4129311e-01   5.7883027e-02   7.9001989e-02
  -1.3737015e-01  -2.9951894e-01   4.6589404e-03   1.7170421e-01  -1.1049781e-01  -1.3400650e-01  -1.9452634e-02  -3.1011738e-02   9.8119519e-02  -2.7390238e-01  -1.8930207e-01   1.7926902e-02  -1.1083693e-01   2.3283806e-01   6.7126672e-02   1.8069331e-01  -2.8455255e-01   3.9607933e-02   1.8550008e-01  -8.2591784e-02  -1.8500013e-01   1.1600701e-02   2.7409385e-02   1.6013254e-01  -3.8578619e-02  -2.8895375e-01   1.1582457e-02  -5.7246074e-02   1.2582695e-01   8.6666255e-02   4.8300507e-03   2.3543405e-02   1.4185014e-01  -1.5762510e-01  -1.2906103e-01  -5.9791172e-02   9.7463869e-02   6.9321509e-03  -6.9315258e-03   2.3325750e-03   6.6249014e-02  -2.0874127e-03   3.1769505e-01   1.5656214e-01  -1.5107161e-01   6.4506286e-02   1.2723689e-01  -5.3882360e-02   2.4165108e-01
  -1.6363619e-01   5.7084100e-02  -1.1303766e-01   2.4262631e-02  -1.1497455e-01  -2.1199157e-01  -6.9460836e-02   2.8623071e-01  -5.3225557e-02   1.9901031e-02  -1.4499278e-01   2.8728216e-01  -4.3434428e-02   2.0392311e-01  -3.9559497e-02  -2.8803234e-01  -9.7037216e-02   1.7722642e-01  -6.0373575e-02  -4.7651748e-02   1.3693146e-02   3.0766588e-02  -1.8938082e-01  -2.6002403e-01   2.6199619e-01   8.0628729e-03  -2.0162628e-02   5.7024213e-02  -3.7934652e-02  -1.4714224e-01  -7.9318647e-02  -4.8310301e-02   2.4707646e-01   4.1033886e-02   3.9070217e-02  -1.7422754e-01   5.9697153e-02   6.4258994e-02  -2.0718649e-01  -1.8085184e-01  -2.5096769e-02   5.4006423e-02  -1.3588051e-01  -2.0593050e-01   3.0026481e-02  -5.3332835e-02  -1.4424808e-01  -9.3296629e-02   2.1414241e-01
  -1.3914089e-01  -1.5200717e-01   2.1035088e-01  -1.0188317e-01  -9.9144085e-02  -4.3106415e-02  -5.8678350e-02   5.1210932e-02   2.5103833e-01   6.5445065e-02  -1.3257886e-02  -2.0392802e-01  -3.6184641e-02  -2.1303831e-01  -1.5023244e-01  -2.7581553e-01  -2.1774311e-02   1.0573422e-01   4.2008377e-03   2.0286027e-01   1.8702799e-01   1.4869599e-01   1.1411006e-01  -7.5953751e-03   1.2876777e-01  -1.2974580e-01   2.0575244e-01  -1.2340179e-01   1.1055935e-01   1.4939155e-01  -1.2897831e-01   1.9546764e-01   1.8487677e-01  -4.9299798e-03   2.0807083e-01   1.4758871e-01   3.8251807e-02   3.2573530e-02   2.2658292e-02  -1.9867600e-02   1.1590863e-01  -2.8440285e-01  -1.2561028e-01   1.1146633e-01   9.9322833e-02  -5.7620868e-02   1.2386357e-01   2.3233461e-01   1.4018936e-01
  -1.2812680e-01  -1.4652807e-01   1.2467230e-01   6.5566391e-02   6.3389692e-02  -1.4670325e-01   2.1540526e-01  -1.1490635e-01  -5.9407440e-02  -1.7186459e-01   8.7967535e-02   1.5942767e-01   2.4096713e-01  -1.1613474e-01  -1.0987137e-01  -1.5197879e-01  -2.9738547e-02  -8.3585488e-02  -1.7979546e-01   4.8626472e-02  -3.6018193e-02   1.0064365e-01   1.0150197e-01   5.7468808e-02  -2.3307924e-01  -4.5495162e-02   2.8279152e-03   2.3979417e-01   6.5076405e-03  -1.7909889e-01   1.0949603e-01   3.0936011e-02   1.6426487e-01   3.5109615e-01  -3.0607041e-01   4.5686216e-02   1.0011303e-01  -7.1931805e-02   2.6556682e-01   9.8999899e-02  -2.9031684e-02   1.2674579e-02  -1.5838809e-01  -6.9595905e-02   4.0421522e-02  -1.7691261e-01   1.0280864e-01  -9.9607895e-02   1.7810613e-01
  -1.6516240e-01  -3.3470519e-02   1.7665602e-01   2.4395219e-02  -1.3822557e-01  -1.3997430e-03  -1.4974995e-01   5.9455583e-02   1.4059583e-01   3.5480007e-02   7.4314917e-02   1.3923993e-01  -4.3361897e-01  -1.9802781e-01   1.9739351e-02   1.5377733e-01   1.0831166e-01   1.6833520e-01   2.6222080e-02  -1.5734741e-01   9.5272301e-02  -2.3716370e-01  -4.1779439e-02  -5.4396912e-02  -2.0902432e-01  -4.0947343e-02   2.9112693e-02   1.0109846e-01   1.7593010e-02  -7.4591028e-02   2.1669025e-01  -1.7686733e-02  -1.9156643e-01  -7.5621437e-02   1.5750410e-02   7.7168115e-02  -2.3331007e-02  -2.2680619e-01   1.9704936e-02  -1.4716964e-01   1.1815124e-01   2.7754087e-01  -2.7758119e-01   1.5484070e-02   6.2840032e-02  -2.3617062e-02   1.5575742e-01  -2.2487437e-03   1.8081375e-01
  -1.3913407e-01   2.3715845e-02   2.1942305e-01  -4.2961809e-02  -3.6034885e-02   1.4060620e-01   4.2375918e-02   9.0495585e-02   5.1149532e-02   4.3852329e-02   6.8408430e-02   8.4386693e-02   5.7933947e-02  -2.6385856e-02  -1.9056878e-01  -1.5120785e-01   3.3832380e-01  -9.1584644e-02   1.2789328e-01  -1.3010244e-01  -1.9097751e-01  -1.1114294e-01  -5.7523529e-02  -1.9533420e-01   2.7962449e-02   6.0047804e-02  -1.7104866e-01  -2.0478833e-01  -2.0675779e-01  -1.1058601e-01   3.2323879e-02  -1.9552720e-01   1.2400403e-01   2.0864609e-02   6.9716842e-02  -1.8291212e-01   8.7495193e-02   5.1570611e-02   1.8664259e-01   4.8990450e-02   6.0724343e-02  -6.4755856e-02   2.7262240e-01   3.4263197e-01   1.7325554e-01   1.4631874e-01   1.7357941e-01  -1.2539423e-01   6.8108124e-02
  -1.3917200e-01  -1.5048223e-01   2.6938139e-01   7.6234309e-02   1.9931828e-01   2.1974105e-01  -1.5615569e-01  -8.5560332e-02  -6.9320820e-02   8.6421088e-02   6.8099457e-02  -2.5718943e-01   7.0190232e-02   1.0492914e-01  -1.9378531e-01   6.0339668e-02  -8.6918539e-02  -6.7345203e-03  -1.1004859e-01  -2.0953158e-01   4.9644518e-02  -5.4106920e-02  -4.4202904e-02   1.5775199e-01   1.0699328e-01  -5.9846347e-02  -7.3332994e-02  -1.2623247e-01   8.8023993e-03  -2.1722005e-01  -4.0595371e-02   2.9109680e-01  -5.5539544e-02   2.6811951e-01   5.0840241e-02  -1.3733690e-01   1.5229705e-01   8.5650213e-02  -2.7972518e-01  -2.8921862e-02   4.5909832e-02   2.0900376e-01   4.3436820e-02  -2.5673614e-01   5.1706813e-02   1.4308216e-01   1.0428217e-01  -5.0662038e-03  -1.4034872e-02
  -1.5062190e-01   2.0049660e-01  -7.6523292e-02  -1.8261072e-02   7.7082113e-03   4.2097888e-01   8.4043745e-02   1.0696113e-01   8.2887858e-02  -4.1561166e-02  -3.9826328e-02   7.7032134e-02  -2.1229940e-02  -2.4912814e-01   1.5014247e-04  -8.2205292e-02  -3.2293734e-01  -1.0948910e-01  -1.4770080e-01  -7.1859526e-02  -1.2527045e-01   1.2101425e-01  -2.9980535e-01  -1.1732109e-01  -2.5536813e-01  -1.9533345e-01   8.2562293e-02  -8.4691490e-02  -2.7396455e-02   1.0462510e-02   2.4792831e-01  -8.3860626e-04  -3.1791715e-03   2.8852814e-02   7.1140054e-02   1.1275531e-01   1.4902036e-01   1.3291530e-01  -9.8180345e-02  -5.5887006e-02  -2.5612136e-01  -4.9323056e-02   6.7214645e-02   6.5493080e-02  -1.3696364e-01  -1.6931885e-02  -7.0503782e-02   1.4391749e-01   1.6028229e-04
  -1.3514668e-01   2.1439902e-02  -2.5454573e-01   1.8486846e-01  -2.1421773e-01   9.5548016e-02  -2.5571816e-01  -3.1929619e-02   2.3033152e-02   2.3594964e-01  -9.6364025e-02  -5.6737266e-02   4.4203536e-02  -1.3707633e-01   1.7341622e-01   4.3144100e-02   4.3921026e-02  -7.0909202e-02   3.6126974e-02   7.8521266e-02  -1.8636863e-01  -6.3889159e-02   1.4791925e-01  -1.2608928e-01   7.2136756e-02  -1.2026474e-01   1.7518574e-01  -4.3201962e-02   1.9576314e-01  -1.3396953e-01   1.9271412e-02  -2.7599589e-02   4.3748311e-02   1.6985206e-01  -6.3057968e-03  -3.0533076e-01  -1.9049858e-02  -1.7206556e-01   3.3288936e-01   2.9584516e-02  -5.5862589e-02   1.4581287e-02   1.3627400e-01  -2.7709971e-01   7.2626542e-02  -9.3086589e-03   6.4516694e-02   2.3859206e-01  -8.9508204e-02
  -1.4388639e-01  -7.9020574e-02   1.7510593e-01   2.2845037e-01  -3.5076962e-03   1.3388771e-01   2.1271012e-02  -1.9473261e-01  -3.7568336e-02  -1.1556300e-01  -8.3767146e-02   1.5401624e-01   3.3122206e-02   4.2372248e-02   6.8929049e-02  -1.0192899e-01  -5.0660488e-02  -1.2869386e-01   3.0117076e-01  -1.2651417e-01   1.4657184e-01   7.3634035e-02  -2.7360767e-02   4.0390836e-02  -3.5414164e-02   4.2971758e-01  -5.5000501e-03  -1.1330747e-01   1.2229103e-01  -1.4639838e-01  -3.5778047e-03   3.9602996e-02   8.7835144e-02  -8.4897072e-02   1.5557739e-01  -1.0663388e-01  -2.0528565e-01  -2.7771992e-01  -8.0127863e-02   3.5430106e-02  -2.8728280e-01  -1.9545903e-01  -1.7763422e-01   1.9348882e-02  -2.0336372e-01  -1.7652554e-03   3.8673132e-02   7.3026383e-02  -1.3534467e-02
  -1.2873095e-01   6.1319631e-02   1.5527956e-01  -1.2988039e-01   2.7398355e-02  -2.0523179e-01  -1.2895012e-01   2.1793231e-01  -1.3893966e-01   1.2914874e-01  -4.2131654e-02  -9.8129192e-02  -6.3281989e-02  -1.3630013e-02  -2.2626239e-01   1.2507093e-01   2.1765875e-02  -2.6163494e-01   1.6770362e-01   4.0529445e-02  -2.1938697e-01   2.0507615e-01   7.8546739e-03   2.9639114e-01  -1.3010373e-01  -1.2514908e-01  -3.4193083e-02   5.7850030e-02   1.0806870e-01  -1.7345440e-01  -3.6280415e-02  -1.9372053e-01  -7.8419617e-02  -2.6089601e-01  -3.1846890e-02  -1.8491641e-01   4.5158918e-02   2.0952739e-01   1.3408523e-02   4.9513978e-02  -1.7695284e-01  -7.0460774e-02  -3.0818128e-01  -1.9546088e-02   9.8222043e-02  -1.4932341e-02  -9.8820903e-02   9.5666942e-02  -1.8812367e-02
  -1.3400733e-01   1.0565707e-01   1.5522956e-01  -6.7775713e-02   1.9673492e-01  -1.3323996e-01  -9.1993819e-02   5.3656051e-02   2.3080228e-02   1.0108423e-02   9.2042918e-02   2.1909298e-01  -9.3117379e-02   2.9549311e-02  -4.4594953e-02   1.7415049e-01  -1.7127262e-01  -2.0374986e-01  -6.5582872e-02   4.2387370e-02   1.5662092e-01   2.5381144e-01  -4.6160934e-02  -2.5503297e-01  -7.6093970e-02  -6.2181801e-02   1.0959414e-02  -1.1293618e-01   8.6385325e-02   1.7078456e-01  -3.6093980e-01  -1.4773725e-01  -2.9990961e-01   2.6858042e-01  -7.7053892e-03  -6.6611446e-02  -5.4711795e-02  -2.3942884e-01   5.5879026e-02   8.1410708e-02   1.2936885e-01  -7.1031892e-02   1.1781322e-01  -7.5076106e-03  -5.9173061e-02   1.8864334e-01  -9.6555480e-02  -3.7354831e-03   1.0146601e-01
  -1.5067808e-01   1.7377326e-01  -6.2684025e-02  -1.6450220e-01   1.7102023e-01   9.2928691e-02  -1.8300917e-03  -2.9780588e-01   8.1824586e-02  -2.0889550e-01  -1.2460705e-01  -1.8054552e-01   6.1278906e-02  -1.5878760e-02   2.7609462e-02   7.6431211e-02   1.8292876e-01   2.0326831e-01   5.1956154e-02  -1.4369158e-01   1.2958797e-01   2.5615945e-01   2.0596610e-01  -3.1397387e-01   1.3106834e-01  -1.2845101e-01   1.5257825e-01  -1.5998513e-01   4.2683196e-02  -1.6782840e-01  -5.9819534e-02  -1.0245584e-01  -6.7339472e-02  -1.4830402e-01  -2.6162813e-01  -8.1701941e-02  -1.6648517e-02   1.3919367e-01  -1.8314488e-02   8.6776450e-04  -1.1961564e-01   1.9559863e-01  -1.1563647e-01   9.7387549e-02  -6.9696125e-02  -1.4358496e-01   4.9955022e-03  -3.5070963e-02   9.2275759e-02
  -1.4266142e-01  -6.3895809e-02  -1.6827133e-01   1.0270149e-01   2.4760540e-01   3.0371556e-02  -2.0353381e-01  -5.2330508e-02   1.3914550e-01   4.0214852e-01  -4.3413372e-02   2.0003689e-01   1.2811738e-01   4.3324152e-02  -1.9930218e-01   8.4639810e-02  -1.0343288e-01   1.9038252e-01   1.4834094e-02   8.0086273e-02  -2.3336818e-02   4.5932548e-02   1.8770256e-01  -8.7166371e-02  -1.5226864e-01   2.5374102e-01  -2.7900941e-01   4.3111011e-02   1.5513828e-01   7.4050899e-02   1.8818454e-01   5.1668472e-02   6.7964056e-02  -4.6310383e-02  -7.6046688e-02   5.0460740e-02  -4.9679793e-02   1.7169791e-01  -8.7478439e-02   1.6875585e-01   1.4790658e-01   7.3099955e-02   4.5182057e-02   1.8919451e-01  -2.0050665e-02  -8.3908689e-02  -1.1433666e-01   1.7071632e-01   1.0142137e-01
  -1.2896525e-01  -8.2193196e-02  -4.4944858e-02  -1.7932911e-01   2.3521718e-01   3.1093474e-02  -2.4310608e-01  -1.2125380e-01  -1.2137534e-02   3.4599092e-02  -1.8646551e-01  -2.3307239e-01  -1.9752571e-01   2.0619424e-01   1.0333041e-01  -1.7093150e-01  -9.2649001e-02  -1.3952165e-01  -7.8019245e-02  -1.6273935e-02   6.6230687e-02   6.5413599e-02   4.3740036e-02  -9.5335003e-02  -8.2404088e-02  -6.8862564e-02  -3.4009809e-01   1.5700110e-02   7.9669907e-03   1.3932676e-01   1.8720865e-01  -6.1738431e-02   1.7618839e-01  -1.2815631e-02   4.6377386e-03   1.3793748e-01  -2.9206224e-02  -1.4880299e-01   2.4518236e-01  -2.7964370e-01  -1.0103821e-01  -1.1223568e-01  -6.9672522e-02  -6.8350644e-02   1.4180087e-01   6.7233163e-02   1.2237919e-02  -2.5456238e-01  -1.6476340e-01
  -1.1612201e-01  -5.6239067e-02   9.6917755e-02  -2.9888078e-01   1.4582800e-01   2.9418765e-02   4.6236857e-02   1.5094989e-01  -4.9980344e-02   1.4620254e-01  -2.1327454e-01   3.0872648e-02  -5.8475683e-02   5.7643398e-02   9.5131081e-03   1.4910709e-01   3.5111003e-02   3.0517251e-02   1.4287564e-01   6.7612479e-02  -1.5675423e-02   1.4750123e-01  -8.7634284e-03   3.8291606e-02   2.1598353e-01   2.1922469e-01   2.0119302e-01   2.0265543e-01  -1.6954008e-01  -4.0164367e-02   1.7313026e-01   7.6744939e-02  -1.0330601e-01   3.7139807e-02   2.2489760e-01   1.1557834e-01   1.8783150e-01   2.6555244e-02   2.7757463e-01   7.1015338e-02  -6.2691350e-03   5.6920968e-02   1.8196787e-01  -1.6005751e-01  -3.6973038e-01  -1.3843167e-01   1.3156209e-01  -9.6816906e-02   8.0026209e-02
  -1.4643792e-01  -1.5169774e-01   7.1991279e-02  -1.2770291e-01  -7.2143643e-03   6.3955634e-02   8.6964141e-02  -7.8751564e-02   3.4540993e-02  -8.5535831e-02  -6.3569644e-03   1.5474795e-01   2.6968631e-01   1.3615967e-01   8.4748887e-02  -4.7593602e-02   1.7637331e-01   8.8584647e-02   9.3732401e-02   1.7099770e-01  -1.6187460e-02  -3.2365244e-02   1.5898612e-01  -8.1710175e-02  -1.8440877e-01  -2.8623728e-01  -4.5444841e-02   1.1638859e-02  -1.9219610e-02   4.9534283e-02   1.8776087e-01  -3.4712337e-01  -6.4351045e-02  -6.2637073e-02   2.7486588e-01   7.0801520e-02  -4.1939488e-02  -1.5897408e-02  -3.0297548e-01   1.3508986e-01   1.1644416e-01  -6.2378023e-02  -2.7728222e-02  -3.7966867e-01  -2.7565059e-02   1.2246721e-01   8.7927489e-02   5.3730626e-02  -8.0931385e-02
  -1.5536349e-01   9.9840673e-02   1.6522369e-01   6.5107350e-02  -5.5638299e-02  -1.4013930e-01   6.6464598e-02  -1.8377677e-01  -2.5893974e-01   3.5665969e-01   7.2098214e-02   6.7289786e-02  -8.0042078e-02  -7.2102793e-02   2.0296950e-01   2.0843583e-02  -7.5126214e-02   2.9445184e-02   4.2568572e-03  -1.6492132e-03   3.6048007e-02  -1.3004669e-01   2.8926704e-01   7.3019650e-02  -9.2356396e-02  -3.3943090e-02   3.0999016e-01  -1.7887617e-01  -9.9566088e-02   1.2327805e-01   4.2103291e-02  -9.5024102e-02   2.2178139e-01   1.4945104e-01   1.2675747e-02   7.4569761e-03   1.5301440e-02   2.4019524e-01  -5.6227589e-02  -1.4109444e-01  -6.7850614e-02   1.9478874e-02  -5.7625531e-02   1.1765414e-01  -1.7635222e-01   2.1405101e-01  -1.4110789e-01  -2.3804228e-01  -1.9985697e-02
  -1.4761121e-01  -4.3532931e-03  -2.9225452e-01   5.6792744e-02  -6.5033923e-02  -8.6900648e-02   1.7608606e-02   5.3864595e-02  -2.1589015e-01  -7.9921638e-02   1.7746339e-01  -3.0992406e-01   2.6289917e-02   1.5222227e-01  -1.3336110e-01   4.8626765e-02  -5.0671348e-02  -2.4597346e-01  -3.3860930e-02   1.8651990e-01  -1.7277124e-01  -7.7730271e-02   1.0235587e-01  -2.5491383e-01  -1.0971346e-01   1.1357259e-01   1.1082628e-02  -1.1259509e-01  -1.3275999e-01  -8.3129056e-02   3.9599713e-03   1.6425017e-02  -4.5426046e-02   2.8827496e-02   1.0981733e-01   2.1411376e-02   1.0834211e-01  -1.3278283e-01  -1.5160015e-01  -1.7229286e-01   2.3836807e-01   6.8626243e-04  -2.0334348e-01   1.7628381e-01  -2.9291945e-01  -1.3474849e-01   2.0183651e-01   6.6835028e-02   3.5141625e-02
  -1.1307257e-01   5.7182052e-02   1.6179804e-01   7.9096317e-02   3.0122667e-01   3.1229192e-02   3.1071874e-02   2.1250433e-01   3.6338091e-02  -1.1488854e-01  -1.1634419e-01  -1.6777062e-01   3.1113439e-02  -5.5764347e-02   3.6691856e-02   1.9151737e-01   2.3576623e-01   3.6353772e-02  -2.0751126e-01  -1.2206838e-02  -1.2925180e-01  -2.3963679e-01  -2.9131613e-02  -7.0238707e-02  -8.0627221e-05   4.9373617e-02   1.7569832e-01   1.1935150e-01   1.5846525e-01  -1.8070543e-01   4.9739702e-02   1.0911379e-02   2.0916166e-01  -9.9625994e-02  -1.4047241e-01   9.8579134e-02  -7.8029876e-02  -1.5391487e-01  -5.4977542e-02  -6.8042488e-02   1.8529888e-01  -3.1951482e-01   6.9689374e-02  -3.4350802e-02  -1.2359877e-01   1.4424460e-01  -3.5474424e-01   4.2775496e-02   2.5537231e-02
  -1.4535296e-01  -2.6409170e-01   6.4390953e-02   1.6414671e-02  -1.4965720e-01   7.6461941e-02  -2.6884821e-02   8.4869275e-02  -2.2823294e-01  -1.2771876e-01   2.8543603e-01   1.1808568e-01  -1.5605057e-01   7.2390763e-02   5.7358465e-02   4.0226310e-02   1.0301453e-01  -1.0202622e-01  -6.3999069e-02   1.2927435e-01   9.6351335e-02   2.9098179e-01  -4.9255409e-02  -1.4588039e-01   2.1558295e-01   8.1485608e-02   1.2601857e-01  -4.9231882e-02   6.0920748e-02   1.3308849e-01   4.2381273e-01   1.6703606e-01  -4.5659037e-02  -1.0216635e-01  -2.6325201e-01  -1.1297201e-01   5.0246758e-03   8.9603897e-02  -4.6464197e-02   7.9417100e-02   9.7950670e-02  -3.6777381e-02   2.9441667e-02   2.0498536e-02   1.2649330e-01   6.8150164e-02  -1.0617749e-01   2.3941196e-02  -2.3353129e-01
  -1.3540073e-01  -1.9743622e-01  -7.1724669e-02  -2.3139031e-01  -1.0466150e-01  -2.9615951e-01   8.3481458e-02   1.6126091e-01  -1.1190857e-01   1.0259619e-01  -1.6496614e-01   2.3394945e-02   7.9285740e-02  -2.3885928e-01  -2.6329248e-02  -2.1706506e-02   7.5520236e-02  -3.2756032e-02  -9.9590300e-02  -3.4924710e-01  -3.9492336e-03  -1.5274682e-02   7.9196808e-02  -9.3255009e-02  -1.9684005e-01   5.1747304e-02   7.0391716e-03  -1.2883589e-01   1.8972181e-01  -1.5850760e-02  -5.9544943e-02   1.5497826e-01  -1.2073825e-01  -1.1678136e-02  -2.3570699e-02   6.0644964e-02  -1.5152803e-01  -3.0295630e-02  -2.2811576e-01  -6.1834063e-02  -8.6827690e-02  -7.2274704e-02   2.9033301e-01  -1.8649677e-02   3.6829340e-02  -2.6307094e-01   1.1826965e-01  -1.3593678e-01  -2.4931818e-01
  -1.5098986e-01  -2.4794988e-01  -4.7537080e-02  -1.4780924e-01   1.7201629e-01   1.7814333e-01  -4.8272707e-03   2.0954506e-02  -1.0211977e-01  -1.1135862e-01  -1.5872089e-01   3.1949174e-01   2.2902000e-01  -4.6162090e-04   6.0089532e-02   1.5450812e-02  -1.0179473e-01  -1.2389063e-01  -4.6498554e-02   2.4739031e-02  -1.2282426e-01  -3.0528150e-01   2.0982331e-01  -7.5217945e-03   1.5200151e-01  -6.9594242e-02   1.1558982e-01   3.9468800e-02  -1.4878173e-01   1.0212471e-01  -1.7712192e-01   2.2149597e-01  -2.2213780e-01  -1.3520622e-01   7.1784788e-02  -3.4665903e-02   4.4535243e-02  -3.0345440e-02   1.0170148e-01  -1.6856973e-01  -8.9480600e-02   7.2598132e-02  -1.9799079e-01   1.9906788e-01   2.2198378e-01   3.9252739e-02  -1.3794218e-01   9.4876977e-02  -1.0978178e-02
  -1.3009283e-01  -7.9016458e-02  -2.4958995e-01   6.3901716e-02   9.7250285e-02  -3.6755805e-02   2.0517528e-01  -3.8766059e-02   4.1865209e-02   1.3584085e-01  -8.2831927e-02  -6.4202511e-02   1.6573386e-02  -3.0432348e-01   2.2621172e-01  -5.6303005e-02  -2.0569254e-02  -2.5167667e-01  -7.5198635e-02   8.2226653e-02   8.6019553e-02   1.8251178e-01  -7.6955232e-02   5.9457744e-02   1.0274399e-01   6.0222892e-02  -5.8762757e-02   1.5922273e-01  -6.4607484e-02  -1.9988834e-01  -1.2100426e-02   2.8327177e-02  -6.1119287e-02  -1.9471972e-01  -2.1941445e-03  -4.1926886e-04  -2.4399121e-01   1.1649963e-01  -9.7087812e-02  -4.6594258e-02   1.4783138e-01   6.2125175e-02   4.1738985e-02  -2.0154947e-02   9.3878264e-02   4.0881272e-01   2.2904771e-01  -9.5813256e-02   2.6722724e-01
  -1.4205692e-01  -6.6244294e-03  -1.2657414e-01  -2.6754657e-01  -9.0219819e-02   2.4678253e-02   1.9342408e-01   7.4315883e-02   3.7324249e-01  -2.1485411e-02   2.3429615e-01  -2.5042903e-03   6.8148215e-02   1.7408133e-02  -3.6252255e-01   4.9280206e-02  -1.2501624e-01  -7.9512680e-02  -7.2474573e-03   1.6140985e-02  -8.9771706e-02  -8.5366915e-02   6.7678488e-02   1.6299782e-01   2.0245158e-01   1.0142850e-01   7.9646587e-02  -1.2337322e-01   1.3402038e-01   9.9111476e-02   5.9128735e-02  -1.1947436e-01   1.7594052e-01   2.9892631e-03  -9.1395896e-02   3.0366594e-02  -2.5217213e-01  -1.6755860e-01   4.4658047e-02  -1.0518709e-01  -1.1794890e-01   2.8951534e-01  -1.9001776e-02  -1.0475564e-01  -1.1682671e-01   1.7252502e-01  -6.7330909e-02  -8.8796505e-02  -1.0001504e-01
  -1.3235406e-01  -1.4200199e-02  -1.0821976e-01   5.7566853e-03   2.2565713e-03  -2.0157344e-01  -9.0244056e-02  -5.6923050e-02   5.2560567e-02  -2.1360059e-01   2.7375841e-01  -1.4731346e-01  -2.4208183e-02  -2.2856353e-01  -3.7038738e-02   1.9992081e-01  -8.0085354e-02   5.9426016e-02  -8.7135948e-02  -2.6202046e-01   2.7209481e-04  -1.3469455e-01   1.4396842e-01  -1.4488141e-01   8.1370596e-02   1.0006884e-01  -1.6721310e-01   1.5800275e-01  -2.3682093e-01   2.5086287e-01   6.4231413e-02   3.8481469e-02   2.8120408e-02  -4.7348726e-02   1.8007471e-01  -1.7874936e-01   4.6561938e-02   1.4694748e-01   4.2245395e-02   1.9776278e-01  -2.6056348e-01  -2.5051147e-01  -1.3510483e-02  -1.9385233e-01  -1.2088507e-02   7.3217633e-02  -4.6659470e-02   2.4395239e-02   1.7413222e-01
  -1.6590050e-01  -6.7041629e-02  -2.1685571e-01  -1.4471146e-01  -7.4482808e-03  -4.0024903e-03  -5.6917249e-02  -2.3359492e-01  -6.3952683e-03  -4.1114810e-02   1.8904339e-01   4.2470208e-03  -1.0931976e-01   1.2049021e-02  -1.6018812e-01  -7.7628547e-02  -6.3554945e-02  -5.4816394e-02   4.1202671e-01   2.1860056e-02   1.9372736e-01  -1.8702263e-01  -2.1321572e-01  -1.0733351e-01  -1.8202206e-01  -1.2587358e-01   1.4540684e-01   2.2854470e-01  -2.5461847e-03  -2.7979466e-01  -1.5056544e-01   1.5756183e-01   6.5992219e-02  -4.2700877e-03   7.2243764e-02   7.5518439e-02  -3.2588334e-02   1.5225505e-01   9.1534820e-02   1.1818912e-01   1.4143078e-01  -4.1052470e-02   1.1789270e-01  -4.2495184e-03   3.6732126e-02   1.6643244e-02  -2.6039660e-01  -1.0850882e-01  -1.6508677e-01
  -1.4785612e-01   1.4558914e-01  -9.3045848e-02   2.0252703e-01  -1.6664714e-01   2.3362986e-01   1.6045873e-02   1.9760525e-01   7.7683966e-02  -1.3474951e-01  -1.4713948e-01   4.3697913e-02  -1.1621130e-01  -2.7544247e-02  -5.2381002e-02  -7.0189575e-02   2.7129463e-01  -1.5338671e-01   8.8510676e-02   3.9272302e-02  -4.5701597e-03   4.9476214e-02   2.4808682e-01   7.6212434e-03  -1.7610160e-01   1.3283138e-01  -1.0788938e-01  -3.0181256e-02   8.7118086e-02   2.2574500e-01  -2.7610409e-01   2.2753742e-01   1.6617625e-02  -5.5852326e-02  -9.9077259e-02   1.7394874e-01   2.5640829e-01   1.3313659e-01   2.7639846e-03   1.1525976e-01   2.6374919e-02   1.0095443e-01  -6.7494769e-02  -2.4954977e-01  -5.3784119e-02   1.1354298e-01  -4.8154209e-02  -2.4797927e-01  -5.5759689e-03
  -1.5472850e-01   1.4384767e-01   9.2900880e-02   1.4595207e-01  -6.5198770e-02  -2.1372915e-01   1.3309768e-01   1.3758378e-01   1.7746885e-01  -5.4768941e-02  -2.0628868e-01  -1.3874674e-01   1.4518061e-01   1.8356712e-01  -9.1071434e-02  -2.5554131e-02   2.7645096e-02   1.9147342e-01   2.8736121e-02   1.5763837e-01   2.0546981e-01  -4.5195319e-02  -4.5852572e-02  -8.2481231e-02  -2.0146808e-01   1.8009522e-02   1.3607239e-02   2.2529177e-01  -1.0088380e-01   6.8038149e-02   9.2018723e-02   1.6418544e-01  -2.0629434e-01   9.9740069e-02  -7.0850794e-02  -2.2935731e-01  -6.3981842e-02   1.1738360e-01   8.3078322e-02  -1.8378347e-01  -1.7601052e-01   3.4416900e-02   2.8936409e-02   1.3178087e-01  -6.1974632e-02   2.8599786e-01   1.1774560e-01   1.4917234e-01  -2.8228021e-01
  -1.6313245e-01   1.9034893e-01   1.1639542e-01   1.3170992e-01  -1.3779651e-01   1.3327976e-01   2.0628967e-01  -3.1835686e-02   9.3747124e-02   2.0258072e-02   2.1712848e-02  -6.6493837e-02   7.3791938e-02   2.3005235e-01   5.3191732e-02   2.3251042e-01  -1.0419981e-01  -1.3840633e-01   8.8657244e-02  -2.5839168e-01  -4.3843863e-02   1.7627011e-01   8.7077156e-02  -8.4522501e-03  -1.5716457e-02   1.1916032e-01   1.1247847e-01   1.9928148e-01  -8.8735024e-02   1.0933730e-01  -1.6815521e-02  -6.7204279e-02   5.7085352e-02   6.0549806e-02   1.2077319e-01   8.8987217e-02  -1.9156246e-01   1.3780212e-01   1.7967163e-02  -2.5978018e-01   2.4049110e-01  -3.9607057e-02   5.7564684e-02  -8.4654776e-02   3.8485833e-01  -2.8226379e-01  -4.0887477e-02   8.1247637e-02   3.1482772e-02
  -1.3735653e-01  -9.1289948e-03  -8.6894583e-02   5.0180848e-02  -1.7964238e-01   4.1313949e-02  -1.8717521e-01  -1.9710244e-01  -1.1988484e-01   1.8502572e-02  -2.8833297e-01   5.3477797e-02   1.0868386e-01  -2.0065669e-01  -3.0538282e-01   2.3631598e-01  -8.8103801e-02   1.4936204e-01  -1.5441049e-02   3.9473578e-02   5.1252849e-02   4.0036158e-02  -1.9573310e-01   9.4903817e-02   9.0741753e-02   1.1948838e-01   9.1544354e-02  -6.1027524e-03  -3.2531018e-01   6.7130512e-02  -8.3698858e-02  -2.2428963e-01   5.8987689e-02  -3.2468803e-02  -2.6109500e-01   1.6211983e-01   1.4467524e-01  -1.6048472e-01  -9.9006886e-02  -7.6607010e-03   8.8913244e-02  -1.8536290e-01  -5.2822457e-02  -5.4969520e-02   1.1274218e-01   9.4878900e-02   1.3185862e-01  -4.7421008e-02  -1.8514878e-01
  -1.5731149e-01  -1.6239886e-01   4.5817625e-02  -1.2683620e-01  -7.1659569e-02   8.0409143e-02   2.7019711e-01  -4.6083408e-02   4.1963918e-03   1.1904797e-01  -1.1884242e-01  -6.4772957e-02  -2.3326060e-01  -8.4902080e-02   1.4254981e-01   8.2835266e-03   1.1715322e-01   3.9910255e-02   1.5433407e-01   1.8782523e-02  -1.5704018e-01  -1.3242895e-02  -9.9315083e-02   3.3697018e-02   8.2412365e-02  -1.3282119e-01  -3.6689510e-01  -5.1652382e-02  -2.8552471e-01   9.9726785e-02  -1.4113452e-01   7.7344584e-02   2.3901307e-02   2.4904243e-01  -2.4638038e-01  -7.0688074e-02  -2.2570718e-01   1.6812247e-02  -4.3217177e-02   3.4999003e-02   7.2037638e-02  -3.4009086e-02  -1.2242228e-01  -4.4237543e-02  -2.1865809e-01  -1.2255247e-01  -1.8308032e-01   2.6772412e-01  -3.3281524e-02
  -1.4248812e-01  -9.1934676e-02   1.3209370e-01  -2.0654469e-01  -2.5021332e-01   1.0757447e-01  -1.6131685e-01   8.8382541e-02  -3.0225773e-01  -1.6800355e-01  -7.5203637e-02  -2.8325726e-01   2.2865066e-01  -1.1457410e-01   1.6943938e-01  -2.6518383e-02  -5.6790938e-02   6.0105275e-02  -4.5858621e-02   7.2842626e-02   1.3382379e-01  -5.1592396e-02  -1.4887724e-01   1.5892469e-02  -1.1125310e-01   2.1843657e-01  -9.2635963e-02   1.3080082e-01   1.7918922e-01   1.4922551e-01  -1.0265953e-01  -2.1845519e-01   1.0917492e-01   4.8604158e-02   6.8287060e-02  -1.3943930e-02  -4.6815780e-02   3.0448350e-02   4.9426347e-02   8.2890494e-02   3.0877940e-02   3.5859161e-01   8.0732613e-02   1.2722078e-01   6.4031146e-03   3.4771086e-02  -1.7279885e-01   8.8684095e-02   1.5614130e-01
