  -1.2928219e-01  -1.9837863e-01  -2.3193497e-01  -1.3064647e-01   6.7768537e-02  -2.1779222e-01   5.6601232e-02  -1.3367389e-01  -1.6639734e-01  -4.1883791e-02  -4.9017480e-02  -1.3540359e-02   3.3285016e-02   1.2206180e-01  -2.1140725e-01  -5.7674971e-02  -1.3395342e-02   4.4629948e-02  -1.9330636e-01  -3.1739774e-02  -4.6707988e-02  -1.2280616e-01  -1.3817387e-01   9.6132959e-02   1.2872585e-01  -9.9692768e-02  -2.0494865e-01   1.7572127e-02   2.5047395e-01   1.1281709e-01   1.6177050e-01  -1.9933664e-01  -1.1730182e-01  -2.6698412e-01  -1.4304182e-01  -1.2631012e-01   3.4835490e-02  -1.6076558e-01  -3.4598954e-01  -2.0080100e-01  -2.3523510e-02  -1.9279836e-01  -6.3149444e-04   3.0947850e-02  -8.8339160e-03  -1.1878126e-01   2.1221613e-01   1.2546509e-02   3.1229911e-02
  -1.4442853e-01  -4.4358825e-02  -1.4660313e-01   2.3452469e-01   2.6648814e-02   5.9329178e-02   3.6528334e-01   2.7507244e-01  -2.8192997e-02   8.1908977e-02  -1.2481763e-01   7.5515409e-02   1.7985711e-01  -1.3220273e-01   1.1049011e-01   1.4503468e-01  -3.9362451e-02  -2.0916593e-02   1.0839286e-01  -1.3557682e-01  -6.4347284e-02  -9.5665166e-02  -5.3314901e-02  -1.2494869e-01   1.8685353e-01   2.4961804e-01  -1.1707155e-01   9.4593811e-02  -1.2666529e-01  -4.4112660e-02   3.1014410e-01   3.0278254e-02   6.8787021e-02  -6.5346952e-02  -2.0257927e-01   4.2485245e-03   9.5682249e-02  -8.5958877e-02   4.5868327e-02  -7.8182017e-02   1.3300689e-01   2.0768634e-01   7.5721442e-02   2.1437683e-01   1.5682051e-01   1.4403852e-01   4.4325715e-02   1.4859651e-01  -1.4120641e-01
  -1.5070951e-01   1.9799166e-02  -2.2684000e-01  -5.8170550e-02   2.2734807e-01  -1.3775775e-01   1.4293007e-01   1.0875531e-01  -7.8488183e-02   8.2735779e-02  -8.1740020e-02   9.0360294e-02  -3.3301380e-01   1.7055706e-01  -5.2302124e-02   5.2438170e-02   2.5577575e-01  -1.4429547e-01   1.9441102e-01   1.7796653e-02  -2.8757609e-01  -1.8077722e-01   1.2517299e-01   4.5065975e-02   1.6195451e-01  -7.1491286e-02   2.0865058e-01  -7.1728172e-02   2.1085650e-02   9.5737138e-02  -3.1510035e-02   2.0021774e-01  -1.4431732e-02   8.1902689e-02   7.1739426e-02   9.1545920e-02   1.2488780e-03  -1.0466917e-01  -5.8273429e-02   1.0703431e-01  -1.0187322e-02   2.7314710e-02   3.0792358e-02   1.6239526e-01  -2.7688452e-01   7.0830285e-02  -2.0211743e-01  -2.1896833e-01   1.1295842e-01
  -1.2697709e-01   1.8437374e-01  -9.3701966e-02   2.4980338e-01   1.5444257e-01  -3.2754185e-02  -8.4486333e-02  -4.1361176e-02   9.3880547e-02  -9.1024088e-02   8.9949583e-03  -1.1862304e-01  -1.3319920e-01  -3.8269446e-01   5.0835824e-02   6.8626326e-02  -6.8014563e-02  -1.4105680e-01  -3.4636941e-02   1.7955857e-02  -3.8678217e-02  -8.7697755e-02   2.7709454e-01   1.2484669e-01   3.9254097e-02  -1.0432603e-01   6.0743446e-02  -4.3910076e-02  -1.2705444e-01   2.0258657e-01  -1.0219081e-01  -9.1346555e-02  -9.3066703e-02  -3.3665804e-01  -1.9495978e-01   3.0089006e-02   1.0388439e-01  -9.0615977e-02  -5.8947161e-02   2.0944840e-01  -1.6962532e-01   2.9828900e-02  -2.3895891e-01  -1.8563990e-01   1.5111231e-01  -1.2023819e-01  -7.1188214e-02   4.3796655e-02  -1.6675012e-01
  -1.3353770e-01   8.3934454e-02  -2.0865597e-01   1.7177691e-01  -2.4833655e-01  -2.0454983e-01  -4.0804009e-02   9.1226954e-02   1.1092926e-02   1.0418676e-02  -2.1723937e-02   4.5040611e-02  -2.5703902e-01  -1.2116973e-01  -1.8088989e-02  -4.3315469e-02   4.6375084e-02  -1.3237418e-02  -2.5975595e-01  -3.3219955e-03   1.0629077e-01  -1.4074790e-01   3.5044016e-02  -1.4507580e-02  -1.3093770e-01   7.9130430e-02  -3.3731750e-01  -1.5427677e-01  -2.2098971e-02  -1.6869227e-01   1.0647125e-01   1.1629755e-01   1.4529103e-01  -5.6045236e-02   6.2687042e-02  -1.0148837e-01  -3.1263980e-01  -5.3946544e-03   2.1923659e-01   2.1710220e-01   2.7551087e-01  -2.2666741e-01   8.3258949e-02  -6.2980319e-02  -5.4935502e-02  -7.7916771e-02  -2.2967613e-02  -7.0367040e-02   3.9201348e-02
  -1.3422637e-01  -5.7153604e-02   3.0527681e-02  -3.4814635e-02  -1.2553765e-01   1.2048170e-01  -8.3914768e-02   9.7224629e-02   3.5742857e-02  -3.2039540e-02   1.8992033e-02   8.3814832e-02   1.5095455e-01  -2.6173620e-01  -2.1233768e-01   9.9990139e-02  -1.4082384e-01  -1.7841957e-01   1.7904806e-01   2.2658859e-01  -1.5704469e-01  -1.9239616e-01  -1.8768621e-02  -6.0929875e-03   2.6818959e-01  -2.4321401e-03  -4.0475455e-02  -3.6757792e-02   1.2024531e-01  -7.0174416e-02  -1.8147455e-01  -1.6032922e-01   1.6096909e-01  -2.0525575e-01   2.3950811e-01   5.1567783e-02  -2.3253832e-01   4.1511100e-01  -9.3079677e-02  -1.4653326e-01   5.5219594e-02   8.0894066e-02   1.5556092e-02   8.2775922e-02  -7.4609692e-02  -9.3385791e-02  -6.1071274e-02   4.2632204e-03   6.5909574e-02
  -1.4756591e-01   3.1203695e-02   2.6268625e-01   9.0505157e-02   7.3864031e-02  -2.8702343e-01   4.2855824e-02  -4.1388592e-02  -7.9660762e-02  -2.9722590e-01   1.3260643e-01   3.3666303e-01  -2.1225679e-01   8.1903848e-02  -2.5174548e-02  -7.0982403e-02  -2.8663134e-01  -1.7670011e-01  -1.3224214e-01   3.3657549e-02   6.9237608e-02  -6.7431007e-03  -1.8085815e-01  -2.7708881e-01   2.1275564e-01   6.0853719e-02  -8.1361293e-03  -2.6595961e-02   2.7768587e-02   1.9013469e-02   2.3965415e-02  -7.8197910e-02  -1.1794362e-02   1.1256227e-01  -7.6675905e-03   4.4195207e-02   2.6511913e-01   1.4878619e-01   1.2616993e-01   1.2158750e-01  -1.4474151e-01   1.9462051e-02   8.6105424e-02  -2.8657509e-02  -8.2055165e-02   1.1876841e-02   6.9378033e-02  -8.7749845e-02  -1.8661580e-01
  -1.2749649e-01  -3.3027148e-01   3.4346354e-03   1.2922871e-01  -1.7366769e-01   2.2609636e-01  -1.0653418e-01   5.5547075e-02  -9.3482855e-02   7.6779373e-03   9.5725399e-03   2.0921270e-01  -8.4497420e-02   1.6971296e-01  -7.8654387e-03   6.4298513e-02   6.9310598e-02  -5.9556896e-02  -8.8540019e-03  -6.5450310e-02   4.8725371e-02   2.0233641e-02  -4.3564562e-03  -1.3810474e-01   1.3597971e-01  -1.6086301e-01  -1.6822600e-01   8.9406271e-02  -2.9988664e-01   1.7143232e-01  -1.8835393e-01   1.3187862e-01   8.6542216e-02   9.6464688e-02  -1.2633368e-02   1.0159385e-01  -1.8193362e-01  -1.4896110e-01  -2.9926824e-02  -9.4578212e-02  -1.1963745e-01   1.7566823e-02  -2.5995778e-01  -3.2482253e-02   2.8967554e-01  -1.0503289e-01   1.7092126e-01  -2.8368657e-01   4.1281603e-02
  -1.3770555e-01   7.8665532e-02   7.1726813e-02  -2.6487178e-01   2.1541171e-01  -6.9444420e-03   1.1159009e-01  -4.9292405e-03   8.0198115e-02   2.8403375e-01  -1.6744506e-02   9.0898827e-03  -1.2147325e-01  -1.9805623e-01   1.6002292e-01  -4.9915728e-02  -1.0672197e-01   3.2195922e-02   1.3629076e-01  -2.1620486e-01   3.7162603e-01  -2.3584411e-03   2.2025709e-01  -6.7109656e-02   9.3858368e-02  -1.8054681e-01  -1.6217386e-01  -2.0921588e-01   7.7396062e-02   1.4471387e-01   1.4517645e-01  -1.0984553e-02   1.5572446e-01   1.3485688e-01   7.4772152e-02   1.2488238e-01  -5.8615867e-02   4.9294948e-03   8.3795993e-02  -2.7128299e-01  -8.8741299e-02   3.4784724e-02   2.7605798e-02  -5.2848840e-02  -1.3029719e-01  -2.1825161e-01   1.2576116e-01   4.2616877e-02   2.2537683e-03
  -1.6722435e-01  -5.1018225e-02  -2.6872060e-02  -1.4942634e-01  -1.4483106e-01   5.8915800e-02   2.2536429e-01   1.3163485e-01  -1.0608627e-01   9.5158146e-02   2.2544452e-01  -1.6439984e-01   1.0513016e-01   5.4586424e-02  -9.4024586e-02   6.8553897e-02   8.7890169e-02   1.9961726e-01   6.5887168e-02   2.3413215e-01  -3.8972937e-02  -4.3161373e-02  -2.0155013e-02  -7.4633162e-02   1.6032376e-01  -2.9711715e-02  -1.9510813e-02   4.2751462e-02  -3.4835460e-02   2.3643103e-01  -4.4756247e-02  -1.6074303e-01   3.0175819e-02   6.9115151e-02  -1.9789401e-01  -1.4420002e-01   1.4968760e-01   2.8466221e-02   3.9704109e-01  -2.0541786e-02  -1.1638816e-02  -2.5435616e-01  -2.4905441e-02  -3.3678978e-01  -3.9012914e-02  -1.7912425e-02  -2.6485409e-01  -5.2414315e-03   2.0610541e-02
  -1.3974903e-01   1.1017425e-01  -9.5987951e-02  -8.1538571e-02   5.7951079e-02   4.4861883e-03   5.6118493e-02   1.1874143e-01  -5.3161174e-02   5.9782797e-02  -2.1212564e-01   4.0821128e-02   1.7778987e-01  -2.0792409e-01  -1.3372473e-01  -2.2357707e-01   1.8111781e-02  -1.4964969e-01  -1.4295124e-01   1.9196506e-01   8.8046022e-02   2.4498033e-01   8.3829934e-02  -2.5638961e-01  -3.0934047e-02  -8.7183715e-02   1.2523294e-01  -6.4560570e-02   5.7864245e-02  -1.3257063e-01   4.2036945e-02  -1.7987137e-01  -1.2809129e-01   1.3971842e-01   1.6103288e-01  -2.8590477e-01  -1.8332296e-02  -2.1597414e-01  -8.3822220e-02  -4.3132227e-02   6.0706458e-02   1.8352571e-01  -1.0615515e-02  -1.0491763e-01   1.6666333e-01   8.7733401e-02  -1.2714168e-01  -3.6343126e-01  -1.9942235e-02
  -1.5215722e-01   6.3765966e-02   1.6799580e-01   6.2951229e-02  -2.6624515e-01   3.2048976e-01   5.6438885e-02  -1.4271101e-02   5.1518608e-02  -1.8091969e-01  -2.0188669e-01  -5.9189961e-02  -2.3801012e-01   2.7797952e-02  -1.9383957e-01  -7.3116434e-02   1.2036193e-02   1.4244107e-01   4.2407257e-02   7.6532219e-02   1.0804736e-02   2.5123955e-02   5.9845664e-03  -1.1633310e-01  -1.2111915e-01   7.1171553e-02  -2.8816831e-02  -3.1213354e-01  -5.4980375e-02   2.2373345e-01   7.2029250e-02  -1.7242889e-01  -1.1859247e-01   9.0469883e-02   4.8624804e-02   2.3397312e-01   1.3438536e-01  -1.2260459e-01  -2.3146610e-01  -6.0733122e-02   2.6529172e-01  -7.1603463e-02  -8.7339500e-02   1.2656259e-01  -1.3026291e-01   6.8927117e-03  -1.0682129e-01   1.5423592e-01  -1.1890015e-01
  -1.4841081e-01  -6.0806560e-02   1.9098859e-01   6.6908434e-02   3.7099169e-02  -1.4119266e-01   3.5639267e-02   1.8007695e-01   1.4405261e-01  -2.1777946e-02   6.6781711e-02  -2.6465147e-01  -1.8955898e-01  -2.7039287e-02   1.3624049e-02   3.7580746e-01   1.3142203e-02  -1.6303583e-01  -1.0191131e-01  -1.4240169e-01   1.3240815e-01   1.1060023e-01  -2.1141223e-01   3.0397702e-02  -2.3268489e-01   5.2462496e-02   2.1809162e-01   5.5730083e-02   1.1871116e-01   4.0861635e-03  -1.8068282e-01  -2.3347092e-01   2.0834953e-01  -3.6598673e-02  -2.2742849e-01   1.4523909e-03  -3.4124945e-02  -6.0781328e-02  -1.6758561e-02  -2.1815137e-01   1.5380893e-01   2.8251876e-02   1.5290558e-02   1.0337586e-01  -2.4170158e-02   1.9955014e-03  -7.8576648e-03  -2.3935603e-01   1.4267692e-01
  -1.4898749e-01   1.1224036e-03   4.0500752e-02   6.7771792e-03   9.9465713e-02   1.3724981e-01  -2.1258125e-01   1.1248163e-01   9.0346761e-02  -2.8202835e-01  -1.7335355e-01  -2.5612892e-01   2.1224986e-01   9.3740439e-02   1.1217346e-01  -6.2537948e-02   1.6505056e-01  -6.7361672e-03  -1.6217065e-01  -4.5897993e-02   2.2957539e-02  -1.6688277e-01  -1.3201072e-01   1.6656184e-01   4.8432567e-02   1.4549551e-01  -1.4116440e-02   7.6934396e-02  -2.9945290e-02   1.2712696e-01   3.5108112e-01   6.9204160e-02   8.9519335e-02  -3.4313743e-03   2.2515161e-01  -3.0701481e-02   1.3490029e-01   8.7368735e-02   1.4354724e-01   8.0512969e-04  -5.6696841e-02   1.4794863e-01  -1.8414954e-01  -7.6428676e-02  -2.3003606e-01  -2.0170374e-01   4.1509772e-02  -2.5554587e-01  -1.7146628e-02
  -1.2782438e-01   9.1290105e-02  -1.5929843e-01   7.0303009e-02   1.9347526e-01  -1.3065531e-02  -3.7819087e-02   4.7485828e-02  -1.4511895e-01   9.6523617e-02  -5.8086063e-02  -3.1911148e-01  -1.3387203e-01   6.5388097e-02  -1.9808185e-01  -1.2342420e-01   2.8520693e-02   2.0419413e-01   8.0315962e-02  -7.1979757e-02   1.4126319e-01   5.5301572e-02  -2.3251050e-01  -3.0602552e-01   4.2587993e-02   1.3413096e-01   8.8131941e-02   4.9073564e-02  -1.9190254e-01  -2.9510428e-01  -3.7767080e-02  -6.5737367e-02  -1.6050182e-01  -2.2146125e-03  -5.6949521e-02   1.2447192e-01  -1.4190142e-01   2.1824374e-01  -2.6289094e-02   8.4947738e-02  -2.4246822e-01  -2.5703930e-02  -9.9929102e-02   1.2103057e-01   5.9317891e-02  -2.8296547e-01  -6.4939638e-02   9.5089331e-02   7.6508617e-02
  -1.2585745e-01  -7.8077407e-02  -5.2450790e-02   1.3618258e-01   5.7598998e-03   1.2373167e-01   5.7374197e-02  -3.9634059e-02  -2.2692152e-01  -2.2555827e-01  -1.9903018e-01   5.1354616e-03  -1.9599995e-01  -7.6677806e-02   4.3634971e-02   1.8719581e-01  -1.6691753e-02  -1.3036468e-01   2.4011742e-01   2.1381752e-01   7.6608359e-02   4.6867890e-02  -2.5610460e-02   4.7479758e-02  -1.4095829e-01  -8.4339167e-02   2.0296375e-01   2.6217339e-01   2.3915072e-01  -2.1216247e-02   1.4622835e-01   3.3106185e-02  -9.2088335e-03   8.9230449e-02   2.5464553e-01  -6.1856261e-02  -4.8227745e-02  -1.6737454e-01   1.8004830e-01  -2.0260832e-02  -8.5484965e-02  -1.4181049e-01   1.4319238e-01  -1.0749237e-01   1.4248781e-01  -1.7373986e-01   1.7031518e-01   2.8232961e-01   7.8013096e-02
  -1.4457103e-01  -6.9411405e-02  -6.9643156e-02  -1.1798350e-01  -1.7779243e-01  -2.8783105e-01  -3.1742735e-01   1.7066288e-01  -2.3320271e-01   1.0116713e-03  -4.4518907e-02   1.5237830e-01  -5.4913456e-02  -8.0519183e-02   1.9462995e-01  -8.0412671e-02   3.0436066e-01   7.4333724e-02   2.2770550e-02  -1.1913309e-01  -1.1424340e-01   4.3039858e-02   2.9515487e-02   7.5750582e-02  -1.2411588e-01  -2.0394581e-04   2.5579299e-03   2.4307834e-02  -5.0230280e-02   1.5091986e-01   1.4152829e-02  -4.2525713e-01  -1.0590185e-01   1.1236546e-01  -1.5861709e-02   1.0168034e-01  -7.4646667e-02   1.3494496e-01   9.4637124e-02  -9.6825437e-03  -5.3671167e-02   2.9031911e-01   2.0375135e-02  -1.3113433e-02   3.1446813e-02   1.2325174e-01   3.8965764e-02   2.1947548e-01   1.0992795e-02
  -1.3853300e-01   2.2706428e-02  -2.2558110e-01  -1.1442578e-01  -7.7507823e-02  -1.2185834e-01  -1.0007676e-01  -8.8048872e-02   2.3466557e-01  -4.7891857e-02  -1.5225111e-02   1.2252436e-01  -6.3170320e-02  -8.5142213e-02  -3.1101637e-01   3.0930857e-02  -2.5660458e-01   2.6295014e-01   3.3992924e-02  -2.3050686e-01   1.2262727e-01   2.1023455e-01  -7.3315105e-02   1.7100846e-01   1.0239802e-01  -8.0485324e-02   6.2040138e-02   3.8692850e-01  -6.5394553e-03   1.4883901e-01   1.1231308e-01   8.2246541e-02   1.1334137e-01   3.1583976e-02   1.4737207e-01   1.3127122e-01   8.3400392e-02   6.6981199e-03   6.8359235e-03   9.8431013e-02   1.4087147e-01   7.4334891e-02  -2.6572235e-02   1.1119961e-02   1.2967752e-01   9.7682263e-02  -2.6957592e-01  -1.6586652e-02   7.6726220e-02
  -1.3663806e-01  -2.5508548e-02   6.8239467e-02   5.1849283e-02  -8.8026067e-02  -2.3791939e-01  -1.8539602e-01  -7.1001156e-02   3.7814525e-02   3.6669319e-02  -1.4064080e-01   7.7924012e-03   1.2581727e-01   1.0910791e-01   1.3270716e-02  -1.1630638e-01   1.4897081e-01  -1.8562215e-02   5.0538522e-02   1.7067672e-01   2.6226253e-02   2.6337884e-01   2.2903233e-01   4.4313047e-02   8.2610625e-02   2.0964902e-01   7.3158644e-02   1.0439010e-01  -1.5335937e-01  -6.5987121e-02  -6.5568044e-02   7.1558782e-02   2.6613175e-01  -1.5335362e-01  -3.0411855e-02   1.0936124e-01   1.2638205e-02  -1.5010696e-01  -1.7634132e-02  -2.6678671e-01  -1.1587791e-01  -2.1890072e-01   2.5664339e-01   1.0759643e-01  -5.8801285e-02  -1.6204924e-01  -1.5782985e-01   4.7198800e-03  -3.5728551e-01
  -1.6194289e-01   4.6755611e-02   3.4949972e-01   2.2579044e-01   8.0743350e-02   7.6026548e-02   2.2600305e-02  -1.4296477e-01  -4.3698258e-02   1.2095935e-01  -5.2032785e-02   9.0695797e-02  -5.8669534e-02  -1.1315629e-01  -1.5958007e-01  -1.8901521e-01   2.4374395e-01  -1.0203567e-01  -3.7703351e-02  -2.4812494e-03   7.6477419e-02   1.3744450e-01  -5.2702421e-02   3.5049523e-01   2.2803290e-01  -8.2214811e-02   3.4331897e-02   1.1115856e-01  -7.5196547e-02   2.2424326e-02   8.8291999e-02   1.3900477e-01  -2.0220243e-01   1.5420959e-01  -2.9447601e-01  -2.0110247e-01  -1.1758041e-01   2.3034228e-01  -2.6487774e-02  -5.3431937e-02   2.0765701e-01   1.2938512e-02   7.6825033e-02  -2.2359679e-02  -3.4050235e-02  -4.7766491e-02   1.5387865e-02   6.1297119e-02   1.1714172e-01
  -1.2899268e-01   2.0709117e-01  -5.1190656e-02  -1.8726176e-01  -1.3989088e-01   1.0942856e-01   7.1577398e-02  -1.5890398e-01   4.1081458e-01  -2.6721826e-03   8.9669290e-02  -4.6079714e-03  -1.2511566e-01   5.6859160e-02  -6.6327733e-03  -1.1095653e-01   2.3725250e-01  -1.1156484e-01  -1.7867038e-01   1.4537323e-01  -1.5545377e-01  -2.8668140e-02   1.3203564e-01  -1.0550192e-01   1.1611532e-01   1.0342087e-01   6.1694425e-02   9.2433173e-02   6.2235839e-02  -8.0922987e-02   1.1986440e-01  -1.3501213e-01   2.9282047e-01   1.3957872e-01  -1.1435729e-01  -6.2064679e-03   7.7328343e-02   2.1279174e-02  -3.6533154e-02   9.6944962e-02  -1.8055810e-01  -1.4282116e-02  -4.4475235e-02   1.3181021e-01   2.3253335e-01   3.1198832e-03   2.4321631e-01   1.3249594e-01   2.4380996e-01
  -1.2825291e-01  -3.1961832e-01   1.0881748e-01  -6.6837382e-02  -1.0405554e-01  -1.0553455e-01   8.3538776e-02  -1.1637471e-01   2.6122980e-01  -2.6836210e-02  -3.3555355e-01  -7.0200214e-02   8.7077196e-02  -5.9159281e-02   5.0823384e-02  -1.9031166e-01  -2.3872240e-01   6.3548679e-02   9.3320310e-02  -5.5823973e-02  -2.1489047e-01  -7.1091964e-02   1.1333079e-01   4.8482828e-02  -1.3841898e-02  -3.8862550e-02   8.5363860e-02  -2.8464998e-02   1.2570488e-01  -1.7019650e-01  -5.9897849e-02  -4.3633237e-02  -2.8378440e-01   1.3737978e-02  -1.9781037e-01   1.8497888e-01  -1.0413456e-01  -5.3758034e-02   3.8534896e-01   5.7891504e-02  -1.2625225e-02  -8.0138158e-02  -9.0894208e-02   1.1789784e-01  -1.1407664e-02  -8.9805222e-03   1.0311015e-01  -1.6089261e-01   4.2111795e-02
  -1.5071031e-01  -8.5138076e-02  -5.1820285e-02   1.2836259e-01   1.7413019e-01   3.9521130e-02   4.7401878e-02  -2.4942500e-01   2.7962743e-01  -1.0679524e-02   5.5737868e-02   1.3808646e-01   4.4225257e-02   1.6021998e-01  -3.0337845e-02   1.4638409e-01  -3.6427308e-02  -3.0070304e-02  -5.3253791e-03   1.1403746e-01  -5.8116557e-03  -2.5172965e-01   1.3819321e-01  -1.2553654e-01  -3.6850936e-01  -4.2684792e-02  -1.9675926e-01   2.5492969e-01  -2.0244078e-01  -6.7444395e-02   1.0399240e-01  -1.6913543e-01  -1.5618423e-01   1.2875965e-01  -5.0229372e-02  -2.7400916e-02  -1.4755703e-01   5.4259633e-02  -9.9913723e-02  -1.5753739e-01  -8.7733794e-02   1.4529763e-01   1.4671141e-01  -1.6591054e-01  -1.8441633e-01   2.5123312e-03  -2.1963882e-01   1.7855038e-02  -8.8936923e-03
  -1.3924183e-01   8.9710281e-02  -2.8681926e-01  -1.5514350e-02   6.9831546e-02   1.4467655e-02   6.4777913e-02  -2.0685015e-01   1.5609915e-01   1.0907278e-01  -7.6451977e-02  -5.9985000e-02  -1.5533045e-01   3.4009112e-02   7.8666386e-02  -1.2600772e-01   3.3345501e-02   4.2191198e-02   1.8284212e-02   5.9978766e-02  -1.3200231e-01   2.5657585e-02  -2.7229417e-01  -1.9124164e-02  -3.2257301e-02   6.9777819e-02   3.6320010e-02  -1.1815500e-02  -1.1491168e-01   7.6388224e-02  -3.6642164e-01   1.1093843e-01  -4.0808141e-02  -9.6604728e-02   1.3485279e-01  -5.0997465e-02   1.4680895e-01   1.0462741e-01   1.3472615e-01  -2.2957893e-01   2.7770786e-01   1.8460889e-01   9.5200077e-02  -2.3968864e-01   1.2293817e-02   2.4138854e-02   3.4554758e-01   1.2975379e-02  -1.9842471e-01
  -1.2776978e-01   1.1091623e-02  -1.4844792e-01  -1.1748384e-01  -8.7414752e-02   2.1807914e-02  -1.3064525e-01   2.5637107e-04  -1.6552969e-03   4.8238445e-02   2.7788534e-01  -1.2368513e-01  -2.2763945e-02   3.1076188e-02   1.6434313e-01   2.4845235e-01  -2.0050609e-01  -2.8789381e-02   4.4409876e-02   1.0599525e-01   7.7112097e-02   6.4982627e-02   1.9686903e-01   2.0202150e-01   2.0428455e-01   3.7689826e-01  -5.9119439e-02   3.4894995e-02   8.0734693e-03  -2.7466843e-02  -5.5637096e-02  -5.7821460e-02  -3.7807733e-01   3.2622254e-01   5.1259721e-02  -7.2167692e-02  -5.7562700e-03  -5.8561006e-02  -1.3774274e-01   1.0246999e-01   1.2881876e-01  -5.5165533e-03   4.7051949e-02   1.2625902e-01   5.3205970e-03  -1.7527157e-01   1.2884903e-01  -1.2684529e-01  -9.6796685e-02
  -1.4639236e-01   2.2179204e-01   1.1394451e-01  -9.6683842e-02   3.6350037e-02  -2.1570501e-02  -1.1407859e-01   2.6771513e-02  -7.1686633e-02   3.2608219e-01  -2.7190173e-01   6.9903497e-02  -3.9966598e-02   2.5137027e-01   1.5247914e-01   8.8098481e-02  -1.2170237e-01  -5.3235309e-02  -7.0303899e-03   3.5071678e-01   1.1996858e-01  -1.3575373e-01  -2.2928170e-01   2.1184307e-01  -3.3930324e-02  -2.9817601e-03  -1.9991884e-01   2.9520094e-02   2.1925578e-01  -1.2298793e-01  -1.6208018e-02   4.4268496e-02   4.7484663e-02   5.1389666e-03  -1.1167010e-01   1.9559515e-01   4.3016622e-02  -1.5655955e-02  -3.4840541e-02   5.2141087e-02  -1.0810756e-02   7.0945550e-02  -2.5876412e-01  -5.7951877e-02   1.9814975e-01   1.1424906e-01  -1.7754400e-01   2.7974897e-02  -8.9084487e-02
  -1.3757239e-01   1.5232110e-01   7.3903834e-02   2.3267963e-01   2.4730423e-02  -9.7754720e-02   2.8989675e-02   1.6765154e-01  -4.4837646e-02  -1.5180356e-01  -1.0661545e-01  -1.0357979e-01   1.1002661e-01   2.9683475e-01   4.0441412e-02  -2.2438396e-01  -1.5186991e-01   1.9980534e-01   2.0981346e-01  -9.1761966e-03   1.9875927e-01  -1.3763549e-01   2.9786901e-01   4.2623973e-02   5.8819003e-02  -8.2744812e-02  -1.0421762e-01   1.1738429e-01  -4.9235777e-03  -1.0956662e-02  -3.2785885e-01  -1.2946783e-01   1.6921759e-01  -1.2763822e-02   1.9395667e-02  -2.0779359e-01   9.7916513e-02  -6.3800653e-02  -8.8715726e-02   1.1757346e-01   1.0982412e-01   9.4149382e-02   4.3805278e-02   3.8517103e-02  -7.2986550e-02   7.7955453e-02   1.5822696e-01   4.8525203e-02   2.7120065e-01
  -1.5901764e-01   3.0991074e-01  -2.4436848e-02  -1.0725195e-01  -2.0611160e-01  -1.1319336e-01  -1.0215993e-02  -1.4380550e-01  -7.5614328e-02  -1.2994232e-01   1.9188986e-01   3.6241112e-03   1.3284764e-01   4.0325812e-02  -3.8528712e-02   9.8774099e-02   5.0615890e-02   5.0344729e-02   1.4670698e-01   4.4761254e-02   1.6459767e-01  -2.5615842e-01  -3.5238713e-02   3.0607239e-02  -1.3311265e-01  -3.5590442e-01   2.0872461e-01  -7.0851329e-02  -1.8003127e-01  -5.3507819e-02   1.2409484e-01   9.8084883e-02  -9.8578250e-02  -5.4262631e-02  -2.4775453e-02  -1.3959720e-01  -2.7807290e-02   4.8712848e-02   1.3588015e-01  -1.5565412e-01   2.1730335e-02  -2.6828068e-02  -1.0095757e-01   3.9086616e-01   1.0743484e-01   6.9814634e-02   1.0360771e-01  -1.0701621e-01  -2.0589545e-01
  -1.4839666e-01  -3.3404293e-02  -6.3062991e-02  -1.0550674e-01  -1.7311717e-02   3.9731796e-01   9.9486360e-03  -1.3449577e-02  -1.6407881e-01  -5.4128275e-02   1.0180177e-01  -1.4122762e-01  -1.6819218e-01   1.9591239e-01   4.6963313e-02  -2.1143776e-02  -2.9489070e-02  -5.4552340e-02  -9.8937543e-02  -1.8761155e-01  -4.0751154e-03   1.6500121e-01   1.7064964e-01   5.7178430e-02   1.2824678e-01  -2.3699455e-01   1.9832278e-02   1.3431010e-01   1.0594393e-01  -3.2190210e-01   7.8816293e-02  -1.5803776e-01   9.1688399e-02  -1.7444989e-01  -8.0175511e-02   8.0391857e-02  -1.2299302e-01   7.3983480e-02   3.1558119e-02   1.2648809e-01   4.4817154e-02   6.7643833e-02   8.8103196e-02  -1.0673858e-01  -1.6000336e-01   2.4711399e-01   4.4911582e-02  -5.0245543e-02  -3.4930090e-01
  -1.3973068e-01   4.6678983e-02  -3.0720152e-02  -8.4571581e-02  -2.6101422e-01   5.1085420e-02   2.2791760e-02   1.5545195e-01   6.0955773e-02  -5.1069189e-02  -1.4653739e-01   5.1539486e-02  -2.9678800e-03  -1.2744912e-01   4.8208072e-01   5.4221230e-02  -6.6239354e-02   1.9487551e-01  -2.5621982e-01   5.5318711e-02  -6.5497215e-03   2.0901048e-02  -7.5704340e-02  -2.1673878e-01   7.1715067e-02  -2.2500741e-01   1.3934269e-01   1.6776355e-01   3.6473053e-02   3.3036829e-02  -8.4367056e-02   2.7186638e-01  -1.4578055e-01  -6.3510174e-02  -1.2208123e-01  -5.2244405e-02   1.9023834e-02   1.2754786e-01  -2.8849135e-01  -1.4662691e-02  -7.2799511e-02  -5.4083838e-02   1.5151997e-01  -9.9849725e-04  -1.7840517e-01  -9.8227519e-02  -1.0658298e-01   4.0321012e-02   1.1423369e-01
  -1.4260277e-01   1.7014025e-01   1.4522135e-01   2.5030178e-01  -1.1081768e-01  -3.7941788e-02   1.0845575e-01   3.5326155e-02   6.5802945e-02   2.4637347e-01   1.1883068e-01  -7.5418949e-02   6.9335436e-02   1.6210292e-01  -3.0634264e-02  -3.1474472e-02   6.9322499e-02  -1.0941376e-01  -1.7242609e-01  -2.8617505e-01  -1.2130057e-01   4.1128932e-02   1.0437057e-01  -1.4425416e-01  -2.5059912e-02   5.3424555e-02  -5.2229824e-02   1.8361858e-01   3.4766073e-01   1.9912267e-01  -1.0420264e-01   5.8696349e-02  -2.4322939e-01  -6.9755357e-02   3.5350309e-01  -5.7008008e-02  -9.3077333e-02   2.4369880e-02   1.0280562e-01  -1.1079918e-01  -1.2068390e-01  -8.1241753e-02  -1.8235065e-01   1.1486258e-01   2.5200420e-02   5.5547501e-02  -7.8845910e-02   1.2648913e-01  -1.1508306e-01
  -1.5258159e-01  -6.0065735e-02   2.6372329e-01  -6.4752548e-02   2.8847367e-01   7.1244286e-02  -3.0472357e-01  -1.1592638e-01   3.6365986e-02   1.2431897e-01   1.7032818e-01   7.9445802e-02   4.3121572e-03  -1.5202067e-01   8.2320503e-02   8.3563194e-02   6.6740748e-02   2.3056645e-01  -4.8036191e-02   1.0952728e-01  -1.0508756e-01  -3.4179417e-02  -1.4429336e-01  -2.1610676e-01   1.6073207e-01  -4.0813497e-02  -1.8577030e-02   8.5747457e-02  -6.8030452e-02  -7.6393365e-02  -1.2110238e-02  -6.1153505e-02   4.4152574e-03  -1.7426160e-01   1.2318162e-01  -9.6784068e-02  -6.4659912e-02  -4.3732522e-01   1.2892551e-01   1.3400769e-01   2.0294487e-01   5.1233575e-03  -5.8768229e-02   1.7111783e-01  -1.5571767e-01   5.3323622e-02   2.8979061e-02   1.5149225e-01   6.9411707e-02
  -1.5323476e-01  -3.5803863e-02   2.3612085e-01  -1.3146583e-01   8.4284950e-02   4.6799833e-03   1.2178906e-01   1.7045590e-01  -8.2304791e-02   1.7798415e-02   3.4431139e-02   1.3834615e-01  -1.3427510e-01  -9.9671874e-03  -1.7209079e-01   1.7639104e-01   3.3360791e-02   3.6448812e-01  -4.3560448e-02   5.1028529e-02  -2.8459670e-01   1.7339898e-01   2.3036989e-01   9.4315401e-02  -2.9920293e-01   1.4338640e-02  -1.6381658e-01  -4.2473460e-02   4.3495765e-02  -1.5068602e-01   2.2973610e-02   1.6421145e-01   1.1266351e-02  -1.4973659e-01   4.9245272e-02  -1.3632548e-01   2.1545898e-01   1.6748733e-01  -4.4238055e-03   2.9991805e-02  -6.0494450e-02   1.7167629e-01   2.5756789e-03   4.6349679e-02   1.4346928e-01  -2.4975582e-01   1.0359739e-01  -1.1577599e-01  -4.0288610e-02
  -1.3623987e-01  -3.1227663e-02  -1.1847982e-01   9.0671855e-02  -2.2933047e-01  -5.7311918e-02   4.4619816e-02  -3.0302837e-02   3.8828641e-02   1.7859046e-01   5.9922866e-02   7.6028966e-02   4.0447054e-02   7.9153907e-02   3.2849719e-02   5.2573844e-02  -1.6113774e-01  -2.2957575e-01   1.5172196e-01   6.2466119e-02  -2.2591949e-02   4.1963598e-01  -8.9836421e-02   9.1495908e-02  -7.9189045e-02  -4.7235981e-02  -3.5242079e-02  -1.3439570e-01  -2.2057313e-01  -1.2738339e-01   1.5334498e-01  -1.9211524e-02  -1.1294724e-02  -1.6966247e-01   5.2412411e-02  -1.2543474e-01   1.5690102e-01  -3.1883592e-02   1.4997435e-02   1.1849990e-02  -1.5067067e-01   2.7556142e-02  -2.9994018e-01  -1.5243220e-02  -3.9677687e-01   2.9196115e-02   8.9128537e-02   1.0998475e-01   2.5360725e-01
  -1.4847249e-01  -3.1347034e-01  -9.8186862e-02  -1.9311167e-02   8.3379231e-02   9.6155781e-02  -2.9808235e-02  -7.9230269e-02  -1.8962260e-01   1.1058955e-01   4.2669152e-02  -1.4511085e-01   5.2811350e-02  -1.5869514e-01   1.6029721e-03  -9.8046166e-02   1.7477460e-02  -2.3714067e-01  -2.9157131e-01   2.2455117e-02   1.4075100e-01  -1.1490697e-01   1.0506337e-01   5.8395105e-02  -1.4135665e-01  -1.1364392e-01  -1.0330131e-01   3.7487417e-02  -1.0787874e-01  -8.3909634e-02  -1.7481884e-01   5.7836315e-02   1.5389067e-02   8.2261679e-02   1.2983803e-01   1.2749563e-01   4.7974174e-01   1.1948460e-01   8.1351371e-02   6.3205611e-03   5.9167264e-02  -8.9719254e-02   8.3319693e-02   2.9468099e-01   5.8043313e-02   7.3971634e-02  -1.2985587e-01   1.1259274e-01   1.2516973e-01
  -1.2280402e-01   2.1140637e-02   1.3339259e-01  -1.3978412e-01  -1.1986671e-01   4.6503223e-02   2.9275096e-01   5.1655419e-02   1.2005804e-01  -5.2592347e-02  -7.0386625e-02   5.8133508e-02   3.9390634e-02  -7.2578235e-02  -9.2933511e-02   9.1736775e-02   1.4651088e-01   4.4628106e-02  -1.0343637e-01  -1.3361355e-01   1.7894714e-01  -1.2176388e-01  -2.2629324e-01   3.3844783e-01   9.3663784e-02   6.2645623e-02  -4.7535058e-02  -1.2382553e-01  -1.8534844e-01  -1.3362327e-01  -2.3856067e-01  -7.4842141e-02  -1.1505250e-01  -5.9075470e-02   2.3146233e-01  -3.1444397e-03  -6.2428844e-02  -2.4735771e-01  -1.8388760e-02   1.3339736e-01  -3.8819443e-01   5.3303419e-02   2.4654730e-01  -6.0986127e-02  -9.1950141e-03   8.6088329e-02  -2.5035196e-02   5.4440183e-02  -2.3924680e-02
  -1.6496951e-01  -2.0290654e-01   1.3880969e-02   6.3321544e-02   7.5274419e-02  -1.1995233e-01  -2.2136550e-01   8.7111093e-02   2.8124120e-01  -1.1461562e-01   2.2109930e-02  -2.3973439e-01  -1.1395121e-02  -3.7570825e-02  -3.0602316e-02   1.2954588e-01   2.1615963e-01   2.7904671e-02   2.7559637e-01   8.0264530e-02   1.1922160e-01   1.3200365e-01  -2.0899913e-02  -1.4888272e-01   6.6143642e-02  -9.1971394e-02  -2.4213251e-01  -1.9142071e-01   1.4822310e-01  -1.0210933e-02   8.2457866e-02   2.2009349e-01  -1.3104590e-01   3.1704049e-03   1.6651986e-02  -5.2967297e-02   6.8093044e-02   1.4487979e-01  -1.1339011e-01   4.6647004e-02  -1.2855280e-01  -1.0349787e-01   1.0906498e-01  -8.3002576e-02   1.2812883e-01   4.2697499e-01   6.9768491e-02  -3.3013305e-03  -3.4641978e-02
  -1.3504845e-01   1.9058727e-01   8.2147349e-02  -2.0304938e-02  -1.4275701e-01  -2.8723486e-02  -1.8694654e-02  -1.8513055e-01  -2.4646322e-01  -4.7264389e-02   4.5968911e-02  -9.3453328e-02   6.0120355e-02  -3.7071152e-01  -2.5813255e-02  -6.4429948e-02   3.7788801e-02   6.4465224e-03   2.2447307e-01  -2.2105983e-01  -2.3496995e-01  -1.0908544e-01  -9.0672128e-02  -4.2181783e-02  -1.1135600e-01   1.0789092e-01  -2.0017981e-01   2.1283083e-01   7.1235975e-02  -1.9610272e-01  -9.8291348e-02   1.1271728e-01   1.5400603e-01   2.6936776e-01  -8.2443178e-02   6.6238095e-02   1.1116536e-01  -1.3772424e-01  -1.8771347e-01  -6.9170543e-02  -9.5643520e-02  -1.1500488e-01  -1.3438688e-01  -1.6084046e-01  -1.6616635e-01   1.0445496e-01   5.2168707e-02  -1.5041093e-01  -2.5404521e-02
  -1.4356644e-01  -2.6144013e-01   5.4850464e-02  -2.0527598e-01  -1.0873511e-01   4.5957132e-02   3.8230688e-02  -9.6125992e-02  -1.1691812e-01   5.1020430e-02   1.1345410e-01   2.2312882e-02  -9.2065800e-02  -5.4775732e-02  -7.4061345e-02  -2.1973065e-01  -3.8267839e-02  -2.4931037e-02   5.6419112e-02   7.5397515e-02   3.0256250e-01  -1.5951914e-01   8.3786418e-02  -8.2242569e-02  -1.9403086e-01   4.1510083e-01   2.2447659e-01   5.5153475e-02   1.1371347e-01   1.7891055e-01   3.8928533e-03   2.5481789e-01   5.0187431e-02  -2.3102752e-01  -1.2401278e-01  -1.5009364e-01  -1.4394149e-01   3.3958466e-03  -6.4343221e-02   1.0465844e-01  -8.0004072e-02   2.2569051e-01  -1.0835012e-01  -2.6675403e-02  -7.5373885e-02   1.5754972e-01   4.1990685e-03   3.5060992e-02  -1.4219443e-02
  -1.2412816e-01   9.4820958e-02  -1.3528727e-01   1.0724710e-01   2.4408985e-01   2.1450472e-01   8.0900244e-02   4.0744971e-02   1.6811321e-02  -4.3766464e-02   1.0958329e-01   3.9209735e-01   9.9556137e-02  -7.9779176e-02   2.0630754e-01  -1.1964129e-01   1.2167966e-01   1.7079684e-01   8.2956135e-02   2.3015826e-02   1.3996826e-01   1.0385327e-01  -4.1606180e-02   1.1387807e-01  -1.6181053e-01   1.9350248e-01   6.0691417e-02   2.2545983e-02   7.5595023e-02   3.6531770e-02  -2.2347558e-02  -1.8336507e-01  -6.0658673e-02  -1.5505105e-01   3.5735122e-02   1.7984451e-01  -3.0058621e-03   1.5939604e-01  -7.8675552e-03  -3.0523102e-03  -1.6120453e-02  -4.2303920e-01  -5.3833949e-02   7.1138686e-02   9.9186709e-03   1.5435454e-01   7.8882748e-02  -2.6478438e-01   1.0573181e-01
  -1.6414921e-01  -1.4398125e-01  -5.3617315e-02   6.9159225e-03   1.1086357e-01  -8.9639426e-03   1.2498732e-01   1.9559492e-02   8.3353783e-02  -3.0498982e-01   3.2475073e-01  -2.2156831e-02  -5.0025722e-02   4.9604284e-02   2.9165657e-01  -3.3280312e-01  -5.5217573e-02  -1.2308573e-02   9.9037538e-02  -4.1289665e-02  -1.3886615e-01   8.6297903e-02  -1.6182656e-01   1.6936269e-01  -2.4723600e-02  -4.6709326e-02  -6.3464515e-02  -1.9332524e-01   9.5470291e-02  -1.3007110e-01  -3.9288796e-02   6.0018425e-02   9.9957089e-02   8.9853031e-02   2.6642285e-02  -1.2617248e-01  -1.2769072e-01  -9.1174514e-02  -6.3229150e-02  -1.4757095e-01   3.9268473e-02   8.5910693e-02  -1.4445348e-01   4.7671531e-02   2.0411682e-01  -1.4602054e-01  -3.6788494e-01   1.6135045e-01  -3.3499235e-02
  -1.5025850e-01   1.7229108e-01  -1.3848554e-01  -8.5760694e-02   1.0241048e-01   2.3942372e-01  -1.5577363e-01  -1.7389786e-01  -8.9182090e-02  -8.0072694e-02  -1.7611611e-01   2.9847118e-02   1.7180597e-01   5.2714398e-02  -4.3009650e-02   9.7291399e-02  -1.2150679e-01  -1.1704015e-01   2.8970652e-02  -1.2788128e-01  -1.1445425e-01   1.9827014e-01  -1.2218248e-01  -5.0262395e-02  -1.3167619e-01   3.2878721e-02  -2.0866510e-01  -1.6591034e-01   1.0252075e-01   3.2307873e-01  -1.6051693e-01   4.4079802e-02   1.0173086e-01   5.1669341e-02  -2.3954938e-01  -2.0328301e-01  -1.2460593e-01   1.2519585e-02   1.6658408e-01   1.9197200e-01  -1.6145399e-01   4.1687152e-02   2.5260273e-01   2.5887729e-01  -3.0760648e-02  -5.3246632e-02  -8.1347388e-02   3.3764250e-03   1.8479243e-02
  -1.2845774e-01   5.9334132e-02   5.8968870e-02   8.1675023e-02  -1.7499480e-01   1.4832011e-01  -2.9159590e-01   7.5384621e-02   4.1119991e-02   2.3860120e-01   1.7431728e-01   7.0078844e-02   2.3331804e-02   1.3238457e-01  -1.6587533e-02  -1.4953768e-01  -7.9376770e-02  -1.2045189e-01   1.9908365e-01  -2.3468807e-01  -7.4616042e-02  -1.9984282e-01  -7.9285245e-02  -3.6654210e-02  -6.0209265e-02  -3.3097047e-03   1.5122474e-01  -1.3595744e-01   6.3420903e-02  -8.0474901e-02   1.6722569e-01  -2.9582531e-04  -1.0165522e-01  -1.8674210e-01  -3.5306969e-02   6.4397193e-02   2.3019267e-01  -1.2334360e-01  -2.6461014e-02   1.3881061e-02   3.0549759e-02   1.1511158e-02   3.9221059e-01  -2.0246627e-01   1.9665434e-01  -1.8508520e-01  -6.3794244e-02  -1.2087337e-01   1.8047190e-01
  -1.2539231e-01  -8.5265233e-02  -1.4946914e-01   3.9385831e-01   1.6406579e-02   2.8507306e-02  -8.7981663e-02   9.2174616e-02   5.1209339e-03   1.8308271e-01   1.7765759e-01  -8.0809991e-03   1.2987409e-01  -7.0094593e-02  -1.5709828e-01  -3.8427886e-02  -1.5426289e-01   2.8898721e-01  -2.3095861e-01   1.7990249e-01  -6.6749144e-02  -4.7661201e-02  -4.9054425e-02   1.4480989e-01  -4.8661838e-02  -1.0915024e-01   2.5030479e-01  -2.0935656e-01   1.7012890e-01   3.2558454e-02   2.5261130e-02   6.7126570e-02   1.8292372e-01   3.0163187e-01  -5.4535791e-02   1.2926324e-01  -8.0010735e-02  -7.4734745e-02  -2.8153124e-02  -1.4780211e-02  -2.1451893e-01   1.1229621e-01   6.7967810e-02   1.1950700e-03  -1.3893874e-01   7.2079328e-02   1.7604107e-01   3.8090812e-02  -1.1298010e-01
  -1.6142731e-01   1.5934960e-01   1.5763083e-01  -1.1057373e-01   1.2658154e-01  -7.1275963e-02   3.4945124e-02  -3.2017507e-04  -2.1216855e-01  -7.4383119e-02   3.5415961e-02  -2.3710763e-01  -6.0594212e-03   4.7917950e-02   4.7058526e-02  -3.0542298e-02  -3.1235218e-01  -2.6015401e-02  -1.8044806e-01   7.8555788e-02  -2.4127421e-01   5.9404758e-02   8.7562042e-02   5.3999813e-02  -1.2315496e-02   9.5127207e-02   2.5837241e-02  -5.7923374e-02  -3.1758402e-01   1.4788033e-01   1.6313730e-01   1.0870276e-01  -2.4087076e-02  -7.0647151e-02   1.1907673e-01   1.8626617e-01  -2.4510951e-01   1.2391199e-02  -1.9229674e-02  -1.8068930e-01  -2.4537890e-02  -9.4690187e-02   1.4252215e-01  -1.0518184e-01   1.7045409e-01   3.0809145e-01   6.0926526e-02  -1.1041407e-03   2.7502523e-01
  -1.4772851e-01   1.2406754e-01  -7.8085574e-02  -2.1546891e-01   1.3367264e-01  -1.1473551e-02  -7.1134250e-02   3.1596819e-01   6.3774118e-02  -2.3422695e-01   8.5105339e-02   1.7810511e-01   2.9340776e-01   8.0704764e-02  -2.4783605e-01   5.9217951e-02   8.1508409e-02  -2.0091948e-01  -1.0625222e-01  -6.7714582e-02   6.7581564e-02   3.8520564e-02   8.8999385e-02  -6.0592332e-02  -7.4815485e-02   2.9527163e-03   5.0124651e-02  -2.0371577e-02   4.5239028e-02  -1.2466002e-01  -1.5296452e-01   2.4544296e-01  -1.3506820e-01   4.2071667e-02  -1.8193736e-01   2.6789789e-01  -3.6935089e-02  -1.1501084e-01   5.0608968e-02  -4.5672256e-02   1.7455686e-01  -3.0061483e-02  -1.1654218e-01  -1.8973681e-01  -9.2349915e-02  -8.7122002e-02   1.2060088e-01   2.9087016e-01   3.6056481e-02
  -1.2869820e-01  -1.2808386e-01   1.3253640e-01  -1.3583230e-01   7.6240642e-02  -1.1229610e-01   1.4005209e-01   1.6912544e-01   1.0171587e-01   1.9512855e-01   1.3080135e-02  -8.0995285e-02   1.6684010e-01   2.2779571e-02   2.8857453e-02  -1.2159959e-01  -5.2354662e-02  -1.6251727e-01   1.2258386e-01  -8.6218881e-03  -1.0937177e-01  -1.1163162e-04  -1.5292574e-01   5.5802402e-04  -2.1550710e-01  -1.5764226e-01   7.6681790e-02   1.1943234e-01  -1.7794278e-01   1.8228156e-01   5.7713932e-02  -6.9271669e-02   1.3363255e-01   1.0659574e-01   1.0691210e-01  -1.5666212e-02  -1.0507317e-01   9.2608657e-02  -2.5471281e-01   4.5251164e-01   1.4012548e-01  -2.2440796e-01   2.7796423e-02  -9.6958968e-03   3.3234405e-02  -1.2395701e-01   1.6108022e-01   4.8834516e-02  -2.7452913e-01
  -1.5027975e-01  -3.6014124e-02   3.1470124e-02   1.1941380e-01  -6.7346399e-02  -1.6509769e-01   2.4069469e-01  -4.5591148e-01  -1.5695889e-01  -4.2570871e-02   5.7026109e-02  -5.4584444e-02   3.0431353e-01   7.0518177e-02   1.2264940e-01   2.0308719e-01   2.1778244e-01   6.6788137e-02  -1.1825931e-02  -4.9691039e-05   8.2294024e-02   1.2612892e-01   5.0760404e-02  -1.1172366e-01   6.8962247e-02  -2.5350899e-02   5.0734618e-02  -1.7198914e-01   1.2695759e-01   1.5585247e-03   1.4515548e-02   1.1278783e-02   6.2050305e-02  -7.0938628e-02   7.4083817e-02   3.1892930e-01  -4.2250282e-02   4.2050312e-02  -6.8733560e-02   2.4983350e-01   1.8463145e-01   2.1192604e-01   2.8523019e-02  -1.2607824e-01   7.5654437e-02  -1.4103765e-01  -3.8965327e-02  -7.3854034e-02   1.3371560e-01
  -1.6423800e-01  -1.1129129e-01   7.9596763e-04  -2.3011667e-02   7.6898830e-02   4.7219622e-03  -1.2417044e-01  -1.4942208e-01  -2.7880634e-02   4.5585732e-02  -2.5378530e-01   1.5043383e-01   5.2341506e-02   1.0291822e-01   4.2423972e-02   2.5642678e-01  -6.8318809e-02   7.8765956e-02  -8.6514202e-02  -3.1167067e-01  -4.4444850e-02  -1.3667022e-01   1.1605285e-01  -2.0504464e-02   7.8873434e-02   1.3745471e-01   3.0424743e-01  -2.6334416e-01  -8.1646819e-02  -1.5442179e-01  -2.5559647e-02  -3.9327556e-02   1.3822523e-01   1.4216091e-01   6.5929185e-02  -3.3417791e-01   4.5020996e-02   1.5412536e-01  -8.5607559e-02  -3.9513209e-02   4.6995282e-02  -2.4662871e-01  -1.9227570e-01  -1.8089073e-01   1.0247154e-01   9.1572955e-02  -8.0119056e-02   1.6151199e-01  -4.1747149e-02
