  -1.3806516e-01   2.7803161e-02   1.3915147e-01   9.5455025e-02  -7.6641665e-02  -4.5209261e-02  -2.2931145e-01  -2.5745984e-02   4.3691897e-04  -1.1855507e-01   2.6455850e-01   1.5869790e-02  -1.1004784e-01   1.3594251e-01   2.3042906e-01   4.5679139e-02   1.9159054e-01  -1.6840652e-01   1.8492699e-01   1.8742851e-01   2.0066283e-01   3.1532275e-02  -1.2513747e-01   1.2310864e-01  -7.8389136e-02   1.7383443e-02  -2.0522218e-02  -2.0112670e-02   1.7652952e-02   8.2485844e-02   1.2874631e-01  -8.7398340e-02  -6.0046228e-02  -2.6387473e-01  -7.6422177e-02   7.4376763e-02  -5.2576194e-02   1.8078615e-02  -6.3912655e-02  -6.9631865e-03  -2.0330748e-01   7.4304220e-02  -1.9017289e-01  -1.7140973e-01  -3.8709710e-01   6.7710862e-02   2.6031588e-01  -1.3907104e-01  -1.7208010e-01
  -1.3087733e-01   9.4816342e-02  -9.3829000e-02  -1.4920092e-01  -3.5444196e-01   3.7579120e-02   7.1501052e-02   3.8441093e-02  -3.1104138e-01  -1.2996369e-01  -1.2564555e-01   3.4184836e-02  -1.4335123e-01  -1.2983003e-01   2.0571212e-01   1.5024983e-02   1.5037628e-01  -2.5929623e-01   6.4440455e-02  -1.9925533e-01  -6.8871989e-02   8.1386478e-02  -5.0862206e-02  -1.1413053e-01   2.8556054e-01  -1.7931436e-02  -6.5605180e-02  -4.5445362e-02   1.3558636e-01  -1.4047225e-01  -1.7562167e-01  -1.0513723e-01  -1.6803039e-01   2.3146702e-01   1.3925410e-01   1.3432800e-01   6.4542287e-02   8.8832188e-02  -1.0667182e-02  -1.2206639e-01   1.6905056e-02  -1.4996497e-01   9.9065814e-02   3.5094640e-02  -1.7665936e-01  -1.8829514e-01   2.6988957e-03   3.9425004e-02  -1.4611042e-01
  -1.4306427e-01   1.1084660e-01   2.7061903e-03   9.2033395e-02  -2.3593480e-02  -1.7371101e-02  -9.4589330e-02   1.7365583e-01   1.1308558e-01   2.9436242e-02   2.4615522e-02  -1.1944876e-01  -1.6161962e-02  -2.8465214e-02  -1.3163543e-01  -2.7998275e-02   3.4616193e-01  -5.4387332e-02  -2.3097871e-01   4.0616555e-02  -1.6736149e-01   9.2270444e-03  -2.8182029e-01  -7.1401518e-02  -2.6354469e-01  -1.5199403e-01  -1.1449268e-02   1.6754666e-01  -7.0947982e-02   1.0959659e-01   1.6995217e-02   8.9707716e-02  -5.1262798e-02  -7.0499082e-02   8.7358960e-02   2.1439078e-02   2.1535524e-01   2.0852792e-01   3.2279523e-03  -2.0178372e-01   7.8804518e-02   5.5564166e-02   3.7889284e-02   4.9901553e-01  -3.7096763e-02  -4.8648973e-02  -9.8971834e-03  -1.5396380e-01   3.1237091e-02
  -1.6448937e-01   6.5632474e-03  -1.7720578e-03   5.2232057e-02   1.3083737e-01   5.4454919e-02   9.5861068e-02   1.3427636e-01   2.0946667e-02   2.3407916e-01  -9.6135796e-02  -2.0992249e-01  -2.5061313e-02  -1.2652168e-01   2.8545539e-01  -1.8938531e-02  -2.3884756e-01  -4.9474926e-02  -9.7128120e-02   3.0633001e-01   1.8800915e-01   1.1500073e-01  -1.9096496e-02   1.2175780e-02   3.0885933e-01  -2.5931156e-01   7.7020330e-02  -8.6807689e-02   1.2722826e-01   3.5581084e-02   2.3171833e-01  -1.2242212e-02   3.8432420e-02  -9.9943992e-02  -5.6167572e-02  -3.2340812e-02  -9.5577206e-02   2.7573769e-01  -7.3662114e-02  -1.8354551e-01   1.0762151e-01   1.8172732e-01   1.9069732e-01   1.4768319e-02  -5.3320183e-02  -3.4257833e-02  -6.3214649e-02   1.3677995e-01   9.3438912e-02
  -1.5244348e-01  -6.1326566e-02   1.2600120e-01  -1.0253560e-01   1.1559308e-01  -1.2894602e-01   2.4123585e-01  -7.7507257e-02  -5.8010468e-02  -1.6149697e-02   2.0739208e-01  -1.7540714e-01  -1.1301689e-01   9.3703569e-02  -1.9085551e-01  -2.8998717e-01  -4.6284792e-02  -1.5537153e-01  -2.3048766e-01  -5.1080897e-02   4.2480224e-02   1.3956437e-02   3.2126316e-03   2.0510669e-01   4.1126313e-02   1.8211324e-01  -2.0003680e-01   1.8289927e-02  -3.9705851e-02  -1.3209877e-01   6.2632428e-02  -1.0382297e-02  -8.7224947e-02   3.2209725e-02  -1.3937667e-01   8.0907825e-02   1.3084862e-01   9.8672208e-02  -1.7480272e-01  -5.8979747e-02   3.4071595e-01   4.5689519e-02  -1.3903208e-01  -2.2556205e-01   5.7015942e-02  -1.1275043e-01  -1.5838962e-01  -2.5362026e-01  -1.3898836e-01
  -1.3442924e-01  -1.3112621e-01   1.3243182e-01   6.0130428e-02  -1.7589535e-01  -2.0298657e-01  -1.9258102e-01   1.1146417e-01  -1.1904012e-01   1.4028589e-01  -7.6350321e-02  -2.4137518e-01   1.0119203e-01   6.2061194e-02  -2.5880942e-01  -2.4700868e-02  -1.9823917e-02   1.4807614e-01   1.1664914e-02   2.5311542e-01  -7.1249597e-02   2.1642810e-01   1.1349097e-01  -1.2638822e-01  -1.6938861e-01   1.3524302e-01  -2.1293411e-01  -2.0339811e-01  -7.4175248e-03   8.7512919e-03  -6.7709745e-02   9.7430066e-02  -1.9023289e-01   2.1885792e-01  -1.6491605e-01   9.5920541e-02  -5.9076212e-02  -1.0507995e-01  -5.2628136e-02  -1.4147283e-01  -2.5119410e-01   2.9599527e-02   2.0254274e-01  -1.1455702e-01  -9.7189434e-02  -1.4574373e-01   2.0319640e-03   8.0610294e-02   1.1827857e-01
  -1.3691767e-01  -5.9963639e-02   2.7562698e-02   1.1471676e-01  -3.1079315e-01  -4.2839707e-02  -1.4158578e-01   8.3961817e-02   1.4157381e-01  -4.4426764e-02  -1.5860642e-01   1.3697458e-01   2.6017354e-02   7.7415043e-02  -1.1922478e-01   1.6945241e-01  -3.4930082e-01  -1.2412934e-01   2.3407173e-01  -4.4081647e-02   4.9251162e-02   7.6832284e-02  -6.5097275e-02   2.3863809e-02   1.4852552e-01   2.2193591e-01  -1.3928382e-01   2.4538382e-01  -7.8783545e-02   2.0741245e-01  -1.0544586e-01  -3.5349144e-02   4.1358782e-02  -3.8558328e-02  -9.6729684e-02  -2.7520170e-01   5.9277872e-02   2.0292444e-01   1.6609681e-02  -4.9037887e-02   8.2931785e-02   1.2064818e-01  -2.7355374e-01   8.0773556e-02  -7.9033173e-03  -1.1242214e-01  -2.0954890e-01  -1.8258551e-03   8.8326896e-02
  -1.6830922e-01  -1.1310280e-01   2.5342151e-01  -3.7781001e-02  -5.4621730e-03  -1.9629191e-01   9.6519621e-02  -6.1061660e-03  -2.9976362e-02  -8.0163803e-02  -8.8028645e-02   2.7088326e-02   1.4112286e-01  -1.9238760e-01   1.1584038e-01   2.9967206e-01   6.1861820e-02  -3.1941254e-01  -4.0650468e-02   1.3807158e-01   5.7397222e-02  -1.1030391e-01  -4.2422173e-02  -5.1108343e-02  -1.1648295e-01  -3.5957314e-02  -9.4938015e-03  -5.8054965e-03   8.9680856e-02  -8.5833519e-02  -2.2067800e-02   3.5890246e-01   4.7043713e-02   1.8199521e-01  -1.4877117e-01   4.0058195e-02  -2.9682528e-01  -2.3159571e-02   1.4881655e-01  -1.9931119e-02   3.7149071e-02  -3.7932722e-02  -1.5545987e-01   6.6576161e-02   2.7246246e-01   2.2421061e-01  -3.9748653e-02  -5.8893093e-02  -1.7886368e-01
  -1.3461554e-01  -1.1215732e-01  -2.4793650e-01  -1.4965590e-01   5.1037363e-02   2.0439745e-01  -1.2745766e-01  -5.6998598e-02  -1.6036529e-01   1.6922269e-01   5.8585734e-02  -8.4212919e-02  -1.4385431e-01   9.6909216e-02  -5.7679915e-02   1.9327122e-02  -1.0434586e-01  -8.3554724e-02  -9.4430154e-03  -9.9711467e-02  -1.2090849e-01   1.1736057e-01  -1.8246198e-01   1.7383307e-02  -1.1017697e-01   7.4315481e-03  -2.4207356e-01   1.5467663e-01   2.8354918e-01  -1.9360631e-01  -5.7827135e-02   1.4694186e-01   8.0379105e-02  -3.1579194e-01  -8.2617265e-02  -1.4468121e-01  -1.1771803e-01  -7.5617861e-02   6.7220340e-02   5.7428999e-02  -1.3061318e-01  -1.2001999e-01   1.8865152e-01   8.3283459e-04  -9.3281908e-02   2.7130322e-01  -2.8539288e-01  -1.5890863e-02  -5.5353539e-02
  -1.5178130e-01   1.5332390e-02   9.5643610e-02   7.0999196e-02  -2.5848630e-02  -1.9691712e-01   2.9514902e-02  -3.0889995e-01   6.6263582e-02  -1.1070883e-01  -1.2756516e-01  -9.8197786e-02  -7.2877617e-02  -1.7249429e-01  -8.4486918e-02   8.2766483e-02  -2.9940486e-01  -1.4645811e-01   2.2123277e-02   4.2774010e-02  -6.2966839e-02  -3.3009008e-01  -1.6668476e-02   7.7371710e-02  -3.9263964e-02  -1.5327586e-01   1.6297790e-01   8.9148371e-02  -1.0063266e-01  -2.8507905e-01  -9.7738474e-02  -6.6996476e-02   2.8082437e-02  -8.4180178e-02   8.6347977e-02   1.5519078e-01   1.7021848e-01  -2.0220216e-01  -1.1066719e-01  -5.5436749e-02  -1.3983990e-01   4.3684357e-02   1.0840351e-01   3.8860369e-02  -2.5141095e-01   3.9647518e-02  -7.9657898e-02  -1.2109620e-01   3.0412841e-01
  -1.2516594e-01   4.1107825e-03  -1.5238863e-01  -1.0549319e-01  -9.1485108e-02   2.9759074e-02  -1.7231045e-02  -2.3555351e-01   1.8366732e-01   8.2952203e-02  -3.2965710e-02  -7.4853008e-02   1.9102984e-02   5.6380546e-02   5.9397037e-02  -1.8398334e-02   2.5768916e-01  -1.0119442e-01   9.6600042e-02  -1.2485881e-01  -3.4937011e-02   8.1308633e-03   1.4913235e-01   3.7115591e-02   2.8537771e-01  -3.8175253e-02  -3.2875573e-01  -7.6320445e-02  -3.7577176e-01  -5.7868009e-02   2.0227706e-01   1.4958092e-01   1.4378027e-01  -5.0512154e-03   1.7348323e-02  -4.6639927e-02   6.5719600e-02  -1.3803674e-02  -2.3882143e-01  -1.5941143e-01  -2.6826507e-01   7.3418190e-02  -1.7637354e-02   4.9335804e-02   2.5110963e-01   1.7181077e-01   8.8000208e-02   4.5882554e-02   8.0245033e-02
  -1.5648951e-01   1.7704932e-01  -7.9076070e-02   7.9225731e-03   1.2261157e-01   1.4490731e-01  -1.6930919e-01  -1.1028354e-01   5.1562272e-02   1.8934597e-01   9.7560742e-02   2.1536793e-03   1.5794155e-01  -4.3183918e-01  -4.7536325e-02   6.0561246e-03   1.1519204e-01  -6.2068135e-02   7.6658112e-03  -5.0944045e-02   2.2889802e-01  -1.1739915e-01   6.7011976e-02  -1.5588090e-01  -6.1695881e-02   3.0617980e-01  -4.2128303e-02   8.8459099e-03   4.8836580e-02   1.1320524e-02   7.7169794e-03  -1.0291555e-01  -2.9473754e-01   2.3182093e-03   2.3139381e-01   3.8198484e-02  -7.1742362e-03  -3.8015907e-02   4.8997877e-04   1.3468124e-01  -3.7353502e-02   3.7336882e-01  -2.0556831e-02  -3.9636094e-02   2.6928959e-02   1.4316437e-02  -2.3615817e-01   7.0019476e-02  -7.7500789e-02
  -1.4934511e-01  -8.1877056e-02  -4.3096842e-02   8.7419335e-02  -5.2264781e-02   1.1716416e-01  -1.2283054e-01   1.4651260e-01  -2.7142206e-01   2.9363981e-02  -1.2165076e-01   2.7651416e-01   2.4033013e-01   1.9488182e-01   1.4489373e-01  -1.2452928e-01   1.0769023e-01  -1.7020917e-01  -5.0937568e-02   7.4393145e-02   1.0113232e-01  -2.9147055e-01   2.7608037e-01   7.1776837e-02  -2.2897867e-01   5.5239112e-02  -1.0299988e-01   1.3224487e-01   1.4095831e-01   1.0346045e-02   2.2284668e-01  -2.5028258e-01   1.8337372e-01   9.7839521e-02  -4.0899771e-02   5.9397018e-02   7.4728236e-02  -3.5952360e-04  -1.1133235e-01  -4.3803924e-02   7.8605383e-02  -8.6158767e-02   1.2827755e-01   4.7431672e-03   8.0756548e-02   3.2162001e-02  -6.8853350e-02  -6.4376503e-02   2.3349663e-01
  -1.3473993e-01   1.1183141e-01   3.2872735e-02   2.2961689e-01  -1.5228083e-02  -3.0963973e-02   7.7290665e-02   1.8110905e-01   3.6166963e-01  -1.2412189e-01  -1.1207878e-01  -2.2313927e-01  -1.6452784e-02   1.5549869e-02   3.0625385e-02  -3.5803070e-02   2.4687275e-01   4.1162104e-02   4.5071671e-02  -1.4490303e-01  -1.2453539e-01   8.7377978e-02   4.2392598e-01   5.5118246e-02   2.2930313e-02  -1.0482151e-01   1.4271582e-02  -2.6592753e-02   1.9593038e-01  -1.5292485e-01  -5.8384860e-02  -1.6420290e-01  -7.4806854e-02  -1.0807959e-01  -1.8034328e-01   4.4686776e-02  -1.6067407e-01  -1.8044016e-02  -4.6337960e-02   1.6764956e-01   2.4475758e-02  -1.3096215e-01  -1.9540152e-01   7.9043647e-02  -1.1620421e-01   7.5544562e-02  -2.6192020e-01   9.6812337e-02   2.4094685e-02
  -1.6014678e-01  -1.4850632e-01  -1.0811201e-01   2.1999857e-01  -9.3698367e-02   1.4544704e-02  -1.7164728e-01   4.7060249e-02   5.2734088e-02  -1.3276769e-01  -9.6367877e-02  -3.2049694e-02   8.6363508e-02   4.5687273e-02   7.9142069e-02  -3.2785360e-03  -1.5811179e-01   6.7573830e-02  -4.1044042e-01  -4.0674856e-01   2.2723945e-01   9.1217273e-02  -1.9199263e-02  -6.1766298e-02  -1.3934006e-01  -6.1148334e-02   1.1523976e-01   3.9358701e-02  -1.9287528e-03  -1.3848521e-01   8.3109815e-02   2.7289521e-01   3.5151197e-02   7.4650355e-02   1.5286328e-01  -1.3519429e-01  -8.7433229e-02  -4.2167309e-02  -2.9660057e-01   7.0132047e-02   5.1630456e-03   4.3991290e-02  -4.1028305e-02  -1.0410666e-01  -1.0124055e-01  -1.0496487e-01   1.8936875e-01   7.5792955e-02  -1.0353987e-01
  -1.4561209e-01   2.9480087e-02   4.4652483e-01   6.0300449e-02  -7.9076916e-02   2.7386513e-01   1.0252474e-01  -1.1585254e-02  -3.8320763e-02  -8.1516738e-02  -1.7536372e-02  -1.2621122e-02   3.7184580e-02   3.6317847e-02  -1.2350362e-02  -3.5950164e-02  -3.2588857e-02   1.5581985e-01   3.4393219e-02   6.2544390e-02  -1.4628010e-01  -1.1386755e-02  -8.3556213e-02   1.1657645e-01   1.5892004e-02  -3.6650455e-02  -1.2658575e-01   2.6921185e-02   3.2545186e-01   7.2677113e-03  -3.2429985e-02   1.3726015e-01   1.8435204e-01  -1.1410504e-01   2.3277286e-01   1.7215726e-01   3.2204533e-01  -2.9084501e-02  -8.1711456e-02   7.0398100e-02  -1.5129469e-01   1.1506692e-01  -1.2196912e-01  -5.9185177e-02   1.9694425e-01  -7.9384964e-02   9.9352519e-03   3.1171039e-01  -9.8265169e-02
  -1.3998675e-01  -1.3968425e-01   5.2035594e-02  -4.3380124e-02   1.9085445e-01  -3.2903934e-02  -2.0055299e-01   1.2143486e-01  -4.0102807e-02  -1.7832757e-01  -1.6282985e-02   1.6940846e-02   4.4151601e-03   5.1610052e-02   1.9414817e-01  -1.0885362e-01  -1.3988591e-01   4.9034255e-02  -2.1077529e-01   9.4881712e-04  -2.6484531e-01  -1.1644972e-01   2.3033000e-02  -1.8005434e-01   1.0381553e-01  -5.7188197e-02  -1.2080103e-01   2.7356786e-01  -2.6626412e-01  -2.4201359e-02  -2.6721499e-01  -2.7703439e-01  -1.7241750e-01  -1.8834970e-01  -9.6784469e-02   1.6415599e-01  -1.6316974e-01   4.3703533e-02   7.9039845e-02  -4.1344181e-02  -7.5233575e-02   1.3959531e-01   2.7538707e-02  -6.1866471e-02   2.1976421e-01   2.1521607e-02   1.3842324e-01   1.3061390e-01  -1.3692983e-01
  -1.2476459e-01  -1.1421677e-01   2.7211157e-01   5.3332145e-02   7.7041736e-02   2.5757800e-01  -4.1530163e-02   1.1596072e-01   1.0311748e-01  -7.8795316e-03  -1.7864784e-01   1.4908939e-01  -7.3461729e-02  -1.2352491e-01   8.8226755e-02  -5.8214081e-03  -1.3707568e-03   3.7252012e-02  -4.8627232e-02  -1.5360385e-01  -1.0204308e-01  -9.6821299e-02  -1.6166113e-01   4.4851281e-02   1.6250095e-01   2.9714468e-01  -1.1346987e-01  -3.9063521e-01  -6.0380100e-02  -5.1785905e-02   1.3430098e-01   4.4517737e-02  -9.3091079e-02  -1.9991290e-01  -1.3944666e-01  -4.7514024e-02  -8.8828506e-02  -1.8953984e-01   1.0158299e-01   9.7613781e-02   9.8578605e-02  -7.9720375e-02   1.4437539e-01   1.7826833e-01  -3.4781677e-02  -1.6266259e-01   1.3395742e-01  -2.3871295e-01   1.6322621e-01
  -1.6324278e-01   7.9861574e-02  -1.4396177e-01   4.7727674e-02   5.3296075e-02  -3.0416526e-02   1.2473081e-01   3.2072295e-01   1.2302415e-01   3.1798316e-02   1.3819141e-01  -1.1306648e-01   1.5470695e-02  -2.1078565e-01  -3.8657048e-02  -3.1903103e-02  -1.5668314e-01  -1.3156033e-01   3.3941263e-01  -8.9892729e-02  -4.1549204e-02   3.0963465e-02   5.7818664e-02   1.2725699e-01  -1.6603972e-01   4.2003536e-03   1.1000363e-01   7.8484285e-02   8.7599493e-02  -2.5127369e-02  -2.5463618e-02  -8.6912001e-02   8.2669245e-02  -6.4717153e-02   5.0988121e-02  -1.2238276e-01  -1.5112075e-02  -1.0292233e-01  -9.3799645e-02  -1.2625004e-01  -2.0283193e-01  -8.6803026e-02   1.9236519e-01  -6.4008877e-02   3.3864859e-01  -2.6068038e-01   2.2110445e-01  -2.4155998e-01  -1.8179032e-01
  -1.4955857e-01   3.3829168e-01  -1.1439194e-01  -9.5481394e-02  -5.7721360e-02  -9.8196018e-02   5.2923112e-02   1.5335031e-04   8.7563326e-02  -2.2842205e-01  -7.8794050e-03   7.2540418e-02  -2.3673703e-03  -6.3083693e-02  -3.8660325e-02   4.0325550e-02   4.1034409e-02   1.7860637e-01  -6.4955457e-02  -1.4315057e-02   1.9742840e-01  -1.4791580e-01   6.4256206e-02   1.7969859e-01  -8.2082028e-02  -1.1705839e-01  -3.4719819e-01  -2.3438104e-02   6.9770333e-02   9.4152965e-02  -1.4341487e-01   8.1472057e-02   3.7058164e-02  -9.4443687e-02  -7.6860997e-02  -1.6564602e-01  -6.8210993e-03  -2.2148869e-01   2.6023341e-01  -2.6995105e-01   2.8100604e-01   1.0053262e-01   1.6650636e-01  -1.2068131e-01  -8.7734946e-02  -3.0588143e-03   1.5578754e-01   1.9442889e-01   2.6515240e-02
  -1.2289496e-01  -1.1019618e-01  -1.5257846e-01   1.7443062e-01  -1.2694386e-01  -1.3918473e-01  -5.2444590e-02  -1.8448268e-01  -5.4477342e-03   4.5515294e-02   1.2533052e-01   1.0487726e-01   1.2531145e-01   3.5632673e-02   1.7625412e-01  -2.1037280e-01   1.8799040e-01   1.3920077e-01   1.9637044e-01  -9.6991757e-02  -9.6831787e-02  -1.1122251e-01  -3.0794187e-01  -9.0841210e-02   1.7925467e-02  -5.0177329e-02   2.9615931e-01  -1.0910517e-01   3.8027418e-02   5.9896018e-02  -4.2920891e-02   1.1791442e-01   7.8363075e-03  -1.3901932e-01  -2.3609718e-01   8.6573701e-02  -4.7193238e-02  -1.5179204e-01  -6.1379272e-02  -2.1338640e-01   1.3407570e-01   2.6789453e-02  -2.1673378e-02  -1.4653090e-01   1.6679224e-01  -1.9662370e-01  -3.0475075e-01   1.2603855e-01   4.3110385e-02
  -1.4220023e-01   5.6394193e-02   1.0036029e-01  -2.4710635e-01  -3.2177958e-01   7.5247850e-02  -5.0377122e-02  -6.0708099e-02   9.6431017e-02   1.5450857e-01   8.1907653e-02  -4.4769177e-02   2.3490072e-01  -3.0251007e-02   7.2058201e-02  -2.6654957e-01  -4.3347964e-02   4.1096990e-02   8.5113483e-02   1.0137839e-01  -2.2562052e-01   4.1559839e-03   6.8526594e-02  -1.8565922e-02   2.5315319e-02  -2.2110238e-01  -8.3704934e-03   8.3696006e-02  -4.8284730e-02   1.7816682e-01  -1.3443964e-01   1.1468091e-01   8.0975322e-02   4.3382553e-02   1.6166584e-01  -3.1708873e-02  -2.4716297e-01  -5.9038695e-02  -9.3959905e-02   3.5452198e-01   2.6071298e-01   8.7363363e-02   8.3198525e-02  -4.6337012e-02  -1.1921143e-01   3.8061483e-02   9.0322017e-02  -2.6955332e-01   3.2297951e-02
  -1.3536190e-01   2.0919601e-01  -1.1214516e-01  -9.1380547e-03   1.2881993e-01  -1.2185359e-01  -1.3174327e-01   2.1691701e-01  -1.2230482e-01   1.3834203e-01  -9.4420255e-02  -4.1254159e-02  -8.0214994e-02   6.9532417e-02  -1.5749412e-01   1.5889731e-01  -1.4503982e-03  -2.3394951e-01  -7.7263083e-02   7.6329916e-02  -6.1597039e-02   5.8402037e-02  -2.6372276e-01   1.4372231e-01   1.0857821e-01  -9.2212351e-02   7.9476266e-03  -8.3873809e-02  -8.8871749e-02   2.0974246e-01   4.0049983e-02  -1.2731243e-01  -6.4832379e-02   4.1065005e-03   1.3630507e-01   7.7574317e-02  -5.1461754e-02  -3.9410136e-01  -2.3119796e-01   1.9770172e-01   1.5122881e-01  -1.8511014e-01  -2.0049133e-01  -7.1279204e-02   1.2007481e-01   4.5686142e-02   1.1916337e-02   2.2632035e-01   1.1283122e-01
  -1.3708785e-01  -1.6658189e-02   1.2795661e-01  -6.0016273e-02   1.5545473e-01  -1.8844966e-01   1.7022761e-01   1.8107749e-01   7.3338373e-03   1.0989898e-01   6.4693568e-03   2.4143977e-01   3.5069865e-02   1.3938041e-01  -3.1438119e-02   2.7945650e-02  -2.0923225e-02  -4.4977547e-02   1.6532926e-01  -2.9022314e-01  -1.5949599e-01   9.7134764e-02   8.8947347e-03  -1.9697343e-01   5.2997487e-02  -7.3939967e-02   1.1603361e-01   5.9413847e-03   1.2475136e-01   4.9238224e-02   9.2910782e-02   1.1236891e-02  -1.5403869e-01   1.2106329e-01  -1.8570396e-01  -9.5916517e-02   3.0088558e-01  -1.1517662e-01  -7.8307528e-02   1.4083444e-02   4.5905321e-02   3.4418594e-01   1.4975496e-01  -2.3445380e-02  -1.4401552e-01   3.7023720e-01   1.2233090e-01   1.6750521e-02  -3.8882896e-02
  -1.4632939e-01   3.1044433e-02   1.3639053e-01   9.0737555e-02  -7.7247150e-02   2.3865319e-02  -3.2140322e-02  -1.7113315e-01   1.1190714e-01  -1.7148803e-01   8.8766604e-02   1.8927206e-01  -4.1482041e-01  -1.3405501e-01  -1.4284046e-01  -2.1963858e-02  -3.4662739e-03  -1.0465835e-01  -6.5751508e-02   5.2077622e-02  -1.4526254e-01  -3.2105956e-02   4.2847241e-03  -2.3704757e-01  -1.8170257e-01  -1.8473609e-01  -3.1130789e-02  -1.2034831e-01  -9.5606722e-02   1.6643284e-01   2.7124235e-01  -1.5807177e-01   7.5173890e-02   1.2377864e-01  -2.4514809e-02  -2.4014978e-01  -5.6240630e-02   1.5233717e-01  -5.5589918e-03   1.6474354e-01  -3.2103430e-02  -1.0820643e-01   2.3018407e-01  -2.0272753e-01   7.6377284e-02  -4.8657768e-02  -1.5931992e-01   1.4019143e-01  -1.0089750e-01
  -1.4401975e-01   1.8070226e-01   1.6675621e-01  -3.3320538e-01   8.8534948e-02  -7.3687207e-02   1.3836743e-01   4.1522150e-02   1.3892465e-01   8.7336756e-02   1.6172917e-01   2.8060191e-01   5.0591652e-02   5.9507764e-02   1.7994952e-01   5.8156247e-02  -1.7413759e-02   1.6359159e-01  -1.7672060e-01  -9.6422685e-02  -3.7928290e-02   2.1052106e-01  -1.6141649e-01   1.3691671e-01  -1.2290923e-01   5.1936349e-02   1.7169217e-02   2.8958688e-02  -2.8533473e-02  -1.1511576e-01  -5.2342605e-05  -1.9922759e-01   1.3229959e-01   2.0595747e-01   7.6946718e-02  -3.8145591e-02  -2.6241518e-01  -1.2344721e-02  -3.4911602e-02  -1.6762267e-01  -2.8312628e-01   2.8763475e-02  -1.2447064e-01   3.3312150e-02  -9.4611720e-02  -1.2896895e-01  -2.0315804e-01  -1.9107573e-03   1.9753729e-01
  -1.5835703e-01  -1.4576732e-01   4.1781513e-02  -1.6118208e-01  -1.5988433e-01  -1.0538155e-01  -2.4860275e-01  -1.5951843e-01   4.6638903e-02   1.1787753e-01   2.5278493e-01   6.2097115e-02   1.9773785e-01  -1.5571084e-01  -4.7433398e-04   4.4737403e-02  -8.1071138e-02  -9.5494774e-02  -1.5577223e-01  -6.6522911e-02   1.6835671e-02   2.4505202e-01   1.4238688e-01   2.3103609e-01  -4.9966503e-02  -3.1671835e-02   1.8770465e-01  -2.4691579e-01   1.2209167e-02  -8.0425533e-02  -1.0229968e-01  -1.8004162e-01  -4.3189319e-02  -1.4288888e-01  -7.7375018e-02  -5.0259207e-02   2.9600510e-01   1.4480727e-01   1.7271832e-01   4.3183861e-02   9.7344750e-02  -2.1194312e-01   1.3484099e-02   1.0296722e-01   1.4351592e-01   1.0961617e-01   1.4489043e-01   1.8315072e-01   4.3383255e-02
  -1.5312731e-01   1.4486070e-01  -1.9544592e-01  -9.1852709e-02   1.0753110e-01  -1.5951730e-01  -2.1971758e-01   4.9827045e-02   1.5233111e-01  -9.8139113e-02  -2.1506787e-01   1.1763878e-01   1.1222305e-02   3.3089875e-02   1.6243905e-01  -1.3741835e-01  -1.6972190e-01   1.4148929e-01  -8.3036275e-02   7.7215230e-02  -5.2240311e-02  -1.9310890e-04   6.3848450e-02   1.6321537e-01   1.0358443e-01   9.9105123e-03   3.9013332e-02  -4.1455529e-02   1.1190134e-02   2.0413989e-01   1.7416162e-01   2.3399968e-01  -6.6272239e-02   1.2251449e-01   3.6109218e-02   2.1593888e-01   2.7225889e-01  -9.8191792e-04   2.2431209e-01   9.2213192e-02  -2.0147578e-01  -1.5748645e-01   1.4511277e-02  -5.4993237e-02  -2.2697039e-02   2.2299377e-02  -2.3808852e-01  -2.2813034e-01  -2.5886346e-01
  -1.5281346e-01   1.5002857e-01  -9.5832983e-02  -2.0700809e-02   1.5669581e-01  -4.3738705e-02  -2.1239883e-01  -5.4356766e-02   1.1487646e-01  -1.6393485e-01   1.3385049e-01  -5.9549807e-02   3.5704699e-02   7.6130709e-03  -1.5246171e-01  -9.6059446e-03  -5.8352600e-02   4.3925195e-02   1.6213343e-01   3.3163584e-02  -2.5478119e-01  -4.6793062e-02  -4.9592007e-02  -5.8762635e-02   1.1966933e-01   3.9894533e-01   1.1681132e-01   8.8258658e-02   1.4081325e-01  -1.4793617e-01   1.9654336e-01   8.1608412e-02   2.2924993e-01   1.6541115e-01   5.4626344e-02   1.9131935e-01  -1.7942322e-01   2.2378507e-01  -3.3004155e-02  -9.2068369e-02   2.1952622e-01  -1.0272330e-01   7.0137804e-02   3.4123008e-02  -1.0871876e-01   1.0416409e-01   2.3020130e-01   2.0295160e-01   5.5819988e-02
  -1.4691857e-01   1.7400764e-02   1.9019189e-01  -2.4862150e-01  -2.4238684e-02  -7.2599368e-02  -1.0180445e-01  -9.6390066e-02   4.1009098e-02   1.7641514e-02  -1.4205272e-01  -3.4927665e-02  -2.0643163e-01   4.0823122e-01  -2.1428608e-01  -2.5059256e-01  -3.0418100e-03  -5.4873781e-02   9.6387811e-02  -3.7227083e-02   3.8198561e-01  -7.2628972e-02   9.7064578e-02  -1.0547165e-01   6.1345060e-02   8.5188070e-03   2.5847990e-01  -4.4018905e-02   8.4050496e-02  -2.6118491e-03  -1.7528974e-02  -4.2334825e-02  -4.5938641e-02  -8.7941801e-02   1.6560202e-01  -1.4135971e-02  -1.8522284e-01  -1.0242114e-01   9.2529535e-02  -7.2255530e-02  -2.7118343e-02   3.0065388e-02   8.3049397e-02   3.0858208e-01   1.5329020e-01  -3.3458683e-02  -7.7359699e-03   5.4868929e-02  -1.3622499e-01
  -1.0385468e-01  -2.6775505e-01  -8.4850877e-02  -7.9580338e-02   5.1932354e-02  -9.5031838e-02   2.5733837e-02  -4.3464120e-02   7.4953853e-02  -2.7615224e-01  -1.5853619e-01  -3.8605159e-02  -1.4929114e-01  -5.4447953e-02   1.1010456e-01   8.7847629e-02   1.9655037e-01   2.2889892e-01   1.7680423e-01   7.2893009e-02   2.4588024e-01   1.9753279e-01  -2.2796443e-01   2.4938384e-01  -7.7009469e-02   7.0109605e-02  -3.5405307e-02   1.0815699e-01   2.1219237e-02   1.0034012e-02  -1.3969886e-01  -1.1042936e-01  -3.4691630e-02   1.3563768e-01  -9.3605835e-03   9.9381617e-02   3.2286551e-02   1.0806601e-01  -1.9089536e-01   3.0891327e-01   8.8212495e-02   1.0832296e-01   2.8704311e-01   4.4579298e-02   1.7086886e-01   1.0464323e-01  -1.5060018e-02  -2.8003794e-02   1.4004028e-01
  -1.3171201e-01   1.0369645e-01  -2.0514528e-02   3.8167977e-01  -1.4537217e-01   5.3934945e-02   1.1753197e-01  -6.7904361e-02  -1.2270900e-01   2.1046466e-01   2.3397223e-02  -1.9847362e-01  -5.5140277e-02   3.1258300e-02   2.8693262e-02  -1.1814195e-01  -6.0957780e-02   4.8752781e-02  -1.0087481e-01  -1.3056747e-01   2.6658397e-02  -7.4904984e-02  -1.5107468e-01   2.1371385e-01   3.1121085e-02   1.2614230e-01   3.8619831e-02  -6.9927264e-02  -1.4538518e-01   9.8837793e-02  -1.2251452e-01  -2.3205522e-01   3.1106959e-01   2.8454296e-01  -1.5184869e-01   5.1138011e-02  -6.7870792e-02  -6.0451832e-02   2.3356730e-01   9.2479171e-02  -1.0378696e-01   1.3270641e-01   6.8867224e-02   1.5178420e-01  -3.8612520e-02   2.1653757e-01   4.1008213e-02   2.4871620e-02  -2.2905685e-01
  -1.3878614e-01   8.7439612e-02  -1.1081332e-01  -3.0900235e-01  -3.9850391e-02   9.8549159e-02   2.5852557e-01   1.9171713e-01  -1.2071545e-01  -3.4253691e-01  -5.0248736e-02  -2.2523937e-01   2.3713844e-01  -1.8436277e-02  -2.9553515e-02  -9.9672968e-02  -2.6306608e-02  -3.6942024e-02  -5.6867375e-02   5.8082598e-02   7.4941730e-02  -1.3319005e-01  -9.1861617e-02  -2.0995450e-01  -9.9415529e-02   1.8856581e-01   1.7949766e-01  -2.4575200e-01  -1.6942980e-01   1.5254110e-01  -7.4518748e-02   1.4388153e-03   1.4055645e-01  -1.7445844e-01  -1.4404290e-01  -1.2734420e-01   1.0172564e-01   1.2084156e-01  -1.1225822e-01   1.0923611e-01  -1.7775214e-01  -4.9798634e-02  -5.4931974e-02  -2.3819994e-02  -9.8828560e-02   1.2777325e-01  -7.7204308e-02   9.7079827e-02   4.4621322e-02
  -1.5234899e-01  -1.5013639e-01   7.8065977e-02   8.3164815e-02   1.3012322e-01  -1.3875155e-01   1.2119933e-01  -7.9657667e-02  -8.1419681e-02   9.7866670e-02   1.3742425e-01   7.2029367e-02  -1.8347483e-01  -2.0750665e-01   1.7303526e-01  -1.1598737e-01   7.6911357e-02   1.4755644e-01  -9.8921112e-02   1.8067859e-01   3.4672192e-02  -3.3907540e-03   2.0854267e-01  -9.5918223e-02   1.4921202e-01   2.5513435e-01   3.3747598e-02   2.4773027e-01   2.8982584e-02   2.4765382e-01  -1.8543268e-01   1.1531609e-01   4.3336604e-02  -3.3907090e-03   5.1484486e-02  -2.6431471e-01   8.8790069e-02  -2.1295534e-01  -2.1010852e-01  -7.2863018e-02  -2.6827564e-02  -3.1753213e-01  -2.1999915e-02   1.8633304e-01  -1.2919741e-01   5.3844655e-02   3.8121627e-02   6.6093824e-02  -2.4973389e-02
  -1.4313803e-01   1.9988598e-01   1.7984464e-01   1.0629617e-01   2.7718660e-01   1.8265790e-01  -2.3425703e-01   4.3104855e-02  -1.1810259e-02   8.9583331e-02   2.7498267e-02  -1.2947120e-01  -3.5736771e-02   2.0891990e-01   9.8159161e-02   5.7106269e-02   1.3703924e-01  -2.0053099e-02   9.3637350e-02  -2.8526195e-02   7.1964935e-02  -1.1890483e-01  -2.7949059e-02  -1.5588349e-02   7.0740500e-02  -6.4749990e-02   1.0882387e-01  -5.7837554e-02  -9.3334359e-02  -1.2525787e-01  -3.9119469e-01   1.4679670e-01  -3.0191498e-02   2.2292451e-01   4.7248453e-02  -2.8663384e-01   1.4311485e-01   2.0845405e-01   7.3622277e-02  -8.7213740e-03   9.7440732e-03  -1.4223556e-01   3.4224858e-02  -2.9604225e-01   6.0938848e-02   3.1933376e-02  -4.0731972e-02  -1.2451712e-01   1.9375543e-01
  -1.4526893e-01   1.9893254e-02  -2.3765203e-02  -1.3938965e-01   5.0698642e-02   2.8537367e-01  -1.2928011e-01  -1.4965095e-01  -1.6827372e-01  -1.0425403e-01  -2.0052777e-01  -1.9025674e-01  -8.1639180e-02  -1.2119766e-01   9.5109623e-02  -5.4336329e-02  -2.0452566e-02   1.6013649e-01   1.3712045e-01   1.3100066e-01  -6.1494397e-02   2.5555105e-01   2.8879544e-02  -9.8434302e-02  -1.6022926e-01  -7.6522450e-02   1.2768215e-01   1.2536710e-01  -8.9987667e-02  -1.8025394e-01   2.3078866e-01  -1.2974032e-01   1.5247749e-02   1.7267911e-01  -1.6762656e-01  -1.7921864e-01   1.3443347e-01  -2.8379791e-01   1.1583420e-01  -1.1426648e-01   1.6267561e-01   7.8187075e-02  -3.2664800e-01   4.5078059e-02   3.5757054e-02  -2.1054807e-02   6.9641143e-02  -7.6573057e-02  -3.8392229e-02
  -1.4356135e-01   6.1858012e-03  -1.6343743e-01   9.4409474e-02  -1.5926893e-01   1.4462904e-01   9.7224307e-02   7.5410697e-02   1.3515773e-01  -5.4207384e-02   6.4476953e-02   2.2878649e-01  -2.4555380e-02   8.8091361e-03  -2.8843219e-01   3.7385284e-02   1.8309775e-01  -5.4559646e-02  -2.8729042e-01   2.6040632e-01   1.1593702e-01   2.0095519e-01  -4.6138436e-03  -1.9119049e-01   3.1747908e-01   3.0649604e-02   1.8812467e-01   1.5563760e-01   8.9264810e-02  -1.4452917e-01  -8.4032785e-02   1.7736104e-03   1.5966535e-01  -4.4762143e-02  -9.8701842e-02   1.1176927e-01   5.3617412e-02  -1.4252755e-01   1.7408466e-01   6.2960058e-02  -1.0586373e-01   9.3946212e-02   1.6522321e-02  -1.9930708e-01   9.1732750e-02  -3.6440042e-03   9.3026911e-02  -1.9943868e-01   1.4398831e-01
  -1.3333288e-01   1.1168015e-01   1.8551399e-01   1.1281194e-01   5.7017785e-02  -5.7308614e-02   1.5263741e-01  -5.9354440e-02  -2.2488047e-01   3.3646502e-02  -1.1905051e-01   8.1918438e-02   3.2329782e-01  -1.2105007e-01  -2.4232922e-01  -1.3329847e-01   9.9487536e-02   1.3067518e-01   1.3878363e-01  -1.1091417e-01   1.4654840e-01   8.3242875e-02  -1.3362820e-01   1.0479582e-01   1.2796550e-01  -1.3215613e-01  -2.5469384e-03   3.3466045e-01  -2.1237653e-01  -9.5023774e-02   2.4142404e-01   2.7669383e-02  -1.9213697e-01  -1.2416579e-01  -5.1989517e-02  -5.0844381e-02  -9.9252721e-02   1.3878568e-01   1.4199961e-01   1.1913498e-01  -1.0358022e-01  -2.9416581e-01   8.5622141e-02  -5.8329889e-02  -7.9235248e-02  -2.0531208e-02   3.5808111e-02   9.3915700e-02  -1.7275542e-02
  -1.4391756e-01  -1.3261562e-01  -4.9953099e-02  -1.2369955e-01  -2.8762298e-01   1.8925760e-01   1.0052627e-01   1.2277086e-01  -5.5711635e-02   1.1517992e-01   2.2635159e-03  -3.9173123e-02  -1.9658794e-01   3.4807742e-02  -1.0266057e-01   2.8419885e-01   6.7998919e-02   2.7686654e-01  -8.4879096e-02   1.2410222e-02  -1.5837867e-01  -2.9847447e-01   1.0753327e-01   3.0145354e-01   1.7537495e-03   7.3705456e-02   2.9481573e-01   6.9280341e-02  -5.6543799e-02   6.5462633e-02   1.3491562e-01   3.5879215e-02  -3.2055117e-01  -1.4014816e-02   7.1227268e-02  -3.5227749e-02  -1.0783902e-01   9.8118800e-02  -2.9116585e-02  -1.7637557e-01  -4.8281684e-03   2.2085291e-02  -2.7550548e-02  -1.5850039e-01   3.7803579e-02   1.7412403e-01   3.9957623e-03  -1.0043744e-02  -3.1625920e-02
  -1.4291986e-01   5.1544712e-02  -1.8465803e-01   2.9338629e-01   3.1005287e-02   9.1106004e-02   2.7891419e-01  -1.7368420e-01  -7.9255416e-02  -2.0608340e-01   6.7921969e-02   1.0414123e-01  -3.7555878e-03   1.6172075e-01   9.1987526e-02  -2.2859574e-01  -1.7163767e-01  -1.4571989e-01   3.5569406e-02   9.9364833e-02  -1.2463789e-01   2.1854822e-01   3.3104514e-02   6.0781472e-02  -1.4443939e-01   4.8574712e-02  -2.1273024e-02  -1.3792412e-01   3.3024865e-02   7.7376495e-02  -2.8934588e-02   1.1356136e-01  -3.7301474e-01   1.3747684e-02   2.5671889e-01  -3.4486086e-02  -1.3224800e-01   4.9223563e-02   1.3727137e-01  -4.5185273e-02  -5.2525490e-02   3.9995706e-02  -9.6224778e-02   8.5091155e-02   1.2044044e-01   1.5926106e-01   9.2348791e-02  -8.7840431e-03   2.8007534e-01
  -1.2546425e-01  -1.5969259e-01   6.6842747e-02   1.1890887e-01   4.1207913e-02  -1.9585533e-01   6.9812689e-02  -1.8317957e-02  -1.1835201e-01  -1.1531406e-01   4.7197903e-02  -1.9070265e-01   1.8412268e-01   1.4750427e-01   5.5343385e-02   3.2398797e-01   8.6496462e-02   1.2475410e-01   1.6368813e-02  -5.7171200e-02  -6.9540667e-02   1.5819543e-01   6.4411902e-02  -1.6735983e-01   8.3471454e-02   6.0961530e-02  -3.0745125e-02  -9.7882413e-02  -9.4171844e-02   5.2316846e-02   1.2899210e-01  -1.9023632e-01   1.9085462e-01  -1.7563369e-01   4.7576803e-01  -5.8381315e-02   1.6163318e-02  -9.5735952e-02   2.0270776e-01  -9.6826057e-02   1.6092722e-01  -2.5703802e-03   1.1614090e-01  -1.0860427e-01  -1.1891958e-02   3.5871388e-02  -1.8769556e-01  -1.9972571e-01  -7.9894502e-02
  -1.2787424e-01  -2.2821005e-01  -1.3544396e-01   2.1663621e-02   1.9831235e-01   2.7880799e-01   9.8984629e-02  -2.4463364e-02   1.3329927e-01  -7.4312983e-02   1.2222047e-01   1.6833707e-01   2.2781899e-01   1.9262312e-01  -1.1279447e-01   1.5057501e-01   1.4776585e-02  -1.3382947e-01   9.0044353e-02   2.4709692e-01  -5.7560054e-02  -3.3093310e-02   5.1601577e-02   1.7463413e-01   3.1727409e-02  -1.0063917e-01   2.1322918e-02  -6.9026774e-02  -2.1445435e-01  -1.2210208e-01  -1.0288496e-01   4.2843557e-02  -5.4634986e-02   1.5311052e-01   1.5825830e-04  -5.8738539e-02   1.7748074e-02  -1.1636386e-01  -6.0709195e-02   2.7872077e-02   6.4877748e-02   3.7530676e-02   1.3171392e-01   1.8032147e-01  -2.4391011e-01  -2.3109003e-01  -1.1602821e-01   1.9053375e-01  -3.3682944e-01
  -1.5579747e-01  -4.1796328e-02  -2.4518296e-02  -4.3674674e-02   3.9857772e-04   7.8438107e-02   2.0220285e-01   9.1542806e-02   1.0532279e-01   3.1212925e-01  -1.2270597e-01   7.4947202e-02  -2.3528123e-01   2.2101576e-02   1.2893235e-01   4.0962582e-02  -2.0660019e-02  -7.5127529e-02   1.3725326e-01  -7.7532753e-02   1.0771020e-01   1.3131655e-01   1.2452880e-01  -1.4766457e-01  -3.2742435e-01   1.0558418e-01   1.5863590e-02   7.5492139e-02  -3.3911261e-01  -4.5053030e-03  -7.0055030e-02   1.7546080e-01   1.3366352e-01  -1.3975798e-01   4.8317630e-02   3.9542238e-01   7.6932390e-02   5.7948120e-02   1.6747788e-01   3.7168423e-02   1.6665619e-01  -9.0365144e-02  -1.5151079e-02  -1.4412443e-01  -1.0377494e-01  -6.6888788e-02   4.1361462e-02   1.6975173e-01   5.5753516e-02
  -1.3609870e-01  -3.0894764e-01  -9.6954664e-02   9.7052895e-03   1.6678894e-01   3.8174678e-02  -2.0060059e-02   3.1565445e-02   4.9719769e-02   7.8340029e-02  -2.3059679e-01   1.9525584e-01   1.0184077e-02  -2.2361374e-01  -2.9000271e-01  -1.9454205e-01   2.9631771e-02   1.2534180e-01   1.0424824e-01  -2.2002180e-02   4.6252413e-02  -5.6813118e-02  -8.5765843e-02  -2.5724318e-02  -9.0594811e-03  -2.1105008e-01  -1.1508302e-01  -2.5845491e-01   9.8542154e-02   5.9150518e-02  -1.8542034e-01  -1.6234240e-01   1.3704255e-01   3.6375798e-02   1.7001079e-01   6.2341113e-02  -8.8846376e-02   1.6342063e-01  -5.3821189e-02  -2.4173579e-01  -8.6672440e-03  -8.0261271e-02  -2.9102189e-01  -1.0291236e-01  -1.2968064e-01   1.9824203e-01   8.4621287e-02  -1.1534309e-01  -8.2145896e-02
  -1.3283348e-01  -1.2431860e-01  -1.3464020e-02  -2.3599978e-02  -2.1676570e-02   1.9717081e-01   2.5182102e-02   7.2331325e-02   8.0231718e-02  -7.9275949e-02   4.6009293e-01  -1.4709007e-01   1.2369006e-02   3.1507408e-02  -1.6215544e-02   1.3097081e-01  -2.0965384e-01   1.6013867e-01   9.1567368e-02  -1.6452896e-01   2.6302466e-01  -1.4393311e-01  -5.4195087e-02  -2.4531264e-01   9.2007455e-02  -2.2256570e-01  -1.8261580e-01   3.9623743e-02   4.4027635e-02   1.4879045e-01   1.0266109e-01  -3.0022244e-02  -1.2568052e-01   2.1374412e-01  -8.9422672e-02   2.6568774e-01   4.7104945e-02  -8.9701627e-02   6.0519507e-02   1.3903953e-02  -7.5375588e-03  -2.2778851e-01  -8.0258931e-02   1.4841744e-01   3.4623320e-02   3.9511222e-02  -3.0633182e-02  -6.3031192e-02   1.6602906e-01
  -1.4390400e-01  -6.8232637e-02  -1.7228717e-01  -7.4774225e-02   2.0748234e-02  -1.2757182e-01   2.1841564e-01  -2.8416453e-01   2.4972349e-01   2.5360374e-01  -2.0385762e-01  -1.4142058e-01   1.1703695e-01   2.1439595e-01   1.0216730e-01   1.2430832e-01   5.1027767e-02   1.2504335e-02  -8.5682672e-02   7.1739340e-02  -6.9364385e-02  -2.2188507e-01  -1.7317584e-01  -1.7165196e-01  -6.2744193e-02   6.9338668e-02  -1.1705171e-01   4.9331125e-02   2.6604223e-01   7.5912251e-03   5.4419119e-02  -1.9227640e-01  -1.3105131e-01   4.1452164e-02  -3.6314653e-02  -1.4732662e-01   9.0248427e-02   7.8749704e-02   1.0844788e-01   1.7647028e-01  -6.0991571e-02  -1.1633650e-01  -1.0332842e-01  -7.5130247e-02   1.2790357e-03  -2.1868631e-01   2.7172514e-01   2.5409739e-02  -3.1192196e-02
  -1.4595354e-01  -2.2479282e-01  -1.4823469e-01  -7.6260969e-02   1.1509247e-01  -2.4281675e-01  -3.4570465e-02   1.7068883e-01  -2.7265777e-01  -1.1717222e-02   1.6699535e-01  -3.6950949e-02  -1.8473136e-01  -6.8947019e-02  -4.7915532e-02  -7.0620334e-02   1.2150713e-01   5.4175683e-03   6.6035341e-02  -6.9443887e-02  -7.8947049e-02  -1.6711339e-01   1.2608282e-01   1.1374840e-01   8.4735748e-02  -1.1210467e-01  -1.2340495e-02  -3.9086934e-02   1.2963042e-02  -6.2266880e-02   8.4436093e-02   1.6530546e-01   1.4495792e-01   2.8869196e-02   5.8521091e-02  -1.2155011e-01  -1.1977412e-02   7.5255203e-02   2.9835490e-01   2.9305276e-01  -1.1589881e-01   2.6880816e-01  -2.0473810e-01   8.9005197e-02  -6.7477232e-02  -2.8563361e-01   3.9500300e-02   9.9393160e-02   2.1723045e-01
  -1.3217815e-01   1.1357978e-01  -1.1423252e-02  -3.4619404e-02   2.4207716e-01   1.3296122e-01  -7.7542905e-03  -3.5725393e-01  -2.2656196e-01  -3.6219903e-02  -9.1651987e-02  -9.2335436e-03   2.4603344e-02   1.4253297e-02  -1.3566565e-01   2.8786963e-01   3.3375792e-02  -3.1857010e-02  -5.8949079e-02  -2.1823737e-01  -7.1098030e-02   1.3794715e-01   2.2754066e-01   5.7039449e-02   1.2151354e-03  -7.1040030e-02   1.0142407e-01   3.9451440e-03   1.1348692e-01   4.3377974e-01  -1.1333106e-01   4.0909497e-02   8.2295166e-02  -8.4843901e-02  -2.3381882e-01   1.8566197e-01  -1.2003913e-01   1.1219055e-01  -1.1874317e-01  -2.4747252e-02  -5.6508282e-02   8.7321230e-02   3.1354604e-02   4.1569523e-02  -1.1875992e-02  -2.2106289e-01   6.6365009e-02  -1.5593985e-01   4.2201384e-02
  -1.5265773e-01   3.1431572e-01  -1.1548308e-01   1.1199002e-01  -6.7467990e-02  -1.4176022e-01   3.0845463e-02  -7.7630962e-03  -2.3767398e-01   1.0164241e-01   6.6553196e-02   2.4212987e-01  -7.6832505e-02   7.9927357e-02  -2.3331637e-03   1.8176401e-01  -1.3019503e-01   3.5675912e-01   5.8105975e-02   1.6632982e-01   3.5423093e-02  -5.4636340e-02   6.8650597e-02  -1.6521289e-01  -2.8406553e-02  -4.6073848e-02  -9.9671025e-02  -2.0980494e-01  -6.1869539e-02  -3.2183280e-01  -6.5843618e-02   1.2559608e-02   3.1339743e-03  -1.4559480e-01  -6.4882742e-02   1.7725481e-02   1.5021456e-02   1.5785671e-01  -2.5359064e-01   1.7666996e-01   7.9840366e-02   3.7018384e-03  -9.3016258e-02   2.1179556e-01   1.2965389e-01  -2.1147005e-03   2.3227518e-02  -1.4796731e-01  -1.5909799e-01
