  -1.3006262e-01  -1.6706081e-01   2.3169597e-03  -1.4885464e-01   1.2349819e-02  -6.7698110e-02  -8.8581070e-02  -1.0712483e-01   6.8192695e-02  -8.2911751e-03   5.6598932e-02   1.4123162e-02   1.5030252e-01  -2.1275393e-01   3.5972036e-01   3.4249915e-02  -8.4271472e-02  -9.3472166e-02  -1.9163706e-01  -1.9252540e-02   2.7237931e-02   4.0703308e-01  -1.1352127e-01  -1.2230733e-01  -1.7111303e-01  -4.9589484e-03   2.1658212e-01  -1.3522585e-01  -2.5875095e-01   1.9691215e-02   1.1143550e-01   7.7033362e-02   8.0770223e-02   2.4137523e-03  -7.6287513e-03  -8.9455027e-02   9.3110486e-02   9.6700063e-02   7.1256464e-02  -1.5180490e-01  -1.0528623e-01   6.6574728e-02  -1.6370919e-01   3.0680422e-01   8.4820008e-02   1.2294883e-01  -1.5775421e-01  -1.6404348e-01   6.1069353e-02
  -1.2882405e-01   2.3606969e-01  -8.8844128e-02   8.5849719e-03  -2.0428437e-02  -2.1472049e-01   9.4876017e-02   3.3779703e-03  -3.8348433e-01  -5.2569758e-02  -1.8137016e-01  -1.9130128e-01   2.2097805e-02  -1.5275424e-02  -2.2886405e-02  -2.3643453e-02   1.0549321e-01   1.7486510e-01  -2.1440396e-01  -9.7142325e-02  -3.1730530e-02   3.8367871e-02  -1.7445966e-01   9.2128789e-02  -6.6504229e-02  -1.0787377e-01  -2.7083521e-01   1.6198610e-01   5.8732790e-02   1.2219938e-01  -1.2256535e-02   2.5240704e-01   3.7534973e-02   1.3908706e-01  -2.3298034e-01  -2.0620232e-01  -1.1176481e-01  -3.1388298e-02   2.5359628e-02  -1.4043361e-01  -5.9167563e-02   1.1220030e-01  -1.2744878e-02   1.5796551e-01  -2.8199485e-01   5.7570551e-02  -4.3226357e-02  -3.0145512e-02  -1.6862258e-01
  -1.4985178e-01   1.9877998e-01  -8.6915296e-02  -8.2957297e-02   1.0917471e-01   2.3526934e-01  -1.4358474e-01   2.2908602e-01  -2.7515164e-02   1.7433710e-01  -1.8252529e-01   5.6664381e-02  -2.1247887e-01  -4.4639256e-02  -4.6036200e-02  -9.4581170e-02  -1.2310531e-01   5.7914254e-02  -2.3889576e-01   4.2889306e-02  -2.1748506e-01   1.8078078e-01  -3.1616475e-02  -2.6017078e-01  -6.0558711e-02  -1.4656138e-01  -2.0475416e-01  -1.5058670e-01  -5.9031122e-02  -1.7298125e-01  -1.4013931e-01  -5.2933341e-02  -1.7551764e-01  -1.0737271e-01   1.5836675e-01  -8.2537123e-02  -2.9121623e-02   1.7933220e-01   2.2654451e-01  -2.2717506e-02  -9.2192517e-02  -1.0877281e-01   2.7454887e-02  -2.2871538e-01  -1.5900694e-03  -2.0710295e-01  -8.5647988e-02  -5.4288698e-02   3.5466897e-03
  -1.5359494e-01  -7.0835712e-02  -1.2162196e-01  -3.4606523e-01  -2.2887179e-01   6.5867315e-02   1.8756602e-01   4.2742234e-02  -1.8971335e-01   1.6022196e-01  -8.1544065e-02  -2.5009441e-02   1.0560833e-01   1.3483161e-01  -9.7645776e-02  -1.0181598e-02   1.7108994e-01  -8.7257363e-02  -1.2339161e-01   3.0816261e-01   1.5343938e-02  -1.8499954e-01  -1.7854870e-02  -4.7056051e-02  -5.2092442e-02   5.4994561e-02   6.9948455e-02  -1.2345519e-01  -3.4775546e-02  -4.2250049e-02  -2.1168724e-01   9.4610468e-02   9.1565370e-02  -2.6381243e-01  -8.5720298e-02  -4.4564245e-02  -5.3119385e-02   5.4236978e-02  -2.3471283e-01   2.1944848e-01  -3.8313731e-03   6.4170367e-02  -2.1965187e-02   2.8080184e-02  -4.4058627e-03   1.1915265e-01  -1.0577986e-01  -2.3346872e-02   3.7526307e-01
  -1.3317549e-01  -9.0802300e-03   1.1233029e-01  -1.4843543e-01  -2.5500121e-01   1.8662613e-01   3.6678313e-02   1.7191076e-01   1.4970054e-01  -1.8758821e-01   3.0052085e-02  -5.5855546e-02   5.7235434e-02  -3.0079278e-01  -1.6615890e-01  -9.6156319e-02  -6.7153279e-02   2.4485233e-01  -2.5869976e-03  -3.4267150e-02  -3.1829597e-02  -4.3915135e-03   1.4513859e-01  -4.6287965e-02   1.7507508e-02   1.4300056e-01  -1.4644160e-01  -5.2179129e-02  -2.4136080e-02  -2.9825586e-01   1.3172915e-01  -1.2389573e-01  -2.7948566e-02   2.6880857e-01  -1.7256523e-01  -3.4978423e-02   5.1140099e-02  -1.7488610e-01   6.0424780e-02  -6.6561075e-02   7.7409498e-02   3.5639509e-01   1.5112295e-01   4.9218371e-02   3.8492811e-02   8.4856700e-02  -9.7174233e-02   1.4244092e-01   1.5965781e-01
  -1.5741392e-01   4.8080468e-02  -1.2236451e-01   7.9626982e-02   7.2445254e-02   3.2042054e-01  -5.1023054e-02   2.1470826e-01   5.8968398e-02  -1.3053285e-01  -2.2497050e-02   3.9917229e-02   3.6007411e-02   2.9934816e-01   1.4001882e-01   2.8452207e-02   9.4791047e-02  -1.9138260e-01   2.0037723e-01  -2.0768320e-03   1.1852618e-01  -1.5763354e-01   1.6454366e-01  -4.7259997e-02  -3.4382016e-01   1.7183041e-02  -1.0838637e-01  -6.0410588e-02  -5.5446560e-02  -1.3153634e-02  -4.5907891e-02   1.1863801e-01  -1.6167269e-01  -6.5769134e-02  -2.1235708e-01   1.4535723e-02   3.8671222e-04  -6.9664476e-02   9.9866160e-02  -7.7451298e-02   6.3808614e-02   2.5566529e-01  -2.5893831e-01   1.4273707e-01   8.7733901e-02  -1.9114825e-02   1.8552449e-01  -1.3824036e-01  -1.9668279e-01
  -1.3777223e-01   8.3017825e-03   3.9639302e-01   5.3135675e-02  -6.1248070e-02   1.2342777e-01  -7.0701437e-02  -6.7042944e-02  -1.9168152e-01  -4.2462497e-02  -9.3793097e-02  -1.6993282e-01   1.9525278e-01   9.7041062e-02   7.2275790e-02   1.2413824e-01  -5.0967770e-02  -3.7957474e-02   2.0029740e-01  -2.7665224e-02   1.6292910e-01  -7.4067480e-02  -2.1323763e-02  -6.5615656e-02   9.7294941e-02   5.7502173e-02  -8.0724704e-03  -2.7237523e-01   1.7473524e-01  -8.2741523e-02   1.6326223e-01   1.9753322e-01  -1.1926163e-01  -7.3724922e-02   1.9473093e-01  -2.4930138e-01  -1.8656200e-02   2.5622995e-01   1.4888173e-01   1.4067119e-01  -6.3346078e-02  -5.9705183e-02   3.1598200e-01   1.6728315e-01   1.8813937e-02   1.0392543e-02   1.0224078e-02   8.7634510e-02  -7.0670630e-02
  -1.5085060e-01   1.3805776e-01   7.1368137e-02   3.0082992e-02   7.3129311e-02   1.6014280e-01   6.0355743e-02   1.8585456e-01   5.7659618e-02  -1.1214422e-01  -8.8712785e-02   1.5344685e-01   8.2030822e-03   8.6956805e-03  -2.0243535e-02   5.6764068e-02   1.3932885e-01   5.5877447e-02   1.2522903e-01  -2.0736778e-01   1.1776325e-01  -3.6364537e-02  -4.1238167e-02   1.0488493e-01   1.7272347e-01   6.1237383e-02  -2.4939354e-02  -2.5355141e-02  -2.6300449e-01   8.4682121e-02   5.9303621e-02  -2.2085649e-01   2.8547892e-01  -2.2061804e-01  -4.0688641e-02  -2.3947141e-01   1.5927488e-01   5.5532601e-02  -2.3465519e-01  -5.4589890e-02  -1.0055229e-01  -6.6332942e-02   3.1173169e-02  -2.1566756e-01  -2.7192903e-02   2.0754317e-01  -3.2069714e-01  -1.5383480e-01  -2.2656420e-01
  -1.3294061e-01  -7.6507606e-03   1.9302194e-01  -3.2246869e-01  -4.1286215e-02  -9.0393256e-02  -1.1054883e-01   1.4545833e-01  -4.9043889e-02  -2.1656425e-01   8.2339444e-02  -5.3036574e-02  -1.6945467e-01   2.7860453e-01   1.2675392e-01   8.8623701e-02   1.5471935e-03  -9.6902993e-02  -2.0354180e-01  -2.4665407e-01   3.9412715e-02  -1.4443580e-02  -1.3704806e-01  -1.0248714e-02   2.4142660e-01  -1.8156505e-01   8.1583751e-02   1.6180484e-01   8.0102992e-02  -2.0458771e-02   2.2368122e-01  -1.3079372e-01  -1.5058058e-01  -9.1896532e-02  -1.9928281e-01   1.8865955e-01   1.3924544e-01   9.1494595e-02   7.5429272e-02   8.7092445e-02   2.8988247e-01   6.3286777e-03  -3.7797996e-02  -4.8785802e-02  -8.6993540e-02  -7.6335393e-02   1.5352179e-02  -1.0069186e-01   1.3831500e-01
  -1.3628295e-01   1.5628335e-01   2.6907357e-01   1.3206218e-01   5.4021413e-02   1.1951997e-01  -5.6542878e-02  -5.1614308e-02  -1.1367828e-01   1.2938424e-01  -1.9601300e-01   6.3606680e-02  -3.0297758e-02  -1.8246991e-01  -5.6535408e-02  -2.5665918e-02   1.6569669e-01   1.4196748e-01   7.3008803e-02  -1.0805075e-01   8.2571341e-02   9.8687145e-02   5.8752558e-02   1.4110800e-01  -1.3364071e-01  -2.4338499e-01   3.3563975e-02   4.3906402e-02  -3.1100664e-01   1.7670137e-01  -1.0833009e-01   4.0173008e-02   1.9748799e-01  -8.9789108e-02   1.8914438e-02   2.6050017e-01  -3.9294434e-03  -5.1766112e-02   4.4032995e-02   1.5609204e-01   3.2823432e-01   2.4855621e-02   7.2228173e-02   2.0046969e-01   1.4151866e-01  -2.0864288e-01   3.8101410e-02   1.3847755e-01   1.6027025e-01
  -1.4278233e-01  -2.3085035e-01   1.0284232e-02   2.4906998e-01  -1.1038049e-01  -9.4224755e-02   1.1795724e-01   2.8391429e-01  -1.1077731e-01   3.7745755e-02   3.3549399e-02  -6.8743740e-02  -2.1571007e-01   1.7383674e-01   2.6277386e-01   4.4472263e-02   2.5267494e-01   7.3171702e-02  -1.3253699e-01  -7.2749059e-03  -4.9960803e-02   1.1924926e-01   1.8299064e-01  -1.5960250e-02  -5.8801186e-02   2.2254760e-01   8.6880725e-03   1.8138470e-01  -1.1623379e-01   1.2515801e-02   5.7824782e-02  -7.9849544e-02  -1.5265055e-01  -6.2635200e-02   4.0573067e-01  -4.5658328e-02  -5.3551545e-02  -4.3986169e-02  -1.3778068e-01  -1.7678266e-01   6.1833617e-02   6.5112441e-02   1.0024775e-01   4.1014323e-02  -8.8029295e-02   2.0815767e-02  -6.5663469e-03   2.2868918e-01   7.3239849e-02
  -1.4962390e-01  -2.7176267e-01   9.8933253e-02   1.4756320e-01  -1.3682132e-01   5.8813438e-02   1.4403011e-01   1.7931213e-01   1.1522106e-01  -1.9990143e-02   2.9293326e-02  -2.2883191e-01   3.4103118e-02  -5.4084421e-02   3.5408136e-02  -9.0485433e-02  -1.8564481e-01  -5.1686059e-02   5.4641362e-02   1.3522020e-01  -1.8405683e-01   3.2080909e-02  -1.3366107e-01   3.4745680e-01  -1.6267996e-01  -2.3768414e-01  -5.9554695e-02  -2.0235659e-01   6.6401382e-02   2.1766090e-01  -1.1241244e-01   3.4591314e-02  -9.0534945e-02   2.9591025e-02   1.9245974e-02   2.2199153e-01   1.1341517e-01   4.5655357e-02   1.1297726e-01   8.3094302e-02   1.0331752e-01  -5.7749593e-02  -2.2643311e-02  -1.8542575e-01  -1.8876503e-01   2.6737907e-01  -1.7492709e-01   9.2182880e-04  -1.0838903e-01
  -1.3781114e-01   1.1972990e-01  -1.5242967e-01   8.4554580e-02   6.3750524e-02  -1.6991537e-01   2.0401783e-01   2.7936976e-02  -3.9486766e-02   1.0679250e-01   1.0982059e-01  -2.8542400e-01   5.5461509e-02  -3.0560116e-02   1.2749949e-01  -1.2821017e-01  -2.8268002e-01  -1.4455112e-01   6.4370085e-02  -1.6602288e-01   8.6757572e-02  -2.4697556e-01  -5.0304811e-03  -5.9940766e-03   6.6055217e-02  -5.3635067e-02  -6.7517173e-02   1.7368635e-01  -8.6021542e-02  -1.4856308e-01  -8.1231006e-02  -1.5617244e-01   1.2284368e-01  -2.0251241e-01  -4.7554268e-02   5.5063706e-02   1.0686953e-01   1.5819645e-01   2.0250617e-01  -5.1121654e-02  -1.7304110e-01   5.1565406e-02  -1.1848277e-01   7.1872615e-02   2.3044953e-01  -1.6215509e-02  -1.0327053e-01   3.9199985e-01   5.7142916e-02
  -1.4333846e-01   2.0607425e-01  -2.0189756e-01   3.9764574e-02  -1.3719193e-01  -7.3381295e-02   4.8491978e-04  -1.6682261e-01   1.5020519e-01  -1.9550311e-01  -1.4913724e-01  -2.1488730e-02   4.8313614e-02  -1.0507670e-03   6.5420329e-02   1.6885122e-01   3.0190499e-02  -1.1411892e-01   9.0144761e-02   3.4228785e-02  -1.3519116e-01  -1.0516789e-01   1.3889345e-01   1.8272485e-01  -1.7911000e-01  -2.9110936e-01   1.3356117e-01   2.3961400e-01  -7.5804297e-02  -1.0593195e-01   1.1290356e-01   5.9410627e-03   1.1121955e-02   8.6839390e-02   1.6551250e-01  -2.4672308e-01  -1.0066238e-01   6.1277325e-02   1.5923621e-01  -8.3959729e-02   7.1464581e-02  -6.9118107e-02   1.9164669e-01  -2.1209137e-01   1.0490025e-01   1.6603229e-01   9.1517435e-02  -1.8251299e-01   2.8781784e-01
  -1.3426896e-01   1.1585185e-01   2.1587518e-01   1.5135718e-01   6.5444363e-02  -1.2477299e-02  -2.2923701e-02   3.0950513e-02   6.8549971e-02  -1.9210582e-01  -7.2242294e-03   9.2852905e-02  -3.9703481e-02  -8.4832295e-02   2.2144451e-02  -2.8927413e-01   1.1841223e-01  -6.7463018e-02  -2.4240629e-01   1.9505051e-01  -1.1926213e-01  -2.2775700e-01  -5.5605964e-02  -2.4911195e-01  -7.9588528e-02   5.1042505e-02   2.7255485e-01   9.6480797e-02   1.1732791e-01  -3.5887305e-02   1.6436172e-01   2.8796112e-01   1.5799915e-01  -1.0833290e-01   1.9639659e-03  -5.8416444e-02   1.3085908e-01  -3.1418094e-01   1.4351647e-01   8.5822690e-02   1.4157300e-02  -1.6611963e-01  -1.1459501e-01  -1.0602173e-01   1.1687613e-02   8.0120026e-02  -6.6174552e-02   1.7220200e-01  -9.5283148e-02
  -1.3774486e-01   2.3750576e-01   1.2288282e-01  -4.6646048e-02   8.5145841e-02  -1.3243678e-01  -8.1428674e-02  -8.8745221e-02   8.8707069e-02   1.1198609e-01   3.0703256e-01   6.3967657e-02  -7.3107083e-02   8.6417878e-02   1.8116375e-02   1.9412162e-01   1.4300919e-01  -1.1958961e-01   5.5955675e-02   2.5088161e-02  -2.2230368e-01  -3.7506979e-02   2.3353282e-01  -8.3347945e-03  -1.3575307e-01  -1.5801729e-01  -2.1484919e-01  -3.3851562e-01   2.7954108e-02   1.2315678e-02   1.7854559e-01  -3.0324012e-02   7.5688786e-02   1.8044327e-01  -1.1134114e-01  -3.2622857e-02   4.3434550e-02   5.4680205e-02  -2.3061911e-01  -9.7260486e-02  -3.1378088e-02  -1.7587129e-01  -1.4716081e-01   4.5244326e-02  -1.5398089e-01  -1.4225535e-02  -9.1878229e-02   3.0283945e-01   1.3291518e-01
  -1.3435167e-01  -1.5189590e-01  -1.4987750e-03  -1.6487100e-01   2.7088226e-01   3.7255589e-02   1.2869356e-01  -4.0805754e-01   1.1295580e-02  -1.2355148e-01  -3.7661980e-02  -2.1342690e-02   4.3704661e-02   5.0475471e-02   6.1596322e-02   2.5793996e-01   1.9182807e-01   7.8427387e-02   4.0763228e-02   9.0008308e-02  -7.6265765e-02   7.2239480e-02  -1.0726591e-01   3.4274772e-02   6.0842511e-02  -1.5215086e-02  -1.2934734e-01   2.9276399e-03   2.0037486e-02  -2.8826774e-01  -2.4717044e-02  -2.0853762e-02   6.8533696e-02  -8.9096692e-02   1.9832108e-01   1.2374686e-01  -1.9897844e-01  -1.1253460e-01   1.3628191e-01   7.3895395e-02   1.1791718e-01   2.6213474e-01  -1.7451118e-01  -1.9206895e-01  -3.0590746e-02  -2.9360294e-02  -1.9627013e-01   1.4084607e-01  -2.1556080e-01
  -1.3696036e-01  -1.2394298e-01   8.8320641e-02   6.3514602e-02  -8.8337661e-02  -1.0088411e-01   1.1025083e-01  -1.3885582e-02   4.2676032e-02  -2.3931933e-02  -2.2356620e-01   2.5310123e-01  -2.1319703e-01   7.3230021e-02  -2.4377503e-01   3.8697815e-02  -2.4291676e-01  -2.6026593e-01   1.3812020e-01  -1.3523677e-01   1.1339844e-01   1.0820965e-01  -3.0024638e-01  -1.5181060e-01  -1.7818789e-01   7.6924623e-02  -3.0753297e-02  -3.7978662e-02   2.6743072e-01   6.4499549e-03  -8.6893365e-02  -3.1493240e-02   1.7085749e-01   1.2778514e-02   9.0859803e-03  -1.0952920e-01  -1.5610332e-01  -1.9325420e-03  -6.7491395e-02  -3.1486877e-01   2.5981255e-01  -8.6871238e-04  -4.9637151e-02   2.3973294e-02   5.7762494e-02   1.2792135e-02  -6.6270271e-02   1.1338615e-01   1.1274226e-01
  -1.4830237e-01   4.8617052e-02  -6.1900309e-02   6.8317796e-02  -1.9530107e-01  -1.8320742e-01   8.9120462e-02   1.9913631e-01   9.3487550e-02  -3.0302112e-02   2.2774263e-01   2.1713165e-01  -5.0853164e-02  -1.1262026e-01   3.0535836e-01   2.4717013e-01  -6.2142043e-02   1.2815529e-01  -2.7530519e-02  -7.3055356e-02   2.8499605e-01  -1.0836161e-01  -1.0317842e-01  -8.3954317e-02   3.7231789e-02  -1.6628157e-01   2.2309660e-02  -2.0560932e-01   1.1971108e-02  -1.5084464e-01  -2.2482440e-01   1.7892759e-01   1.7053665e-01   1.1225140e-02  -9.3977184e-03   1.5675305e-01  -1.8644322e-01  -1.8191045e-01   1.2254295e-02   5.9860734e-02  -1.4416848e-01  -7.5586210e-03   2.0426532e-01  -1.2244467e-01  -1.0002285e-01  -1.4425580e-01   1.1320725e-01  -7.7388887e-02  -5.1208033e-02
  -1.3864051e-01   2.0496413e-01  -1.0266355e-01   4.6390174e-02   1.0071487e-01  -1.7441785e-01   5.1659153e-02  -1.4372248e-01  -9.9570254e-02   2.9868353e-01  -1.2306216e-01   1.9470015e-01   9.5547200e-02   6.0966406e-02   5.5664439e-02  -1.6409074e-01  -7.3429980e-02   3.4403925e-03   4.8840986e-02   2.8446127e-02   3.5627220e-02   8.9697323e-03  -7.1499249e-02   7.7503492e-02   1.2031050e-02   4.7373455e-03   3.3686630e-01  -2.4541809e-01  -8.2892438e-02  -1.1246850e-01   8.9254934e-02  -2.5120719e-01  -3.8000295e-01  -7.3524341e-02  -1.4156102e-01   4.1646618e-03   4.9151552e-02  -2.1903778e-01  -4.0982499e-03  -7.3759804e-02   1.3446778e-01   1.4021743e-01   1.9537371e-01  -4.2805219e-02  -1.8024057e-01   1.4246007e-01   6.6185430e-02   9.2012069e-02  -1.1186198e-01
  -1.4369814e-01  -2.8451094e-02   2.1375067e-01  -1.0906747e-01   1.7332937e-01  -1.7313692e-01  -9.6277340e-02  -1.1590352e-02   9.8720404e-03   1.9521573e-01  -5.9956814e-02  -1.5638149e-01  -1.5624575e-01   4.2572807e-02  -2.0020615e-01   1.5159996e-01  -1.4521534e-01   3.8703093e-02  -1.1989304e-01  -2.4049979e-01   5.4249804e-02  -1.6932134e-01  -9.6196692e-02   1.0121431e-01  -2.8580169e-01   7.0877863e-02  -4.0676414e-02   9.2881045e-03  -6.9781164e-02  -6.4415438e-02   3.2841261e-02   9.2558485e-02  -1.2198361e-01   1.1120781e-01   2.2486859e-01   4.2435684e-02   1.7965268e-01  -2.5208707e-01  -2.0557600e-01   1.5694892e-01  -2.6728252e-01   1.1537772e-01  -5.2701963e-02  -8.9560243e-02   2.2333590e-01   1.2092776e-01   7.9779155e-02  -1.8267805e-01   2.9048426e-02
  -1.3377003e-01   4.5363315e-02   3.9865302e-03  -1.5461278e-01   2.4615895e-01   9.3297295e-02   4.7454916e-02   1.9238275e-02   9.7624075e-02   5.8784955e-02   3.6085693e-02  -3.0675701e-02  -8.7392915e-02  -2.0059393e-01   1.5314393e-01  -2.4023507e-02  -3.0795498e-01  -2.5897113e-02   1.0631519e-01   2.3688079e-01   6.7644878e-02   4.1193672e-02   1.7651146e-01   1.6246053e-03  -7.7072176e-02  -9.3261208e-02  -1.2328278e-01   2.5746126e-01   2.9439808e-01   1.9269125e-01   2.2886409e-01  -7.4205090e-02   3.4524351e-02  -2.9696594e-01   4.4446807e-02  -2.6719541e-02  -1.0553008e-01  -1.7269121e-01  -2.1327290e-01   5.4044163e-02  -3.7515886e-02   1.0472286e-01   1.9416162e-01   1.5250435e-01  -1.7576472e-01  -1.1189124e-01  -6.6058810e-02  -1.2664335e-01   1.8113425e-02
  -1.2459308e-01   1.2601618e-01  -1.7249436e-01  -4.6391044e-02   1.5378559e-01   2.2494112e-02   6.5675808e-02   1.0719462e-02   2.2648979e-01  -1.0698958e-01   2.4144992e-02   1.6180165e-01   2.6792923e-01   6.5842956e-02  -1.3195784e-01   1.6532064e-01  -1.6067679e-01   3.8477560e-02  -1.7920678e-01  -1.6769110e-01  -2.1575223e-01  -2.5775073e-02   2.6700561e-02  -1.2514575e-01  -4.6915082e-02   1.7212736e-01   1.0089284e-01   9.8967426e-02   1.8122085e-02   1.4437139e-01  -1.7614328e-01   1.8527194e-01   6.0195761e-02   2.6878998e-02   1.5572622e-01   1.2351428e-01   2.5566598e-01   2.9569442e-01  -1.0944730e-01   9.1607315e-02   1.3584533e-01   1.7831022e-01   2.1137944e-01   8.3160479e-02  -2.0471862e-01   3.1706299e-02   1.2030485e-01   1.5330305e-01  -9.2344888e-02
  -1.4795421e-01   9.0345513e-02  -2.6521740e-01  -2.0344002e-01  -7.1866460e-02   2.4585915e-01   1.4645253e-01  -9.8644400e-02  -7.6416282e-02  -3.7867769e-02   1.7287312e-01  -1.7189390e-01  -3.2150654e-01  -3.9117771e-02  -3.1518945e-02   2.1992254e-02   4.9195280e-02   2.4843249e-01   6.6085436e-02  -8.2000090e-02   3.8858895e-02   4.4400378e-02  -3.8329289e-02  -3.8354176e-02  -8.3966838e-03  -8.1773424e-02   1.7792025e-01  -1.0020251e-01   1.9538590e-01  -8.4059482e-04  -9.7029511e-02  -1.4196452e-01   6.8648875e-02   5.3812693e-02   1.7868753e-01  -9.1640829e-02   1.5643861e-01  -1.0155857e-01   1.5718400e-02   3.9119744e-02   1.4007527e-01  -2.8176824e-01  -6.5560777e-02   2.8014092e-01   9.5607956e-02   2.0313193e-01   1.9046037e-01   2.4341653e-02  -1.9218577e-01
  -1.5771991e-01  -1.8235816e-02  -1.0019747e-01   2.1248315e-01  -1.2976820e-01  -2.4517518e-03  -6.1219880e-03  -3.7996917e-02   2.6855101e-01   2.7769606e-01   6.5069575e-02  -2.6470545e-01   2.6763420e-01   1.3545502e-01  -4.0409120e-02   6.4438341e-02  -3.4069413e-02   1.8604455e-02  -1.0377337e-02  -1.0954428e-01  -5.4634573e-02  -2.7865210e-02  -1.3454091e-01  -2.2368970e-01   1.2141000e-01   1.0070234e-01  -1.1304425e-01  -5.9085022e-03  -9.1511926e-02   1.2636782e-01   7.2611559e-02  -1.2876397e-01   6.5820564e-02   5.2567046e-02   4.0569550e-02  -2.4821030e-01  -5.5712033e-02  -2.8192148e-01   9.4713716e-02   2.2163027e-01   2.5244549e-01  -8.2595929e-02  -1.3639520e-01   4.0534919e-02  -1.3744845e-01  -2.1814734e-01  -4.8537496e-02  -1.8970803e-01   7.6972498e-02
  -1.4638168e-01   1.1517279e-01  -1.8666072e-01   1.6434616e-01   1.4738739e-01  -1.2143478e-01  -1.4437291e-01   1.6603406e-01  -1.4623218e-01   1.1895006e-01  -1.7505110e-01   2.3250176e-02   7.8954928e-02  -1.7760535e-01   9.3531452e-02   4.1317840e-02   1.3154851e-02   7.4989968e-02   7.9033508e-02   2.8469874e-03   2.1940905e-01   3.8259880e-02   2.0852859e-01  -1.8446827e-02   7.2915389e-02   2.1706111e-01   4.2117898e-03   5.5725458e-03   2.9526717e-01  -1.6916636e-01   9.1477793e-02   6.1452846e-02   3.9685484e-02   1.9503314e-01   5.2123210e-02   2.5195613e-01   8.2937749e-03   1.8121970e-01  -1.1548885e-02   1.5874897e-01   2.0842431e-01  -1.1084098e-01  -2.6350534e-01  -6.6040268e-02  -1.1215168e-02   2.1851255e-01  -1.8081128e-01  -1.6837943e-01   1.2338896e-01
  -1.3423320e-01  -2.4897779e-01  -4.6448058e-02  -1.8070827e-01  -7.6744617e-02  -6.3049372e-02  -8.1560425e-02  -1.7275094e-01  -1.3152344e-01   3.2870280e-02  -1.0744671e-01  -2.3651298e-02  -5.1217606e-02   1.3845856e-01  -1.3751440e-01  -2.0769980e-01  -7.0231933e-02  -1.4687669e-01   2.6950133e-02  -1.1120228e-01   1.0785135e-01  -1.9451450e-02   3.7846350e-01  -1.3358553e-01  -6.3634830e-02   6.3420729e-02  -9.1521573e-02  -3.6273757e-02  -1.9718728e-01  -1.8784916e-02   8.4576944e-02  -4.1888676e-02   3.3429131e-01   3.7905578e-02   4.6287846e-02   2.1107624e-01   2.7273016e-02  -6.5723356e-02   2.4903851e-01  -6.1775513e-02  -1.0122097e-01  -1.3681191e-01   1.5310852e-01  -5.5852187e-02  -3.4891048e-01   6.4870102e-02   1.2408964e-01  -8.5557297e-02  -1.0452093e-01
  -1.5128541e-01  -7.6001213e-02   2.2292116e-02  -1.3158352e-01   4.7232672e-02   1.6475308e-01  -1.6292819e-01  -3.1223841e-02   1.7144646e-01   7.0354219e-02  -2.8684111e-01  -3.8582764e-02   1.5714703e-01   1.4718859e-01   2.0212638e-01  -1.5445341e-01  -1.0104177e-01   2.0312664e-01  -1.0138583e-01   3.7651023e-02   1.1760176e-01  -8.5069983e-02   3.6333273e-02   2.4570485e-01   3.0698435e-01  -9.4004383e-02   4.4003703e-02  -8.9035981e-02   1.1990086e-01   8.1145562e-02  -7.2982504e-02   1.2115342e-01   1.1781939e-01   1.1115001e-01   1.1441423e-01  -6.9297172e-02   7.4292710e-02  -7.4082499e-02  -1.3996386e-01  -3.5887308e-01  -6.4286722e-02   7.1125321e-03  -2.1380921e-01  -1.0190001e-01  -1.1267277e-02  -1.2339879e-01   2.1538211e-01   1.5589412e-01   1.3332619e-01
  -1.4305782e-01  -2.2425077e-01   1.7353341e-03  -2.8567337e-02   2.8957471e-02  -2.0935926e-01   2.7507072e-01  -6.7872725e-02  -1.7621328e-01  -4.6665172e-02   7.5919382e-02   1.7475404e-01  -1.1301537e-01  -2.3908704e-01  -5.9028364e-02  -7.3020261e-02  -4.3467195e-02  -2.2881405e-02   1.0027116e-01   2.8794299e-02  -2.2270159e-02  -1.9387987e-01   2.4749815e-01   5.6103545e-03   1.4050327e-01  -9.0249072e-02   1.7753460e-02  -7.7979736e-02  -7.8038700e-02   5.6979213e-02  -5.7885029e-02   1.5030721e-01  -1.6877829e-01   8.9803187e-02   7.0914643e-02  -2.8266095e-01   3.0472308e-01   1.0317476e-01  -2.4883963e-03  -2.0434363e-02   1.8760843e-01   8.9387159e-02  -1.4768276e-01  -5.5109975e-02   3.5243505e-02  -3.5969902e-01  -5.5768533e-02  -2.0061514e-01  -7.4533721e-02
  -1.4540366e-01   1.1230573e-01  -1.1442439e-01  -6.8591758e-02  -2.8674297e-01  -9.9113219e-02  -1.2015080e-02  -1.3013199e-01  -1.5859597e-01  -1.8938579e-01  -2.9405250e-02   1.8668452e-01   1.7077947e-01  -8.1068160e-02   1.4148369e-01  -6.5404350e-02  -4.4127470e-02  -7.7459759e-02  -4.5459385e-02  -1.3492338e-01  -1.6565857e-01   1.9810305e-01   5.2101591e-02   1.1150596e-01   2.3391663e-02   2.4718305e-01  -3.3731982e-01  -1.3108052e-01   1.1595479e-01   2.4869877e-01   8.6856334e-02  -3.7771358e-02  -7.6146105e-02  -2.2106693e-01   4.1214946e-02   8.5830636e-02   4.4527350e-02  -1.7783921e-01  -1.5282254e-02   1.3001546e-01  -2.0756303e-02  -8.4214723e-02  -3.3219650e-02  -1.6440820e-01   3.2954910e-01  -2.2957434e-02   1.7893766e-01   5.8284821e-02  -3.0615621e-02
  -1.4657526e-01   2.3160380e-01   2.7510845e-01   9.7871312e-02   5.3933468e-02   5.9201161e-02   1.6141135e-01  -1.0916187e-01  -2.2588162e-01  -1.5153132e-01   4.7435069e-02  -6.6047880e-02  -6.6273708e-02   1.6844520e-01   9.9060547e-02   1.8122421e-01  -2.5404913e-01   1.0006423e-01   1.4032942e-01   3.5812894e-01  -7.7653125e-02   1.0515093e-01  -1.6928381e-02  -1.8183035e-01   9.8120446e-02   2.2820512e-01   6.1093189e-02   9.3949009e-02  -1.4916251e-01   1.5497463e-01  -2.2225771e-01  -1.4956692e-01   3.3178919e-02   2.1508775e-01  -9.0175549e-02   1.1494860e-01   1.0134598e-01  -4.9627895e-02   6.2834746e-02  -8.9333482e-02  -1.0852015e-01  -6.9130545e-03  -5.9679656e-02  -1.1233199e-01  -1.0972657e-02   2.5709183e-02   8.0581417e-02  -1.3953098e-01   1.6079167e-01
  -1.4171422e-01   5.0006507e-04   2.6955644e-01  -1.8498682e-01  -1.3352572e-01  -1.8959535e-01   1.4693143e-02   3.9061703e-02   1.7754172e-01   1.4073087e-01  -8.9615081e-02  -1.4878340e-01   1.7204661e-01  -2.5908394e-01  -8.2162837e-02   1.4003552e-01   2.5246131e-01   1.1148591e-01   3.7027861e-02  -5.0174740e-02  -4.2614341e-02  -9.6225494e-02   1.6357256e-01  -2.0673032e-01  -1.0187714e-01   2.7333741e-02   1.6724009e-01   1.0089110e-01   1.7325749e-01   1.8577831e-01  -1.6372594e-01  -2.0602791e-01  -1.4213064e-01  -1.5467198e-01  -9.3239274e-02   7.5582008e-02  -1.8064932e-01   1.5353288e-01   7.3866696e-02  -2.3439619e-01  -7.0472909e-02  -5.9458300e-02  -1.2478795e-01  -9.8050482e-02   3.0775239e-02   9.1016551e-03   1.2182920e-01  -4.8262941e-02  -2.0550599e-01
  -1.3495596e-01  -6.2053690e-02  -9.5339151e-02   1.9203336e-01  -1.9061303e-02   9.9412260e-02   2.7880162e-01  -1.8338051e-01   2.4270187e-01   5.1594014e-02  -2.3515391e-01   9.4650913e-02  -2.8067362e-01  -6.1795682e-02   1.6522768e-02   7.7221673e-02   2.1695995e-01   2.5497566e-02  -1.7950061e-01   7.6278176e-02   1.1964688e-01  -1.0245692e-01  -1.4980914e-01   7.1451141e-02  -8.2829522e-03   1.3119671e-01  -5.0477208e-02  -9.4985487e-02   8.7369215e-02   1.5000342e-01   3.0175536e-01  -1.3879449e-01  -3.3364956e-04   7.9403135e-02  -1.5348115e-01   1.0387367e-01   1.1021016e-01   2.4142561e-01   1.6563074e-01   1.3133570e-01  -2.8267107e-01   6.9460440e-02   1.9796653e-02   6.8185698e-02  -4.1962111e-02  -1.2255439e-01   1.1880540e-01  -1.4359836e-02   1.0791713e-01
  -1.4969243e-01   7.3626232e-02   2.1607044e-02   5.6671887e-02   1.2039009e-01  -2.4709412e-01  -1.8829485e-01   7.6080210e-02   1.6041892e-01  -2.3527887e-01  -2.3499910e-02  -5.4811049e-02  -2.0564839e-01   9.2055033e-03  -1.0536797e-01  -1.2582946e-01   4.1373604e-02  -2.8912021e-02   1.0744907e-01  -4.8043558e-02  -2.9434605e-01  -3.8620304e-03   4.5503266e-02   2.9869577e-01   1.8808073e-01   2.2743553e-01   1.2327058e-01  -1.9971790e-01   3.6652559e-02  -8.6757577e-02  -2.4495027e-01  -3.3097722e-02   5.6662147e-02  -1.8698458e-01   2.9872746e-02  -2.9984466e-02  -1.9076635e-01  -2.9692233e-02   1.2721115e-01   6.5038036e-02  -1.2745401e-01   6.9961613e-02  -4.5505177e-02   3.3208685e-01  -1.1033305e-01  -6.5183007e-02  -4.0991646e-03  -1.7022291e-01   1.2119558e-01
  -1.4252546e-01   5.2888343e-02  -3.4295018e-02  -5.4027517e-02   1.7139990e-01  -8.4543876e-02  -2.0520693e-01   6.8471559e-02  -9.4924920e-02  -1.2403975e-01   3.5415277e-01  -2.1600421e-02   1.5368988e-01   1.5146709e-02  -1.3797709e-01  -1.9805489e-01   1.4410786e-01  -5.5898338e-02  -2.0324254e-01   2.2269943e-01   3.3729397e-01  -3.5079796e-02  -1.4644574e-01   1.6610582e-01  -2.0964471e-01   7.9195111e-02  -8.7838766e-03  -7.0513011e-02   7.7204019e-02   1.6895132e-01  -4.9813816e-02  -3.0753578e-01   1.2116700e-01   1.6017836e-01   1.7236734e-01  -1.1007803e-01  -5.0069278e-02   1.2550390e-01   1.1988505e-01  -3.2417614e-02   8.5154478e-02   1.1596960e-01   1.1439091e-01  -1.2042608e-01   7.9622974e-02  -1.4215432e-01   2.2009227e-02  -1.1162752e-02  -1.0534075e-02
  -1.5004719e-01   7.2580641e-02   6.5504444e-02  -1.9817085e-01  -6.1385487e-02   5.5072142e-02   8.0369942e-02   1.7133572e-01   6.4822045e-02   3.8178354e-01   1.5684003e-01   3.1286705e-01   1.0450118e-02   8.5626725e-02  -1.3353018e-01   1.1599730e-01   2.7482812e-02  -1.7317259e-01  -1.2624336e-02   1.4629325e-01  -3.9543336e-02   3.1255328e-02   5.3722794e-04   2.4043323e-01   2.8204010e-01   6.4006819e-02  -5.2960496e-02   2.3592554e-01  -3.6485232e-02   7.3134991e-02   6.5404523e-02   1.7964613e-01  -1.9591645e-02   1.6461412e-01   7.6067334e-02   3.4305199e-02  -9.0010654e-02  -7.5343066e-02   3.2542445e-01  -7.8465485e-02  -4.0276396e-02  -4.7728178e-02   3.3080471e-02   1.8226841e-01   1.7178336e-01   1.3076865e-01  -9.0994654e-02  -9.3869388e-03  -1.5296356e-01
  -1.5320399e-01  -2.3923778e-01  -1.2191702e-01  -4.1953014e-02   2.0000869e-01   1.4343130e-01  -1.7480347e-01  -7.4969622e-02  -5.7534212e-02  -1.4210677e-01   2.7868175e-02   5.4429481e-02  -6.4197997e-03  -2.0422771e-01  -5.5070957e-04   1.9446969e-01  -1.4046629e-01   8.3293756e-02  -8.5511151e-02  -2.1258164e-02   5.7964301e-02  -3.1241404e-01  -9.0770286e-02   8.9778005e-02  -4.3174598e-02   2.3676280e-01  -6.5258751e-02   5.9720629e-02  -2.5850590e-01   7.4108711e-02  -3.5890014e-02   4.3281381e-02  -2.7885428e-01  -2.4332488e-02  -1.9553120e-01  -2.0700092e-02  -2.1487251e-01  -3.2679250e-02   8.6331883e-03  -8.3510459e-02   9.1027321e-02  -4.2794729e-01   6.2447464e-02   4.1124271e-02  -5.5631624e-02   1.8713198e-02  -6.1169823e-02   1.5116467e-01   8.8503191e-02
  -1.5427277e-01  -5.3519622e-02  -5.5869791e-02   2.4070168e-01  -1.4738450e-01   1.0113823e-01  -1.4318980e-01  -2.6468878e-01  -4.0809242e-02   1.3940379e-01   2.9030669e-01  -1.9471070e-02   6.6916559e-04   1.8452589e-01  -1.4869684e-01   3.2844936e-03   9.4597919e-03   2.8979909e-01  -4.3335191e-02  -3.7628627e-02  -4.6187551e-02   5.1462026e-02   4.8070828e-02   9.8738357e-02  -9.5078691e-02   5.9498773e-02   6.4598025e-02   6.9673606e-02   1.9380291e-01  -1.2890115e-01   2.6017295e-02   1.7932189e-01   1.9706809e-02  -2.7320080e-01  -1.7446383e-01   1.4177621e-01   1.7337683e-01   5.3576773e-02   6.7751798e-03  -3.1337791e-01  -1.8399710e-02  -2.8622282e-03   1.4789129e-01  -5.3627399e-02   1.1599021e-01  -1.3630064e-01  -2.4366503e-01  -1.9918722e-01   4.5708395e-02
  -1.3059367e-01  -5.2807976e-02   1.0526336e-01   2.5544724e-01   1.3196050e-01   5.3608411e-03   8.3694595e-03  -1.4689005e-01   1.1046310e-01   2.5113197e-02   6.0246304e-02  -1.3287503e-01  -4.3418992e-02  -1.3400543e-01  -4.2378716e-02  -3.7498418e-02   8.0343501e-02  -2.7879698e-01  -3.0841293e-01   1.2256544e-01   6.8999186e-02   5.3073752e-02   7.5191587e-02  -8.8817513e-02   2.9589998e-01  -1.1100586e-01  -2.8156772e-01  -2.2760675e-02  -3.9191509e-02  -1.7996930e-01  -1.7845633e-01  -2.0265525e-03  -1.5477213e-02  -7.2616451e-02  -1.0929891e-01   6.8056224e-03   1.5701789e-02   3.7167859e-02  -2.0657622e-01  -9.4968871e-02   1.7955278e-01   3.1919537e-03   1.5558934e-01   6.0547910e-02   1.4077065e-01   2.9106089e-01   2.8654612e-01  -1.5300962e-01  -7.5306516e-02
  -1.4065313e-01  -1.1596954e-01   1.3346175e-01  -8.1260621e-02   3.5871223e-02  -2.2188270e-01   8.5516120e-02   3.1542106e-02   2.1269423e-01   4.4926882e-02   1.8249037e-02   1.2136540e-01   1.9705354e-02   1.9641144e-01   5.9502335e-02  -2.2473310e-01  -6.6142870e-02   3.1272938e-01   1.3494238e-01   1.4150101e-01   3.6935487e-02   2.3802445e-01  -2.7210278e-02   1.1129794e-01  -1.8732847e-01   6.8061464e-02  -1.1517212e-01   2.0790613e-01  -8.6351299e-02  -2.7648661e-01  -2.0209069e-03   3.6003328e-02   3.3876489e-02  -6.8509414e-03  -2.1562064e-01  -1.9478455e-01  -1.6263962e-02   2.1688962e-01  -7.5397778e-02   2.6487322e-01   5.3672687e-02  -2.2643851e-01  -3.3704670e-02  -3.0302325e-02   4.2777937e-02  -9.6645041e-03   2.2925615e-01   6.3335273e-02  -1.0838136e-01
  -1.5275466e-01  -1.1841697e-01  -1.2097081e-02   1.0182387e-01  -1.2790183e-01  -3.8995859e-02  -2.2263667e-01  -1.0075899e-01  -8.5586826e-02  -2.1420828e-02   5.0650944e-02   2.7049852e-01   1.1451748e-02   7.6903366e-02   5.0253825e-02  -2.3024344e-01  -6.2202259e-02   2.3811344e-01   1.0704499e-01   4.2251057e-02  -2.0785196e-01  -3.2957044e-01  -1.7108588e-01  -2.5517864e-01   8.7074648e-02  -2.4671831e-01  -1.1218520e-01   6.1094417e-02  -6.4008706e-02   1.0127273e-01   1.0944366e-01  -1.5476255e-01  -1.4446645e-02   8.7642479e-02   1.6820701e-01   1.3165107e-01  -1.9987653e-01   1.7366558e-01  -1.3860393e-01   4.6813029e-02  -7.3265305e-02   1.5690625e-01  -7.4503371e-02   1.8486582e-01   9.1306075e-02   1.9569255e-01  -2.2445185e-02  -9.7623246e-02  -5.4321367e-02
  -1.3717346e-01  -1.4994583e-01   2.0009450e-02   1.6305890e-01  -1.7783283e-02   1.5516375e-01  -1.7968039e-01   1.1114313e-02  -1.8321219e-01   3.7833596e-02   1.8986992e-01   1.9850569e-01   9.1788577e-02  -1.9414186e-01  -1.8559534e-01   1.2299166e-01   6.6165142e-02  -6.6913144e-02   1.2195848e-01  -9.4412743e-02   4.7492419e-02   1.8312243e-01  -7.8028884e-02   2.8204337e-02   5.5974287e-02  -1.4383023e-01   2.7511776e-02   2.0749039e-01   9.3493557e-02  -6.3055091e-02  -7.1337989e-02  -5.9362725e-02  -5.8701004e-02  -1.5034284e-01   1.0365268e-03  -1.7641876e-01   1.5034833e-01  -4.7498841e-02   1.0043075e-01   1.2290441e-01  -2.4196118e-01   1.0358086e-01  -2.4859931e-01  -7.8061874e-02  -3.2020752e-01   1.2160475e-01   2.7595190e-01   1.3819435e-01   2.1801311e-01
  -1.5021190e-01  -2.6858887e-01   9.3058149e-03   5.6585244e-02   2.2903243e-01   1.4283041e-01   1.2366761e-01   1.1615647e-01  -2.1861519e-01   3.9160753e-02  -8.0988464e-02   6.1608936e-02   2.2562612e-01   4.5550274e-02   1.3710827e-01  -6.8062255e-03   1.0454525e-01  -1.3640303e-01  -5.0612381e-02  -1.8719110e-01  -3.3250020e-01   8.7406638e-03   3.4116429e-02   2.7630776e-02  -4.6192021e-02  -8.8742510e-02   1.4795108e-01   5.5022217e-02   2.4760948e-01  -1.2040132e-01  -9.8097701e-02  -2.2359166e-01   1.4805729e-01   2.8019186e-01  -1.9839079e-01  -6.0208394e-03  -3.6705659e-02  -1.0746619e-01  -8.4223676e-02   8.1931000e-02  -1.4848034e-01  -1.2745738e-01   2.1749752e-01   5.1615639e-02   1.7618700e-01  -1.6833356e-01  -2.3863954e-02  -6.1897624e-02  -1.5632969e-02
  -1.3062277e-01   6.2536619e-02  -8.6222882e-02  -7.7319908e-02  -7.3475424e-04   7.5164773e-02   3.8646944e-02   1.4045121e-01  -1.0196712e-01   6.9176846e-02   9.3644941e-02  -2.1016101e-01   2.3567386e-02  -2.2226185e-01  -4.7141179e-02  -8.0903971e-02   9.7257348e-02  -1.5804706e-01   2.8112023e-01   5.9516230e-02  -2.0884839e-01  -6.4551391e-03  -3.6375835e-01   2.9016858e-02   3.4021762e-02   1.5353225e-01   6.8569720e-02   1.1418534e-03  -1.6197928e-01  -1.6706854e-01   3.1512316e-01   1.6407643e-01   1.1379821e-01  -7.4610972e-04   6.9757210e-02   2.0370543e-01  -3.8538615e-02   1.1740689e-01  -2.0260770e-01  -1.9309113e-01   4.5031920e-02  -2.0753337e-02   1.1241396e-02  -1.1857737e-01  -5.8087430e-02  -1.9386362e-01   2.9604189e-01  -8.6503330e-02  -5.1206766e-02
  -1.8235686e-01   1.3725795e-02  -1.1475562e-01  -6.5134636e-02   1.8522409e-01  -6.0436929e-02   1.6217664e-01  -1.7776285e-02   1.7902880e-01  -1.8913842e-01   3.0348190e-02  -5.7620614e-02   1.0753390e-01   9.0782323e-02  -1.4748828e-01  -2.6681740e-01   2.6199963e-01  -1.9991360e-02   2.6028521e-01  -1.0301271e-01   2.0111916e-01   2.2071111e-01  -6.6705770e-02  -2.2524279e-01   1.1177773e-01  -1.4317914e-01  -6.3497817e-02   3.6215200e-02  -1.4360159e-02   1.3278045e-01  -7.4074711e-02   1.8394939e-01  -3.1785606e-01   1.0076548e-01   5.9158181e-02   1.6285260e-01   1.6176552e-02  -1.0865292e-01  -5.1222438e-02  -3.9928988e-02  -2.0766623e-01  -1.3832728e-01   1.2445508e-01   3.6265738e-03   4.1696445e-02   6.8055084e-03  -1.7525628e-01   1.7475092e-02   2.1082027e-01
  -1.3166970e-01   6.8575218e-02   4.3569247e-02   4.3678419e-02  -2.0003396e-02   2.2753327e-01   1.0844450e-01  -1.4735052e-01  -1.5924678e-02   5.8618989e-02   2.0987055e-01  -7.9720176e-02  -1.7551361e-01   9.0995993e-03  -9.5157530e-03  -1.9828146e-01  -1.4119653e-01  -6.8593447e-02  -1.1351267e-01  -2.7663826e-01   2.9471825e-02   1.1802048e-01   1.9027989e-01   3.0655110e-02   6.5161995e-02   6.5298861e-02   2.7047086e-01  -1.4706953e-02  -3.8559818e-02   1.5975800e-01   3.7824455e-02   1.7204745e-01  -2.8428543e-02   1.1977662e-01  -9.8292639e-02  -8.9803852e-02  -4.9316151e-01   1.5803686e-01  -1.1787820e-01   1.7924451e-01  -2.3459225e-02   1.6432250e-01  -1.0447415e-01  -2.5850271e-01   2.8382198e-02   4.4467716e-02  -5.5827257e-03   4.8043126e-02  -2.6534487e-02
  -1.1921136e-01   9.8001764e-02   3.9594380e-03   1.3681140e-01  -2.2854392e-01   3.3124666e-02   1.1144889e-01   2.2064416e-02  -2.5507614e-02  -2.3970325e-01  -9.9028250e-02   1.1216634e-02   1.9806793e-01   5.9688194e-02  -3.1507388e-01   9.6134376e-02  -1.8206462e-01  -8.8429809e-02  -2.2931847e-01   1.3936200e-01   1.4017274e-01   9.6491624e-02   1.1027608e-01   1.1564878e-01   3.3776589e-03  -1.5407934e-01   1.3732668e-01   3.6797124e-02  -8.6051065e-02  -2.1099400e-01   1.2579666e-01  -1.3985201e-01  -1.2502416e-01   8.6357007e-03   1.3592329e-01   1.5923298e-01  -1.0923923e-01  -9.4793929e-03  -2.3146025e-01   2.3304209e-02  -1.4535756e-01  -1.8094125e-01  -2.1916183e-01   2.0094379e-01  -5.0485384e-02  -2.3383464e-01  -7.2227799e-02   5.8963860e-03  -2.0661765e-01
  -1.5299483e-01   5.6724391e-02  -5.7061322e-02  -5.0216388e-02  -3.1085119e-01   3.0671697e-02  -3.9272639e-01  -1.9465946e-01   8.8680643e-02   5.4111936e-02  -1.1630293e-01  -8.0575243e-02  -2.0115452e-01  -8.3120815e-02   1.8450162e-01  -3.0783854e-02   8.7469741e-02  -2.7956452e-01   1.2789491e-01   8.7678475e-02   5.1633729e-02   1.2840066e-02  -7.2803291e-02   1.6720340e-02   6.3598198e-03   8.9726761e-02   3.3648963e-02   2.3424867e-01   1.2699144e-02  -3.2534803e-02  -2.6949520e-01  -1.2698006e-02  -7.7896239e-02   2.1515266e-01  -6.1548575e-02  -1.8376928e-02   1.8130447e-01   2.0081575e-02  -1.8421620e-01   1.5699002e-01  -5.0833632e-02   4.8773913e-02   1.0218214e-01  -1.6669757e-02  -6.3960068e-02  -1.5810080e-01  -2.1226065e-01   1.3662260e-01  -2.2700863e-01
  -1.3682154e-01  -2.0119398e-01  -2.6350122e-01   6.1536901e-02   7.2665964e-02  -2.0011517e-01  -2.4410472e-01   1.9415769e-01  -3.9277042e-02  -4.6861680e-02  -1.1632967e-01  -1.5977428e-01  -1.0775869e-01   7.2602373e-02  -2.3259276e-01   2.7121217e-01  -6.3223017e-02   8.8783740e-02   7.5770671e-02   2.3169807e-01  -2.7646838e-02   1.6776963e-01   8.6666643e-02  -1.3509881e-01   1.6128136e-01  -1.4543887e-01   1.6379888e-01  -1.0907664e-01  -6.2453125e-02   1.9966640e-01   1.7485699e-01   7.7512210e-02   1.1122118e-01  -3.0414444e-02  -2.1274020e-01  -6.3879625e-02  -4.4596308e-03  -3.9545799e-02   5.1841857e-03   8.5119687e-02  -3.0890198e-02   1.3743503e-01   9.6973177e-02  -9.6919550e-02   2.6688166e-01   3.8300216e-03   4.7641501e-02   2.1290785e-01  -1.2822678e-01
