  -1.3565539e-01   6.9699663e-02   2.9343845e-02  -5.7965614e-02   2.5034346e-01   5.3491620e-02   2.6074613e-01   2.0217479e-02   1.3717674e-02   2.3118875e-02  -9.6752500e-02  -1.3701600e-01  -1.0450834e-01  -2.2350166e-01  -5.3779269e-02   2.8730144e-01   4.7100749e-02  -8.3741412e-02  -9.3683104e-02   6.1074907e-02   2.2029727e-01  -3.9679683e-02  -2.8549846e-01   9.6476151e-02  -7.9429519e-02   2.0261460e-02  -2.3075336e-01  -1.1727873e-01   1.1631563e-01   2.3625548e-01   4.7630502e-02   1.9708644e-01  -5.6887850e-02  -2.7691424e-01   3.7909839e-03  -1.1662063e-01   1.7934129e-01  -9.2524495e-02  -4.8253605e-02   5.3176249e-02   3.1103463e-03  -3.5273921e-02   2.4433718e-01   8.0012710e-02  -1.0305017e-01  -2.0796787e-01   7.7632145e-02  -1.2453922e-01   1.8549051e-01
  -1.3086091e-01   1.3787914e-01  -8.2045129e-02  -1.6190994e-01  -2.4168986e-02   2.2097006e-01  -1.4506935e-01  -1.1086332e-01  -6.2835244e-02  -1.4022900e-01   7.5851315e-02   2.1431681e-01  -1.5956735e-01   1.4148069e-01  -4.3382239e-02  -4.9635038e-02  -6.8440268e-02  -1.3247990e-01  -1.3750177e-01  -2.4249321e-01  -3.9400249e-02  -2.6035846e-01   1.5552176e-01  -3.0865867e-02  -6.2113405e-02   1.7184904e-01  -3.3847225e-02  -1.7942199e-01  -1.3243680e-01   1.3400409e-01   4.1635788e-02   1.4748233e-01  -8.6053640e-02   4.6268096e-02   1.9222004e-01   1.0685916e-01  -1.3442586e-01   1.4284131e-01  -2.2934664e-01   9.3098635e-02   1.3787017e-02   1.4295072e-01   2.5061174e-01  -1.6580516e-01  -3.9356447e-02   2.2319756e-01   1.2246283e-01  -5.0056592e-02   2.5587205e-01
  -1.3939086e-01  -1.2592604e-01   2.1951859e-01  -2.0132543e-01  -6.1474418e-03  -5.0864234e-03  -1.8918594e-01   1.9957369e-01  -1.8606349e-02  -6.1839910e-02  -2.3174828e-01   1.5525754e-01  -4.3429895e-02  -4.6897170e-02  -3.6118737e-02  -2.7987747e-02  -4.5845894e-02   1.4534811e-01  -1.0006395e-01   1.3356775e-01   4.2473043e-02  -1.3646467e-01  -7.1897669e-02   1.9658789e-01   1.5032095e-01   1.2567633e-01   4.3612021e-02   4.0050967e-02  -4.9137956e-02  -2.6553987e-02  -2.2808234e-01  -1.3697755e-01  -5.1522211e-02  -2.1980656e-01   3.1052281e-02  -5.0769105e-02   9.3702569e-02  -1.7730255e-02  -4.1741965e-01  -3.2613615e-02   3.5134920e-02  -3.4776528e-01  -1.8934203e-01   1.3716031e-01   1.3424370e-01   2.0268752e-01  -6.8565892e-02   1.5705794e-02   3.5050506e-02
  -1.4987443e-01  -1.9007731e-01   4.2928430e-03   4.3666424e-02  -6.4088192e-04  -1.3330351e-01   4.2559815e-02   8.9484607e-02  -1.5161305e-01  -5.1167449e-02  -3.8933870e-02   7.7162898e-02   1.6980171e-01   1.9264141e-02  -9.7358291e-03  -1.4578487e-01  -8.5343156e-02   1.1168961e-01  -1.0245301e-01  -1.1321515e-02  -1.2133939e-01  -1.5798561e-01   5.6211058e-02   1.1837092e-01  -2.1836087e-01  -2.5189647e-02  -2.0427476e-01  -1.5774722e-01  -2.5102183e-01  -1.8207608e-01   3.2723906e-02   8.0343037e-02  -3.7514400e-01  -3.1048275e-02  -2.4734725e-01  -8.4434697e-02   2.2579231e-01   2.6263513e-01  -3.7489270e-03   4.1337793e-02  -1.8767969e-01   1.8951973e-01   1.0177091e-01  -4.5248003e-03   5.8133524e-02  -2.0417593e-01  -1.6078059e-01  -2.0425044e-02  -1.9460145e-01
  -1.4155679e-01  -7.0811739e-02   1.5917040e-01  -6.7942526e-02  -1.4074597e-01  -2.4957967e-01  -2.6841890e-02  -1.8533787e-01  -3.0923140e-02   2.8283461e-02   1.5377208e-01  -1.9761601e-01  -1.2534959e-01   5.9479494e-02  -2.5192000e-01   8.7742218e-02  -2.5877517e-01   8.7492849e-02   2.5696810e-01  -1.0140541e-01   2.0854633e-01  -1.8044412e-01  -6.0903645e-02  -2.1970069e-02  -2.3931512e-02   6.5181269e-02  -1.2670213e-01  -9.0519337e-03  -2.4323969e-03   8.3889729e-02  -2.0714494e-01   1.6756034e-01   7.6555296e-02   6.5883625e-02  -1.0927574e-02   1.8354602e-01  -8.3769169e-03  -2.2338830e-01   3.6069106e-02   2.8113115e-01  -3.9231298e-02   4.3943837e-02   6.3055930e-02   4.7695251e-02   2.0046020e-01   8.7048231e-02  -4.1614562e-02   2.1827255e-01  -2.4823199e-01
  -1.4833200e-01   1.5050044e-01   7.5687608e-02   7.4024663e-02  -1.0297668e-01   4.0602133e-02   1.7004601e-01   7.0711583e-02  -2.3718235e-01  -1.6452150e-01   5.7276547e-03  -1.3195709e-01   1.5097169e-02  -1.9640833e-01  -3.9156808e-02  -1.2585001e-01  -5.6790262e-02  -1.7787345e-01  -5.0661474e-02   1.1222952e-01  -1.3881905e-01  -2.1295321e-01   1.9085195e-01   1.0189870e-01   2.2761167e-01   1.8297902e-02  -1.6006610e-01   1.0082475e-01   8.9691295e-02  -2.7876940e-01   2.8566431e-01   1.3265969e-01   7.7590843e-02  -2.7828626e-01  -7.7186930e-02   2.7568629e-01  -1.8248077e-01  -1.0488435e-01   1.2644869e-01   8.8593279e-02  -5.5779883e-02  -1.1357833e-01  -1.4648628e-01  -4.0018273e-02  -6.7075576e-02   7.9923122e-02   6.6851454e-02  -1.2572701e-01  -5.3738613e-02
  -1.3545389e-01  -7.7695874e-02   1.8103492e-01   9.0611354e-02   1.7679219e-02   1.0316917e-01  -2.8215943e-02  -1.3964569e-01   3.4266310e-01   3.6708361e-02   2.2649216e-01  -9.3545761e-02   1.5802244e-02  -3.1420933e-01   8.9287001e-02  -4.7336837e-02   2.1464044e-01  -8.6049251e-02  -6.2935949e-02   3.9712643e-02   6.5955184e-02  -2.8371932e-01   5.0209474e-02   4.6332647e-02  -9.3308534e-02   2.1479453e-01   1.2349961e-01  -2.6755033e-02  -2.7860246e-02  -1.0752893e-02  -9.9408645e-02   5.5497140e-02   3.7874477e-02   6.2937872e-02   8.0012050e-02   1.9385523e-01   2.8989041e-01   4.9429536e-02   3.8432848e-02  -3.0854869e-01  -1.2076353e-01   1.3528946e-01  -1.9118699e-01  -7.4703538e-03  -2.2442043e-01   6.9514680e-02  -1.8347285e-02   1.4276947e-01  -6.5053683e-02
  -1.6865261e-01  -2.6735410e-01  -1.5214699e-01   5.5726801e-02   6.4501065e-02   3.5502134e-01   3.7974430e-02   7.5059973e-02   1.2017587e-01   1.5243071e-01  -3.7313255e-02   9.3982660e-02   5.5130946e-02   1.9657206e-02  -1.7530780e-01  -3.2255623e-01   9.0184083e-03   1.9493582e-02   2.7701606e-01  -5.7640502e-02   3.4948395e-02  -1.0150911e-01   4.4329833e-02   2.6659862e-01  -1.4293144e-01  -1.3193728e-01  -2.5099022e-02   5.3687747e-02  -1.9625845e-01   1.7105731e-01   1.0982984e-01  -8.0593034e-02  -3.9422910e-02  -2.5502637e-02   1.3079783e-01  -9.2742009e-02  -6.9503531e-02  -2.4558423e-01   1.7763134e-01   3.0262195e-02  -2.2930345e-02  -1.9602208e-01  -2.7160929e-02  -2.9858635e-02   1.0446262e-02  -8.1568481e-02   2.8268632e-01   5.8524636e-02  -3.8314048e-02
  -1.3697323e-01   5.0558866e-02  -7.0721703e-02   1.6350234e-01  -8.6319602e-02  -8.1223713e-03   3.1847387e-01  -2.0341677e-01   6.7329826e-02  -3.4317024e-02  -1.4132896e-01   1.9741184e-01   1.5031985e-01  -4.6474511e-02   3.0689858e-02   1.3092501e-01  -7.3559324e-02  -7.9040849e-02   7.0924658e-02   1.5612396e-01  -4.6863036e-01  -1.1238913e-01  -9.9563659e-02  -1.2733605e-01   4.4959056e-02   8.3473232e-02   1.8781457e-01   2.4480294e-01  -5.6518461e-02   2.8675806e-02  -8.7286876e-02   9.4460355e-02   2.4010731e-02   2.3566955e-02   1.7990297e-01  -4.4898163e-03   1.9541551e-01   9.3593923e-02   2.1721580e-02   4.4024239e-02   6.7627425e-02  -1.1194631e-01   2.3300871e-01   1.2701497e-01   2.6347397e-01   2.2928929e-02   1.1106063e-01   1.0808038e-01  -2.4055936e-02
  -1.3463749e-01   6.2053370e-02  -9.5890961e-02   2.0540921e-01   8.4921511e-03   1.9572561e-01   4.2054871e-03  -2.7501555e-03   6.5956562e-02  -2.3221337e-01   5.6403448e-02  -2.0575638e-01   1.8876879e-01   3.5774884e-01   1.2277257e-01   9.6362832e-02  -9.6402290e-02   1.9308157e-01   1.3567030e-01   1.1953632e-01   1.8755053e-01   2.6340232e-02   1.0502299e-01  -1.0683558e-02  -1.2289078e-01   2.4056742e-01  -9.5106495e-02   8.0861569e-03   2.2172018e-01  -6.8491627e-02  -1.0890106e-01  -2.1197106e-01  -1.1199578e-01  -1.1193541e-01   2.6803173e-02   2.5541079e-01   2.7429072e-02   1.0418578e-01  -1.1967680e-01  -1.3228457e-01   2.0529921e-01  -7.0782447e-02   7.7499014e-02  -6.0007571e-02   3.7206973e-02  -1.6717020e-01   1.7511554e-01  -1.1736912e-01  -1.1162754e-01
  -1.3719381e-01   1.2087991e-01  -4.3477673e-01  -1.6960051e-01   1.5068768e-01  -6.3660406e-02   3.1268550e-02   1.5333038e-01   6.3713559e-02  -9.4858896e-02   2.0876743e-01   1.4547512e-01   3.0825068e-02  -2.1181363e-01  -1.8276435e-01  -1.6609835e-02   1.4478938e-01  -1.9633131e-01  -3.4588960e-02  -1.3058154e-01   2.5902126e-02   3.9721160e-02  -5.7252880e-02  -1.6429701e-02   8.5813818e-02   1.1446998e-01  -2.5568751e-01   8.0444169e-02   4.9635844e-02  -2.1375191e-01  -4.0585169e-01  -9.9368768e-02  -9.0363038e-02   1.3428022e-01  -3.4384665e-02  -2.4447256e-02   1.4044918e-02  -1.1882289e-03   1.7889071e-01   1.4931883e-02   1.7154430e-01  -1.1585536e-01  -6.1131526e-02  -1.2552949e-01   1.1109252e-01   4.8916348e-03  -7.7746755e-02  -7.1110951e-03  -2.0178521e-02
  -1.3647650e-01   1.1383421e-01   1.2297035e-01   1.3379036e-01  -9.7843569e-02   1.5563986e-01  -7.6400078e-02   1.7587487e-01  -2.4272021e-01  -3.7336313e-02   3.9578177e-02  -6.9940188e-02  -1.5796842e-02   1.1939283e-01  -1.9779090e-02  -1.2079521e-01   1.1437889e-01  -1.9820853e-02   2.2844543e-02   2.4036225e-01   6.6685100e-02   7.8287683e-02  -1.8780166e-03  -4.7287795e-02   2.9761188e-01   7.5362836e-02  -3.9232505e-02   3.7330554e-02   5.9817440e-02   2.5996910e-01  -8.0367448e-02   1.2168761e-01  -9.0677415e-02   7.9757188e-02  -1.1872611e-01  -3.0331527e-01   2.0388484e-01  -1.2344221e-01   1.6039617e-01  -2.3620220e-01  -8.7202247e-02   1.4947684e-01   1.5641508e-01  -2.7357002e-01   1.4945766e-01   2.7412743e-01   2.7768327e-02   5.5328588e-03  -8.8495514e-02
  -1.3080033e-01  -3.1490565e-02   1.3258902e-02  -1.3700058e-02   1.9362967e-01  -6.5708427e-02  -6.7108468e-02  -1.0610264e-01  -6.5102542e-02  -4.1961138e-01   2.0004778e-01   1.1425859e-01  -1.4717424e-01   3.7409672e-02  -5.2571004e-03   7.6498095e-02   8.3646652e-02  -9.7509141e-02   9.0049205e-03   1.4290417e-01   9.3964758e-02   4.9631496e-02  -7.7543996e-02   1.8926859e-01   2.1870954e-01  -4.8102780e-02   1.6349085e-01  -8.0502370e-02  -2.0309444e-01  -1.3558234e-01   2.7518081e-01  -5.9967701e-02   2.5107958e-02   2.5437553e-01   8.6879513e-02  -5.3204538e-02  -5.5960274e-02  -1.7611317e-01  -1.1099931e-01  -1.3004685e-01   9.4896537e-02  -5.5265770e-02   2.2910673e-01   1.7558353e-01  -6.4709152e-02  -1.9033973e-01  -7.7009363e-02   7.4307139e-02  -2.5070128e-01
  -1.3906362e-01  -1.7221261e-01   1.5422707e-01  -8.9262217e-02   2.0601970e-01  -2.2730627e-01   3.1687553e-01   8.2184295e-02   1.2912772e-01  -5.6413673e-02   1.3521607e-01   7.6327364e-02  -4.7858891e-02   1.7111711e-01  -6.7077760e-02  -1.4278426e-01   7.7650190e-03  -7.8976777e-02  -2.2401395e-01   8.8946456e-02  -6.1253428e-02   3.4696239e-02   1.6232125e-01  -1.0863967e-01  -1.3287612e-01  -5.7166196e-02   9.7832490e-02   1.6759218e-01   2.9397169e-01   2.2926817e-01   9.6775516e-02   4.2532988e-02  -1.1169322e-01   4.0038883e-02   1.3138983e-01  -7.5586692e-02  -4.2744041e-02  -3.0006998e-02  -1.7905354e-01   1.6519992e-01   1.1090853e-01  -2.1130453e-02  -1.7602566e-01  -3.3779953e-01  -7.6626919e-02  -3.2986446e-02  -7.7114623e-02   6.6554000e-03  -1.7716197e-01
  -1.5537868e-01  -2.6673700e-01  -1.2154735e-01  -2.8149668e-02  -1.9534215e-01  -1.1108114e-01   1.1332109e-01  -2.6603885e-01  -1.7842694e-01   1.1782489e-02   2.2039721e-01  -1.1604401e-02   3.2969098e-01  -6.7670323e-03   2.2677581e-02   3.9502203e-02  -1.1309793e-02  -1.1923349e-01  -7.7006863e-02   4.4619669e-02   1.8438164e-03   1.3573727e-01  -1.2699796e-01  -1.0477552e-02   5.3523538e-02   2.0037144e-01   2.9501166e-02  -1.7531392e-01   2.1418363e-02   1.9150413e-01  -7.1545898e-03  -1.6645293e-01  -4.5071689e-02   1.7050579e-01  -9.9427804e-02  -2.7729243e-02  -8.1318394e-02  -9.7490656e-02  -7.9137427e-02   5.6334886e-02  -2.9639425e-01  -1.4181262e-01  -1.3854740e-01   1.2350606e-01  -9.5987771e-02   1.1610215e-01   9.9305799e-02  -3.3129668e-01   1.2268132e-01
  -1.2445097e-01   1.5011513e-01  -1.5693367e-01   2.4314552e-01  -1.0643085e-01  -2.8052725e-01  -1.3057064e-01   2.6522208e-01   1.3679615e-01  -1.0974068e-01  -6.7325038e-02   6.2504259e-03  -4.0439659e-02  -7.1553366e-02   2.9267663e-02   2.5699340e-02  -6.6469876e-02  -2.8340924e-02  -6.9443982e-02  -1.8938039e-01  -1.5165785e-01  -7.9128478e-03   2.7111361e-02   2.6404730e-01   1.6378253e-01  -1.0795564e-01   2.1241491e-01  -2.2483758e-01   1.3667161e-01   2.9902991e-01   2.2693630e-02  -2.2623070e-01  -9.7044815e-02  -2.8500373e-02  -9.1127246e-02   1.6584951e-01   1.9642237e-01  -9.6332957e-02   4.7959512e-02   1.8841675e-01   9.5554320e-02   1.9708068e-01  -5.5171791e-02   7.7078648e-02  -3.8965652e-02  -3.8282010e-03   1.7372809e-01   5.5497355e-02   1.9718637e-02
  -1.3736546e-01   1.1393808e-02   5.2938982e-03   7.0553891e-04  -2.0503060e-01   7.9864655e-03   2.7181613e-01   1.0759891e-01   1.2396777e-01  -1.6671261e-01  -2.5726544e-01  -2.0102564e-01  -1.4967687e-01   8.2699927e-02   1.9655973e-01   7.9326372e-02   5.7900407e-02  -2.4460342e-01   1.2183284e-01  -2.3309894e-01   9.6958464e-02  -7.7312530e-02   2.9099936e-01   9.4229538e-03  -9.3048651e-02  -2.0318354e-03  -8.1388203e-02   1.0396754e-02  -1.1614188e-01   2.8076299e-02  -5.4411122e-02  -2.5327239e-01   2.7214538e-01   1.0872155e-01  -5.3852823e-02  -2.5804672e-01   7.0768702e-02   6.7498477e-02  -1.4421253e-02   4.8529162e-02  -1.2540806e-01  -1.4377894e-01   1.1179409e-01   2.5362854e-02  -9.0825883e-02   9.7642939e-02  -2.3640184e-01  -6.4684762e-02  -7.2796334e-02
  -1.4836430e-01   1.1736087e-01   8.6671847e-02  -1.3217366e-01  -4.6799470e-02  -2.8120259e-01  -8.2884160e-02  -3.2917912e-02  -6.0565760e-02   1.0990503e-01  -1.2298742e-01  -1.5592278e-01   2.3102052e-01  -1.8054593e-01  -1.9798922e-02  -2.9128604e-01   9.2717731e-02  -4.3750334e-02  -3.7454599e-02  -1.3415397e-02   2.3279379e-02  -4.7591643e-02   2.8350982e-03   2.3569995e-02  -3.5758102e-02  -1.9609503e-01  -1.5454738e-01  -1.2731641e-02   1.2541598e-01   1.9192590e-01   5.3671186e-03  -1.7749098e-01   3.3547161e-02   2.8663897e-02   3.5053274e-01   1.1047115e-01  -2.4439082e-01   1.3639191e-01  -2.1266015e-02  -3.4050643e-01   1.6255964e-02   4.8889129e-02   2.5904016e-01   9.9342737e-02   1.8641513e-01  -6.6242830e-02  -6.8918950e-02  -5.2389827e-02  -4.7682765e-02
  -1.3560691e-01  -1.2551715e-01   2.3841310e-01  -2.1879635e-01  -3.5286683e-02   9.7078642e-02  -9.5566561e-02   2.2482295e-03   9.6026506e-02  -4.8728009e-02  -2.2094250e-01  -8.6386466e-02   1.9758363e-01  -1.6099691e-01  -1.1045695e-01   2.2090248e-01  -7.2610625e-02   3.0244219e-02   1.8040490e-01   2.0071881e-01  -9.9733397e-02   2.3753572e-02   6.2284456e-02   1.8579551e-02  -1.9989329e-02   2.2429129e-02   3.0934586e-03  -1.1328726e-01   4.9837298e-02  -2.2115701e-01   1.1370702e-01  -1.8961542e-01  -1.2475565e-01   2.3897859e-01   1.6106366e-01  -4.4106664e-02   5.4211504e-02  -1.5527259e-01   1.6020927e-01   1.8529896e-01   2.2072020e-01   2.4984899e-01   9.8402119e-03  -2.1377600e-01  -2.1793431e-02   4.7161886e-02  -1.2285142e-01  -1.1678190e-01   2.5247343e-01
  -1.3896823e-01   6.1557434e-02  -5.5477420e-03   1.2704969e-01  -3.7890179e-02   4.0986032e-02  -2.0445627e-02  -2.7455101e-01  -1.6269881e-01   2.5510324e-01  -6.8596880e-02   2.0792003e-01  -3.4649153e-02  -1.5340997e-01   1.2492388e-01  -6.1547508e-03   3.2612770e-02  -1.6257156e-02   5.1477918e-04  -2.2950743e-01   1.2545532e-01   2.9787395e-01   5.1176889e-02  -1.3294482e-01   6.5770815e-02   1.0307266e-01  -7.4379412e-02  -2.4977334e-02   1.2558997e-02  -1.5685975e-01   1.0470462e-01  -2.3352946e-01  -1.5696302e-01  -3.1432667e-01   2.5598795e-01  -7.5718601e-02   1.5550040e-01  -1.4645955e-01  -9.2564458e-02   1.1554519e-01   4.4316307e-02   8.9473005e-02   3.2807851e-02  -6.9349672e-02  -1.2290917e-01   1.1224673e-01  -4.2140517e-02   1.0215437e-01  -3.0626088e-01
  -1.3904745e-01   1.2900731e-01  -1.7319534e-02  -2.0183081e-01   6.5648406e-02  -4.9910574e-02   4.8664217e-02   7.5298833e-02   2.9563081e-01   3.3031832e-01   8.8727710e-02   1.9623550e-04   3.7552103e-02  -1.8383983e-02   1.6299922e-02  -1.0412845e-01   6.2040059e-02   2.1627782e-01   2.3282331e-02   9.8362445e-02  -2.7223942e-02  -1.0046950e-01  -1.8567677e-02  -6.7981650e-02   4.8722947e-02   1.5425583e-01   1.7262066e-01  -1.3453298e-01   3.7615557e-02  -9.4014426e-02   1.4122203e-01  -3.0109680e-02   4.3111085e-02  -2.8250965e-02  -3.5546150e-01  -9.4598147e-02  -1.6599788e-01   8.0151814e-02   3.9515682e-02   9.9216483e-02   1.7577610e-01  -6.4061067e-02   3.3741594e-01   1.0846066e-01  -1.3289696e-01   2.5216794e-01   7.5932195e-02  -1.4890435e-01  -2.3654122e-01
  -1.3709192e-01  -1.4252982e-02   4.8272500e-02   1.6868366e-01   3.0730544e-01   9.0943835e-03  -1.3677082e-01  -2.8698687e-01   5.7158861e-02  -1.8758339e-01  -1.4145356e-01  -2.1138069e-01  -5.5441475e-02  -1.2315036e-01   3.7605113e-02  -2.8402709e-01   9.9074175e-02   3.8675744e-02   2.6914780e-01  -2.6327126e-01  -1.6373756e-01  -1.4511240e-02  -3.2779067e-02  -1.9707124e-01   8.5914698e-02  -4.8920658e-02   6.7699530e-02   6.8502120e-02   2.1107874e-01  -5.9408081e-02  -4.5632303e-02   5.0453919e-02  -2.0477833e-01   3.8213281e-02  -2.9206530e-01  -1.0946673e-01  -7.2636150e-02  -9.6736207e-02  -2.1149988e-01   2.0426767e-02  -7.1628723e-02  -5.9597860e-02   2.0307281e-02   8.8726905e-03   2.5838171e-02  -2.9515716e-02  -5.6324767e-02   1.3459554e-02   2.1183396e-01
  -1.3961305e-01   1.7791377e-01   2.7022585e-03   1.5013680e-01  -1.0334409e-01  -4.2892009e-02  -2.4344994e-01  -6.1842507e-02  -1.2338405e-01   2.9220071e-01   5.8399015e-02  -8.2338309e-02  -6.5854276e-02  -1.8644965e-02  -3.0272713e-01   3.1372028e-02   6.7862428e-02  -7.6759158e-02   1.2087371e-01   1.3260829e-01  -1.1446900e-01   1.3960167e-01   9.7327110e-02   1.4711546e-01  -9.4121529e-03   6.3409162e-02   1.0842256e-01   1.2433854e-01  -1.3828398e-01   1.1306137e-01  -2.5209044e-02   2.0466077e-02   8.0965537e-02   5.1246701e-02  -6.6660701e-02   1.2204892e-01   1.1172251e-01   1.8945887e-01  -1.4292231e-01   9.9669888e-02   3.5333831e-02  -2.8388063e-01   9.9842569e-02  -2.5471391e-01  -2.3922408e-01  -2.8417773e-01  -2.3919463e-01  -8.4140256e-02   7.5370825e-02
  -1.3701512e-01  -3.3517020e-02  -1.1099249e-01  -1.3135875e-01   1.0955378e-01   1.1132963e-01   1.8892236e-01  -2.2224073e-01  -2.0534243e-01  -7.8299325e-03  -6.0891798e-02  -4.1793576e-02  -2.1320641e-01  -1.3549802e-01  -1.7748615e-01   3.1910420e-02  -1.8624145e-02   5.3837213e-02  -3.1254371e-02   1.5984835e-01   2.0669730e-02   1.4408552e-02   1.1317489e-01   7.0932682e-02  -1.9235823e-02   8.9495189e-03   3.0631516e-01  -2.1447966e-01   3.3490775e-02  -1.6288617e-03  -1.3722481e-01  -2.7141261e-01   2.3868797e-01  -1.8078421e-01  -1.7587974e-01  -7.5552706e-02  -1.5434709e-01   2.0770739e-01   1.1085921e-02  -6.4179379e-02  -8.1289431e-02   2.4581593e-01  -1.1678448e-01  -1.5926549e-01   2.3584474e-01  -1.4083787e-01   1.0582504e-01   1.5694036e-01  -7.4004574e-03
  -1.1499230e-01   1.0724362e-01  -4.6977170e-02  -2.0767568e-01   6.6970419e-02  -1.7891739e-01   6.2246766e-02   7.6632604e-02   9.7768377e-03  -5.4162989e-02   1.9130331e-01   2.0055885e-02  -1.5639953e-01  -5.6463433e-02   1.8042449e-01   6.3461409e-02  -6.3331272e-02   3.3749076e-01   4.0585467e-01   7.8651754e-02  -2.3460892e-01   6.9649114e-02   2.0644538e-01  -1.6470543e-01   1.8243438e-01  -6.1148523e-02  -1.6355773e-01  -2.1362109e-01  -1.3276148e-01   1.0623531e-01  -4.9385802e-02   1.0094295e-01  -1.0581419e-02  -8.1830509e-02   2.4350856e-01  -1.0018704e-01   5.8283034e-02   9.4351691e-02   1.9317799e-02  -1.0251437e-01  -1.2281751e-01  -6.7453919e-02  -1.9111245e-01   1.2213759e-03  -1.6741938e-01  -8.3914932e-02   1.1426705e-01  -7.2141951e-02   3.4944729e-02
  -1.3634480e-01  -4.0149428e-02  -5.9225923e-02   2.5614159e-01   4.9883937e-02  -1.3697716e-01  -1.5589810e-01  -3.1618684e-02   5.8645100e-02   1.6031168e-01  -9.0999494e-02   1.5928144e-01  -3.3611910e-01   3.2753267e-02   2.1130958e-01  -1.0783955e-01   4.0588040e-02  -1.5610986e-01   1.0060702e-01   3.3583037e-01   1.1212790e-01   2.2001870e-02   6.9235775e-02   1.9621531e-01  -1.1462837e-01   9.4284557e-02  -8.4105801e-02   5.5273164e-02   1.7716235e-01  -1.5785327e-01  -1.3527713e-01   1.5069286e-01   2.6241022e-02   1.3250893e-01   1.4049175e-01  -1.0968316e-01  -1.3202416e-01   8.3693776e-02   7.4094620e-03   1.8831276e-01  -7.7919246e-02   2.0303572e-01  -6.9874783e-02   2.0387688e-01   1.0067093e-01   1.0190018e-03   7.9575279e-02  -2.7421211e-01   2.9882293e-02
  -1.6500812e-01  -7.5526950e-02  -3.3223150e-02   2.4715184e-01  -2.4376532e-02   1.5770231e-01   1.7982566e-02   1.0120972e-01  -9.2888417e-02   1.1074737e-01  -8.0169830e-02  -1.2972439e-02   1.2827981e-02  -3.4925019e-02   7.5038857e-02   2.8080564e-01   3.3493849e-01   3.6139892e-01  -2.2111626e-01  -1.9820691e-01  -9.8590878e-02  -1.5729513e-01   6.1637462e-02  -3.6628196e-02   5.8387814e-02   2.4940247e-02   8.4920356e-02  -1.8558762e-01   2.0743156e-02   3.6525009e-02  -9.7798964e-02   1.9507217e-01   2.0968159e-02   1.2592063e-01   1.3416683e-01   1.5700758e-02  -2.9105180e-01  -1.7691071e-01   4.4992595e-02   3.9817584e-02   1.7894073e-02  -7.4586182e-02  -7.0224611e-02  -4.1629413e-02   1.5031217e-01  -1.3694652e-01  -2.2713277e-01  -1.1627214e-01  -1.2917527e-01
  -1.5047161e-01  -3.2228007e-01  -1.8208627e-01  -3.2500478e-02   2.6940249e-01  -1.5685988e-01  -2.1348900e-01   1.5051373e-01  -1.1921393e-01   2.0362494e-01  -8.6973863e-02  -1.1603428e-01   2.9878684e-02   1.4455237e-01   1.3645531e-01   1.1354880e-01  -7.1421661e-03  -1.8118780e-01  -1.0462070e-01   9.7250318e-02   1.5686295e-02  -1.1195461e-02   2.4090895e-01  -2.2593639e-01   4.9251413e-02   8.4884078e-02   1.1608894e-02  -1.4270432e-01   9.0027431e-02  -9.2376170e-02   1.3060993e-01   3.3474034e-02   7.1390002e-02  -1.3313170e-02   1.8316377e-02   1.3107960e-01   1.0975671e-01  -2.5334204e-02   1.4276670e-01  -2.5569532e-02  -1.0991827e-01  -2.1753115e-01   1.5355250e-01   3.1135346e-02   4.2422860e-02   2.9685013e-02   5.1271054e-02   3.7435199e-01   1.7395771e-01
  -1.4048283e-01   8.3800675e-02  -3.9219307e-02  -9.4618364e-02   7.6848967e-02   5.9843293e-02  -1.1944836e-01   2.1583789e-01  -4.1091788e-02  -3.1385549e-02   6.0258290e-03   1.6718672e-01   2.9330057e-05  -1.7917491e-01   1.1877435e-01   8.8985787e-02  -1.7551186e-01  -7.7918590e-02   1.7788063e-01  -8.0544752e-02  -1.7749661e-01   2.4423052e-01  -4.4795593e-02  -1.3040775e-02  -4.2402323e-01   2.4634635e-01  -1.1984743e-02   4.2813270e-02   3.4094040e-02   1.5175772e-01   2.3656761e-01   9.9871448e-02   1.9621976e-01   1.3885742e-02  -1.9229192e-01   1.2944279e-01  -2.7772048e-02  -2.0185007e-01  -1.1551920e-01  -2.2452242e-01  -3.3496038e-02   7.3300828e-02  -8.9485073e-02  -5.9339195e-03   2.3045547e-01   3.3676089e-02  -1.5451738e-01  -5.4547179e-02  -1.1560898e-01
  -1.4793636e-01   3.5467038e-02   2.1915367e-03  -2.2167353e-01  -1.2548944e-01   3.1899465e-02  -1.8661944e-01  -2.2742932e-01  -2.7679234e-01  -1.3701600e-01  -6.4247769e-02   3.3864333e-02  -1.8459112e-01  -3.2199986e-02   2.3692082e-01   8.2861768e-02   6.3879480e-02   1.0080196e-01  -7.3626679e-02   4.9741872e-03  -4.7048293e-02  -7.3162238e-02  -1.2460021e-01   8.3002105e-02  -3.3420298e-01  -2.6362655e-01   6.2268078e-02   7.3627234e-02   2.2373558e-01   5.8170507e-02  -3.0754141e-02   1.2650195e-02  -1.1544150e-01   9.9037396e-02  -8.3968266e-02   1.6231596e-02   9.4848940e-02   1.0837388e-01   3.2853892e-01  -1.7671959e-03   1.2760220e-01  -2.8093087e-01  -4.2915534e-02  -3.3739083e-02  -1.6774189e-01   1.2719154e-01   1.1313112e-01   2.2336271e-02  -1.2646691e-01
  -1.4485383e-01   8.3685620e-02  -1.7315015e-02   1.1401212e-02  -1.0711927e-01  -9.9433791e-02   5.2604868e-02   5.4195478e-02  -5.2699553e-02  -1.3120843e-01   8.6852202e-02   2.3437402e-01   2.5966913e-01  -2.1817845e-01   1.2201134e-01  -1.4651295e-01  -1.6542387e-01   2.7859791e-01  -2.5961333e-02  -9.3604669e-02   4.5327864e-01   5.1710136e-02   2.1544765e-01   1.9498261e-02  -1.1143134e-02  -9.7776430e-03   2.9054463e-01   1.7378500e-01   7.0653491e-02  -7.7286939e-02   3.9535802e-03   2.0797096e-01   1.6018479e-01   1.3508270e-02   5.9292272e-03  -1.0880165e-01   8.7229684e-02  -4.3554081e-03   7.2021605e-02   8.2919237e-02  -3.3361751e-02  -4.2638871e-02   1.2216243e-01  -2.8922062e-02   1.0809882e-02  -1.2159551e-01  -3.0690992e-02   2.9674397e-02   2.8182599e-01
  -1.4368217e-01   2.4803773e-02   1.8500753e-01   8.8428753e-02   9.5609394e-02   3.6329004e-02   3.2551116e-02   3.2304016e-02  -9.3962978e-02  -1.5991428e-01  -2.9169224e-01   1.0330618e-01   1.1575227e-01  -2.1633259e-02  -3.2893117e-01  -4.7490219e-02   1.3357211e-01   6.3289269e-02  -8.4626279e-02  -2.6353875e-03   2.9369182e-02   2.8689161e-01   1.5803451e-01  -1.6734446e-01  -5.3799623e-02   1.2155526e-01  -1.7451676e-01  -2.6689394e-02  -9.2129628e-02   1.2472329e-01  -9.1820827e-02   1.2696015e-01   1.2773277e-01   1.7638692e-01  -8.2701930e-02   5.7367308e-02  -6.6921839e-02   1.5511734e-01   6.1818429e-02   4.7870432e-02   1.5844817e-01   7.4594840e-02  -1.2537780e-01   3.4222717e-01  -2.7457824e-01   6.1350708e-02   2.1285368e-01   1.4880128e-01  -6.8776369e-02
  -1.3529930e-01   7.1069131e-02   4.0605212e-01  -1.1525831e-01  -1.8759036e-01   4.6095362e-02  -7.5421590e-02   8.3172111e-02  -1.1253039e-02   6.2273406e-02   2.4561232e-01  -2.8783371e-02  -4.2574279e-02   4.8537470e-02   2.8972481e-01  -1.3813220e-01   1.4102805e-01  -1.5902657e-01  -1.4288024e-01  -5.3966390e-02  -1.2281565e-01   5.3228391e-02  -5.3284544e-02  -1.5223660e-01  -3.4629766e-02   1.0029853e-01  -7.1829909e-02  -6.5612312e-03  -1.6366545e-01  -3.5219003e-02  -1.1369466e-01  -1.2629536e-01   5.9081937e-02  -4.6401556e-02  -1.1290590e-01  -9.0697730e-02  -4.6488432e-02  -1.2402661e-01   4.2804127e-02   1.7790877e-01   1.5673908e-01  -6.9517987e-03   7.7106388e-04   4.3459111e-02   1.6155560e-01  -4.1489090e-01   2.4768582e-01   1.0009429e-01   1.2906172e-01
  -1.2098309e-01   2.2382826e-01  -1.4864865e-01   5.3356548e-02   1.6001951e-02  -3.1325969e-01  -4.2659896e-02  -5.7799719e-02  -5.7554252e-02   4.8574450e-02  -1.3709102e-01  -2.8007529e-01   6.4752775e-02   1.7489207e-01  -6.4118776e-02   2.4364824e-03  -1.3944891e-01   3.9967097e-02  -1.4251407e-01  -7.8972511e-02  -5.4787295e-02  -1.3024052e-01  -1.4991390e-01   9.8334725e-02  -1.7235929e-01   2.5831135e-01   9.5341932e-02   7.5842605e-02  -1.9519506e-01  -1.7125441e-01   5.4311217e-02   8.5530244e-02   2.2697788e-02  -1.6521423e-02   1.2824500e-01  -3.8583962e-01  -9.1172608e-02  -1.7128344e-01   1.4437174e-02  -2.0717634e-01   1.2034011e-01   4.3216928e-02  -2.1701566e-01  -9.2969916e-02  -1.5122981e-01   1.1651291e-02   1.5389592e-01   8.0665431e-02   6.4231580e-02
  -1.3072491e-01   4.7104895e-02   1.5406154e-01   2.6225935e-01  -6.2261197e-03  -1.5648240e-01   7.5330975e-02  -2.1998891e-01   1.4117297e-01   5.8876053e-02   1.5010910e-01   2.5420234e-01   1.3760022e-01   1.3344481e-01   2.0498090e-02   1.7951572e-01   9.5349298e-02  -7.3897709e-02   1.0593481e-01   1.2351957e-02   6.8967676e-02   4.6785925e-03   5.5890068e-02   1.7514276e-01  -3.6899806e-02  -2.4235516e-01  -2.3957553e-01  -2.2769163e-01  -4.9592880e-02  -6.0164936e-03   1.0561853e-01   3.8353890e-02   5.3288139e-02  -1.1802228e-01  -2.0072572e-01  -7.8679863e-02  -1.0419070e-01   8.1830778e-02   2.3266610e-03  -1.6101005e-01   2.6644647e-01  -1.1725558e-01  -1.3418826e-01  -1.0724005e-01   1.6704185e-01   2.1463477e-01  -8.6227800e-02   1.5808923e-01   2.3087459e-01
  -1.2021102e-01  -1.0151442e-01  -7.9002340e-02  -1.6237044e-01  -1.2369573e-02  -1.4504229e-02   3.2713931e-02  -1.4438446e-01   9.8585408e-02  -4.2654367e-02   4.4259541e-02  -2.2860061e-01  -8.7965679e-02   2.0722530e-01  -1.0769026e-01  -1.8425035e-01   2.0892989e-01   1.1513313e-01  -1.7280517e-01  -1.0730046e-01  -1.1009519e-01   3.3195334e-01   7.9549438e-02   1.2684312e-01  -3.8691833e-02  -1.4026606e-01   5.1762698e-02  -4.5346090e-02  -9.7838434e-02  -1.6315158e-01   7.1694406e-03   2.0037323e-01   2.0376495e-01  -1.3838913e-01   7.3287083e-02   1.4629790e-01   3.7234390e-01  -1.0584931e-01   1.4971543e-02  -1.4803986e-02   1.0137149e-01   5.0313919e-02   2.3868484e-02   7.9289486e-02   2.2063231e-01   1.4052813e-01  -1.0011874e-02  -2.8388969e-01   8.0911370e-02
  -1.5926489e-01   3.3376406e-02   6.5074301e-02  -2.8660071e-02   1.5318117e-01   3.4728740e-02   1.7851943e-01   1.0722218e-01  -2.6371283e-01   1.0378758e-01   3.1220482e-02   9.9981240e-02  -4.5037229e-02   2.9950230e-01   1.1753619e-02  -1.7101594e-01   5.6022418e-02  -3.4263297e-02   2.2541466e-01  -1.3626405e-01   9.3181012e-02  -1.8513774e-01  -3.0946767e-01  -8.2457947e-02   9.2128660e-02   1.3539279e-01   1.6258830e-01   6.5346328e-03   1.8706292e-02   5.5130185e-02   1.1049052e-01  -1.1379251e-01   2.3396804e-02  -3.6064337e-02   7.8153582e-02   1.3840677e-01   1.1221292e-01   1.5810349e-01   2.3202454e-01   1.2954431e-02   1.5303791e-01   1.1402157e-01  -1.9205397e-01   2.0901861e-01  -4.3612945e-02  -1.1654827e-02  -3.4172834e-01  -7.1073460e-02   1.6551916e-01
  -1.4086824e-01   1.1207965e-01  -4.7859542e-02   6.7883149e-02   4.1345160e-02   2.0847426e-01   1.6365241e-01  -4.0007044e-02  -3.7014776e-03   1.1582856e-01   1.1200140e-01   1.3441751e-03  -8.7082506e-02   7.6201385e-02   9.6756893e-02  -1.6410676e-01  -3.4556182e-01   1.9891756e-01  -2.5273677e-01   1.5846158e-01  -2.0926250e-01   7.7976419e-02  -2.2364868e-02   1.2452231e-01  -2.1666222e-02  -1.3109615e-01  -2.0508103e-01  -1.5247982e-02   9.2640722e-02  -3.8733229e-02  -2.0592096e-01  -1.4120220e-01   9.2641945e-02   1.3677451e-01  -2.5915277e-02   5.8857242e-02  -3.8300052e-02  -2.5259125e-01  -4.6090771e-02  -5.2890011e-02  -5.8250080e-02   6.6820299e-02   1.1713903e-01   1.3756738e-01  -2.5064181e-01   4.7385681e-02  -2.7505406e-01   2.2676145e-01   1.7608310e-01
  -1.6317251e-01   2.6944540e-01   1.3512648e-02   1.8838690e-02   7.8083951e-02   9.1377924e-02  -3.8154362e-02  -1.3108028e-01   2.0052500e-01   1.4488265e-01  -1.2471234e-01   2.9532678e-02  -1.5097549e-01   1.6614389e-03  -9.4350424e-02   3.3879861e-02  -2.9167814e-01   2.3870454e-02  -2.5107453e-01   1.0746896e-02   1.9910008e-01  -7.0778501e-02   5.5324120e-02  -2.8634360e-01   1.2785381e-01  -1.3685108e-01  -6.7755035e-02   1.6940223e-02  -1.2705045e-01   3.2786748e-02   2.3194720e-01  -1.1909491e-01  -1.1626658e-01   2.7420215e-01  -6.8444911e-02   5.6129189e-02   1.6225898e-01   2.4151289e-02   6.9402791e-02  -7.3117332e-02  -1.0408830e-01  -1.4999236e-01  -2.4383257e-01   3.3519137e-02   2.6063587e-01  -1.0923101e-01   6.1893567e-02  -2.0129105e-01  -3.5878561e-02
  -1.5721209e-01  -9.5336990e-02   1.8889611e-03  -2.1250124e-01  -6.7628219e-02   1.0357158e-01   8.0770812e-02  -6.3902358e-02   1.5116487e-01   1.0697127e-01  -2.4485217e-01  -4.9175264e-02   7.4922634e-02   7.4835870e-02   2.5556437e-01   4.4598511e-03  -2.5064926e-01  -2.5410010e-01   3.0939987e-02  -1.1226630e-01   6.4431121e-02   2.4613359e-01  -5.6732888e-02   1.8970230e-01   3.0798781e-01  -1.8627192e-02   1.3808234e-01  -5.6212597e-02  -6.6577432e-02   3.0644290e-02  -1.8319312e-01   3.5890426e-01  -1.7726808e-01   5.4982819e-03  -7.0875099e-02   1.3440447e-01  -1.8880988e-01   1.0302834e-01   5.0155124e-02  -1.3884200e-01   1.0079486e-01   3.2393898e-02  -7.1283254e-02  -9.6635283e-02  -8.6617348e-02  -1.2756970e-01  -4.9081647e-02   4.3045618e-02  -1.2483725e-01
  -1.3640829e-01   7.8021309e-02   1.1697308e-01  -9.0104605e-02   3.9882289e-01  -7.2662946e-04  -2.6566337e-02   1.5546053e-02  -1.1744005e-01   1.4495435e-01   1.0750539e-01  -6.0660270e-02   1.8643780e-01   7.9404712e-02   1.5127868e-01   3.1822083e-01   8.2921216e-02   5.6680778e-02   3.4570091e-03  -1.5280282e-01  -1.7538000e-02  -1.4439618e-02   9.7830520e-02   2.3836470e-01   8.6113098e-02  -1.6214272e-01  -2.5144870e-02   4.7992658e-01  -1.7251231e-01   2.3683657e-02  -6.5933669e-02  -1.2980999e-01   2.9210281e-02   5.8105105e-02  -6.7120037e-02   8.0657771e-02  -3.3954424e-02   5.8670560e-02  -6.0783343e-02   8.8122992e-02  -1.8056553e-01   2.1302687e-01   4.6026579e-03   3.5016008e-03   2.0620691e-03   1.3975008e-01   1.7115020e-01  -5.8396788e-02  -1.2258092e-02
  -1.4881457e-01  -8.0956814e-02   3.9522682e-02   1.1593000e-01   5.7898577e-03   1.5364550e-01  -1.2942512e-01   1.8103994e-01  -1.3056411e-01   7.9003134e-02   1.9920871e-01  -3.1194608e-02   1.2634132e-01  -2.1640232e-02  -1.5514977e-01   1.1284715e-01  -2.4611411e-01  -2.6316118e-01   5.0481204e-02  -7.8453600e-02  -3.3970703e-02  -1.2166460e-01   1.4448353e-02  -2.4499109e-01  -7.5580826e-02  -4.1633145e-01   1.8503728e-01  -1.1828073e-01   1.0610295e-01  -1.6556054e-01  -1.9886031e-01   8.9396970e-02   1.2997725e-01  -7.7144433e-02   4.9773922e-02  -1.9084165e-01   6.5468290e-02   7.5939593e-03  -1.7682516e-01  -1.0982345e-01   1.4202651e-01   6.7715919e-02  -1.7456929e-02   1.5120891e-01  -1.2138125e-01   1.5006826e-02   7.7953077e-02  -2.0694451e-01  -1.2865919e-01
  -1.6831664e-01  -3.7868706e-02  -1.5170254e-02  -1.3896675e-01  -3.3613596e-01   1.0330345e-01   5.7067101e-02   1.0483063e-01   6.6307784e-02   1.2384687e-01   9.9611559e-02   9.5372519e-03  -1.0669441e-01   9.7142254e-02  -2.2000037e-01   1.5030540e-01   1.0938000e-01   7.2892366e-02   5.4039563e-02  -2.0669224e-01  -6.2800744e-02   7.0783689e-02  -5.5346504e-02   1.4447055e-01   1.0835393e-01   3.2167620e-02  -9.0273330e-02   1.3390882e-01   4.1837178e-01  -1.9825447e-01   2.6986834e-01   4.6796054e-02  -7.5918192e-02   1.4902762e-01   1.6843359e-02  -1.4217680e-01   2.8325938e-02   1.8839189e-01  -1.6184585e-01  -1.3108657e-01  -1.6990826e-01   5.8155173e-02  -3.5999303e-02   1.4691346e-01   3.2289045e-02  -1.0845328e-01   1.1848561e-01   2.2914129e-01   6.7696853e-02
  -1.5795801e-01   3.3384535e-01   1.2692953e-01   2.5347806e-03   1.5181757e-02  -1.5547743e-02   4.7986602e-02   1.5955758e-01   1.5067178e-01  -9.8188275e-02  -6.9544024e-02   7.6157812e-02   8.4958785e-02   1.8452339e-01  -1.0105219e-01   1.6040250e-02   1.6986195e-01  -7.9378542e-02   6.3837681e-02   9.2411717e-02   5.5743369e-02   1.7110700e-01  -2.2594788e-01  -8.1480483e-02  -2.0867010e-01  -1.5628801e-01   2.1377641e-01  -1.8445198e-01  -3.9204058e-02  -2.1558133e-01  -1.1804693e-01   1.1453980e-03  -1.2245153e-01  -8.3069603e-02   1.1097954e-01   1.5130892e-01  -1.2231467e-01  -6.7191918e-02   5.2460386e-02   8.9228227e-02  -5.0257467e-01  -9.5286453e-02   2.6360372e-02  -9.7337162e-02  -2.5371986e-02   8.4523510e-02   1.9746946e-02   9.8262066e-02   9.2399943e-03
  -1.5479945e-01  -1.1583964e-01  -5.0539647e-02   1.2403084e-01  -1.0103481e-01   7.0066576e-02  -5.5425044e-02   1.0226766e-01   1.0913054e-01  -1.1786361e-01   2.4850932e-01  -2.7437446e-01  -1.6891805e-01  -1.5654130e-01  -5.4677557e-02   1.0608642e-01  -8.7349726e-02   1.3186603e-02  -9.0986073e-02   7.0112769e-02   3.2598358e-02   2.1190322e-01   4.1296321e-02  -9.8889410e-02  -9.6195666e-02   2.8771276e-03   1.2558725e-01   2.1349167e-01  -2.1418336e-01   1.1946733e-01   7.5417150e-02  -4.3490072e-02  -3.4995000e-01  -2.2506596e-01   8.4373553e-02  -8.0760389e-02  -2.5693273e-01   1.9300474e-01   1.5525521e-01   4.0765786e-02   6.3983680e-02   2.6547744e-03   5.5830059e-03   2.2325153e-01   8.5381866e-02   1.8775549e-01  -1.8867618e-01   7.1209267e-02   1.2706786e-01
  -1.4416417e-01   5.3794620e-02  -3.4145204e-01  -3.9908570e-02  -1.3282041e-01   1.0673950e-01   9.5329110e-03   6.4083573e-02  -3.7249561e-02  -1.0644047e-03  -4.0788333e-02  -1.9935609e-01   1.3556179e-01  -9.6156528e-02   2.1768757e-01  -9.8124684e-02   1.8494068e-01   3.0124837e-02   5.4735825e-02   2.4069210e-01   1.3887569e-01  -4.5557673e-02  -2.3916398e-01  -1.4557668e-01   6.0893685e-04  -2.1573013e-01  -9.0087054e-02   5.8160426e-03  -1.5553512e-01   4.0608706e-02   1.5594720e-01   9.1117556e-02   1.1230836e-01   1.2911371e-01  -8.7306529e-03   5.8963324e-02   4.3949528e-02   8.9795287e-02  -3.7809348e-01   2.6954243e-01   1.2629350e-01   1.3019826e-01  -1.8403423e-01  -7.8037233e-02   2.1941111e-02   7.5565820e-02  -7.4014881e-03   2.2322409e-01  -3.3981277e-02
  -1.4947879e-01  -1.6211299e-01   4.0857661e-02   1.0736979e-01   9.2023561e-02   5.9560807e-02  -3.0519095e-01  -4.1338574e-02   2.3083268e-01  -2.0240327e-01   1.6793881e-02   3.3880073e-02   9.2848401e-02   2.5778518e-02   8.1640547e-03  -2.9058176e-02  -1.7052033e-01   8.3448947e-02  -1.3351645e-01  -8.8303171e-02  -1.0519364e-01   4.2869017e-02  -3.4340113e-01  -9.3153416e-03   1.5489570e-01   4.6260388e-02  -1.7918260e-01   1.9379158e-02   7.2018843e-02   3.5707344e-02   8.4833968e-02  -3.0319420e-02   4.1963909e-01  -1.5001402e-01   1.0168443e-01  -1.4367216e-01  -4.2304839e-02   2.8645765e-01   1.9129042e-01   1.6143602e-01  -1.5523393e-01  -1.3729516e-03   1.1844723e-02  -2.0206964e-01  -4.2708873e-02  -2.5037804e-02  -5.6694407e-02  -3.1599653e-02  -1.0882561e-01
  -1.4806375e-01  -3.2777546e-01   2.3165285e-02   1.6339073e-01  -1.4922814e-01  -2.1773508e-01   1.4867863e-01   1.5327473e-01  -2.3479162e-02   1.7447184e-02  -1.0521557e-01   1.2516547e-01  -3.1123177e-01  -7.7082824e-02  -8.3172396e-03   2.5360303e-02  -7.1013166e-03   1.3299134e-01   1.3086198e-02  -6.0349393e-02   6.3263237e-02   2.7796985e-02  -2.4791757e-01  -1.9845957e-01   1.7431298e-02  -8.3503711e-02  -3.9276898e-02   1.6200848e-01  -1.7707296e-01  -1.3702936e-01  -3.5759184e-02  -1.0891856e-01   4.5374949e-02   5.5545507e-02  -1.0304146e-01   2.6426477e-01  -7.7128261e-02  -3.6806058e-02  -6.0140739e-02  -2.5350457e-01   5.1541163e-02   7.6018887e-02   1.6632003e-01  -2.7131430e-01  -1.4348714e-01   4.6631587e-02   2.0480977e-01  -1.3171491e-01   1.3767422e-01
  -1.3909634e-01  -2.0178346e-02  -2.0854433e-01  -1.9295868e-01  -1.9864944e-01  -5.1364489e-02  -2.0682679e-01  -1.5990881e-01   1.7406343e-01  -8.0395915e-02  -1.2113771e-01   2.2410165e-01   6.2090016e-02   2.1216156e-01  -9.0085207e-02   1.1026503e-01   1.7428014e-01  -2.6100138e-02  -8.9560282e-03   1.6487548e-01   8.4826234e-03  -1.8053919e-01   1.2386227e-01  -1.9939097e-01   4.7675862e-02  -9.2601327e-02  -4.5609416e-02   2.4173360e-01   4.0883279e-03   1.3641149e-01  -2.9193766e-02  -8.8185076e-03   3.4125282e-03  -3.1944052e-01  -1.6826664e-01  -6.3191981e-03  -5.9883676e-02  -2.6405985e-01   5.8554525e-02  -9.1605662e-02  -6.8225942e-02   2.3931361e-01  -2.1453910e-02   1.1735692e-01  -1.5364677e-01  -1.9189166e-01  -1.6432050e-01  -4.3631640e-02   1.5409396e-02
