  -1.4455106e-01  -2.0741427e-02  -4.9682606e-02  -2.2815284e-02   8.9304035e-02  -5.4300921e-02   1.8147790e-01   1.1222163e-01   6.1429151e-02   1.0791048e-01  -3.4825632e-01  -2.1909860e-02  -5.2373443e-02   1.7549053e-01  -7.0722601e-02  -1.9429801e-01  -1.2311273e-01  -1.0251183e-01  -1.7767486e-01  -1.5085022e-02   6.1114727e-02  -1.0363781e-01  -9.2784389e-02  -4.0388971e-01   1.2024667e-01   2.3900444e-01   2.4387169e-02  -2.3378464e-01  -1.0800534e-01  -1.6385229e-02  -2.1656152e-02  -6.2045151e-02   5.2658395e-02   4.9679611e-03   1.7570788e-02  -1.4993690e-01  -1.5675574e-01  -1.4999521e-01   3.3364142e-01   1.5742143e-01   1.0020907e-02   9.8057238e-02   4.9175163e-02   1.2631830e-01   1.1635196e-01   1.8086619e-01   6.7337164e-02   9.5996945e-02   1.4884866e-01
  -1.2499037e-01  -1.8616234e-01  -1.0434126e-01   1.2205632e-01   4.0072201e-02  -2.7228419e-01   6.8091646e-02   8.6660161e-02   1.1560568e-02  -8.7921741e-02   1.9025559e-01   1.9765087e-01  -2.6030520e-01   1.5275396e-02  -6.6434728e-02  -7.6940114e-02  -3.5044854e-03   1.5148190e-01  -1.1766857e-01   1.7012202e-02  -1.6314487e-02   5.6827040e-02  -6.6835013e-02  -1.4130184e-01   1.2408469e-01  -3.0121546e-02  -5.1251617e-02   3.5602466e-01   1.2307927e-01  -7.3787849e-03   1.5946027e-01  -1.2916026e-01   8.6585289e-03   1.6030899e-01   2.1359796e-01  -4.2085096e-02  -1.4857360e-01  -6.0243557e-02  -6.7958220e-02  -1.4398742e-01  -2.9160772e-01  -2.0186641e-01  -5.5950137e-02   3.1829057e-01  -7.1769054e-02  -1.2957820e-01   1.6402349e-01   1.6922971e-02   5.4710487e-02
  -1.4637317e-01  -7.5239411e-02   5.9439674e-02   1.4032882e-01  -2.7959897e-01  -6.8383844e-03   7.6149553e-02   2.2602220e-01   1.0096479e-01   7.9019870e-02   1.9094922e-01  -8.2571755e-02  -2.7563038e-02  -1.0362971e-01   1.3366932e-01   2.5662713e-01  -1.5170596e-01   1.4804330e-02   1.3177504e-02  -1.0741958e-01   1.1791052e-01   2.1529162e-02  -1.4688149e-01   7.1433898e-03   1.5889771e-01   3.1349693e-01  -4.1085478e-02   2.8528301e-02   1.3283248e-01   3.1072160e-03  -1.4481970e-01   3.3883796e-02   1.9196809e-01  -2.6699327e-01  -1.3531542e-01  -1.1208244e-02  -2.5778826e-01  -2.8014337e-02  -2.6428280e-02  -7.5781039e-02   1.0376167e-01   2.4350790e-01  -2.7475863e-02  -1.2958747e-01  -2.0454432e-01  -2.6726946e-01   8.3919672e-02   1.1420962e-01   4.0918292e-02
  -1.4453926e-01   8.7935909e-02  -1.9678729e-01  -1.7355045e-01  -1.0033535e-01  -1.5022585e-01   4.9572468e-02   3.2288338e-02  -2.4694240e-01   3.8938259e-02   1.5381915e-01   1.9425504e-01  -1.4398519e-01   3.0970224e-01  -8.4241776e-02   1.7651513e-01   3.4730389e-02   5.9529531e-02  -1.1025103e-01  -8.9226820e-02   1.0388964e-01   9.2009412e-02  -2.1924012e-02   2.4724899e-02  -1.6616247e-03  -3.3365498e-03  -3.9735529e-02  -5.2601310e-02  -1.6225709e-01   3.1265657e-02   5.9189187e-02  -7.5307113e-02   1.4630996e-01  -1.8812615e-01  -1.5303245e-01  -1.6584588e-01   1.8024925e-01   2.7193716e-01   2.4047958e-03   9.7121483e-02   2.3300014e-01  -3.4404241e-02   8.1206100e-02   1.3379394e-01  -2.0971386e-01   1.5899824e-01   3.4562439e-02  -3.5283090e-01  -5.5074832e-02
  -1.3622965e-01   1.0705708e-01  -5.1618379e-03  -1.5538883e-01  -2.9374992e-02   1.0448558e-01   8.9536483e-02  -3.4821579e-01   1.5781337e-01   6.3491607e-02  -3.0415297e-02   5.2957927e-02  -9.8159255e-02  -1.0842906e-01   1.3801323e-01  -5.5141013e-02   1.3501186e-01   8.9087690e-02  -8.8692785e-02  -1.8871309e-01   4.7130552e-02   1.6337490e-01  -1.1456173e-02  -1.0618767e-01   1.1165923e-01   3.7588624e-02  -9.3709718e-03  -3.6469312e-01   1.9756011e-01  -7.6687840e-02   2.5140301e-01  -9.8952867e-02  -1.9424879e-01   1.5114803e-01  -1.3859152e-01   6.2258603e-02   6.4139110e-02  -1.4988261e-01  -8.3524881e-02  -1.7814559e-01  -3.7399304e-02   1.5168261e-01   1.6101494e-01   5.1375741e-02  -1.6770999e-01  -1.2870770e-01   1.7057309e-01  -6.8033251e-02  -2.7098110e-01
  -1.4826690e-01  -3.6633990e-01   7.0757189e-02   1.7031199e-02   1.9981521e-01  -3.1985614e-01  -1.9938574e-01   7.5626750e-02  -2.2318429e-02  -4.1297394e-03  -7.7176788e-02   8.4842174e-02   7.3062813e-03  -9.9473548e-02  -6.7566407e-03  -2.9407255e-02   2.2935553e-01  -1.7003645e-01   3.0276709e-02  -5.7518519e-02   2.2559240e-01  -2.1662628e-02   2.1803336e-01   5.7022321e-02   5.6559020e-02  -7.3327575e-02   1.0763997e-01  -6.8322738e-02   1.3420871e-01   6.8105062e-02  -1.3866579e-01   8.2052496e-02  -5.4569654e-02   5.3499645e-02  -6.4293542e-02  -3.1478314e-01   1.9765493e-02  -3.2720993e-02   1.0494401e-01   1.0878691e-01   7.2920393e-02  -1.4397899e-01   8.2198998e-02  -2.2570129e-01  -2.3767894e-01  -1.6257238e-02   9.2203951e-03   1.6676915e-01  -2.5134803e-01
  -1.2911419e-01  -1.8935953e-01   3.5040586e-02  -1.5509040e-01   1.9271597e-01  -2.3062027e-01  -8.7378490e-02  -1.1251085e-01  -7.9322856e-02  -1.8352563e-01   5.0668083e-03  -1.7277656e-01   1.2004824e-01  -1.2625234e-02   5.9848634e-03  -7.9412057e-02  -2.0352520e-01   9.0462858e-02   6.3777989e-02  -2.5272808e-01  -9.3101669e-02  -8.5340414e-02  -1.5737558e-01  -2.6716169e-01   1.1552800e-02   1.1615060e-01  -1.2172353e-01  -6.4870651e-02  -1.2153309e-01  -1.3783838e-01  -4.7337448e-02   3.8900436e-02   1.2887912e-01  -9.4842863e-02   9.8159271e-02   7.3475983e-02   9.2583468e-02   2.0049019e-01  -3.0578964e-01  -1.2761715e-01   1.6033774e-01  -1.2600990e-01   2.2235362e-02  -1.2261523e-01   3.1658104e-01  -1.2434534e-01   1.1577642e-01   1.9368246e-02  -1.8766018e-01
  -1.3208129e-01   7.7947319e-02   1.0609884e-01   2.0904853e-01  -1.2902583e-01   1.9239661e-01  -1.0839415e-01  -8.9272811e-02   3.6098583e-02  -1.9037198e-01  -4.8400089e-02  -1.5649166e-01   1.1781205e-01   2.0294416e-01  -1.6089075e-02  -2.1700794e-01  -3.1105033e-02   1.1030391e-01  -4.6527107e-02   1.4358426e-01  -2.5103011e-02  -6.4421078e-02   2.9920110e-01   1.1127441e-01   2.3291183e-01  -6.1609028e-02  -6.5501715e-02   3.2931666e-02   1.0625853e-01   1.3154850e-01  -4.3423797e-02   4.8550120e-02  -5.8637794e-02  -3.0190540e-01  -1.8143958e-01  -6.5829185e-02  -7.2578048e-02   1.0319967e-01  -2.3777422e-02   6.1945721e-02   5.7225043e-02  -1.4031742e-01   3.5876397e-02   3.0220042e-01   9.8613756e-02   1.9212368e-02   3.5000469e-01   1.1178225e-01  -1.7221859e-01
  -1.4180054e-01   1.5448057e-01   2.0025504e-01   1.9503672e-02   2.1371886e-01   1.1432663e-01   1.0117907e-01  -1.1124599e-01  -2.2395476e-01  -7.1967709e-02  -4.1795994e-02  -1.3281890e-01  -1.2149886e-01   5.3161385e-02   5.9317236e-02   1.5317613e-01   1.3619653e-01   1.0610854e-01  -1.1318343e-02  -5.6910002e-02   1.9802697e-02   1.8648087e-01   7.0373357e-02   4.4467988e-02   2.5105238e-01   4.3037052e-02   1.9314770e-01   9.1639181e-02   1.6432335e-01  -3.3099704e-01  -3.0677983e-02   3.1448665e-01   2.4477235e-01   6.1151636e-02   7.4992626e-02  -1.5158226e-02   7.5692267e-02  -1.0540041e-01  -1.4169834e-02   9.4513398e-02  -7.0920829e-02  -1.1820480e-01   5.7427053e-02  -1.7880657e-01   1.5103292e-02   1.1623882e-01   1.7671618e-01  -7.5409265e-02   3.0369229e-01
  -1.3610445e-01  -6.1652939e-03   8.1821910e-02   1.2851789e-01   1.0511554e-01   2.1669162e-01  -1.3185974e-01  -3.1782012e-01  -4.2252099e-02   2.4029131e-01   1.7038147e-01  -4.5798569e-02  -1.8652098e-01   4.9999124e-02  -2.8170503e-01   1.3844642e-01  -1.2030001e-01  -1.0303183e-01  -1.1820031e-01  -4.0771358e-02   1.2276593e-01  -7.5524463e-02  -7.9970479e-03   6.4279213e-02  -1.3131974e-02   4.1731723e-01   1.0908973e-01   1.3856765e-01  -1.2843796e-01   3.4066689e-01  -6.5335094e-02   1.1407203e-01  -5.6484325e-02   1.3308513e-01   1.4081423e-01  -5.9930692e-03   1.9601292e-01   2.9305725e-02   3.4711573e-02  -2.6288088e-02  -8.7371605e-02   4.1751088e-03   6.1068713e-02   3.4982941e-02   8.7985088e-02  -4.1174983e-02  -5.2083640e-02   7.3533793e-02  -1.4933849e-01
  -1.2629436e-01   4.1149996e-02  -3.9138466e-02   8.3721411e-02  -5.0013013e-03   5.0066095e-02   2.4375421e-02   2.9580941e-02  -1.9940860e-01  -5.5961003e-02  -1.6378096e-01   2.7160583e-01   2.3525809e-01   1.2408547e-01   1.7385387e-01   2.3223793e-01  -3.0484845e-01   1.1409956e-01   1.0480413e-01  -9.7595951e-02  -2.0309700e-01  -7.4916197e-02   1.2769859e-01  -4.3970360e-02  -2.1437190e-01   1.0687030e-01  -4.7300123e-02  -7.4817673e-02   1.8570317e-01   6.3636948e-02   2.0872004e-01   2.5290044e-02  -1.5079225e-01  -1.1030346e-01   1.1309355e-01  -1.0559412e-01   9.8255181e-02   1.6279148e-01   1.7152417e-01  -2.2338216e-02  -3.6508635e-01  -5.7166455e-02   7.2829218e-02  -1.9253527e-01  -1.0485233e-01  -2.1633810e-02   5.3259255e-02   1.1615237e-01   1.6433916e-02
  -1.5188638e-01  -1.8839570e-02  -2.0709592e-01   1.1119143e-02   1.8521539e-01   3.1045179e-02   8.8797902e-02  -1.5068192e-01  -2.8103078e-01   5.9767145e-02  -1.0488315e-01  -9.0174545e-02   2.4694069e-01  -2.2972307e-01   6.0763896e-02   1.0135374e-02   7.8460461e-03  -8.7919091e-02  -4.3518598e-02   1.8948989e-01  -9.7806506e-02   6.7487472e-02  -1.3904918e-01   1.2409765e-01   1.0927642e-02   3.1737652e-02   1.0068960e-01   1.1049944e-01  -1.7028419e-01   1.1073171e-01   8.1627923e-03  -3.1103888e-01   1.9994405e-01  -1.2307848e-01  -6.7249428e-02   1.9271189e-01  -9.6738563e-02  -2.3990412e-01   1.7516642e-01   4.7045372e-02  -5.1676626e-02  -1.5710751e-01  -1.6861797e-01  -9.2685721e-02  -1.1733692e-01  -7.6550247e-02   2.0947475e-01  -1.5548489e-01  -2.0935200e-01
  -1.4862406e-01   1.2804702e-01  -2.7155941e-01   1.2296087e-01  -2.3809805e-01   1.4605628e-01  -1.0626947e-01  -4.0643076e-02  -4.8730912e-03  -1.4034546e-01  -4.5587863e-02  -1.2069076e-02  -2.2201473e-02  -2.0752802e-01  -1.1414449e-01  -6.7938028e-02  -8.1542188e-02  -4.9130906e-02   2.6326108e-01  -1.6398424e-01   3.1921644e-02   3.7442095e-01  -2.5405542e-02   6.3306625e-02  -3.6991760e-02   3.7477347e-02   1.0701619e-01  -2.8568278e-02  -1.8258024e-01  -2.9631032e-01  -8.2464258e-02  -6.4841544e-02  -3.7910422e-03   2.4122242e-01   3.7584735e-02  -2.0400561e-01  -7.6354684e-02   2.4403255e-01   2.0195477e-01   1.0238995e-01   4.8977167e-02  -1.2019169e-01  -3.6687198e-02   1.0564675e-01   6.2360401e-02  -1.3752645e-01  -2.2840209e-02   1.6695061e-01  -4.2360965e-02
  -1.4447020e-01  -1.6494676e-01   2.9827249e-02   1.7011588e-01  -1.8548384e-01  -3.1035804e-02   1.0057171e-01  -1.6180706e-01  -1.8372864e-01  -5.1446980e-02   2.2995379e-02   7.5176367e-02  -3.1724287e-01   1.5043192e-01   2.5739032e-01   4.0484509e-02   1.3008425e-01   6.7508983e-02   5.5925806e-02   7.8786308e-02  -1.1606630e-03   6.1830322e-02  -8.3164675e-02  -2.7104197e-02  -5.6775503e-02  -1.9861675e-01   3.8592800e-02  -4.3378802e-02  -7.8231965e-02   1.2707818e-01   1.0443555e-01   2.0776252e-01  -6.9940041e-02  -3.8786780e-02   2.6917427e-02   1.3188439e-01  -2.2942249e-01  -1.7476288e-03   3.0796012e-01  -2.4155244e-01   1.8720932e-01   6.3734170e-03  -1.0569082e-01  -1.8037800e-01   3.1753723e-01   8.6810558e-02  -1.0531801e-01   3.6804915e-02  -1.4853719e-01
  -1.4167141e-01   1.5567518e-01   3.0289626e-01  -2.7354306e-02   1.9098022e-01   7.1960809e-02   1.5667493e-01  -3.2914397e-03   1.3379282e-01   2.2812953e-02   5.0915226e-02   1.3908568e-01  -1.2081743e-02   1.8814070e-02   3.2328733e-02   6.7023363e-02   5.4599373e-02  -3.0197689e-01   3.3687383e-02  -1.0938017e-01  -8.4203288e-02   3.9834242e-02  -5.3343438e-02  -1.5814225e-01  -2.3122568e-01  -2.0935675e-01  -6.9292171e-02   1.8452474e-01  -3.3659793e-01   4.4348209e-02  -3.3332361e-02   1.5374154e-01  -9.7072032e-02   7.4701265e-02  -2.3768477e-01  -1.1920934e-01  -1.9105845e-01   1.4324122e-01  -1.1443272e-01   5.3514582e-02  -1.1149835e-01   1.2133935e-01  -1.7108286e-01  -2.5519435e-02  -7.2919684e-02  -3.1997104e-02   3.2818639e-01   2.1412473e-02  -1.9104279e-02
  -1.4967516e-01  -1.0636382e-01   1.4090288e-01  -2.1052033e-01  -1.9305035e-01  -4.5781022e-02  -1.7357702e-01   9.8875695e-02  -4.5949142e-02   1.6429818e-01   2.7365018e-02  -1.0022769e-01   1.4057066e-01   4.1734022e-02   3.4933043e-02  -9.3644622e-02   3.2384316e-01   1.8246651e-01  -2.2819445e-01  -1.9095570e-01   7.5227206e-02   7.5323934e-02   6.8000395e-03  -2.6247560e-03   4.1482943e-02   5.2281278e-02   1.0538986e-01  -7.8946986e-03  -1.8739775e-01  -8.3276058e-02  -3.8467157e-02  -2.2997277e-02  -6.1852582e-02  -1.3381888e-01  -1.7463091e-01   2.4091112e-01   3.6559993e-02   1.7829110e-01   9.6675063e-02   3.6738831e-02  -4.6948942e-01  -3.9519340e-02  -1.7054026e-01   2.7051002e-02   7.4625797e-02  -8.2464276e-03  -1.6813518e-01   1.0685819e-01   4.9641083e-02
  -1.5912932e-01   1.8272328e-01  -1.1460623e-01  -2.5178802e-02   6.9632921e-02  -1.1201360e-01  -8.5420251e-02  -2.4582107e-02  -1.7257981e-01   1.4736593e-01   1.6919197e-03  -3.6641146e-01  -4.7711394e-02   1.0383787e-01   2.0613196e-01   2.8289571e-02  -2.9985725e-01   1.5577451e-01  -2.3331652e-01  -7.3857509e-02  -4.9639001e-02   9.0837393e-03   1.4701857e-02   6.9456929e-03  -3.3113411e-02  -1.7853532e-01  -1.7150838e-01   9.1990601e-02  -2.1656832e-02  -3.4682910e-02  -9.9281493e-02   7.3080370e-02  -2.5620263e-01   1.7510267e-01  -8.0749586e-02  -7.4500612e-02   4.4545990e-02  -1.8862396e-01  -4.9005616e-02   1.1665970e-03   1.6697199e-01  -4.9121584e-02  -2.4659140e-01   5.5028442e-02  -2.5328451e-01   2.5576971e-02  -1.7590136e-01   2.3828195e-01   2.2832190e-02
  -1.4255180e-01   1.7997720e-02  -2.7560610e-02   3.7849174e-02   1.5463721e-01   5.3136101e-02  -5.1230779e-02   2.2166860e-02   5.8126785e-02   1.6413476e-01   4.9030123e-01   4.3409662e-02   1.5331199e-01  -3.8967516e-01   1.7459182e-01   2.2677642e-02  -6.1307979e-02   1.5969709e-01   1.0652131e-01   1.8338369e-01  -3.9550584e-02  -8.9387015e-02  -3.2170199e-02  -2.3100156e-01   9.4868520e-02  -1.2371022e-01  -3.1009719e-02  -1.6969776e-01  -8.3189678e-02  -6.1999125e-03  -1.7253159e-01   1.3312281e-01  -4.4782878e-02  -3.2413516e-02  -4.4979867e-03  -1.8720958e-02   3.4423365e-02   7.1330480e-02   2.0271752e-01  -4.4255819e-02  -3.6368466e-02  -8.6446235e-02   2.3875105e-01   1.5949768e-01  -8.6786159e-03   2.6694008e-01   2.2988822e-04  -4.3859765e-02   6.6469213e-02
  -1.4811008e-01  -1.3895512e-01   5.6138049e-02   3.1819435e-01  -7.4105629e-02  -9.1320162e-03   1.8716693e-01  -1.0264130e-02   9.9857758e-02   2.0884797e-02  -6.1090078e-02   3.3658763e-01   2.2452728e-01  -4.9436420e-02   2.3953606e-02   3.8540706e-02   1.9440803e-02   2.5392325e-02  -2.2590533e-01  -1.4298579e-01   7.2130907e-03  -9.5677023e-02   1.3607830e-01   7.1097611e-02  -1.4056396e-01   6.7308133e-02  -3.0582996e-03   9.1440323e-02  -1.0763639e-01  -2.9143100e-01   5.3822072e-03   1.0102828e-01   4.7726242e-02   8.8794174e-02   6.9399146e-02   3.9605395e-01   1.2915591e-01  -8.2251745e-02  -6.5880861e-02   1.5945846e-01   2.8913363e-01  -8.5879724e-03   3.4639967e-02   1.6534040e-01  -8.4532554e-02   1.2934101e-01  -3.9760743e-02   1.1922189e-01  -9.8364001e-02
  -1.4279108e-01   1.2595700e-01  -1.5731818e-01   8.4145405e-02  -8.3471720e-02   1.8310827e-02  -9.8216624e-02   3.2706098e-01  -1.6479931e-01   5.6165221e-02  -4.0564160e-02  -7.3480408e-02   1.9088395e-02  -6.3624329e-02  -6.3721852e-02  -5.7064530e-02   1.2805464e-01   8.2174882e-02  -9.0602680e-02   4.3021787e-02  -1.5012929e-01   6.0633957e-02  -6.3366617e-02  -2.6657789e-01  -1.9867425e-01  -9.9651827e-02   2.6424166e-01  -3.0401193e-03   3.5244557e-01   2.7073839e-01  -9.8206730e-02   1.2893901e-01   1.2234566e-01   2.5324600e-01  -1.0650475e-02   1.4423650e-01   9.1952289e-02   1.1624805e-01  -1.2563935e-01   1.6453323e-01   5.3951347e-02   2.3061543e-01  -1.3413246e-02   4.5189051e-03   1.0400457e-01  -2.7541780e-02   1.4613084e-01  -4.3743305e-02  -1.5937754e-01
  -1.5023221e-01  -2.2450518e-01   1.3136501e-01  -1.2381445e-01  -1.3868651e-01   7.6724445e-02   5.0818177e-02   2.0478751e-01  -1.8171926e-01  -1.8559747e-01   8.7569643e-02   2.3710680e-02   1.9549101e-01   5.0360430e-02   2.2955968e-01  -1.6038386e-01  -9.5928683e-02  -1.2728813e-02   5.5841885e-02   8.1791097e-02   2.9084471e-01   1.8122303e-01   1.8378854e-02   2.0639180e-01  -1.1026647e-01   1.5453016e-01  -1.0439844e-01  -7.1543866e-02  -1.3073785e-01   1.6572429e-01  -5.6147566e-02  -4.7029586e-02  -8.7027339e-02   3.0149175e-01   1.9989334e-02  -8.6338772e-02   1.9176390e-01  -2.1430078e-01  -9.5123254e-02  -1.2562499e-01   2.7519699e-03   1.1208374e-01   1.4240515e-03   5.1651497e-02   1.3829493e-01   7.5405853e-02   2.1130855e-01  -1.0798914e-01   1.9542804e-01
  -1.4994153e-01  -5.2899433e-02   1.3483499e-01   1.4200098e-01  -1.3706358e-01   2.2896230e-01  -3.2006933e-02   4.0915642e-02  -1.0433765e-01   1.6504469e-01  -1.5885871e-01  -7.5958465e-02   3.9902377e-02   7.6608886e-02  -1.5551260e-01  -2.0753518e-01   7.6522238e-02   2.5092714e-01   1.9713022e-01   9.8151241e-02   1.2905637e-01  -1.0710750e-01  -2.0443249e-01  -1.6262471e-01  -7.8937548e-02  -2.4984692e-02   1.4165199e-01   1.5641010e-01  -1.2521314e-01  -1.1154590e-01   2.6578771e-02  -1.3519294e-01  -2.2048268e-01  -5.6703946e-02   1.4016556e-01  -7.6116346e-02  -1.6134147e-01   1.1360802e-02  -2.6350957e-01  -1.0886331e-01   6.4322941e-02  -6.6980174e-02   2.0275720e-01  -2.1389067e-01  -3.0014113e-01   1.5288650e-01  -3.7588494e-02  -1.0563892e-01  -1.4692382e-02
  -1.3683535e-01   1.5372155e-01   6.2033048e-03  -1.8287791e-02  -1.7158826e-01   7.2362117e-02  -2.7876869e-01   6.7033994e-02  -1.5255340e-02  -5.8270684e-02  -7.8075426e-03   2.1188649e-01  -2.2863146e-01  -8.2853536e-03   1.5531042e-02   6.3869307e-02   1.2908922e-01   2.7997604e-02   5.3556215e-02  -1.0013818e-01  -2.3965273e-01  -2.6778124e-01   1.0455014e-01  -6.5218579e-02  -1.4682821e-01   1.6293780e-01  -1.6241999e-01  -8.6736063e-02  -3.2155527e-02  -4.4849043e-02  -2.7862342e-01  -6.9467295e-02   4.6433126e-04   6.7442582e-02  -1.9049018e-01  -1.7829989e-02  -8.5859378e-02  -3.9520356e-01  -6.2621982e-02   5.0156424e-02  -1.7378370e-02  -3.2468001e-01   2.7551676e-02  -6.3782022e-02   1.2634782e-01  -1.0168914e-01  -1.7432278e-02  -2.0660856e-01   4.4397730e-02
  -1.3259115e-01   1.2905488e-01   6.2542596e-02   7.5878176e-02  -1.5191686e-01  -2.3968634e-01   6.5182911e-02  -1.1599107e-01  -2.7238729e-02   5.9841142e-02  -6.9612836e-03   1.3898066e-01   2.3188464e-02  -9.3046221e-02  -4.6195974e-02  -1.6764896e-01  -9.4966570e-02  -1.2481562e-01  -1.1879211e-01   2.4345452e-01  -8.0863801e-02  -4.9210447e-03  -1.5002371e-01   1.5077956e-01  -6.0539506e-02  -6.9455240e-03   3.1080389e-01  -4.1269229e-01  -8.0504100e-02   9.3477044e-02   9.8651746e-02   2.4255237e-01   7.8733366e-02  -1.1401900e-01   2.9131142e-02  -1.1398905e-01  -1.7677191e-02  -1.0622317e-02  -3.2830554e-01  -4.3081146e-02  -4.1359906e-02  -2.1809361e-01  -1.1319671e-01   6.4597668e-02  -5.9624042e-02  -1.3840751e-01  -8.5793986e-02   9.8516639e-02   2.0347233e-01
  -1.2791241e-01  -6.8407694e-02  -6.1041900e-02  -6.1097947e-02   4.9727365e-02  -3.6000100e-02  -5.7637560e-02   1.0605273e-01  -2.8698466e-02  -1.5775314e-01   2.9616015e-01  -1.9982596e-01  -3.0676020e-02   1.3328391e-01  -1.1861125e-01  -4.5601037e-02  -2.3123443e-02  -3.1986616e-01  -5.0318645e-03  -6.4040443e-02  -2.4891222e-01   1.2843008e-01   3.5400779e-01  -1.0594498e-01  -1.0343580e-01   4.6356103e-02   3.1495865e-01  -4.1830178e-02  -6.5505576e-02  -7.5987950e-02   9.0738892e-02  -8.8890863e-02  -2.7749133e-01  -1.8689845e-01   1.3345325e-01   2.2181781e-01  -7.0015519e-02  -1.1668959e-01   6.4326506e-02  -1.0097629e-01   1.1869537e-01   8.5110682e-02   1.3577578e-01  -2.1687966e-02  -1.0821741e-01  -7.6541703e-02   1.2882331e-02  -5.3865965e-02   1.7410944e-01
  -1.3715377e-01  -1.9207188e-01  -2.3288255e-01  -2.1737150e-01   1.6948739e-01   1.4256622e-01   2.5160396e-02  -3.4552457e-02   1.6843009e-01  -1.1871174e-01  -7.2948443e-02   4.3395901e-02  -9.6293167e-02   1.0432145e-01  -5.9658477e-02   1.6457636e-01  -1.1439997e-01   1.0902298e-01   8.2102696e-02   2.0098851e-01   2.2804065e-01   9.6487311e-02  -1.1369749e-01  -1.4544642e-02  -8.6357242e-02  -6.3127240e-02  -5.5609251e-03  -1.5395112e-03   4.2661505e-02   1.3338762e-01   3.2487584e-02   7.9095200e-02  -1.0782028e-01   2.1033127e-02  -2.9189681e-01   3.3419467e-01  -1.1220608e-01   4.9802978e-02  -9.5902610e-02   2.7160434e-01   2.5817344e-02  -2.1522777e-01   2.2477897e-01  -4.3256394e-02   4.3291569e-03  -1.4640761e-01  -2.9720541e-02   1.7334555e-01   2.1849769e-01
  -1.4142174e-01   1.9920435e-01  -4.0086179e-02   1.5532825e-01  -4.2068151e-02  -1.5752164e-01  -8.8200507e-02  -6.0153425e-03  -2.6373023e-02   1.7345461e-01   1.6082513e-01  -8.5380024e-02   1.5769853e-01   2.5799004e-01  -2.4887014e-02   7.7334663e-02   9.4907588e-02  -6.7560949e-02   2.5187247e-01   1.1971706e-01   1.4602698e-01   5.2533632e-02   2.0856882e-01  -1.1605368e-01   5.6353843e-02  -1.3192777e-01  -2.2675034e-01  -7.2709376e-02  -1.7432532e-01  -6.1143250e-03   2.7223448e-01  -8.7311368e-02   3.2906943e-01   1.0857707e-01   6.0256222e-02   3.6783663e-02  -5.1394980e-02  -2.0850789e-01  -1.4774385e-01   1.2589642e-01  -1.4550702e-01   1.1603415e-01   1.8084273e-01  -7.5727665e-02   1.0523969e-01  -8.2409477e-02  -1.1993487e-01   1.8329152e-01  -9.2753114e-02
  -1.3015566e-01   9.8553622e-02  -4.1160592e-02   2.3126086e-01   1.5333912e-01  -3.3205460e-01  -2.3997129e-02  -4.8913747e-02   1.1203387e-01  -1.6438719e-01  -2.4845462e-01   7.0468001e-02  -1.3947031e-01  -1.1626140e-01  -1.6730669e-01   3.5629272e-02   2.4515926e-02   2.5314527e-01   2.0440787e-01   8.5089347e-02  -1.0178410e-01   2.8428491e-01   6.7814717e-02   4.0162357e-02   5.7170879e-02   9.4043314e-02  -8.8190199e-02  -6.5532099e-03  -1.6485463e-01   1.2835567e-01  -2.4540201e-01  -6.6324634e-03  -1.3813088e-01  -1.8048179e-01  -8.9785521e-02   1.0989684e-01   1.7055673e-01  -7.7540438e-02  -7.6825447e-02  -8.9635014e-02  -1.1531243e-01   3.3079682e-01  -3.2320717e-02  -1.6562360e-02  -3.1570049e-02   1.5500097e-01  -5.2234722e-02  -3.6831121e-02   6.3255588e-02
  -1.5447750e-01  -2.4383932e-01  -2.5223777e-01   9.9445346e-03   5.3614491e-02   3.4261199e-02  -2.8363311e-01   1.4044510e-02   4.6417530e-02   6.6928037e-02  -3.6903614e-03  -3.6283687e-02  -1.4706888e-01   5.8457562e-02   4.0684602e-02  -1.1866537e-01  -7.6327787e-02  -9.9112600e-02   7.8054644e-02   2.4924250e-01  -1.6931871e-01  -2.8619344e-01  -5.9629028e-02   2.2748400e-01   4.5955706e-02   1.1954238e-01  -3.1396851e-02   4.9760953e-03  -2.8101119e-02  -3.5741220e-01   2.2938963e-01   2.0803016e-01   3.1072452e-02   1.1784059e-01  -1.8804511e-01  -3.9102236e-03   1.5289253e-02   9.4124245e-02  -2.6737143e-02   7.7107406e-03  -1.2893373e-01   3.1320597e-01  -1.1617671e-01  -2.3669275e-02  -4.3272301e-02   1.0226831e-01   1.0168551e-01  -1.2218585e-01  -3.8136822e-02
  -1.5693967e-01   6.0613113e-02  -3.8553490e-02  -1.8615244e-01   1.7251444e-01   1.2000282e-01  -2.1452914e-01  -1.1808735e-02  -1.4688465e-01  -4.3786155e-02  -1.1818030e-01   1.2640731e-01   1.4771547e-01  -2.0166019e-01  -2.5457573e-01   1.2958095e-01   5.2071874e-02   1.5960643e-01   6.3617249e-03  -1.0738024e-01   2.7992910e-01  -1.4094411e-01   9.9666669e-02   2.2487388e-03  -1.7691507e-01  -1.3299161e-01   3.1081780e-02   4.2227652e-02   4.6529882e-02  -3.0726393e-02   1.7630984e-01   1.6008995e-01   6.7657476e-02  -1.9531294e-01   5.5837135e-02  -1.1659323e-01  -1.8123769e-01  -1.7385321e-01   5.8503821e-02  -2.3046428e-01   1.3114929e-01   2.2435045e-01  -1.3935577e-01   2.7708822e-01   1.0134881e-01  -1.3208533e-01  -6.3095308e-02  -7.4310579e-03   1.1704299e-01
  -1.4493853e-01   2.6280486e-01   1.3525076e-01  -3.9178557e-02   2.4586331e-02  -3.3786476e-02  -1.0607014e-01   1.2647323e-01   5.0300397e-02  -1.4462639e-01   1.1484917e-02  -1.1114484e-02  -7.1937172e-02   8.7356561e-02  -2.6809164e-02  -5.2784048e-02   2.2399771e-01  -1.6123960e-01   1.9890742e-01   1.1668511e-01   7.3729991e-02  -1.7209806e-01  -3.3934345e-01  -1.5784726e-02  -3.9627823e-02   4.0739953e-02  -1.0610575e-01   1.2610575e-02   9.4014113e-02  -4.1025239e-02   7.3013881e-02  -8.1121658e-02   1.8796471e-02  -6.1396718e-02   5.9049400e-02   1.9042456e-01   4.1668136e-01   2.9142763e-02   2.6663108e-01  -1.8505226e-01   1.3857409e-01  -1.0868843e-01  -8.7484344e-02   5.0319874e-02  -1.7645704e-01  -6.0015626e-02   1.2362860e-01   2.9130619e-01   6.6618304e-02
  -1.5925292e-01  -1.1004317e-01   2.7170681e-01  -2.0131663e-01   3.5270258e-02   4.3919100e-03   2.8201813e-02  -1.0018092e-01   1.6569669e-01   2.9478494e-01  -1.8424989e-02   1.4252759e-01   6.5202658e-03   1.1578174e-01   7.6690931e-02  -2.2708031e-01  -1.3891053e-01   2.1872465e-01   3.1164526e-01   7.5918359e-02  -1.8492949e-01   6.8865178e-02   1.9025597e-01  -3.3604540e-02   6.9401613e-02  -1.4938884e-02   7.6626088e-02   8.6059971e-02   6.3147468e-02   7.4094413e-02  -2.7485435e-02  -4.6073174e-02   1.2777022e-01   6.1484257e-02   7.9739032e-02   1.8454312e-02   1.0075722e-01   5.4970388e-02   1.7073294e-01   1.6092971e-01   2.0447021e-01   3.9381973e-02  -2.2913044e-01   4.6466245e-02  -6.6548951e-02  -3.2453560e-01  -1.1078306e-01  -1.7833405e-01   7.9634411e-02
  -1.5353234e-01   3.7379019e-02  -1.0185385e-01   6.9635642e-02   1.9182367e-04  -3.6350015e-02   3.0483364e-01   1.2079448e-01  -6.6716042e-02  -2.1160105e-02  -9.7684875e-02  -7.2302122e-02  -1.9831623e-02  -3.9099928e-02   1.4022140e-01   1.4374817e-01   5.4022950e-02  -4.6319352e-02   1.5659770e-01  -1.5710484e-01   1.7110227e-02  -3.9853530e-01  -6.1038892e-02   1.3110410e-01   3.0985620e-01  -1.9977877e-01   2.6468447e-01   8.6229462e-02  -1.4527665e-01   2.7739610e-02  -2.9744432e-02  -6.4801996e-02  -2.3909722e-01   1.4470055e-02  -3.6692442e-02  -8.1290869e-02   2.0883347e-01  -2.2653034e-02  -5.6094970e-02   8.7491530e-02  -6.0793944e-02   9.7770396e-02   1.6298648e-01   1.3326716e-01   1.9524459e-01  -2.8564527e-01  -1.0214501e-01  -7.9924464e-02   1.3721040e-03
  -1.3709967e-01  -9.4922916e-02   2.2252548e-01  -1.1192748e-01  -5.0707427e-02  -1.9596865e-02   1.3434824e-01  -1.7304473e-01  -1.0716985e-01  -7.2231342e-02   1.5850645e-01   8.4602559e-02   1.6997115e-02   1.1938126e-01  -2.2924407e-01   1.0777155e-01  -1.9849117e-01  -4.6391286e-02   4.6970663e-02   1.1262641e-01  -7.2927812e-02  -3.4103549e-02  -9.2596094e-02   3.4335137e-02  -9.4342497e-02  -1.4835924e-01   2.0840596e-01   7.6018872e-03   2.8099900e-01  -2.2074750e-01  -2.2967019e-01  -3.6032615e-01   9.4478822e-02   4.2926274e-02  -2.7055937e-01  -8.0898945e-02   1.1117835e-02  -8.3241872e-02  -2.9752642e-02  -7.2913661e-02  -9.3284493e-02   1.3705662e-01  -8.1168154e-03   6.3172431e-02   1.3774153e-01   2.1246371e-01  -1.3931489e-01   2.0952084e-01  -1.0686329e-01
  -1.3192775e-01   3.3452638e-02  -8.6748004e-02  -3.0025480e-01  -2.8154869e-01  -7.4974719e-02   2.7028947e-02  -1.4713917e-01   2.3315726e-01  -1.2324488e-01  -1.7121542e-01  -1.1920850e-01  -9.0553167e-03  -2.0135514e-01   2.3798341e-01   7.2679284e-02   4.1931852e-02  -6.2379725e-02   4.9758810e-02   3.7667742e-02  -9.3312703e-02  -7.6423870e-02   1.8933349e-01  -1.3327549e-01  -5.3558955e-02   1.3226067e-01   1.7813602e-01   3.7289058e-01  -6.1647971e-02   1.8100994e-01   1.6153004e-01   2.7725114e-02   2.3004413e-01   2.1704697e-02  -5.7046967e-02  -1.1600121e-01   6.7192818e-02  -2.5349133e-03  -8.0854522e-02  -1.2401548e-01   4.0592213e-02  -5.0350815e-02   1.0589063e-01   3.3124287e-02  -5.5295612e-02   2.9757509e-01  -9.0338675e-02   1.2167525e-01   3.2068938e-02
  -1.5862627e-01  -1.5510156e-01  -8.3821588e-02   7.3922165e-03  -1.4096257e-01   6.7207644e-02  -7.5120730e-02  -2.6591641e-01   1.4263266e-01  -1.0675585e-01   6.3526133e-03  -1.2034096e-01  -5.3960699e-02   2.3292147e-02   1.1934922e-01   2.4031482e-01   1.0155493e-01  -1.0812701e-01   7.6027410e-02  -1.8719887e-02   1.4063661e-01  -1.1213499e-01  -2.9836903e-02  -9.0463016e-02  -6.5516577e-02  -1.4506333e-01  -5.4794292e-02  -1.9223806e-01   9.6610492e-02   2.6734117e-02  -1.7513963e-01  -1.3510125e-01  -4.1999508e-02  -1.1230311e-01   4.4999516e-01   1.4998021e-02  -2.7944387e-05   2.1879145e-02  -1.3507935e-01   3.1580511e-01  -1.0684599e-01   7.8173037e-02  -3.3738181e-01   8.0829626e-02  -7.3903172e-02   1.4595238e-01   9.9181522e-02  -9.7135940e-02   8.9092991e-02
  -1.4281145e-01   2.5104553e-01   1.5284927e-01  -1.0339900e-01   5.2967870e-02  -2.3109989e-01   7.9932123e-02  -3.8477918e-03  -3.2989510e-02  -8.4433472e-02   1.8590570e-01  -1.8713120e-02  -3.8501400e-03  -2.0932243e-01  -4.5522028e-02  -3.3811509e-02   1.2077170e-01   1.7323644e-01  -6.1915258e-02   7.9088721e-02  -6.9112364e-03  -1.1949941e-01  -6.8138503e-03   2.1468504e-01  -3.5916335e-02   2.7017116e-01  -7.7163470e-02   4.5759915e-02   9.9312873e-02   1.2813440e-02   2.6918790e-01  -1.9263298e-01  -2.6497324e-01   5.5850751e-02   6.7103237e-02  -5.6315197e-02  -2.4383815e-01   1.3468004e-01   1.7006286e-02   3.7334895e-01   1.7010454e-01   6.7040220e-02  -3.9453005e-02  -1.6616165e-01   1.9341594e-01   1.0695921e-01   1.5478222e-02   4.5554062e-02   2.4883114e-02
  -1.4200883e-01  -1.7779974e-01   9.9845230e-02  -5.8937232e-02  -1.5352784e-01   9.5748788e-02  -9.6685923e-03   2.7557191e-02   1.4772100e-01  -1.3791782e-01  -5.7041179e-02  -9.1716375e-02   1.0167300e-01  -3.5828180e-02  -3.1443790e-01   2.6926237e-01   8.8603150e-02   1.7411688e-01  -3.4182401e-01   1.6275853e-01  -3.3031759e-01  -1.9650363e-02  -3.0476338e-02   5.8907992e-02   1.3661236e-01  -2.2398247e-01  -1.6058818e-01  -1.1379155e-01  -2.0272657e-01   5.9769504e-02   3.8093448e-02  -4.6028608e-02   7.6053855e-02   2.0050100e-01   1.2382754e-01  -1.4440765e-01   7.3479178e-02   3.5538087e-02   1.3572096e-01  -8.2790332e-02   8.4854548e-02   5.8203792e-02   1.1359262e-01  -1.8744672e-01  -5.4431662e-02  -1.4615051e-01   7.7862239e-02   3.8648139e-02   9.9320582e-02
  -1.2526893e-01  -3.8565155e-02  -1.3063848e-01  -5.1358437e-02   1.1118243e-01   3.2340865e-01  -1.3804629e-01   1.0911889e-01  -7.8726151e-02   1.5278318e-01  -2.1822602e-05   3.5005425e-01  -7.9757864e-02  -8.5476858e-02   1.3346996e-01  -9.3788924e-02   6.8639089e-02  -1.8355784e-01  -1.3761996e-01  -3.1251997e-03  -1.5525807e-01   2.1637182e-01  -3.4985849e-02  -3.8291847e-02   3.0186186e-01  -5.9579753e-02  -1.0665771e-01   9.9003575e-02   3.0162795e-02   3.7948456e-02   5.4386543e-02  -1.8461502e-01  -5.9629465e-02  -2.3253564e-01   7.9516061e-02  -1.1314784e-01   1.3227408e-01  -1.4484655e-02  -2.5990773e-01   3.0162340e-02   1.3091232e-01   6.9575913e-02  -6.7811047e-02  -1.4270668e-01   1.8282770e-01   7.8081503e-02  -1.0185500e-01   2.6186500e-01   9.1117261e-02
  -1.4820976e-01   1.2554386e-01  -1.6242964e-01  -1.5152891e-01   3.0523252e-01   1.6189895e-01   2.2721616e-01   2.1991852e-01   1.5741860e-01  -4.7735627e-02   6.8528719e-03   1.3671545e-02   3.6313813e-02   2.3273198e-01   9.2734152e-02   4.7714811e-02   1.9373647e-01   9.9318744e-02   3.6775467e-02   6.7225956e-02  -6.8608504e-02  -5.5737746e-02   1.2735119e-01   2.2084754e-01   9.4055985e-03   1.7679193e-01   4.9622168e-02  -1.7371633e-01  -2.5985607e-02   1.6955830e-02  -2.3576726e-01  -2.1683574e-02   1.0703544e-01   1.3107304e-01   2.0083861e-01   4.9475272e-03  -2.4998998e-01   1.5943182e-01  -1.2171706e-01  -2.8487917e-01  -2.0841650e-02  -6.3595350e-02  -1.0100949e-01   5.6371763e-02  -6.7074052e-02   6.5220556e-02  -1.4605700e-01   9.5801143e-02  -2.0693821e-01
  -1.4540841e-01   1.1478258e-01  -1.2777231e-02   1.0358749e-01   1.3461571e-01   1.0028594e-02  -1.4554095e-01   1.3072068e-01   4.7561593e-01  -8.3422997e-03   7.0811970e-02  -4.8366160e-02  -7.5200305e-02   9.9771661e-02   1.4354942e-01  -1.1380657e-01  -1.8170297e-01   1.3829828e-01  -2.0771156e-01  -1.4115397e-01   1.1026951e-01   9.0667017e-02  -1.6387381e-01   2.2887407e-01  -2.6699932e-01  -1.8362926e-01   2.0516553e-01   6.2895462e-02  -1.4137177e-02  -3.5305294e-02   6.2975403e-02  -9.3024080e-02   1.3671932e-01  -1.9214000e-01   9.5260168e-02  -1.3743733e-01   1.1146883e-01  -1.5779382e-01   1.0295880e-01   4.3222987e-02  -6.7030862e-02  -2.2841669e-02   1.2561950e-01  -1.6175692e-01   1.6386785e-01   2.5662199e-02   3.1615619e-02  -1.2737071e-01  -1.0238019e-01
  -1.4527064e-01  -2.9005234e-02  -2.2037909e-01   1.3877824e-01   3.0833019e-02   7.0335624e-02   1.3952799e-01  -2.5022975e-01   4.3910877e-02  -2.4362158e-01   2.1248518e-01   1.0228830e-02   2.7490670e-01   1.2312313e-01  -1.1554388e-01  -3.5495504e-01   1.6355310e-01  -4.2622118e-02   1.9275396e-02  -3.1259708e-01  -9.4357027e-02  -8.2762357e-02  -1.7695468e-01   1.5553119e-02   3.6496778e-02  -6.6410608e-03  -1.4654488e-01   8.4632734e-02   1.6008855e-01   2.0467089e-01  -2.8311210e-02   1.3756431e-01   8.8804650e-02   3.6853661e-02  -1.3497226e-01  -8.6685988e-02  -3.8107488e-02  -4.6360660e-02   6.4835962e-02   2.6975482e-02  -3.1164290e-02   7.2516499e-02  -2.5730526e-02  -1.4191914e-01  -1.1735309e-01   2.5122283e-02  -2.4695286e-01  -8.2910952e-02   2.0398926e-01
  -1.3602966e-01   2.3202006e-01  -1.8554611e-02   5.8068194e-02  -1.3213529e-02  -1.6055869e-01  -2.0511114e-01  -2.0076381e-01   3.2537912e-02  -5.7782283e-03  -1.3709224e-01   1.3662241e-01   1.6539211e-01   6.1021795e-02   1.6940196e-01  -1.8558052e-02  -5.6536330e-02  -2.2266386e-01  -2.7387058e-01   2.2881615e-01   2.2610389e-01  -3.5917137e-02   6.7731621e-02  -7.0535858e-02   8.6705873e-02  -3.2103841e-02  -2.9267059e-02   1.5594782e-01   1.1176742e-01  -1.0238031e-01  -2.5354067e-01  -1.2450752e-01  -6.0931683e-02   1.3212162e-01   3.8217490e-02   1.0092858e-01  -1.1842622e-01   2.8574471e-01   4.5000810e-02  -2.0981019e-01   1.9899852e-02   8.3970006e-02   1.5147884e-01  -1.1874198e-01   6.7012462e-02  -1.7583534e-01  -7.1675107e-02  -2.2922603e-01   1.6195131e-01
  -1.4263091e-01  -1.0841058e-01  -9.4636370e-02   3.4661614e-02  -1.0675316e-02   4.2476962e-02   3.8013362e-01  -1.8089262e-02  -1.6099449e-02   1.7985915e-01  -2.7791649e-02  -2.2563609e-01  -8.4994380e-02  -1.1318958e-01  -3.4174396e-02  -7.3447603e-02   2.0634146e-01  -7.6575448e-02  -8.3549258e-02   2.4442421e-01   4.7267540e-03   9.2279177e-02   1.2619455e-01  -4.9921373e-02  -3.8900564e-01   8.1197907e-02  -3.0915337e-01   7.7570054e-02   1.5094630e-01  -2.0189594e-01  -7.2646817e-02   6.9389145e-02  -4.3544149e-02  -2.2619212e-01  -7.5209636e-03  -2.0316730e-01   2.0181602e-01   4.1276652e-02  -8.2494784e-03  -2.1601537e-02  -5.9585636e-02  -4.8663685e-02   8.2119342e-02   3.2625947e-02   1.3745856e-01  -2.0872991e-01  -9.0365927e-02  -5.5083240e-02  -9.3727886e-03
  -1.4216170e-01  -8.1887508e-02   1.1368532e-01   2.5266983e-01   8.5057488e-02  -4.4202613e-04  -6.5472674e-02   1.5777688e-01   2.0804834e-01   8.5597605e-02  -8.6936189e-02  -1.5086180e-01   2.2307938e-01   3.3928634e-02  -6.4645290e-02   3.1359215e-01   2.8796217e-02  -1.5297226e-01   8.1394412e-02  -1.3635936e-02  -2.5276233e-02   1.7878284e-01  -8.6095570e-02  -8.8606775e-02   1.0870235e-01   9.4718117e-02  -7.6145276e-04  -4.2340624e-02   1.7532508e-01   3.0499068e-02   2.7507498e-01  -5.4363716e-02  -1.3797401e-01   9.1778917e-02  -2.0745805e-01  -5.5159902e-02   1.6139324e-02   3.1228737e-02  -4.9967535e-02  -1.2761195e-01   9.6252620e-02  -2.6904699e-01  -2.3979816e-01   1.1382720e-01   1.4797078e-01   1.4600788e-01  -1.9014768e-01  -2.9681267e-01   2.4992666e-02
  -1.2711411e-01  -3.0036973e-02   1.5891459e-01   2.0600784e-01   1.1705192e-01   1.5732080e-01   6.5973866e-02   1.0382679e-01  -1.1116657e-01  -1.0608442e-01  -6.1626135e-02  -1.2347304e-01  -3.4669951e-01  -2.7627454e-01   6.3660726e-04  -1.5423671e-01  -1.6837645e-01  -3.9373393e-02  -5.9500439e-02  -1.4643208e-01   1.3223407e-01  -1.6359413e-01   2.6610460e-01   1.9391916e-02  -4.7477128e-02  -1.3080469e-01  -1.0817810e-01  -1.8546078e-01  -1.6981955e-02   1.1908951e-01   1.4025171e-01  -2.7241908e-01   2.7041363e-01   6.8885866e-02  -1.2064939e-01   1.5241927e-01   2.2213491e-02   2.5555252e-01  -3.2187600e-02  -6.8209799e-02  -5.7383496e-02  -3.0650432e-02  -4.4561018e-02  -6.5020298e-02  -1.1321819e-01   4.8047108e-02  -1.3747029e-01  -5.0356598e-02   1.4283704e-01
  -1.4327363e-01  -1.9417810e-02  -6.7837244e-02  -1.1760161e-01  -1.0811969e-01  -1.6803738e-01   2.6565305e-02  -2.8104172e-03   1.7756528e-02   4.5659273e-01  -1.3934487e-01  -6.1876979e-02  -2.8556907e-03  -3.7683275e-02  -1.6518665e-01  -2.6020475e-02  -3.8030248e-02  -1.4811927e-01   1.5502609e-01  -2.9261280e-01  -1.1419044e-01   9.2257829e-03  -2.7806903e-02   3.5906360e-01  -8.9427069e-03  -1.6513261e-01  -1.7453031e-01  -3.4748937e-03   1.6271554e-01   9.7310374e-02  -8.5802724e-02   1.2061413e-02  -3.3116963e-03   1.2147246e-02   1.0153692e-01   1.6746248e-01  -1.3860899e-01   5.1255646e-02   1.6664514e-02  -1.4536325e-01   1.6911989e-02  -8.4236783e-02   2.0362023e-01   3.3787167e-02   1.0050627e-01   2.0161022e-01   2.6010717e-01   3.0700666e-02   1.7424858e-01
  -1.5185689e-01  -1.1722273e-02   3.0755428e-01  -1.2588330e-01   2.1278596e-02   4.2296294e-02  -1.1706664e-01   8.6825251e-02  -1.3476242e-01  -1.9573841e-01  -1.4180303e-01  -5.2035822e-02  -5.6596623e-02  -5.1999544e-02   1.0288654e-01  -2.1564224e-02  -7.0720409e-02  -2.0538473e-01  -1.3281760e-02   1.4969721e-02  -1.6391933e-01   1.6446275e-01  -2.4654260e-01   1.1483443e-01   2.8110175e-02  -9.8700697e-03  -1.8629465e-01   3.2829364e-02   4.4909024e-02   3.5020955e-02   8.8602500e-03   1.5368472e-01   4.2016956e-02  -5.9355351e-02   1.7422613e-01   6.4778629e-02  -1.5557532e-01  -3.1770593e-02   2.3760950e-02   1.9248797e-01  -1.0091970e-01   7.1150183e-02   3.1291121e-01   3.0107495e-01  -1.3148419e-01  -1.0066743e-02  -3.3625447e-01  -1.3321021e-01  -2.2993818e-01
  -1.5137734e-01   1.6118321e-01  -5.5862689e-02  -2.3273771e-01  -2.0718414e-01   3.0984186e-02   1.9761309e-01   1.8197102e-01   8.9491611e-02  -8.3692315e-02   4.7289233e-02   9.1785419e-02  -6.1097403e-03  -1.0603280e-01  -3.0887183e-01  -9.5737675e-02  -2.7799339e-01  -1.1679013e-01   2.5125021e-04   7.0610253e-02   2.0588773e-01  -1.9787525e-02   1.2386794e-01  -7.0722677e-02   2.4251801e-01  -1.0727312e-01  -9.9811951e-02   5.5455025e-02   4.4163183e-02  -4.8907172e-02  -5.9658422e-03   2.4956960e-01  -1.0372638e-01  -4.0620073e-02   9.4895362e-02   1.4451559e-01   7.6314481e-02  -1.0841888e-01   3.6055555e-02  -3.4834698e-03  -1.3286227e-01  -1.0616294e-01  -2.1312845e-01  -2.7420450e-01   1.1645029e-02   9.6231031e-02  -4.9296798e-02  -1.5605059e-01  -2.8335131e-01
