  -1.4063795e-01  -5.4473934e-02   4.0411414e-02   2.3252490e-01   1.2650659e-01  -3.3052301e-02   1.7459618e-01   9.6515579e-02   1.3181980e-04   1.7829672e-01  -5.4791420e-02   2.3291611e-01  -2.9232510e-02  -5.1075115e-02  -8.6203278e-02  -9.6181255e-02  -1.2015411e-01   4.3088624e-02  -1.1956277e-01  -1.5916033e-01  -4.5010269e-02   3.5937071e-02   4.2644062e-03   3.0834321e-01  -5.7972409e-02  -6.9080049e-02   1.3993737e-01  -7.1329928e-02  -1.0535282e-01   5.3272170e-02  -2.3419873e-01   1.3735586e-01   5.2580657e-02   1.0463094e-01  -1.8373353e-01   4.0662280e-02  -7.6091267e-02  -3.9164560e-01  -5.0089696e-02   1.3292732e-01   5.6201703e-03   1.1880055e-01   2.7201541e-01  -8.1617928e-02   1.8257400e-01  -5.3907147e-03   1.1368768e-01  -3.1574859e-01  -1.0686557e-01
  -1.3097431e-01  -1.6836718e-01   1.0672416e-01  -1.3460053e-01  -1.1924833e-01  -3.1152512e-01   1.4969975e-01   1.4457026e-01  -2.1997858e-01   8.9857350e-03  -6.6078421e-02  -2.2519760e-01   2.3041059e-01   8.5438869e-02  -9.5518693e-02  -1.0569616e-01  -1.4349521e-01   1.9238505e-01   1.2759195e-01   8.1408734e-02  -9.0615239e-02   1.8452430e-01   2.5000661e-01   3.3946670e-02  -1.2968526e-01  -1.4360289e-01  -1.0957835e-01   1.1782878e-01  -1.8681789e-01   1.4826031e-01   4.1553937e-02  -2.6528434e-02  -7.0007913e-02  -7.6576575e-03   1.9808555e-01   5.8306013e-02   8.3424009e-02   9.0285450e-02  -3.9664670e-02  -9.9783023e-02  -1.7662187e-01   1.6392400e-01  -5.7620795e-02   3.7987694e-02  -6.9589795e-02  -1.4356104e-01   2.9935042e-01  -1.5569858e-01   2.7085705e-02
  -1.5895783e-01  -8.7978016e-02   3.0338409e-03  -1.1741305e-01   2.2813397e-01  -1.5463680e-01  -2.8160959e-01   3.2018645e-03   1.2961664e-01   1.8801189e-01   5.4952960e-02   1.0460791e-02  -8.7333962e-02   3.2423095e-01   2.0596114e-01  -7.6658965e-02  -6.0922122e-02   1.1088116e-01  -3.7842695e-02  -7.3065406e-03  -8.3683237e-02  -4.8521511e-02  -9.5604262e-03  -3.3283436e-01   1.8038998e-01  -1.8881198e-01  -1.5435580e-01   2.1661192e-02   1.1262989e-01  -1.3257726e-01  -8.7511053e-02  -6.0855833e-02  -2.1219986e-03   6.4180703e-02   7.7426973e-02  -4.3260518e-02  -1.0207342e-01  -1.2270666e-01   1.7696384e-01   2.1854774e-01  -3.8808811e-02   3.0406840e-01  -1.3837406e-01  -7.7715491e-02  -2.2234237e-02  -7.8500145e-02  -1.5851900e-01  -1.7625757e-01  -1.0593277e-01
  -1.3900155e-01  -1.8145922e-01  -3.2620142e-02  -1.4979721e-01   1.6817054e-02   1.3349939e-01  -2.5776256e-01   2.5500202e-01   2.9347981e-03   1.1447681e-01  -1.1821700e-01   1.7455405e-01  -1.6023149e-01   2.2453403e-02  -1.0838910e-01  -9.8925044e-02  -8.8781885e-04  -5.7558563e-02   3.6365085e-02  -1.0749321e-01  -1.0574179e-02   8.3638834e-02   1.3985458e-01   1.6588286e-02  -1.0878567e-01   1.2845604e-01   2.2171882e-02   1.5236735e-01   1.7205627e-01  -1.7805817e-01   3.0221906e-01   6.4702138e-02   3.4327464e-01   1.0297806e-01   6.3188400e-02  -1.1204311e-01   1.7986276e-01  -7.1339582e-03  -2.7202059e-01   3.9507756e-02  -2.1810954e-01   2.2130035e-02  -2.2772860e-02   9.6956226e-02   2.4126029e-01   1.2819717e-01   1.0901146e-01   1.4113014e-01  -5.4552354e-03
  -1.4356839e-01   2.7907807e-02  -2.3447041e-01  -1.0257754e-02   5.4746118e-02   6.6767587e-02  -1.1808540e-01  -4.4682944e-02  -1.1472969e-02  -1.5407955e-01  -4.3596081e-02   1.7157313e-02   1.2561125e-01  -1.1900098e-01   6.9700872e-02   8.4554336e-02  -1.6319892e-01  -4.4114115e-01  -3.8327505e-02  -1.7033420e-01  -1.4625102e-01   1.8021106e-01   7.6782242e-02   4.0331425e-03   5.9964740e-02  -1.2320365e-01  -3.1658235e-01   9.3843365e-03   4.5387755e-02   1.9860641e-01  -1.9267247e-01   1.6105609e-01   3.0783846e-03  -1.3430449e-01   2.1534121e-01  -2.4913377e-01   3.8788200e-02   4.1727601e-02  -1.2198260e-02   8.5060355e-02  -4.6171302e-02  -1.3707195e-01   6.8265848e-02  -2.9437023e-01   7.6797184e-02  -3.0265780e-02   2.5077656e-02  -4.7143782e-02   1.9480377e-01
  -1.2960896e-01  -2.1955397e-02   7.6113463e-02  -1.6451419e-01  -1.9059954e-01   1.9809393e-01   6.5810693e-03  -3.1446000e-01  -1.4541424e-01   1.8076372e-01   5.6955190e-02   9.9290026e-02   2.0579294e-01   5.2075133e-02   1.5598264e-01   1.0935542e-01  -1.5091418e-01   4.7803167e-02   1.1921580e-01   3.5250018e-02   9.0738454e-02  -2.6449522e-01   6.2394455e-02  -2.3558129e-02   2.2422215e-01  -9.4567251e-03   1.5491351e-01   1.1954803e-01   2.3308395e-02  -9.9550899e-03  -1.5613427e-01  -3.4474103e-02   1.6304576e-01   2.4828959e-01  -1.1599636e-01  -1.3724710e-01   4.1736982e-02  -8.6378470e-03   1.3080313e-01  -2.1523279e-01  -5.5945596e-02  -9.5123396e-03  -1.3988606e-02  -2.5979088e-01   1.1946277e-02   1.6641841e-01   3.1658947e-01   6.2040479e-02   2.1738260e-02
  -1.3383485e-01   7.5996662e-03   3.6574665e-02   1.8254801e-01   2.2631854e-01   6.5568345e-02  -3.2684562e-02   2.1758989e-02  -1.4299632e-01  -1.3172628e-02  -4.1214780e-01   1.6685039e-01  -5.2112084e-02  -1.5671953e-01  -6.7286878e-02   8.2219333e-02  -4.0979971e-02  -1.4610009e-01  -7.4098920e-02   1.9904704e-01   1.2720467e-01  -1.2762772e-01   5.1389728e-02   2.4020260e-02  -5.3699627e-03  -1.4613844e-01  -1.5554787e-01   1.6313578e-01  -8.8475105e-02   7.2039397e-02  -1.2939446e-01  -1.3907876e-01  -6.1934112e-02   1.7220085e-02  -3.3560315e-01  -1.9247142e-01   9.7532629e-02   1.7003018e-01  -2.0757306e-02   3.4740035e-02   5.4918163e-02   2.2650810e-01  -2.3885156e-01   2.1579594e-01  -1.4206830e-01  -1.1540990e-01   4.1900154e-02   1.3049923e-01  -6.4819489e-02
  -1.2268037e-01  -1.6534935e-01  -2.1703632e-01  -1.1471806e-01   1.6807067e-03   5.5475292e-02   1.8015897e-01   2.0642679e-01   4.4825246e-02  -1.5823332e-01   8.1089111e-02   1.5887197e-01  -1.1472826e-01   9.9082946e-02   1.0695619e-01   1.7448577e-01  -2.0880639e-01   3.5090418e-03   1.4695308e-01  -2.7155940e-01  -2.5258178e-02   1.6325647e-01  -7.6139338e-02   5.3421950e-02  -6.2757182e-02   1.1185708e-01   2.1731484e-01   1.2786146e-01   8.2118094e-02   1.8977571e-01   8.2683804e-02   6.9220465e-02   6.6520117e-02   8.1401329e-02  -8.6983564e-02  -7.3803050e-02  -1.8658792e-01  -8.6197393e-03   2.6456995e-01   2.7580517e-02   6.7464746e-03  -3.9482850e-02  -9.5993111e-02   1.1800175e-01  -4.4662990e-01  -1.2616949e-01   9.0521194e-03   7.5357337e-02  -1.0270940e-01
  -1.4726755e-01   8.0043595e-02  -1.9373600e-02   1.9897648e-01   4.6458765e-02  -1.7515578e-01   1.0055659e-01  -4.5169197e-02   1.6073236e-01  -1.6773112e-01  -3.8253238e-02  -1.9172729e-01   9.5591549e-02   7.7354964e-02   1.1456189e-01  -7.6007464e-02   3.1676097e-01  -7.7530137e-02  -4.9725982e-02  -1.6341826e-01   1.1183876e-01   5.0286136e-02  -2.1727474e-01  -1.7816851e-01  -1.6991831e-01   1.7087631e-01  -6.6114665e-02   1.3815948e-01   1.1634398e-01   2.4964900e-02   6.3456384e-02  -1.7775724e-01  -1.0171369e-01   2.2977253e-01  -1.7213347e-01  -1.3575459e-01  -1.4958541e-01   3.7107340e-02  -1.8524389e-01   6.8834291e-02  -1.6083366e-01  -9.9236997e-02  -7.0666494e-02  -1.7735095e-01   3.3300855e-02   6.9370093e-02   3.3164721e-01  -9.7663425e-02  -1.6818617e-01
  -1.3768430e-01  -1.1177718e-01   2.8872502e-01  -7.7371436e-02   6.9372350e-02  -1.6138661e-01   2.0278100e-01   1.4766871e-01  -6.6809535e-02  -1.5203013e-01   3.2396216e-02  -1.8603032e-01  -1.4677551e-02  -1.8177117e-01  -3.1113692e-02   5.1311157e-02   4.0698065e-02  -9.7113979e-02   8.0527268e-02  -8.2586307e-02  -1.8486687e-02  -1.3476600e-01   1.8723187e-02  -1.3644483e-01   1.5619339e-01  -2.9699956e-01   5.6260766e-02   6.0694095e-02   1.1289115e-01  -3.4619493e-01  -2.2290122e-01   9.5471067e-02   2.4375842e-01  -3.1952663e-02  -6.9395547e-02  -8.5898358e-03   9.5351457e-02  -5.3439674e-03  -1.1694572e-01   4.9390938e-02  -2.6290868e-02  -3.7938732e-01   5.2638033e-02   9.1190159e-02  -1.7668496e-01   2.6108200e-02  -1.2172788e-01  -8.5634281e-02  -1.1083767e-01
  -1.4949262e-01  -6.1077074e-02  -6.4811509e-03  -5.7395068e-02  -2.4273221e-01  -1.1690286e-01   1.5001177e-01  -9.6431536e-02   2.3094386e-01  -3.9127697e-02  -4.0254071e-02   5.0438329e-02   6.6529281e-02   1.4603517e-01   4.1750974e-02   1.6185661e-01   3.2663068e-01  -1.1103784e-01  -1.6706876e-01  -4.4103138e-02  -2.0894182e-01  -8.2023711e-02   2.4607965e-01   2.3248347e-01   3.5553017e-02  -3.0047724e-01   2.4238919e-02  -4.3460407e-02   6.3695152e-03   1.2160713e-01   2.8994029e-01  -1.5022913e-02   9.3247799e-02  -7.1392318e-02  -6.8404346e-02  -2.5882739e-02   1.1091242e-01   1.0679263e-01   1.8088967e-01   1.3982880e-01   2.3690082e-01   5.0930514e-02  -6.4836671e-02   1.8527955e-02   1.3076684e-01   1.6977657e-01  -1.8980768e-02   4.7282116e-03  -2.0438835e-01
  -1.3266010e-01   1.0944554e-01  -1.5700496e-01   3.3981104e-02   4.5312642e-02   1.8608969e-01   8.4174273e-02   2.9201065e-01  -1.2986866e-01   8.2843464e-02   1.1865873e-01   3.8870684e-02   2.0109293e-01   2.6338140e-01  -2.6713182e-02   1.4508681e-01   9.5000871e-03   1.0028855e-01   9.3487106e-02   1.5412273e-01   3.0547594e-01  -1.4145101e-03  -7.1990753e-02   6.0485522e-02   7.2867625e-02  -9.4640952e-03  -3.3871977e-01  -1.6917118e-01   4.2962023e-02  -1.1856767e-01   4.9989137e-02   5.7432247e-02  -7.3768919e-02  -1.1760348e-01  -2.6564291e-02   2.2019348e-02   3.2251057e-02   9.0617081e-02   4.2332669e-02   2.4589690e-01   2.3709058e-02  -6.1577549e-02   2.1704333e-01   1.3064077e-01  -1.2612324e-01   3.5252947e-01   1.5548867e-01  -6.6359028e-02  -1.3112186e-02
  -1.3148858e-01  -6.0343602e-02   1.7719510e-02   1.3617412e-01   4.8782179e-02   8.5387389e-02   4.1059882e-02   1.8768535e-01  -4.2507359e-02  -1.2247363e-01  -8.1379756e-02  -1.8218964e-01   1.9568529e-01  -1.3043759e-01  -2.2456823e-01  -1.8444127e-01   1.4901920e-01   1.9749948e-01  -1.9356405e-01   2.5335556e-01  -1.5514831e-01   1.8276412e-01  -4.8662601e-02  -3.9906224e-02   2.1909551e-01   6.9382911e-02   1.2288966e-01   4.0934426e-02   1.3382839e-01  -1.8343798e-02  -2.4205412e-02   2.1826101e-01   1.8674108e-01   7.0466377e-02  -2.1292991e-02  -9.0405326e-02  -3.0129173e-01   4.8910851e-02   2.6592030e-01   6.1748634e-02   8.2103997e-02   1.1513714e-01  -5.6365589e-02  -1.4889655e-01   5.5669646e-02   8.8747071e-02  -1.2703858e-02   2.1197364e-01   1.9826578e-01
  -1.1963784e-01  -5.3556765e-02   8.0638754e-02  -1.5206421e-01   4.8621967e-02   2.6171014e-01   9.4304698e-02  -1.5855653e-02   2.7265396e-01  -2.8168739e-02   6.5459272e-02  -5.4855362e-02   9.8963461e-02  -6.1314511e-04  -1.3242985e-01  -2.8776896e-01  -2.0971372e-01  -1.8528057e-01  -8.8916130e-02  -1.3000811e-02  -9.6232222e-02  -1.9174415e-01  -2.1453978e-01  -5.6145798e-02  -3.1305539e-01  -8.4487696e-02  -1.2596111e-01  -3.8525845e-02   2.1147884e-03  -6.7153764e-02   2.4905010e-02  -1.2977684e-03   6.6485073e-02  -7.6090498e-03   8.1018775e-02   9.9502612e-02  -6.3097129e-02  -7.5980136e-02  -4.5348922e-02  -1.8049890e-01   3.5914081e-01   8.5165346e-02  -2.1780359e-01   1.2847715e-01  -1.0958965e-01   1.5395349e-01   1.6844352e-01  -1.4693933e-01   1.4217215e-01
  -1.4768887e-01   1.2815204e-01   3.2991226e-01  -9.9926910e-02  -1.2125441e-01   6.9351152e-02  -1.7788545e-01   1.3083356e-01   1.1389834e-01   2.9946503e-02   2.3448261e-01  -8.9546685e-02  -5.6878401e-02  -2.5007183e-01   5.2577419e-02  -6.4246338e-02   9.8551240e-02  -1.0228132e-01   1.6801201e-03   5.0470856e-02   8.2679599e-02   3.9239649e-02   1.5001745e-01   3.1678161e-01   1.2503214e-01   3.1567178e-01  -2.3240435e-02  -7.1990094e-02  -1.5573187e-01   3.5091380e-02  -4.7866261e-02  -1.0290741e-01  -3.3454573e-02  -1.5614816e-02   4.5227477e-02  -6.7805390e-02   7.7236071e-02  -1.2794408e-01  -1.6079578e-02   2.6141511e-01  -6.8893149e-02   8.4481212e-02  -2.8776854e-01  -1.4069469e-01  -2.9180601e-01   5.4197476e-02  -2.1301048e-02  -9.8075048e-02  -1.4808130e-02
  -1.4521822e-01  -1.3424169e-01   2.0653312e-01  -1.2903409e-01  -5.5351452e-02   2.0336684e-01  -5.5743857e-02   1.7238273e-02   1.0181965e-01  -1.1821419e-01  -6.4323431e-02   2.0625704e-01   4.6273973e-02  -4.5806831e-02  -5.4377244e-02   3.3772197e-01   2.8643678e-01   2.5723057e-01   1.4517604e-01  -7.8125330e-02  -1.5674053e-01   6.7050752e-02  -2.4459241e-01   9.8386833e-02   6.0465572e-02  -1.6186023e-02  -2.2458003e-01  -1.4922874e-01   9.8945658e-02   2.0634777e-02  -5.0563672e-02  -6.2863884e-02   4.4285331e-02   3.3602764e-03  -5.5634468e-02   5.7457700e-02  -9.9761440e-02   1.4596780e-01  -2.1699346e-01  -2.2892264e-01  -5.2681348e-02   1.7054063e-01   8.3376238e-02  -8.3396233e-02  -1.9245702e-02  -2.1394710e-01  -8.2930301e-02  -1.9480172e-01   1.3535185e-01
  -1.6064831e-01  -3.8392278e-01  -2.6392576e-02   5.0037388e-02   1.5505194e-01   8.3246273e-02   8.4290650e-02  -1.0395682e-01   1.0201245e-01   1.5055741e-02   1.2956523e-01  -2.4585023e-01  -3.7842862e-02   4.9421006e-02   2.7296304e-01  -5.0944312e-03   9.1085684e-02  -1.1184406e-01   2.1356623e-02  -8.4221101e-02   1.8494669e-01   1.5448956e-01   1.6196264e-01  -4.0544543e-02   1.6977904e-01   1.7332681e-01  -7.1501694e-02  -7.7471389e-02  -2.0893431e-01   1.3878834e-01  -1.4511935e-01   1.4995627e-01   2.8169672e-02  -4.1716105e-02  -2.0468987e-01   1.7614004e-01  -1.5635995e-02   2.9759173e-02  -2.7913749e-02  -1.9966068e-01  -6.8338349e-02   5.4747495e-02  -8.5233482e-02   3.0012744e-01   2.2973141e-01   1.3389582e-01  -9.4758396e-02   3.1251737e-02   1.2162920e-01
  -1.4600751e-01  -1.0698618e-01   2.2255336e-01   1.3675208e-01  -1.0983293e-02   4.2274885e-02   1.0844074e-01   2.0244677e-02   1.7630388e-02  -3.6435776e-02   6.8561443e-02   1.6983926e-01  -1.8778482e-01  -1.2652253e-01   8.9068143e-02   2.4931467e-01  -1.0379692e-01   1.8520306e-01  -7.8907121e-02   9.8989854e-02  -1.1541486e-01   1.1083596e-01   1.3366322e-01  -2.3576949e-01  -5.9477077e-02   9.8146587e-02  -2.5808380e-02   3.0715956e-01   2.5179295e-01   2.4599570e-03   3.5725411e-02  -2.8152578e-02  -3.7201111e-01  -2.0903434e-01   8.3431658e-03   1.3843775e-01   1.5756851e-01  -1.9199108e-01   4.6394128e-02   4.3787860e-02   1.5308076e-01  -1.1522766e-01  -6.7798769e-02  -7.8169536e-02   1.1988034e-01   1.5841352e-01   1.3182410e-01   8.8332437e-03   1.5213505e-01
  -1.5071388e-01  -2.6853849e-01  -1.5581081e-01   3.3681584e-02  -1.3161117e-01  -1.6714020e-01  -1.6348369e-01  -8.2947764e-02   2.7821667e-02  -2.9756738e-01  -1.4605231e-01  -1.2778166e-02   9.0441797e-02   1.1913144e-01  -9.4632903e-02   4.9151261e-02  -1.7240190e-01   4.5233076e-02  -1.3310449e-01   3.6788218e-02   5.4820808e-02  -9.2135030e-02  -6.2302240e-02   6.4322792e-02  -3.0389105e-02   1.7048170e-01   1.0958667e-01  -1.7336796e-01   1.1329042e-02  -1.9613062e-01  -1.0366084e-01   3.0003572e-01  -2.4308669e-01   8.6444166e-02  -2.0659125e-03   1.1531453e-01   2.6093777e-01   3.1380104e-02  -2.0014494e-01  -3.4589216e-02   5.8547038e-02   1.4737906e-01  -3.4369793e-02  -2.2884755e-01  -1.5979292e-01   1.2727142e-01  -1.3022892e-01   1.0134274e-01  -1.9161146e-01
  -1.3195427e-01   5.8882545e-02  -3.8638041e-02  -1.4642470e-01   3.6677263e-02   9.0367815e-02   2.3570415e-01  -1.6167752e-01   1.4066526e-01   2.6991451e-02  -7.9145815e-02   8.0411487e-02   1.7191940e-01  -3.1773867e-02   6.1753961e-03  -3.7796726e-02   2.3116649e-02  -2.8135741e-01   7.5226986e-02   1.4567443e-01  -2.4203286e-02   1.4685064e-01   1.2540050e-01   8.0486943e-02  -6.3721949e-02  -6.9581287e-02   1.1781314e-01   1.2896867e-01   1.2767643e-01  -2.4899974e-01  -4.7167875e-02  -2.2245896e-01  -1.6275456e-01  -1.0822853e-01   7.3824481e-02   2.2257492e-01  -2.4144838e-01  -9.1666841e-02  -7.1278010e-02   1.0318702e-02  -3.4041330e-01   2.4233393e-01   2.0132074e-01  -5.0769642e-03  -1.1027634e-01   1.0331425e-01  -1.6443709e-01   2.1985144e-01  -2.9843707e-02
  -1.2195613e-01   2.0817406e-01   1.0888261e-01  -1.9031861e-01   1.7756761e-01  -1.4169109e-02  -5.0022344e-02  -7.1235064e-02  -1.4152966e-01  -1.2106075e-01   3.3642540e-01  -8.0495283e-03  -1.3525233e-01  -1.8763114e-03  -1.3574321e-01   1.3789027e-01   1.3904414e-01   4.5074458e-02  -5.3790383e-02   5.4816152e-03   3.8900648e-02  -8.9189533e-02  -1.5893098e-02  -3.1298071e-02  -6.5490516e-02  -1.2826631e-01   8.2216442e-02   1.1281378e-02   2.5446286e-02   2.3595667e-01  -1.3884669e-01   2.9438545e-01  -1.0938596e-01  -5.4886679e-02   2.1149466e-01  -1.8486837e-01  -1.7392347e-01  -8.5271900e-02  -2.0723326e-01  -7.6894156e-02   1.3825551e-02   1.9298761e-01   1.5910340e-02   1.7775571e-01   9.3812671e-02   6.2927067e-02   1.3872177e-01   2.5513165e-01  -2.8144257e-01
  -1.3986926e-01  -1.1549183e-01  -6.0143644e-02  -5.4187882e-02   6.0756212e-02   1.5710279e-01  -1.0034132e-01   2.5741720e-02  -1.5262479e-01   7.7846079e-02   1.6743050e-01   5.5392627e-02  -3.8074824e-02   8.7262856e-02   1.0172616e-02  -1.0663553e-01  -3.9770649e-02   2.7802068e-02  -2.4547960e-01   9.9259372e-02  -1.3546690e-01   1.5123154e-01  -5.6709865e-02   2.7753115e-01   1.3271112e-01  -1.8066386e-01  -6.6163261e-02   1.4213570e-01  -1.7932354e-01  -1.4900679e-01   1.0217435e-01  -1.2248056e-01  -3.4166536e-01   2.9576343e-01   1.9759412e-02  -2.2265074e-02  -1.8290562e-01   9.0889577e-02  -1.0208152e-01  -1.4336550e-01   3.1746981e-02  -4.0947860e-01  -1.0070022e-01   6.6954116e-03   5.5635813e-02  -5.1555193e-02  -1.1277096e-01   5.8605124e-03  -1.2933030e-01
  -1.7576922e-01   1.2269621e-01  -2.0375299e-01  -7.9866071e-02   1.9891739e-01  -5.7833954e-02  -1.9479792e-01  -1.1873714e-01   3.1096599e-01  -6.6917568e-02   2.2792454e-01   7.9360744e-02  -8.1423177e-03  -2.6775191e-02  -1.4825287e-01   4.5843556e-02   4.5993471e-02   1.8117163e-01   2.9703748e-02   4.4875540e-02   3.4563563e-02  -4.0067310e-02   8.5769849e-02   5.3612555e-02  -1.7638297e-01  -5.6234995e-02   1.5308100e-01   1.9062882e-01  -2.5957187e-01  -1.6583500e-01  -1.5796687e-01   6.2508112e-02   8.6260771e-02  -1.0514760e-01  -1.4558138e-01   2.1230207e-01   6.6449540e-02   3.0093038e-01   8.4100749e-02   1.9195660e-01  -4.3210645e-02  -1.2317244e-01   3.5396948e-02  -6.1790783e-02   4.3522936e-02  -1.8606800e-01   1.9969558e-01   2.2239300e-02   1.8868602e-01
  -1.3567791e-01   6.8001941e-02  -5.0352195e-02   2.2033315e-02  -2.0712690e-02  -1.0785817e-01   4.5865501e-02  -3.2464338e-01   1.7179114e-02   3.6774792e-03  -1.1699446e-01   9.1800232e-02  -1.0579679e-01  -4.1007515e-01  -1.1857458e-02  -7.2524950e-02  -9.5125476e-02   2.8036224e-01   2.9873388e-01  -9.0329915e-02  -3.9899537e-02   4.7682836e-02   4.4919428e-02  -2.7255127e-02  -1.5806786e-01   7.7275686e-03  -3.1732753e-01  -8.0166342e-02  -1.0593831e-01  -5.2042887e-02   9.0111812e-02   1.3206354e-01   1.9119282e-02   2.4142384e-01   9.1529590e-02  -1.9835409e-02  -1.4982508e-01   6.3396545e-02   1.5922390e-01   9.6602561e-02  -4.1498527e-02  -5.9502231e-02  -5.0105085e-02   8.2954209e-02   2.5292234e-02   3.0738863e-01  -1.6703733e-01  -2.1366755e-04  -1.3270777e-01
  -1.3651915e-01  -6.0668452e-02  -1.2836026e-01   9.4891767e-03  -1.9523747e-01  -2.3864246e-01   5.6058894e-02   1.0921199e-02  -1.9453959e-02   1.7895746e-01   1.5929211e-01   1.7463204e-02  -2.9405740e-01   8.1591229e-02  -2.9153877e-01  -2.9425432e-02   1.1638633e-01  -1.7783206e-01   1.6026332e-01   1.9312563e-01   5.5161439e-02   5.0590011e-02  -1.4336595e-01  -2.0722350e-02   1.9596925e-02  -9.9635401e-02  -2.6061499e-01  -1.7972505e-02   7.6271685e-02   2.1163782e-01  -1.0435195e-01  -7.3145110e-02   1.2666353e-01   2.0774533e-01  -1.2006546e-01   2.6665556e-01   8.1339817e-02  -2.1562668e-01  -2.9559871e-02  -2.1676879e-02   7.1195376e-02  -6.0169471e-02  -2.4394959e-02  -1.6470971e-01  -7.4479295e-02  -6.2678495e-02  -1.4940682e-02   2.9443190e-01   1.1660084e-01
  -1.6847843e-01  -6.5885068e-02  -2.6109225e-01   1.1738891e-02   4.0478965e-02  -9.0983571e-02   2.3521826e-01   5.3228900e-02  -1.1521619e-01   3.1147688e-01   1.1298198e-01   8.8541286e-02   7.9605455e-02  -2.4405327e-03   1.0639962e-01   4.8490987e-02   1.3801342e-01   4.8962153e-02   7.3741270e-02   2.5583461e-01  -1.9315847e-01  -1.5009154e-02  -3.2155403e-02  -4.8815380e-02  -2.9579727e-01   2.4295943e-01   1.0559231e-01  -1.1271609e-01  -3.7051956e-02  -8.8428112e-02  -2.0292847e-01  -8.8770216e-02   1.2505143e-01  -2.3389226e-01   6.0425124e-02  -3.1132891e-01   4.5813227e-02   5.3223576e-02  -1.0980639e-01  -9.5528661e-02   8.5662924e-02  -7.6518540e-02  -2.0873603e-01  -9.3887009e-02   5.6457420e-02  -1.2200785e-02  -1.9830669e-01  -5.8107629e-02  -9.6985798e-02
  -1.3804675e-01   2.3005857e-01  -1.2835684e-01  -1.9793399e-01   7.3829135e-02  -3.0822153e-01   1.3357106e-01   2.3369432e-01   7.7368134e-02   1.1748566e-01  -9.0635209e-02   1.9522728e-01  -1.2785895e-02  -1.6057265e-01  -1.1225161e-01   4.9717707e-02   1.2743496e-02  -5.9422820e-02  -5.5133538e-02  -2.4082679e-01   2.1994037e-01   4.5648376e-02   1.3666116e-01  -1.7551067e-01   3.0380287e-01   4.5234589e-02   1.5399891e-01  -1.5916982e-01  -9.4517889e-02  -1.0474558e-01   7.9143572e-02  -9.9592832e-02  -1.7102063e-01   1.0780959e-01   7.4563267e-02  -1.8308919e-02  -7.6364000e-02   1.0219012e-01  -8.9549688e-02  -2.2510119e-01   2.4579851e-01   7.5902008e-02  -5.0642449e-02  -4.8779025e-02   4.9995813e-02   7.8413281e-02   2.4616123e-02  -4.0881098e-02   2.1069931e-01
  -1.4500878e-01  -1.9271601e-02   4.1778448e-02   3.1263644e-01   1.6653038e-01  -1.1517646e-02   1.1928849e-01  -1.4677748e-01   1.8531516e-01   1.8001584e-01   2.0107726e-01  -3.4881724e-02   1.6471063e-01  -1.2275299e-02   3.1872698e-02  -1.7604161e-01  -3.6683618e-02   1.9961023e-01   1.3011007e-02  -1.4932103e-01   8.2639607e-02  -1.0889750e-01   6.3675937e-02   6.7680474e-02   1.0336545e-01  -6.8514738e-02  -9.4350920e-02   1.2282214e-01   4.1365499e-02   4.7048011e-02   3.2117287e-01   7.6374362e-02   6.1760255e-04  -6.7379171e-02   3.3317582e-02  -2.4871535e-01   1.8622933e-01  -4.9718073e-02  -2.0230119e-01  -1.0204123e-01   5.7584717e-02   5.0534468e-02   1.9961624e-01  -7.0353140e-02  -2.6917685e-01  -1.8077583e-01  -1.5989119e-01   2.2262181e-01   1.3269844e-01
  -1.3471941e-01  -1.4050388e-01   1.7989046e-01   2.5051641e-01  -5.7744725e-02  -3.5434075e-02  -4.8235527e-02  -6.0935845e-03   2.3335320e-01  -1.2762606e-01  -1.8197450e-02   2.8891499e-01   9.6953225e-02   6.4257091e-02   5.2359458e-02  -1.7857052e-01  -1.2766296e-01  -4.2468921e-03   1.6349392e-01   1.7244616e-01   1.4105783e-01   6.2519217e-03   7.3986414e-02  -1.2745047e-02   1.0061242e-01   1.1313829e-03   1.3205056e-01  -3.1437108e-01   1.7031673e-01   1.4538659e-01  -1.5576034e-01  -1.9188046e-01   2.6721641e-02   4.5615954e-02   3.3066496e-01   3.4144526e-04  -8.3643357e-02   1.4820543e-01  -2.8795766e-02   1.0452536e-01   5.6781369e-02  -2.1117667e-01  -1.1407657e-02   1.7642471e-01   1.2833764e-01  -1.7150068e-01   1.3052405e-01   1.2529403e-01  -1.0400942e-01
  -1.3292572e-01  -7.2247863e-02  -2.3225492e-02  -1.8174757e-01  -1.0148004e-02  -1.0151981e-01  -1.5041528e-01  -1.7467870e-01  -1.4702812e-01   6.8042071e-02  -1.5228097e-01   1.3001875e-01   1.1740595e-01   5.5639588e-02  -1.2723210e-01  -2.9506607e-01   2.1431357e-01  -4.8764820e-02   1.8371304e-01  -1.1425075e-01  -3.3770724e-01  -1.2287366e-01  -1.7953687e-01  -5.5920536e-02   2.2827441e-01   1.9473486e-01   9.6930445e-02   1.7967863e-02  -4.4319356e-02   1.1907817e-01  -1.8293143e-03   3.6214201e-02  -2.4765550e-01  -2.0518584e-01  -1.2857277e-01  -4.2760934e-02   5.4453218e-02  -1.0199473e-01  -8.6590471e-04   1.6516891e-01   5.4152061e-03  -1.5009424e-01   1.1410529e-01   2.8075767e-01  -1.0641979e-01   5.9567942e-02   9.8662251e-02  -2.7126193e-03   1.2342503e-01
  -1.3765360e-01  -5.4411995e-02   2.2326845e-02  -1.4086370e-01   5.0034676e-02  -1.0018566e-01  -7.6533831e-02  -1.3777421e-01   2.0335685e-02   4.4007226e-03   2.0044999e-01  -1.1533754e-01  -4.4914633e-02  -2.4836852e-01  -4.3798465e-02   1.7480904e-02  -2.2868997e-01  -1.3515129e-01  -1.7212162e-02   2.9728619e-01   6.3988893e-02   2.8542036e-01  -3.0406675e-01  -5.4183364e-02   5.5276721e-02  -3.5024256e-02   1.9614863e-01  -6.2650792e-02   1.2729558e-01   1.1941272e-01   2.3390484e-01  -1.2239068e-01   1.6383728e-02   2.0614588e-02  -1.7089329e-01  -1.4717622e-01   2.1459683e-01   1.7102410e-01   6.5875931e-02   3.8611195e-03   3.1035236e-02   1.2649416e-01   2.8094997e-01   6.7481965e-02   7.8138281e-02   3.4381819e-02  -3.0877853e-02  -2.5063059e-01  -1.0380710e-01
  -1.4422453e-01   1.5147336e-01  -5.7191924e-02  -7.5690200e-02   2.4764480e-01   2.4549336e-01   9.6702251e-02  -2.2721653e-02   1.3505753e-01   3.2388000e-02  -3.0545307e-01  -1.3312160e-01  -6.9176735e-02   9.9468725e-02  -1.2006148e-01   2.8358289e-02   3.0016570e-02   1.9680962e-01  -1.6722016e-02   4.2886397e-02   6.9124728e-02   4.0847722e-02  -9.8774566e-02  -5.7742213e-02   4.0898935e-02  -1.9695410e-01   2.4227711e-01  -1.4502605e-01  -5.9780329e-02   3.3873392e-01   4.4931977e-02  -4.2893774e-02  -3.0326567e-03  -2.1676716e-02   1.3806727e-01   8.1474952e-02   2.6064172e-01  -1.4078111e-01  -1.7903094e-02  -2.5448034e-02  -2.8448563e-01  -2.1953273e-01  -2.1073674e-01  -1.2879228e-01  -5.2693349e-02   1.5835819e-01  -1.1955202e-01  -6.8249302e-02   9.6441007e-03
  -1.3659532e-01  -1.9266535e-02  -4.7919474e-03   2.3403227e-01   8.4432944e-02   1.3429608e-01  -4.5589663e-02  -1.0412987e-01  -8.2076183e-02  -1.5928374e-01   1.0661488e-01  -1.7732537e-01  -7.0418302e-02   1.9212682e-01  -4.8055963e-01   1.5188577e-01   7.3310340e-02  -1.2892849e-01   2.1963237e-01  -1.2664689e-01  -2.2045214e-02  -4.5346668e-02   2.1142653e-01   7.4713907e-03  -5.0263876e-02   1.1837209e-01   5.0001861e-02  -5.4033097e-02   1.3186568e-02  -2.0487776e-01  -3.0751019e-03  -2.1581743e-01  -1.1123449e-01   1.2691589e-01   9.8547535e-02  -2.1151597e-01   9.6275501e-02  -1.2386420e-01   3.0804161e-01  -1.3756131e-01   2.9961472e-03   5.1347296e-02   3.2622882e-02   8.2395799e-02   8.4973697e-02  -5.5901200e-02  -7.6585212e-02  -1.5250634e-01   4.1262961e-02
  -1.5398486e-01   1.8320833e-01  -1.6207335e-01   2.0584220e-01  -1.5975947e-01  -4.8577418e-02   6.1670526e-02  -1.5621159e-01  -1.1111622e-01   1.3888540e-01   1.3513371e-01   7.0693164e-03   1.2794502e-01  -9.8122686e-02  -1.7151671e-01   1.2137599e-01  -1.5394604e-01   2.6764356e-03  -3.2507751e-01  -1.6747448e-01  -6.3360109e-02  -8.1354234e-02  -1.2439812e-01   2.6989473e-02   2.1831421e-01   1.2717135e-01  -7.1795527e-02   3.7521518e-02   2.4195768e-01  -2.1252561e-02   2.4291824e-02   8.8168809e-03   1.4777475e-01  -1.0370076e-01   9.3500561e-02   2.7726836e-01   1.6488357e-02   7.8660464e-02  -1.3329962e-02  -2.9791344e-03  -2.5469736e-01   3.0994071e-02  -2.8925986e-01   2.5905450e-01   3.1126281e-02  -1.2592025e-01   1.5860692e-02  -1.2680032e-01  -9.4617208e-02
  -1.4840461e-01   4.2045643e-02   2.2274353e-01   2.1209201e-01  -1.0795861e-01  -1.7417032e-01  -3.1492569e-01  -7.6388557e-02  -1.0370270e-01   1.4101419e-01  -5.7448308e-02   1.6900976e-01   9.1988902e-02   8.1638510e-02   1.1418140e-01   1.3574788e-01   1.8178897e-01  -1.1392647e-01  -2.3928210e-01  -2.1046830e-02   1.1900414e-01   2.3387094e-01  -1.1651063e-01  -8.0481514e-02  -2.8818084e-01  -1.1198820e-01   1.2843454e-01  -1.8248428e-02  -1.5152425e-01  -4.9560542e-02  -1.1760398e-02   9.4598362e-02   1.1965560e-01   2.5714508e-02   1.5073317e-01  -2.0551004e-03  -1.6274848e-02  -6.5508950e-02   1.6754852e-01  -1.8974747e-01  -5.9130043e-02  -7.7728090e-02   8.0455667e-02   1.5176119e-01  -2.6405424e-01   1.5979773e-01  -3.7997350e-02  -3.4847322e-03   2.0942890e-01
  -1.5091517e-01  -2.4913093e-03   1.9778495e-01   1.3168922e-02  -8.2080368e-02   1.7738523e-01   2.4081972e-01  -4.8980068e-03  -3.3273357e-01  -1.2402093e-01   1.6198641e-01   2.7022119e-01  -1.6958409e-01   7.9934277e-02  -4.1915568e-03  -3.4515057e-01   7.0950564e-02  -1.1527779e-01  -6.7366373e-02  -1.4040538e-01   1.1119198e-01  -6.0711390e-02  -2.4347651e-02  -2.2286698e-01  -1.0530283e-01  -4.8348641e-02   2.1302401e-02  -1.4638185e-01  -1.1197628e-01  -2.5973903e-03   1.3848288e-01   1.0983485e-01  -6.1165410e-02  -1.0299479e-01  -7.9682317e-02   8.2571469e-02   6.4348825e-02   2.8456580e-01   1.3943563e-01   8.0373717e-02  -1.7144301e-01   9.4394900e-02  -3.5819443e-02  -2.5732973e-01   6.9707086e-02  -1.0376670e-01  -1.1630406e-01  -2.0071184e-02   1.3394909e-02
  -1.2950772e-01   1.4920050e-03  -1.3561323e-01  -7.3151852e-02  -3.0232808e-01   7.2971933e-02   7.8804162e-02  -1.0414349e-01   2.4881380e-03  -1.1721047e-02  -1.5548261e-01  -5.7003250e-02  -1.6770750e-01   6.0615407e-02   2.7139995e-02  -8.4762271e-02   1.4062665e-01   8.3013275e-03   1.9072133e-02   1.6989623e-01   3.6487947e-01  -1.3240471e-01   2.8301669e-02   7.1410937e-02  -7.5233309e-03   1.2101297e-02   9.1893427e-02   3.6811506e-01   1.3225929e-01   6.9077250e-02  -5.5217866e-02   2.1121995e-01  -5.1123390e-02   8.0621644e-02   2.0362612e-01  -9.6748627e-02  -1.1922440e-01   2.6884504e-02  -1.0951128e-01   1.3057378e-01   1.1146856e-01   5.8375778e-03   5.4168220e-02   1.1537152e-01   2.2106244e-02  -1.2982518e-01  -2.0035206e-01  -3.6116002e-01   1.9530626e-01
  -1.4884384e-01   6.0318734e-02  -1.6578597e-01   8.6511308e-02  -3.4835720e-01   1.6420720e-01  -2.3292478e-01   2.6574006e-02   2.0922567e-02  -3.5311450e-03   1.9228765e-02  -1.0208450e-01   4.0681448e-02  -1.0983906e-01  -3.3365245e-02   1.6152335e-02  -8.3981463e-02   4.5944891e-02   7.6859641e-02   7.2488948e-02   2.5699806e-02   3.1811033e-02   2.5284229e-01  -2.8341448e-01  -5.2912239e-02  -2.1685333e-01   8.6579569e-02  -2.5659797e-01  -4.6147896e-02  -2.7381664e-02   1.7798979e-01   5.6325898e-02  -6.0393467e-02  -1.9043712e-01  -3.4637472e-01  -6.2895074e-02  -2.8371047e-01  -2.4337478e-01  -1.8724322e-01  -2.8081349e-02  -3.8699322e-02  -8.0001934e-02  -6.3578533e-02   9.0513025e-03  -4.2622595e-02  -1.4864578e-01   4.0537512e-02  -5.6221554e-02  -4.8207564e-02
  -1.1518969e-01   2.6394061e-01  -3.7485384e-02   3.2736320e-02   1.2301391e-01   3.0578492e-02  -7.9574900e-02  -2.4461440e-02  -4.6290346e-02  -1.5452095e-01  -5.5937332e-02   5.3826043e-02  -1.7966993e-01   1.2766594e-01   5.9269830e-02  -1.7581842e-01   1.3676378e-02   1.8885245e-02  -1.1578472e-01   1.6724113e-01  -2.0502226e-01   2.3986835e-03   3.6982420e-01  -8.2632084e-02   6.7740083e-02   2.4484979e-01  -1.0575606e-01   4.8911848e-02   7.5646122e-02   1.5481504e-01  -3.3113893e-02  -4.4034505e-02   2.2667565e-01   1.3719852e-02  -4.8392855e-02   1.8853672e-01  -1.9563576e-02   1.0672118e-01  -6.8367345e-02  -2.9340313e-01   1.1387360e-01  -7.0184736e-02   2.8186190e-01  -3.6530542e-02  -2.5284071e-01   8.1490828e-02  -1.2247220e-02  -1.9476965e-01  -1.9703736e-01
  -1.6917472e-01  -2.3887481e-01   9.3745360e-03   1.3131859e-02   5.5286217e-02   4.6124723e-02  -4.8614887e-02  -7.9353811e-02  -4.0879440e-02   2.2256965e-01  -2.5481654e-01  -2.2453962e-01  -2.9007950e-01  -1.1126898e-01  -3.1943273e-02   8.1905967e-02   2.6207856e-02  -4.5037136e-02  -4.3219327e-02  -6.0488998e-02   1.4690385e-01  -9.6004314e-02  -1.3405493e-01   6.2609250e-02   7.6253641e-02   9.0778044e-02  -3.3069359e-02  -2.0323552e-02  -1.3726200e-01  -1.0734609e-01   1.3551310e-01  -5.0953972e-02   4.6803343e-02  -3.6117089e-01   2.4314219e-01   9.0037880e-02  -2.1470830e-01   4.6693223e-02   1.3818289e-01  -5.0148487e-02   1.1433860e-01  -4.8467743e-02   1.6259800e-01  -2.0507575e-01  -5.2336810e-02  -1.2322248e-01   2.5338161e-01   7.7502854e-02  -2.4451222e-01
  -1.4183204e-01   2.0800161e-01   1.2042504e-01   3.7195622e-02  -6.9081236e-02  -4.6994362e-02  -1.0641092e-01   2.4826494e-02  -6.2307031e-02   2.1100397e-01  -8.8654514e-02  -2.9355260e-01  -2.1477844e-01   1.4650786e-01   9.8493690e-02  -1.0872005e-01  -1.5207386e-01   7.9584383e-02   1.0819044e-01  -2.3746036e-01  -7.6025083e-02   6.9497112e-02   1.8890250e-02   2.9429749e-01  -1.5653939e-01  -1.0109488e-01   1.0663511e-01  -1.3090001e-01   3.9131492e-01  -6.4370623e-03  -1.9718042e-01  -1.8505399e-02  -1.3907359e-01  -8.5931836e-02  -1.8267493e-01  -2.3814188e-02  -5.1962550e-02   3.1304274e-01  -1.5917435e-02  -3.7797383e-02   6.3289324e-02   1.9412273e-02  -2.4953436e-02  -1.1143316e-02   3.8774667e-02   1.0775941e-01  -3.0596740e-02   1.1350893e-01   1.5621039e-01
  -1.3325586e-01   1.6562144e-01  -1.3447703e-01   2.9086736e-02  -2.9827785e-01   2.7644909e-01   7.6871009e-02   2.1319823e-02  -9.7623928e-03  -6.0476653e-02  -4.1532220e-02  -1.1905523e-01  -7.3831307e-02  -4.2454674e-02   1.5202992e-01  -9.8676964e-02   6.2922055e-02   1.5579380e-01  -6.5600103e-02  -1.8408282e-01  -9.7457111e-02   2.8937058e-01  -1.2110025e-01  -1.6911917e-01   7.5838682e-02  -5.7575539e-02   1.5448090e-02   5.7244500e-02  -2.1996227e-01  -1.4137395e-01  -2.5300633e-01  -1.9919961e-01   5.6066035e-02   8.7531214e-02   1.3248228e-01  -2.1774563e-02   3.0915486e-01  -5.0838171e-02  -4.9496941e-02   1.0929285e-01   2.0729918e-01   1.6541097e-01   1.4979175e-01   1.5043883e-01   1.1600714e-02  -8.5712527e-02   5.5799121e-02   1.8704569e-01  -1.2013817e-01
  -1.4562966e-01   1.3645497e-01  -2.8865407e-02   1.8661666e-02  -7.9206447e-02   1.2620246e-02  -1.8432296e-01   3.8896248e-01   1.4143389e-01   4.7413839e-02  -1.0016463e-02   3.9346128e-03   2.2834850e-01  -1.8350901e-01   1.0329733e-01  -1.4013541e-01   9.9669414e-02  -5.6634019e-02   1.9746535e-01  -1.6505105e-02   7.4520182e-02  -1.6938867e-01  -1.1016413e-01   2.9523462e-02  -5.8158594e-02  -1.7878161e-02  -5.0776798e-02   2.0311778e-01   6.6881631e-02   7.8915128e-02  -4.2382405e-02   1.3091657e-01  -1.6684019e-01  -4.3445056e-02  -1.9325821e-02   1.3026340e-01   1.5655630e-01  -5.4780689e-02   3.3302762e-01  -3.3826054e-01  -5.9066525e-02  -2.0021877e-02   5.3446313e-02  -1.3675078e-02   1.9312719e-01  -9.8848751e-02  -1.3737173e-01   2.1389180e-02  -2.8058660e-01
  -1.2592664e-01  -1.6420443e-01  -1.7905279e-01  -1.4281313e-01  -5.1813603e-02  -7.7093452e-02  -2.4004224e-03   1.3797222e-01  -3.1186774e-02  -1.6272083e-01   5.9068778e-02  -7.2596201e-02  -1.2607550e-01  -2.0449026e-01   1.4108870e-01  -2.7760483e-02   1.4649523e-02   1.6190969e-01  -3.7029963e-01   3.6072929e-03  -1.3847104e-02  -4.1733533e-01   5.0799587e-02   4.2408744e-02  -1.5090972e-01  -8.1772657e-03  -7.1065161e-02  -1.9843678e-01   6.9526712e-02   8.5831313e-02  -5.3942402e-02  -2.9898839e-01  -4.8001276e-02   7.9981555e-02   2.9169468e-02  -1.0991531e-01   5.4452446e-03  -8.8877430e-02   1.3728265e-01  -7.2537189e-03  -2.4947166e-01  -9.0801616e-03   2.4013176e-01   1.1347908e-01  -1.2958964e-02   2.2253592e-02   4.9315731e-03   9.2745617e-02   2.4035220e-01
  -1.5763129e-01   6.7353386e-02  -5.0549013e-02   2.5881658e-01   1.2012124e-01   6.5594470e-02  -3.4500760e-02   1.4372357e-01  -1.7539086e-01   3.5267432e-02   2.9557140e-02  -1.4740029e-01  -1.2119738e-02  -9.1716284e-02   2.6507293e-01   2.0680085e-01   8.9071014e-03  -1.9344312e-01   2.4107163e-01   9.9162468e-02  -3.0562186e-01  -2.7243447e-01  -5.6855575e-02  -4.3558793e-02  -3.4019629e-03  -3.2518175e-02   2.1457232e-01  -4.7504524e-02  -1.1734889e-01   3.8326185e-02   2.1429281e-01   6.8656215e-02  -2.8002101e-02   2.9094113e-01   1.6665924e-01   2.6749682e-01  -2.9107313e-02   9.0789244e-02  -1.5246923e-01   1.7111048e-01   6.3978844e-02   1.2660989e-01   3.7799892e-02  -3.7192176e-03   2.3618652e-03  -1.3762835e-02   2.2147966e-02  -1.4775382e-02   1.4835623e-01
  -1.6678882e-01   8.6462360e-03   5.1177665e-02  -2.0861603e-01   1.8574605e-01  -8.5603141e-03  -1.2907129e-01  -1.0688147e-01  -3.4882218e-01  -1.1201780e-01  -3.9362555e-02  -5.9648281e-02   3.5597754e-01  -1.6885381e-02   3.0643841e-02   4.1432407e-02  -1.5439413e-02   7.7690928e-02  -2.3689094e-02  -1.6836239e-01   2.3424140e-01   3.9467498e-02   6.3635497e-02   3.8451345e-02  -1.8684382e-01   8.8658846e-02   7.7552175e-03   2.9202572e-02   1.0488592e-01   1.2453603e-01   7.9554049e-02  -2.3926806e-01   1.5651448e-01   2.1695985e-03  -5.5717828e-02   2.2655122e-01  -4.0928130e-02  -1.7472033e-01  -4.0377457e-02   1.8676346e-01   3.3227950e-01  -8.1564450e-02  -1.3900533e-02  -6.9067768e-02   1.3654359e-01  -1.2993288e-01  -2.2298271e-01   8.9327147e-02  -2.2576166e-02
  -1.4500065e-01   2.5829727e-01  -3.7695379e-02  -7.5159860e-02   1.1027798e-01  -1.3752754e-01   1.1378305e-01  -1.2318734e-01  -8.1353362e-02  -2.8943038e-01  -9.2837628e-02   3.9503983e-02  -1.2876453e-01   9.9577241e-02   3.1026401e-01  -6.3466164e-02   5.2329537e-03   5.2066986e-03   8.3177700e-02   1.9940930e-01   1.6679980e-02   8.4776374e-02  -1.1089170e-01   2.5948581e-01   7.7976438e-02   7.1111494e-03  -7.6332726e-02  -1.6092458e-01   5.5259403e-02  -2.9951543e-01   1.8814578e-01   1.5046059e-01   7.1668985e-02  -6.8954891e-02  -2.3287282e-02  -4.6894535e-02   1.0078437e-01  -3.0472968e-01   1.1116368e-01  -1.4555752e-01  -1.6702054e-02  -1.2448757e-02  -1.4651674e-01   6.5461953e-02   1.0612179e-01  -2.3209214e-01   1.8655293e-01   3.3602081e-02   1.4038439e-01
  -1.4048100e-01   1.0985772e-01   9.9435043e-02   1.2872879e-01  -1.6137993e-01  -1.7153534e-01  -3.7144596e-02   1.0985462e-01   3.5539646e-02  -2.6782473e-01   8.5610702e-03   2.6175257e-02  -6.3880570e-02   2.0965252e-01  -2.9710579e-02   3.8318063e-02  -3.0160681e-01   4.6456332e-02   9.4374944e-02  -3.1743917e-03  -2.8940110e-02  -1.3571975e-01  -2.2689475e-01   5.9628016e-02   1.1880873e-01   2.3971489e-02  -5.8965481e-04   2.4772457e-01  -3.3762640e-01   7.0525701e-02   4.0816987e-02  -2.3008960e-01   1.7495526e-01  -2.5837791e-01  -3.3588340e-02  -9.5456962e-02  -1.8703830e-01  -2.5950378e-02  -1.1318327e-01  -4.3941067e-02  -5.5994437e-02   3.4335096e-02   5.6020926e-03  -4.2725087e-02   1.9216266e-01   2.5786797e-01  -2.1757220e-01   5.4393846e-02   6.9440309e-02
  -1.5163705e-01   1.8729809e-01   3.0089192e-01  -1.9803507e-01  -7.9794824e-02   1.3182267e-02   1.6620720e-01   2.4013334e-02   2.0172945e-01   1.8649310e-01  -1.7327681e-01  -1.1472696e-01   6.0355865e-02   1.8694921e-01  -7.1200019e-02   2.0987045e-01  -2.1334211e-01  -8.5496831e-02  -1.7099799e-01   8.0616477e-02  -1.0323841e-01  -5.2616023e-02   1.3349423e-02  -1.5296966e-01  -1.0094587e-01   3.0041318e-01  -1.3050854e-01  -8.2186112e-02  -1.4108205e-01   1.4301149e-02   3.7723114e-02   2.0258304e-01  -5.5521267e-02   1.8724097e-01  -9.4330173e-02  -9.1028668e-02  -2.4637610e-02   2.5721355e-02   5.6274365e-02   1.2228968e-01  -5.5153091e-02  -1.5319570e-01   1.7202883e-01   8.5293702e-02   1.1886210e-01  -2.6375331e-01  -1.1042304e-01   1.5698288e-01  -8.2283572e-03
