  -1.3707715e-01   9.0601346e-02   1.8572036e-01  -2.1824000e-02   1.0258978e-01  -5.3417168e-02  -3.5577982e-02  -2.7105604e-02   1.2267162e-01   1.5141250e-01   1.3592372e-01  -1.4599170e-01   6.8694390e-02  -2.0083755e-01  -3.0735401e-01  -1.5981935e-01  -8.3056495e-02  -1.2528072e-01   5.3460130e-02   1.1734830e-01   1.2817030e-02  -4.8235979e-02   7.5796371e-02  -1.7944953e-01   1.8496230e-02   2.5998979e-01  -3.4355765e-01  -1.3732665e-01  -9.4309306e-02   8.4516495e-02  -3.1874916e-01  -9.5055426e-02   2.0750230e-01   6.7637625e-02  -1.1030626e-01   1.6876775e-01   7.6144466e-02  -3.2021962e-02  -1.8226606e-01  -9.2532185e-02  -6.7352112e-02   7.2173974e-02  -9.8875543e-02  -7.4384040e-02   2.3512761e-01   2.2239457e-02   1.4974144e-01   8.2682136e-02  -1.4725748e-01
  -1.2810605e-01  -3.7091971e-02   1.8991034e-01   1.2844193e-01  -3.2078493e-02   2.9949326e-02  -1.6631113e-01   1.2905025e-02  -1.4542762e-01   2.7662581e-01  -7.2584380e-02  -1.3272445e-02   1.6806390e-01   1.8230358e-01   2.6958032e-02  -2.0916548e-01  -6.9811109e-02  -2.3944902e-01   1.4900906e-01  -1.9539336e-01   2.1965531e-01   2.4805499e-02   5.9145437e-02   1.6334750e-01   2.3993464e-02  -9.3832773e-02   1.1571908e-01   7.9419614e-02   7.5806184e-02   8.7611791e-02   1.5279543e-02  -2.4164136e-01   2.3921573e-01  -1.8865546e-01   9.4060582e-02   2.9305775e-02  -3.1246894e-01  -1.3464855e-01   1.9764925e-02   1.1099334e-01  -2.9850502e-02   1.4019610e-01   4.8994757e-02   1.7013333e-01   2.4908940e-02  -5.4191863e-02   2.2936432e-01  -1.4510701e-01   1.6718982e-01
  -1.2088910e-01   1.1219033e-01   1.4807540e-01  -2.1440451e-01  -4.9194568e-02   2.6028412e-01  -1.3768049e-02  -2.2797443e-02  -6.6626456e-02   7.3710298e-02   6.3847630e-02  -6.6591060e-02  -2.0281645e-01   3.4269965e-01   1.7470568e-02  -2.0228586e-02   1.2355626e-01   1.1995810e-01   5.3658494e-02   8.3892670e-02  -4.0670366e-02   1.2800062e-01   3.0006300e-01  -1.0447270e-02   1.8864306e-02   8.5394379e-03   6.2393546e-02   3.0697204e-02  -2.9430531e-01  -1.4990223e-01  -1.2415945e-01   8.5926933e-02  -3.4430932e-02  -1.5831921e-01  -2.1688752e-01   4.7921271e-02  -8.0473601e-02   3.1356488e-01   5.7600136e-02  -6.0691729e-03  -1.7368691e-01   1.6017382e-02  -6.0140858e-02  -2.2673433e-01   1.0944647e-01   4.8844025e-02  -6.3224503e-02  -1.9988155e-01   2.0961713e-01
  -1.3102221e-01   3.3665732e-01   6.9571212e-02   8.2152880e-02   1.7231745e-01  -1.4629049e-01  -3.3525861e-02   1.6712842e-01   7.9667661e-02   5.2499180e-02  -1.2709991e-01   4.8441734e-02  -1.6319704e-01   1.2230140e-01  -7.9472993e-02   1.1206954e-01  -3.5416671e-02   3.6251948e-02  -3.5810357e-02  -6.1094491e-02   2.8135998e-02  -5.7177669e-03   3.1806430e-02   2.3187246e-01  -9.8455620e-02  -9.9327305e-02  -7.9934656e-02  -2.5752504e-01   1.1062845e-01  -3.8529485e-02   1.6818322e-01  -1.5481264e-01  -2.3040150e-01   1.1073597e-01   1.0589415e-01   7.5720045e-02  -1.1032547e-02  -5.4490996e-02  -9.8285343e-02   1.0708794e-01  -6.1450521e-02  -1.4875226e-01   7.2000109e-02  -1.0477047e-01   3.5842790e-01   3.1517397e-02  -5.5051336e-02   3.0610630e-01   3.0575137e-01
  -1.3868765e-01  -1.8631045e-02  -9.7306626e-02   9.9494287e-03  -9.0302804e-02  -3.6926308e-02  -3.4586567e-01  -3.7873498e-02  -2.0906395e-01  -4.1546551e-02  -1.6906417e-01  -6.8914718e-02  -2.0286798e-01   2.5915031e-02  -1.6628939e-01  -2.5632605e-01  -2.1322305e-01   1.4074501e-01  -2.0965076e-01   1.5698982e-01  -1.1600130e-01  -1.2814015e-02  -9.8949340e-02  -1.4346429e-01   2.7424310e-02   5.6749990e-02   8.0526941e-02  -1.2758136e-01  -2.1510156e-01   1.7383162e-01  -1.2219121e-01   1.5554666e-01  -1.4550007e-01  -6.3339770e-02  -1.2794386e-01  -7.4189744e-02  -8.3922142e-02  -3.6323255e-01   4.2795474e-02   8.0566007e-02  -1.8987644e-02  -1.5235088e-01   1.2808420e-01   5.6223753e-02  -1.7675024e-01  -4.4441816e-02   5.3459252e-02   7.4233754e-02   1.6442120e-01
  -1.3511374e-01   1.1196155e-01   1.9167981e-02   6.3394730e-02  -3.9791588e-02   4.4329152e-02   6.1756310e-02   2.2672051e-01   3.1669515e-01   1.3078704e-02  -1.3045240e-01  -8.2881344e-02  -1.0488539e-01   1.3374039e-01  -1.7342289e-01  -1.8900662e-01  -7.2983077e-02  -6.9124877e-02   3.2449517e-02  -2.1555602e-02  -6.4512530e-02  -2.7480220e-01  -1.8431818e-02   4.3174920e-02  -3.1301596e-01  -8.8930505e-02   3.7537419e-01   4.1443713e-02   3.8735442e-02  -7.1511120e-02  -5.7458745e-03   3.3886881e-02   1.4208019e-01   5.6396675e-02  -1.9585918e-01   2.1039750e-02   2.9251724e-01   8.1866088e-02   2.1811157e-01  -2.4647298e-01   1.0367139e-01   1.3501557e-01   9.7698286e-02   6.9114294e-02  -9.5255840e-02  -2.0005504e-02   1.1510186e-01   8.0010152e-02  -4.4980562e-02
  -1.6771492e-01   1.8417569e-02  -6.0018223e-02   1.1238763e-01   1.0334318e-01   3.1090474e-02  -2.8602355e-01  -1.1816724e-01   8.3789438e-02  -1.3611990e-01   2.1992927e-01   1.0353646e-01  -1.2820509e-01   1.3337208e-01   5.2010229e-02  -2.2170299e-01   1.0919365e-01   1.5809340e-01  -3.6557687e-02  -1.8453985e-01  -8.3550969e-02  -1.3280582e-02   7.9963136e-02  -2.7096458e-02   8.6108287e-02  -1.2338405e-01   6.6270783e-02  -5.0134523e-02   4.0640419e-01   2.8506500e-01  -5.3739822e-02   3.8148015e-02  -1.0367564e-01  -1.8677726e-01  -2.5669840e-02   1.9214156e-01   7.3011541e-02   1.8568654e-01  -3.1142061e-01  -3.0044381e-02  -9.7811149e-02   1.0832185e-01  -2.3394126e-02   5.2977386e-02  -7.2415168e-02  -6.7593493e-02  -1.2253951e-01   2.5153298e-02  -1.9806519e-01
  -1.1412632e-01   6.6628958e-02   2.9410568e-01   1.9096089e-01  -1.4017018e-01  -1.7703876e-01   1.9447804e-01   1.8191496e-01  -1.2282618e-01  -1.7944913e-01   2.4406214e-02  -4.0329112e-02  -9.8595978e-02   4.9133754e-02   4.6776790e-02   9.0647340e-02   1.0253423e-01  -7.5494853e-02   1.0670248e-01   6.6955160e-02   5.8242345e-02   4.5495925e-02   2.8981343e-02  -1.7069341e-01   2.6879720e-01  -2.6455117e-01  -2.4356708e-01  -7.1619758e-02   6.0939276e-02   2.9410366e-02   2.9636876e-02   2.9413236e-01   1.9677653e-02  -1.6964996e-01  -7.8101377e-02  -4.3343965e-02   1.6628430e-01  -1.5637244e-01   2.5854005e-01   5.5002810e-02  -1.4440824e-01   2.7236169e-01   5.3490980e-02   9.1463301e-02   2.8551498e-02  -1.5632093e-01  -7.2248738e-03   9.2756617e-02  -1.2052921e-02
  -1.3984736e-01  -6.8741985e-02   3.7538961e-02   1.5530708e-01   1.0719689e-01   9.7117891e-02   1.1556225e-01  -2.3837640e-01   1.4572224e-01   7.9792449e-03   8.7530207e-02  -3.2885749e-01   2.1731246e-02  -6.3706133e-02   7.3419066e-02   1.6187717e-01   1.9569894e-01  -8.1788066e-02  -2.6693814e-01  -1.3786298e-01   8.1974138e-02  -3.8523120e-02   1.4726988e-01  -1.3316168e-01  -2.0088771e-01   6.9405539e-02   1.5505723e-01   1.4995238e-02   1.4132423e-01   5.7854950e-03  -1.4989519e-01   2.5427799e-01  -1.3684289e-01   1.8934989e-01   2.0017427e-02   1.4680806e-01  -1.1621306e-01  -6.8093386e-02   1.8518118e-01   2.7206650e-01  -8.4034098e-02  -1.6885477e-01  -6.0174806e-02   1.3107855e-01   7.9617858e-02  -1.5274104e-01   1.7549653e-01  -5.1955963e-02   6.2267116e-02
  -1.5799088e-01  -2.9777580e-01   1.7612805e-02   7.8865488e-02  -9.4268131e-02  -1.5255536e-01  -1.1797724e-01  -1.4481136e-01   4.8068763e-02  -1.1333565e-01  -3.5036757e-02  -2.3030185e-01   1.8450213e-01  -1.5029147e-03  -1.1690111e-01   7.8855544e-02   1.4232417e-01   2.9658898e-03  -1.0733414e-01   1.7615986e-01   1.0527160e-02  -1.6672672e-01  -3.2503785e-02   1.2474523e-01  -9.2762893e-02  -5.2571717e-02  -1.7000516e-01   8.4959493e-02   1.4172679e-01   1.8416613e-02   2.4511494e-01  -9.8424435e-02   1.5667841e-01  -2.0618689e-01  -2.5252252e-01   6.7084384e-02  -2.0711352e-02   9.0343020e-02   8.8093596e-02   1.1737494e-01  -7.3286843e-02  -5.9194922e-02  -3.3545397e-02  -2.5682493e-01  -1.3913318e-01   3.6813326e-01  -6.6457238e-02   1.5215262e-01   1.4335050e-01
  -1.4096753e-01   2.7360027e-02  -7.9309871e-02  -1.3917622e-01  -1.5864246e-02  -7.5075206e-04   9.3672045e-02   4.5667635e-02   6.9777863e-02  -2.4211379e-01   6.2957372e-02  -2.5407016e-01   1.0206148e-01   4.4040932e-01  -1.6336515e-01  -1.6441619e-02  -1.4708938e-01   6.8284982e-02   1.0578617e-01  -1.0690705e-01  -5.8521310e-02   1.6791975e-01  -1.5871890e-01   5.6291642e-02   1.9603262e-01   3.6908100e-01  -1.0251716e-01   1.2625739e-01   1.7385237e-01  -2.2119387e-01   2.8114373e-02   8.6223955e-02  -2.7695392e-02   3.6536952e-02   7.7788616e-02   1.4901931e-01   1.0799481e-02  -1.4157696e-01  -4.2199042e-02   6.0968202e-02   2.6734624e-01   8.1601858e-02  -9.2323004e-02   1.5339302e-01  -4.5244612e-02   5.2142717e-02  -3.9686127e-02  -7.1499762e-03   9.6413212e-02
  -1.3724194e-01   2.0687480e-02   2.1821888e-01   1.5320338e-01  -2.8182691e-01  -2.4130776e-01   2.3557997e-02  -5.9373114e-02   9.2502852e-02   9.4171525e-02   1.3243418e-01  -4.5277243e-02  -1.2117258e-01  -4.0717334e-02  -1.2069951e-01   1.4519715e-01  -1.3529272e-01   9.0063322e-02   1.0183940e-02  -7.7523511e-02   5.5918871e-02  -3.0521004e-02   2.8702850e-01   1.9703262e-02  -9.7470504e-02  -1.5646487e-02   4.6624254e-02   7.1495387e-03   1.0916329e-01  -1.1057059e-01  -9.7997275e-02   4.3246970e-02  -2.1849143e-02  -9.7671136e-02   1.3266026e-01  -1.4191723e-01  -1.9919374e-01  -2.1133405e-01  -5.3979418e-02  -2.5951792e-01   2.4443465e-01  -1.9690090e-01   6.9587632e-02  -1.4118555e-01  -3.9291891e-02   6.1960122e-02  -3.2324562e-01  -2.2662035e-01  -1.5835335e-01
  -1.4064701e-01  -1.6600751e-01  -4.4611529e-02  -2.8604770e-01  -1.2396477e-01  -1.8677263e-01   5.5579014e-02  -8.0860668e-02   1.1219990e-02   1.1343929e-01   8.8092595e-02  -3.7362179e-02   2.2915486e-01   8.8935431e-02  -4.3158111e-02   1.5451795e-01  -4.4494349e-02   8.2758163e-02   2.6688551e-01  -9.2908490e-02   2.6629290e-02  -9.9378635e-02  -2.9629595e-02  -1.6345421e-01  -1.7976805e-01  -7.4691167e-02   1.8021565e-01  -2.6736506e-01  -1.8964938e-01   1.1400453e-01   7.7542180e-02  -7.3721345e-02  -2.4265435e-01  -2.6682641e-01  -4.3673493e-02  -7.6238954e-02   2.3432520e-01  -1.0476019e-02  -1.0046359e-01   2.9812540e-01   1.4424441e-01   2.6521154e-02  -3.5839143e-02   4.0845286e-02   1.6039946e-01  -9.8160969e-02   6.2020640e-02  -1.6506438e-02  -1.2564832e-01
  -1.4485811e-01  -1.0311036e-02  -1.6565221e-01  -4.2693388e-03  -2.3224203e-02   5.8373127e-02   2.1944053e-01   4.2331873e-02   1.2055176e-01   1.3531273e-02  -8.1099839e-03   2.5266079e-01   1.9528157e-01  -2.1963307e-01  -2.5000985e-01  -1.6751941e-01   4.1509015e-02   1.6497750e-01   2.1860674e-01   1.0772517e-01   6.1778765e-02   1.7757387e-01   2.6212356e-01  -2.5694093e-02   7.1315583e-02  -1.8708674e-02   7.7706340e-02  -3.0001091e-01   1.8626113e-01  -1.4476215e-01   2.3493143e-02   1.4789017e-01   1.3697244e-02   2.9958767e-02  -6.6431277e-02  -1.4183205e-01  -1.4535303e-01   6.6629217e-02  -1.1766035e-02   3.8925855e-02  -1.4854713e-01  -1.0056190e-01  -4.5414664e-02   2.7528021e-01  -1.7644413e-01   2.0016038e-01   6.7824475e-02   2.2010935e-02   1.7393906e-01
  -1.5312551e-01  -2.0601619e-01  -1.4381362e-01  -6.1216309e-02   2.4708112e-01  -1.1835686e-02   4.7053454e-02  -3.2666481e-03   5.9163452e-02   8.2573013e-02  -1.4206158e-01   1.3296182e-03  -2.2106895e-01   1.0645018e-01   4.8727106e-02  -5.8629354e-02  -5.1519894e-02  -3.4246443e-01   2.0832290e-01   1.4947090e-01  -2.5829424e-01  -1.7733647e-01   1.2195535e-01  -3.1544192e-01   1.1909286e-01   1.3183937e-01  -4.4860488e-02  -3.3508773e-02   1.7771580e-01   3.2911313e-02   4.6257371e-02  -1.0562082e-01  -6.8632014e-02   1.9397651e-02   1.6030197e-01  -1.8952494e-01  -2.3892494e-01   1.5014197e-01   2.1145826e-01   9.6543565e-02   5.8746091e-02   2.1664534e-02   1.4969028e-01  -9.3189917e-02   3.1066038e-02  -2.3290541e-02  -1.5797306e-01   5.2200357e-02  -7.9403843e-02
  -1.6388145e-01   3.1466716e-01  -2.0055318e-01  -1.3401423e-01   1.3720787e-01   1.6084468e-01   3.0979575e-02  -6.3611653e-02  -5.3278369e-03   3.6950303e-02   1.8757683e-01   1.9032218e-01   3.5344054e-02   1.4447700e-02  -1.1932612e-01   4.0796043e-02   8.3028393e-03  -1.1516514e-02  -1.5757467e-01  -1.1788963e-01  -1.2997736e-01  -3.3385175e-01  -4.8711017e-02  -9.7714271e-02  -1.6135070e-02  -2.3965451e-01  -2.0881280e-01   1.6101287e-01  -3.3924146e-02  -2.0968351e-01   1.0467966e-01  -8.8024662e-02   1.6728211e-01  -1.6513862e-01  -1.2085685e-01  -1.1604220e-01  -1.0077079e-01  -2.3180687e-01   7.7655688e-02   8.5870656e-02  -1.3512511e-02  -1.1057749e-01  -2.9596632e-01   1.0049088e-01  -1.8643795e-02  -1.4633017e-01  -9.7758592e-02  -4.1569578e-02  -4.5427545e-02
  -1.7258055e-01  -1.8441991e-01  -2.6728127e-02   1.2346458e-01   7.6768773e-02   2.9294007e-01  -1.5232426e-02   2.3897717e-01  -1.9867773e-02  -1.4539873e-01   4.0748004e-02   7.1992013e-02  -2.4350728e-02  -7.4936995e-02   7.0738136e-03   3.3422873e-02  -3.2930859e-02  -9.2978657e-02  -1.2421412e-01  -2.5103754e-02   3.4868123e-01  -1.5474626e-02   1.6262300e-02  -2.2644875e-01   1.3374432e-01   1.8701305e-01   6.8902282e-02  -7.1558857e-02   4.8787401e-02  -2.1506207e-01   2.1320565e-01  -2.6954489e-01  -1.8514834e-01  -1.2482189e-01  -5.2384101e-02   6.4593389e-02   2.4310885e-01  -1.7795848e-01  -5.9501782e-02  -1.3244042e-01  -1.4260188e-01  -1.2499622e-01   1.0933742e-01  -1.6983332e-01   2.5352969e-03  -3.1831794e-02   7.5950828e-02  -2.3317289e-01  -1.6626601e-02
  -1.3983977e-01  -2.3241857e-01  -8.6208574e-02   8.2179563e-02   2.2826786e-01   1.8438322e-01  -6.7962247e-02  -8.5393126e-02   7.1680373e-02   6.1658229e-02   8.0830947e-02  -4.7866138e-02   1.7950300e-01   1.0901898e-01   2.8149448e-01   1.5280635e-01  -3.0188035e-01   9.3678387e-02  -2.6445315e-02   1.8457846e-01  -1.0952738e-01  -6.3648735e-02   1.9351889e-01   2.1809703e-01   9.1447712e-03  -2.2993559e-01  -2.3186055e-01  -2.1980639e-01  -1.8047446e-02   1.0320617e-02  -6.3861599e-02   8.8927377e-02  -6.6035990e-02   8.2488371e-02   1.2534307e-02  -6.5504391e-02   8.2696026e-02  -9.4307701e-02   4.4633475e-03  -2.8813567e-01   1.8316416e-01   1.6209108e-01  -6.3603842e-02  -3.3187768e-02  -4.9502731e-02  -7.8315105e-02   1.8299402e-01  -5.4589491e-02   1.4890606e-01
  -1.4795594e-01  -9.7574009e-02  -5.5090925e-02  -6.1023795e-02   2.8109633e-01   5.1062577e-02   9.2373157e-02   5.2793185e-02  -1.0451107e-01  -2.3784986e-01   5.8343023e-02  -5.2341387e-02  -2.1508663e-01  -5.9943744e-02   2.7361958e-02   5.1543010e-03  -1.7161111e-01   1.8061479e-01  -6.3790184e-02   3.8643566e-02   2.5870595e-01   3.2633100e-02  -6.0788443e-02   9.0656698e-02  -1.6852744e-01  -1.1140427e-01   3.5617103e-02   1.3033199e-01  -7.4319776e-02  -1.5852031e-01  -1.4645533e-01   1.1867994e-01   1.4197321e-01  -2.1553385e-01   1.3165795e-01  -1.6407850e-01  -1.6755260e-01   4.9475053e-02  -7.9981155e-02   1.1478321e-01   1.7850980e-02   9.6842333e-02   1.9596243e-01   6.5766319e-02   2.1224989e-01   2.7309065e-01   1.6491982e-01   1.6933628e-01  -2.8798571e-01
  -1.6227832e-01   6.7797024e-03   2.0498842e-01  -1.2105859e-01   1.6569803e-02   1.5964222e-01   9.9217326e-02  -1.6522329e-01   4.7611913e-02  -2.6564036e-01   1.1406698e-01   1.2741643e-01   6.8699433e-02   2.5042436e-02  -1.4275493e-01   5.8334277e-02  -1.8017107e-01  -1.5549091e-01  -5.5803822e-03   1.6117243e-02  -5.3383300e-02   1.0973579e-01  -2.5125499e-01   1.1936834e-01   4.5931806e-02  -4.3220840e-02   1.6795781e-01  -2.5554538e-01  -1.0381818e-01   2.5099578e-01   7.1646190e-02   6.1394635e-02   2.0137253e-01  -8.5275675e-02   3.3159054e-01   1.4643165e-01  -4.9152133e-02   8.7900372e-02   2.4764515e-01  -1.3767960e-01  -1.2432673e-01  -2.6567678e-01  -8.5170973e-02  -1.4010694e-01  -4.0713299e-02  -7.1282787e-02  -3.2525576e-02   2.7407364e-02  -4.8455125e-02
  -1.4947730e-01   2.2436378e-01   1.5396348e-01   1.9458502e-01   6.2508703e-02   3.5149020e-02   7.1627763e-02   7.4833481e-02  -2.2023046e-02  -3.8011067e-02   1.4596424e-01  -1.6827015e-01   1.4244481e-01   5.7683159e-02   1.7194910e-01  -5.1180545e-02  -6.4286240e-02   1.2025407e-01  -4.1222070e-02   3.1255208e-01   7.6753075e-02   1.1070382e-01  -4.2605019e-02   2.6397608e-02   3.0424179e-02  -1.8910574e-02   3.2799120e-02   3.3645349e-02  -6.9136208e-02   1.1248521e-01  -1.8026289e-01  -4.7584523e-01  -1.3649184e-01   9.3446543e-02  -7.0875401e-02  -1.5258123e-01   5.9505636e-02   1.5698426e-01   1.5929876e-01   1.6700416e-01   6.2635515e-02  -1.3944892e-01  -3.7013765e-02   2.4664375e-01  -1.8952407e-01   2.4570316e-02  -2.0840061e-01   3.0935314e-02  -1.4294468e-01
  -1.6200801e-01   5.1891416e-02   6.7114821e-02  -1.5369108e-01   1.3437840e-02   1.1461183e-02  -3.3368422e-01  -1.7302279e-01   6.6483374e-02  -1.8293707e-01  -6.3222479e-02   5.7568861e-02   4.6491185e-02  -4.9452185e-02   7.3263139e-03   2.1818945e-01   1.2578751e-01  -3.2018184e-01  -6.4700814e-02  -1.1397474e-01   1.5998108e-01   1.8431320e-01  -3.8683507e-02  -3.0092356e-02   9.2563871e-02   5.6711897e-02   1.3745363e-01   1.9105366e-02   3.9984829e-02   2.7952288e-02  -1.0526928e-01   2.5962968e-02   3.7582439e-02   8.5453467e-02  -2.0639569e-01  -5.0077039e-01   8.4298076e-02   3.9587584e-02  -5.6306170e-02  -1.8714118e-01   1.0653363e-01   7.6029992e-02  -9.5363501e-02   1.2319036e-01   1.4782844e-01   4.7000819e-02  -9.1058893e-02   1.3607097e-01   1.4140629e-01
  -1.2666504e-01  -1.7396061e-01   1.5011294e-02  -3.7308110e-01  -1.3529746e-01   9.0942810e-02   1.3851655e-01   2.0692255e-01   8.0293904e-02   2.0917054e-01   1.2960144e-01  -1.6338238e-01  -3.3197224e-02  -1.0240596e-01   2.4468946e-01  -1.0745627e-01   1.3212995e-01   9.8856146e-02  -1.7966237e-02  -1.7663005e-02   3.1655006e-03  -1.1084814e-01   2.6079841e-02   1.7529546e-01   3.5484286e-01  -3.0055821e-02   6.8364997e-02   1.2155239e-01   7.2473862e-02   1.3903985e-01  -8.1221392e-03   2.4780511e-02   1.2442149e-01   1.4963737e-02  -9.8267343e-02   8.1206368e-03   8.9172731e-03  -1.2566725e-01  -4.8278316e-02  -1.0935207e-01   2.9458432e-02  -3.3928403e-01   1.6704758e-01   6.7422514e-02   1.3527844e-01  -9.1501507e-02  -2.7866650e-02   2.7228741e-01   1.7009812e-02
  -1.2700546e-01  -6.7467546e-02   2.7352960e-02   4.8985250e-02  -5.4195482e-03  -1.9394052e-01   4.1770824e-02  -1.0841642e-01  -1.4454706e-01   2.4939890e-01   5.7853529e-02  -3.0401121e-04   6.6061432e-02   1.0683551e-01  -3.8204032e-02  -3.2402445e-01   1.5422954e-01  -1.6063367e-01  -2.3015840e-01   1.7552302e-02   3.6499224e-02   1.0461310e-01  -2.8017365e-01  -6.3527810e-02   1.6291102e-01  -2.8727424e-01   2.4839054e-02  -1.1550599e-01   1.6988516e-02  -4.1952592e-01  -8.7532725e-02   8.3909190e-02  -1.3430075e-01   7.8402223e-02   1.0491944e-01  -3.0638335e-02   6.8654074e-02   2.0839482e-01  -5.6327223e-02  -5.7562316e-02   1.9107661e-01  -1.2282070e-01  -5.8721514e-02  -1.7402838e-01  -4.2360777e-02   8.6328870e-03   1.3605049e-01   4.9431350e-02  -7.5831321e-02
  -1.4579507e-01   3.9453618e-02  -2.1668102e-02  -1.1993642e-01   4.4495622e-02  -1.8852996e-01  -5.6675241e-02  -1.8689907e-01   1.3727626e-01   1.0068632e-01   9.6358047e-02   3.2559925e-01   2.4300686e-01  -3.4652838e-02   1.0697031e-02  -6.6477018e-02  -5.7793499e-02   1.7453420e-01  -1.5698830e-01   2.1601696e-01   1.2976615e-01   1.9945535e-01   2.5794439e-02  -1.4976022e-01  -6.8149622e-02   7.8940952e-02   3.3181424e-02   3.1130881e-01  -5.6529302e-03  -1.3407228e-02   1.5029400e-01   7.8788002e-03  -9.0865974e-02  -6.6451833e-03  -2.3977293e-02   2.2332743e-01  -8.5161201e-02  -8.8818611e-03   2.6132058e-01  -1.3267054e-01   3.9879749e-02   2.0458267e-01   2.7959417e-01  -1.4331623e-02   1.7667571e-01  -1.8851789e-01  -7.8698116e-02   1.0512905e-01   5.6790375e-02
  -1.5809582e-01  -2.0433681e-02   2.6518005e-01   6.0214705e-02  -1.4407882e-01   1.2912616e-01  -1.6466387e-01   9.4359050e-02  -5.2080159e-02  -1.0464886e-01  -2.0714595e-01   7.5876905e-02   2.3467805e-01  -5.2776519e-02   6.6321956e-02  -2.3392860e-01   2.9252482e-02   1.3429173e-01   1.0493330e-01   1.1417283e-01  -1.7282061e-01  -1.8743661e-01  -2.8627686e-02   1.3738609e-01  -5.5324616e-02   1.3321298e-01  -3.3038422e-02   1.9905975e-01   6.8289357e-02  -3.5082055e-02   1.4885045e-01   1.8630106e-01  -2.6140388e-01   1.0328150e-01   1.1432969e-01  -1.9453087e-01  -3.9406752e-02   4.4221612e-03   3.6010382e-02  -3.0878027e-04  -1.2081206e-01  -6.2799034e-02  -2.6650657e-01  -2.4153299e-02   3.1302927e-01   1.3706912e-02   9.7703131e-02  -9.1087820e-02  -2.3879009e-01
  -1.4878405e-01   1.4261878e-01   1.1656026e-02   3.6798336e-02   1.6945014e-01  -1.4441030e-02  -1.4329754e-01  -1.0568953e-01  -1.5797432e-01  -7.5012589e-02   1.5172961e-02   1.5226456e-02   1.1388688e-01  -1.0013746e-01   3.2923716e-01  -1.5186775e-01   2.4422002e-01   1.6543185e-01   2.6107552e-01  -1.9401572e-01   4.9458067e-02  -1.9293457e-01   2.6266224e-02  -1.4146421e-01   1.8654531e-02   8.0446523e-02   1.0909277e-01  -1.6912603e-01  -1.7036558e-01  -1.0120345e-01  -4.5912235e-02   4.8908263e-02   1.9213631e-01   1.6342165e-01   1.4662663e-01   1.5998272e-01   1.1907796e-01  -1.9721667e-01   1.6526068e-01  -5.4762491e-03   1.2984174e-01   6.3094770e-02   4.4407828e-02  -1.1285591e-01  -3.4412805e-02   2.9801918e-01  -2.0217494e-01   4.0214732e-02   8.0342965e-02
  -1.5102740e-01   2.5658840e-02  -2.5826382e-01   4.3981778e-02   8.7299237e-02  -1.5864458e-01  -2.2716023e-02   2.0783054e-01  -2.2688018e-01  -2.1798804e-02   1.6513027e-01  -3.8657223e-01   2.3120596e-01  -1.4850276e-01  -8.7815587e-02  -1.3194952e-02  -9.2107902e-02  -1.8020238e-01   3.6472978e-02  -7.4393470e-02  -1.5979965e-01   6.9432163e-02   7.8555209e-02  -3.7163426e-02  -7.4138342e-02  -1.2777892e-01   1.1698570e-01   1.8176642e-01  -1.9159699e-01  -2.9629170e-03   1.0968188e-01   8.1066560e-02  -8.7777480e-02   1.7349376e-02   1.7622008e-01   1.1064125e-02   2.0483874e-03   9.9031471e-02  -1.4092436e-01  -2.4580987e-01  -3.2730767e-01   4.8105327e-02   2.4338782e-02   9.2566178e-02   3.3389475e-02  -2.2269838e-02  -2.1867263e-01  -7.1629067e-03   1.1130406e-01
  -1.4437944e-01   1.2137911e-01  -2.0952016e-01   1.9454191e-01  -6.2268314e-02   1.2694584e-01  -1.2659348e-01   3.6120338e-02   2.6462886e-01   5.1390815e-02  -3.8576565e-02  -1.0659838e-01  -1.1152111e-01  -2.2751462e-01   6.9650905e-02  -1.3777662e-01  -4.4144340e-02  -5.5338450e-02   1.7342413e-01   5.6998143e-02   6.4662724e-02   3.4989917e-01   9.8641130e-02   4.8593421e-02  -5.2781529e-03  -4.1389816e-02  -5.2079523e-02   1.7291445e-01  -1.1782948e-01   3.7708761e-02   1.7601291e-01   1.3674850e-01   1.7213879e-01  -1.0005200e-01   1.2379296e-01  -7.1739050e-02   1.7954368e-01   1.4563179e-02  -5.0342926e-02   3.0679083e-01   2.4043454e-01  -7.1959984e-02  -1.2523191e-01  -2.8067578e-01  -4.8214263e-02  -2.1008019e-01   2.2467083e-03   4.5702021e-02   1.4304665e-02
  -1.3520682e-01  -3.5501361e-02  -2.9266484e-01   1.7546229e-02  -1.7265333e-01   4.6781863e-02   1.2211342e-01  -1.1865806e-01  -2.6055514e-01   3.6898749e-02  -1.8561650e-01  -2.8231522e-02  -1.4209641e-01   1.9979671e-01  -3.1326167e-02   1.3533591e-02   6.6300529e-02  -4.7647022e-02   4.2206642e-02   2.8078163e-01   4.1069819e-01  -5.4931371e-02   4.6940916e-02   3.2207808e-02  -7.2993534e-02  -4.0374886e-02   4.4238455e-02  -9.9619294e-02   5.2901812e-03   1.3361868e-01   1.4274045e-01   3.6536943e-02   1.1965239e-01   2.7716080e-01  -6.4000273e-02   1.6572126e-01  -8.0573987e-02  -4.9602991e-02  -1.0403222e-01  -1.2050795e-01   1.9156954e-02   6.6027177e-02  -2.7401281e-01   5.7455989e-02   1.1386559e-01  -1.0655267e-01  -1.9239020e-01   5.1449142e-02  -2.0737169e-01
  -1.5201301e-01   2.1003326e-01  -2.2787634e-01   2.0018187e-02   3.1050615e-02  -2.7350403e-01   1.2027592e-01  -7.3060169e-02  -1.6002564e-02  -6.3458286e-02  -1.1363456e-01   1.1793855e-01   1.0279901e-01   2.6496931e-01   9.6523705e-02   3.4140665e-02   1.4758978e-01  -9.2446757e-03   1.0440665e-01  -9.2790285e-03   1.6954539e-01  -1.3058546e-01   3.9125573e-02   5.4517077e-02  -6.4911526e-02   1.7159751e-01  -2.1797994e-01   1.6595290e-01  -2.1377222e-02   1.8570850e-01  -1.7737882e-01   7.9114286e-02   2.8012221e-02  -6.3214015e-02   1.1082293e-01  -1.8556808e-01   1.5410014e-01   7.4139348e-02  -5.1396142e-02  -1.3182544e-01  -1.6570452e-01  -3.0451034e-01   1.9091827e-01  -1.0524446e-01  -1.7141289e-01  -6.7101225e-02   2.8783025e-01  -1.1030742e-01   2.4583712e-02
  -1.3524910e-01   1.3637355e-01  -1.4727091e-01  -1.0692569e-01  -2.9835603e-01  -1.7794844e-02  -1.7569512e-01  -1.0369352e-01  -3.3537508e-02  -9.0343990e-02  -1.0470201e-01  -2.8263198e-02  -3.1433276e-02   4.4233977e-03   1.8285984e-02   1.4998485e-01   2.7940943e-02  -4.8865123e-02  -1.7362870e-01   8.6158953e-02  -3.0353819e-01   1.2761651e-01   2.2716311e-01  -6.6823815e-03   1.2859336e-01  -1.4567203e-01  -1.5899037e-02  -7.4219975e-02   3.5635051e-02  -1.0443060e-01   9.6848471e-02  -1.8382682e-01   2.0867943e-01   1.4829937e-01   1.3899978e-01   1.2532796e-01   1.8074892e-01   5.5257469e-03   3.8728865e-02   9.7026660e-02  -2.0062261e-02  -2.6400355e-02   2.5774674e-01   1.8946527e-01   1.6485847e-01   1.8543314e-01   2.2673676e-01  -2.1544059e-01  -2.1788632e-01
  -1.6888592e-01   1.1034932e-02   1.1192682e-02  -1.1040079e-01  -3.2455575e-01   4.1823788e-02  -4.7064050e-02   2.3587655e-01  -3.5959713e-02  -1.9364118e-01   1.7704052e-01   8.9131359e-02   7.4683799e-03  -1.0093873e-01  -2.3040592e-02   1.0997392e-01   1.7337927e-01   2.8526669e-02  -1.4236769e-01   1.3503653e-01   1.4638777e-02  -2.5133248e-01   5.6720505e-02  -2.2765252e-02  -5.3419602e-02   8.1597542e-02   5.4726282e-02  -3.0455716e-02  -1.6007810e-02  -4.9165241e-02  -1.5503044e-01  -1.2726599e-01   4.8038447e-03   9.4663141e-02   3.2710998e-01  -2.6900281e-02  -1.8223730e-01   1.1099497e-01  -1.5776563e-01   1.0382477e-01   9.5686919e-02   3.0472266e-01  -2.9449180e-02  -1.4617969e-01  -2.1434094e-01  -2.0682058e-01   1.3968347e-01   1.7286167e-01   2.0014123e-01
  -1.3856022e-01  -4.3605952e-02   1.0950735e-01   2.3370211e-01  -1.0004684e-01   9.2032690e-02   1.8067731e-01  -1.6141577e-01  -1.0252656e-01   2.0289741e-01   1.2163752e-01   2.6017696e-02  -6.2114402e-02   1.4464570e-01   1.6487601e-01   1.0787859e-01  -5.5773261e-02   2.0316442e-01   2.9699313e-02  -1.0599954e-02  -2.8152698e-01   1.6815112e-01  -2.1367700e-01  -2.1911511e-01  -1.8039618e-01   1.7586323e-01   1.0429051e-01  -1.3444182e-02   8.7461877e-02  -7.6773663e-02   1.7310247e-01  -6.2122264e-02   2.8920411e-01   1.0413206e-01  -5.2526843e-02  -2.4270451e-01   2.9387822e-02  -8.6711550e-02  -2.4414030e-01  -4.3557916e-02  -2.3599319e-01   4.1928865e-02   5.7938637e-02  -6.9773137e-02   2.0617080e-03  -6.1070247e-02   6.6294493e-02   1.8514200e-01   4.2033075e-02
  -1.5407981e-01  -1.0413767e-01   6.6717198e-02  -6.6755626e-02   2.5726859e-01  -4.9535375e-02  -1.7582023e-01   2.6137695e-01   1.5442465e-01   1.7679023e-01  -6.2215562e-02   8.9937033e-02   5.2968100e-02   1.4909097e-01  -1.2767173e-01   2.6218797e-01   3.2139204e-01  -9.0185706e-03   4.0750522e-02   1.2601592e-02  -9.0117954e-02   2.2654891e-01  -1.2692495e-02   1.5611593e-01   5.3305532e-03  -1.8513927e-02   5.3237461e-02   2.4329459e-03  -1.8026908e-01  -2.2513337e-02  -4.9281305e-03   4.5244714e-02  -3.7692624e-02   1.3997457e-01  -3.5466178e-02   5.7123239e-02  -1.3284311e-01  -2.5746955e-01  -2.4591253e-02   4.2883544e-02  -1.4420205e-01   6.5000776e-02  -9.2829325e-04  -8.1676635e-02  -3.0319640e-01   4.0201640e-03   1.0038004e-02   4.9060614e-02  -3.8207310e-01
  -1.3467105e-01   4.9674152e-02   1.2595891e-01  -2.9514454e-01  -3.8488534e-03  -1.2749613e-01   1.0801689e-01   1.0203128e-02   3.0819395e-01  -8.9445466e-02  -9.0873712e-02  -2.0275356e-02  -5.1159368e-02  -6.9743681e-02   3.1500420e-01  -1.8615217e-01  -8.3148839e-02  -1.6946742e-01  -6.5003054e-02   1.5763053e-01   5.0143448e-02   2.0374584e-03  -2.4912918e-01   1.4360357e-02  -1.8045260e-01  -1.0871314e-01  -8.3489110e-02  -8.4311829e-02   3.5954509e-02  -3.4462762e-02   1.4611576e-02   8.1271530e-02   2.9924628e-02   1.0556345e-01  -5.6320505e-02   2.0625945e-02  -6.4804089e-02  -1.1565464e-01  -2.8503579e-01   1.3875332e-01  -1.8200849e-01   1.1025034e-01   7.8689643e-02   2.0842415e-02  -8.8067214e-02   3.9083172e-02  -1.9518133e-01  -3.9159041e-01   1.0847741e-01
  -1.3359345e-01  -6.2189877e-02  -7.5978369e-02   2.0901652e-01  -5.7492011e-02  -1.6731711e-01  -7.2412617e-02   3.6800941e-01  -6.8230687e-02  -2.6830575e-02  -4.5007458e-02   2.5696588e-01   1.4623800e-01   2.3841153e-02   2.6366979e-01   1.3819276e-01  -1.9997645e-01  -1.1706055e-01  -1.6163532e-01  -1.1326599e-01  -9.0669868e-02  -1.5260089e-02  -1.3405715e-02  -2.8576332e-02  -1.9287428e-02   1.9962078e-01   2.6916119e-03  -1.4049546e-01  -9.8165589e-02  -5.5369731e-02  -7.9400719e-02   1.9548915e-01   2.0260484e-01  -6.8030815e-02  -2.8406880e-01   1.9583105e-01  -1.4898196e-01   2.6968054e-01  -3.0656027e-02   1.0780972e-01   1.4025285e-01  -1.7721450e-01  -5.5232982e-02   8.2531638e-02   9.3240570e-02  -4.2878512e-02  -8.4617223e-02  -5.2697506e-03  -5.1863455e-02
  -1.3076139e-01   4.7324515e-02  -7.5472319e-02  -1.1224172e-03   2.3095715e-01  -1.0990018e-01   3.0812923e-01   5.4794909e-02  -2.7166166e-01  -7.9774460e-02  -1.4393819e-01   7.9172540e-03   2.9834927e-02  -1.9133008e-01  -7.6995053e-02  -1.4178373e-02   2.1549796e-01   5.2373439e-02  -1.1451246e-01   1.1381626e-01  -2.6375668e-01   1.3728454e-01  -2.1514324e-02   1.9297365e-01   1.7077677e-02   6.8280027e-02   2.4076277e-01  -8.1480251e-03   1.9795736e-01   1.5995449e-01  -1.5242408e-01  -1.1277654e-01   6.3455754e-02  -1.6446706e-01  -1.3815364e-01  -1.7298492e-02   3.4424146e-02  -1.4763591e-01   8.0818061e-05  -1.5403133e-02   2.1007558e-01   1.2986431e-01  -8.1388621e-02  -2.1737750e-01   1.6108784e-01  -9.1154035e-02   2.1998186e-02  -2.6766099e-01   8.3737800e-02
  -1.4393247e-01   9.7878909e-02  -2.3585726e-01   1.5327880e-02  -2.2231723e-01  -2.4444475e-03   6.2273023e-02   1.2513134e-01   1.0200160e-01   2.6643372e-01   1.7542564e-01   9.1441990e-02  -1.7039744e-01  -4.3468710e-02   1.5107763e-01   9.7966537e-02  -9.1565798e-02  -7.7585352e-02  -3.0287311e-02  -5.8110360e-02   9.4110109e-03   8.7937757e-02  -2.0681029e-01  -6.0163157e-02   3.4865790e-02   2.8224669e-02   2.0691060e-02   8.9964884e-02   6.1073012e-02   2.3825495e-01  -1.1489218e-01   2.6941416e-03  -2.2888654e-01  -5.1702058e-02   5.2845741e-02   4.8033593e-02  -2.5045513e-02  -8.2797956e-02   2.1514176e-01  -7.4223921e-02  -7.5533114e-02   1.5343212e-01  -2.8436985e-01  -7.5852289e-02   4.1936161e-02   4.9070883e-01   1.5530000e-01  -2.6230688e-02   3.4441893e-02
  -1.4110059e-01  -1.8142737e-01  -6.7812817e-02  -2.2382269e-02  -5.4347427e-02  -8.0124309e-02   2.0767595e-02  -4.1919983e-02   6.8883222e-02  -4.2233094e-02  -3.2738485e-01   2.1661794e-02   4.3365535e-02  -5.6307276e-02  -8.8950097e-02   9.5255564e-02  -2.9868499e-01   2.7225356e-01   6.5202510e-02  -2.9536340e-01   6.2021661e-02  -1.0575574e-02  -4.7524719e-02  -5.0946392e-02   2.1914931e-01  -2.1639728e-01   3.9541218e-02   1.5517105e-01   6.0727289e-02  -7.3318263e-02  -3.4277868e-01  -1.7088829e-01   6.4260669e-02   2.4996460e-01  -3.0601235e-02   1.7839880e-02   5.2939189e-02   7.3638539e-02   8.7133787e-02   1.2726923e-01  -2.5221213e-01   5.0206423e-02  -9.7596402e-02  -2.2336852e-01   1.1825284e-02  -1.2986464e-01  -1.0485513e-01  -1.6096237e-02   2.6650439e-02
  -1.2276754e-01   6.9592007e-02   7.1191653e-02  -2.6293071e-01  -8.2531774e-03  -1.2876607e-01   3.3229319e-03  -6.9234561e-02  -1.0167895e-01   3.5839910e-02  -2.8994465e-01  -1.6996411e-01  -1.5322491e-01  -2.1071449e-01   2.3698243e-01  -4.4125843e-02  -3.9383047e-02   7.1394260e-02  -7.8465829e-02  -2.0714026e-01  -2.7162496e-03   1.6597235e-01   1.1489075e-01   3.2621920e-02  -1.7162845e-01   1.8150451e-01  -1.5823213e-01  -1.4421818e-01   7.2009650e-02  -1.5932172e-01   1.2016040e-01  -1.5181805e-01  -7.0142062e-02  -2.3604506e-01   2.4940943e-02   7.0952578e-02  -3.3029725e-02   9.4889698e-02   1.5496847e-01  -2.1734007e-01  -6.1314515e-02   4.8742375e-02  -2.2864062e-01   1.0737778e-01  -2.5535163e-01  -1.5024893e-01   9.9472549e-02   1.7293178e-01  -1.2198916e-01
  -1.4085971e-01   4.8318496e-02   1.4793432e-01  -1.6987140e-01   5.5609289e-02   2.2921771e-02  -1.4918883e-01  -1.1226103e-02  -3.8409143e-01   3.2377926e-02   2.0744957e-01   9.2911173e-02  -1.6901659e-01  -1.9698431e-01  -5.4648587e-02   1.7923653e-01  -1.6690013e-01  -1.1389898e-01   3.7560090e-01   8.2920320e-02   1.5217007e-03   5.1804085e-03  -8.2395652e-02   6.2097664e-02  -1.5903339e-01  -7.2070291e-02  -2.5845309e-02   1.9390918e-01   2.6500232e-01  -6.4875400e-02   2.6325074e-03   8.2620795e-02  -9.0662554e-02   2.2486561e-01  -2.0014730e-01   1.8130095e-01   8.6003344e-02   7.6147998e-02   1.3072043e-02   7.6721053e-02   9.2579913e-02  -1.5829129e-01   8.6811680e-02  -1.9705435e-02  -1.7810427e-01  -3.0950491e-02   1.3524861e-01  -5.3677087e-02   5.0108994e-02
  -1.1933914e-01  -8.7082577e-02   1.0293181e-01   6.8927540e-02   1.3606136e-02   1.9330886e-01   2.5522165e-02  -1.0121062e-01  -2.4761427e-02   2.6077297e-01  -3.0202529e-01   1.4643259e-01  -1.4045193e-02  -5.0859046e-02  -4.8316721e-02   1.9613310e-01   4.6256021e-02  -8.2549323e-02  -3.4329179e-02   1.9575338e-01  -5.0703666e-02  -8.6969284e-02  -5.2271578e-02   4.3715529e-02  -9.2165496e-03   6.0270733e-02   7.8261099e-03   1.6614467e-01   1.5880808e-04  -1.0919359e-01  -2.4294322e-01   9.8762330e-02  -1.9668929e-02  -3.0056715e-01   2.8498578e-01   1.8540488e-01   3.1563415e-01   7.7867052e-04  -1.6618190e-01   3.4498652e-02  -1.9257671e-02  -1.8948925e-02  -9.2256616e-03   2.8067083e-01  -4.9079149e-02   7.4761667e-02  -2.5599735e-01   9.1131387e-02   1.3425675e-01
  -1.2930917e-01  -3.3623868e-01   3.3094256e-02   1.5957190e-02   1.4622127e-03   2.8889093e-02  -3.0284343e-02   1.9853396e-01   2.0746226e-02  -7.0427856e-02  -1.2802754e-02   6.6795862e-02  -1.6657128e-01   2.4647827e-02  -1.2174272e-01  -7.1179247e-02   2.8294526e-01   1.8113458e-01   3.3719079e-02  -1.4601007e-01  -4.3507528e-02   1.8077642e-01  -1.4205416e-01  -1.9071637e-01  -2.9528683e-01  -1.6149016e-01  -3.2870384e-01   5.6325206e-02  -9.5575489e-02   1.6677980e-01  -3.0175325e-03  -1.3822195e-01   7.2383954e-02   1.0999490e-01   1.1215692e-01   3.7290186e-03   4.6228682e-03   8.3146210e-02   8.4702662e-02  -1.4598351e-01   1.9250892e-01  -1.4051818e-01  -4.2808134e-02   2.3337964e-01   1.2455182e-01  -1.5404089e-02  -2.6766119e-02  -1.7116928e-01   1.9549714e-01
  -1.3578587e-01   9.4185174e-02   2.4603510e-01   5.0230633e-02   1.5912455e-01  -9.1744492e-02   1.9362897e-01  -8.7700180e-02   7.1128108e-02  -7.0922256e-02  -1.9968856e-01   1.3014436e-02  -6.3047593e-02  -5.5803294e-02  -6.5776254e-03   1.0031045e-01  -7.1830245e-02   5.4130351e-02  -3.8004596e-02  -3.4342593e-02  -2.5122927e-02  -1.0819107e-01   1.0253815e-01  -2.5565016e-01   2.7314814e-01  -1.1856681e-01   1.3154448e-01   2.2434550e-01  -2.4542288e-01   1.8799978e-01   2.8928912e-01  -3.4182373e-03  -6.9993107e-02   7.8765159e-02  -3.9392434e-02   1.2040058e-01  -1.2905764e-01   9.9744701e-02  -3.0713611e-01  -7.9384781e-02   2.2332092e-01  -2.2988606e-02  -1.2192361e-01   7.1050560e-02  -1.3915141e-01   1.5956992e-01   2.3519286e-01   1.8522426e-03   6.3527381e-02
  -1.5000027e-01   6.8209011e-05  -4.8399226e-02   9.8693936e-02  -2.2461444e-01   3.0987367e-01   2.8878945e-01  -1.6884401e-01  -5.2640738e-02  -1.6012952e-01  -8.8979654e-02   1.1266962e-01   1.1725687e-01  -3.4465562e-02   4.8379503e-03  -1.3627121e-01   3.5332062e-02  -2.6241716e-01   4.6255519e-02  -2.7577806e-01  -1.3686098e-01   8.7122895e-02   4.8985761e-02   1.3295413e-01  -1.3246511e-01  -6.7292369e-02  -1.9333539e-01   4.2998626e-02  -1.7466743e-01   4.1215759e-02  -1.0675767e-01  -7.8323867e-02  -2.7246038e-01   3.5696321e-02  -2.0253973e-01   8.6749852e-02  -1.0697597e-01  -9.2273537e-02  -8.9040705e-02  -3.9465889e-03   9.0165641e-02   6.6863409e-02   2.8406539e-01  -8.3329191e-02  -4.1206644e-02   5.7461637e-02  -7.9708023e-02   2.0882110e-01  -1.0761779e-01
  -1.3628439e-01  -2.3949888e-01   7.1492628e-02   2.1163719e-02   6.6989092e-02  -2.1041921e-01   1.2245185e-01  -1.1384522e-01  -7.7732371e-02   5.8867281e-02   2.3975276e-01   2.1096204e-01  -2.5291198e-01  -1.6041453e-02  -8.7551933e-02  -1.7059726e-01  -8.1309937e-02  -6.9828586e-02  -1.9599529e-01  -1.6463873e-01   9.5937665e-04  -8.9417128e-02   2.0393902e-01   3.5733431e-01   7.1203696e-02   2.3467340e-01  -2.5852578e-02   4.4303877e-02  -2.1443020e-01   3.8517720e-02   1.6579873e-01  -5.1003371e-03   1.0764679e-02   1.9291256e-01   3.2423575e-02  -1.3401944e-01   2.7809761e-01   3.2793666e-02   7.6923866e-02   1.9604212e-01  -7.9814942e-02   1.3342487e-01  -7.0436256e-02   1.1382401e-01  -6.0883950e-02   2.3150857e-02  -8.1464890e-02  -6.4848024e-02   3.1433015e-02
  -1.4490427e-01   5.8939300e-03  -1.4950319e-01   2.5168518e-01  -5.6794537e-02  -6.9280351e-02  -7.5698117e-02  -2.1339168e-01   1.8182113e-01  -1.1693726e-02   5.4068392e-02  -9.1223684e-02  -2.1113773e-01  -2.0138640e-01  -1.9426512e-02   1.2699116e-01   1.5625476e-01   9.6751656e-02   2.6574206e-01   4.7244326e-02  -3.3093199e-02  -1.5725777e-01  -3.4854903e-01   2.5185730e-01   2.2208612e-01   1.0512008e-01   1.5132654e-02  -9.0955704e-02  -2.0267701e-01  -1.7779910e-01   2.3990414e-02  -7.1985706e-02  -9.1155717e-02  -8.9428336e-02  -1.1294073e-01   5.9192000e-02  -2.0247768e-01   1.2417324e-01   3.1909841e-02  -1.2254644e-01  -4.5413450e-02   6.7708844e-02   1.1665190e-01   1.7196138e-01   9.7490099e-02  -1.7878449e-01   6.6857319e-02  -1.4885549e-01   1.6319587e-02
  -1.3591366e-01   1.9491885e-01   2.2053163e-02  -6.1466267e-02   2.3912705e-02   2.5651775e-01   3.3082820e-04   7.3854073e-02  -1.1581594e-01   3.0730373e-01  -1.1251818e-01  -1.5580644e-01   1.2384995e-01  -9.2614593e-02  -1.8153479e-01   1.0813979e-01  -2.3614150e-02   1.7582212e-01  -2.0164502e-01  -1.8360166e-01   1.3514969e-01  -8.8629348e-02  -1.7053585e-01   1.0851862e-02   7.3104296e-02   9.0430543e-02  -1.7587448e-01  -1.4757297e-01   8.3582860e-02   2.0829354e-01   1.8310602e-01   2.0522065e-01   1.9482292e-02   6.9470918e-02   2.3346224e-02  -1.6039840e-01  -8.1946223e-03   2.5980496e-01   5.9423230e-02   5.8315695e-02   1.1104852e-01   1.7847220e-01   2.8805300e-01  -5.0713720e-02  -9.0199825e-02   2.8034940e-02  -1.2739487e-01  -1.8649587e-01  -7.1018755e-02
