  -1.2503437e-01   3.5530167e-02  -1.1127658e-01  -1.5291407e-01   8.8087017e-02   5.2148139e-02  -2.4425492e-02  -2.1058208e-01   1.2391174e-01  -1.5991165e-01   5.2072816e-02   6.2406639e-02  -7.1472230e-02   1.2609475e-01   1.0316989e-01  -1.3677304e-01   4.5306632e-02  -5.1802702e-02  -2.5967244e-01  -1.6817398e-01  -2.1659110e-01  -1.3202870e-01   1.9543386e-02   1.0863872e-01  -3.4327586e-02  -4.2385496e-02   1.3255141e-01   1.9917489e-01   1.3524815e-01  -9.5000427e-02   2.4645486e-01   1.1607825e-02   1.8592797e-01   7.8688640e-02  -3.4593371e-02  -1.2250172e-01  -9.8437910e-03   1.3692854e-01  -1.8825130e-02   4.8807411e-01  -6.0195136e-02  -2.1355058e-02   6.1365273e-02   1.5088276e-02  -3.5196331e-01   1.3149463e-01  -4.0542963e-02  -2.4063412e-02   5.2896361e-02
  -1.5035306e-01  -3.8641114e-03   1.7396663e-01  -1.7453285e-01  -5.4408743e-02  -2.3321972e-01   8.7255106e-02  -4.3985733e-02  -3.3118073e-02   8.2068014e-02   1.6397739e-01   3.2004339e-01  -2.9162870e-01  -8.9660890e-02  -2.6269489e-02   1.9212177e-01   1.2746007e-01   2.2911722e-01   6.6630123e-02  -7.8844956e-02   3.2615170e-02  -1.8058799e-01  -1.0888187e-01  -4.1216856e-02   1.3483516e-01   6.3212113e-02  -5.8945752e-02   2.0106406e-03   2.9171546e-01   4.5676293e-02   7.8880205e-02   1.3246294e-01  -1.2462772e-01  -5.7293355e-02   8.4985389e-02   8.3552427e-02  -1.7469261e-01   1.7653111e-01  -5.3869277e-02  -6.8421139e-04  -2.4968038e-01  -1.9794472e-01   2.3761157e-01   3.3631702e-02   1.2697740e-01  -1.7741617e-01   4.1207705e-02   1.0085452e-01   4.9995507e-02
  -1.5532316e-01   2.6248189e-01  -8.5085531e-03   1.3993642e-01  -3.3221831e-04   5.6573121e-02  -1.1355568e-02   1.8173276e-01   1.0143032e-01   3.0517554e-01   1.4998424e-01  -1.7561721e-01   4.7655225e-02  -3.1040436e-02  -7.3307364e-02   7.5100084e-02   4.8843828e-02   2.4263153e-02   6.5400062e-02   6.6365618e-03   1.5421551e-01  -2.3065441e-01  -2.6423539e-01   5.6177244e-02  -2.8046139e-02   7.8836847e-02  -2.4956407e-02  -1.6546764e-01   2.0351685e-01  -4.3602098e-02  -3.2893055e-02  -8.5466372e-02   3.4446264e-02   3.5585921e-02  -1.0180544e-01   1.3252112e-01  -2.8123360e-03  -5.4500767e-02  -1.3004165e-01   3.1061517e-01  -3.5959334e-02   2.1198709e-01  -2.9467737e-02  -1.0116644e-01   3.2897982e-02   1.3516449e-01  -1.0580923e-01  -8.2243722e-02  -4.4113382e-01
  -1.4916542e-01  -9.5412336e-02   1.2671157e-01  -1.1708826e-01  -2.8178164e-01   1.2101045e-01  -1.6425081e-01   2.3387805e-01  -3.5851330e-02  -1.3155463e-01   4.7713200e-02  -6.1384506e-02   1.0054573e-01  -2.6135038e-01   8.5578680e-02  -1.4524473e-01   2.9574433e-01   1.2137397e-01   1.1003403e-01   7.3404057e-02  -2.5125028e-01  -5.9100362e-02   1.0423549e-01  -9.7115455e-02   3.1796153e-01  -1.9012346e-01   1.8793829e-02  -1.9994613e-01  -3.2111076e-02   7.8530999e-02  -6.5704939e-02  -1.7709947e-01   1.4875168e-01   4.8759180e-02  -1.4915222e-02   1.0999215e-01  -5.8556284e-02   2.1961339e-01   9.5223627e-02  -5.7697028e-03   1.2005138e-01   1.0234785e-01   1.3460578e-02  -7.2286736e-02  -1.5955738e-01   5.1603197e-02   2.3274522e-03   2.1922349e-01  -2.3638189e-02
  -1.2750150e-01   4.6523108e-02   8.9427001e-02   3.8890573e-02   2.1541293e-01   2.2836549e-01   2.8707933e-01   2.1590101e-02  -1.3987908e-01  -1.3284625e-01   1.1835862e-01  -3.9383535e-03  -3.0255664e-02  -1.2748039e-01  -1.0304623e-01   9.5134286e-02   1.0659872e-01  -1.4434303e-02   3.0942195e-02   1.3435699e-01   2.3303688e-02   1.5896061e-01  -4.5462407e-02   1.2134211e-01   3.5904032e-01  -1.1391635e-01  -2.7477448e-02   4.0594290e-01  -1.4598396e-01  -1.4188082e-01   4.0997379e-02   1.0486966e-02   1.7044628e-02  -2.2735570e-01  -2.7627709e-03   1.8927942e-01   1.0403335e-02   5.1333626e-02   1.5725622e-02   4.8712152e-02   7.3249322e-02  -2.5116010e-01  -1.5412028e-01  -1.2137233e-02   5.7033574e-02   1.1480936e-01   5.5816592e-02  -2.0054833e-01  -1.8280738e-01
  -1.4558364e-01  -1.9756835e-01   1.7879742e-01  -1.0978032e-01  -3.8176553e-03   1.7905125e-01  -1.8370944e-01   9.0044774e-02  -1.2766695e-01   2.1910031e-01   2.0366009e-02  -4.5903523e-02   6.2561152e-02   1.9200660e-01  -7.8806813e-02  -3.3272411e-02  -2.7340674e-01   1.1380048e-01  -2.2008061e-01  -6.4784742e-02  -3.1927718e-01   1.5501772e-01  -3.5214067e-02   3.5896860e-02  -8.3852320e-02   2.3118724e-01  -2.7761044e-02   1.2778249e-01  -2.6909393e-02   1.8749866e-02  -2.4142014e-01   7.5837215e-02   2.3458350e-01   3.0073296e-02  -3.4763116e-02   2.8522271e-01  -1.2089524e-01  -9.6795226e-02   1.0391496e-01  -8.5756424e-02  -1.1268130e-01  -1.2579861e-01   2.4427294e-01   2.8924028e-02   5.7217607e-03   4.0125775e-02  -8.4338242e-02  -1.3854078e-02  -1.2949750e-01
  -1.3657493e-01   9.3985461e-02   4.1760917e-02  -1.2464042e-01  -2.3418194e-02   8.2701937e-02   4.0144452e-02   2.5825537e-01   1.3499786e-01   1.9570457e-01   5.2955941e-02   2.1494885e-01   1.0928728e-01   1.4960715e-01  -1.5613641e-01  -2.0576269e-01   6.1862738e-02  -6.3145259e-02   1.2868965e-01  -9.4757606e-02  -1.1437418e-01   1.9404248e-02   1.5933477e-01  -8.7114283e-03   1.8346179e-02   7.8959678e-02  -6.7008577e-02  -4.4434454e-02   2.5129608e-01  -6.9090620e-02   3.9227159e-01   3.7186443e-01   1.4898322e-03   2.0675227e-02  -1.1445534e-02  -1.7508197e-03   5.4904129e-02  -1.3887213e-01   4.3276151e-02  -2.5514795e-01   2.5374894e-01   2.2990211e-03  -2.0599537e-01   3.8578676e-02  -3.8637590e-02   1.2356773e-01   7.8515788e-02  -6.8457349e-02   4.2465498e-02
  -1.4354270e-01   2.0378502e-01   1.9770587e-01  -1.3086350e-01  -1.7405931e-01  -1.4360391e-02  -1.0848160e-01   5.6268042e-02  -9.6619565e-02  -1.3392341e-01  -4.9359265e-02   5.6719215e-03  -9.2170016e-03  -3.2840923e-02   1.1133983e-02   1.9039188e-01  -6.4918943e-02  -4.1374271e-01  -2.0252924e-01  -1.3926268e-01   1.0967128e-02  -9.6912468e-03  -1.2468914e-01   1.5133448e-01   6.5427131e-02   1.3991213e-01  -1.0044024e-01  -2.0394912e-01  -2.0065704e-01   1.0744305e-01  -3.9244206e-02   1.2997549e-01   1.2109546e-02   4.6821549e-02  -1.9908731e-01  -1.3468351e-01  -8.5740846e-02   3.2263647e-01  -1.5340064e-01  -1.0131827e-01  -9.8424124e-02  -5.3722186e-02  -2.0772425e-01   1.1710221e-01   9.7273257e-02   1.7357936e-01  -7.0588421e-02  -1.4803590e-01   8.6052992e-02
  -1.3622294e-01  -2.2788095e-02   1.6867721e-01  -1.2558917e-01   3.2110843e-01   7.1393352e-02   6.9303749e-02   1.0869175e-01  -8.7691728e-02   7.5342145e-02  -2.7169304e-01  -9.0115574e-03   1.4946199e-01  -4.6474413e-02   7.2424089e-02   1.9014781e-01   5.3703410e-02  -3.0301286e-02   2.8498189e-01   1.6404606e-01  -1.3333811e-01  -3.7620908e-02   1.7848914e-02  -9.7314832e-02  -1.6523805e-01   1.8198201e-01   8.7362285e-02  -2.5293326e-01   2.2120187e-02   1.0811144e-01   1.2720966e-01  -2.9585580e-01  -8.3141473e-03   5.7172227e-03  -2.4100236e-02  -4.8898531e-02   4.1497592e-02  -4.1380259e-02   7.4974132e-02   1.5179224e-01  -6.6148469e-02  -2.4715887e-01   2.4471816e-02   1.5261167e-01  -1.7050588e-01  -8.3269720e-02   1.2076521e-01  -2.8294572e-01   1.2128092e-01
  -1.5485588e-01   6.9153231e-02  -4.4105461e-02   1.2584768e-02  -9.7971902e-02   5.9895625e-02   7.1489099e-02  -3.2657623e-03   2.2718600e-01   2.6612423e-01   5.4614429e-02  -8.5613116e-02   4.7788008e-02  -1.3046869e-01   5.6302315e-02  -6.4835869e-02  -2.1161962e-02  -1.5230138e-01   6.0580651e-02   6.6333030e-02   2.4713445e-02   1.0587825e-01  -1.6197601e-01  -8.5977513e-02   8.6498465e-03   9.1584499e-02   7.3207051e-02   1.5624751e-01  -5.0255494e-02   7.7913810e-02  -6.4208139e-02   6.8574491e-02   2.0561552e-01  -1.2571501e-01  -1.9800316e-01  -4.6522124e-03   4.5735073e-01   9.8766426e-02  -2.7704188e-01   2.6067497e-02   5.6911481e-02  -2.0635978e-01   8.0212713e-02   1.3700196e-02  -3.8512415e-02  -2.9019719e-01   1.3760315e-02   2.8330264e-01   2.1522610e-01
  -1.3889290e-01   3.6922172e-02  -5.8939948e-02   9.8415971e-02  -1.1973163e-01   3.6558263e-01   6.6087195e-02   4.2366242e-02  -6.6926395e-02  -3.2891569e-02  -3.7147115e-02  -1.6687259e-01  -7.2376045e-02   9.8749520e-02   1.2584245e-01   5.2052119e-02  -6.2651916e-02   3.7333996e-02  -5.5401443e-02   1.9368376e-02  -1.6812961e-01  -2.5762065e-01  -1.0987242e-01  -1.2880667e-01  -2.7642808e-02  -2.2982725e-01  -3.2701441e-02  -4.1739585e-04   3.8227296e-02   5.6472632e-02   1.1326473e-01   8.5894182e-02   2.4544132e-02  -2.6358087e-01   2.8343744e-02  -5.0552181e-01  -5.5121762e-02  -1.0330298e-01   1.3186489e-01  -1.9171117e-01  -1.3156248e-01  -9.1779471e-02   3.5959873e-02   6.3666067e-02   7.5805941e-02  -2.0880126e-01  -1.2707020e-01   1.5367379e-02  -2.0260724e-01
  -1.4600510e-01  -6.1291815e-02  -5.1259611e-02   2.5200854e-01  -8.8269068e-03  -1.6507214e-01  -2.3501619e-01  -5.5773117e-02   2.1664820e-01  -9.2996443e-02  -6.8290513e-02   1.3183039e-02   1.6633459e-01   9.0945887e-03  -3.3035771e-02   2.5581505e-02   1.5765518e-01   2.8013118e-01  -1.0956412e-01  -1.8406746e-01   6.7689586e-02  -2.6043727e-03  -2.8361046e-02   1.4858614e-01  -8.4366586e-02   1.6087730e-01  -3.1982099e-01   5.6774182e-02   1.8287881e-02   2.1203815e-01   1.4762234e-02  -1.1103594e-01   1.0449589e-01  -3.7378227e-01   9.0125933e-02  -1.4251859e-02   1.5330777e-01   1.3569725e-01   2.0177462e-01  -7.6759285e-04   7.4504202e-02  -3.6432219e-02  -1.0802584e-01   2.5844154e-01   3.4203846e-02   7.0385952e-02   1.5244048e-01  -3.6291125e-02  -5.0596469e-02
  -1.2443557e-01   7.3040049e-02  -1.1274689e-01  -2.5428770e-01  -7.0840394e-02  -1.5093868e-01   2.3711106e-01  -1.2035203e-01   1.7738024e-04   7.7316608e-02  -8.4814226e-02  -1.5378342e-01   2.4071857e-02  -4.4265504e-02   1.1174873e-01  -5.1331932e-02   2.7378094e-02   2.3993840e-01   5.9028939e-02   4.2097008e-02  -2.6103720e-01   1.4022696e-02   1.2916592e-01   3.8382584e-01  -7.5403774e-02   1.3266388e-01   5.4422860e-02  -4.1892970e-03  -1.6372200e-01  -4.3030264e-02  -4.2834362e-02  -2.6611142e-02  -2.2831064e-01  -2.7149761e-02   1.5909417e-02  -3.8236556e-03  -1.1736888e-01  -1.1397265e-01  -2.6273883e-01  -6.1592233e-02  -1.0385198e-02   2.5576277e-02  -2.5426491e-01   2.6327530e-01  -5.0327310e-02  -6.2411857e-02  -6.9598089e-02   2.4098030e-01  -1.9657648e-01
  -1.4691088e-01  -2.4991236e-01  -9.6866483e-02   1.3795184e-02   1.3746998e-01  -1.0530952e-02  -5.5249169e-03  -1.8385511e-01   6.7898907e-02   2.4145832e-01   2.1845927e-01  -4.8409089e-02   1.1673530e-02  -1.1772706e-02  -1.9235365e-02  -1.0299302e-01  -2.8680999e-02  -1.1747805e-01  -6.3971487e-02  -1.0050128e-02   9.4144475e-02  -2.5984173e-01   3.8855322e-01   1.1897430e-01   2.0385051e-01  -9.5932209e-02  -3.0117718e-01  -2.7627247e-01  -8.9197551e-02  -2.4452313e-01  -1.8897085e-01  -4.0864204e-02  -6.4707753e-02   5.6267685e-02  -2.4453839e-02  -1.0996694e-01   1.1525713e-01   2.5400927e-02  -5.4351491e-02  -4.8184870e-02   3.8236556e-02  -2.1488958e-01   1.6032650e-01   3.6868399e-02  -4.1683512e-02   6.5258241e-03  -3.7248841e-02  -1.6970556e-01  -1.2098076e-02
  -1.4592925e-01   2.3608122e-01   3.1474169e-02   1.6201912e-01  -1.1608845e-01  -1.5987288e-01   4.5196924e-02   2.0501685e-03  -1.4292059e-02  -2.0911638e-01   2.3039481e-01  -2.9903319e-01   1.2842392e-01   1.2047857e-01   7.4785396e-02   2.7391565e-01  -6.1576951e-02   4.0400344e-03  -7.0172030e-02   7.8878760e-02  -1.0142895e-01   4.3005967e-02  -1.0482264e-01   1.2646055e-01   7.4127794e-02   1.6517974e-01  -3.7270596e-02  -7.7193921e-02   1.0638366e-02  -3.4356124e-01   2.0865526e-01  -4.6574968e-02  -4.0443890e-02   1.5205247e-01   2.3075550e-01   1.1075552e-01   1.3196562e-01  -1.8471480e-02   1.8709005e-01  -1.8671544e-01   5.2659425e-02   1.5976176e-02   1.7646385e-01  -7.7748553e-02  -1.6725678e-01  -1.6924816e-01  -9.3247217e-03   1.0075563e-02   1.5366985e-01
  -1.4201022e-01  -1.3822952e-01   1.8523336e-01  -4.9962390e-02  -4.5988191e-02  -9.2210434e-02   2.0856710e-01  -1.8159159e-01   8.3837463e-02   6.7891070e-02   8.5373679e-02   1.0563031e-01   3.2560246e-01  -1.7854846e-01   1.2209204e-02   5.3820523e-02  -5.9826490e-02   2.8229320e-02  -2.6559830e-01   1.3559683e-01  -1.3746562e-01  -3.6659550e-02  -6.8060288e-02  -3.1141456e-01  -1.2262126e-01  -1.2277629e-04  -7.2938670e-02  -1.3458579e-02  -7.2217853e-02  -2.7162521e-01   8.1938564e-02  -8.6104270e-02   1.4590545e-01  -4.4833147e-02   1.6939715e-02  -1.1705339e-01  -1.8075894e-01  -7.2676574e-02  -8.0021824e-02   1.2528208e-01   9.7733632e-02   1.9172713e-01  -1.1093374e-01  -4.0797496e-02   3.6338612e-01   4.0233116e-02   1.8915243e-01   2.5924247e-02   9.6114221e-02
  -1.4136458e-01  -1.2413327e-01  -7.6430384e-02   3.2470738e-02   1.5480698e-01  -2.5575938e-01   2.5104019e-01   1.8124773e-02   4.8773574e-02  -8.4613967e-02  -1.3534955e-02  -1.1576648e-01  -1.8331364e-01   1.9789480e-01  -1.1893991e-01   1.3727367e-02   5.1422206e-02  -1.3167809e-01  -1.1663956e-01   4.9505508e-02  -2.2399635e-01  -2.0249956e-02  -2.0691086e-01  -1.4916739e-01  -4.4558868e-02  -1.7375668e-01  -1.2879230e-01  -7.9818093e-02   8.4931848e-03   3.6427211e-01  -1.6327835e-02  -7.4680469e-02   2.7920111e-02   2.7928155e-01   1.7962076e-01   1.7934439e-02   1.3436759e-01  -2.5419579e-02  -9.5608602e-02  -1.0695412e-01   1.4771672e-01  -2.0185835e-01  -1.5938848e-02  -1.0220729e-01   4.1872457e-02   2.4847922e-01   1.0613151e-01   1.5268735e-01  -1.6535661e-01
  -1.2486211e-01  -4.5937247e-02   9.5624641e-02   9.2345171e-02  -1.2293116e-01  -1.2349586e-02  -8.5454170e-02  -3.2965803e-01  -3.0256876e-01   1.2403709e-01   3.9887372e-02  -8.5725034e-02  -3.1180274e-01   1.2499764e-01   4.0942046e-03   1.0909748e-01  -5.9190032e-02  -2.1632921e-02   6.9607386e-02   6.8316875e-02   1.7723000e-01  -4.7240220e-02   7.3784983e-02  -5.7236827e-02  -1.2642867e-01   2.5986343e-02  -9.1490005e-02  -8.8471850e-03   1.8225747e-02   5.6308758e-02   1.5095770e-01  -8.2368944e-02   1.8316269e-01  -5.0011880e-02  -2.5613090e-01   1.1459230e-01  -2.4397421e-01  -1.3080454e-02   5.7842032e-02  -9.0199124e-04   3.9970997e-01  -3.7631209e-02  -2.2840429e-01  -6.4780223e-02  -2.0726836e-01  -1.4486544e-01   7.1958539e-02   1.1834943e-01  -1.4614308e-02
  -1.2303395e-01   4.4802885e-02  -2.1948715e-02  -2.8192475e-01  -6.5616018e-02   1.0654599e-01   1.0132512e-01   1.9596703e-01   2.8662955e-01  -1.6322539e-01   9.5702483e-02   1.6850278e-01  -1.9380644e-01   2.0177135e-01  -1.3085853e-01  -1.2456137e-01  -1.2392405e-01   1.7874641e-01  -9.3502166e-02   4.3826669e-01   2.8877006e-01   1.5904486e-01  -3.6685887e-02   5.0814249e-02  -1.4743898e-01   1.0922557e-01  -8.7983659e-02  -1.5065295e-01  -9.5555168e-02  -6.2616038e-02  -1.3782040e-01  -1.0974996e-01   5.4722946e-02  -8.3345297e-02   6.2088312e-02  -1.5962080e-01  -5.8907872e-02   1.1820696e-01   1.0074854e-01   2.7771317e-02  -3.8082146e-03  -3.7192318e-02  -6.2563701e-02  -1.4912571e-01  -1.2484312e-01  -1.2629889e-02  -3.6579640e-02   9.5075591e-03   1.2926585e-03
  -1.3183099e-01  -1.4845062e-01  -5.6760462e-02  -1.3104901e-01  -2.6935062e-01   1.7642356e-01  -9.3014460e-02   5.1971512e-02  -5.5962521e-02  -4.3670154e-02   1.0885654e-02  -1.2118294e-01   2.8514365e-02   2.9173000e-02   1.3831526e-01   1.4444302e-02   1.3101456e-01  -1.0740290e-02  -5.5071600e-02  -1.5284247e-01   1.9886594e-01   1.1169242e-01   7.2595924e-02   7.9205119e-02  -1.5238862e-01   1.2198979e-01   2.3162179e-01  -8.7166567e-03  -3.9302559e-02   6.6338591e-02   1.5393580e-01  -4.9241200e-02  -2.6644538e-01  -3.9361991e-02   1.8452898e-01  -3.6361275e-02  -1.2764903e-02  -1.5363135e-02  -1.4249187e-01   1.5728000e-01   3.6174675e-01  -2.3175484e-01   2.8633233e-01  -1.5038193e-01   3.0009734e-01   9.3284029e-02   3.8410195e-02  -8.1431696e-02  -6.1511385e-02
  -1.1986566e-01   1.4053636e-01   6.6433186e-02  -1.9692500e-02  -3.0731472e-02   2.9610282e-01   4.9622810e-02  -2.8517215e-01   1.8335711e-02   2.3551905e-02  -3.0020554e-01   2.2032631e-01   1.0058268e-01   5.4963847e-02  -3.8017581e-02  -5.5314933e-02   7.3108019e-02  -6.4580210e-02   1.4993552e-01  -2.2444005e-02   9.4172567e-04  -1.4968285e-01  -3.0157503e-01  -3.4874239e-03  -2.2701762e-02  -4.9036989e-02  -2.8249730e-01   4.7842704e-02  -9.7626527e-02  -2.3272612e-02  -2.1020011e-01   7.6441026e-02  -1.5192283e-01   2.0454176e-02   3.2323116e-01   1.2971053e-01  -6.5134549e-02  -2.5427241e-03  -8.8642520e-02  -6.8724438e-03   2.3784308e-01   1.5665434e-01   1.6669589e-01   3.1786717e-02  -1.7458873e-01   1.3952321e-02  -1.4624735e-01  -3.2827324e-03   1.4681752e-01
  -1.3353290e-01   2.8756711e-02  -1.5755992e-01  -1.3717610e-01   1.5339433e-02  -2.9695319e-02  -9.2486358e-02  -5.3024458e-02   8.8972639e-02   1.8233941e-01  -3.9004747e-02  -1.1477200e-01   2.4420764e-01   1.9026472e-01   1.4910326e-01   3.0636540e-01  -1.3469274e-01  -6.9669139e-02   1.3112139e-01   2.3317155e-02   4.7563896e-02   2.6728126e-01   2.3147858e-01  -1.4855341e-01   1.2646084e-01  -1.2076725e-01  -9.9631511e-02   2.4359262e-01   3.0657591e-01   1.0232080e-01  -8.0783933e-02  -1.1403304e-01  -5.0851415e-02  -5.1815663e-02   1.5259225e-01  -1.0530476e-01  -1.7760478e-01   2.6059543e-01  -1.6152017e-01  -9.2030122e-02  -9.7590724e-02   1.0245525e-01  -7.7110433e-02  -1.6842554e-01  -9.3353772e-02   7.9813568e-02  -4.5483569e-03  -1.0682446e-02  -1.7505856e-02
  -1.3688178e-01   1.3444845e-02   1.6964255e-01   9.2000536e-02   5.8919436e-02  -5.5485885e-02  -1.8424735e-01   7.2441820e-02  -1.3875387e-01  -2.3574258e-02   5.4102006e-02   2.3002618e-02   8.1156152e-02  -1.7153228e-02   4.5722941e-01  -1.5588560e-01   4.7517759e-02  -4.5396485e-02  -1.6731729e-01   3.0802375e-01   2.7127500e-01  -9.5107035e-02  -8.5778050e-03  -2.0497016e-01   1.9895708e-02   1.0619850e-01  -4.1388817e-03   1.6900271e-01   3.4657637e-02   5.7570923e-03  -8.1999188e-02   2.0763018e-01  -2.1579779e-01   1.2009841e-01   5.5654944e-02  -1.7580558e-02   3.0199405e-02  -1.6685292e-01   4.0872197e-03  -2.8612516e-03  -9.9059120e-02  -9.2465834e-02  -5.5796671e-02   2.1984851e-01  -1.8521224e-01   2.0326422e-01   1.3689898e-01   1.6320579e-01  -8.5863970e-02
  -1.3491118e-01   4.3445400e-02  -6.6691736e-02   2.6054138e-01   1.8446934e-02   1.6957710e-01   1.8110373e-01   2.4233904e-02   8.0933604e-03  -4.0216104e-01  -5.7899527e-03   1.4641288e-01   9.3643301e-02  -3.4094927e-02  -1.3780305e-01   1.8588541e-01   6.9789644e-03   1.7850254e-01   2.7008418e-03  -1.8215310e-01   8.9017005e-02   3.2465188e-02   3.1509545e-01  -2.5806597e-01   4.9743846e-02   2.9101272e-01  -8.7859568e-03  -5.3876417e-02   6.2263304e-02   6.0238766e-02  -1.3690391e-01   6.8046633e-02   1.3270282e-01   2.0421340e-01  -1.0693109e-01  -5.8315698e-02  -4.0393255e-02  -1.4066237e-01  -2.8302204e-01   2.3188772e-02   3.4479909e-02  -4.6857966e-02   2.2667576e-02   5.7606093e-02  -7.2171458e-02  -5.2468656e-02  -1.8042377e-01   8.5834019e-02  -7.7914425e-02
  -1.3841070e-01   5.9311560e-02  -2.5310453e-01  -5.7916511e-02  -2.4144953e-02  -8.1833453e-02   4.1043858e-03   1.8720875e-01  -2.3214872e-01  -7.9339830e-02  -2.0629121e-01   4.6746399e-02   1.8572473e-01  -1.2563289e-01  -2.1198791e-01   2.1254160e-02  -1.6437879e-01  -1.6301002e-01   2.1823440e-02   2.1358746e-01   6.7125448e-02  -1.7318056e-01   1.3504858e-01   1.6822548e-01  -1.0505143e-01  -6.9391808e-02  -2.2898967e-01   1.9505311e-01   1.3217962e-01  -1.2875724e-03   9.9721819e-02  -4.8470017e-02  -3.5544919e-02   9.3299755e-02  -1.4667119e-01   4.5194986e-02  -5.7058574e-03   2.3605766e-02   2.4677448e-01   1.7335117e-01   2.0286970e-02  -8.1230934e-02   1.3174893e-01   5.6034266e-02   2.2797703e-01   3.2608398e-02  -1.8748993e-01   3.1893738e-01   8.7547894e-02
  -1.6219349e-01   1.8139362e-02  -7.8626710e-03   7.7737456e-02   1.8237203e-01  -1.7086972e-01   7.0182355e-02   1.6760252e-01  -2.2232663e-01   7.2731506e-02   1.5976110e-01   2.1615165e-02   2.0079032e-01   1.4624651e-01  -2.0093754e-01  -1.6328353e-01  -8.9991504e-02   2.4911648e-02  -2.1452963e-01  -1.2689935e-01   4.5730772e-02   8.3290908e-02  -7.4642439e-02  -1.5222365e-01   4.6245951e-02  -1.7421392e-01   2.7215961e-01  -9.9337047e-02  -2.0883836e-02   8.9867130e-02  -1.3055610e-01   4.1316705e-02  -2.6635742e-01  -1.0572324e-01   5.2504278e-02  -1.2826397e-02  -7.8790799e-02   2.3197167e-01   6.3416656e-02   1.4232741e-01   2.1984623e-01   6.7202331e-02  -7.3982355e-02   2.1275780e-01  -1.0650505e-01  -3.1554779e-01  -1.5265944e-01  -3.2248228e-02   4.2853749e-02
  -1.5047702e-01   1.8886292e-01  -2.3632921e-01   1.2277384e-01  -1.1252217e-01  -1.9968977e-01   2.5975904e-01   2.7792393e-02  -4.8149939e-03   1.5709511e-01   9.2673700e-02   1.9445515e-01  -8.1661191e-02   3.1317477e-02   4.2107647e-01  -1.1558422e-01   3.3401046e-02  -4.7430892e-03   7.1279519e-02   4.7254027e-02  -4.7706047e-02   7.5392564e-02   6.0103494e-02   4.1447366e-04   1.2126162e-01   7.5272212e-02   2.0328353e-02   4.1643901e-02  -1.6529952e-01   2.5805517e-01  -3.7616995e-02  -4.9790011e-02   2.1227911e-01   2.2860434e-02  -5.2403991e-02   1.3982905e-02  -1.3300841e-01  -1.0395287e-01   2.0694739e-01   5.5073547e-03   7.3244684e-02   1.0443527e-01   1.4731320e-01   3.1687477e-02   1.3448935e-01   6.9249228e-02  -2.3229675e-01  -2.9518282e-01   1.3180223e-01
  -1.4686282e-01  -9.0659719e-03   1.5996023e-01   3.4691468e-01  -1.0530216e-01  -6.7698990e-02   1.1714935e-01   4.0475863e-02  -1.9458560e-01   9.2878242e-02   7.6711148e-02   1.8539219e-01  -7.2800306e-02  -2.3571935e-01  -8.1672106e-02  -4.2366084e-02  -1.0079238e-01   4.9671228e-02   6.5099795e-02  -9.8559559e-03  -1.0820996e-01   8.9949552e-02   5.7588275e-02   1.3950924e-01  -3.6061296e-01  -1.0398899e-01   1.4313925e-01   3.9799234e-02   8.8645493e-02  -1.0871711e-01  -6.3514276e-02  -1.2827659e-01  -9.1350703e-02  -1.6315456e-01  -4.1816460e-03  -1.8109730e-01   9.8684002e-02   1.2006252e-01  -1.0648119e-01  -1.7206783e-01  -4.9758835e-02   7.6610918e-03   1.1151542e-01  -1.3887080e-01  -2.3267410e-01   3.8801244e-01  -6.9427043e-02   6.8567142e-03   7.7319527e-02
  -1.7052996e-01  -1.1597523e-01  -6.2082340e-02  -2.0524905e-01  -1.2869492e-01  -7.3029389e-02   8.1543932e-02  -9.4076983e-02  -2.1217159e-01   1.0626196e-02  -1.5237150e-02  -1.5870903e-01   1.1736055e-01   1.5968681e-01  -1.6642665e-01  -1.3950293e-01   2.4173605e-01   9.0558210e-02   1.6792390e-02  -1.1483167e-01   2.0027163e-01  -2.8693310e-01  -1.0550558e-02  -2.0955747e-01  -5.8041440e-02   1.3591245e-01   1.1276340e-01   1.5122029e-01  -1.1781451e-01  -9.2992381e-03   2.7194050e-02  -9.9524371e-02   3.9875878e-02  -4.7707319e-02   4.1197651e-02   1.1400470e-01   1.9226536e-01  -3.0843962e-02   3.8796153e-02  -1.6035159e-01  -3.1458054e-01   1.1408982e-02  -2.3441374e-01  -2.1523102e-01  -1.2694221e-02   9.6570563e-02  -2.3493517e-01  -1.1305060e-01   1.6425889e-01
  -1.3888622e-01  -4.0213394e-03   8.1135756e-02   1.9696445e-02   4.1612318e-02   2.2844867e-02   8.4336486e-02   9.0772536e-02   4.3160279e-02  -9.0545735e-02   4.4622106e-03  -3.9912404e-02  -2.9608810e-01  -7.9921183e-02   7.9071246e-02  -1.4189395e-01  -2.4785938e-01  -2.8333959e-01   2.0428671e-01  -1.9190007e-01  -1.2914655e-01  -1.7769799e-01   2.1509329e-01  -1.1818653e-01  -4.8124017e-02   3.1984310e-01   2.3849521e-02   1.4001090e-01  -1.0427075e-02  -6.2458887e-02  -1.8068118e-01  -4.4694247e-02  -7.5552008e-02  -5.7761841e-02   2.7433695e-01   1.9240846e-02   1.1177854e-01   1.7653241e-01   2.0360419e-01   1.0798972e-01   2.1692564e-02   2.0150497e-01  -1.4186996e-01  -7.0703671e-02   1.2400700e-01  -1.2120779e-01   1.8434687e-01   5.9600599e-02  -1.2861700e-01
  -1.5762136e-01   6.3440620e-02   5.9059189e-02  -1.0554650e-01   4.6161499e-02  -3.8880822e-01  -1.0967843e-02  -3.1409723e-02   1.1117217e-02  -1.7965379e-01  -3.6269627e-01  -1.4494410e-02   1.3385297e-01   4.3278303e-02   4.5921478e-02  -1.7236685e-01  -3.4177451e-02   3.6369586e-02   1.8202943e-01  -8.5042060e-02   1.1519254e-01  -8.1959056e-03  -6.9080404e-02  -3.7096761e-02  -1.2649954e-03  -8.5976036e-02   9.1055762e-02   4.2687715e-02  -7.5230057e-02  -2.4095071e-01  -6.6350870e-02   1.7800136e-01   1.7377316e-01  -3.2354867e-02  -2.2725047e-01  -9.7951052e-02  -3.0551066e-02   9.8463616e-02  -1.0861734e-02  -1.4315210e-01   9.3348282e-02  -3.6358432e-02   2.7323869e-01  -1.6161596e-01  -4.4560727e-02  -8.2376723e-02   1.3659935e-01  -1.1761712e-01  -3.6176487e-01
  -1.4188774e-01   4.7807162e-02   1.0766821e-01   2.2725026e-01  -4.7497600e-02  -3.5065591e-03  -9.1361253e-02   2.1446170e-01   2.9600309e-01   1.1566098e-01  -2.1372012e-01  -3.1812252e-03  -4.5144695e-02  -3.0444727e-02   7.1828507e-02   1.4297340e-02  -5.1209274e-02   1.9848732e-01  -7.8905869e-02  -1.6536535e-01  -4.4392625e-03  -1.4927050e-01  -1.9660168e-02   1.1237120e-01  -1.0532449e-02  -1.8321434e-01   4.6804745e-02   2.0538294e-01  -6.5553853e-02  -8.8323590e-02  -1.2792672e-01  -8.4934073e-02  -1.1879390e-01   3.3818641e-01  -5.0601763e-02  -4.6433003e-03  -1.9412783e-01  -5.3708639e-02   4.6677750e-02   1.9706275e-02   2.3866227e-02  -2.9343865e-01  -2.9499772e-01  -2.2666977e-01   4.0589994e-02  -1.4543113e-01   2.9364998e-02  -7.9895100e-02   2.2083712e-01
  -1.4838885e-01  -2.5310269e-01   2.0711922e-01  -3.0631458e-02  -1.8120209e-01  -1.3454774e-01  -1.3707097e-02  -3.7921719e-02  -1.3212039e-02   5.6487343e-02  -6.0176147e-02  -5.7759035e-03  -6.2826797e-02   5.9961098e-02  -4.3752736e-02   3.1015811e-01   2.8514156e-02   2.9461864e-02   2.1935961e-01   4.9180273e-03   5.8605195e-02   2.0135486e-01   2.6854286e-02   9.1600487e-02   3.4440567e-02  -1.9472675e-01   6.9433456e-02  -5.9313788e-02  -5.0087439e-02  -5.8381453e-02  -1.3016869e-01   3.4247927e-01   1.3889134e-01   9.7702672e-02   1.7341817e-01  -1.7412858e-01   2.5255446e-01  -1.7045368e-01   1.9787427e-01   3.4216077e-01  -1.5676677e-02   7.1517304e-02  -1.4605986e-01   1.0226191e-01   2.1604981e-02   5.1532713e-02  -1.8837432e-01   1.2240165e-02  -1.1311158e-02
  -1.3076370e-01   1.6170683e-01   1.5807645e-01  -2.2447643e-01   3.2419872e-01   8.6494126e-02  -1.9349672e-01  -1.0961528e-01   1.5010538e-02   3.1907206e-02   2.8675561e-01   3.4622900e-03  -7.3140755e-03  -7.9215901e-02  -6.9134778e-02   1.3874763e-02  -1.1880614e-01   1.9142884e-01   1.9241297e-01  -2.0370610e-01   1.4272946e-01   2.0814944e-02  -8.8835503e-02   2.5468691e-02   4.6096879e-02  -2.7821760e-02   5.0693072e-02   1.6884374e-01  -2.0621518e-01   1.0260671e-01   9.1668545e-02  -2.1527587e-01   1.5813289e-02   2.7777660e-01  -6.9643979e-02  -2.9417162e-01   7.1895777e-02  -4.6847268e-02   1.1029072e-01  -1.6026814e-01   1.0120451e-01   1.4504596e-01   1.0375664e-01   1.1160734e-01   1.1670281e-01   1.2353136e-01  -3.0028204e-02   1.5988991e-01   1.6929017e-02
  -1.3903579e-01  -3.6501007e-01  -1.1381667e-01  -4.8264916e-02   1.2064156e-01  -9.1061511e-02  -6.9522754e-02   1.0004732e-01   1.4956398e-01  -1.4490268e-01  -5.1589825e-02   7.3282906e-03  -8.0986471e-02  -1.2412266e-01   4.1731221e-02   3.5279457e-02  -1.2320645e-01  -2.2212645e-01   1.6163790e-02  -6.0229840e-02   1.1309512e-01  -7.5912078e-02  -2.8335020e-01   1.3102410e-01   2.2934597e-01   9.5674494e-02   2.2426782e-01  -2.5744543e-02   2.6558086e-01  -1.1508070e-01  -6.0997373e-02  -1.7875669e-01   1.0640191e-01  -2.0649746e-01   3.1762228e-02  -5.7153680e-03  -1.8067042e-01  -2.8834240e-01  -7.1211135e-02  -1.8043717e-01   1.2830901e-01   4.9760440e-02  -5.6954074e-02   1.1077318e-01  -5.7502908e-02   7.5664938e-02  -1.8369503e-01   5.7114498e-02   1.3395279e-01
  -1.3923235e-01  -2.2229300e-01   1.9334981e-01   2.9755113e-01   2.3794343e-01   9.5676072e-02  -2.0993299e-03  -1.8179273e-02   1.1641495e-01   4.7257697e-03  -2.0460803e-01  -1.1040825e-01  -1.5933504e-01   2.8616721e-01   9.7832924e-02  -1.4071514e-01   1.5720357e-01   3.8383204e-02   5.6848162e-02   1.6151422e-01  -6.9835885e-03   1.2230950e-01   4.2820091e-02   3.8828885e-02   4.1489622e-02   5.8145951e-02   1.0446775e-02  -4.3306752e-02  -1.9163372e-02  -1.2587097e-01   2.5886026e-01   1.2530731e-03  -7.6881779e-02   5.8393670e-02  -1.3221437e-01   7.0013376e-02  -2.3580402e-02   3.0759325e-01  -1.0813788e-01  -3.2705564e-02  -9.9895080e-02   2.1356392e-01   6.9694894e-02   6.8570451e-02   2.7332508e-01   1.8846065e-02  -2.6535005e-01   1.2610916e-01   6.7605952e-02
  -1.5847182e-01  -1.3511596e-02  -3.0121907e-01   2.8202716e-02   2.6058111e-01   1.1476334e-01  -1.3557252e-01  -1.9262977e-01  -1.0252165e-02   1.4951469e-01  -8.3586405e-02   2.5268245e-01   2.6512229e-02  -2.6105047e-01   3.8608003e-02   1.7532776e-01   2.4847233e-01  -8.3389446e-02  -2.1240169e-01   5.4450964e-02  -2.7681153e-02   1.1520602e-01  -2.7468700e-02   6.3618931e-02  -7.7449691e-02   1.3372056e-01   2.1851302e-01  -1.5109859e-01  -5.3736554e-02  -2.1449113e-02  -4.3513350e-03   1.5475260e-01   4.8736478e-03   9.7335160e-02   7.6467174e-02   1.6650140e-03   2.6532182e-02   1.0583383e-01   2.6273076e-01  -1.6862477e-01  -2.9406194e-02   1.5983570e-03  -1.2475431e-01  -2.8357782e-01  -1.3067964e-03  -1.0710807e-01  -5.3546412e-02   1.3542018e-01  -2.0152921e-01
  -1.3518330e-01  -2.9542874e-01  -1.5050418e-02   5.4038980e-02  -3.1496367e-02   1.9155128e-01   3.2303159e-01  -5.1638579e-02   9.9839985e-02  -6.8906577e-02   7.8939554e-02  -9.2045489e-02   2.1660436e-01  -7.0175046e-02   4.6237907e-02   2.8559191e-02  -2.3344168e-01   4.2384352e-02   5.5696916e-02  -2.3434368e-02   2.2104552e-01  -1.4298606e-01  -3.3276857e-02   2.6464584e-01  -4.6914691e-02  -9.0295289e-02   1.0583736e-01  -5.6672930e-02  -4.4662861e-02   3.2574288e-01   1.0427301e-01   2.3558385e-01  -5.1036061e-03   1.0656523e-01  -8.7460902e-02   1.5783641e-01  -8.9641010e-02   1.0793163e-01   8.6552773e-02  -5.8261907e-02  -1.5396788e-01   2.0095791e-01   7.2584524e-02  -3.9346486e-02  -1.2094059e-01  -2.0127556e-02   3.1402311e-01  -1.9640229e-02   5.7435104e-02
  -1.5260313e-01  -4.1588139e-02  -2.6984107e-01   1.3997068e-01  -1.8070623e-02  -9.2774015e-02  -3.5469232e-01   4.3228545e-03  -1.0591429e-01   2.3638761e-02  -5.6021432e-02  -2.9588363e-02  -1.1192045e-01  -1.4992788e-01  -2.3255435e-01  -6.7425636e-02  -2.7911819e-01   1.8164382e-01   1.0918158e-01   2.6052299e-01  -1.3463309e-01  -6.4372214e-02  -6.1760050e-02  -7.7900973e-02   2.1647703e-01   1.2200041e-01   2.8241972e-02   7.2977844e-03  -2.5041234e-01   8.8509272e-02   2.2830664e-01   1.8446466e-01  -5.8144395e-03   4.6983175e-03   1.8918932e-01  -8.6009197e-02  -4.7775790e-02   1.3451170e-03  -2.7920954e-01   1.0744712e-01  -4.6015798e-02   5.5206726e-02  -5.4842374e-03  -7.8108468e-02  -2.1469024e-02   2.4037913e-02   9.4629419e-02  -1.8239460e-01   8.1661693e-02
  -1.4047516e-01   1.8442035e-01   3.3501200e-01  -6.3783850e-03   7.6298550e-02  -5.4164277e-02  -5.4121573e-02  -2.5586163e-01   2.4007696e-02  -1.2839541e-01  -2.0070493e-02  -1.8859366e-01   3.7909153e-02  -2.4864899e-01  -8.7720906e-02  -3.5207876e-01  -1.3870840e-02  -9.0545293e-02  -1.0531539e-01   7.9827177e-02   3.9302929e-02   1.9879512e-01   1.3756316e-01   1.5474846e-01   2.0369253e-02  -4.5871641e-02  -7.5370010e-02  -7.2896718e-02   2.8287604e-01   2.9084097e-01   2.9117906e-02   1.5270266e-02   2.7157490e-02  -3.0564209e-02   1.3976447e-01  -1.7602506e-02  -3.1089963e-02  -2.3279964e-01  -2.2816023e-02   2.8159170e-02  -1.0967592e-01  -1.7891422e-02  -2.1840657e-02  -2.1395565e-01   8.2821429e-02  -1.9742281e-01  -1.5904156e-01  -1.0876079e-01   1.8396460e-02
  -1.2789406e-01   2.3565786e-01  -7.0071526e-02   3.7424932e-03   4.7319335e-02   3.7754521e-02  -2.6746721e-02  -1.6315388e-01   1.3506114e-01  -2.0323213e-02  -2.7128303e-02  -2.8405998e-01  -1.1754815e-01   8.3461982e-02  -2.3598301e-01   8.5687837e-02   1.9877759e-01   3.7294856e-02  -3.2891292e-04   1.6189148e-01  -1.1801957e-01  -8.8566144e-02   1.1033274e-01  -5.2542999e-02   3.5266707e-02   3.7963900e-02   2.7335004e-01  -1.5110304e-02   1.2634800e-01   9.8856141e-03  -3.5043560e-01   1.9357872e-01  -1.1080346e-01  -1.2866327e-01  -2.0748087e-01  -3.3462484e-02  -1.1344118e-01  -6.0114788e-02   1.6337405e-01  -3.4599503e-03   6.7813256e-02   5.1334768e-02   1.2999037e-01   7.1597167e-02   1.1918591e-01   2.4127447e-01   2.3504431e-01   1.0749744e-03   2.7819118e-01
  -1.7555080e-01  -4.6270660e-02  -2.0628189e-02   2.5140501e-02  -2.2651867e-01   3.7137404e-02   6.0787811e-02  -1.0365103e-01  -2.9325327e-02   5.6302218e-02  -1.8887949e-01   1.8361971e-01  -5.9111744e-02   1.1114511e-01  -8.9235466e-02  -3.2779804e-02  -7.6802959e-02  -3.6775194e-02  -1.2764111e-01  -1.1431228e-01  -4.3637421e-02   2.4139335e-01  -8.4599273e-02  -5.8324191e-02   3.4792901e-01   7.4154490e-02  -8.1443103e-02  -4.9480174e-02   7.1429303e-03   8.0213905e-03   7.2815612e-02  -2.5760935e-01  -3.9509991e-01   2.4229602e-03  -3.1084306e-01  -7.2753718e-02   1.8701560e-01  -2.3659628e-01   1.4147489e-01   8.9386313e-02  -1.5205877e-01   1.4064342e-01   4.6465711e-02  -9.3582827e-02  -8.5690170e-02  -9.8708790e-03   2.0187187e-01   3.8274175e-02  -7.2996146e-02
  -1.4346882e-01  -1.1927358e-01  -6.5772711e-02   6.2980562e-02  -3.9584031e-02  -8.1982311e-02  -1.6213456e-01   5.4391033e-03   2.6205175e-01  -1.3906105e-01   3.2396263e-01   6.2883405e-03   5.8791693e-02  -1.8222208e-02  -1.1359987e-01  -6.8217719e-03   2.0224896e-01  -3.1173545e-01   2.7982963e-01  -2.6020066e-02  -1.2019998e-01   1.3461710e-01  -4.2155783e-02  -1.3522567e-01  -2.8187685e-01  -7.0172945e-02  -1.2676937e-01   1.0532090e-01  -2.5479278e-01   6.8168992e-03   5.0367199e-02   4.1343914e-02  -2.1663316e-01  -6.3283659e-02  -1.4503177e-01   8.5291027e-02  -2.8751347e-01  -1.5045499e-01   3.8954960e-02   5.1857380e-02  -1.8466348e-01  -5.9881570e-02   5.1846620e-02   1.1076903e-02  -1.0300373e-01  -9.8440509e-02  -8.2022288e-02  -1.4981007e-03  -7.6302569e-02
  -1.4989335e-01   9.5270207e-02  -1.7295904e-01  -1.4907310e-01   7.2209202e-02   7.7871487e-02  -3.9152215e-02  -9.5425666e-02   7.4557411e-02  -1.4980640e-01  -2.6288271e-02  -9.9181852e-02  -1.4070954e-01  -1.9454918e-01   2.3087937e-01  -2.1330072e-03  -3.2490493e-01   2.1124727e-01   2.2953211e-02  -1.5698805e-01  -5.4600973e-03   1.3078429e-01  -4.3464978e-02  -2.8083111e-01  -1.4078383e-01  -2.4916838e-01  -8.8007975e-02  -2.5024227e-01   6.3888135e-02  -1.1884315e-01   5.9607379e-02   1.0430222e-01  -1.3421842e-01  -1.0279517e-01  -1.1718168e-01   3.5761155e-01   1.5867857e-01   2.8834136e-02   6.0826655e-02   1.8459748e-03  -1.5239020e-02  -9.3151731e-02  -1.0934336e-01   6.0986023e-02   7.6848145e-02   1.6804669e-01  -1.4676037e-01  -5.0341626e-02   6.3550988e-02
  -1.5455212e-01   2.3338477e-01   1.1635031e-01   2.8756416e-02   7.9211084e-02  -1.9171081e-02  -1.3985180e-01   6.0167064e-02   6.2016765e-02  -2.6078678e-02  -4.7826211e-02   2.5613385e-01   9.2194191e-03   2.5846391e-01   1.8738082e-02   1.5776603e-01  -7.1678660e-02  -1.1616315e-01  -8.4569048e-02  -1.2408269e-02   5.5596859e-02  -1.6839746e-01   2.8002253e-01   8.1802570e-02   1.6628938e-02  -2.8831734e-01   2.1677987e-01  -1.1786995e-01  -2.5180176e-01   5.6254644e-02   8.7954505e-02  -1.2114844e-01   1.2861842e-01  -2.7254670e-01   1.4146718e-01   2.5991332e-01   6.8273438e-02  -2.2613246e-01  -1.5796175e-01  -1.2683573e-02  -1.1967297e-01   5.5673839e-02   5.6482665e-02  -4.5827643e-02   6.5124783e-02  -7.4270451e-03   1.0463093e-01   1.9949953e-01  -9.5895492e-03
  -1.4014265e-01  -3.2914148e-02  -1.7065203e-02  -1.4691129e-01   3.9985410e-03  -1.5247037e-02   3.7834928e-02   2.4274793e-01   4.2619776e-02   9.9287875e-02  -1.7468262e-01  -1.5432108e-01  -3.0767815e-01  -2.6402030e-01  -9.8695702e-02   1.5911840e-01   1.8959249e-01  -3.2254937e-02  -3.2642441e-01  -1.6184799e-02   1.1990943e-01   6.2421808e-02   1.5508391e-01  -8.7542876e-02  -1.5830439e-01  -1.3314995e-01  -1.1822057e-01   2.0134244e-01  -5.2687885e-02  -1.3870264e-02   8.0829657e-02  -2.0006232e-02   3.0029302e-02   8.2952895e-02   3.0415805e-02   5.5281981e-02   5.0021522e-02  -6.7823393e-02  -8.9389449e-02  -1.2764682e-01   2.6021734e-02   3.4087654e-01   1.7821544e-01   2.1435746e-01  -1.5319789e-01  -1.4238796e-01   4.0130507e-02  -2.1741738e-01  -2.2801438e-03
  -1.1922604e-01   5.0024932e-02  -1.2311846e-01   8.8146596e-02  -2.9941517e-01   1.0347671e-01  -8.0707597e-02  -2.2941627e-01   3.2623655e-02  -3.2647708e-02   1.7733737e-02   1.3803939e-01  -2.0532394e-03   3.6971585e-02  -1.4327750e-01  -1.4659161e-01  -2.1379518e-02  -1.0225787e-01   8.8843518e-02   1.3149569e-01   5.7073477e-02   7.0287876e-02  -2.5508757e-02  -7.3170919e-03  -6.2398071e-02  -1.4397532e-01   2.5204020e-01   2.2648769e-02   1.8654047e-01  -1.0842796e-01  -2.0540231e-02  -2.2429481e-01   1.3643526e-01   3.0299301e-01   1.2518263e-01   1.1014354e-01   3.7209318e-02   1.1339721e-01  -3.1632522e-03  -1.4282162e-01  -1.2441704e-01  -1.0033134e-01  -7.3258293e-02   4.4292466e-01   1.5444243e-01  -7.5552658e-02   1.3306651e-01  -1.7686695e-01  -1.6279722e-01
  -1.4165879e-01   9.0076136e-02  -2.0057805e-01   6.5702438e-02   1.0633376e-01   8.7103276e-02   7.4463565e-02   1.4620507e-01  -2.7749473e-01   7.7081539e-02  -2.9561697e-02  -1.3339808e-01  -6.6873998e-02   3.2959233e-02   1.9439965e-02  -2.0026888e-01   1.5570711e-01  -2.2942203e-02   8.0291273e-02  -2.7838084e-01   1.5829801e-01   2.8823727e-01  -9.8105032e-02   5.4288877e-02  -2.0106274e-02  -4.2851340e-02  -1.6857912e-01  -1.8347970e-01  -2.8736579e-02  -1.9492762e-01  -4.5300646e-02   1.5332234e-02   2.3434453e-01   9.4384675e-03   1.7562482e-01  -8.9306287e-02  -2.2463429e-01  -7.7513397e-02  -5.0521850e-02   1.0268181e-01  -2.3465676e-01  -4.7611484e-02  -4.4855857e-03   2.6005939e-02   3.5009709e-02   2.3895684e-02   3.0977843e-01   2.0576374e-01   1.9345183e-01
  -1.5643633e-01  -9.6541304e-02  -1.0616641e-01  -7.1652265e-02   1.1427468e-01   5.0037392e-02  -1.7101025e-01   8.8106274e-02  -2.6100326e-01  -2.4123487e-01   1.9739873e-01   1.6659573e-01  -6.5936687e-03   1.6206704e-01   1.8376644e-01   2.9537489e-02   1.2370879e-01   7.0469085e-02   6.0379236e-02   9.1093516e-02  -1.7609352e-01  -3.9651436e-02  -8.9573742e-02   2.1109570e-01  -1.5755073e-01  -9.8416860e-02  -1.2843773e-01   5.6479190e-02   1.9167055e-01  -1.8289683e-03  -2.2741089e-01   1.2525392e-02  -2.6998161e-02   5.0974896e-02  -1.9111341e-01  -4.5601630e-03   2.3696509e-01  -7.1592104e-02  -2.2043791e-01  -1.3096377e-02   6.1013969e-02   2.1976635e-01  -1.0456407e-01  -1.4101450e-01   1.6961822e-01  -2.1856851e-01   1.5221239e-01  -1.9960294e-01   1.0368291e-01
