  -1.4784076e-01  -6.3741854e-02  -7.6519998e-02   8.0563173e-02  -3.9890067e-02   2.6180085e-01  -1.1283064e-01  -1.6435383e-02   1.3072441e-01  -2.9713589e-01   2.6429395e-02  -2.0031392e-02  -1.6446570e-01   9.5576884e-02   1.1364546e-01  -1.3282580e-01  -1.4776845e-01  -2.8258765e-01  -6.5203086e-02   3.8115317e-01  -5.4027573e-02  -2.1375053e-01  -4.9053893e-02  -2.7668448e-02  -2.7226426e-02  -5.4966245e-02   1.0219920e-02   2.8600151e-01  -3.4464726e-02  -2.2979161e-01   2.0482603e-01  -6.8520363e-02  -2.5280553e-02   1.4065440e-01  -1.3760276e-03   1.0414662e-02   7.6660284e-02   5.0260200e-02  -5.8456377e-02  -2.7731053e-01  -2.7288973e-02  -4.5584077e-02   3.4786276e-02   6.6589589e-02   1.3332589e-02  -4.8307065e-02  -9.0971730e-02   1.3570124e-01   2.6297140e-01
  -1.5282758e-01  -5.0256387e-02  -2.7154979e-01   3.6632628e-02  -6.0771638e-02  -1.1001729e-01   7.4218640e-02   1.0266840e-01  -2.4283036e-01  -1.3770164e-01   6.3653355e-02   2.7271134e-02   8.8167222e-02   2.5243157e-02  -2.1441160e-01  -2.5762844e-02  -5.2978935e-02  -9.5256910e-02  -1.6648151e-01  -1.0614500e-01  -1.1354088e-01   1.6613293e-01  -1.9873335e-03   3.0828498e-01  -1.7789017e-01  -2.0130721e-01   3.4871279e-02   1.3481266e-01  -3.8503526e-03  -1.3623251e-02  -1.1470540e-01   3.0298628e-01  -1.3983069e-02  -9.5498026e-02  -1.5893891e-01  -1.4912466e-01   1.6254114e-01   5.7113336e-02  -7.3395635e-02  -1.8449925e-01  -3.3820555e-02   2.8650763e-01   2.4514122e-01   3.0648133e-02  -7.4341230e-02   5.8830880e-02   7.6019245e-02  -2.3922427e-01   6.4190878e-02
  -1.4487518e-01  -5.5852266e-02   2.4402451e-01  -9.5991381e-02  -2.1469601e-01   7.5561633e-02   6.4606099e-03   4.0733259e-02   1.3016765e-01  -2.3023058e-01  -1.6022059e-01  -1.0739569e-01   2.9323165e-02  -2.1641261e-01  -8.2347163e-03   1.5936214e-01   1.4270738e-01  -8.6504062e-02   1.4105471e-01   4.7716045e-02  -8.6685054e-02  -2.4329933e-02   7.3243667e-02  -4.5841392e-02  -1.5100555e-01   1.5247156e-02  -2.9957555e-01   7.6335408e-02   3.1976995e-02  -8.3846233e-02   1.5933980e-02   1.6595874e-01   7.8168531e-02  -2.3920064e-01   2.6368900e-01  -3.3475643e-01   7.0673910e-02  -1.7557200e-01  -6.0710147e-02   1.2313647e-01   3.5997841e-02   5.6894744e-02   7.9637877e-02   1.1728231e-01  -1.4042311e-01  -1.6938251e-01  -1.0609424e-01   4.1591843e-02  -2.6008952e-01
  -1.4660330e-01  -1.3622789e-01   1.3244887e-01   3.0254940e-01  -5.4927565e-02  -1.8796604e-01   1.6120027e-01  -5.7882653e-02   2.0724621e-01  -6.1816142e-02   4.0394287e-02   1.0412995e-01  -7.9277196e-02  -7.4896031e-02   1.6405858e-02  -5.5965756e-02   1.0103468e-01   2.3069088e-02  -4.4337006e-02   2.1518710e-01   1.5272445e-01   1.7404171e-01   2.2307833e-01   1.3623653e-01   1.8358856e-01   4.2463867e-02  -5.6498669e-03  -1.9215631e-01  -1.2766377e-01  -1.5080717e-01  -1.4127376e-01  -4.0901042e-02   5.5028294e-02  -4.7568488e-02   2.1137873e-01   1.2254044e-01   1.3693026e-01   1.3643029e-01  -2.7437336e-02  -2.3973898e-02   9.4886761e-02   3.5248648e-01  -2.6813217e-01  -1.7429011e-01  -5.7799963e-02   6.4754787e-02  -1.5235515e-01  -1.0258683e-01   1.1868394e-01
  -1.5536829e-01  -1.4798290e-02   3.7055968e-02  -8.1261998e-02   1.5436089e-01   1.9893341e-01  -1.8995392e-01   7.5269726e-02  -6.6043684e-02   5.0381250e-02   2.7621185e-01  -2.0235318e-02  -1.4126489e-01  -2.4144208e-01   1.9199787e-01   1.7497525e-01   2.7550002e-01   3.5872899e-02  -3.0656410e-01  -1.8387815e-01   2.0830199e-01   5.9581330e-02   8.7479395e-02   1.4425680e-01   1.2087177e-01  -1.5367063e-01  -2.1398441e-01   5.3133402e-02   1.7569361e-02  -1.7607367e-01  -9.1111442e-02   4.2640972e-02   3.1165917e-02  -2.9076071e-02  -1.1926598e-01   1.9626667e-01  -5.6989800e-02  -2.5737199e-01   2.2364142e-01  -2.6472948e-02   1.4458656e-02   2.8484911e-02   6.8796132e-02   6.8685539e-02   3.3886470e-02  -2.5337329e-03  -3.9172064e-02   1.5890548e-01   1.0656619e-01
  -1.5276526e-01  -6.8475897e-02   5.9686162e-02  -1.0311799e-01  -1.1224789e-03  -1.0618836e-01  -7.8288114e-02   2.4728490e-01   5.3635618e-02   2.1886791e-01   7.6665852e-02  -1.6078802e-01  -1.6493107e-02  -2.1380365e-02  -1.0745263e-01   2.6589951e-01   2.2889731e-01  -1.5498540e-01  -2.7595047e-02   1.7115989e-01   1.0236143e-01   1.3913653e-02   1.3838282e-01  -3.1245246e-01  -2.2959095e-01  -1.2828742e-01   1.9886627e-01   7.9119780e-02  -2.2027067e-01  -1.5646876e-02  -1.5572048e-01  -1.2261013e-01  -3.1563162e-01   2.5870646e-01   5.1621879e-02   1.4920445e-02   7.9750243e-02   4.2900012e-02  -1.2455405e-01  -3.7191594e-02   5.9242222e-02  -5.6523351e-02   6.3175591e-02   4.5212618e-02   6.5576035e-02   1.2286082e-01   2.4832145e-02  -1.8858686e-01  -1.1805576e-01
  -1.5323391e-01   5.5515296e-02  -1.5263468e-02   1.7292295e-01   1.7414734e-02  -1.3233962e-02   2.0734315e-01   1.8511035e-01  -1.1465380e-01   9.4861187e-02   1.5933212e-01  -2.0749775e-01   1.7866660e-01  -3.5598011e-01   1.1533577e-01   4.0727894e-02  -3.2634257e-01   1.8195558e-01  -3.2945776e-02  -7.6847053e-02  -4.2512170e-02  -1.4082540e-01   3.5538344e-04  -6.8382083e-02  -6.5053930e-02  -1.8069972e-01  -6.6879681e-02  -3.4699154e-02   2.4823679e-01  -5.7430791e-02   6.2589932e-02  -3.0345917e-01  -9.8373508e-02  -1.3515372e-01   1.9945660e-02  -1.7833297e-01  -3.8103778e-02   2.8460714e-03  -1.0857946e-01  -1.6282748e-01   3.7271836e-02  -1.1596171e-01  -8.6158370e-02  -2.2852416e-01   1.3303408e-02   2.9792563e-02  -1.8918871e-01  -8.0946650e-02   8.4719461e-02
  -1.3238577e-01  -1.5814418e-01  -4.9489001e-02  -2.6472005e-01  -1.3842038e-01   1.8805634e-01  -2.4986575e-01   9.7937631e-02  -8.5219018e-02   9.8745172e-02   1.1856576e-01  -8.1635900e-02   1.7076496e-01  -8.7983185e-02  -2.3946311e-01  -1.9110292e-01  -3.9976686e-02  -4.8244649e-02  -3.6380023e-02  -2.9370108e-02   4.1154562e-02   7.1190764e-02   1.6958875e-01  -1.1620887e-01   1.3052618e-01   7.7673221e-02   2.3892384e-01  -9.8809093e-02   1.3661201e-01   6.8437904e-02   1.5920312e-02   1.6421243e-01   2.1223888e-01  -7.2346741e-02   3.0642546e-01   1.1022179e-01  -1.2705990e-01   4.0841383e-02  -1.4039237e-01  -2.5950858e-01   1.2777141e-01   1.9694710e-03  -9.8635741e-02  -1.5949906e-01   2.3128172e-02  -1.8966411e-01   1.7278693e-01   1.2236248e-01   1.5525363e-02
  -1.4678702e-01  -1.3448920e-01   1.7927123e-01   8.5986314e-02   4.6459191e-02   1.6325365e-01   5.7555341e-02  -1.8987830e-01   3.5788934e-02  -1.0826936e-01   4.9674604e-02   8.1506521e-02  -1.4412366e-01   2.5481995e-01  -1.1375141e-01  -1.9866219e-02   5.9955322e-02   9.6218167e-02   3.1024249e-02  -1.0637084e-02   1.6702924e-02   1.5598119e-01   5.5182656e-02   3.1582489e-02  -3.7171409e-01  -2.2909282e-01   1.4019474e-01   2.5383812e-02   3.2078753e-01   1.2242189e-01  -6.8151071e-02  -3.6616919e-02  -1.9450614e-01  -1.5015589e-01  -9.5681659e-02   7.9361396e-02  -1.0971138e-01  -8.2787421e-02  -1.9209982e-02   1.6437453e-01   2.9583529e-01  -1.5441173e-01  -1.9473957e-01   3.0244532e-02  -1.0446014e-01  -1.9224537e-01   4.8630457e-02  -4.7852109e-02   1.7105094e-01
  -1.3275951e-01  -1.2592310e-01  -6.0754690e-02   1.1508168e-01   3.4012213e-01  -1.6735058e-01  -9.2432713e-02  -1.0287417e-01  -1.0714402e-02   6.6562731e-02   8.9696003e-04   5.3559373e-02  -1.5716591e-01   3.7297377e-03  -2.1067605e-01  -5.4085112e-02   1.4407855e-01   1.6161493e-01  -5.1823119e-04  -4.1775592e-02  -7.3836322e-02  -2.3625701e-01  -1.3776982e-01   7.8439540e-02  -7.4812396e-02   8.6388823e-02   1.2221035e-01  -1.4164197e-01   4.5723264e-02  -2.2337855e-01   1.9903860e-01   8.5462387e-03  -5.4926812e-02  -1.3572201e-01   1.5165318e-01  -7.6936494e-02   1.6570826e-01  -5.3915200e-02  -1.5793096e-01   2.5313915e-02   2.7562706e-01   2.9632169e-03   2.5688785e-01  -5.1332248e-02   1.8114050e-01   2.1300543e-01   1.4041728e-02   2.9958473e-01  -1.1629646e-01
  -1.4482284e-01  -9.5024095e-02  -1.3823526e-01  -6.4314084e-02  -5.3901342e-02   7.5212670e-02   7.1130185e-03  -8.0658030e-02   1.8495068e-01   1.0219618e-01  -1.2665503e-01   1.8197615e-01   1.3357220e-01  -3.6107080e-01  -2.0895562e-01  -3.6546300e-01  -5.7300661e-02  -3.9228197e-02  -9.4963078e-02   9.7860198e-02   5.9010877e-02  -7.1018273e-02  -1.6726427e-01  -7.0766457e-02   4.6265620e-02   5.0513682e-02   6.2899485e-02  -1.3232363e-01   1.1302644e-01  -1.7635106e-01  -2.0894254e-01  -6.5324440e-02  -9.2665863e-02   2.3728356e-02  -1.5896747e-01   1.3176311e-01   1.7282798e-01  -4.0953590e-02   1.6936061e-01   2.0343496e-01  -3.7341040e-02  -1.4303652e-01   1.5005379e-01   1.7706490e-01  -3.0759084e-02  -1.8251411e-01  -1.2150063e-01  -2.1378589e-01  -7.5213773e-02
  -1.3059538e-01   3.1402761e-02   1.2416126e-01   1.3280750e-01  -1.5488369e-01   1.1913308e-01  -1.0756202e-01   2.6719555e-02  -2.0249436e-02   1.7391045e-01  -4.1333065e-02  -3.3727312e-02   7.0725511e-02   2.8348397e-01  -1.7141268e-01   1.1895647e-01   4.9774721e-02  -1.2132300e-01  -8.9385829e-02  -1.8094671e-01  -1.0137918e-02   1.3906493e-01  -3.1263071e-01  -1.0278743e-01   1.5095230e-01  -6.3264655e-02  -1.5580846e-01  -2.7029445e-02   3.1381850e-01  -7.7790310e-02   8.7015412e-02  -1.0351217e-01  -8.3768232e-03   2.7955397e-01   2.0893773e-01  -1.8031925e-01   1.2506266e-01   2.0256849e-01   2.9765677e-01   1.0573681e-01   2.2202733e-02   1.6791064e-01   9.2017798e-02  -1.0795860e-01   3.5965202e-02  -9.6451427e-03  -6.0051408e-02  -7.9467074e-04   1.0537478e-01
  -1.3737720e-01   2.3122232e-01  -3.7405110e-02  -6.2496988e-02   2.3671587e-01   6.8136429e-02   3.1440469e-01   4.2391131e-02   3.5945470e-02   1.9003848e-01  -3.1400795e-01   4.7280283e-02   6.2526436e-02   2.1560217e-03   1.9294609e-01  -1.0943270e-01   1.4354959e-01  -3.0507285e-02  -1.5442398e-01   2.0146877e-02  -1.5479566e-01   7.6799025e-02   1.7401147e-01  -3.7484633e-02  -1.5567181e-02   2.8960617e-01  -1.6518443e-01   1.2036570e-01   2.7969556e-01  -2.1521040e-02  -3.1547081e-02   2.7447488e-03  -7.2563691e-02   1.3100394e-01   9.9843064e-02   9.9870112e-02  -1.5893440e-01   5.5122647e-02  -1.4109536e-01  -1.6892743e-01   1.8839623e-01   1.1300954e-01   1.0286371e-01   1.8441146e-01  -1.3201525e-01   6.0701979e-02   1.4333554e-01  -2.8400408e-02   4.8216643e-02
  -1.3881773e-01  -1.8456144e-01  -1.1077427e-01   6.1621689e-02   6.4647741e-03   2.5881223e-01   8.8396356e-02   8.8828013e-03  -1.2338439e-01   2.1225348e-01  -1.1075748e-02   1.6997633e-01   1.1173705e-01  -6.0520765e-02   1.5599424e-01   1.7283462e-01   8.3349055e-02  -1.0835632e-01   3.6606442e-02   7.5322323e-02  -1.8011395e-01   1.5012710e-01  -4.3607131e-03  -1.0853320e-03   2.4559872e-01  -1.0925598e-01  -1.6092345e-02   7.1762284e-03  -7.7007595e-02   1.2910132e-01   3.3565062e-01   1.5374133e-01  -6.3594616e-02  -1.1097383e-01  -8.8885906e-02   1.2287668e-01   3.3677476e-01   1.3068732e-01  -1.7324322e-01   1.9174252e-01   7.9049798e-03  -2.3669769e-01  -1.1055428e-01  -5.8361365e-02  -2.3344129e-01   1.1579748e-01   1.5717620e-02   3.7626721e-02  -7.7183242e-02
  -1.5345537e-01  -3.1815256e-02   7.7461132e-02  -2.6692739e-01   6.0928105e-02  -2.2998282e-01   8.5725306e-02  -2.5929118e-01  -6.7109040e-02  -7.2011630e-02   1.6546208e-01   4.9651434e-02   2.0774513e-02  -1.9988631e-01   1.9762969e-02  -7.9731819e-02   1.8567988e-01  -7.4502247e-02   3.8022056e-02   1.0651254e-02   1.8260095e-01  -7.7259266e-02  -1.6196156e-01   1.4048424e-01  -4.3739852e-02   1.0549709e-01  -2.5695593e-01   1.6600851e-01  -2.7908220e-02   2.3517315e-01   2.3609917e-01   1.5892309e-02   5.0176129e-02   2.4576027e-01  -7.6350594e-02  -8.8004190e-02   6.4811468e-02   1.4999765e-01  -4.3332691e-02  -4.1523752e-02   1.9278450e-01  -8.3892710e-02  -1.2177603e-01  -1.8234400e-01   2.2793437e-01  -1.7407261e-01   7.1372382e-02  -2.1799858e-01   2.8561111e-02
  -1.4290556e-01   3.0872707e-01  -9.5215198e-02  -1.7627691e-01   8.0320452e-03  -4.5452638e-02  -5.1033279e-02   3.5668810e-02  -5.7471972e-02  -1.2984200e-01   1.4747140e-01  -8.9241623e-02  -1.3157041e-01  -1.0943665e-01  -3.8657544e-02   1.9692126e-01  -4.6275591e-02   3.2323290e-02   5.2951134e-02   6.5426710e-02  -1.4402716e-01   1.6992455e-01  -1.3409639e-02  -1.0428824e-01  -9.0525600e-02   2.2798366e-01   1.2681833e-01   1.7262017e-02   8.2604131e-02   3.8084995e-02  -1.5696576e-01  -2.5175034e-01   2.4872490e-01  -5.4208924e-02  -2.5027028e-01   6.1545642e-02   2.8950343e-01   2.7002266e-01  -6.8268257e-02   1.8381230e-01   8.1252092e-02   1.6459509e-01  -3.0168023e-02   5.7076066e-02  -3.9859298e-02  -1.3858764e-01  -5.6980099e-02   2.9097533e-01   4.3937698e-02
  -1.4614588e-01   6.4603291e-02  -2.4244912e-02   1.6358743e-01  -2.5637767e-01  -2.4487504e-02   8.8741525e-02  -1.2522906e-01   2.5258497e-02   4.0649543e-02   7.5966266e-02   1.7270325e-01  -2.4769442e-01  -1.2736205e-03   9.9610914e-02   1.1300167e-01  -1.6846237e-01   1.1207255e-01  -3.3459847e-01  -9.7152782e-02  -1.9463646e-02  -1.7731923e-01  -3.9429063e-02  -2.4532540e-02   2.2578508e-02  -1.3751297e-02   1.9418281e-02  -2.4344298e-01  -6.8768879e-02   3.7621199e-01  -1.3376801e-01   9.0025762e-02  -2.4949137e-02   2.8111946e-01   1.4745402e-01  -7.5319367e-02   1.3855902e-01  -1.5166381e-01  -1.9210094e-01  -1.2563064e-01  -5.5055395e-03  -5.4191167e-02   6.0726483e-02   1.7319222e-01  -4.5811672e-02  -1.9597605e-01   1.8518821e-02   1.4673520e-01  -7.3491862e-02
  -1.4138305e-01   1.1891799e-02   9.3841689e-02   1.3396667e-01   6.2801774e-02  -1.9703466e-01  -1.7159168e-01  -3.4980805e-02   7.6407187e-02   6.0903656e-02   2.5139116e-01   2.7182245e-02   2.7605819e-01   1.8992045e-01  -1.4209178e-01  -8.4869692e-02  -2.4816019e-02   2.3636931e-01   1.4207534e-01   2.9673393e-01  -8.3546126e-02  -4.4848621e-02   2.3684775e-01  -1.3424548e-01   2.0401504e-01  -1.0069710e-01  -2.7403565e-01   1.0532586e-01   1.6996429e-01   1.4400798e-01  -1.2409567e-01   1.1406197e-01   1.5674460e-01   6.5076243e-02  -1.9506095e-01  -8.0651048e-02   8.0170899e-02  -7.1336825e-02   6.4453943e-02  -1.0269859e-01   3.1756285e-02  -1.1191968e-01   2.3871061e-02   2.3835296e-01   1.5863787e-02   1.6108149e-01  -3.2486121e-03   6.3538875e-02  -4.4381032e-02
  -1.3995396e-01   1.9016108e-01  -1.8925075e-01   2.1710932e-01  -6.8579888e-02   5.9916235e-02  -1.4599871e-01   1.6300222e-01   3.1004603e-02  -1.7366169e-02   2.0657589e-01  -1.2442654e-02  -1.1568442e-01  -1.2289978e-01  -6.0377917e-02  -4.1085608e-02   1.2135696e-01   9.6981934e-02   1.9978213e-01   6.0987347e-02   3.6707400e-02  -3.8527641e-02  -8.3957699e-02   3.6213867e-02  -6.3243860e-02   2.2322568e-01   9.6061096e-02  -2.7038068e-02   1.2375825e-01   1.6255324e-01   3.8635466e-01  -2.0610917e-02  -2.1026340e-01  -3.7229903e-02   4.5727307e-02   5.2108204e-02  -4.1059600e-02  -1.6906312e-01   1.8438426e-01  -3.3973820e-02  -1.5203394e-01   2.7406121e-01  -2.1733613e-01   2.2231978e-01  -7.3824011e-02   1.9763679e-02   1.6283874e-01  -1.8062163e-01  -1.3167930e-01
  -1.4479260e-01  -1.8319276e-01  -2.9047206e-01   6.0913358e-02   1.5735642e-02  -2.4708013e-02   1.7399142e-01   7.6828355e-03   2.3544979e-01  -7.7300925e-02   1.2186156e-01  -3.3016927e-03  -1.8736977e-01   8.7722151e-02  -1.7851366e-02   1.1601636e-01  -1.7519617e-01  -1.5732820e-02  -7.4916367e-02  -7.4325391e-02  -9.4942634e-02   2.1067248e-01  -1.0934173e-02  -1.1730140e-01   1.5050785e-01   8.8016493e-02  -9.6960306e-02   1.4016066e-01  -1.3989512e-01  -1.1195973e-01  -5.7190493e-02  -2.2964397e-01   1.7354848e-01  -1.2961315e-01   7.5698617e-02  -1.2154894e-01  -8.0208891e-02  -7.8755534e-02   1.8452735e-01   1.4192272e-02   1.2973351e-01  -2.0634650e-01   1.2932638e-02  -3.1458497e-02   8.8539322e-02  -8.1415470e-03   4.5195432e-01  -1.4957321e-01  -1.6436657e-01
  -1.1261196e-01  -1.2885018e-01   1.9839074e-01  -6.5296691e-02   7.3747823e-02   1.0656658e-01   1.1592001e-01   3.2400826e-01   1.4746191e-01   2.9085172e-02  -1.4168498e-01   1.9875021e-02  -8.0719980e-02   3.3615942e-02   1.4079676e-01  -2.3338006e-01  -1.1327239e-01  -8.1621626e-02  -6.6320983e-02  -1.8059246e-01   9.9247607e-02  -1.1929290e-01   2.2158396e-01  -7.6665368e-02  -3.7977968e-02   2.6970557e-02   7.4206634e-02  -3.0714723e-02  -7.4757456e-03   2.2091957e-01   3.3485022e-02   1.2344255e-01  -5.8253549e-02  -1.5097279e-01  -1.8975760e-01  -2.2417603e-01   2.4830197e-01   1.2937541e-01   2.1030338e-01   6.8498660e-02  -4.4327059e-02   1.1665760e-01  -1.1313009e-01   6.1553480e-02   3.8278086e-01   8.0476665e-02   1.1334322e-01   1.2553563e-01   6.2888170e-02
  -1.3849929e-01  -2.8993865e-01  -2.2201519e-01   4.6402503e-02   1.3164325e-01   2.4979642e-02  -2.7915817e-01  -8.6132574e-02   5.3392722e-02   3.7932799e-03  -5.9541339e-02  -1.4513218e-01   2.5959667e-02   5.5509190e-02   3.8329469e-01  -9.2553318e-02  -1.3840887e-01   4.8142480e-02   1.3237358e-01  -8.9284592e-02   1.8677798e-01   4.8467391e-02  -1.4293724e-01  -1.1791503e-01   8.6382959e-02  -4.2484952e-02  -1.3069501e-02   5.6922546e-02   7.9951878e-02  -1.1358100e-03  -1.4420958e-01   5.0487343e-02  -4.4460080e-02   1.4664568e-01  -1.4575965e-01  -1.3441937e-01  -1.5893926e-01   8.7599809e-03  -3.2698011e-01   2.0322550e-01   5.4895429e-02   3.4061639e-01  -4.0197373e-02  -3.3377080e-03  -4.4778081e-02  -4.4572244e-02  -2.2858922e-02  -1.2006670e-02  -1.8075374e-01
  -1.4327101e-01   7.3262634e-02  -5.2370176e-02  -4.2349684e-02   1.0960903e-01  -1.2325701e-01   1.7799333e-03   2.3631331e-02   1.0774904e-01  -1.0022222e-01   8.4542186e-02   3.6354356e-01   1.2137779e-01  -1.2108726e-01   6.8220138e-02   2.2376707e-01  -1.9256118e-01  -4.4106874e-02   1.7748554e-02   1.1599090e-01  -4.6613403e-02   2.0822038e-01  -2.6762874e-01  -1.6674071e-01  -1.0061341e-01   9.2413321e-02   1.4754656e-02   5.9769048e-02   4.4433656e-02   1.8738497e-02  -1.3288214e-01   3.8726154e-01  -2.2951171e-01  -8.6900862e-02   1.6081962e-01   5.7292751e-02  -2.4130668e-01   6.9484163e-02   1.1211184e-01  -7.6439952e-03  -9.7105033e-02  -4.8897443e-02  -8.0324791e-02  -8.2723945e-02   2.3259229e-01   9.9884889e-02  -1.2929309e-01   1.8087998e-01   5.3611684e-02
  -1.3545281e-01   2.3785512e-02   6.9266636e-02   2.8853546e-01  -1.0703473e-01   1.5514149e-01  -4.6451879e-02   1.1300833e-01   4.5423765e-02  -1.0179681e-01  -1.2128953e-01  -9.2050215e-02   6.0124458e-02   8.9904681e-02  -2.5164573e-01   3.0376741e-04   8.0700310e-03   1.7019461e-01  -1.1534068e-01  -6.2186142e-02   2.4956999e-02   1.2238416e-01   1.0263395e-01   7.4040963e-02   2.7170585e-02   1.9903959e-01  -2.3001444e-01   9.6381083e-02  -1.6354818e-01   5.9226386e-02   9.2247184e-02  -4.2053157e-02  -1.9232672e-01  -3.4073402e-02  -2.2173092e-01   2.5543104e-01  -1.7279370e-01   1.5289215e-01  -1.9798371e-01   3.3900752e-04  -9.4964238e-02  -5.4475137e-02   1.7976190e-01  -1.8160887e-01   2.6019713e-01  -2.2443691e-01  -1.1722589e-01   7.2054809e-02  -2.2751619e-01
  -1.3183990e-01  -1.8794526e-01  -2.4732482e-01   1.4532354e-01  -1.0862766e-01  -7.4521884e-02   8.8963922e-02  -2.1450654e-03   3.3961218e-02   1.4618933e-02  -1.7536990e-01  -3.3411048e-01   7.4148897e-02   8.4439062e-02   2.0616063e-02   4.9218393e-02   2.9565345e-01  -2.8358982e-02   1.0581888e-01  -1.0575754e-01   2.0248960e-01  -1.0890889e-01  -2.8401867e-01  -2.4570220e-02  -8.4320347e-02   1.9225597e-01  -6.3570165e-02  -2.0717033e-02  -1.9853866e-02   1.7319751e-01  -2.3140831e-01   5.0631424e-02   6.5147349e-02  -2.0308648e-01  -3.2528277e-02   8.3437511e-02   6.1438983e-02   7.6178274e-02   1.0343854e-01  -2.7136187e-01  -2.9195947e-02  -2.2213818e-01  -1.1970100e-01   8.6623915e-02  -1.0835500e-01   8.8301169e-02  -1.0357197e-01   1.4373597e-01   1.7421368e-01
  -1.3379884e-01   1.2011137e-01   1.3247763e-03   2.1928466e-02  -2.5236165e-02  -2.2419996e-01  -2.5296077e-01   2.5431485e-01   2.8085671e-01  -4.8713108e-02   3.9546125e-02   1.6558900e-01   3.9555502e-03  -3.8370706e-03   2.4804426e-02  -7.6396437e-02   1.8175706e-01  -1.6741603e-01  -1.0848036e-01  -2.2359632e-01  -2.3690951e-01  -2.2347660e-01  -3.4094041e-02   1.9050372e-01   5.9128436e-02  -2.0039715e-01   5.5998124e-03  -6.9086876e-02  -3.2027332e-02   6.0244270e-03   2.5694548e-03  -8.6474821e-02   8.0665749e-02  -6.9587734e-02  -1.4077136e-02  -4.3930510e-02  -3.1578738e-01   3.5933322e-01  -1.2066399e-01   1.0139306e-01   1.8117016e-02  -1.5461432e-01  -1.3270689e-01   1.1933888e-01  -1.5227232e-01   6.4644202e-04  -6.6314017e-03  -3.2462692e-02  -3.8681628e-03
  -1.3401828e-01   1.4327247e-01   1.0677030e-02  -2.3954931e-01  -7.2247003e-02  -5.1846869e-02   9.1086747e-02  -6.0207352e-02   1.0815131e-01   7.0115095e-02   4.0009690e-03  -2.4008758e-01  -1.3561636e-01   2.7494115e-01   4.7822290e-02   4.4092265e-02  -5.9029126e-02  -4.5893443e-02  -3.2418625e-01   2.1337472e-01   2.2177196e-02  -1.6917794e-01  -1.0801640e-01   5.9590332e-02  -3.7568129e-02  -5.8295943e-02   9.5238521e-03  -7.9990705e-02   2.7096767e-01  -8.8334287e-02   3.7589012e-02   1.7304030e-01   1.4407593e-01  -1.4827985e-01  -8.1805309e-02   2.0237591e-01   2.6898566e-02  -5.3704794e-02  -3.4500816e-02   4.5865891e-02  -1.5911102e-01   5.2642732e-03  -1.7232795e-01  -1.8684972e-01   7.1419870e-02   1.6493254e-01  -6.8345491e-02  -1.6139152e-01  -3.7013391e-01
  -1.5235625e-01   1.1316136e-01   9.2858716e-02   1.1879185e-01   1.3504445e-01  -2.7955844e-01  -2.3761738e-01  -1.4972281e-01   1.6298445e-01   1.2442908e-01  -1.3774716e-01  -1.8439218e-01  -5.3184416e-02  -2.4038105e-02   9.8271696e-02   3.8988985e-02  -1.9210679e-01  -2.9550927e-01   2.6018812e-02  -1.1434761e-01  -8.2007574e-02   2.0896265e-01   1.3114036e-01  -1.3534948e-01  -5.8098920e-02   6.1393130e-02   6.2206740e-02  -2.2015149e-01  -8.3342284e-02   6.7404388e-02   2.6819225e-01   1.3605698e-01   7.3978530e-02  -5.9175564e-02  -1.8936356e-01   5.1123729e-02  -1.0033968e-03  -1.8724932e-01   1.4806897e-01  -1.3766969e-01   1.0261338e-01  -6.0115142e-02   1.9394793e-01  -1.1323092e-01  -1.2708615e-01  -1.3700019e-01  -1.3279583e-01  -1.2453182e-01   1.2265115e-01
  -1.3414247e-01  -3.3393156e-02  -3.0142831e-02   1.6525689e-01   1.6421282e-01   2.7495810e-02   1.2853888e-01  -6.6025984e-02  -1.5929705e-01  -1.2007783e-01  -6.6894432e-02  -1.8458867e-01  -1.6138849e-01  -1.7432243e-01  -2.9484931e-01   1.4979695e-01  -1.2841428e-01  -1.9220222e-01   1.6774387e-01  -1.2050537e-01  -2.3128086e-02  -2.3270177e-01   2.4296821e-01   3.6456067e-02   6.0496321e-02   6.6379035e-02  -2.3914955e-02  -6.1924504e-02   1.0810429e-01  -1.5028063e-01  -1.1045789e-01   2.7394335e-01   1.5119148e-02   3.6526251e-01  -6.8383246e-02   1.6287603e-02  -1.1872323e-01   5.6300232e-02   5.5885023e-02   2.0358357e-01  -1.4376710e-01  -1.1395729e-01  -2.0654116e-01  -5.8767416e-02  -8.7773110e-02   6.0075880e-02   1.3203355e-01   7.5055435e-02   1.4826188e-02
  -1.5381695e-01  -6.0335982e-02  -1.1854162e-01  -1.7711529e-01  -2.3249909e-01   9.4134981e-02  -9.2705999e-02  -1.4955927e-01  -1.6055384e-01   1.6588514e-01  -2.8413183e-02   2.1676040e-01  -1.5525900e-01   7.0493715e-02  -7.8852817e-02   6.2157834e-02  -1.2400044e-01  -3.0214384e-01   2.5240311e-01  -6.4250019e-02  -1.3090648e-01  -1.5989666e-01   1.6625208e-01   1.2361117e-01   5.3424559e-02   9.3897809e-02  -1.9864697e-01  -3.1076117e-02   1.6915334e-04   1.5585225e-01  -1.5889996e-01  -2.7025322e-01  -1.1201304e-01  -1.5106587e-01  -2.5387821e-02   7.6218766e-02  -1.2281359e-01  -1.4222530e-01   5.5096662e-03  -2.9078559e-02   1.2086741e-01   1.3461474e-01   1.4495312e-02  -3.0231441e-02   1.5762858e-01   2.6464795e-01  -2.2181540e-01  -4.8711424e-02   5.7273506e-03
  -1.5237611e-01   4.7025539e-02  -7.6729598e-02  -6.4561496e-02  -3.0751482e-01   6.7125539e-03   5.9891904e-02   2.1990844e-02   2.1381939e-01   4.9615659e-02  -1.1559492e-01  -8.4947886e-02   2.3873881e-01   1.5205396e-02   4.8468893e-02   8.2220936e-02   7.8895020e-02   1.9524314e-01   3.6746830e-02  -9.7359539e-02  -1.9951831e-01   8.6727421e-02   1.3138262e-02   2.4935752e-01   1.8693155e-02   8.1908129e-02   2.8413824e-01   1.0619944e-01  -7.1382644e-02  -1.6863979e-01   8.8257642e-02   6.2492376e-02   1.0484924e-01   2.6820103e-01  -1.0440819e-01  -7.9263959e-02  -2.0802889e-02  -3.4702935e-01  -7.4025492e-02   1.3777502e-01   1.1976715e-01  -5.6576005e-02  -1.6159142e-01   2.3950657e-02   2.5771671e-01   1.0551511e-01  -1.0719075e-01   2.8257409e-02   2.0513275e-01
  -1.3420657e-01  -9.9492944e-02  -1.3637266e-01  -1.5363590e-01  -6.2552292e-02  -1.3537707e-01   6.5632769e-02   7.6478248e-02  -1.1026342e-01  -7.9756118e-02   1.1633212e-01   2.9650879e-01   5.7109275e-02   3.0422713e-01   6.9224487e-02   8.1036818e-02  -4.7550960e-02   1.7337432e-01   1.0731248e-02  -2.7775998e-01   2.6287796e-01  -1.4286144e-01   2.6699149e-01  -2.1810181e-01  -1.2006660e-01   2.2962126e-01  -1.0531259e-02   1.7178686e-02   1.2488126e-02  -2.8984366e-01   2.1151448e-01   2.6862179e-02   6.2122114e-02   6.4833993e-03   3.9092616e-02   2.9942297e-02   6.1485493e-02   6.4853119e-02  -2.8951128e-03   3.5239346e-02  -1.1298604e-01  -8.5632926e-02   2.5443214e-02   7.5517757e-02  -1.6193672e-01  -9.6649592e-02  -2.4137559e-01  -1.3058302e-01   4.8285131e-02
  -1.6230436e-01   1.6366339e-01  -5.1428181e-02   3.6972414e-02   2.0571769e-01   1.6729378e-01  -3.3330922e-01   2.2201173e-02   7.7809818e-03   1.1783075e-01  -3.6239278e-01   1.5791962e-01  -2.4282871e-02   4.1740724e-03   7.9366833e-02   1.6308289e-01  -9.9581185e-02   3.0947451e-01   1.4672870e-01   4.1349101e-02  -6.0241617e-04  -1.5968450e-01   3.9216628e-02   1.8208697e-01  -1.6193008e-01  -9.3301489e-02  -1.2268913e-02   1.4031186e-01  -1.0774242e-01   3.0089856e-02  -1.7463768e-01   8.6411603e-03   1.7399643e-01   2.1356702e-02   1.7958586e-01   5.7622366e-02   2.1238663e-01   7.3117955e-02   1.4625109e-01  -1.0646918e-01  -3.6014543e-02  -5.3776598e-02  -8.1170912e-02  -1.9820183e-01   1.6662267e-02  -1.1665503e-01   8.8771255e-02  -2.2073687e-01  -1.5560047e-02
  -1.3385071e-01   3.0561477e-01   8.0842436e-02  -7.9401827e-02   6.0189061e-02  -2.3008117e-02   8.3647105e-03  -3.1478956e-03  -1.3296745e-01  -2.0097333e-01  -8.8380164e-02  -2.0425828e-01  -1.1863153e-01   4.8132058e-02  -9.3799677e-02  -5.7055673e-02  -1.2244572e-01   7.7866435e-02   5.4134663e-02  -1.4694767e-01   1.1280361e-01  -8.7463559e-03  -1.2382663e-01  -1.5529608e-01   4.1763612e-01  -1.4032851e-01   1.7581520e-02   1.0955115e-01  -1.3866209e-01   1.8899642e-02  -1.2327185e-02   1.1368645e-01  -1.2351168e-01  -1.8499087e-01   2.1038878e-01   1.5350751e-01   8.3148847e-02  -2.1435388e-02  -1.7348937e-01   1.3391352e-01   1.6113992e-01  -5.2352376e-02  -1.1174195e-02   2.7487301e-01   1.2145143e-01   5.6474026e-02  -5.6899022e-02  -2.4601246e-01   1.9963460e-01
  -1.3921357e-01  -4.3014185e-02   1.3859708e-01   2.4242048e-01   6.3591687e-02   8.7613394e-02   1.8089848e-01  -9.2849773e-02  -2.4641377e-01   3.1039761e-01   6.2326665e-02   5.1633772e-02  -1.4996244e-01  -3.9211506e-02  -5.1401997e-03  -3.4953845e-02   1.1841561e-01  -2.9045023e-02  -1.6873523e-02   8.8527170e-02  -5.4490413e-02  -5.6885218e-02  -7.4535861e-02  -1.1502321e-01   1.6591409e-02   1.1940419e-02   2.9448337e-01   2.7590898e-01  -1.2868652e-01   3.5591171e-02   4.2196811e-03   6.4050924e-02   3.8924951e-01  -1.0523174e-01  -1.7920928e-02  -1.3657823e-01  -2.9525813e-01   7.5035602e-02   7.3654306e-02   4.4465746e-02  -6.5219785e-02   6.4774910e-02   5.0339800e-02   1.4380863e-01   1.1277150e-01  -1.2875596e-01  -2.5579583e-01  -1.0412681e-01  -8.1475068e-02
  -1.5884725e-01   9.9332690e-02  -1.7109025e-01  -1.9844791e-02   3.1498377e-01  -6.6724453e-03   6.4764790e-02  -5.0564828e-02  -1.4940958e-01  -1.2223683e-01  -2.2935522e-02  -9.0503816e-02   3.2835767e-01   1.6819004e-01  -6.2073217e-03  -9.2686040e-02  -6.5660367e-02  -2.2521822e-01  -1.0435903e-01   3.3616946e-02   1.1539851e-01   1.4713525e-01   1.1189456e-01   2.4568584e-01  -4.3265574e-02  -1.0732176e-01   6.5759771e-02  -7.9599135e-02  -1.5289161e-01   1.0547153e-01   3.3824277e-02  -2.2858895e-01  -3.4328071e-02   7.2819440e-02   2.4594968e-01  -7.4939718e-02   1.7903058e-02  -8.8885506e-02   1.6000350e-01   6.2890590e-02  -2.5477803e-02  -6.8509602e-02  -1.6869922e-01   1.8540406e-01   4.7293963e-02  -1.1468323e-01  -2.0652511e-01   1.9513657e-01  -2.7747734e-01
  -1.3025823e-01  -1.1195189e-01   2.9202602e-01   1.2093855e-01  -9.6624315e-02  -8.9839930e-02   3.2829051e-02   9.1996241e-02  -1.1257943e-01  -2.6764887e-01   7.4291332e-02   2.4624095e-03   2.5447910e-01   1.1465534e-02   2.7973490e-01   1.1082571e-01  -6.3433122e-02  -1.0433448e-01   7.6369946e-02   1.1258616e-02   3.8268182e-02  -2.1243718e-01  -3.6652982e-02   1.6813645e-01   9.9813016e-02   1.4985900e-01   3.0233201e-01   9.3517076e-02   1.3924456e-01   1.1822129e-01  -9.1021391e-02  -7.7567491e-02   1.8483183e-02   1.7643847e-02   5.8406292e-02   2.8308585e-01   9.3779227e-03  -1.2926995e-02   1.5355449e-01   1.0315141e-01   1.1734394e-01  -1.3543187e-02   3.5805964e-01  -7.1666471e-02  -6.6251679e-02   6.1851638e-02   1.7737579e-01  -4.8704595e-02  -1.1424107e-01
  -1.5969847e-01  -1.0813603e-01  -1.3374241e-02  -2.9123054e-01   1.7102300e-01   2.9868356e-02   3.2491068e-01   2.4270738e-01   1.7080259e-01   3.6316260e-02   7.2789329e-02  -5.6832989e-02  -3.9674463e-02   1.3860381e-01  -1.2057785e-01  -1.3741609e-02  -3.1188184e-02   1.7528605e-01   2.1972375e-01   4.8612093e-02  -1.7925371e-01  -1.6848666e-01  -1.6542687e-01  -1.4089471e-03   1.0993219e-01  -1.7557576e-01  -5.3378956e-02  -7.7065021e-02  -2.2856476e-01   1.1496668e-01   3.6776856e-02   4.4048721e-02  -4.5566517e-02   1.0359219e-01  -5.0398252e-02   1.3705610e-01  -1.1489413e-01  -9.6270558e-02   1.6893772e-01  -2.7887875e-02   5.9323552e-02   2.4519386e-01   1.1247789e-01  -1.5629533e-01  -2.4250628e-01  -2.1498769e-01  -1.1159025e-01   1.0904309e-01   4.4407178e-02
  -1.3995265e-01   2.9142348e-01  -7.4517032e-02   1.5329378e-02  -2.4618231e-01   1.0356177e-01  -1.9979361e-02  -2.0003333e-01  -2.2353042e-01  -2.1176851e-02   3.1942275e-03  -3.0030190e-02   1.2327834e-01   5.9101601e-02   1.5170898e-01  -1.0952358e-01   9.7704685e-02   9.8999502e-02  -6.9275050e-02   1.2830386e-01   1.3922245e-02  -1.5421508e-01   6.2470598e-02  -1.4019202e-01   1.7184763e-02  -1.0669530e-02   2.3548231e-02  -1.7671761e-01  -2.7531067e-01  -1.9719265e-01  -4.9587991e-02   1.3192234e-01  -2.2702473e-01  -8.7587028e-02  -1.6669089e-01  -2.2326572e-01  -1.3731330e-01   1.5620988e-01   2.6094521e-01   1.7882111e-02   3.0544782e-01   2.1261485e-02  -3.3154011e-02  -1.5595046e-01  -9.8428455e-02   3.0263394e-03   1.6811800e-01   8.6434270e-02  -7.0243558e-02
  -1.3999048e-01  -9.2283879e-02   1.2315172e-02  -7.4066725e-03  -7.4955908e-03  -1.1661879e-01  -1.3611358e-01   8.7663585e-02  -1.8816589e-01   1.3173098e-01   9.7776088e-02  -1.6503578e-01  -1.1477564e-02   6.1942467e-02   6.1102910e-02  -2.5603108e-01  -5.2947741e-02   5.7765251e-02  -2.0575234e-01   1.8250476e-01  -1.6249363e-01  -5.0150005e-03  -7.0886167e-03   2.4241919e-02  -2.1226654e-01   2.1325257e-01  -2.0848279e-01   2.1398885e-02  -1.6977903e-01   1.0144647e-01  -4.4082614e-02  -1.8203721e-02  -1.0950997e-02  -4.5381740e-02   2.2660930e-01   1.0146610e-02  -3.7045676e-02  -1.0904908e-01  -2.7506067e-02   4.5151499e-01  -2.2241441e-01  -5.2791707e-02   5.3764164e-02  -1.1403279e-01  -8.8643086e-02   4.8637479e-02   1.0663976e-01   1.9952877e-04   3.5076924e-01
  -1.4212746e-01  -1.6934095e-02  -3.8662271e-04  -1.8671533e-01  -5.5716930e-02   1.1020459e-01   1.7841181e-02  -4.2069432e-01   2.8157969e-01  -1.0634326e-02   5.6691013e-02  -1.7056431e-01  -5.7519903e-02  -1.3971633e-01  -2.0385367e-02  -4.1975140e-02  -4.6435251e-02   2.3509253e-01  -2.7996270e-03  -1.1949768e-01   5.6590728e-02   1.0344150e-01   1.8636342e-01   8.4289565e-02  -2.2856348e-02  -7.9328138e-02   1.4930662e-01   1.4192134e-01  -1.6011894e-02   1.6052147e-01   1.0161237e-01  -4.4344228e-02  -9.5313565e-02   1.4389855e-02   1.3927361e-01  -5.5839643e-02  -8.3039135e-02   3.0409517e-01   1.1968018e-01   9.4003690e-04  -2.5195440e-01  -6.9651588e-03   2.4679747e-01   2.6127853e-02  -1.5303869e-01   3.1388472e-01  -6.3106712e-02   6.1818941e-02  -4.0216044e-04
  -1.4581817e-01  -1.9050574e-01   1.8222614e-01  -8.7107168e-02   1.2595404e-01   5.1397204e-02  -4.6891765e-02  -1.9581401e-01  -6.4705695e-02  -1.6246478e-01  -2.3025467e-01   8.8623604e-02   2.8383133e-01  -4.9073925e-02  -1.7569037e-01   3.0087569e-01  -2.1976310e-02   6.4794014e-02  -2.6796925e-01   4.5788995e-02  -4.0111855e-02  -1.2722245e-01  -1.1504174e-01  -1.7392909e-01   1.1713653e-03   5.0360350e-03  -2.1926216e-03  -1.9303158e-01  -1.1963790e-01   3.0300654e-02   1.3657877e-01  -2.1956008e-01   9.3564551e-02  -8.9874466e-02  -1.6991868e-01  -6.5546639e-03  -1.3263140e-01  -5.1646747e-02  -6.7993367e-02  -7.0820459e-02  -1.6698336e-01   2.3787072e-01  -1.3531368e-01   1.6519645e-01  -6.3047406e-03   1.0130627e-01   2.0351626e-01  -6.7713309e-02   1.5975317e-01
  -1.5006649e-01  -1.3778814e-01   3.2414711e-02  -1.0332600e-01  -1.3153047e-01  -2.0300219e-02   5.5820293e-03   2.2045546e-01  -2.4818285e-01  -1.0237862e-01  -1.8191978e-01  -1.3430866e-02  -2.3381937e-01  -5.2076629e-02   1.2519727e-01  -3.8996065e-02  -5.9874003e-02   1.7437890e-01   1.6506284e-01   2.2769915e-01   7.2516135e-02   2.8270473e-01  -6.1428870e-02   1.1337276e-01  -9.0032308e-02  -1.2568218e-01  -8.4541454e-02  -4.0866366e-01   4.2817734e-02  -5.7465448e-02   1.3258921e-01  -1.5028754e-02   1.7322738e-01   1.6853015e-01  -1.8559053e-02   3.5325846e-02  -1.7838139e-01   1.6621019e-01   5.4437878e-02  -5.5304290e-02   3.9979523e-02  -1.6934147e-01   1.3715899e-01   2.2670424e-01   1.2471799e-01   1.4470901e-01  -2.6406518e-03  -3.4740532e-02  -3.0697867e-02
  -1.3870605e-01   8.6199284e-04  -8.3673989e-02  -2.8835076e-02  -2.0701913e-01  -4.4777255e-01   5.3028265e-02  -7.4337757e-02  -1.3178139e-01   1.3183561e-01  -2.9136019e-01   6.9248254e-02  -7.9260362e-02  -4.1865475e-02   3.6184283e-02  -1.5639782e-02   8.4208182e-02  -8.0493420e-05   8.2727358e-02   6.1076084e-02   6.8913595e-02   1.0065428e-02   9.7749318e-02  -4.1570077e-02   1.3821319e-01  -3.1549385e-01   5.0393263e-02   2.2213441e-01   1.5016156e-01  -8.0538244e-02   9.3635600e-02  -1.2556290e-01  -1.3030513e-01  -9.9048224e-02   3.1767069e-03   9.7759800e-02  -9.4654414e-03  -7.2504635e-02   3.0349601e-02   9.3643690e-03  -2.6527349e-01   6.1957587e-02  -1.3637533e-03  -4.0091163e-02   6.8177226e-02  -2.5242593e-01   2.2512139e-01   3.0138928e-01   3.0133292e-02
  -1.4985550e-01   2.9474704e-02   2.9131062e-02  -8.1745447e-02   1.7816670e-01   8.4435395e-02  -5.2461306e-03  -5.1880810e-02  -6.1271668e-02  -1.8720707e-01   7.5288483e-02   2.1258535e-02  -7.9826384e-02   1.2806197e-01   1.3131578e-01  -2.5768422e-02   3.3623949e-01   1.3145609e-02   1.2212930e-01   3.0041814e-02  -2.2066563e-01   7.9183522e-02   4.4376075e-02   1.5417954e-03   2.6445596e-01   1.1811982e-01   1.5831870e-01  -2.4243215e-01   1.3055570e-01  -1.3390232e-02  -1.8410664e-01  -6.9673117e-02  -1.5811985e-01  -3.4751932e-02  -3.3697506e-02  -2.8488898e-01   4.0189861e-02  -8.4227301e-02  -1.0172387e-01  -1.3399413e-01  -3.8885083e-01  -1.4753938e-01   9.7206947e-02  -1.8496043e-01   1.1338545e-01  -1.4599194e-01  -3.2170872e-02  -1.7426936e-01   6.7389573e-02
  -1.3376582e-01   4.6233168e-02   3.1163667e-01  -1.1760789e-01   1.7842382e-02  -5.5002584e-02  -7.1779535e-02   1.5587534e-01  -4.8976927e-02   1.3534730e-01  -7.5121171e-02   1.1407391e-01  -1.3648599e-01   3.3979070e-02  -1.6276272e-01  -4.1283926e-02  -1.9875964e-01   1.0527110e-02  -4.3692671e-02   5.2854612e-02   2.9081822e-01   1.4602555e-01  -1.7946518e-01   2.4321959e-01   1.6402864e-01   2.4542775e-01   9.7385448e-02   1.8057209e-01  -5.7231184e-02  -6.3676090e-02  -5.4808222e-02  -6.7957874e-02  -1.1963728e-01  -1.5253607e-02  -1.6369272e-01  -2.8425300e-01  -3.1066859e-02  -1.1787348e-01  -7.8933160e-02  -1.2573195e-01  -9.8465708e-03  -1.3794077e-01  -1.1036093e-01  -5.1142595e-02  -3.7262996e-01   1.1528361e-01   2.0309174e-02   1.1591910e-01  -6.4488090e-02
  -1.4423383e-01   2.4902510e-01   8.1694810e-02   5.9358183e-02  -6.0902102e-03   1.6642938e-01   1.6525561e-01  -8.0429032e-02   1.8830307e-01   2.6532253e-01   2.1891047e-01   3.1263647e-02   1.7041116e-01   1.0134150e-01   1.8769301e-02   4.5334439e-02  -7.3529068e-02  -1.8665812e-01   2.9984621e-01  -1.7448837e-03   3.0368533e-01  -2.7045424e-02  -8.1208191e-02   1.5114911e-01  -1.4196351e-01  -7.6143521e-02  -8.1146548e-02  -2.0446627e-01  -8.9759471e-02  -1.6813175e-01  -2.4615872e-02   1.5868736e-02   1.1609224e-01  -1.0475643e-01  -1.6028875e-04   1.4020091e-02  -6.6240804e-03   2.0526730e-02  -2.6482144e-01   4.1530430e-02  -1.7723238e-01   1.3494092e-02   1.7073889e-01   9.3211393e-02   1.0095302e-01  -7.1136055e-02   2.8790392e-01   5.0986234e-02   1.3333283e-01
  -1.3121711e-01  -7.2353508e-02   3.2259426e-01  -2.7579916e-03  -3.9042373e-02  -3.2355506e-02  -8.3799481e-03  -1.3826049e-01  -1.2470631e-01   2.5984866e-02   1.2733296e-01  -3.3444235e-02   5.2146768e-03   9.2464335e-03   1.1665513e-01  -2.7268480e-01  -5.3612050e-02   2.2123707e-02   1.2597529e-01  -3.2740826e-01  -3.5366897e-01   1.1594116e-01  -1.5866763e-01  -8.7510540e-02  -1.7273607e-01  -1.0040116e-02  -6.9293274e-02   5.1781511e-02  -1.6237894e-01  -2.4954962e-01  -9.4446429e-02  -2.6555546e-02  -5.0358249e-02   9.1582260e-02   1.8142928e-02   2.4361459e-01   1.6297535e-01   1.0130759e-02   7.6961156e-03  -2.4086892e-01  -1.2893572e-01   2.1959451e-02  -2.2925803e-01   1.0834674e-01  -3.7326157e-03   5.7319231e-02   7.7543631e-02   5.0340737e-02  -2.1910998e-01
  -1.4286379e-01   2.3440330e-01  -5.1856469e-02   1.0310514e-01  -1.6405087e-02   8.4818482e-02   6.5731774e-02   8.6296424e-02   2.4995785e-04  -2.5475756e-01  -9.5948459e-02   2.2156259e-01  -3.7223057e-03  -5.3554632e-02  -7.1875669e-02  -2.7121452e-01   1.8606962e-01  -7.1533793e-02   3.1116418e-02  -1.1517797e-01   1.5936009e-01   8.3316756e-02  -4.7561316e-02  -3.1514091e-01  -1.1477658e-01  -1.8448375e-01  -4.4128702e-03   3.9005980e-02  -3.5068255e-02   1.5877526e-01   5.6117479e-03  -8.9806141e-02   2.8264645e-01   1.2030969e-01  -3.4290021e-02   3.8066631e-02  -9.0398627e-03  -2.5222301e-01  -9.2541599e-02   5.1397473e-02  -5.4435128e-02  -1.0968014e-02   5.9096318e-02  -3.3107211e-01  -1.0001390e-01   3.3191324e-01  -1.0723202e-03   6.9351203e-02  -5.5348062e-02
