  -1.3872010e-01  -9.7630366e-02  -1.6900019e-01   2.3006468e-01   1.5820299e-02  -2.2916449e-03  -3.5360470e-01   5.9030630e-03   1.7241363e-02   4.3199332e-02   3.8306827e-02   4.0589434e-02  -5.9014269e-02   1.1525389e-01   5.6221817e-02   4.2533869e-02  -6.4134011e-02   1.6012840e-02   1.3591796e-01  -2.7132799e-01   9.9051803e-03   1.0487973e-01   2.9893127e-02   1.6638495e-01   1.7526222e-02  -3.2748555e-02   4.7457296e-02  -1.9255180e-01   1.7258987e-01  -2.0611266e-02  -1.2670639e-01  -1.2762668e-01   1.7079946e-01   1.3330672e-02   1.3134283e-02  -6.7405897e-02  -3.5458086e-01   3.1328134e-01  -1.5675726e-02   2.0259507e-01   1.8641684e-01   1.0365312e-01   2.5556346e-01  -9.4305857e-02  -3.1454696e-02  -1.8114963e-01  -9.6528181e-02   1.5368745e-01  -1.1099172e-01
  -1.3784834e-01   1.0633583e-01  -2.5199287e-01   1.3225619e-01  -1.5508168e-01   5.7709637e-03  -1.2630470e-01  -1.9368627e-02   6.7631437e-02   2.0224462e-01  -7.4664531e-02   2.8043506e-01   1.8527004e-01  -1.5936573e-01  -4.5530999e-02  -5.9757473e-02  -2.0101855e-01  -1.0268301e-01  -3.1429450e-01   1.1310236e-01  -1.0610062e-01  -4.5411945e-02  -8.2573536e-02  -1.5569768e-01   5.4479671e-02  -8.8149186e-02  -1.7697959e-01   1.6915222e-01  -1.2181045e-01   1.2680116e-01   3.5832578e-02   4.0201831e-02  -8.2439918e-02  -5.4412616e-02   8.2538190e-02   1.1403553e-01  -1.3642976e-01   1.9585660e-01  -3.1782294e-02   5.8130284e-02  -1.9519960e-01  -2.4256124e-01   2.0511832e-01  -1.2565487e-01   7.8127346e-02  -8.6298341e-03   1.1802311e-02  -2.9803628e-01  -3.0821046e-02
  -1.5435079e-01   7.8004152e-02  -2.1351703e-01  -1.0358171e-01  -3.2129850e-02   1.2224340e-01  -1.9204877e-01  -2.7496658e-02   3.4823574e-01  -1.2828827e-01   1.8374568e-01   2.0975264e-01  -3.6225027e-02  -7.5228035e-02   8.0999494e-02   7.6374523e-02   2.0128428e-01   1.3394620e-01  -7.0773162e-02   3.5100811e-02   4.5065394e-02   6.1599217e-02   1.5313438e-01  -2.0847681e-02  -1.2093447e-01   7.9734996e-02  -5.5995783e-02  -1.0205468e-01  -1.4926578e-01  -1.9281963e-01  -1.7469732e-01  -8.4993202e-03  -5.2197132e-03   2.1714854e-01  -1.5535343e-01  -1.1166284e-01   1.0896047e-01   2.1286072e-02  -3.0188074e-02  -3.3651624e-02   1.5717221e-02   1.3375624e-01  -1.2248511e-01   3.2549099e-01   1.0727219e-01  -6.8551885e-02   2.2738022e-01  -2.3803048e-01  -2.1097458e-01
  -1.3429559e-01   1.0815426e-01  -5.6692533e-02   5.7952187e-02  -1.7663491e-01  -8.3828831e-02   3.7389094e-01   9.5916039e-02   2.0296650e-01   2.4106538e-01  -4.9330434e-03  -1.9581208e-01   3.3370788e-02  -4.0001667e-03   9.2927130e-03   6.9203956e-02   1.1641757e-01  -1.7871410e-01  -2.9456965e-02  -9.4954546e-02   9.1454309e-02  -3.6786588e-02   1.8334207e-01  -1.4096339e-01  -9.4490016e-02  -2.7111561e-01   3.3868553e-02  -6.6800152e-02  -4.6369924e-02  -1.5031760e-01   2.3654306e-01  -1.4348612e-01  -2.4729685e-02  -6.1547664e-02   1.3250026e-01  -2.2113905e-01  -1.3596591e-01   1.9959030e-01  -7.0848089e-02  -2.2865644e-01   7.7304499e-03   7.7888982e-02  -8.2957935e-02   2.0588448e-02  -3.0180559e-01  -1.6732021e-01   6.8291624e-02   1.4604668e-03  -3.4959569e-02
  -1.3672524e-01   4.4711643e-02  -1.8578447e-01   7.8796275e-02   3.4165211e-01   1.1613109e-01  -4.5219208e-02   3.8789088e-02  -1.7165152e-02   4.4751940e-02   1.1177739e-01  -3.4864544e-02   1.1473048e-01  -1.5854694e-02  -1.7660225e-01  -3.6289209e-03   2.1402050e-01   1.4016220e-01   2.4192985e-01  -3.9511779e-02   5.6443073e-02  -1.2458982e-01  -2.0793591e-01   1.2026582e-01   3.8672442e-02  -1.2525514e-01  -2.8946152e-02   5.0059089e-02   1.3834676e-01   7.8204421e-02  -1.9394072e-01   3.0517281e-01  -1.9840863e-01  -1.3124348e-01   2.4773547e-01  -2.1205779e-01  -1.0518852e-01  -4.1897302e-03  -1.0391123e-01  -3.5311541e-02  -3.3765772e-01  -2.7392988e-03  -2.1626868e-01  -6.4890575e-02  -6.3642352e-02   1.2357909e-02   9.9768280e-02   7.6081063e-03  -2.1027469e-02
  -1.4003406e-01  -2.1700499e-01  -6.4436104e-02   5.7456847e-03   1.0507473e-01  -1.0099171e-01  -1.3370068e-01  -1.1572077e-01   1.0640017e-01  -2.4612179e-01   1.5738182e-01  -1.4902418e-01   2.1677434e-01   1.0936070e-01   4.9471448e-02   7.5129805e-02  -1.6690099e-01  -1.6422024e-01   3.8012451e-02   1.0572981e-01   1.6176224e-02   1.2840056e-01   1.7006917e-01  -1.0790120e-01   3.6604370e-02   6.0153786e-03   3.6361404e-02   2.2549115e-01  -2.7995508e-01   4.3337647e-01   2.5946811e-02  -2.6686734e-03  -2.5562946e-02  -1.0435462e-01  -5.2234411e-02  -1.5251183e-01  -1.3151934e-01  -1.5336537e-01  -1.3035767e-02  -1.4375390e-01   5.5809085e-02  -4.9833343e-02  -4.8146892e-02   9.3878506e-02   5.2527262e-02  -2.8240612e-01   7.8700761e-02   1.8244134e-01   8.7220463e-02
  -1.3175856e-01   1.8197748e-04  -3.2678433e-02  -1.2537423e-01   7.7392625e-02  -2.9871943e-01   2.1823711e-01   1.3819731e-01  -1.7887369e-01  -1.9497411e-01  -1.4067433e-01   7.7533873e-02   1.0629521e-01  -6.9121938e-02  -2.0931247e-01   6.8151240e-03   2.6963573e-02  -1.2436673e-01   1.1089467e-01  -8.6164993e-02  -1.7631781e-01   1.5373746e-01   2.9959167e-01  -1.0668519e-01  -7.0893188e-03  -1.1599615e-01  -4.1097762e-02  -3.0736401e-01  -5.1722014e-02   1.6837011e-01  -2.6014368e-01   7.9445421e-02  -1.6293742e-01   2.2301195e-01   1.2912133e-01   8.4251921e-02   1.4176871e-01  -2.0222989e-02  -4.4736767e-02   2.6307219e-01   7.6039956e-03  -2.0736189e-02   1.4440302e-01  -3.2333832e-03  -1.3012255e-01  -2.1843286e-02   4.0585464e-02  -6.4726982e-02  -7.3070302e-02
  -1.3283431e-01   1.5479961e-01  -7.2857335e-02  -2.7809370e-01   4.3264620e-02   8.7430457e-02  -9.4204323e-02   9.3783135e-02  -3.4861890e-01   3.2354867e-02   1.7875754e-01   1.1304834e-01   9.2533128e-02  -6.9569918e-02   6.5779061e-02  -1.3184614e-03  -6.7040621e-02   2.9971044e-02  -2.1421162e-01   3.5802141e-02   3.0088351e-02   1.4866275e-01  -4.6340478e-02   1.2191711e-01   5.7400319e-02   1.1305851e-01  -1.7625601e-01  -1.9464882e-01   1.7348341e-02   4.6727376e-02   5.8278072e-02   4.5900877e-03   2.2619335e-01   1.7263167e-01   5.5727883e-02  -3.4076656e-01   2.7396020e-02  -1.8945658e-04   2.3916141e-01  -2.6236761e-01  -1.3147530e-02  -1.1522840e-01   6.4537217e-02   4.6067799e-05  -2.9007081e-01   4.0805935e-02  -3.0239258e-02   8.8136766e-02   2.0229016e-01
  -1.4546034e-01   2.6995913e-01  -1.4932287e-01  -1.7952482e-01   1.6509427e-01  -1.2327225e-01  -7.1259400e-02  -9.4520893e-02   4.8594077e-02   5.3980140e-02   1.4914408e-02  -1.2370686e-01  -9.9507305e-02  -3.3536911e-02   7.4484197e-02   1.1031613e-01  -2.7772479e-01  -1.0896284e-02   2.2767798e-02   1.2348883e-01  -1.3310722e-01   3.3448681e-01   5.9786016e-02   2.8293538e-01  -1.3389333e-02  -2.7857468e-01   9.9704327e-02   4.7836822e-02  -3.3698116e-02  -1.2427800e-01   3.2118766e-01   1.4935637e-01  -7.8946702e-03   7.6361668e-02   8.5622691e-02   4.8344734e-02  -1.6327066e-03  -9.7445235e-02  -1.1327435e-01   4.6168489e-02   7.4045906e-02   8.7793675e-02  -1.1271261e-01  -1.6344366e-01   1.9086851e-01   2.0743740e-01  -2.6868181e-02   4.3083920e-02  -1.8014407e-01
  -1.4369922e-01  -1.1048617e-01  -1.1333833e-01   6.1115981e-03   1.2714138e-01  -2.4169644e-02  -1.3643731e-01  -4.7263214e-02  -9.9772517e-02   4.1725021e-01  -2.0125422e-01  -2.2152745e-01  -2.3822089e-01   1.6681805e-01  -1.1017038e-01  -1.9386114e-01  -7.9096937e-02  -7.7828329e-02  -1.5749447e-01   3.1358883e-02  -1.7098712e-01   6.0435603e-02  -7.1214780e-03  -9.0547204e-02  -1.5850522e-01   1.2867144e-01   1.5998562e-02  -1.1161383e-01  -1.5409642e-01   2.5383492e-03  -2.1004570e-01   1.0811963e-01  -8.2723512e-02  -1.9612367e-01  -6.3867443e-02  -1.4942246e-01   1.4835197e-01   7.3755245e-02   7.8670864e-02   5.7817305e-02   2.5074171e-01   7.9126813e-02  -2.3860751e-01   4.5241438e-02   2.6448205e-02   1.5103067e-03   3.5420370e-02  -1.4273634e-01   1.9079697e-01
  -1.3293610e-01  -9.9129678e-02   8.2140428e-02   2.7509659e-01  -9.5854325e-02  -7.4473863e-02   5.0840012e-02   1.4613479e-01  -1.1741966e-01   6.0994303e-02   1.7561287e-01   1.7676143e-01   1.9660756e-01   3.2254669e-01   4.4779867e-02   7.0193461e-02  -5.6446279e-02   2.3536189e-01  -1.1207970e-01  -2.0766851e-01  -1.0052409e-01  -1.1636575e-01   1.4127415e-01   1.4577637e-01  -4.5660254e-02  -4.5852732e-02  -1.5687033e-01   1.5269627e-01   4.5006619e-02   9.2039302e-02   6.5217794e-02   4.5205761e-02  -1.3602699e-01   1.7692531e-01  -3.7161802e-02   1.3117721e-01   3.9053850e-02  -4.3241071e-02  -2.2638356e-02  -1.4616648e-01   2.1966663e-01   2.3713091e-01  -1.2824464e-01  -1.7459566e-01  -1.4961334e-02   2.0460322e-01   2.5799586e-01  -7.4555249e-02   1.2193439e-01
  -1.2415361e-01   3.6203410e-02   3.4133596e-01  -3.1182656e-01  -1.7007740e-01   1.7871491e-01  -9.8707737e-03   5.0047855e-02  -5.9737731e-02   3.9926869e-03   1.3531543e-01   6.5834588e-02   2.0147122e-01   8.8626765e-02   4.4559909e-02   8.9805513e-02   1.7302121e-01  -4.1747215e-02  -1.3026234e-01   1.0898403e-01  -1.3184163e-01  -1.1379919e-02   1.4399593e-01  -1.7171179e-02  -2.0319647e-01  -1.7743541e-01  -7.1144258e-02  -4.3095666e-02   2.0720827e-01   8.4737492e-02  -1.6786482e-01  -2.0437756e-02  -5.3753308e-03  -3.7975776e-01   8.4757409e-02  -1.4205459e-01  -6.9707070e-02   3.6009223e-02  -1.5209655e-02   5.4027859e-02   9.6504393e-02   6.5472581e-02  -3.8490721e-03  -7.6564698e-02   3.2349423e-01   2.0415277e-02  -2.0458686e-01  -2.7896771e-02  -1.2560686e-01
  -1.2597188e-01  -9.1201525e-02  -5.6683870e-03  -1.9381198e-01  -2.1282339e-02  -9.4271380e-02   6.7384314e-02  -6.7706293e-03  -6.3078135e-02   2.3303969e-01   1.7939757e-01   1.8309369e-01  -2.9464709e-01  -4.8935351e-02  -9.8802014e-02   1.5827837e-01   1.6896040e-02   4.1540936e-02   1.9450695e-01   1.3773392e-01  -1.4646223e-01   5.8277129e-02  -1.7603401e-01  -8.4803826e-02  -1.2178764e-02   1.7609823e-01   9.4452403e-02   6.6184857e-02   2.5689721e-01   2.0520039e-01   2.5753344e-02  -1.5433867e-01   1.4070882e-01   7.1634342e-02   2.0277224e-01   2.3346528e-01   7.4485135e-03  -7.0241116e-02  -2.1691460e-01  -2.0867728e-01   1.0471697e-01   1.6966071e-03  -4.2447506e-02  -3.4280892e-02  -4.6163664e-03  -3.2861787e-01   9.5600129e-02  -1.6988046e-01  -3.5886627e-02
  -1.4617496e-01  -1.1908712e-01  -1.7792961e-01  -1.3729107e-01  -1.2785819e-02  -2.0702521e-02  -2.0403580e-02   2.4999785e-01   8.8517505e-02  -1.5783677e-01  -1.5043645e-02  -1.1188450e-01  -1.2230140e-01   2.0113649e-01  -1.7257009e-01  -1.1572879e-01   1.0094254e-01   1.0556794e-03  -1.1889500e-01   2.2021660e-01   9.3800690e-02  -2.1291540e-01  -5.6393015e-02   3.1873347e-01  -3.2050189e-01  -2.0558251e-01  -8.4614279e-02  -2.5172434e-02  -2.5965467e-02   1.4905992e-01   4.6469446e-02  -6.5199604e-02   1.3738316e-01   8.2848441e-02  -1.7392597e-01   2.7515184e-01   1.0018971e-01   2.1491044e-01  -1.2123465e-01  -2.0995842e-02  -1.0381526e-01  -1.6816039e-01  -3.9070904e-02   3.3742457e-02  -4.5711851e-02  -1.4677995e-02  -1.3911205e-01   1.3392320e-01   9.0424712e-02
  -1.4539122e-01  -1.1662143e-01  -3.7124002e-02  -1.3111810e-01  -3.3100685e-02   2.8384703e-01   1.5683397e-01   5.9796505e-02  -4.8884118e-04  -1.2400923e-01  -2.1274918e-01   5.5380010e-02  -5.6396061e-02  -8.3402524e-02  -9.6523608e-02  -9.4973531e-02  -1.0468302e-01  -2.4732776e-01  -5.9818799e-02   9.5353653e-02   2.3403410e-02  -5.6153471e-02  -7.4870773e-02   7.1441728e-02  -1.7245735e-01   8.9791569e-02   2.3276293e-02   3.3144171e-01   7.1142445e-02  -1.5274440e-01  -1.4270134e-01   1.7231236e-01  -9.5648796e-02   2.4742811e-01  -9.6174468e-02  -9.4008653e-02  -2.9807538e-01  -2.1869161e-01   1.2550085e-02  -1.2198644e-03   1.2318614e-01   3.0553136e-01   1.2212885e-01  -1.5694049e-01  -1.6758455e-01  -8.4788499e-02  -8.0079281e-02  -2.5509846e-02  -5.5833759e-02
  -1.2794165e-01   1.3420156e-01   2.0241349e-02   3.9440409e-02   1.5903183e-01   1.1683017e-01   1.0030192e-01  -2.4025897e-01  -2.9162658e-01  -2.5915825e-02  -1.8541616e-01  -2.8684966e-02  -2.5687199e-02   8.5337703e-02   8.3293315e-02   2.0034830e-01   2.0135754e-01  -6.8079628e-04  -8.5768624e-02  -4.4817992e-02  -2.4486032e-02   6.6454138e-03  -2.4411643e-01  -7.9975054e-02   5.9925378e-02  -3.5745059e-01   9.8163596e-03  -6.0519205e-02  -3.8756558e-02  -4.1956279e-02  -7.4263442e-02  -7.1143214e-02   1.1338607e-02   4.1881466e-02  -3.3282628e-01   7.1893877e-03  -1.2037847e-01  -9.4473446e-02  -2.8632276e-01  -9.3641135e-02   1.1249824e-01  -1.1657583e-01   2.2884077e-01   1.4660057e-01   1.1719754e-01  -3.0381404e-02   2.1693723e-01  -2.2396183e-02   1.6213609e-01
  -1.3150767e-01   4.8750428e-02  -3.3947064e-02   2.5567419e-01  -1.5028623e-02  -1.0938222e-01   3.0486846e-02   1.2666697e-01   1.5989473e-03  -2.3514736e-01  -2.7139857e-01   2.3583104e-01  -2.1462986e-01  -8.3193789e-02   1.8158403e-01   1.8266699e-01   7.9847291e-02   2.4721343e-02   1.2691263e-01  -4.7185836e-02   1.0208273e-01   2.8745961e-01  -1.3363524e-01  -1.0520966e-01  -2.6962248e-01   7.0442330e-02  -2.2810415e-01   1.8877261e-01  -5.2144712e-02   9.3494639e-02  -3.1629336e-02  -4.3180060e-02   4.3885444e-02  -1.9660202e-01   1.3349936e-01  -1.2460608e-01   8.8537511e-02   3.0612169e-02  -1.0475492e-01  -9.6911749e-02   1.0375574e-01  -3.4954693e-02  -8.6983184e-02   6.5473816e-02  -7.7702078e-02   2.4966450e-01  -2.3873835e-01   2.1495212e-02   3.2518782e-02
  -1.4487709e-01  -2.4892659e-01   7.6196854e-03  -1.2604702e-01  -3.9245856e-02  -3.1731075e-03  -1.8915668e-01   1.0830462e-01  -1.3404690e-01  -2.1424300e-01  -1.9401223e-01  -3.0335988e-01   4.5242799e-02  -1.3220034e-01   5.3672191e-02   3.0814460e-01  -2.9850783e-03   1.6361945e-01  -6.2466166e-02  -3.2021626e-02  -1.4420491e-02  -3.7871862e-02  -4.1329014e-02  -7.4800771e-02  -3.4390295e-02  -1.0227049e-02   8.6595450e-02   1.6763662e-01  -4.8308236e-02  -2.2655970e-01  -8.3018317e-03  -8.5670604e-02   1.2321974e-01  -1.1444725e-01   1.1071448e-01  -1.0117919e-02   2.5680283e-01   1.4484713e-01   1.2087009e-01   2.0024817e-02  -1.1952890e-01   1.7774958e-02   8.6868844e-02  -3.2742155e-01  -4.3163703e-02  -8.8490388e-02   3.2478191e-01  -1.0813322e-01  -6.1063923e-02
  -1.5110423e-01  -3.0309792e-02   3.7555592e-02  -6.1905996e-03  -2.9005712e-01   1.1833750e-01  -3.3620803e-02  -1.6150490e-01   9.9773783e-02  -2.0301728e-01   2.2417478e-02   1.3493165e-01  -5.4592209e-02   1.0781975e-01  -2.7921112e-01   1.6473609e-02  -6.4566719e-02  -1.3981610e-01  -3.2364372e-03  -1.2981447e-01   9.7546501e-02   1.1212793e-01   1.1237677e-01   1.3282791e-01   2.8951605e-01   3.2211629e-02   1.9223932e-01  -7.2027977e-02   2.3721529e-02  -2.0611649e-01  -1.2575497e-01   2.8340404e-01   3.2276337e-02  -2.2567790e-01  -1.3734426e-02   9.9495845e-02   9.6656184e-02   2.8729691e-02  -1.6602922e-01  -2.2846533e-01   1.5367644e-01  -3.1554836e-01  -9.8695924e-02  -1.0591403e-01  -1.4609512e-01   5.9194780e-02  -2.8365409e-03  -3.6309137e-02   7.2826067e-02
  -1.2883889e-01  -2.3831112e-01   4.3798154e-02   9.7433092e-02  -2.8795040e-02  -9.7761445e-02   6.2115084e-02   3.3059686e-01  -7.0542130e-02  -9.7364041e-02   1.7252313e-01   1.6767524e-01  -2.1666193e-02   5.9434420e-02   1.0852216e-01  -2.3732963e-01  -5.4127978e-03  -2.2371205e-02   1.1950497e-02   2.0198139e-01  -2.7413864e-01   2.0448262e-01  -1.7816073e-01  -1.8468693e-01   2.3247503e-02   2.4503090e-02   2.9509195e-01  -1.6587063e-01  -7.0504347e-03  -1.5058527e-01   1.4672658e-01   9.1956787e-02   2.4298729e-02  -1.8472231e-01  -2.5632822e-01  -6.0805309e-02  -1.3648259e-01   2.6436788e-02  -7.0660914e-02  -9.1246204e-03  -2.4739209e-01   9.0394436e-02   3.8951379e-02   3.7458995e-02  -4.4131524e-02   1.5304239e-01   1.4039484e-01   6.2895264e-02  -6.8138425e-02
  -1.5120684e-01  -3.6749984e-02  -1.9022197e-03   2.5602356e-02   2.1291277e-01   1.8824107e-01   2.6118862e-02   1.0440052e-01   1.9763136e-01  -4.9294297e-02  -5.7975635e-02  -1.8869279e-01   2.1996032e-01  -2.1704243e-01  -2.7084597e-01  -1.1473379e-01  -6.9835342e-02   2.6491928e-01   1.2173118e-02   1.3430872e-01   2.9222312e-02   6.6237758e-02  -1.7344799e-02  -7.4833926e-02   2.1376926e-02   1.1950237e-01   1.0298776e-01  -9.6164151e-02   1.3748280e-01   4.1607012e-02   9.6802764e-02  -2.0855433e-01  -2.0763800e-01  -3.9013566e-02   1.0716943e-01   7.4398280e-02  -2.5904555e-02   9.2900340e-02   6.7539460e-04  -2.2115894e-01   3.3651871e-01  -1.9703050e-02   2.7541215e-01   1.5269698e-01   5.3342946e-02   2.6654428e-01   6.6253152e-03   1.6659466e-03   3.5011935e-02
  -1.3955298e-01  -1.5499017e-01  -7.7691942e-02   3.4960262e-03  -7.8631128e-02   4.6130181e-02   1.1846157e-01   2.2821446e-01  -1.2319641e-01   1.2863782e-01   1.4121136e-01  -1.5215755e-01   5.9512735e-02  -3.4275093e-02   1.8204259e-01   1.0950814e-01  -3.5545275e-02  -1.5683738e-01   3.5640871e-01  -1.2259469e-01  -1.4727228e-02  -1.2012822e-01  -1.3435953e-01   1.5949888e-01  -4.5010447e-02   3.7429356e-02  -1.1077746e-01  -1.0810501e-01  -3.0890916e-01  -1.5328497e-01  -6.1606678e-02   5.1246204e-02  -6.1546947e-02  -8.2070441e-03   1.4579597e-02   1.5190569e-01  -1.2884655e-01  -1.5293012e-01   2.5938818e-01  -1.4036814e-01   1.1557729e-01  -2.9166267e-01   5.6174723e-02   9.2685291e-02   1.9855193e-01   4.9703590e-02  -1.0177336e-01  -1.7295783e-01  -1.6162443e-01
  -1.4484042e-01   3.8925071e-02  -4.2944167e-02   2.3771056e-01   1.5139320e-01   1.6252172e-01  -1.6895754e-02  -3.7243934e-02   3.0665779e-02  -2.0654183e-02   2.2589015e-02  -1.1452123e-01  -2.0105317e-02   2.7725696e-01  -8.4715159e-02   2.6983478e-01   1.6225910e-01  -2.4260808e-01  -1.0778575e-03   1.9664488e-01  -7.3442936e-02   1.3288083e-01   1.3497423e-01   4.2000808e-02   2.3581218e-01   3.0663814e-02   2.0866034e-02   2.2515344e-03   1.3832954e-01   3.9415780e-02   2.8157301e-02  -2.1708645e-01   4.8725667e-02  -9.7932563e-03  -7.7510906e-02   1.1799577e-01   7.9808098e-02  -9.6570298e-02   2.6771320e-01  -2.5130945e-05  -2.4473900e-01   1.7201400e-01   4.1968692e-02   1.6806489e-02  -1.2727779e-01   1.0655952e-01  -2.4599590e-01  -3.3609251e-01   3.2934927e-02
  -1.4765407e-01   6.9097979e-02  -1.3783079e-01  -2.9526789e-02  -3.0444869e-02  -2.4605664e-01   6.3071951e-02  -1.8280080e-01   1.4290965e-01  -1.7683346e-01   3.8929299e-03   1.6894881e-02   1.1264061e-01   2.1428202e-01   1.2371166e-01  -2.0962106e-01   1.5853160e-01   1.2036231e-02   3.2221897e-03  -7.7437139e-02  -4.3986082e-02  -2.0344116e-01  -2.4795718e-01  -4.1427215e-02  -5.4276487e-03   2.7372916e-02   1.6107461e-01  -7.2977630e-02  -6.3151763e-02  -3.9665017e-02   1.2091206e-01   2.1535716e-01   1.4349150e-01   2.1361621e-02   2.6029625e-01  -8.5978966e-02   2.1547663e-01  -4.4687823e-02   5.4320349e-02  -9.3795131e-02   7.8231287e-02   2.3272582e-01   3.1228347e-01  -4.5131811e-02   1.6628381e-01  -9.3411059e-02  -2.1574614e-01  -1.4480240e-01   1.6832306e-01
  -1.3500937e-01  -9.0540362e-02   1.5232384e-01  -4.0221345e-03  -1.4878472e-01   5.2008770e-02  -1.6986380e-02  -2.2340478e-01   8.1709434e-02   1.2351246e-01  -2.5867438e-01  -8.7099181e-02  -4.0633206e-02   1.6508810e-01   9.9395669e-02   2.3499833e-02  -2.3492194e-01   1.4496618e-03   2.4310515e-01   3.2532311e-02  -1.0604545e-01  -4.9972180e-02   7.9504469e-02  -9.2169694e-02  -7.2436688e-02   4.7349323e-02  -1.3765645e-01  -6.1717105e-02   2.5020798e-01   1.2360410e-01  -2.3727241e-02   2.0914679e-01  -2.9094921e-02   2.4171414e-01  -1.1429640e-01  -1.2849289e-01   1.5026344e-01   1.9547475e-01   3.2424062e-02  -3.0171568e-01  -2.9112764e-01  -4.9299572e-02   1.4378113e-01   1.0777628e-01   9.5071873e-02   1.0878491e-01   4.0842174e-02   1.4081452e-01  -1.9910438e-01
  -1.4602026e-01  -2.6723924e-01  -7.2825593e-02  -1.7613115e-01  -1.3858669e-01   1.5671032e-01   1.8441674e-01  -4.1115646e-02   1.0363841e-01  -3.8118774e-02   1.2426649e-01   2.8472492e-02  -2.3240455e-01   1.2390966e-01  -1.2581026e-02   3.5732497e-02  -1.2890304e-01   7.9830043e-02  -3.5795542e-02  -2.6423490e-01   1.7487049e-01   9.3360504e-02  -1.1151865e-01  -4.6647377e-02   1.1665635e-02  -1.0362507e-01   8.2898542e-02   3.1946204e-02   1.5590551e-01   1.3023715e-01   2.0991868e-01  -1.1870623e-01  -1.9549362e-01   9.8286193e-02   5.2613812e-02  -2.5866438e-01   2.5814028e-02  -6.3161975e-02   1.0370102e-01   3.9770279e-01  -8.0480322e-02  -1.9336564e-01   7.4579878e-03   8.3966853e-02   1.1041984e-01   1.1879788e-01   3.4341785e-02  -1.3752366e-01   1.9373020e-01
  -1.4081708e-01   7.7492884e-02  -2.5814646e-01   1.4494712e-02  -3.4773868e-01  -5.7137787e-02   9.0065118e-03  -2.9888966e-02   7.7533525e-02   3.1780331e-02  -1.4371940e-01  -6.7024951e-02  -4.3454746e-02  -7.7440295e-02   1.5417242e-01  -1.2463775e-02   2.2388362e-01   4.9274584e-02   1.0548705e-01   3.3017957e-01   1.7330686e-01  -1.0554649e-02   6.5359676e-03   1.1417313e-03   1.6266385e-01   6.6256142e-02  -2.0921720e-01  -2.2518313e-01   1.8084913e-01   1.4620920e-01   5.1444261e-02   9.0736854e-02  -8.5559329e-02  -1.5214668e-01  -8.7023095e-02   8.5767595e-02  -6.9310636e-02  -2.3020937e-01   1.7917000e-01   1.4781155e-01   1.3038093e-01   6.5777148e-02  -2.4027044e-03  -1.9021769e-01   8.5803589e-03   1.6257679e-02   2.5940058e-01   1.9178481e-01   7.6967609e-02
  -1.4589333e-01  -6.0423469e-02  -5.7372745e-02  -2.1331789e-01  -2.0480300e-02  -1.7387406e-01  -9.2788874e-02  -2.7991676e-02   2.7826139e-02   1.0465326e-01  -1.0471593e-01   2.8803890e-02  -6.0293831e-02  -2.3661830e-01  -1.3560355e-03  -1.4344840e-01   3.6142100e-01  -2.2538002e-01  -3.0345885e-02  -3.5006290e-01  -2.2387795e-01  -9.2152813e-02   8.1372295e-02   2.6253997e-01   2.1583399e-01   1.5181443e-01   4.3358716e-02   2.3674747e-01  -1.4800986e-02   1.4350139e-01   6.3710521e-02  -2.2669670e-01  -7.1487847e-02  -6.5469056e-02  -1.4016201e-01  -6.6055059e-02   2.3540939e-02   6.8061345e-03  -5.1332261e-02  -1.0216275e-01  -8.7749521e-02   4.8280841e-02   5.1357486e-02   1.8139318e-02   6.1748543e-02   2.3826613e-01   3.7914016e-02   1.2052736e-01  -5.4800016e-02
  -1.5307401e-01  -3.5023767e-02  -1.2305175e-02  -1.3757751e-01   5.6820462e-02   2.9247484e-01  -4.7540357e-02   1.5340115e-03  -2.2881763e-01  -5.0328706e-02  -1.9539125e-02   1.4560007e-01  -2.6293214e-01   1.1906548e-01   1.9084139e-01  -2.3319788e-01  -9.1703801e-02   1.0618666e-01   1.0772436e-01   8.2170692e-02   1.2327052e-01  -2.0053043e-01   1.4698121e-01  -1.4320190e-01   3.5503084e-01  -1.7646510e-01  -8.8858002e-02   2.3485852e-02  -2.8540484e-01   2.3534122e-02   5.5756629e-02  -1.2589237e-01  -1.4476166e-01  -9.5762568e-02   1.9018182e-01   1.1047105e-01   1.0338151e-01   1.0737223e-01  -8.4146236e-02  -1.8133995e-02   2.8373214e-02   2.0937469e-01   1.5981398e-02   4.4852971e-02  -1.0739128e-01  -4.2078555e-03  -8.5273759e-02   8.4469576e-02  -1.7746141e-01
  -1.4880943e-01   2.8611082e-01  -3.1608479e-02   1.5416866e-01  -5.5517197e-02   2.5448499e-02   2.3882336e-02  -1.0698652e-01  -1.6423061e-01  -1.6010542e-01   2.4290113e-01   2.0514100e-02  -1.3836599e-01  -2.4763882e-01   1.5467054e-01  -7.8062063e-02  -1.2193551e-01  -1.5445608e-01   1.3879451e-01   5.2055933e-02  -8.4488133e-02  -9.4140352e-02   1.3323039e-01   3.3370904e-02  -2.0736489e-01  -4.2667597e-02   2.3261725e-01   1.2439020e-01   1.4805449e-01  -9.1234266e-02  -1.5642696e-01  -9.7765249e-02  -2.4718508e-01  -1.1839513e-02   6.2170015e-04   1.1685729e-01   8.9488123e-02   2.2688301e-01   2.2015697e-01  -3.4028213e-02  -6.1347730e-02   1.0501716e-02  -1.9760425e-02   4.1718864e-02   1.0492894e-01  -7.3244203e-02   7.5977855e-02   1.0649427e-01   3.6773510e-01
  -1.6074777e-01   1.1081559e-01   7.9576875e-02  -4.7141826e-02   1.1240166e-01  -1.5201619e-01   1.2034952e-02   2.8693312e-01   1.5483100e-01   2.5886833e-02   1.0289826e-01  -1.4229513e-01  -5.1440274e-02  -1.4841218e-01   9.2410783e-02   1.7976880e-02  -3.4263387e-01  -1.3360223e-01  -9.9535033e-02  -1.6974321e-01   1.6789240e-01  -1.6205774e-01  -5.4027495e-02  -6.6242121e-02   2.0937863e-01  -1.0941072e-01  -1.6605886e-01   7.3314185e-02   2.6307559e-01   3.2995553e-02  -1.8250642e-01   1.4862637e-01   2.7573796e-01  -1.9368845e-01  -1.0003205e-01   9.8449249e-02   1.0274792e-01  -1.1553460e-01  -6.5069589e-02   7.1872770e-02   8.8480411e-03   1.7281931e-01   6.4507183e-02   2.8566346e-01  -3.3890846e-02   4.5685562e-02   7.3222138e-02  -5.6374186e-02   4.3312100e-02
  -1.3347257e-01  -2.5848022e-02   3.1698501e-01   1.0979622e-01  -2.0518237e-02  -1.2123378e-01  -1.7602570e-01   1.4955077e-01   8.4707527e-02   1.7999680e-01  -8.9078084e-02   2.1284425e-01   5.5233139e-02  -2.0369757e-01  -1.4423869e-01   1.1835328e-02  -7.7336836e-02  -1.7601711e-03   2.8298912e-01   1.9983297e-01   2.2519320e-01  -1.0737023e-01  -1.1630626e-02   1.4759496e-01   9.8467450e-02  -1.7704751e-01   9.3076288e-02  -8.0089064e-02  -1.5526549e-01   4.5477732e-04   2.6038239e-02  -1.3470359e-01  -2.0845533e-02   1.1840907e-01  -2.1717227e-01  -3.1500588e-01   1.8794998e-01  -7.0663831e-02  -7.8270762e-02   2.1854634e-02   1.0531458e-02   5.2659492e-02   4.0741703e-03  -1.9967583e-01   9.8359596e-02  -9.7809725e-02  -1.0982317e-01  -1.2998951e-01   1.8510084e-01
  -1.3563755e-01   2.0509534e-03   7.2399567e-02   2.5375633e-02  -4.8196540e-02  -1.3086751e-01   6.3437015e-02   1.1828853e-01  -1.5625761e-02  -2.6660715e-02  -1.8870092e-01  -8.6419193e-02   1.4182352e-01   1.4071885e-01   2.6675427e-01   6.0024208e-02  -4.5297650e-02   9.5909784e-02  -1.0702967e-01   2.3725565e-01  -1.5643529e-01  -5.9208167e-02   3.3556581e-02   2.6996935e-01   2.4814424e-01   2.6953191e-01  -2.9577663e-02   8.5410677e-02   1.0968831e-01  -2.5068403e-01  -4.7312977e-02  -8.2453269e-02  -1.8192512e-01   8.5720427e-02   1.8852649e-01  -1.1912642e-01  -6.4334640e-02   4.1455210e-02  -2.8017211e-01   1.7448154e-01  -1.3794598e-02  -1.7826100e-01  -9.8085458e-02   2.6241932e-01   3.4422725e-03  -1.8325571e-01  -8.7163810e-02   1.1875594e-02   1.2446409e-01
  -1.7218143e-01  -1.3825002e-01   1.8093293e-01   7.5062428e-02   1.0174928e-01   7.9536055e-02  -9.3459146e-02  -1.6261742e-01   1.4263272e-01  -4.4751755e-02   2.7880955e-02  -1.1170980e-01   8.6087951e-02  -1.7540883e-01   3.4684485e-01  -2.1369888e-01  -3.2115721e-02  -7.4283006e-02  -2.1108966e-01  -1.8572517e-01   4.6539193e-02   1.2964447e-01  -1.5850877e-01   2.4993882e-02  -1.1811814e-01  -1.7234103e-02  -7.9894290e-02  -3.1902911e-01   8.8707786e-02   4.0918788e-02  -3.7871875e-02  -1.4429823e-01  -2.1223998e-01   5.9307614e-02   3.1913609e-03   2.1039561e-01   9.1419849e-02  -1.9680993e-01  -1.4744917e-01  -9.4677476e-02  -1.1890060e-01  -2.7601663e-02  -1.7100987e-01  -2.3989913e-01  -1.5816250e-01  -1.3161468e-01  -1.2632408e-01  -6.1080449e-02  -4.8636822e-02
  -1.7659713e-01   9.2974848e-02   1.2872222e-01  -2.5183117e-02  -1.3482141e-01  -1.0516658e-01  -1.5011359e-02  -1.1267082e-01  -5.2423726e-02  -4.7653725e-02  -3.1580982e-01   9.4955187e-02  -1.2148419e-02  -6.0909176e-02  -4.8598119e-02   6.4375707e-02  -1.3573258e-01   3.0885447e-01  -9.9515701e-02  -7.6778907e-02   2.0925820e-02  -1.5212284e-01   8.4588500e-03   1.5217487e-01  -8.7400606e-02  -4.2166970e-02   3.5460223e-01  -1.4364781e-01  -1.1492961e-01   1.9313359e-01  -2.8492099e-02  -3.8500373e-02   1.0611190e-01  -9.8082704e-02   7.2003880e-02   1.1456896e-01  -3.3706177e-01  -1.4463176e-01   2.5115576e-01  -5.0101625e-02  -1.6489249e-01   9.3916129e-02  -1.9105584e-01   2.3795463e-01  -9.4328948e-02   2.2318109e-02  -7.6718748e-03  -1.0542658e-01  -5.1399924e-02
  -1.5308571e-01  -2.7828264e-01  -1.9605652e-02   1.1690745e-01   1.5951896e-01   8.6814358e-02   5.2521321e-02  -1.6490275e-01   3.4831880e-02   5.1304476e-02  -4.4616147e-02   1.1037178e-01  -3.5884196e-02  -1.6948543e-01  -7.7669611e-02  -1.5472806e-01   4.6379340e-02   1.2957831e-01   7.3372937e-02  -6.7875772e-03  -1.8827765e-01  -5.1860170e-02   3.9432946e-01  -4.7508799e-02  -9.7426165e-02  -9.8147187e-02  -2.4979831e-01   4.7035405e-03   4.3887001e-02  -2.8416508e-01   1.3106009e-01   7.6831506e-03   3.6615023e-01  -5.4663909e-02   1.2630160e-01   4.8792352e-02  -8.3448454e-02  -2.6500184e-01  -3.9467464e-03   3.6059404e-02  -1.1705685e-01  -1.0234049e-01   1.3216938e-02   3.3571318e-02   1.0352755e-01  -2.8209530e-02  -1.4538796e-02   8.0671514e-02   2.5457890e-01
  -1.3460643e-01   5.8029517e-03   2.3468807e-01  -5.3819860e-02   1.7747590e-01  -8.8118680e-02  -1.5204182e-02  -3.5041057e-02  -1.0225864e-01   1.0193345e-01   1.0889016e-01  -8.3168673e-02  -1.4463615e-01  -2.2794968e-02   1.1600739e-01   8.4360286e-02   1.6893010e-01  -2.2633607e-02  -7.1036596e-02   3.1754344e-02   4.1983377e-01   6.5311463e-03   2.7695180e-01  -1.0797927e-02  -1.2875635e-01   3.4347224e-01   5.9645875e-02  -2.8107647e-02  -1.1779947e-01   5.0807249e-02   1.5165372e-01   3.0234337e-01  -4.4212549e-02   5.2414090e-03  -2.4646047e-03   1.2015611e-01  -2.1906573e-01   1.6056319e-01  -1.8155350e-01   6.6736857e-02  -1.1633571e-01  -2.2902776e-03   2.1841992e-01  -6.9941560e-02   3.2773837e-02   1.1377914e-01   3.7008464e-02  -1.5486777e-01   1.0197418e-01
  -1.4055534e-01  -2.8448800e-02  -1.2236741e-01   1.6083717e-01  -3.4809645e-02   6.6296545e-02   3.4519238e-01  -9.9709116e-02  -9.6751692e-02   2.7363106e-02   8.2946769e-02  -1.5796035e-01   1.0518667e-01  -1.2822282e-01   1.4602574e-01  -1.6832103e-01   3.1474560e-02   9.7430377e-02  -3.9005367e-02   1.0483335e-01   1.0811267e-01   5.0600849e-03   5.5552618e-02  -5.4801720e-02   1.3805703e-01   4.7223187e-02   2.1748955e-01   9.8659793e-02  -1.3502464e-02   1.7131903e-01  -2.7897573e-01  -6.9844293e-02   4.1302856e-01   2.1024672e-01  -4.9986876e-02  -9.9742621e-02   2.6490552e-02   1.3677820e-01  -9.6149051e-02   8.0652230e-02   7.1646829e-02  -8.7846230e-02  -2.1986040e-01  -1.8994177e-01   1.4023925e-01   1.9332317e-01  -8.3471324e-02  -4.7008090e-02  -1.6593509e-01
  -1.6527884e-01  -6.2368369e-02  -2.2229909e-02  -1.1699166e-01  -1.5195016e-02  -3.2124404e-01  -1.1420690e-01  -2.1752915e-02  -2.1225997e-01  -1.6056211e-02  -4.4107211e-02  -6.7672164e-03   1.3687476e-01   5.9128991e-02  -1.9225489e-01  -1.3804453e-01   9.5581954e-02   4.0123134e-02  -2.1542293e-02  -6.1802042e-02   3.1220593e-01   1.8974337e-01  -6.5586336e-02  -2.8583418e-01   1.2440320e-01  -6.7388810e-02  -1.1698980e-01   1.5250256e-01   1.7722345e-01  -2.6228864e-01   3.7065155e-02  -4.1226195e-02  -1.0433949e-01   1.4521122e-01  -1.0552062e-01   1.4865456e-01  -1.3407461e-01   9.7507336e-02   1.8487571e-01  -1.1140819e-01  -3.0675808e-02   3.8260883e-02  -2.6266427e-01   6.9868990e-02   2.2595766e-01  -9.8419815e-02  -1.9503227e-01   4.1516162e-02  -3.6129026e-02
  -1.4149603e-01   2.2675362e-01  -1.4936604e-01  -2.4166262e-01   6.1909177e-02   2.2278422e-01   6.3889928e-02   1.4509768e-01   1.5803715e-01   1.5607002e-01  -1.3071671e-01   1.2738272e-01   2.7136303e-01   1.6720247e-01   3.1675953e-02   1.9142133e-01  -1.0697611e-01   2.2024937e-02   1.6748139e-01  -2.0604324e-01  -1.3819739e-02  -1.2562462e-03  -1.4193507e-02  -2.3813433e-01  -4.5699302e-02   2.5717290e-01   1.1488361e-01  -5.7288751e-02  -1.4115854e-01  -5.4797477e-02  -2.9337100e-02  -1.0426048e-01   6.8614206e-02  -1.4166230e-02  -1.2677053e-01   1.8831592e-01   3.3617076e-02  -1.6936886e-02  -1.1819934e-01   9.7721713e-02  -1.5250297e-01   6.1382358e-02  -1.0676168e-01  -1.6581603e-01   5.8249932e-02   1.6858197e-02  -8.6142288e-02   2.6432728e-01   2.4535228e-01
  -1.4346602e-01   2.4186898e-01   1.4314225e-01  -1.1807596e-01  -1.6753514e-01  -5.5818847e-02  -1.4209693e-01  -1.3892221e-01   2.6164024e-02  -2.5621871e-02   1.7271837e-01  -2.4827657e-01   5.5533784e-02   3.3972142e-02  -2.1498093e-02  -1.9363321e-01   5.2846380e-02   2.8241633e-01   3.0627283e-01  -2.6552382e-02  -2.1499468e-01   2.1370586e-02  -3.3891770e-02  -1.2306544e-01  -7.4459841e-02  -4.2698058e-03  -1.3557397e-01   2.3525017e-01  -5.5141930e-02  -2.2031693e-03   3.8585201e-02   7.2324843e-03   2.6584262e-02  -1.9449112e-02  -2.3334592e-01   7.3468248e-03  -7.4803900e-02  -2.2224898e-02  -5.6144326e-02   2.0673220e-01   5.9266650e-02  -1.1647783e-01   5.0517623e-02  -7.3622530e-03  -4.1464112e-01   3.6241572e-02  -1.1691306e-01  -2.0653680e-01   8.6955894e-03
  -1.3394092e-01   1.0713903e-02   1.5977570e-01   1.1713247e-01  -2.9396977e-01  -5.4896315e-02  -4.6612337e-02  -9.2248338e-02   3.8202275e-02   4.4242593e-02   2.5116564e-01  -2.0991233e-01  -1.6521741e-01  -2.7923469e-02  -2.8830803e-01   1.3339379e-01  -1.2464410e-02  -5.1513328e-03  -1.4682162e-01   5.7557305e-02  -4.6786681e-02   5.2375578e-02  -2.0736618e-01  -5.0007571e-02   3.5485844e-02   3.7968205e-02  -1.4688683e-01  -5.8996474e-02  -2.9625914e-01  -8.8525379e-02  -2.3262958e-01  -1.1777516e-01  -7.7910194e-03   1.5274632e-01   2.4734664e-01   1.2114870e-02  -7.1931751e-02  -1.0352594e-01  -1.2558734e-01   3.2256542e-02  -1.8602730e-01   1.9303980e-01   9.9513553e-02   2.3774713e-02   8.1419869e-02   1.8792756e-01  -1.9388940e-02   2.9896160e-01   6.8760995e-02
  -1.2748379e-01   2.8565363e-01   5.1222898e-02   7.4470879e-02   1.7907868e-01  -1.6419767e-01   4.9450635e-03   8.4734689e-02   6.0858381e-02   4.7785316e-03   9.5019614e-03   6.6644201e-02  -1.7017402e-01   3.3179988e-01  -5.7202221e-02  -1.9579804e-01  -5.3863381e-02   2.0552088e-02  -9.4609801e-02   4.0713802e-03   1.3699371e-01  -9.4332048e-02   9.5482369e-02  -5.3300082e-02  -1.2413589e-01   1.0314244e-01   6.6771788e-02   8.9169001e-02   5.3149608e-02  -1.1578299e-01  -1.4556800e-01  -2.7144818e-01  -2.5609863e-02  -6.6089270e-02   3.9707691e-02  -1.3230726e-01   1.8219836e-02  -3.2119632e-01   1.0032209e-01  -5.3419331e-02  -4.4343294e-02  -3.1758588e-01   1.7882569e-01  -1.9771280e-01   3.9691315e-02  -1.3083287e-02   1.7809885e-01   9.9005278e-02  -2.8224843e-01
  -1.3406104e-01  -1.1583070e-01   2.4143913e-01  -1.0218760e-01   1.9042647e-01  -6.8531692e-02   9.5537894e-02  -3.0586333e-01   1.3316812e-01   9.1850564e-02   2.5637707e-03   2.3982742e-01   2.2833174e-01   9.7890068e-02   3.4077217e-02  -3.2731157e-02   1.6759209e-02  -2.5563339e-01   1.0798114e-01   1.6165459e-01   1.0271198e-01   4.0213270e-02  -2.4400503e-01   1.2950941e-01  -5.9702010e-02  -1.9254666e-02  -6.7476299e-02   7.1896909e-02  -6.9759051e-02  -9.2773881e-02  -2.8494411e-02  -9.3284592e-02   1.2657972e-01  -3.4347497e-02   1.3941226e-01   1.2471190e-01   3.3954269e-02   2.1476796e-01   2.0166720e-01   2.2195852e-01   1.1637585e-01  -6.6609420e-03  -5.5007403e-02   1.0365791e-01  -1.9948070e-01   1.5408869e-01   2.9556496e-01   1.0121963e-01  -4.6321959e-02
  -1.5379797e-01   1.7198525e-01   1.1809324e-01   1.8915746e-01  -6.5555604e-02   1.9968213e-01  -2.9986448e-01   1.1999339e-01  -1.6178924e-01  -1.4295069e-01  -6.9187471e-02  -7.4972615e-02   5.2348571e-02  -2.0342012e-02  -1.2268195e-01  -3.9172810e-02   8.9690623e-02  -3.3666865e-01   1.8247888e-02  -5.5900895e-02  -6.1627479e-02  -2.3629691e-01  -5.6755575e-02  -2.0111088e-01  -6.9736093e-02   9.4866602e-02   6.4897190e-02  -8.9387446e-02   7.8933684e-02   7.8712993e-02   3.6769319e-01   5.5590844e-02   1.3726036e-01   2.0257284e-01   1.6698140e-01  -3.6767273e-02   2.5473454e-02  -6.9410482e-02  -9.2118902e-02   1.6796034e-01   1.3793174e-01  -9.6139291e-02  -2.4137641e-01   1.1664757e-01   6.5583384e-02   3.7509783e-02   1.1996300e-01   2.2164781e-02  -1.2192137e-01
  -1.3007663e-01  -6.8164013e-02  -1.1655236e-01   1.7131912e-01  -1.4655990e-01   9.1203606e-02  -3.8225415e-03  -4.8699293e-02  -2.3316451e-01   3.0569795e-01   6.8419895e-02   3.9650919e-02   2.1261780e-01  -7.1630094e-02  -4.6874024e-02   3.4556491e-02   6.7100150e-02   8.5011403e-02  -7.9215769e-02  -2.3652921e-02   1.7032865e-01   1.4520659e-01   3.3944320e-02   1.1033796e-01  -1.6831885e-01  -1.5040737e-03   2.1294047e-01   1.6110400e-01   2.9518489e-02  -1.1175063e-02   7.4133663e-02   1.1260654e-01  -4.9216911e-02  -1.0439816e-01  -3.8815431e-02   7.2456386e-02   3.8668825e-01  -2.0052035e-01  -4.7774565e-02   1.4048084e-01  -3.1314362e-02   2.9132160e-02   2.0249493e-01   2.6320478e-01  -1.3183289e-01  -1.5327745e-01  -1.1958920e-01   2.1723703e-01  -2.2003565e-01
  -1.4063639e-01   7.2680385e-02   2.8657534e-01   7.8298756e-02   1.2243578e-01   1.1652003e-01   3.4185630e-02   2.2471679e-01   2.6955213e-01   1.0209912e-01  -4.4331989e-02   2.6338549e-02  -1.8826854e-01  -5.0187707e-02   8.2244038e-02   5.0697494e-02   2.5894290e-01   1.4594385e-01  -1.6233593e-01  -4.8015547e-02  -1.8109339e-01   1.4063512e-01  -4.3198199e-02  -7.2680997e-02   1.9430251e-01  -1.3587147e-01   8.4897749e-02   1.4649316e-01  -8.9912446e-02   9.7570971e-02  -1.7958151e-02   2.9652276e-01  -3.8730702e-03   1.9082906e-01   1.9923068e-02   1.0815711e-01   2.7447002e-02   8.5810522e-02   3.2725528e-01   3.2683605e-02   1.0798470e-01  -1.7172542e-01   1.6117451e-02  -4.1924482e-02   1.3161962e-02  -2.0842013e-01  -6.5265146e-02   2.2302329e-01   1.8912715e-02
  -1.3247966e-01   1.8926396e-01   1.1764905e-01   1.2540992e-01   2.3029976e-02   1.3123383e-01   3.3426133e-01  -3.2900489e-02  -8.1356034e-02  -1.6797784e-01  -2.5625146e-02  -3.3119545e-02  -3.0106682e-02  -3.1451755e-02  -2.4237554e-01  -1.3475504e-01  -9.7713223e-02   6.9505790e-02   9.4730202e-03  -1.3626889e-01  -2.9488545e-02   1.6511215e-01  -1.0277073e-01   2.4921830e-01   4.1598444e-02   2.4678658e-01  -2.9396837e-01  -6.1203426e-02  -1.1256330e-01   5.8083963e-02   1.9982438e-01  -2.1396268e-02   5.2889772e-02  -1.8942245e-01  -1.5670272e-01  -3.7390420e-02   6.5527931e-02   1.6699369e-01   4.4322485e-02   5.9608367e-02  -8.8120059e-02   1.4137722e-01  -2.0251747e-02  -3.3002924e-02   2.1687569e-01  -3.4362609e-01   1.1569475e-01  -5.3232424e-02  -1.2295805e-01
  -1.6028232e-01  -9.3073760e-02  -7.8555568e-02   3.4951432e-02   1.9486362e-01  -1.7888522e-01   1.2525786e-01  -2.1840480e-01  -2.6707549e-03  -7.4566223e-02   1.7314763e-01   1.1100327e-01  -8.6075876e-02  -1.3986892e-01  -8.6207858e-02   3.6188756e-01  -8.7202024e-02   7.1210778e-02  -1.5783318e-01   5.5545020e-02  -1.3311582e-01  -4.2428862e-01  -4.4038654e-02  -1.3147166e-01   2.0663516e-02   1.2504182e-01  -5.2990179e-02  -1.2361023e-01   3.0798508e-02  -7.4913611e-02   1.2350044e-01   5.9099120e-02  -1.4323917e-01  -7.5447079e-02  -2.4672446e-01  -1.0266644e-01   3.0056209e-02   5.7026566e-02   5.7622488e-02   8.3582821e-02   1.4021485e-01  -5.3987992e-02  -8.7636036e-02  -9.9663960e-02  -1.0979397e-01   2.4098533e-02  -2.5362772e-01   1.6609163e-01  -1.9427463e-01
