  -1.3079987e-01  -3.5747658e-02  -2.2394104e-01   3.6653606e-01   1.6348743e-01  -4.6022859e-02   4.3382946e-02   2.1910066e-01   1.3107250e-01  -1.2740134e-01  -9.9724938e-02  -6.3597435e-02   5.0114365e-03  -2.9872131e-02   1.4939415e-01  -2.1453737e-02   1.4712629e-02  -1.3422691e-02  -2.2295220e-01  -1.6423977e-02   1.6614845e-01   2.6955999e-01  -1.0065750e-01  -1.3081694e-01  -6.4103875e-02   3.1979892e-01  -4.1078960e-02  -3.1006408e-01   3.5307631e-02   6.1710048e-02   7.0666443e-02   5.4057507e-02   2.1055430e-01   1.6114871e-02  -1.5219414e-01   1.0848444e-01  -5.7519687e-02   1.0133616e-01   9.5934653e-02  -1.5977386e-01  -7.0706339e-02  -1.4674419e-01   9.6402803e-03  -2.4125671e-02  -2.8746189e-01   1.0106562e-01   4.3336271e-02  -2.9473398e-02  -3.9776620e-02
  -1.5109402e-01   5.9195599e-02  -8.1462214e-02   1.0809885e-01  -2.8618267e-01   1.8459525e-01  -1.0490631e-01   1.0039109e-01  -8.2738617e-02  -7.0603774e-03  -3.1735852e-01   1.9949171e-01   6.4772493e-02  -8.8248418e-02   2.3346879e-01  -7.0367198e-02  -1.6157844e-02   5.6695446e-02   1.4978838e-01  -9.0941937e-02  -2.3941446e-03  -3.5709673e-02   1.8448131e-01   7.0005719e-02  -6.2279440e-02  -9.4481227e-02  -2.5581033e-03  -4.1199266e-02   1.3890180e-01   3.1140761e-01   1.9925467e-01  -1.4777246e-01   1.0101570e-01   1.2894244e-01   3.2305529e-02   3.7403079e-02   1.1493220e-01   2.3680557e-01  -2.7169297e-01  -6.3198775e-02  -1.4328702e-01   1.4449771e-01   1.0487806e-01   1.2383886e-01   5.8282844e-02  -1.5657980e-01   3.5050240e-02   1.5525883e-01   1.8802934e-01
  -1.3664239e-01  -1.7997716e-01   2.6918821e-01  -8.9220697e-02   6.4971692e-02   2.6571397e-01  -1.0714428e-01   1.6029577e-01  -1.1403113e-01  -1.2828442e-01  -7.2595676e-02  -4.1387799e-02   1.8363244e-01  -1.6784819e-01  -1.2988573e-01   1.6689792e-01   2.3969385e-02   5.4445490e-02  -2.7111829e-01   1.7604695e-01   3.8761839e-02   1.2335197e-02   1.4308391e-01  -1.1491495e-02   4.2931259e-02  -2.6497487e-02  -1.7424015e-01   3.6722308e-02  -1.2470964e-01   3.7768225e-02  -2.2556056e-01   1.3216761e-01  -2.0634390e-01   1.2622090e-01   6.2073643e-02   5.4273989e-02  -8.1352384e-02   2.1738194e-01   1.5018394e-01  -3.0198956e-01   5.0852263e-02  -1.1385310e-01   1.1655989e-01   1.5950782e-01   5.4548360e-02  -5.9236953e-02  -2.4612508e-01   3.7671513e-02   8.7092157e-02
  -1.3819897e-01  -2.0547934e-01   1.4234980e-02   1.7784022e-01  -1.9564147e-01   1.4971067e-01   1.1917095e-01   1.2322791e-02   1.3381330e-01   1.5457578e-01   1.0962389e-01  -1.9365863e-01  -1.2267154e-01   9.0855395e-02  -7.9040739e-02   1.7345765e-02   8.7644514e-02   7.1477860e-02  -7.9659156e-03   6.0810177e-02  -3.8373696e-01   1.5642501e-01   5.9231617e-02  -4.4338440e-02  -2.4543556e-01  -3.5634796e-01  -1.1800226e-02  -3.0874569e-01  -6.9547631e-02  -8.8845422e-02  -2.7492966e-02  -4.0523566e-03   1.7010091e-01   1.7135277e-01   1.8121224e-02  -3.3243807e-02   5.5350980e-02  -4.8871405e-02  -1.7631136e-01  -7.0969353e-02   4.9230798e-02  -1.6007683e-01  -1.0629473e-01  -1.2946348e-01   1.6635493e-01  -5.4842201e-03  -1.3657667e-01  -5.4590796e-02  -1.1810375e-01
  -1.4713011e-01  -1.0977835e-01   1.1043730e-02   2.5472040e-01  -1.3494750e-02  -1.7518771e-01  -4.3949716e-02   2.1568495e-01   6.5446889e-02   1.6786954e-01  -1.1385790e-01   4.4403395e-02  -1.4138640e-01   2.2957471e-01  -1.6783424e-03   2.0131980e-01   1.2651262e-01  -7.6159984e-03  -2.9707114e-01  -1.6845095e-01  -1.6323659e-01  -6.9090026e-02   1.3745907e-01   1.0229561e-01   1.5110103e-01   7.8745297e-02   1.3156295e-02   2.8307155e-01   2.2351975e-02   1.6241244e-01  -7.1439715e-02  -1.4311944e-01  -1.3652750e-01  -7.4275242e-02   2.6618177e-01   2.0278563e-01   3.3125270e-02  -2.6667724e-01  -6.5871084e-03  -8.6168665e-03  -3.5955992e-02  -1.0924943e-01  -7.0802948e-02   6.5678889e-02   9.3595481e-02   1.0541290e-01   1.3972476e-01   1.6812851e-01  -8.6010813e-02
  -1.4472897e-01  -1.9526721e-02  -7.8680796e-02  -4.7177419e-02  -3.5994013e-02   4.7271910e-02  -1.5387355e-01  -3.4520588e-02  -1.3818575e-01  -1.9355721e-01  -1.5380411e-01   2.7708464e-01   3.2747110e-02   5.5896770e-03   2.0655926e-01   8.8010142e-02   3.1867431e-01   1.2417364e-01  -1.5081206e-01  -2.1847552e-01  -1.4757324e-01  -1.7415041e-02  -2.3967590e-01  -8.9581083e-02  -3.7407130e-02  -1.5117243e-01  -1.2373069e-01  -8.2368162e-02  -1.7330076e-01  -6.4736152e-02  -7.5846993e-02  -2.8476577e-02  -2.3626242e-01  -1.2362387e-01  -1.5929915e-01  -1.1113894e-01  -1.5964002e-03  -7.8067401e-02   6.3426138e-02   6.8473429e-02  -7.1899568e-02  -1.9776542e-02   3.3988622e-02  -2.5084270e-01   5.9174822e-02  -5.0933344e-02   1.8180384e-01  -3.5959287e-01   9.7386242e-02
  -1.1983214e-01   1.5882968e-01  -1.1165312e-01  -1.3443699e-01   2.9853769e-02   5.5169949e-02  -1.2413587e-02   6.2542074e-02   4.2673012e-02  -5.7129504e-02   9.0597708e-02   1.2473775e-01   7.1983494e-02   1.5606671e-01  -2.2384411e-01  -3.7790506e-01   1.3980915e-01  -2.0232273e-01   1.0117243e-01  -6.5072925e-02  -7.5566567e-02   2.8307107e-02   6.4625000e-02   6.5434867e-02  -5.1084405e-02  -1.0130552e-01   7.6536951e-02  -2.6370727e-02  -3.1305483e-01  -2.4252949e-02   2.3496016e-02  -1.5735803e-01  -7.4238476e-02   1.5191781e-01   4.1138833e-02   2.8748023e-01  -1.3778423e-02  -3.3347690e-02   1.1570104e-01  -8.3991229e-02   8.4516019e-03  -1.6607642e-01  -1.7010512e-01   3.1409185e-01  -2.6998725e-01  -2.0594274e-01   1.4121181e-01  -1.0352201e-01   3.7891736e-02
  -1.3408075e-01   8.2606959e-03  -9.5787748e-02  -1.7904339e-02   5.0531051e-02   1.1670462e-01  -1.5250012e-02   2.3866007e-01  -1.4421634e-01   1.7587590e-01  -3.3057699e-02  -1.5863410e-01   1.2982964e-01   4.9625287e-02   3.7593298e-02  -1.2367666e-01  -2.0996792e-01   1.2665066e-01  -5.0548389e-02  -1.2864706e-02   2.0086113e-02  -7.5129454e-03  -6.8052595e-02  -1.2736092e-01   4.3412892e-02   2.1530813e-01   8.1477549e-02   4.2461060e-02   1.1008984e-01  -3.1017228e-01  -2.0258428e-01  -1.9640477e-01  -9.8333194e-02   2.8455627e-01   1.2844035e-02  -3.7540058e-02   2.1969931e-01  -1.4657020e-01  -2.1458857e-02  -1.5750881e-01   1.0296138e-02   3.8174534e-01  -2.5525790e-01  -1.4300086e-01   4.4284043e-02  -1.3889690e-01   4.1067289e-02  -9.9952088e-02   6.8447409e-02
  -1.4431351e-01  -1.7457798e-01   1.5827691e-01   1.4906765e-01  -9.4855087e-02  -1.2433795e-01  -2.3213226e-01   6.4784030e-02  -4.2600204e-02  -1.5926306e-01   4.5908089e-02   3.4027121e-02   2.1849221e-01   1.4822980e-01  -6.6077344e-02  -1.8746170e-01  -2.1220887e-01   3.6676293e-02  -4.0764600e-02  -9.1800802e-03  -3.4654261e-02  -1.3892183e-01   6.3780074e-02   1.3817617e-02   5.1679723e-02  -1.6019486e-01  -8.2064892e-02  -1.4123156e-01  -2.7540526e-02   7.1333393e-02  -6.0257851e-02   4.7547063e-02   3.0653969e-01  -1.5390711e-01   3.9120323e-02  -7.8458864e-02  -3.3282529e-01  -2.2304734e-01   3.0240438e-02   1.4504809e-02   2.1415413e-01   3.7060614e-01   4.1984433e-02   1.3575792e-01  -7.6007406e-02   1.4579724e-01   7.9938286e-02  -1.1705959e-01   4.5446358e-02
  -1.6792251e-01  -2.8090945e-01   2.5122125e-02   1.8205708e-02   1.2609778e-01  -1.6765602e-01   6.3280913e-02   3.9185620e-02  -3.5377644e-01  -1.9525119e-01   7.3245772e-02   6.5782661e-02   1.9366288e-03   6.6567935e-02   4.5145669e-02   2.0906595e-02   8.5303929e-02  -1.0458399e-01   1.7414253e-01   1.5590060e-01   1.3125204e-02  -8.0425429e-02  -2.2875143e-01  -6.1971607e-02  -1.6463396e-01  -2.2634359e-01   2.8404531e-01   1.9119517e-01   2.2211004e-01  -9.0089540e-02   2.7561585e-03   5.3094086e-03   8.3010064e-02   8.9255837e-02  -1.2464103e-01   1.0279081e-01   1.8020101e-02  -8.6635521e-02   2.6653120e-02  -2.1292309e-01   2.6143088e-02  -1.4538593e-01   1.0591435e-01  -1.1237377e-01  -7.7050630e-02   1.9807541e-02   1.0717254e-01   3.0865400e-01   1.4213103e-01
  -1.3843816e-01  -2.3085226e-02  -3.7036821e-02  -1.1455208e-01   1.8513983e-02   2.5186313e-01   1.0255225e-01  -2.9704218e-02  -2.7518767e-02  -1.0740971e-01   1.4929003e-01  -1.2646459e-02  -1.1572555e-01   3.4466247e-02  -3.3332599e-01   1.9558874e-01   1.1605676e-01   1.0876714e-01   1.0385990e-02  -2.1395702e-01   3.0152225e-01  -9.7485222e-02  -2.6915036e-01   2.0583760e-02  -8.4628990e-02   4.6206851e-02  -1.1140298e-01   1.6978286e-02  -1.9745886e-01   3.0509860e-01   1.8016500e-01   4.1445847e-02   8.2798277e-02   1.8498720e-01   4.4331896e-02  -1.1417278e-01   1.4428858e-01  -1.1990242e-01  -1.3254945e-01  -1.0822618e-01   3.7543354e-02   1.7803257e-01  -1.2855197e-01   1.4672768e-02  -1.4105994e-02   2.7631703e-01   6.9550778e-02   7.9752246e-02  -3.2885998e-02
  -1.4532205e-01   9.0761537e-02  -2.8320816e-01   1.9623543e-02   7.5809297e-02  -1.2971435e-01   1.2027615e-01  -2.1642629e-01  -9.5263016e-02  -6.0589398e-02  -1.3434565e-01   2.9812445e-02  -6.3880689e-02   6.8002138e-02  -2.3214929e-03   1.4483487e-01  -1.2557245e-01   1.4372064e-01  -1.6328962e-01   2.1625751e-01   4.3149521e-02  -1.6243471e-01  -1.4183552e-01   1.6490611e-01  -1.4591581e-01   4.3951703e-02   3.6797365e-02  -9.0853394e-02  -1.2922126e-01  -1.5455151e-01   1.5387576e-01  -2.2705823e-01  -9.8999689e-02  -3.2162098e-02   3.0596657e-01   1.8323977e-01  -2.0187649e-01   1.1013961e-01  -2.0627623e-01   2.1584950e-02   3.0656122e-01   3.5553380e-02   7.7313051e-02  -3.0884560e-02  -2.6382473e-02  -5.0612618e-02  -2.4547014e-01  -6.9365254e-02   7.9440679e-02
  -1.3143784e-01   6.2149065e-02  -8.6156271e-02  -1.5947341e-03  -1.8957034e-01  -3.0521119e-01  -1.4916306e-01  -3.6110572e-02   2.0496127e-01  -2.1143822e-01  -8.8922279e-03  -1.9487261e-01  -1.4835289e-01   1.0347582e-01  -1.1656433e-01  -2.6986846e-02  -1.3242848e-01  -1.0755819e-01  -8.0223166e-02   7.8637268e-02   1.5283350e-01   1.8562411e-01  -5.7092222e-02   9.2689268e-03  -1.4192626e-01  -1.7992845e-01   1.6819052e-01   7.7950034e-02   5.7236579e-02   7.3686752e-02  -9.7315252e-02   1.7477052e-01  -3.3267294e-01   1.7209639e-01   7.7888033e-02  -5.5864132e-02  -9.2615270e-03   1.3819968e-01  -6.6920787e-02  -8.8992573e-02  -2.5765032e-01   2.1165811e-01   2.0186031e-01   2.4069462e-02   5.6651047e-02  -8.9654148e-03   1.2412995e-01  -1.5561038e-01  -1.7894649e-01
  -1.5270155e-01  -2.2152075e-03   1.6965283e-01  -1.3835767e-01   9.5521740e-02  -1.5643336e-01   1.4296141e-01   4.5807153e-02  -1.0591449e-01   1.9782421e-01   1.1944741e-02  -9.7628820e-03   5.3733401e-02  -6.5700101e-02  -8.5333731e-02  -5.0172008e-02   1.3915106e-02   6.5586689e-02   3.7838066e-02  -2.6803647e-01   2.6896478e-01   6.4637784e-02   1.6003646e-01   1.1949509e-01  -7.2251557e-02  -6.9251522e-02  -2.5715810e-01  -1.4344182e-01   1.7355933e-01  -1.7219676e-01   7.1863206e-02  -2.8529759e-02  -1.5619947e-02  -1.7022165e-01  -5.7440784e-02   1.7792252e-01   1.5679487e-01  -5.0500637e-02  -1.6425175e-01  -1.8803908e-01   1.7659468e-01  -5.8505390e-02   3.3960897e-01  -9.3689562e-03   5.4481873e-02  -1.2300626e-01   1.9018688e-01  -1.2476636e-01  -2.7359909e-01
  -1.7172728e-01  -3.8253390e-02   1.2329602e-01   3.1407485e-02   5.7877404e-02   2.1753565e-02   1.6132963e-01  -1.7017095e-01  -5.1329167e-02   7.7081780e-02  -2.9393403e-01  -3.4116149e-02  -2.4115766e-01  -8.8567534e-02   4.5531689e-02   5.4006573e-03  -2.6474676e-01  -1.0092046e-01  -4.3281492e-02  -2.6752202e-01  -5.5752314e-02  -1.6138708e-01  -3.0754487e-03  -2.2420556e-01   9.0874920e-02  -1.4158225e-01   1.0293875e-01  -1.2103540e-01  -1.3578830e-01   7.7295505e-02   1.6680139e-01   1.2361084e-01  -1.0923873e-01   6.1020095e-02  -2.9974807e-02  -6.9464759e-02  -5.1599817e-02  -8.6388382e-02   3.2430301e-01   1.2728013e-02   4.0850576e-02   1.0777585e-01  -1.4442036e-02  -5.8972113e-02  -1.8138320e-01  -2.9179859e-01  -1.0864881e-01   1.9957601e-01  -2.2825934e-01
  -1.3842204e-01   2.6608978e-02  -8.2630591e-02  -1.9834539e-02   2.4992340e-01   1.6074495e-01  -1.9364512e-01  -2.2618286e-01  -3.8721969e-02   6.5812451e-02   1.0416404e-01  -1.3355430e-01  -8.5874264e-02   1.0132275e-01   2.6803694e-01   8.2872126e-02   2.5492069e-01   1.6109548e-02  -7.1988021e-02   1.7419296e-01   2.5001306e-02   1.0914632e-01   1.0362641e-01   2.1288279e-03  -1.4092335e-01  -4.7601181e-02   8.2213184e-02   1.6333624e-01   4.5159466e-02   1.3314021e-01   6.1101544e-02   1.8215118e-01   1.5299262e-01  -1.9690306e-01  -1.1643597e-01   2.2584063e-01   1.1718389e-01   5.2003126e-02   1.2109299e-01  -1.8555943e-02   1.4604750e-01   3.1715655e-01  -1.7870385e-01   1.7050788e-01   1.3726593e-01  -1.8012687e-01   2.5561189e-04  -8.3483424e-02  -1.7153545e-01
  -1.2887027e-01  -1.1918278e-01   8.8050083e-02  -1.0620068e-02  -1.5676139e-02   2.3331870e-01   3.8900462e-02  -1.5091146e-01   2.1681017e-01  -1.0527558e-01  -7.8517461e-02  -1.4027075e-01   4.5536773e-02   3.0716162e-01   5.6479532e-03  -1.2632032e-01   3.0166603e-03  -4.0639349e-01  -1.1986683e-01  -1.9979665e-02  -1.3683267e-02  -3.6683124e-02  -7.6138126e-03  -1.5244512e-01  -4.4058090e-02   1.4008646e-01  -1.0772182e-01  -1.7478324e-02   1.2385440e-01  -1.0728856e-01   5.5116751e-02   3.4629622e-02  -2.6626406e-01  -2.7142947e-01  -1.1972017e-01  -1.3501877e-01   1.5031237e-01  -1.3455324e-02  -3.0850484e-01   4.6383835e-02   1.6630050e-01  -8.1194160e-03   2.1283163e-02   5.5316348e-02  -7.4196374e-02   8.7226835e-03  -1.2812845e-02   1.5390828e-01   2.4245116e-01
  -1.1293379e-01   3.0113936e-01  -1.6229207e-01   4.4000534e-03   1.1937905e-01  -1.3614393e-02  -1.5898406e-01   1.5996196e-01   7.2710384e-02  -1.8840638e-02   2.4004567e-02  -1.0351939e-02  -1.4825050e-01   9.2923769e-02  -1.8646993e-01   1.2833238e-01   1.8832008e-01  -1.9170253e-02   2.0888457e-02  -1.4283005e-01  -1.0030872e-01  -2.4538494e-02   7.6721190e-02   2.3818465e-02   3.4326361e-02  -4.5026061e-02  -2.5177710e-01   1.4799557e-01  -2.1955041e-02  -3.0768589e-01  -9.4971928e-02   2.2309077e-01   2.4101764e-01   9.9943522e-02  -8.5686218e-02  -6.0471701e-03  -1.5560923e-01  -2.6237256e-03  -1.0966495e-01   1.0370622e-01  -1.1200408e-01   1.6816773e-01   2.2041200e-01  -1.3540184e-01  -1.3303324e-01  -1.9353551e-01  -1.6946606e-01   2.6858763e-01   1.1951734e-01
  -1.4854655e-01  -2.9689052e-02  -2.3572210e-01  -2.5583119e-02   8.2561932e-02   1.8244616e-04  -1.6108613e-02  -3.0033137e-01  -2.6860680e-01   1.1132032e-01  -5.3578220e-02   2.8009374e-02   6.3505134e-02  -5.9584457e-04  -1.5057780e-01   9.7997408e-02  -1.6429566e-01  -2.7777285e-01  -4.5867746e-02  -8.0472195e-04  -2.1707783e-01   9.3577308e-02   8.8354895e-02   1.0274075e-01   2.4251295e-01   3.6275636e-02  -7.1328989e-02   8.9804997e-02   1.4361021e-01   1.1266078e-01  -1.6195206e-02   2.1469203e-01   2.2679978e-01   7.8195938e-02   2.0220364e-01  -1.7381924e-01   2.0407790e-01   1.3341043e-02  -1.7773195e-02  -1.1590047e-01  -5.2854148e-02  -1.4835147e-01   4.5109743e-02  -5.8215123e-02  -1.4983246e-01   2.6959389e-02   4.9610125e-02  -3.4023691e-01   9.8741598e-02
  -1.5723052e-01  -8.9983843e-02   1.4865050e-01  -6.6659194e-03   1.9794824e-02  -1.3566058e-02  -1.9144901e-01   1.7187082e-01   1.6538900e-01  -1.3589367e-01  -1.6859369e-01   1.2442017e-01  -1.0521034e-01  -2.1769746e-01   1.0072319e-01   2.7373669e-03  -1.2627432e-01  -2.8096757e-01   1.0680713e-01   6.9622607e-02  -3.5335764e-02   1.9151098e-02  -1.5641854e-01   1.7187230e-01  -5.8516881e-02   9.9447427e-03  -3.3182045e-02   2.4036240e-01  -2.4584372e-01  -2.2022266e-01   4.8676874e-02  -2.0753991e-01   2.1338522e-01  -5.7781779e-02  -1.8339507e-02  -4.0465984e-02   3.3808607e-01   1.2588883e-02  -1.0421242e-03   5.3318187e-02   2.5918590e-02   2.2616795e-02   3.8729714e-02   2.6135269e-02  -1.8506490e-02   1.7332970e-01  -2.3149918e-01  -1.0799842e-01  -2.6311999e-01
  -1.4631830e-01   2.2279407e-01   4.3558706e-02  -1.8323028e-03   2.7046464e-02  -1.9658224e-01  -2.2752901e-02   1.6668039e-02   7.5481633e-02  -7.9004103e-03  -5.9907706e-02   6.1663202e-02  -8.9429780e-02  -2.0893038e-01  -5.5429976e-02   9.3175556e-02   2.6011667e-01   7.8222098e-03   9.3113431e-02  -5.7638251e-02   1.5213937e-01   5.6767751e-02   2.6316779e-01  -9.2152374e-02   2.0285620e-02  -1.4019015e-01   2.8427446e-01  -2.2431647e-01   7.5068337e-02  -1.4421643e-01  -2.6384201e-02   5.0756865e-03  -4.1026188e-02  -2.5117634e-01   2.0760256e-01  -2.2299267e-01   1.3371320e-01  -9.3818526e-02   6.8572778e-02  -2.3611666e-01   1.8885842e-02   6.5582281e-02  -2.1914749e-01   7.1878684e-02  -5.8252095e-02   1.8771409e-01  -1.8879513e-01   1.5486111e-03   2.6699519e-01
  -1.3548260e-01   3.7353814e-02   4.5349218e-03   1.6054129e-01  -1.0633108e-01   1.4367935e-01   2.8972677e-01  -1.4294153e-01   3.9412708e-02  -3.3545780e-02  -1.0467007e-02   3.0393712e-01  -7.3615625e-02   1.7711630e-01   1.3976391e-01  -1.6483368e-01   3.9573579e-02   4.4621087e-02   1.8732888e-01   1.6158706e-02   2.5216249e-01   9.8907468e-02   1.6209731e-01  -1.7983408e-01  -2.0759197e-01   1.5352084e-02  -2.2569591e-01   2.7719759e-01   1.4851803e-01   1.1496863e-02  -2.9764508e-01   8.8804661e-03  -8.7147486e-03   1.2616149e-01   1.8683245e-01  -4.3780002e-02  -8.8474355e-02  -6.2517989e-02   1.7708977e-01   8.9333417e-02   7.3802184e-02  -3.4879591e-02   2.2269603e-02  -6.8747517e-02  -6.0272101e-02   1.1410342e-01  -1.8353480e-01  -1.1411186e-01  -8.6433755e-02
  -1.2025984e-01   1.7763861e-01   1.2814761e-02   1.3454182e-01  -4.3753884e-02   5.8432971e-02  -1.5662251e-01  -8.8755512e-03  -4.1050107e-02   9.8213192e-02   5.4897551e-02   1.8063012e-01   9.1371688e-02   3.1629924e-02  -2.3844271e-01  -9.9697757e-02  -2.6830615e-01   1.9409771e-01   6.1961012e-02  -9.9221157e-02  -3.8710375e-02   2.9520772e-01  -1.3374641e-01  -1.5190125e-02   1.3687895e-01  -9.6541606e-02   1.8164853e-01   6.3359805e-02  -4.8008056e-02   1.7448895e-01  -1.4150717e-01   1.2838486e-01  -1.3967254e-01  -2.3887552e-01  -1.8704551e-01   2.8702465e-01   1.4893612e-01   1.2671080e-01  -8.1821244e-02   6.4925720e-02   1.9052176e-01  -4.5327212e-02  -5.0251591e-02  -2.6474361e-01  -3.9319019e-02   1.1940855e-01  -1.8669883e-01   1.1382718e-01   2.3553358e-02
  -1.4107811e-01   5.2046827e-02   1.4628294e-01   1.2507670e-01  -6.5429016e-02   3.9655875e-02  -1.0249210e-01  -1.2312281e-01  -2.2810545e-01  -1.4291986e-02   4.1057305e-02  -1.9450071e-01  -3.3163726e-01  -1.4577058e-01  -1.3200157e-01  -1.1933362e-01  -6.4682018e-02  -4.9943645e-02   1.2837271e-01  -1.9013187e-02   4.2596140e-03   2.8244386e-01  -1.3640308e-01  -6.6440388e-02   4.0154347e-02   1.1427285e-01  -2.3192693e-01   1.6073037e-01   6.4430881e-03  -2.7004915e-02   1.1141517e-01  -2.8486648e-01   1.7812739e-02  -2.3081568e-01   1.5041140e-02  -3.4850030e-02  -3.5326817e-01   1.8398916e-02  -1.5698672e-03  -1.7316011e-01  -1.7452158e-01  -6.2765957e-02  -1.6367704e-01   1.3818098e-02   1.9856190e-01  -1.0728811e-01   4.7274997e-02  -1.6429365e-02   1.1932864e-01
  -1.4752252e-01  -2.2305991e-01  -4.6338204e-02  -3.7276880e-01   2.3282552e-01   4.3829109e-02   2.6026215e-01  -3.6510561e-02   2.6862354e-01  -1.0668527e-01  -8.6225531e-03   1.0547217e-01   5.4628668e-02   8.8114452e-02  -3.8184974e-03   5.2450034e-03  -6.3049257e-02   2.1378713e-01   8.7722048e-02  -6.2491750e-02  -3.0385136e-01   1.9478697e-01   2.0475312e-01   4.2000242e-03   4.1935093e-02   1.1388200e-01   1.3462355e-01   1.0672859e-01  -6.6067587e-02   2.4429879e-02   3.3005316e-02  -1.6995181e-01   5.0109572e-02  -1.5652365e-01   9.5645370e-03  -5.5591919e-02  -1.6714592e-01   1.7697260e-01   2.0946821e-03  -1.7331000e-01  -1.7020452e-01   1.8960213e-01   9.1558748e-02  -1.4573424e-01  -4.8363881e-02   1.1459268e-01   9.1670063e-02   6.5786195e-02  -4.1847157e-02
  -1.3472696e-01   1.0664619e-01  -7.5677716e-02  -3.8018707e-02  -1.0231698e-01   1.3341606e-01  -9.9072294e-02  -2.9497854e-01   1.9068652e-01  -8.4456034e-02  -1.2062601e-01  -2.1312143e-01   2.1761296e-01  -1.6311793e-01   3.7995568e-03   2.8404220e-02  -7.5411182e-02   7.6867796e-02  -1.1206641e-01   1.8309212e-01   2.5245640e-01  -1.7477655e-01   2.3251718e-01  -1.6050470e-01   1.1459092e-01  -1.7334439e-01  -1.2043415e-05   1.2180380e-01  -1.2082420e-01  -8.2447843e-02  -6.2911676e-03  -1.3402021e-01   1.5419209e-01  -8.1726624e-03  -8.7504402e-02   2.1172475e-01  -6.7601638e-03  -2.4429305e-01  -6.0449631e-02  -9.9102522e-03  -1.9826337e-01  -1.9450263e-01  -3.7465549e-02  -2.5855980e-01  -3.2321503e-02   8.1749934e-02   1.8034288e-01   6.6700011e-02  -2.9321336e-02
  -1.4658521e-01   3.2489825e-01   1.5057662e-01  -1.3700530e-01  -1.9077514e-03   2.2033502e-01  -4.2346750e-03   1.8708797e-01  -8.9114825e-02   8.0429559e-03  -1.3711978e-01  -3.6199358e-03  -5.7404081e-02   1.6084981e-02   1.0027816e-01  -1.2950498e-01  -8.9259464e-04   1.1608565e-01  -9.8163734e-02   1.4009850e-02  -1.1446055e-01  -1.6092949e-01  -8.7788093e-02  -3.5946083e-02   7.5052755e-03   2.1892018e-02   2.2318157e-01   1.3013276e-01   1.8773632e-01  -1.3376413e-01   9.9396497e-02   2.7243191e-01   3.4498401e-02  -8.9820984e-04   4.5069876e-02  -1.2721415e-01  -2.7209346e-01   9.6118460e-02  -2.5072333e-01  -4.2374636e-02   5.5393516e-02  -2.2423773e-01  -1.4321167e-01   9.6580948e-02  -6.3848734e-02   2.0552200e-01   1.2175193e-01  -1.0056041e-01  -3.0518067e-01
  -1.3159685e-01   2.2215724e-01   2.3042556e-01   1.2974943e-01   1.3780638e-01   5.2161918e-02  -6.3576718e-02  -5.8033114e-02   1.6840093e-01  -1.8379851e-01   7.5373404e-02  -7.4415086e-02   6.9575006e-02  -1.6063308e-01  -5.0512169e-02  -5.6236490e-02  -6.5692093e-02   5.1584859e-03   5.5912498e-02  -1.9731252e-02  -1.8017461e-01  -1.7533137e-01  -1.5218581e-06   3.4051080e-01  -3.8139814e-01   2.1141620e-01  -1.1901053e-02  -7.8473096e-02   1.1433089e-01   1.3802922e-01  -9.5411846e-02   5.7271273e-02  -1.1001667e-02  -1.0649325e-02   2.1175847e-01  -4.3141051e-02   8.9906936e-02   3.7225906e-03   2.0078952e-01   2.4780361e-02   7.1431415e-02  -5.8300182e-02  -4.3047101e-02  -3.0726579e-01   4.4584418e-02  -1.5225690e-01   2.3677242e-01   8.3933729e-02   8.7030552e-02
  -1.6179105e-01  -6.5248580e-02  -3.7954529e-01  -1.3556559e-02   1.2517055e-01  -3.1931296e-02   2.9864961e-02   2.0747914e-02   8.7940598e-02   6.3158249e-02  -1.2480573e-01  -1.2570911e-01   1.3500411e-01  -1.8269205e-02   2.4800450e-02  -3.4386306e-01  -8.5015988e-02   2.0604675e-01   4.2627763e-02  -5.1402260e-02  -9.5331477e-03  -7.0092716e-02  -1.5475520e-01   1.6720505e-01   2.0547603e-03  -1.4934740e-01  -2.1227056e-01   4.6017982e-02   3.4799178e-02  -1.0046867e-01   1.3301606e-01   2.1156602e-01  -8.9049406e-02  -9.0504769e-02   2.0616623e-02  -1.0906300e-01   8.8367612e-02  -4.3486526e-02   2.7113389e-01   1.0671410e-02  -1.0211012e-01  -1.2993091e-01  -5.9150815e-03   2.1080171e-01   3.3737269e-01   1.7550175e-01  -8.4516380e-02   1.7517402e-01   8.0647627e-02
  -1.2320441e-01  -5.8267600e-02  -4.4750993e-02   2.3046575e-01   2.5108297e-01  -9.4347140e-03   7.8805957e-03  -1.0386173e-01  -5.9128806e-02   3.1434135e-01   7.0419674e-02   2.7163340e-02   3.7999190e-01  -2.3567163e-01  -2.4346051e-02  -6.2133326e-02   1.9531298e-01  -3.1661982e-01  -1.1670864e-02  -1.2564563e-01   6.6990870e-02  -5.2872640e-03   3.1118470e-02   1.3611927e-01  -1.0981220e-01  -3.8426998e-02   1.2333749e-01   4.6173553e-02  -7.2389057e-02   5.6897470e-02  -2.1142937e-02  -9.6879035e-02  -1.7889010e-01   1.1012937e-01  -1.0170543e-01  -1.4514998e-01  -3.1546161e-01   6.1756195e-02  -1.6969644e-01   1.0016506e-01  -1.1880790e-01   1.1998496e-01  -4.0921952e-02  -8.9060575e-02   4.3201488e-02   1.1776102e-01  -1.1646643e-01   4.3579921e-02  -1.5936467e-01
  -1.4811959e-01  -2.0124780e-01   2.4091075e-02  -4.9535381e-02  -1.2254552e-01  -1.8902407e-01  -2.4612173e-01  -2.6365166e-01   8.1498559e-02  -1.3520699e-01   6.9316420e-02   2.1040156e-01   2.2994636e-02  -1.0122648e-02   5.0886916e-02   2.4963482e-02   1.0150902e-01   1.6294703e-02   2.5676383e-01  -2.0125104e-02  -6.0373583e-02  -1.0694790e-01   4.4117273e-03   4.8651903e-03   2.3445042e-01   2.8264256e-01  -1.7266492e-01  -2.2949864e-01   1.2012554e-01  -1.5505088e-01   2.1901277e-02   1.8203171e-01  -1.1889904e-01   2.0281849e-01   2.8100693e-02   2.0799732e-01  -4.2125082e-02   6.2303731e-02  -1.0303333e-01  -9.9392941e-02  -2.5772138e-02  -8.4421431e-03  -2.9908125e-01  -2.5176127e-02   6.6867275e-02   2.6921378e-02  -6.5708386e-02   1.3623947e-01  -2.2367195e-01
  -1.2222929e-01   1.6190288e-01  -5.5726979e-03   9.4213539e-02   1.2600947e-01   6.3698913e-02   2.9885112e-01   1.7296202e-01  -1.3097726e-01  -9.7263077e-02   2.3031351e-02   6.0472046e-02  -2.2490226e-03  -7.2052682e-02  -7.9015730e-02   1.6674794e-01  -7.2782802e-02  -2.4110601e-01   8.3668114e-02   2.2327033e-01  -9.3727588e-02  -4.7485198e-02   1.1343408e-02  -1.8327008e-01   1.4004187e-01  -1.9315829e-01  -2.0224580e-01  -2.0034563e-01   2.3375424e-02  -8.0173464e-02  -4.4015586e-02  -6.6922908e-03  -6.9808943e-02  -8.0211690e-02   1.0188760e-01   2.1910157e-01   6.6974018e-02   2.4025909e-01   6.4875830e-02   2.6419392e-01  -9.5879916e-02   2.0699864e-01  -9.6371888e-02   3.4594249e-02   1.4880445e-01   2.1130662e-01   2.9895969e-01   4.7958876e-02  -4.3201077e-02
  -1.3806688e-01  -1.1211490e-02  -8.5330109e-02  -3.3304102e-02  -2.0831264e-01   3.5133299e-02   2.3469861e-01   1.6631549e-01   1.2561646e-01   1.9280264e-02  -4.5984189e-02   2.8840142e-01   8.9857037e-02  -1.1443836e-01  -2.2324846e-01   1.2055771e-01  -4.4031922e-02  -1.6244372e-01   1.4628782e-02   1.7631904e-01   2.7313669e-02   4.8540753e-04  -1.7193732e-02  -3.7745799e-02  -7.0507666e-02   2.5792611e-01   1.9710461e-01   2.1292575e-02  -1.1084792e-02   1.3919092e-02   1.3557316e-01   2.5475297e-01   6.7768746e-02  -1.0998654e-01  -1.5051495e-01   8.4429553e-02  -1.2937309e-01  -3.2569923e-01   1.0024522e-02  -1.6773486e-02  -4.8387604e-02   1.7343601e-02   3.9678453e-02   1.3986914e-02   3.6454738e-01  -2.5553625e-01  -5.8267367e-02  -1.5110395e-01   5.5366480e-02
  -1.4237034e-01  -1.9841318e-01  -1.5546026e-01  -9.7595535e-02  -1.8370540e-01  -9.3055103e-02  -1.2268455e-01   1.7087532e-01  -3.5522622e-02   2.5807078e-01   2.7347644e-01   9.8658738e-02   7.7019746e-02  -8.7561309e-02   8.0957295e-02   1.0029279e-01  -1.3977384e-01   6.0461692e-02  -4.5782995e-03   1.0910471e-01   1.1708874e-01  -3.3595512e-02   1.0112800e-02  -1.7192534e-01  -2.3231166e-01   1.0451493e-02  -1.1750077e-01   8.4668916e-02  -2.0581198e-01  -3.1457199e-02   1.4120403e-02   1.4155554e-01  -2.5893322e-02  -2.8049518e-01   2.2880365e-01  -2.0851184e-01   3.1028775e-02   1.6088974e-01  -6.1886475e-02   9.0012097e-02  -6.3533404e-02  -9.7298514e-02  -1.6812200e-01  -2.7735376e-02  -2.5763296e-01  -2.0838985e-01   1.6774198e-01   1.4864168e-01  -5.1324179e-02
  -1.5923674e-01  -5.5540593e-02  -1.2066359e-01  -7.1425151e-02  -1.6566232e-01  -9.5751773e-02   8.0986916e-02   1.4448451e-01   1.5482281e-01  -1.1482578e-01  -9.1300112e-03  -3.0272512e-01   1.3988379e-01  -1.6010821e-01   2.2849966e-02   3.4226669e-01  -3.2973717e-02   2.3632020e-03   2.0629194e-01  -2.2719571e-01  -4.6250678e-02   6.1858668e-02   4.9200162e-02   4.9726540e-02   1.2654969e-02  -8.9115467e-02  -5.9993810e-02   2.2139559e-01   2.2018050e-01   3.8512549e-02   8.2562971e-02  -6.3784089e-02  -8.8834267e-02   1.0330258e-01  -1.9874299e-01   4.0902347e-02  -1.4270149e-01   7.7554498e-02   1.0876048e-01   1.8821854e-01   3.4210887e-01  -7.9222545e-02  -2.0399212e-01   8.0579277e-02  -1.3575392e-01  -1.9196679e-02  -1.0806036e-03  -1.7897712e-01   1.1308326e-01
  -1.3566344e-01  -8.2967691e-02   3.9367048e-02   2.8867586e-01   1.4532926e-01   1.7744236e-01  -5.2486507e-02   3.7361865e-02   1.0289132e-01   3.6980809e-02   3.5236798e-01   1.4643070e-01  -2.4294929e-01  -1.0784310e-01  -7.2526741e-03  -2.7295737e-02  -7.0491699e-02   2.1883106e-01   3.7061786e-02   2.3680537e-01  -2.8564695e-02  -1.2534630e-01   1.6874693e-01   1.2238159e-01   1.8019529e-01  -5.0131268e-02  -7.0486997e-04   4.1586242e-02   1.0369202e-01  -7.2797096e-02   3.3376818e-01  -1.9049863e-02  -2.9341893e-01   8.3401211e-02  -1.6418325e-01  -7.9583531e-02   5.3198614e-02  -1.2119382e-01  -1.7637101e-03   4.9438012e-02  -7.2777116e-02   2.4573342e-02   1.6133276e-01   3.9791722e-02  -2.1910827e-01   1.0400369e-02   2.1509810e-02  -1.8076776e-01   9.0389135e-02
  -1.2851554e-01  -3.7091892e-02   4.6733125e-02  -2.4610009e-01   8.5599496e-02  -1.3429762e-01  -1.8800770e-01   2.6773442e-01  -1.5883830e-02   1.7181424e-01  -4.3829853e-02  -7.0750624e-02  -1.3769051e-01   2.7198475e-01  -3.0417165e-02  -1.6188031e-01   7.6106298e-02  -1.5513301e-01   4.1408116e-02   1.3676771e-01   1.6735634e-01  -1.6619384e-01   1.7188220e-01  -8.9234380e-02   4.1093401e-02   2.3846996e-02  -4.0503389e-02  -7.3700532e-02  -8.0190630e-03   2.2410708e-01   2.4255993e-01  -5.0095124e-02   2.2016481e-02   9.5202643e-02  -2.9815430e-02   5.6491917e-04  -6.0948902e-02   1.7745461e-01   1.5207337e-01   8.6884060e-02   7.0312893e-02  -9.7445634e-02  -2.9478795e-02  -4.3410490e-01   1.6118442e-01   9.3542402e-02  -1.3021558e-01  -1.5175463e-01   1.0506002e-01
  -1.5538930e-01   3.0780215e-01  -1.3058628e-01  -9.4989324e-02  -1.2311897e-01  -1.4279668e-01   6.0931928e-02   3.5245729e-02   6.8278949e-02  -1.4237510e-03   2.7200674e-01  -5.7719924e-02   1.0055166e-01  -1.5940547e-01   1.4221019e-01  -1.0478340e-01   1.4501137e-01  -5.8888691e-02  -2.5753664e-02   1.8529685e-01  -2.4589431e-01  -8.6490035e-02  -1.7055303e-01  -2.4589416e-01   1.9239529e-01   4.6017842e-02  -1.4544395e-01   4.3589658e-03   4.5315592e-02   3.0831272e-01  -6.4032649e-02  -2.0284218e-01  -3.9739733e-02  -1.0156361e-02  -2.2922099e-02  -1.4049818e-01   5.8180093e-02  -1.1959785e-01   1.0067855e-02  -2.2051674e-01   2.0087503e-01   2.2715679e-02   2.3494963e-01   5.9513312e-03  -4.5366238e-03  -3.1190224e-02  -1.1503906e-01   1.1672874e-01  -1.8398390e-01
  -1.5118143e-01   7.7075345e-02   1.4266224e-01  -2.8386641e-02  -2.0148129e-01   4.7501229e-02   4.5592475e-02  -5.9236643e-02  -7.7530113e-02  -1.0477430e-01   3.0477822e-01   9.3846056e-03   1.4166610e-01   3.7740044e-02   2.3970380e-01  -3.4257519e-02   3.2186902e-02  -6.5616663e-02  -2.4041083e-01  -1.5615153e-01   9.1269065e-02   3.5265703e-01   3.4301255e-02   6.5416493e-02   1.9825519e-01   4.1817130e-02   1.6865437e-01   1.5317435e-02  -1.3183337e-01  -2.2545434e-01   2.9578889e-01   4.0602839e-02   8.2411217e-02   1.9636688e-01   2.2033690e-01  -4.3039799e-02   1.7271644e-02   4.1852790e-02   1.4998050e-01   1.7905470e-01   1.2497035e-01  -6.5619490e-03   1.3525614e-01  -6.8172943e-02   1.7246127e-01   2.3060546e-02   6.7254253e-02   1.5853858e-01   8.8690931e-02
  -1.4195142e-01   3.0578066e-02  -1.4136433e-02   1.1465834e-01  -2.2459533e-01   6.6984840e-02  -4.6369792e-02  -1.6898095e-01   1.1127796e-01   3.5892711e-01   5.8800098e-02  -1.9302529e-02  -1.2659937e-01   7.2133866e-02   1.6062146e-02   1.2430754e-01  -4.1664815e-03  -3.4963112e-02   1.1658322e-01  -1.0070420e-01  -2.5187927e-03  -2.8945878e-01  -7.6389386e-02  -2.5745507e-02  -1.2432211e-02   1.6471045e-01   1.6821658e-01  -9.9394890e-03  -1.6323985e-01  -1.6255060e-01  -2.0129001e-01  -3.0197365e-02   8.7919765e-02   7.7499465e-03  -1.8026204e-01   3.8428038e-02  -4.0906500e-02   3.1014517e-01   2.2487541e-01  -1.8325538e-01   8.4562386e-02  -1.3780113e-03   2.5577558e-01   1.3515045e-01   8.7304176e-02   2.0549773e-01   2.0657587e-01  -4.8735234e-02   1.5163373e-01
  -1.3705933e-01   1.0057296e-01   1.6797448e-01  -2.1409268e-01  -4.5123228e-02  -2.7606770e-01   6.6971409e-02  -1.6886162e-01   3.2747508e-02   1.9006633e-01  -8.5841969e-02   2.6048637e-01  -1.1300600e-01  -6.7858659e-02  -5.9047857e-02  -3.0888508e-02  -7.4864631e-02   5.1116673e-02  -4.0798502e-01   1.8823160e-01  -4.2388764e-02   1.3334411e-01   5.8135805e-03   1.1682258e-01  -1.6792643e-01  -3.0449644e-02  -1.7195744e-01  -5.3473531e-03   1.1038339e-01   1.8749970e-02  -3.8491133e-02  -8.3446867e-02   7.4688564e-02   2.0479889e-01  -3.6368021e-01  -9.5032558e-02   2.5561641e-02   9.3745185e-03   2.7401462e-02   1.0464707e-01   2.0118702e-02   3.3640511e-02  -2.1275942e-01   1.2792126e-01  -5.7054463e-02   9.7320608e-02   9.8193655e-02   1.4513704e-01   1.4366935e-01
  -1.5021871e-01   2.2712809e-02   2.7060251e-02  -9.9536184e-02   1.6195233e-01   7.4368707e-02   1.0941184e-01   8.2851501e-02   1.8302936e-01   5.4244309e-02   7.7702818e-02   3.1255876e-02  -1.4113740e-01   1.0476315e-01   3.5042980e-01   1.0006618e-01  -1.5565430e-01  -9.9535128e-02   1.1553200e-01   4.8264834e-02   2.5160794e-01   4.5964328e-02  -1.6893019e-01   3.5255492e-01   3.1233220e-01  -1.8541093e-01   1.2112101e-02  -1.6228812e-01  -8.6274312e-02   1.2522388e-01  -3.4084987e-01   2.9377225e-02   4.3774489e-02   4.6670685e-03  -1.9906119e-02  -8.7696745e-02  -1.3592416e-01  -9.0063297e-02  -1.5955606e-01  -6.1151506e-02  -1.1785651e-02  -1.1643521e-01  -1.0570675e-01  -2.3212989e-03   6.0420940e-02  -1.8489338e-01   3.9679048e-02   1.8751778e-02   1.0690149e-01
  -1.4826051e-01   5.8467631e-02   1.3453884e-01   2.7007373e-01   6.5560294e-02  -1.7605461e-01   9.8906941e-02  -5.3045861e-02  -5.7459178e-02  -1.0932582e-01  -1.9148338e-01  -5.9421949e-02   1.9810036e-01   2.8460164e-01  -2.1202541e-01   6.5271260e-02   1.5735679e-01   2.3995790e-01   1.6149831e-01   1.9999023e-01   8.0466694e-02   1.9160627e-02   4.4033132e-02   2.2605375e-03   1.9342279e-01   9.0797411e-02   6.2756864e-02   5.1948952e-02  -1.7706272e-01  -7.7105459e-03   6.1313617e-03  -8.7040344e-02   6.8592090e-02   4.7648273e-03  -1.3701545e-01  -3.8288881e-01   1.4688915e-01   1.6885768e-01  -1.8451537e-02   1.1853736e-01   5.6103846e-02  -1.1250144e-01  -4.2591935e-02   8.6716129e-02   7.9671066e-02  -2.5021793e-01   8.9695078e-02   2.4047018e-02  -1.5791230e-01
  -1.5198206e-01  -1.2421935e-01  -1.0276030e-01  -3.6572105e-03  -3.9324814e-02  -1.0333340e-01   1.8585968e-01   8.5959901e-03  -1.7974557e-01  -2.9408776e-01   2.7037545e-01  -8.5950189e-02  -2.0206788e-01  -1.5703076e-01  -1.8872049e-02  -2.3001014e-01  -1.6348554e-02   3.8763290e-02  -2.3921185e-01  -2.3916130e-01   3.2373807e-02  -2.9768898e-01   2.0680532e-01   9.7565646e-03   4.1017256e-02   1.0281547e-01   1.4325150e-01   1.3792184e-02  -1.2079547e-02   5.8070776e-02  -2.5737455e-01  -2.8263544e-02   1.2353004e-01  -9.4349320e-02  -1.4986361e-01   2.6691087e-02   1.1253534e-01   1.7691247e-01  -1.4492946e-01   2.0312597e-01  -1.1263287e-01  -6.5819417e-02  -6.9978028e-02   5.1652828e-02   1.1962655e-01  -6.9397380e-02  -1.7474953e-01  -7.7133284e-02  -4.2477273e-03
  -1.4401059e-01  -1.8449775e-01  -6.1496015e-02  -1.3995493e-01  -8.3773989e-02   5.9332390e-02  -2.1888511e-02   1.5464074e-02  -1.5458298e-01   8.6241996e-02  -2.4808355e-01  -2.1266419e-01  -2.1025149e-01  -2.5642268e-01  -2.7985349e-02  -1.8330784e-01   2.3874292e-01   7.6199378e-02   1.6425112e-01   2.0415679e-01  -2.5354729e-02   1.9246499e-01   5.3448617e-02   9.2422971e-02   5.8418082e-02   2.1159925e-01   9.0371146e-02  -1.0524026e-01  -1.3591042e-01   6.6644900e-02  -2.0292896e-01   1.1952060e-01  -8.3428631e-02   3.9436636e-02   6.3270881e-02   3.0413378e-02  -2.3200537e-02  -1.9172190e-01  -6.5288866e-02   3.2930162e-01   1.6384699e-01   6.0816607e-02   2.0170926e-01   7.2330285e-03  -1.4113754e-01   1.1085690e-01   1.5921555e-01   9.2119773e-02   3.1977156e-02
  -1.5913726e-01   1.1893436e-01   3.5315482e-01  -2.8998965e-03   8.7033807e-02  -2.5655260e-01   1.6528538e-01  -3.5082957e-02  -5.9808995e-02   1.0411412e-01   3.3458745e-02  -2.0822910e-01   1.4989450e-01   7.4260870e-02   2.4887534e-01   4.0877901e-02  -4.8649408e-02   1.2035597e-01   1.6032314e-01  -3.1465493e-02  -1.2711209e-01  -3.3595615e-02  -7.8381177e-02  -1.3305536e-01  -1.1714873e-01   1.1101544e-01  -8.0250246e-02   5.8846523e-02  -2.5024161e-01   9.3282537e-02   7.9401689e-02   2.0604477e-01  -2.1053719e-02   5.5376076e-02   1.9332177e-02   2.1446981e-01   8.2177905e-02  -1.1546068e-01  -1.6424840e-01   5.5042745e-02  -2.9819871e-01   5.7280949e-03   4.1750538e-02   1.1336970e-01  -8.6254982e-02   9.2712994e-02  -1.7802244e-01  -1.6821498e-01   2.5121847e-01
  -1.2951722e-01   4.5571439e-02   3.8459088e-02  -1.0393848e-01  -3.5831379e-01   1.4382418e-01   1.0096465e-01   1.9910667e-02  -1.8842754e-01   4.2514140e-02   2.6380149e-02  -1.3415100e-01   1.2086360e-01   2.2919218e-01  -3.4149109e-02   9.4853943e-02   1.1541276e-01  -1.6262442e-02  -2.8356952e-02   9.3366666e-02   2.3895513e-02  -4.4053640e-02  -9.2551497e-02   3.8041728e-01   1.4236811e-02   3.5767123e-02   9.8976071e-03  -1.5488289e-01   1.9397527e-01  -3.1395524e-02   1.0766355e-02  -1.1545308e-01  -3.1472638e-02  -2.3289368e-01  -7.3061343e-02   4.2148011e-02   8.6468079e-03  -3.2765120e-02   2.5524517e-01   4.5324964e-02  -3.4449611e-01   8.6097139e-02  -9.7533644e-03  -5.3413598e-02  -2.7282875e-01   3.8386893e-02  -2.3468338e-01   3.0462478e-02  -1.6649518e-01
  -1.4757355e-01   1.1618382e-01  -9.8982728e-02  -1.5415250e-01   1.9224630e-01   1.0056587e-01  -3.1600869e-01  -1.7651637e-02  -1.5317029e-01  -6.2132521e-02   9.7404347e-02   4.0717801e-02   1.1249176e-02   1.5312451e-01   1.1191688e-02   2.6636359e-01  -2.6776208e-01   6.4050447e-03   1.2116228e-01  -8.3272862e-02  -2.5155057e-02   9.4170785e-02   1.4941833e-01  -1.6430012e-01  -2.1923870e-01   1.1946771e-01   9.7121855e-02  -2.4082650e-01   7.2223174e-02   3.5581259e-02  -8.4906510e-02  -2.1472609e-01  -5.5796093e-02   6.1250172e-02  -6.5404118e-02  -1.0720855e-01  -2.1952986e-02  -2.1304795e-01   3.7942676e-02   2.2522774e-01  -9.0544952e-02  -2.1657721e-01   1.5358861e-01   2.4571327e-01   1.4287001e-01   8.2285398e-02  -6.7040430e-02   7.8440308e-02  -1.0718381e-01
  -1.5416531e-01  -1.5300979e-01   1.6376797e-01  -7.6380102e-02   1.2488613e-01   5.6499533e-02  -9.6573429e-02  -6.7390515e-02   2.8418700e-01   1.4891615e-01  -3.2629419e-03   4.2862019e-02   6.1619866e-02  -9.0641773e-02  -1.8690860e-01  -4.5611882e-02   1.4935646e-01   1.0833672e-01  -8.5572261e-02  -4.1550909e-02   7.1823519e-02  -2.6766683e-02  -3.8603080e-01  -2.2430052e-01   1.1509971e-01  -7.1200739e-02   1.1825489e-01  -4.1140118e-02   3.4671102e-01   2.4491974e-02  -4.0979695e-02  -1.4228471e-01   1.7792907e-01   1.5964457e-02   2.6940350e-01   9.9244634e-02   1.3865383e-02   1.0231518e-01   2.6453039e-02   2.9034271e-01  -1.3208315e-01  -3.1951439e-02   1.0256263e-01   1.2368385e-01  -3.2985745e-02  -1.8289156e-01  -6.1179092e-02  -1.0550093e-01   7.0537322e-02
