  -1.2235917e-01  -1.8948737e-01  -2.7246048e-02  -2.0924230e-01  -5.6276433e-02   3.2333364e-02  -9.7004195e-02   2.1639828e-01   1.5462689e-01  -2.3270052e-01  -2.1213990e-01  -1.6133100e-01   1.4452129e-02   3.7292437e-04  -9.8917365e-05   4.3247727e-02   1.0714627e-01   1.6498961e-01   7.8018643e-02  -7.2403514e-02   8.4477626e-02   1.8898037e-01  -2.2205646e-02   1.4786773e-01   1.0001952e-01   2.7841957e-01  -9.3783363e-02   9.2387611e-02   1.6525230e-01   1.4540600e-01  -9.5343121e-02  -1.3698976e-02  -1.6538538e-03   9.2373875e-02   2.4058498e-02  -2.6339654e-01  -3.0197691e-01   5.8257021e-02   8.2608570e-02   9.1020792e-02  -1.3913817e-01   4.7487831e-02  -3.6555957e-01  -2.1000295e-02  -1.6564403e-01   1.3934556e-01  -1.1112904e-01   1.4182265e-02  -1.0898320e-01
  -1.4357147e-01  -5.2957369e-02   2.6499339e-01  -1.4149933e-01   1.1258989e-01   7.9917231e-02  -9.8301582e-02  -5.3855750e-02  -1.5354552e-01  -2.3497185e-01  -2.2890790e-01   1.8454688e-02  -2.7652588e-02   2.4245408e-02  -7.1409198e-03   4.5924700e-02  -2.9032366e-01   5.3045231e-02  -1.4871105e-02   8.3128412e-02  -6.6350462e-02  -1.3966409e-01   7.3251157e-02   3.2989389e-02  -2.5003504e-01  -9.9006762e-03   1.2413851e-02   1.6681064e-01   1.5712384e-01   5.2126070e-02   3.7507471e-02   2.5607110e-01  -1.0528039e-02  -3.1681491e-01   4.0872091e-02   1.9787730e-01   2.7449704e-02   2.5624236e-01  -1.0260406e-03  -3.1415472e-01  -1.0582853e-01   1.7830962e-02  -8.7563040e-03  -1.2893648e-01  -7.3535978e-03   1.5553881e-02  -1.5112127e-01   1.5506441e-01   1.6817605e-01
  -1.5223589e-01   7.2149328e-02   2.3882334e-01  -1.1453127e-01   3.6564553e-02  -1.4261268e-01   1.4864610e-01  -1.7223371e-01   3.1340021e-01   1.1861263e-01  -1.7514981e-02   1.3446826e-01   7.4346281e-02   1.1421556e-01   1.3787066e-01   1.8502562e-01  -5.2665835e-02  -1.9225479e-01   1.3097321e-01   7.6826055e-02  -1.8293008e-02   8.2544009e-02  -8.9454832e-02   1.2116720e-01   1.2713633e-01  -4.9191204e-02   1.6570820e-01  -2.6766066e-01   5.2200637e-02  -7.1110359e-02   4.5599510e-02   2.0650534e-01  -1.2187485e-01   1.4770868e-01   1.3585813e-01  -3.2687583e-02  -1.6534101e-01  -1.7763657e-02  -1.9637337e-01  -7.9663582e-03   2.1006879e-02   3.5806245e-01   7.0597898e-02  -6.3009742e-02  -2.5119682e-01   1.4410840e-02   6.1159191e-02   1.4401627e-01   1.2187519e-01
  -1.2797604e-01  -2.8968895e-01   1.0477214e-01   2.7690960e-02  -3.9222571e-02  -2.7990124e-01  -1.0867574e-02   2.4191065e-01  -1.7347799e-01   6.4673573e-02  -7.3171804e-03  -6.3703336e-02   2.4651410e-01   4.4333841e-02   1.0606238e-01   4.2885365e-02   2.4145245e-01  -8.3303151e-02  -1.8560102e-02  -1.1805900e-01  -7.8098777e-02   5.7717703e-02  -4.0146866e-02   7.2092396e-02  -4.2246678e-03   2.6358926e-01  -1.2838977e-01  -1.0172135e-01   3.5866893e-02  -1.0240405e-01   9.5088934e-02   1.3464874e-01   1.5757213e-01  -9.0559041e-02   1.2823988e-01   1.5869542e-01   1.8315274e-01  -9.4690709e-02  -1.1918800e-01   2.1804076e-02  -1.0874873e-01   1.0752035e-01   1.6338668e-01  -1.1937244e-02   3.5196290e-01   2.5193466e-01   8.3412276e-02   1.3130340e-01  -1.0279180e-01
  -1.5348451e-01   7.6554994e-02  -2.6839418e-02  -3.5553897e-02  -1.9813040e-01  -9.9257367e-02  -1.5275092e-01  -1.0168966e-02  -1.8795376e-01  -2.8760389e-03   9.4487820e-02  -8.4346351e-02  -4.5452015e-02  -4.1367223e-02   2.6629044e-01  -1.0780566e-01   8.3187330e-02   3.5007359e-02  -2.2071236e-01   1.1636900e-01   9.9151325e-02   2.4468670e-01   2.4103173e-01  -3.0429246e-01  -1.0220829e-01  -2.1146240e-01  -1.3891736e-02   1.6483221e-01  -5.2038492e-02  -8.4353974e-02  -1.8832238e-01   4.3753054e-02   1.2242211e-01  -8.7333274e-03  -2.6009235e-02  -1.8863710e-01  -6.0898300e-02   4.2573102e-04  -3.8787825e-01  -3.9179481e-02   8.9784086e-03   2.6868040e-01  -3.8022903e-02   9.4442403e-02  -2.8689024e-02  -9.5329299e-02  -1.4388687e-01   1.1825959e-01  -5.9933839e-02
  -1.4489195e-01  -2.3039633e-01  -3.6803607e-02   6.2607432e-02   8.0409077e-02   1.9423960e-01  -9.7804793e-02   5.1675941e-02   1.1812146e-01  -1.1600384e-02   2.2021789e-02   2.5367687e-01  -1.6448306e-01  -1.1812179e-01  -5.7066794e-02   3.0407280e-01   1.4186996e-01  -2.6135669e-02  -5.0658843e-02   1.7993598e-01   1.2575054e-01   1.4115197e-01  -1.3966829e-01  -5.4034120e-02  -1.7605904e-01  -6.8413434e-03   7.3465050e-02  -8.0828830e-03  -1.5532266e-01   7.8725775e-02   5.0384160e-02   1.1620910e-01  -2.0752216e-01  -2.2210823e-02   1.5244077e-01  -1.8512222e-01   8.3912577e-02   6.8630934e-02  -7.5640746e-02  -2.1688173e-02  -2.6990893e-02  -1.0892179e-01  -1.3515719e-01   3.8106242e-01   2.8610062e-01  -7.0224455e-02   1.7830447e-01   3.2558322e-02   1.9252066e-01
  -1.4885424e-01   2.4132512e-01   2.5713596e-01  -1.2445137e-01  -1.3858769e-01   2.8171707e-02  -6.0494033e-03   1.1013874e-01   7.1515187e-02   3.3417794e-02   2.7505058e-01  -1.2335774e-01   1.1298926e-01  -1.5887048e-01  -2.2120627e-01  -1.8344995e-01  -9.2080253e-02  -1.6095927e-01   1.4463393e-01  -5.3068246e-02  -1.6002330e-01   7.1652384e-02  -1.9967502e-01  -2.2226001e-02  -1.2442574e-01   1.6464765e-01  -8.6002148e-02  -3.4944819e-02  -1.0558005e-01   2.1264780e-01  -5.5175290e-02   1.5662451e-02  -1.9824050e-01  -7.1822755e-02  -1.1662861e-01   9.4130248e-02  -5.9847921e-02   4.8546577e-02  -9.1880316e-02   6.5120811e-02   3.3183770e-01   5.2816252e-02  -1.1348386e-01   1.5197376e-01   1.9898791e-01  -1.2467866e-02  -2.6737366e-01  -3.7626463e-03  -4.8666527e-02
  -1.6161615e-01   5.2435236e-02   5.3239468e-02  -3.0277846e-01   1.6104772e-01   5.2525978e-03  -1.1144851e-01  -1.2043993e-02  -2.0346237e-01   2.0264673e-01  -4.9465332e-02  -3.0521622e-02  -1.4412933e-01   2.2282382e-01   8.1214581e-02   3.1500105e-02  -1.8915452e-01   1.4171614e-01  -7.8510955e-03  -2.3231801e-02   7.4500075e-02  -1.3719922e-02  -7.4778350e-02   1.9454674e-01   7.3903130e-02  -1.9979344e-01   2.4116963e-01  -9.1510815e-02   2.0492664e-01  -9.0265830e-02   1.1271919e-01   3.1741741e-02   1.1356845e-01   2.7660982e-02  -6.0677902e-02  -1.8731788e-02   5.8406281e-02  -3.1560331e-02  -6.5594932e-02   2.7431024e-01   1.2477578e-01  -2.0851882e-02  -2.6472172e-01  -2.9416111e-02   3.5018427e-01  -1.1598647e-01   1.4482652e-02  -2.0222845e-01  -1.6443057e-01
  -1.3258299e-01  -3.1690764e-02  -1.5713643e-01   8.4940660e-02   4.4772198e-02   1.3316954e-01   1.0726313e-01   1.0276645e-01   2.7079945e-01  -1.5625085e-01   4.1685801e-02  -5.4062372e-02   9.8052457e-02   8.9147822e-02  -9.4303069e-02  -8.6114356e-02  -2.2068560e-01   1.4335440e-02  -1.3508409e-01  -1.4602146e-01   1.0624979e-01  -1.0223057e-01  -1.5743564e-01  -3.1843611e-01  -7.0124993e-02   6.6775615e-02   1.0229174e-01  -9.8666885e-02  -1.1697589e-01   5.3392854e-02   1.0110017e-01   1.4037004e-02   7.6304229e-02  -9.7808458e-02   5.2433064e-02  -1.7400341e-01   1.4585083e-02   3.9427345e-02  -2.0257632e-01  -1.8554350e-01  -7.3157149e-02   2.1402889e-01   1.8461999e-03  -3.2600008e-01   1.3970796e-01   4.5235135e-02   1.4088280e-01  -3.6910830e-01  -1.3325155e-01
  -1.5531929e-01  -3.9289277e-02   1.8485312e-03   3.1338717e-01   2.8567100e-03   4.7040023e-03   2.5596280e-02  -1.4024422e-02  -2.4680087e-01   2.0291605e-01  -1.3028244e-01   1.5176203e-01  -4.1334280e-02  -2.7296408e-01   3.8127546e-02  -6.5200300e-02   9.3542912e-03  -1.2717386e-01   8.5255057e-02  -1.7832358e-02   3.5409258e-01  -1.3617364e-01  -3.9140558e-02   2.6304083e-01  -1.8776540e-01   3.5553351e-02  -1.1793077e-01   1.9866784e-02  -1.3171438e-01   3.2845467e-02   2.6157358e-01  -8.3688048e-02   5.8365840e-02   1.4769140e-01  -1.2157374e-01  -1.1744959e-01  -9.5975147e-03   3.0776738e-01  -1.2222853e-02   6.1910302e-02   1.1503531e-01   2.0341884e-01  -7.2515697e-02  -1.6346403e-01  -1.0827146e-01   7.3322407e-02  -8.6623185e-02  -8.8875425e-03  -6.4739914e-02
  -1.5717675e-01   1.0714227e-01  -2.6332513e-01   2.4112812e-02   2.0406386e-01   2.8190141e-02  -1.4828086e-01   1.3088070e-01   6.8892317e-02  -3.0287169e-02  -4.0911338e-02   1.3710049e-01   1.8033779e-01   5.3046425e-02   3.4868955e-02  -2.2612617e-01  -4.6426738e-02  -8.6917836e-02  -4.5328753e-02   2.0823357e-02  -8.9841352e-02  -1.1464365e-01  -1.0555250e-01   1.1001738e-01  -1.0469224e-01  -1.2298406e-01   2.2246936e-02  -3.2576264e-02  -3.0452289e-01  -3.5748785e-01  -1.5778005e-01  -6.9008978e-02   5.4608489e-03  -2.1094289e-03   3.4562659e-01   2.7550998e-01  -9.4346996e-02   5.9179600e-03   4.0478152e-02   3.1003843e-02  -8.8883887e-02  -8.7646053e-03  -2.9029673e-01   1.2137589e-01  -1.0754179e-01   8.6680962e-02  -1.0530153e-01   8.9638701e-02  -1.0916202e-01
  -1.3670672e-01   2.6042026e-01  -6.0727403e-02  -1.6218022e-02  -1.4849988e-01  -1.0301095e-01   6.8087526e-02  -5.5631189e-02  -1.0416229e-02   3.5988701e-03  -1.4080668e-01   1.1262023e-01   8.9317657e-03   5.5369651e-02  -1.5697176e-01  -4.1652921e-02   3.2736549e-01  -1.4637969e-01   3.7310268e-01  -3.0039722e-02  -4.3278745e-02  -2.9640544e-01   2.1389391e-01  -1.2166575e-01  -1.4465237e-01  -4.7892867e-02   4.8150767e-02  -4.2592701e-03   1.2156648e-01   1.6622683e-02   2.5215858e-01   5.1847748e-02   1.0832447e-01  -1.1997865e-01   7.6516139e-02  -1.6230668e-01  -2.6329536e-01  -1.8289786e-01  -4.6295611e-02  -1.1720249e-01  -1.6797086e-01  -1.3456287e-01  -9.4226461e-02   8.1373200e-02   1.2542838e-01  -1.3335312e-01  -6.4066859e-03  -1.1383860e-02  -9.2940077e-02
  -1.2102476e-01  -1.4583714e-01   2.1252857e-02   8.8042464e-02   9.1874403e-02   1.1506783e-01   9.0460099e-02   4.0292901e-02  -2.3899901e-02  -1.8461038e-01   2.9057592e-01  -7.5044074e-02  -4.1513363e-03  -4.3031657e-01   3.8879285e-02   2.6970555e-01  -5.4878754e-02   6.5346368e-02   7.8776968e-02   1.4405911e-02   1.0194392e-02  -2.4727713e-01   9.4303549e-02  -1.9904421e-01   1.7948240e-01   7.1849849e-02   1.9494439e-01   1.0993863e-01   1.0567798e-01  -2.6465332e-01   8.5956997e-02   2.4523855e-01   9.8780350e-02   4.4417118e-02   4.4658687e-02   8.7876158e-02  -7.6878898e-02  -1.0786124e-01  -6.1283975e-03   1.4056090e-01   2.2108053e-01  -9.1711544e-02  -4.4856993e-02  -9.4868796e-03  -1.2320058e-01   2.8611447e-02  -7.1880598e-02   5.5135690e-02  -1.9542317e-01
  -1.3683563e-01  -4.5807788e-02   2.4505395e-02  -2.3352848e-01  -3.5660408e-01   1.2179475e-01  -7.4509973e-02   4.9274411e-02  -4.3747113e-03   2.0062999e-01   5.3751617e-02   1.2777454e-02   1.7809195e-02   4.5377383e-02  -1.1168564e-01   4.4406452e-02   7.9455645e-02   5.2495389e-02  -2.4086762e-01  -3.4911424e-01  -4.1882550e-02  -2.1181415e-01   9.1850905e-02   1.0774328e-02   6.1268009e-02  -8.9754260e-02   2.2174858e-02   5.8586237e-02  -3.1870176e-01   2.6736639e-02   4.4213617e-02   2.2036752e-01  -1.0029298e-01   7.3069247e-02  -1.8554474e-01   9.6813873e-02  -5.6605180e-02   7.7920493e-02  -6.5402789e-02   8.6054125e-02  -8.1820054e-02  -1.6669858e-01  -1.2048515e-01  -1.8326072e-01  -1.1671169e-01   3.0051618e-02   2.7337260e-01   1.8619818e-01   1.2071958e-01
  -1.4821480e-01  -4.6536207e-02  -6.0680901e-02  -1.3065748e-01   1.4745037e-01  -5.3019882e-02   2.7068112e-01  -5.5593957e-02  -2.5069722e-02  -1.6982632e-01  -9.3335781e-02   8.0195392e-02   8.3074940e-02   1.4598023e-01  -9.8978885e-02   1.1651177e-02  -2.0157513e-01  -2.7133522e-01  -4.9759883e-02   7.9878714e-02   3.1266257e-01  -1.3810868e-01  -2.1974938e-02   4.1739591e-02   7.4400680e-02   6.3151908e-03  -1.1876605e-01   2.7452339e-01  -1.9633197e-01   1.2743170e-01  -1.9787360e-01   1.3251724e-01  -5.5379590e-03   3.7624401e-02  -2.4072828e-01  -5.8823904e-02   5.2910835e-02  -3.1770649e-01   8.0007583e-02   1.9211087e-01  -1.3558888e-01   5.5529372e-02   1.3729756e-01   1.0430849e-01   9.4592034e-02  -7.9078537e-02  -6.2188717e-02   1.6246482e-01  -1.2715681e-01
  -1.3783371e-01   7.6769073e-02   9.5905246e-02  -2.3525760e-01   1.6368306e-01  -1.7863455e-01   1.0016579e-01   4.0847295e-01   3.8395556e-02   8.1591855e-02   1.9904034e-01   7.0126106e-02  -7.7532997e-02  -1.9979455e-01   2.0525118e-01  -1.1951115e-01  -3.6689393e-02   3.1541543e-03   7.3730553e-02   3.6322983e-02  -1.9275937e-01  -1.9049557e-01  -1.1660461e-03   7.2773722e-02  -8.9603866e-02  -1.4409301e-01  -1.0873372e-01   1.9089384e-01   6.2240371e-02   1.6900091e-01  -4.2643162e-02  -4.4278923e-03   4.8050836e-02   2.2785729e-01   1.1439134e-01  -2.1592314e-01   2.9395301e-01  -5.0716668e-02   4.2553460e-02  -1.2589430e-01  -1.1324895e-01  -4.9291984e-02   1.8498311e-02  -2.5250556e-03  -1.6713382e-01  -9.3679521e-03   1.4133333e-01  -1.6204368e-01   1.0656053e-01
  -1.4440946e-01   3.3951062e-02  -4.4072576e-02  -1.2856525e-01  -7.3564138e-02  -7.7862752e-02   1.4682097e-01   1.1480509e-01  -1.8443813e-01  -1.1949418e-02  -2.1492830e-01   3.1137666e-01   3.0490426e-01  -2.3349574e-01  -2.8799712e-02   1.5000052e-01  -9.0540504e-02  -1.1289277e-01  -2.1300655e-01  -1.4021757e-02  -1.2247047e-01   1.3292707e-01   6.9138325e-02  -2.6385490e-01   1.3387766e-01  -1.0189274e-02   1.1838188e-01  -1.4708948e-01   9.0743673e-02   2.2269854e-01   3.5263381e-02  -2.4194113e-01   7.5160258e-02  -9.7731700e-02   7.4987187e-02   1.1798365e-01  -4.5283572e-02   1.7844653e-01   1.1379781e-01   2.7369810e-01  -7.9516112e-02  -9.0735047e-03   2.9892798e-02   4.1659051e-02  -8.5273787e-02  -1.6302200e-01  -3.3324728e-02  -1.2208959e-01   7.0175007e-02
  -1.3464105e-01  -9.0335825e-03  -7.8489872e-02   2.0512319e-01  -6.8939221e-02   2.3140533e-01   2.8778722e-01   1.5517855e-01  -2.1171455e-01   1.0389885e-01  -9.5078500e-02  -1.0357487e-01  -6.4339881e-02   8.2923343e-02  -9.2184632e-03   3.1479461e-02   5.0312431e-02  -1.4329704e-01   1.4044293e-01   1.2018631e-01  -8.2417273e-02   1.6823395e-01  -7.0379469e-04  -6.7554970e-02  -1.7993286e-01  -5.7267583e-02   7.1434297e-02   4.5105680e-02   2.4554102e-01  -4.6897101e-02  -2.0773372e-01   8.9825281e-02  -2.7491912e-01   1.1686069e-01  -2.1110852e-01   3.0500311e-01  -1.3318219e-02  -9.9763417e-02  -1.3540015e-01   2.2121211e-02  -1.6168029e-01  -7.9143485e-03  -1.2508552e-01  -2.7594229e-02  -1.1502465e-01   1.9310403e-01   1.3677383e-01  -2.4464621e-01   1.5474078e-03
  -1.2322056e-01  -5.4179117e-02  -1.0062593e-01  -5.3327019e-02  -1.0205828e-02  -4.2462442e-02  -1.2940495e-01  -4.7881290e-02  -9.4374618e-02   1.5221947e-01   4.4581056e-02   9.1895031e-02   5.0323330e-01   1.6385366e-01  -1.1681531e-01  -1.8251682e-02  -5.4718257e-02   3.2911692e-01   1.7458572e-01   2.5112784e-01   4.1913969e-02  -4.6113530e-02  -1.5032401e-01  -2.0059715e-01   7.6798910e-02   9.9779029e-02  -8.6661969e-02   1.8321206e-01   1.2226492e-01  -1.7708087e-01   1.7411735e-01  -1.1362001e-01  -2.2804767e-01   7.8222216e-02  -1.7292582e-01  -8.9794194e-02   1.4178149e-01  -1.7027377e-02   5.2277235e-03  -1.3827015e-01   8.8852372e-02   4.2696239e-02  -6.4747961e-02   2.5304330e-02  -1.0914406e-01  -8.4830683e-02   1.0244809e-01   1.0495742e-01   5.0459752e-02
  -1.2119589e-01  -6.5928159e-02  -3.0111925e-01  -1.3427045e-01   2.2679241e-02  -4.2326716e-02  -3.8775907e-02   1.2471377e-01  -2.7468867e-02  -4.2543748e-04   1.5409128e-01   1.5015655e-01  -1.6942695e-01   1.6454656e-01  -1.8068790e-01   2.3662650e-01  -1.1277884e-01   2.4728449e-01   6.7086331e-02   3.7671942e-02   4.3605843e-02  -9.6041328e-02   3.2165487e-01   1.1006586e-01  -1.4018859e-01   2.1135881e-02  -1.9113803e-01  -2.1459770e-01   1.5192532e-02   2.1537638e-01  -3.5208466e-02  -1.4811754e-01  -1.5062113e-01   4.7901432e-02   1.2614604e-01   1.5618781e-01  -6.8142207e-02  -1.3036554e-02  -2.3563468e-01  -3.3717927e-03   1.5320927e-01   1.8090216e-02   2.6840556e-01  -1.3536500e-02  -8.1677833e-02   8.9784200e-02  -1.0215831e-01   3.7723713e-02  -1.8495284e-01
  -1.3141889e-01   1.7085715e-01   1.1435126e-01   6.3147470e-03  -1.9068292e-01  -1.6262049e-01   1.2749046e-01  -5.5987929e-02   7.4322164e-02  -2.7512649e-02  -6.3894707e-02   1.1809578e-01  -1.1886321e-01  -2.7154799e-02   7.5796096e-02   3.4016365e-01   7.6806832e-02   7.3123945e-02   2.5330001e-02   1.3654099e-01  -7.7656885e-02   2.0778729e-01   9.5188921e-02   9.9860041e-02   1.6856530e-01   1.9652181e-02  -1.0956129e-01   1.7076198e-01  -3.2455254e-01  -1.4377935e-01   5.1917468e-03  -8.8642082e-02  -1.5607293e-01  -1.4305126e-01   2.3761636e-02   6.7792646e-02   2.0476341e-01  -5.6980969e-02   1.5028287e-01  -2.0061754e-01   1.5237891e-02  -2.5041826e-02  -1.7784670e-01  -2.8691967e-01   8.3190013e-02  -4.7807453e-02  -1.0037496e-01  -1.9632718e-01  -2.5365712e-01
  -1.4891047e-01  -1.9253648e-01   1.4589583e-01   1.5795389e-01   6.9350074e-02  -1.0429978e-01   1.9238552e-01  -1.4826003e-01  -1.2425726e-01  -1.6964819e-01   1.6542570e-01  -1.3533287e-01   1.3829328e-01   1.7642344e-01   1.7879838e-02  -1.4262772e-01   5.2399267e-02   4.3456235e-02  -1.5630464e-01  -1.1660966e-01  -4.4054164e-03   1.3727089e-01   8.1726344e-03   4.8206973e-02  -2.3767854e-02  -2.0163397e-01  -2.4169159e-01  -5.5699608e-02   2.0257997e-02   5.8654413e-02   1.6749131e-01   2.0210786e-01  -1.9411358e-01   2.0268151e-01   2.1447619e-01   1.8533219e-02  -1.5988245e-01   1.6546762e-01   9.6891777e-02  -4.5765545e-02  -1.0220025e-02  -2.0873080e-01   1.9645067e-02   7.3117487e-02  -5.2689648e-02  -3.4245411e-01   8.3038633e-03  -1.4307600e-01  -2.0023836e-01
  -1.3258054e-01  -1.0695562e-01  -1.1143704e-01   1.2308498e-01  -1.6018577e-01  -5.2010650e-02   1.5276408e-01   1.0495500e-01   5.4650282e-02   2.8364696e-02  -1.5318668e-01  -2.0170380e-01  -2.8241168e-01  -6.4985942e-02  -6.0033973e-02  -3.0813616e-01   2.0996096e-02   1.5194312e-01   7.1779182e-02   2.2988691e-01  -1.2374857e-02  -1.3143811e-01  -8.1815250e-02  -3.0918769e-02   2.8181770e-01   7.1734270e-02   1.4967880e-01   1.5883514e-02  -1.6787652e-02   9.3100664e-02   4.3403023e-02  -5.2708427e-02  -1.6368378e-01   5.4598449e-02   2.3838464e-01   1.3402457e-01   1.2727633e-01   3.8926189e-02  -1.1828141e-01   1.3934742e-01  -1.0809920e-01   5.1472770e-02   2.7782572e-02  -1.7177608e-01   1.3172809e-01  -2.9803375e-01  -1.2302830e-01   2.4290159e-01   1.4889605e-01
  -1.3142437e-01   3.2754767e-01  -1.2899786e-01   2.4289641e-01   7.2399435e-02  -3.3939163e-02   1.8702313e-01  -1.6537433e-01  -1.7861327e-02  -2.9551865e-01   1.1138136e-01   1.9853450e-01   3.7240505e-02   9.9151884e-02  -1.2328867e-02  -1.2468364e-04   1.5042121e-01   2.3188381e-01  -7.2907548e-02  -3.1479091e-01  -8.6569521e-02  -8.2303290e-02   9.3362819e-02   1.5108308e-01   1.1666385e-01   1.0798113e-01  -1.7469541e-02   2.7512260e-02   1.7924194e-01   3.0084851e-03  -1.5407865e-01   9.5740292e-02  -2.9914286e-02  -6.1344056e-03  -4.6008942e-02  -8.2388791e-02   2.7885590e-01   1.5332393e-01  -1.0077660e-01   1.3355757e-01   2.8718333e-02   1.4064832e-01  -1.6024786e-01   9.8284800e-02   8.1509184e-02   7.8855609e-02  -2.1503878e-02   3.6628474e-02   2.2920647e-01
  -1.5247146e-01  -2.1825558e-01  -7.6684502e-02  -7.9313176e-02  -5.2960916e-03  -1.5027203e-02  -1.8908703e-01  -1.6380629e-01  -1.3013677e-01   7.9209089e-02  -3.1194575e-02  -5.1210753e-02  -1.6785802e-01   2.5017164e-02  -1.2429072e-01  -1.2917791e-02   6.5690329e-02  -2.6574784e-01   1.3879209e-01  -5.5227125e-02  -1.6166553e-03  -1.3041785e-01  -3.7753878e-02  -2.0844256e-01   1.3807471e-01  -8.1729786e-04  -3.4616499e-01  -3.0209649e-01   6.8114954e-02  -1.0250601e-01  -2.7887981e-01   1.3189808e-01  -2.2259550e-02  -2.2072692e-01   7.6489508e-02  -1.5173755e-01   2.6086484e-01  -6.7330360e-03   1.1343370e-01   5.6499647e-02   1.1893914e-01   4.2366579e-02  -1.2351634e-01  -8.1452028e-02  -2.0483186e-01  -8.6725811e-02  -3.7724950e-02  -1.5292492e-01   9.4375748e-02
  -1.4817498e-01  -2.0050337e-01  -1.9829798e-02   9.8079590e-02   1.0049748e-01  -1.5682789e-01  -1.9112793e-01   2.1957147e-01   1.9233678e-01  -1.9917286e-01   1.3704175e-01   1.4627371e-01  -5.1623833e-02   1.6917058e-01  -1.9353462e-02  -1.5955508e-01   1.7266597e-02  -2.3149916e-01   2.4089250e-01  -3.9251375e-02   6.3087956e-02   1.8881648e-01   2.3710530e-01  -4.9924191e-02   2.7796923e-01  -2.6717021e-01   8.3718026e-02   1.1404275e-01  -1.4715625e-02  -3.9013927e-02   1.5267648e-01  -7.8824177e-02   7.6396873e-03  -4.1679024e-02  -2.7360404e-01   1.1373594e-01  -5.2970100e-02   1.7443025e-01   2.3169978e-02   5.8184892e-03   1.0455905e-01  -9.5694503e-02   3.4173919e-02  -6.9003208e-02   7.3564080e-02   1.2506671e-01  -5.0262328e-02  -5.1668467e-02   2.1690984e-01
  -1.5401667e-01   5.5952081e-02  -4.2806192e-03  -2.3422891e-01   1.3484905e-01   4.0301958e-02   1.1764232e-01  -1.2899096e-01  -1.0976990e-02  -4.8460030e-02  -3.5844046e-01  -6.2128616e-02  -1.3248855e-01  -1.3431513e-01   7.3113837e-02  -1.9181330e-01   8.1317976e-02   2.8826524e-02   7.0073672e-03  -2.5488161e-01   1.5954661e-01   1.0536672e-01  -4.6963450e-02  -1.2706510e-01   1.9342048e-01   4.6493336e-02   5.6505794e-02  -6.0320489e-02  -5.7826811e-02   1.4913470e-02   1.5639371e-01  -9.1228534e-02  -5.2759399e-02   6.5092081e-02  -3.0520156e-02   1.3563310e-01   2.0446911e-01  -3.2359299e-02  -1.7717956e-01  -3.1182669e-01   1.9357890e-01  -1.6221674e-01   7.4870055e-02   3.1316343e-01  -1.4958222e-01   1.7859714e-01   5.5956030e-02   2.1497596e-02  -1.4886548e-01
  -1.4907245e-01  -1.4543347e-02   5.5213203e-02   4.9650940e-02  -3.2425331e-02  -3.0653588e-01   6.8796799e-02  -1.7784849e-02   2.9090206e-01   1.6412806e-01  -3.0921766e-02  -1.0307542e-01  -1.2394693e-01  -1.0816609e-01  -2.1664109e-01   1.0246779e-01  -2.0265285e-01   3.2659180e-03  -1.2605339e-01  -2.5220944e-01   2.2154252e-01   8.4147361e-02   8.8729078e-02  -8.6309210e-02  -2.6975333e-01   8.5998350e-02  -1.2860515e-01   9.0560613e-02   2.4521951e-01  -2.8980096e-01  -7.3700117e-02  -2.1119082e-01   1.0061044e-01   1.3751848e-01   1.5337393e-02   1.7754445e-01  -2.7490292e-02  -8.0929570e-02   8.5289965e-02  -5.3338490e-02   1.4839175e-03  -2.5756475e-02  -1.0537291e-01   4.0578809e-02   7.6241470e-02  -1.6994275e-01   5.9783382e-02   5.4379653e-02   2.0094120e-01
  -1.4396739e-01   2.0105409e-01   2.0017614e-01   1.8243703e-02  -2.6827844e-01   1.5081091e-01  -1.3599828e-01   8.0163878e-02   3.0797202e-02  -9.9873415e-02   2.3118176e-01   1.3644426e-01  -8.4300285e-02  -4.4626317e-02  -1.0569681e-01  -9.4257267e-02  -6.0320008e-02   5.1705204e-02  -2.6917989e-02   3.5736652e-02   3.1069196e-01   9.3211892e-02  -2.2868619e-01   1.4021355e-01   1.0419672e-01  -6.1773144e-02  -8.0812160e-02  -7.4226322e-02   2.0354174e-01  -1.8001899e-01   8.6343316e-02  -6.7636068e-02   1.3716065e-02  -2.3712522e-01   4.9925698e-02  -5.5377034e-03   9.8260084e-02  -2.7364755e-02  -6.8524980e-02   1.2300947e-01  -3.7992385e-01  -1.4661468e-01   2.3145265e-01   7.7175126e-02  -1.8231036e-01   6.2024038e-02   6.8894453e-03  -2.1125363e-02  -1.2840701e-01
  -1.5731110e-01  -1.1966667e-01  -1.1695600e-01   1.2577628e-01   4.1262442e-02  -1.4948053e-01   7.7527470e-03   3.7193244e-02  -1.5701094e-03   1.2902781e-01   1.3572123e-02  -7.1654074e-02  -1.3475461e-01   9.6208253e-02   1.4654427e-01  -8.0721285e-02  -1.1438041e-01  -3.0978287e-02  -1.2991597e-01  -1.7390875e-01  -2.2457745e-01   3.1115048e-02   5.1385745e-02   1.2172067e-01  -1.5991895e-01   2.0455034e-01   2.6286423e-01   1.3355064e-01  -2.9836027e-02  -6.9945598e-02   1.8913514e-01  -5.2488043e-02  -2.8594993e-01  -4.4272332e-01  -7.9221295e-02  -2.2859539e-01  -3.4107043e-02  -1.4937486e-01   1.0264526e-01   1.3537373e-01   5.9857456e-02   3.9058891e-02   1.2169541e-01   1.4854000e-01  -2.5029688e-01  -6.4760432e-02   1.3657824e-03  -2.1689407e-02  -4.4137095e-02
  -1.3756833e-01   1.0224413e-01  -4.6260444e-02   8.5504055e-02   1.7857450e-01   1.5773239e-01   5.2233537e-02   4.8226826e-02  -4.7274834e-02   1.1020646e-01  -1.3146935e-01  -3.8927652e-01   1.5000288e-01  -1.8625475e-01  -2.6072418e-01   1.6399550e-01  -6.3127049e-02   1.7573174e-01   1.1374521e-01  -7.9702589e-02  -9.8018196e-02   1.6714619e-01   6.7097106e-02   1.4490216e-01   1.4611095e-01  -3.7850569e-01  -2.0228093e-01   4.6156762e-02  -1.6381582e-01  -6.0736168e-03   1.2517432e-01   1.3956382e-02   8.6871346e-02  -1.7688683e-01   9.1306062e-02  -1.0813762e-01  -6.6349572e-02  -1.4339876e-01  -2.4316597e-02   5.7755132e-02  -5.2782512e-02   1.5919776e-01   1.2028760e-01   6.8636454e-02   1.9552384e-02   8.1350590e-02   1.6743418e-02  -2.3126937e-02   2.3151555e-01
  -1.2536935e-01  -1.4948002e-01  -8.4525772e-02  -1.0616606e-01  -7.9835004e-02   1.0519895e-01   1.4775911e-01  -1.9022692e-01   3.1293302e-01   7.1364348e-02  -3.2534641e-02   3.6411579e-02   9.8775984e-02  -1.6121259e-01   2.5885036e-01  -1.8104352e-01   1.5115368e-02   1.3515543e-01  -2.0589199e-01   2.4759760e-01  -8.4109519e-02  -1.1732691e-01   1.5907668e-01   7.4542289e-02  -7.9085075e-02  -1.9184521e-02  -2.2903972e-01  -2.4399087e-01   4.3174888e-02  -9.0137798e-02   1.5274095e-01   6.4807927e-02  -4.8670963e-03  -2.0660548e-02  -2.5922658e-01   6.7806101e-03  -1.4380179e-02  -1.1237435e-01   1.0720357e-02   6.9160757e-02  -8.7049847e-02  -1.2797138e-01  -1.7196395e-02   4.2473004e-02   1.2758718e-01   1.6265636e-01  -2.9696367e-01  -1.6589994e-01   1.6486070e-01
  -1.3748475e-01   8.4905665e-02   1.7364654e-02   9.9648826e-02   9.8340711e-02   1.0977795e-01   1.7135704e-01   7.7001513e-03  -1.2723135e-02   3.6142283e-01   9.5025259e-02   6.3480558e-02  -2.3764971e-02   5.2713011e-02   2.0480779e-01  -1.4495202e-02  -5.7250034e-02  -3.4068333e-02  -1.0499264e-01  -4.2233428e-02   9.2731991e-02  -8.5887191e-02  -2.7103960e-02  -1.3748323e-01   2.5630040e-01  -5.3470974e-02  -1.2211022e-01   9.3142347e-02   1.9668395e-01   7.6929067e-02  -2.1444742e-01  -1.1197538e-01  -1.4131463e-01  -1.7629114e-01   1.6780052e-01  -1.5480773e-01  -2.9366553e-01   1.2298828e-01   1.5394437e-01  -1.6356095e-01   7.4371943e-02  -1.6096479e-01   2.6232789e-02  -8.7986853e-02   2.2966068e-01   2.7245378e-01   1.7452424e-02   2.2409942e-01  -5.1818365e-02
  -1.2678781e-01   1.3992823e-02  -4.2324982e-03   4.6638425e-02   3.1140679e-01   1.5717064e-01  -1.2185065e-01   4.8877091e-02   1.6010219e-01   4.9796234e-02   1.9808231e-02  -1.4533663e-01   6.1666666e-02  -5.2374287e-02  -5.1763683e-02   1.6780706e-01   2.7763063e-01  -2.1129304e-01  -2.2110515e-01   5.7891955e-02  -1.7354676e-01  -1.2275236e-01  -2.7806228e-02   1.8856965e-01   1.0320248e-01   3.0094958e-02  -3.6263181e-02  -2.9276127e-02   1.4568255e-01  -2.3030558e-03  -7.7065786e-02  -2.3448770e-01   4.2494328e-02  -5.2381268e-02  -3.1183910e-01   3.4108720e-02   2.9107518e-02   1.3415520e-01  -2.4595233e-01  -1.5934874e-01  -1.0753189e-01  -2.6243304e-02   2.3228110e-02  -6.1187973e-02  -3.0079707e-02  -3.5244399e-01   1.7130175e-03   1.2264695e-01  -1.9965176e-01
  -1.4067686e-01   3.1354388e-01  -4.6214378e-02  -7.7350453e-02   3.0177147e-01  -4.8620269e-02  -2.1128649e-01   2.0999844e-03  -2.1788107e-01  -1.1215770e-01   1.4762258e-02  -6.2157707e-02  -6.2605156e-02  -1.3615038e-01   1.6614467e-01  -1.4985157e-02  -1.1986140e-02   3.4640942e-02   7.7626506e-02  -1.4041903e-02   6.7376347e-02   1.3222496e-01   3.9978468e-02  -1.0069676e-01  -2.1657176e-02   3.3514763e-01  -4.1036807e-02  -1.9399760e-01  -1.7497637e-01  -1.5222894e-01  -2.9118773e-02   6.8710660e-02  -2.0684782e-01   1.5340803e-01  -1.0429935e-01  -4.6741972e-02  -2.1464567e-01  -4.0043559e-02   3.8921836e-02   5.5693526e-02  -1.6386304e-01  -1.6720263e-01   2.1153218e-01  -2.3922168e-01   1.1968123e-01  -9.8193681e-02   8.5141022e-02  -3.8035573e-02   2.1764569e-01
  -1.1906329e-01  -1.1061506e-01  -3.5980828e-02   9.1608709e-02  -3.7877947e-02  -6.0445305e-02  -2.3235818e-01  -2.6198495e-01   1.1740666e-01   8.6216098e-02  -1.5469928e-01   1.6148350e-01   2.1583143e-01  -1.9109405e-01  -4.2808528e-02  -1.1376209e-01   4.0489910e-02   3.3353761e-02   6.1129603e-02  -5.3939080e-02  -1.0722713e-02   8.6124079e-02  -6.0493519e-02   2.1351473e-01  -3.5296870e-02  -6.2256330e-03   1.2816022e-01   2.8377127e-01   8.2792272e-02   1.4548780e-01  -3.0447815e-01   1.0274978e-01   3.0472040e-02  -5.7051929e-03   1.6683048e-01  -1.8838688e-03  -3.4690694e-02  -1.5435192e-01  -2.6486413e-01   6.2828728e-02   1.6235010e-01  -2.8380640e-01   1.9618289e-01  -2.2213065e-01   8.9041081e-03  -2.2588150e-02   1.5555030e-02  -2.1855735e-01   1.1320762e-02
  -1.6131557e-01   1.0221199e-01  -1.1413259e-01   1.4536457e-02   3.7060850e-02   1.3147116e-02  -1.7132392e-01  -1.5375657e-01   1.9356641e-01   1.2260989e-01  -1.7535691e-02  -1.2478397e-01  -1.0321196e-01   1.7600283e-01   2.2983061e-01   2.4196059e-01   1.5266537e-01   5.2278153e-02   1.2708341e-01  -1.2556764e-01  -6.6298981e-02  -4.7843557e-02  -2.9998905e-01  -2.9118889e-01  -1.2483793e-01  -4.6074503e-02  -7.9460898e-02   2.5109875e-01  -1.4188497e-02   1.6677126e-01   1.1796581e-01   4.6974512e-02   9.9943894e-02   1.1153609e-01   2.3570322e-03   2.0063744e-01   6.7848354e-02   1.7715186e-01   1.3552044e-01   2.4046831e-01  -1.3338817e-01   3.8070777e-02   1.9856381e-01   4.4872663e-02  -4.9783288e-02   6.2943643e-02  -2.3810142e-01  -5.0598425e-02  -4.9993998e-02
  -1.4620730e-01   4.3398534e-02   2.3493683e-01   1.0773963e-01   1.9319443e-01   1.5983357e-01  -4.6528505e-02  -8.0648157e-03   8.9794831e-02  -4.6824975e-02  -1.2243313e-01   1.8229944e-01  -1.1373093e-01   4.3658640e-02  -2.2209959e-01  -1.7787308e-01   1.1333975e-01   7.8481947e-02  -1.3454201e-01   7.8884131e-02  -2.1142454e-01   2.1115256e-01   7.4203654e-02  -2.0144116e-01  -2.1106742e-01  -8.6831486e-02  -3.3755930e-02  -7.5959421e-02   5.7613542e-02   3.7668757e-02   1.0063861e-01  -1.0354640e-02   5.9340495e-02   1.2027535e-01  -6.6274919e-04  -1.2058639e-01   1.4588292e-01  -2.1278276e-01   1.6237913e-01   2.1246842e-01   1.3000819e-01  -1.2615635e-02  -6.6866597e-03  -2.8372937e-01  -4.7194208e-02   1.3935211e-01   6.7548180e-02   3.2526186e-01  -1.9408152e-01
  -1.6316156e-01   1.0797390e-01  -3.5873501e-02  -1.3468851e-01  -1.4522394e-01   1.9385869e-01   7.7452494e-02   2.0713813e-01   5.5335428e-02  -5.7137301e-02  -5.2537821e-02  -2.1795309e-01   2.0173842e-01   1.3839441e-01   4.5428604e-03   4.1646941e-02   2.9356194e-01  -4.7870307e-02  -7.8455298e-02   6.8093324e-02   2.7578792e-01  -2.9296484e-02   1.1647011e-01   1.1331303e-01  -1.7533856e-01  -4.2923780e-02   2.8687902e-01  -7.1134993e-02   3.7237691e-02  -1.3040411e-01  -1.3635604e-01   2.2868408e-02  -1.0840746e-02   3.3570120e-02   1.0358039e-01  -8.6945339e-02   1.5373167e-01   9.8955245e-02   3.3058963e-01  -5.6998020e-02   2.9227279e-01  -1.1891278e-02   2.6845130e-01  -5.9512207e-02  -7.0961020e-05  -5.3797000e-02  -1.1824871e-01  -3.8467022e-02   1.0702700e-01
  -1.3307117e-01  -4.9913600e-02  -2.6540015e-01   3.4172474e-02  -7.0353715e-02   1.3180531e-01  -1.6478311e-01  -7.0717480e-02  -1.2495230e-02   1.3380935e-01   1.7621517e-01   1.3497667e-01   7.4117045e-03  -1.9546730e-01   2.3241263e-02  -1.0149570e-01  -7.1165550e-02   4.7034462e-02   8.1077019e-02  -1.7767752e-01  -9.1650539e-03   2.1018487e-01   4.5930387e-02   9.8705447e-02   7.1719718e-02  -2.4531355e-02   1.6131019e-01  -1.2428469e-01   1.0470163e-01   2.0681589e-01  -2.7640406e-02   2.0726301e-01   5.5891519e-02   8.0324679e-02  -9.6057296e-02   1.3207043e-01   5.1750404e-02  -1.7620254e-01   3.7069026e-01  -3.4071324e-01  -1.7946130e-01   2.6803844e-01  -7.1799696e-03   2.0202849e-02   8.4368922e-02  -1.6042754e-01  -5.5247143e-02   1.0354930e-01  -1.2834051e-01
  -1.1662964e-01   1.8669664e-01   1.4647651e-01   2.1573301e-01   7.4093081e-02  -1.9449130e-01  -2.2255597e-01   1.0684375e-01   5.0050250e-02   5.2951671e-02  -6.0363926e-02  -4.6624453e-02  -6.2977076e-02   6.3643817e-02  -5.1588459e-02  -5.2142001e-02   1.3287478e-01   1.3978762e-01  -2.8361365e-01   2.9116234e-01   1.7001269e-01  -1.7780828e-01   4.0036006e-02  -2.0110133e-02   1.5794314e-01   1.0556924e-01  -3.5880541e-02  -2.0325843e-02  -1.1729374e-02   2.6115176e-01   4.3891318e-03   1.8726928e-01   9.5135995e-02  -1.0072935e-01  -3.8284271e-02   2.5682680e-01  -1.5537728e-01  -1.4632302e-01   1.3736919e-01  -2.9470066e-02   1.5327701e-01   1.3379020e-01  -7.8598946e-02   1.6218928e-01  -1.2389814e-01   4.4784747e-02   2.2701238e-01  -2.2757466e-01   4.6178803e-02
  -1.5954443e-01  -8.1585244e-02   6.0110324e-02   5.9590750e-02  -8.7489569e-03   1.9199085e-01   2.7364922e-01   9.1920655e-02  -6.4928850e-04   5.1709679e-02   6.1245917e-02   1.2269244e-01  -3.9652023e-02   1.8136114e-01   2.0711313e-01  -3.9889071e-02  -1.9933231e-02   2.2340857e-01   2.6344620e-01   5.7249737e-03  -1.5861281e-02   1.4575759e-01  -1.0424671e-01   2.3382568e-02  -6.7779465e-02   1.6224204e-01  -8.8551567e-02  -8.4032749e-02  -1.9385939e-01   1.7091227e-02  -1.3300073e-01  -2.4173167e-02   5.0041371e-01  -1.9078550e-01  -1.0687254e-01   7.9445887e-02  -1.0210917e-01  -9.5728381e-03  -4.1415136e-02  -2.2778712e-02   1.5097126e-01  -1.4274364e-01  -1.0248186e-02   1.5949191e-02  -1.2847207e-01  -2.7214848e-01   1.2408341e-01   7.8832766e-02   1.1133246e-01
  -1.5595759e-01   6.1614280e-02  -6.9227703e-02   1.2461566e-01  -1.3107410e-01  -1.2265603e-01  -1.0048135e-01  -2.0057567e-01   6.0698247e-02  -2.0931205e-01   7.4148535e-02  -3.3654175e-01   1.6863889e-01  -5.8418651e-02   2.7273888e-01   9.3769141e-02  -1.9108166e-01  -1.0040724e-01   1.4483526e-01   1.0591435e-01   8.1461092e-02  -3.8400110e-02   7.5990661e-02   4.4919841e-02  -1.3591144e-01  -1.1497961e-01   6.6856767e-02  -2.0413600e-01  -7.7183485e-03   2.8242989e-01  -1.0980727e-02  -2.1186111e-01  -1.0569322e-02  -7.3275737e-02   3.4742286e-03   1.3968948e-02   1.8194474e-01  -2.3567213e-02   3.1062483e-02   7.8591993e-02  -1.2055311e-02  -1.8481136e-01  -2.0219881e-01  -3.7854283e-02  -8.1569658e-04   1.0440408e-01   3.1901559e-01   2.2552091e-01  -6.1044763e-02
  -1.3418279e-01  -6.0237953e-02  -1.2453461e-01  -3.5956384e-02   2.6987340e-03  -4.4250202e-01   1.4891052e-01  -8.2603850e-02  -8.7040736e-02  -3.8018998e-02   4.3669584e-02  -4.6862891e-02  -1.1371599e-01  -1.0341343e-01  -2.8339615e-01   1.8171829e-02   8.1980855e-02   1.8535508e-01  -3.6205548e-02   1.5492032e-01  -1.1805442e-01   3.0258254e-03  -3.2774489e-01   5.2527000e-03  -7.6410575e-02  -1.7731213e-01   2.2706766e-01  -1.6443519e-01  -7.6362741e-02  -6.0728460e-02  -2.0919011e-01   7.0608564e-02   1.2357052e-01  -1.8864978e-02  -2.5167980e-01  -1.3262089e-01  -1.2253979e-01   2.1963059e-01   8.6436228e-02  -1.1194202e-01  -6.8119994e-02  -1.1591921e-01   9.0796637e-02   1.2414192e-02  -1.6378995e-02   2.0342249e-01  -2.5065572e-02   5.4279552e-02  -7.6974099e-02
  -1.4987161e-01  -1.6378072e-01   2.1640036e-01  -3.4665445e-02   1.3964063e-01   5.8065820e-02   3.5957334e-02  -2.5063448e-01  -2.2052216e-01   6.0140786e-02   3.1935014e-01  -6.2532615e-02   7.8764484e-03   1.3941168e-01  -1.3365646e-01   3.0724894e-02   1.4599151e-01  -2.5884755e-02  -8.2787635e-02  -6.9676953e-03   8.0116934e-02  -2.8800214e-02   3.6909890e-02  -1.3855565e-02   1.6593767e-02   1.2498035e-01   2.5431763e-01   2.2624907e-02  -1.3804715e-01   1.5185470e-01   3.8763448e-02  -3.3097976e-01   9.6460539e-02   7.9347146e-02   1.3575557e-01   2.3724484e-02   1.5047795e-02  -2.2489519e-01  -3.1545588e-02  -1.1387458e-01  -1.9250019e-01  -2.6073826e-02  -1.5247281e-01  -6.2395263e-02  -1.0911207e-01   1.5927443e-01  -2.7447140e-01  -9.3934655e-02   2.4828393e-01
  -1.7082063e-01  -7.4771079e-02   2.6351069e-02  -2.3022213e-01  -4.0947401e-02   1.5015234e-01   3.4741366e-02  -3.2635485e-01   2.0449393e-02  -4.0194864e-02   1.1121538e-01  -4.1419349e-02  -9.6738519e-02  -6.2613845e-02  -1.0183333e-01  -1.8590146e-01   3.3272636e-02  -4.9349057e-02   8.1264694e-02   1.7114391e-01  -1.6604059e-01  -1.1004878e-02   2.1171785e-01   6.8855619e-02   1.7082757e-02   1.6360052e-01  -2.3507468e-02   2.1224306e-01  -3.0148227e-02  -1.3141213e-01  -5.2085431e-02  -1.6377558e-01   8.2755475e-02   3.2090548e-02   8.5634647e-02   5.6793903e-02  -8.5082287e-02   2.8448973e-01   1.3632543e-01   1.0950073e-01  -4.5999680e-02   2.6677977e-01   1.5907380e-01   1.2226033e-01   1.1685515e-01   7.8399483e-02   4.1108593e-01  -1.3288472e-01  -1.0502517e-01
  -1.5967358e-01  -1.4568922e-01   2.0444797e-01   1.1258756e-01  -2.2039869e-01   7.9120438e-02  -1.3956000e-01   3.6887213e-02  -1.2022716e-01  -3.0569559e-01  -1.5865914e-01   1.0437855e-01  -7.6818808e-02  -6.4316517e-03   1.7157159e-01   7.1218040e-02  -5.7366688e-03   9.4264068e-02   1.0292404e-03  -1.6156956e-01  -1.7268733e-01  -2.7892220e-01  -2.3217986e-01   2.0575366e-02   1.1201427e-02  -2.0087860e-01  -4.9106808e-02  -6.2658676e-02  -1.7839543e-03  -8.3826444e-02  -1.1901997e-01  -3.2600295e-01  -1.1501271e-01   1.5574712e-01  -9.1570923e-02  -1.3392443e-02  -1.9803547e-01  -2.5114557e-01   7.8989095e-02  -8.6284548e-02   1.1724165e-01   1.9799983e-01   1.4620552e-01   6.5486443e-02   1.3105420e-01  -3.8312473e-02   3.0224434e-02  -4.7541578e-02   7.0624399e-02
  -1.4447030e-01   3.8383280e-02   1.7616236e-01   2.9976704e-01  -1.3365513e-01   6.4497151e-02  -1.5162877e-01   6.3418325e-02   2.7657693e-02   1.5376655e-01  -1.7395658e-01  -6.0663381e-02   3.4797488e-02   1.6687975e-01  -8.9526567e-02   6.7696882e-02  -3.4772733e-01  -3.3934263e-02   3.4666095e-02   3.8278395e-02  -1.9558304e-01  -6.3829518e-02   2.4373547e-01  -2.3958288e-02   1.5142140e-01   1.8362525e-01   1.0577500e-01  -9.9976052e-02  -1.1798936e-01  -5.7602093e-02  -1.2002330e-01   7.8917627e-02   1.4448985e-01   3.0401358e-01  -1.2575005e-02  -2.2306039e-01   1.2286187e-01   1.3917361e-01  -8.9527648e-03  -6.8685267e-02  -1.2758299e-01  -1.8134656e-01   9.4317976e-02   2.5660818e-01   1.4393736e-02   5.2509847e-02  -1.4540683e-01  -5.9160465e-02  -1.0478651e-01
  -1.3462291e-01   1.3511347e-01  -3.5245046e-01  -3.3752030e-02  -2.0533146e-01   4.8700969e-02  -1.3789346e-02  -2.8740257e-02  -1.4222330e-01  -1.3513650e-01   4.6325272e-02  -2.5329385e-02  -1.2455291e-01   1.0856439e-01  -4.9074632e-02   7.9994485e-02  -1.2986201e-01  -3.1451809e-01  -2.4453440e-01   1.6414483e-01  -2.0030891e-01   1.2701348e-01  -2.2246174e-01   1.3709049e-01   8.5831790e-02   1.1336913e-01  -1.3560280e-01   1.2619717e-01   1.3547673e-01  -2.0893960e-02   2.8473563e-01   5.0000805e-02   2.2544545e-01   1.6207632e-01   9.5045377e-02  -5.2495509e-02  -6.5427020e-02  -1.0047898e-01  -2.8620526e-02  -1.4280685e-01   2.2086950e-01  -1.1487401e-01   1.0970209e-03  -6.6116579e-02  -2.4182175e-02   6.9046610e-02   1.5223040e-02   5.3646426e-02   1.7909848e-01
