  -1.3090141e-01  -1.4911726e-01   7.6939320e-02  -6.1041373e-02  -1.1053180e-01   9.7874242e-02   9.5244197e-02   2.1617422e-01   1.0041652e-01  -7.9741680e-02   3.1494400e-01  -1.0453752e-01   7.5781024e-02  -1.7560059e-01   2.7730022e-01  -6.3494478e-02   9.7196961e-02   7.4037979e-02   3.3531486e-01  -1.9578923e-01  -9.1362013e-02   6.3629105e-02   1.2504946e-01   1.1568446e-01   3.2951295e-02  -2.7579203e-01   7.3693266e-02  -8.2278555e-02  -9.4067932e-02  -1.7220241e-02  -1.3637510e-01   1.4142559e-01   7.7714987e-02   1.4519380e-01  -6.0372512e-02   1.5098209e-01  -1.5296483e-01   1.0050371e-01   3.0931437e-01   1.0916161e-01   4.9956717e-02   3.9300729e-02   4.5839862e-02  -1.0119729e-01  -5.7579187e-02  -1.1822610e-01  -1.8252165e-01   8.1624513e-02   1.2964540e-01
  -1.2191103e-01   2.3998495e-01  -1.2083913e-01  -7.5218779e-02  -2.5042222e-01  -7.8188727e-02   4.5105159e-02  -1.1363297e-02   1.3499322e-01   3.3776856e-01   6.7343484e-02  -3.4737456e-01  -1.7476220e-01  -1.9741298e-01  -1.7764964e-02  -1.4158201e-01   4.0831042e-02  -2.2059280e-01   1.6319402e-01  -7.1299343e-02   1.0656822e-01  -6.7771221e-02  -3.8698366e-02   8.4206021e-02  -1.7626280e-02   4.4789501e-02   5.2275003e-02  -8.5990140e-02   2.0053368e-01  -2.4165098e-02  -9.2334481e-02   7.3180490e-02  -1.8724577e-01  -1.0506967e-01  -4.6230797e-02  -4.9250842e-02   3.0725399e-01  -6.3808626e-03   3.8333989e-02   1.1059298e-01  -8.3131445e-02   4.5785536e-02  -1.5546387e-01   1.5043654e-01  -2.8735497e-02   2.9470917e-01  -4.9834290e-02   3.4320973e-02  -9.6148936e-02
  -1.5374315e-01   1.3565650e-01   2.0231717e-01  -1.1572857e-01   2.1042935e-02  -5.7639846e-02   2.5014011e-02   6.0261961e-04   9.5850421e-02   4.7008134e-02  -3.9341331e-02   1.0144081e-02   1.3098958e-01  -1.5522220e-01   6.0750911e-02   1.1251625e-01  -5.8874108e-02   1.0074460e-02   2.6467063e-01   2.5191358e-02  -2.3410673e-01   1.1765659e-01  -2.9654142e-01   1.3514489e-01   8.0597994e-02   4.2433205e-01   3.5198253e-02   6.8220901e-02  -1.7312702e-02   3.1885803e-02   2.1780302e-01   1.4050126e-01  -3.0861189e-02  -1.8308424e-01   1.0069229e-01  -1.6271048e-01  -7.5270150e-02  -2.7745924e-02  -4.7774175e-03   2.2294499e-01  -1.8188835e-01  -1.6221217e-01   2.8887705e-01  -4.7037523e-02   8.4068668e-02  -1.9356379e-01   3.8659663e-02  -1.2492428e-02  -7.4978544e-03
  -1.4494544e-01  -1.5909279e-01  -1.5105480e-02   1.0303909e-01  -1.8608962e-01  -1.0297725e-01   4.3587471e-02  -4.5067218e-02  -9.1593927e-02   3.4983897e-01  -1.2490872e-01   8.6590460e-02  -7.9993817e-02   8.2914779e-02   2.3322021e-01   1.1955263e-01  -2.9932565e-01  -4.5573916e-02  -1.1377947e-01  -1.4895777e-02  -2.2203093e-02   9.0299534e-02   1.9752931e-01  -1.8617989e-01  -1.0327238e-01   1.0239266e-01  -4.2886929e-02   1.2299172e-01   1.7704583e-02  -2.2530504e-01  -1.2927665e-01   8.4135315e-02   1.2154861e-02   2.7930640e-01   1.5863033e-01   1.3152081e-02   1.0087845e-01  -3.9587877e-02   2.8034251e-01  -6.0840936e-02  -2.4261979e-01  -4.0051410e-02   1.7235013e-01  -1.4792088e-01   2.6671538e-03  -2.2857587e-02   1.3228771e-02  -2.0873734e-01  -6.1816361e-02
  -1.4136880e-01   3.7439440e-03  -5.8321172e-02  -2.5613260e-02   1.0969587e-01   5.8369170e-02   7.2789122e-02  -1.1310284e-01  -1.1191669e-01  -1.6091905e-02   6.1164548e-02  -3.3242687e-01   2.6301245e-01  -1.0973820e-01  -6.3742707e-02  -6.2535474e-02  -6.6962521e-02  -6.2336417e-02  -1.2708239e-01   5.0060836e-02  -7.8175869e-02   3.6073277e-01   5.4938214e-02  -2.0303839e-01   6.0645791e-03  -2.4186284e-01   5.1606518e-02   1.7937139e-02  -1.4202403e-01  -3.1638679e-01   3.9304574e-01   1.3011895e-03  -1.1951431e-01  -8.2452005e-03  -3.2097397e-02   2.0368265e-01   6.3976134e-03   8.6818079e-02  -1.5321834e-01   4.3781280e-02  -1.5019481e-01  -1.1838492e-01  -7.0920992e-02   1.3534148e-01  -1.4348413e-01  -4.9793910e-02   1.5508912e-02  -5.7177968e-02  -7.7879557e-02
  -1.2846951e-01  -3.2220587e-02  -1.0982024e-01  -2.0542673e-02  -2.3238848e-01  -8.9375167e-02   1.9410739e-01   2.5291346e-02   2.9131203e-03  -1.3179413e-01  -4.7319514e-03   8.0669457e-02   9.3159891e-02  -1.3985807e-01   2.7751562e-01  -3.1516223e-01  -1.7977938e-01   6.9490283e-03  -1.7134487e-01   1.9953773e-01  -1.9986380e-01  -1.7378302e-01  -2.0999905e-01  -1.3609818e-01   1.4745071e-01  -8.0248666e-02  -2.3788559e-02   5.0249788e-02  -3.3257276e-02  -1.3983280e-01  -4.8975654e-02  -4.5509961e-02   1.2178307e-01  -2.0677556e-01  -2.9951051e-02  -2.0232464e-01   8.2344980e-02   2.2204476e-02  -9.0645699e-03  -2.5774662e-01   8.2070437e-03  -1.5459587e-02  -1.8637923e-01   6.8217478e-03   2.5343607e-01  -1.4578452e-01  -1.3552329e-01   1.8977337e-01  -4.7962284e-02
  -1.3253910e-01   2.2794062e-02  -1.9256123e-01   1.5746366e-02   2.1585926e-01  -2.3889837e-01  -1.7172373e-01   3.1589832e-01  -1.8914907e-01  -5.1921110e-02   8.4420304e-02  -1.3429942e-02   8.2495582e-02   4.5760558e-02   9.4771877e-02   3.1498618e-02  -1.1767173e-01  -3.3085249e-03   1.2217729e-01  -2.3981850e-01  -1.9229570e-02  -3.5497919e-03   1.4025552e-01  -1.3598514e-01  -1.4541409e-01   1.3058933e-01   3.2852388e-01  -4.6150042e-02   2.3070141e-01   6.2963343e-02   8.7034083e-02  -7.8044254e-02  -8.2283260e-02  -1.1774231e-01   2.1051110e-02   2.0008803e-01  -1.0676719e-01  -5.0394062e-02  -1.1223961e-01  -1.5928828e-01  -1.9483305e-02  -1.7078862e-02  -1.5752524e-02  -9.3615586e-02   3.9070172e-01   1.3429228e-01  -5.6950005e-02   5.3599501e-02  -5.9388234e-02
  -1.2641520e-01   7.2764294e-03  -9.7286966e-03   1.0880080e-01   4.0833378e-02   8.7732434e-02  -2.7148636e-01   4.2265446e-02   1.3916116e-01  -4.7980464e-02   3.4286514e-01   4.8942099e-02  -1.1301597e-01   4.6390420e-02   4.5616690e-02   3.1682162e-01   1.1904793e-01   2.0137525e-01   4.5930243e-02   1.9664878e-01  -6.5007317e-02  -2.9904644e-02  -1.3553218e-01  -6.0706936e-02   1.2017572e-01  -4.7663328e-02   1.5374067e-01  -7.9561311e-03  -1.1439775e-01   1.5976109e-02   1.1449331e-01   1.0429438e-01  -1.6374928e-01  -1.3087571e-02   5.9473816e-02  -1.5529315e-01   1.8254905e-01   1.0413086e-01   1.6441116e-01  -2.4153361e-01  -1.1095818e-01   2.5638036e-02  -3.2535999e-01  -1.8930721e-02   3.8629507e-02   2.9309258e-02   1.7111912e-01  -3.0456645e-01  -9.4449815e-04
  -1.6456223e-01   1.7044924e-01   7.3456441e-02   8.7102916e-02  -1.8461851e-02  -6.3332341e-02   2.0589906e-01  -2.2049712e-03  -1.6595376e-01  -3.2242145e-01   4.0578620e-02  -1.8160259e-02  -6.9589803e-02   9.7010574e-02  -1.2203595e-02  -1.6639606e-02  -2.3851553e-01   2.3696280e-01   1.0917391e-01  -3.1794967e-02  -1.4414408e-01   5.8456820e-02  -7.3453807e-02   8.0198770e-02   1.7033978e-02  -2.1060989e-01   7.4994053e-02   2.5541845e-01   6.4503015e-02  -1.1832854e-02  -2.4732598e-01   6.9869817e-02  -2.3689197e-01   1.6573264e-01  -1.8376922e-02  -1.3132990e-01   1.0256864e-01  -1.0114163e-01  -1.9885369e-01   1.5681929e-01   1.9258931e-01  -7.0072806e-02   7.9521782e-02  -1.2489054e-01  -9.5479526e-02   2.0804626e-01   1.8269925e-01  -4.9339776e-02  -2.2346075e-01
  -1.4821452e-01   1.3388319e-01   5.8367951e-02  -1.2724203e-02  -1.9014520e-01  -2.6158708e-01   4.5654639e-02   5.1888387e-02   9.6056036e-03  -2.5648852e-01  -1.6596015e-01   2.0817152e-01   1.3518161e-02   1.8321437e-01   3.3526994e-02   1.6048707e-02   1.8132558e-01  -9.5421747e-02   1.2090283e-01   7.9746444e-03   5.7931609e-02  -1.9941417e-01  -5.2470604e-02  -2.6363095e-02  -2.9741826e-02  -7.2814007e-02  -4.5177895e-02   1.1503444e-01  -1.7189683e-01  -1.3051226e-01   1.7727994e-01  -5.3080782e-02  -5.1863044e-02  -9.0455879e-02  -2.9849032e-02   2.8568052e-01   1.2432802e-01   1.1793809e-01   1.1278562e-03   1.3564422e-01  -1.6108427e-01   4.7794447e-01   1.2383798e-01   5.8091451e-02  -7.7650538e-03   4.2785319e-02  -1.1289553e-01  -2.0208794e-01  -7.5955182e-03
  -1.5857856e-01   1.0027272e-01  -2.6096506e-01  -1.5739523e-01  -9.3993405e-02  -3.7843971e-03  -1.0481052e-02  -2.6298494e-01   1.2840720e-01  -3.3503098e-02   1.1666655e-01  -2.1319048e-02   2.1309891e-01  -5.5964270e-02  -4.6924796e-02  -5.7070985e-02  -1.3550660e-01   1.5497845e-01  -1.3577129e-01  -1.4511516e-01   2.9315427e-01  -1.2289357e-01  -8.3106454e-03  -1.0417512e-01  -4.0146142e-02   9.9978148e-02   1.1390016e-02   3.6152231e-02  -3.1006449e-02   2.5911271e-01  -4.6194191e-02  -8.9243302e-02  -2.5773985e-01  -9.7104117e-03   6.2146451e-03  -8.0865271e-02  -3.0644910e-01   3.1145647e-01   1.4038061e-01  -6.3531736e-02  -3.8487638e-02   1.3008548e-01   1.1239939e-01  -1.1558943e-01  -1.5415878e-01  -1.2554161e-01   6.3602483e-02   2.4530604e-02  -2.1613005e-01
  -1.4448814e-01   1.6500484e-01  -1.2706470e-01   2.1132497e-01   1.0314444e-01   2.7652191e-02  -1.0366157e-01  -2.0541612e-01  -3.1160558e-02   2.5603376e-02  -7.2700758e-02   1.9640417e-02   9.7446697e-02  -2.7673268e-01   2.1017467e-01   1.2679366e-01   2.1289166e-01  -3.2515697e-02  -2.4707204e-01  -2.3871140e-01  -1.7651685e-01  -1.3003343e-01   2.3372090e-02   1.0712127e-01  -1.8678657e-01  -2.2125951e-01  -7.1154523e-02  -1.2777554e-01  -8.4929011e-02   3.1052410e-02  -1.8609361e-02   9.9974160e-02   9.4869195e-02  -2.5436222e-01   8.7124117e-02  -9.0652103e-02  -3.3274346e-02  -3.2318201e-01  -6.8730744e-02   9.1007098e-03  -4.9602724e-02   7.2308183e-02   6.4156961e-02  -2.8229331e-01  -1.2729759e-01   9.4724754e-02  -1.5919835e-03  -9.0986947e-02   7.2255956e-03
  -1.3593565e-01  -2.1547396e-01  -6.0876294e-02  -7.1254448e-02   4.5492260e-02   1.7220172e-01  -6.9961808e-02  -3.8304269e-02   1.3377827e-01   3.9235806e-02   2.5175478e-02   2.9013574e-01  -1.3856183e-01  -2.4934862e-01   6.9002210e-02   1.3507578e-01   5.6423984e-03  -2.1014128e-01   7.0286806e-04   2.6546330e-02  -4.1322087e-03   1.0187851e-01  -4.8288538e-02  -1.1364780e-01   8.4950609e-02  -2.8245805e-02   4.6365499e-02   4.0839767e-01   2.1222079e-01   9.3133864e-02  -6.8123186e-02  -4.6330902e-04  -3.8778340e-02  -1.7015726e-01  -2.2042128e-01   1.6253449e-01   7.8095837e-02   1.7828479e-01  -2.3468516e-01  -1.1696481e-01   9.6742249e-02  -1.1144789e-01   1.5572036e-01  -4.2722125e-02  -2.0821197e-01   1.1567050e-01  -2.1005149e-01  -6.5508751e-02   9.2995045e-02
  -1.3993022e-01   6.9225718e-02   1.1347138e-01  -7.3540532e-02   1.1845198e-01   8.8668449e-02   4.1621521e-02   6.5633165e-02  -4.1124102e-01   2.8865090e-01   3.0743109e-02   1.1292956e-02   1.1377708e-02   4.2241662e-02  -1.2854204e-01   1.0362755e-01  -1.6753588e-02   4.5598773e-02   5.2977178e-02  -1.1474934e-01   1.4765237e-01  -2.4188075e-01  -1.0688611e-01   1.7034449e-01   1.0250450e-01   9.2436123e-02   1.5269980e-01   1.8264261e-01  -1.6792576e-01  -2.7864855e-01  -1.4775126e-02   6.6375760e-02  -1.1269565e-01   1.9772594e-02  -6.4980532e-03  -6.1505030e-02  -4.6214478e-02  -8.0730041e-02  -8.2759549e-02  -2.2499698e-01   2.4908950e-02   1.6057789e-01  -1.3392963e-01  -7.2007115e-02  -2.4264764e-01  -1.5284791e-01  -1.7782207e-01   2.3881116e-01   1.3410087e-01
  -1.3114371e-01  -2.8225887e-02  -2.0021043e-01  -1.8799163e-01   2.3774339e-01  -2.4761881e-02   6.9053774e-02  -3.2585839e-02   2.0572094e-01  -5.7909962e-02  -2.1727265e-01  -7.8605083e-02   9.4808507e-03   6.1478444e-02   2.2026674e-01   1.5601810e-01  -5.9459742e-02  -2.8854282e-02   3.8354404e-01   1.5926815e-02   2.8682036e-01   8.3710617e-02   1.3637189e-02   1.7069063e-01  -2.1411732e-01  -1.4508784e-01  -2.2084226e-01   1.6237171e-02  -1.3872323e-01  -2.6296522e-02  -6.0989106e-02  -1.2615951e-01   5.2482210e-02   4.8278421e-02   2.0694444e-01  -1.4736645e-01   1.1670742e-01  -4.4185716e-02  -1.9752435e-01  -2.3012839e-01   2.2000058e-02  -9.5222622e-02  -6.3858272e-02   1.1387585e-01   3.8016108e-02  -1.5224277e-01  -7.7861596e-02  -6.6435772e-02  -5.5920437e-02
  -1.4856657e-01   1.5595976e-02  -1.4238964e-01   1.4363359e-01   1.4933768e-01   1.0335704e-01  -1.0147092e-01  -2.4078122e-01  -6.0078240e-02  -1.1081689e-01   1.6265530e-01  -1.2280282e-01  -6.5305261e-02   3.1032326e-01  -1.0828697e-01  -1.3811445e-01  -8.4147001e-02  -1.7856693e-01   1.2723785e-01  -7.4394781e-02  -1.1302113e-01   4.1498188e-02   1.1344282e-01  -4.9008026e-02   3.5020446e-01   1.4359447e-01  -2.2656077e-01  -1.1508193e-01  -1.3818731e-01   3.9683820e-02  -1.4921872e-01  -6.5288319e-02   1.5951374e-02  -1.1073006e-01   1.6049736e-01   5.2138447e-02   2.3261308e-01   1.5397634e-01  -5.2338002e-02   7.5577007e-02  -7.4341977e-02  -2.2299298e-02   4.3948609e-02  -3.1919281e-01   5.5156754e-02   7.9288682e-03  -1.6407941e-01   8.7118249e-02   1.6284091e-01
  -1.3653536e-01   9.3585826e-02  -9.5566471e-02   2.7371857e-01   1.8595539e-01  -3.8677450e-01  -1.6892768e-01  -6.6871622e-02  -8.6577140e-02   8.4381719e-02   1.8033967e-01   4.2219945e-02  -4.3127109e-02  -4.9399461e-02   1.6391217e-01   8.8592554e-02  -9.7448938e-02  -4.1485128e-02  -1.0350212e-01   3.1106185e-02   9.0209023e-02  -4.0532506e-02  -2.1078306e-01   8.1901138e-02  -5.5219373e-02  -2.6510050e-02  -1.8618240e-01   4.6135046e-02  -9.0581984e-02   1.3499159e-01  -3.7455259e-03   2.0207055e-01   1.7492488e-01   1.9507575e-01  -1.7045496e-01   1.7701235e-01   9.5252824e-02   1.8614899e-01  -8.6646672e-03   1.2981174e-01   5.9877901e-02  -7.8014327e-02   1.4926232e-02   2.5722125e-01  -1.4848866e-02  -1.0060287e-01   1.5652614e-01   2.9695009e-01   5.4964391e-02
  -1.4688519e-01  -5.4498258e-02   3.1688029e-02   9.5403260e-02   6.8766547e-02  -2.1647067e-02   1.9005828e-01  -1.6655873e-01   1.5139799e-01  -3.0513588e-01   4.8904202e-02   1.2993339e-01  -6.2733456e-02   1.6946489e-01   6.8197884e-02   7.5296084e-02  -1.3127284e-01  -1.1369816e-01  -1.7963863e-01  -3.4492814e-02   1.3736028e-01   5.8264046e-02   4.7412915e-02   2.2737774e-01   3.1955119e-02   1.5666405e-01   3.2716221e-01  -4.2982566e-01   1.4700034e-01  -2.0873000e-01  -2.7969624e-02   1.6365733e-01  -1.8966589e-02  -4.9408824e-02  -1.1968435e-01  -6.7898297e-02  -7.6561624e-03  -4.0065815e-02   4.2769564e-02  -1.2243033e-01  -4.7790688e-02  -5.3452579e-02   1.1918805e-01   2.3379124e-01  -1.7839988e-01   3.6406888e-02  -1.3486102e-01   1.9883358e-03   5.0189187e-02
  -1.3407059e-01   1.4574490e-01   2.0825746e-01   1.6802839e-01  -3.2480870e-01  -1.3952344e-01  -1.1209929e-01   4.3508528e-03   1.4117068e-02   6.9075099e-02   4.2333224e-02  -1.6163845e-01   3.8195282e-03   2.0262372e-01   5.4347478e-03  -9.4707397e-02   2.9766910e-01   2.4052717e-02   3.6759181e-02   1.1074653e-02   1.0380600e-01   2.3887488e-01   1.8292946e-02  -1.5012875e-01  -7.7010988e-02   4.0084139e-02  -4.1072592e-02   4.4952888e-02  -1.8614678e-01  -2.8702630e-02  -9.3010243e-02   1.2122616e-01   7.1867222e-02  -9.2462565e-02   9.1326894e-04  -1.2735766e-01  -2.4428070e-01   7.5774963e-02  -1.6645666e-01  -3.7430810e-01   1.6891840e-01  -1.3911369e-01   2.4503868e-01   5.5411828e-02   3.0071406e-02   1.7589689e-01  -1.5962920e-02   5.7120066e-03   1.0456758e-01
  -1.5141811e-01  -5.4037740e-02  -1.7808499e-02  -1.1547730e-01   1.6052652e-01  -4.3470567e-02   2.1483333e-01  -7.0000916e-02   4.1941651e-02   7.4863827e-02  -3.7767578e-02  -1.6139305e-01   1.9517629e-01   4.9755212e-02   6.2120745e-02  -2.8902727e-02   1.3708545e-01  -3.7410816e-01  -3.8967305e-02   2.5186054e-02  -6.0352481e-02  -2.8785402e-01   1.1927240e-01   1.1544337e-02   3.4981023e-01   7.9121177e-03   1.9324131e-01   1.3651911e-01  -6.0274585e-02   1.8142806e-01  -2.7013399e-02   1.1941765e-01   1.4015872e-01   2.6895658e-01  -3.5644599e-02  -5.7188440e-02  -1.5135911e-01  -5.2298776e-02  -9.4003958e-02  -4.2734799e-02   7.0901739e-02   2.2562033e-02   2.2070411e-05   8.0870760e-02   1.3068186e-01   6.3442237e-02   2.5164696e-01  -2.7725952e-01   6.1363534e-02
  -1.6819731e-01  -3.0603531e-01   7.1224176e-02  -7.8676524e-02   6.9265155e-03  -1.7298032e-01  -2.2373682e-01   1.6073254e-02  -8.4138232e-02   4.3397769e-02  -7.1062312e-02  -5.3635365e-03   2.9628818e-02  -5.7469595e-02   7.3796939e-02  -2.1324955e-01  -3.5789005e-02   3.9277899e-02  -1.4716981e-01  -5.9377455e-02   1.7326497e-01   1.2567363e-01  -1.0463181e-01   2.4386668e-02   4.6675879e-02   4.5192068e-02   2.0812261e-01  -3.0885345e-02  -9.6485431e-02   3.1957140e-02   8.5453116e-02  -7.5685630e-02   2.6126165e-02  -1.0180107e-01   3.5269935e-01  -1.1433796e-01   1.6855801e-01   1.6056853e-02   8.4236057e-02   2.6293819e-01   5.0035969e-01   6.6951163e-02  -4.1982654e-02   3.3209958e-02  -9.7494156e-02   2.5480918e-02  -4.6334808e-02  -1.7570003e-01   7.6455102e-02
  -1.3115576e-01   1.2833220e-01   4.8607581e-02  -2.0114206e-01  -5.9408084e-02   1.4318037e-01   1.8010356e-02  -4.7029549e-02   1.8666464e-01   1.3145000e-01   9.5346197e-02   7.6120148e-02  -2.2212358e-01   6.7534829e-02  -3.0960414e-02   7.9436686e-02   1.7046337e-02  -2.9874678e-02  -8.4422751e-02  -2.0845890e-01  -1.0231024e-01   8.2149660e-02  -2.2199291e-01  -7.3193345e-02   3.1677583e-02  -1.4949753e-01   1.8542290e-01  -1.1097290e-01   7.0160339e-02  -1.9503590e-01  -1.3754853e-01  -2.7783664e-01   2.0917173e-01   2.0831318e-03   2.3361609e-01   2.1323573e-01   7.2617755e-03   4.2630906e-02  -1.3095073e-01  -4.1192319e-02   3.2731876e-02   1.3581218e-01   1.2488567e-01   1.8168060e-02   7.0796961e-02  -1.4656933e-01   4.2523656e-01   1.6932495e-01   8.3308316e-03
  -1.6593995e-01  -2.5808705e-01   7.6276668e-02   7.7154709e-02  -5.3565232e-02   1.9106670e-01   1.7921604e-02  -3.2300466e-01  -2.3713459e-01   2.8282153e-02   9.2239670e-02  -3.2993160e-03  -1.1144571e-01   8.0471952e-03  -3.9994701e-02   5.5871785e-02  -3.5720755e-02   6.9436353e-02   2.5924147e-01  -2.0697944e-01  -1.8875616e-01  -2.2176440e-01  -3.7673140e-02  -1.1175337e-01  -1.2963939e-01   1.1388229e-01  -8.7099440e-02  -5.8088870e-02  -1.2750365e-01   2.5549283e-02   7.2078617e-02  -2.1433263e-01   1.6136091e-01  -9.0530440e-02  -1.6641228e-01   2.0020691e-02  -6.8285759e-02  -5.7758073e-02   9.6011326e-02  -6.1175397e-03   1.1012806e-01  -6.2881874e-02  -6.7125345e-03   3.6115749e-01   5.9129353e-02   1.1742581e-01  -3.5128648e-02  -1.0014994e-01  -2.9826853e-01
  -1.4507347e-01   1.7399514e-01   1.5048393e-01   2.8606287e-01   1.3066226e-01  -7.8752836e-03   2.1141573e-01  -3.9273075e-02   1.5353068e-01   7.8830888e-02  -2.4285908e-01   1.9837751e-02  -2.1130980e-01  -1.1372473e-01  -7.9377208e-02   8.6022115e-02   8.8308219e-02   1.0232532e-01   8.2737108e-03   2.1648544e-02   3.1337842e-02  -1.0727375e-01   2.5813382e-01  -2.9294702e-01   1.1313982e-01  -8.4705736e-02   9.8393188e-02  -7.0523519e-03  -4.6939003e-02   9.6776208e-02  -6.6649381e-02   5.3323377e-02  -2.9054077e-01  -1.4894222e-01   1.1881498e-01   1.3373750e-01  -1.0525636e-02  -2.8725632e-02   9.3310837e-02   8.8509328e-02   1.8769673e-01  -1.3373568e-01  -4.3756142e-02   1.4719564e-01   1.3859775e-01  -3.4902901e-01  -9.8905617e-02   6.5740634e-02   1.2903647e-02
  -1.4373318e-01  -9.3481370e-03  -1.7168011e-01  -1.8168823e-01  -2.0509148e-01  -1.4736167e-01  -3.7698197e-02  -1.2857344e-01  -6.9748372e-02  -1.1753717e-01   7.7945472e-02   8.7695474e-03  -1.9239901e-01  -1.0159956e-01  -1.7978709e-01   2.0196568e-01   5.1630312e-02  -2.0965312e-01   8.5458324e-03   3.5085628e-01   1.2622123e-01   7.4360878e-02  -1.0979168e-01   2.0038373e-02  -3.2243486e-02   6.2464992e-02   4.4265442e-02  -8.9962432e-02  -1.7549574e-01  -8.3836458e-02  -9.1129277e-02  -2.6581528e-02   7.2746025e-03   7.9080038e-02  -7.8321162e-02   2.2640078e-01  -2.5453841e-01  -3.0604514e-01   5.2147199e-02   1.2977855e-01   1.3939809e-01  -1.6327429e-01  -1.4537906e-01  -2.8281462e-01   1.1686237e-01  -4.9407791e-02  -9.1018152e-02  -1.3220204e-03  -1.0441762e-01
  -1.3829630e-01  -2.0179089e-01   1.8716918e-02   2.0823923e-01  -1.5451632e-02   8.9117826e-02  -6.4667938e-02   2.1624981e-01   4.9908026e-02   9.1391261e-04  -1.2481565e-01  -2.7332898e-01  -4.5754920e-02   8.6556658e-02  -1.5353465e-01  -4.1262125e-02   7.1018361e-03  -6.2669727e-02  -8.6896169e-02  -1.1796195e-01   9.2702188e-02  -1.0668189e-01  -1.4557250e-01   1.2464053e-01  -1.6565471e-01   2.9372698e-03  -7.1816408e-02  -3.4154862e-02   1.3114495e-01  -1.8799689e-01  -1.0473925e-01   5.8989256e-02   3.1748524e-02  -1.2144755e-01  -3.7062874e-01  -6.5343321e-02   1.2802765e-02   2.0331389e-01  -1.0043359e-01   8.9899199e-02   5.3652746e-02  -1.7118058e-02  -1.0527985e-02  -2.2324915e-01   1.2745494e-01  -3.7392577e-01   1.2065799e-01  -2.8357750e-01  -7.4415936e-02
  -1.2650690e-01   1.5607324e-01   2.7848114e-02  -2.5152252e-02   1.1036830e-01   1.8157976e-01   1.4599724e-02   2.7047239e-01   4.0006752e-02  -7.3940690e-03   3.2284856e-01  -5.4336124e-02   2.9388595e-01  -1.0561737e-02  -2.2096215e-02  -5.0542280e-02   5.8935857e-02   6.1312314e-02  -1.5919378e-01   2.1401892e-01   1.2879881e-01  -1.2343489e-01  -8.0706981e-03  -1.3804912e-01  -1.1087353e-01   1.6836608e-01  -6.7918407e-02  -5.3989510e-03  -5.7954727e-02   2.2794293e-02  -2.1258598e-01  -2.2707491e-01   2.8975998e-02   2.8919243e-02  -5.8394295e-02   1.1072827e-01   3.1048516e-01  -3.1855865e-01   4.3850921e-02   1.1552842e-02   3.7134759e-02  -5.3889308e-02   3.1214020e-01   1.3048630e-01  -5.9914432e-02  -7.8822964e-02  -8.2722731e-02  -1.1407939e-01  -2.0435879e-02
  -1.4592168e-01  -1.0201264e-01   1.4064338e-01  -3.8089512e-02  -9.1213971e-02  -1.1287455e-01  -6.6011571e-02   1.5601642e-01   1.6617807e-01   1.1700416e-01   5.4813756e-02   1.1198391e-01   9.7301984e-02   1.9488783e-01   2.0887206e-01   8.9285035e-02  -1.1950238e-01   2.3733002e-02  -7.3936039e-02  -1.3103813e-01   9.8094605e-02  -2.7395971e-02   1.1865156e-01   5.3217422e-02   2.6155172e-01  -4.2044157e-02  -3.0240208e-01  -1.2375009e-02  -1.5916527e-02  -8.0854583e-02   1.8473085e-02  -2.8224140e-01  -2.3956520e-01  -2.0861290e-01  -1.8420462e-01  -1.3092445e-02  -2.2219665e-01  -2.2197974e-01  -5.9800465e-02   1.8936304e-01  -7.0863619e-02  -1.6076530e-01  -2.0882086e-01   5.7355650e-02  -7.7407285e-02   1.2238829e-01   1.8520251e-01   4.6096039e-02   1.4079731e-01
  -1.2976565e-01   5.5100507e-04   7.7852832e-03   2.8226221e-01  -2.0730741e-01   1.3262637e-01  -5.8395596e-02   4.4994222e-02   9.2538096e-02   6.5406170e-02   1.9654566e-01   1.1331159e-01   5.8946204e-02   3.5528908e-02  -1.7286854e-01  -9.8694155e-02  -1.4940619e-01  -8.8000278e-02  -6.0462205e-02   1.3005639e-01  -7.0377733e-02  -8.9958792e-02   1.2179888e-01   3.2025254e-01  -2.1915807e-01  -6.5424112e-02   1.2444837e-01   1.6781423e-01   5.7495910e-03   1.0501743e-01  -4.0393311e-02  -8.0381882e-02   6.7160982e-02   3.7543078e-02   3.6200034e-01   1.9547092e-02  -2.1760175e-01   6.8397155e-02  -2.6896714e-01   1.6310911e-01  -2.0168733e-01  -4.7560597e-02  -1.5775936e-01   1.8013324e-01   4.5863192e-02  -6.3190299e-02  -1.7592973e-01  -7.4477312e-02   3.6999183e-02
  -1.4028727e-01  -3.7502506e-02  -2.0130091e-01   1.1629872e-01   9.1232651e-02   1.8063605e-01  -5.6989971e-02  -2.1175944e-03  -1.6445741e-01  -4.5198787e-02  -6.9082966e-02  -3.4534838e-02  -1.9702849e-01  -1.3594992e-01   6.0417933e-02  -1.2953062e-01   2.3071458e-01   1.0237083e-01  -8.9206875e-02   1.1739499e-01   1.0679665e-01  -3.1086752e-02  -1.0684648e-01   2.8407578e-01   1.7950889e-01  -8.5301501e-02  -1.5155325e-01   5.8994647e-02   1.7584057e-01  -1.9199539e-01   1.5013615e-01  -1.8690059e-01  -2.4264387e-01   1.6719344e-01   1.0089464e-01  -2.8351193e-02  -1.5529188e-01   3.4264027e-02   1.7950645e-01  -2.7305910e-02  -4.1412441e-02  -4.5183278e-02   3.2650200e-01   1.0931829e-01   2.8186667e-01   1.3514119e-01   4.9387994e-03   1.0829832e-02   1.0247408e-01
  -1.2353011e-01   1.5859656e-01   4.8910846e-02   1.3253726e-01   7.9880938e-02   1.2790655e-01   3.8588568e-02   1.1091010e-01   1.0728343e-02   2.5683552e-01  -1.6070003e-01   1.3718624e-01  -2.9797814e-02   6.2447367e-02   3.0723753e-02  -7.9006251e-02  -1.2355948e-01   1.4429498e-01   9.1792192e-02   8.2842948e-02   2.2380971e-01   2.1552318e-02  -2.7501088e-01  -1.7488865e-01   1.8838536e-01  -2.3110876e-01   1.4915553e-01  -2.9689903e-01  -4.4059740e-02   1.7877527e-01   1.2921472e-01  -9.8365377e-02   2.3909109e-01   1.6399528e-01  -1.5279929e-01  -7.5845722e-02  -8.8966584e-02   3.8232835e-02  -1.1385663e-01   1.3356602e-01  -1.3879390e-01  -5.2678432e-02   3.0130024e-02  -1.6444336e-01  -1.8339928e-02   1.7266046e-01  -2.4376594e-01  -9.8472988e-02  -1.0043016e-01
  -1.4377003e-01  -2.4210914e-01   5.8592662e-02   2.1044618e-01  -6.1395899e-02  -2.1528517e-01   3.4483095e-01  -5.7247068e-02   9.3070622e-02  -8.3598826e-02   1.6606202e-01  -1.0053548e-01   1.3019574e-02  -6.2306200e-02  -1.3605157e-01   8.8218896e-02   1.7317531e-01   5.0740595e-02   7.7048604e-02  -4.1223832e-02   6.3988137e-02  -8.2354313e-02  -1.2280820e-01  -2.1375318e-01  -1.1925338e-01   8.5124619e-02  -1.1773902e-01  -3.6116257e-03   3.4570247e-01   6.1661932e-02   2.7624077e-01  -1.8194873e-01   5.1718793e-02   2.1433964e-01   1.3676910e-01  -1.0416879e-01   5.1707928e-02  -1.0875167e-01  -7.8326318e-02  -4.7341127e-02  -2.0842915e-02   4.2579974e-02  -8.0427624e-02  -2.0168099e-01  -1.5035563e-01  -9.1773975e-03  -3.4087953e-03   1.1726250e-01   2.2404759e-01
  -1.4151598e-01   9.0811391e-02  -3.0587575e-02  -6.3460970e-02   1.5676266e-01  -1.9363983e-01   3.4971025e-02   7.8121658e-02  -1.6756863e-01   9.4706606e-02   1.1662690e-02   3.8924032e-01   1.9722743e-01  -7.8169056e-02  -2.5234792e-01  -2.2631264e-02   2.2217761e-01  -2.3832220e-01   8.6421076e-02   7.9340988e-03  -2.2607532e-01   1.5587584e-01   2.1092176e-02  -7.2529921e-02  -1.1590138e-01  -9.7376768e-02  -8.4704608e-02  -2.0438198e-01   6.4362980e-02  -1.1865952e-01  -2.4827324e-01  -1.7432558e-01  -1.2259417e-01   7.7022468e-02  -4.3857127e-02  -3.1612946e-01  -3.1145503e-02   2.4270214e-01   1.2401397e-01   4.6447305e-02   1.2189030e-02  -6.1000954e-02  -7.8304964e-02   7.4609136e-02  -3.6692528e-02  -2.1591654e-02   4.0290586e-03  -6.9420893e-02   1.0227669e-02
  -1.3972676e-01   9.3165347e-02  -2.4380571e-01  -6.4991118e-02  -1.3478446e-02  -1.1965247e-01   1.3662023e-01   2.6943837e-02   1.9846740e-01   2.1802614e-01   5.3999108e-02  -1.0529427e-02   2.1178271e-02   2.4006197e-02  -2.9581606e-01   1.9677267e-01  -1.6806186e-01   2.9878858e-01  -1.0077406e-01   2.7923578e-03  -2.1662737e-01   1.8682795e-01   1.9555511e-01   1.9905036e-01   1.2228769e-01  -4.2975602e-03  -1.3904872e-01   4.0913773e-02   2.1723554e-02  -2.0191382e-02   1.4384755e-01   2.5458971e-02   1.9886792e-01  -3.0943315e-02  -1.6801342e-01  -5.5653133e-02   6.1700545e-03  -4.1501935e-02   2.5169652e-02  -5.2571337e-02   2.7947487e-01   2.8908073e-01   7.1746891e-02   4.9004995e-02   1.4786019e-01   4.0484055e-02  -1.7243899e-01  -8.3864907e-02   7.0554870e-02
  -1.3873969e-01   3.5780799e-02   2.5735587e-01  -2.4806701e-01  -4.9562739e-02   1.8787373e-01   5.6219222e-02   3.1199973e-02  -1.7036325e-01  -1.1926100e-01   1.3665058e-01   8.5365141e-02  -1.8523080e-01  -1.7122240e-01  -6.9101586e-02   7.3884781e-03  -2.3837955e-01  -1.5202433e-01  -1.5823928e-01  -1.6012831e-01   1.5713980e-01   7.4132807e-02   2.2014091e-02  -1.2152825e-01  -1.6289457e-01  -7.3529147e-02  -2.3519784e-01  -1.3775534e-01  -1.0501278e-01   2.1074329e-01   1.0695816e-01   2.2214571e-01  -1.4007900e-01   8.3776830e-02  -2.6875362e-02  -1.4036184e-01   4.8346457e-02  -3.9818046e-02  -1.2217538e-01  -1.0283830e-02  -5.0003476e-02   1.5232129e-01   6.4494940e-03   5.1367330e-02   3.1711402e-01   1.6997111e-03   1.1289388e-02  -7.4228647e-02   2.7022623e-01
  -1.5280257e-01  -2.0526910e-02   2.6009337e-01   6.5247495e-02  -5.3352972e-02  -1.0492540e-01  -3.4392961e-01  -1.6799645e-01   6.1521546e-02  -1.2767845e-01  -2.8942160e-01  -1.6386520e-01   1.2877123e-01  -2.7647452e-01  -1.7777961e-01  -1.1354323e-02  -2.3053320e-01   3.6716340e-02   1.2216988e-01   1.2214264e-01  -5.8312616e-02  -1.0061928e-02   1.1174245e-01   1.0404538e-01   1.4420117e-02  -7.8168177e-02   1.7972500e-01  -1.7794982e-02  -3.0106047e-02   9.0779677e-02  -1.1894528e-01  -3.0041206e-01   1.9639332e-02   1.1059872e-01  -1.9747813e-01   1.3208918e-02   1.0636304e-01  -5.5349188e-02   9.9919078e-02  -1.8917457e-01  -1.4097700e-01   8.6921170e-02   4.3423944e-02  -2.1507895e-02  -6.6909889e-03   1.8075427e-02   9.3854434e-02   9.8218871e-02   2.5362850e-01
  -1.4314800e-01   3.0396814e-02   8.6417876e-02   9.5120083e-03   6.4044104e-02   2.2439493e-01   5.6330241e-02   4.0940768e-02  -3.7820825e-02  -1.3358752e-01  -1.8506173e-01  -2.2092817e-01   2.2865605e-01   1.4596807e-01   2.3577340e-03   3.9793015e-01  -8.9139609e-03  -8.4664800e-02  -1.3466280e-01   6.1029089e-02   8.2992226e-02   8.6923468e-02  -1.7548801e-01  -1.1965030e-01  -6.9411449e-02  -2.4945280e-02  -2.6393779e-02   1.8175729e-01   1.5121226e-01  -6.6243909e-04  -1.9798897e-01   4.6832010e-02   1.6834464e-01  -1.4414784e-01   1.1387712e-01  -5.1008165e-02  -9.8698651e-02   1.2707991e-01   2.9160683e-01   1.7606111e-01  -6.4986338e-03   1.0072322e-01  -1.5756073e-01   8.2177005e-02   1.2679614e-01   2.5840631e-01  -1.0285328e-01   2.0270758e-01   4.9545234e-02
  -1.4898412e-01   6.9419959e-02  -2.9880726e-02  -8.8016741e-02   9.7805958e-02   1.5500617e-01  -7.9913344e-02   7.9856249e-02   4.5601350e-02   3.4422399e-02  -1.1260650e-01  -1.5584861e-01  -2.0059418e-01   9.2156559e-02   3.3308906e-01  -2.5616302e-02  -1.4949693e-02   1.3222008e-02  -3.8953570e-02   3.2681052e-01  -3.4218125e-01  -9.7457994e-02   1.0874740e-01  -1.0753834e-01  -2.6044214e-01   2.3764688e-01  -2.2439965e-02  -1.6972053e-01  -1.1328613e-02  -3.5349329e-03   5.2604483e-02  -7.9371108e-02  -1.4508367e-01   1.6700011e-01  -7.8393306e-02  -4.5085425e-02  -1.6816477e-01   1.5165661e-01  -1.7502151e-01   1.0510446e-01   1.7520848e-01   2.1867587e-01  -4.9502165e-02  -3.2934560e-02  -2.0108074e-01   4.3425386e-02  -1.4766721e-02   9.3171961e-02   1.1204583e-01
  -1.4128424e-01  -1.9174776e-01  -2.2247854e-01   2.6721409e-03   7.5037293e-02   4.4833423e-02   2.9564710e-01   9.0911813e-02  -5.2369326e-02   1.1808094e-02  -5.9283073e-02   1.0145196e-01  -1.0506115e-01  -1.1976124e-01  -8.9831530e-02  -1.2366853e-01   1.0389558e-01   2.5091490e-01   4.4174872e-02   1.1927493e-01   1.5071155e-01   4.4519766e-02   1.7605910e-01   6.9315601e-04  -1.4803890e-01   1.5604834e-01   1.5665945e-01   4.6712575e-02  -3.2403989e-01  -4.4965636e-03  -9.3451790e-02   5.0722191e-02   1.5150931e-01  -2.3470926e-01  -7.9637571e-02  -2.5949634e-02   6.5199256e-02   9.7318615e-02  -2.1132223e-02   1.4053054e-01  -2.3151594e-01  -4.5152121e-02  -1.7915353e-02  -4.7303307e-02   1.1089660e-02   2.1426089e-01   3.4032120e-01   1.0153468e-01   2.0185976e-01
  -1.2869288e-01   1.2708230e-01  -2.4263811e-01   1.6744636e-02  -1.6781842e-01   7.7828801e-02   7.7889935e-02   3.6202735e-01  -9.7381717e-02  -1.1984133e-01  -1.9466094e-01  -4.3625969e-02  -1.6256999e-01   1.4090533e-01  -1.1885352e-01  -5.3942124e-03  -9.9118785e-02  -2.1325298e-01  -6.1467451e-02  -1.4739325e-01  -1.7419063e-01   2.3247600e-02  -1.0243739e-01   7.7087759e-02  -2.2415012e-02  -4.0595154e-02  -6.2592544e-03   2.6851939e-02  -1.1732188e-01   3.2245639e-01   2.2172098e-01  -8.6416574e-02   2.4172307e-02  -3.0722186e-02   3.4736762e-02   3.8312732e-02   3.7424025e-02  -4.9323573e-02   2.9446119e-01  -1.9019974e-01   3.0603027e-02  -2.3906416e-01   9.4774844e-03   5.2432446e-02  -3.0996913e-01  -6.5091805e-02   8.3744528e-02  -5.6853918e-03   8.9942336e-02
  -1.4050920e-01  -9.6702133e-02   3.3958065e-02  -1.3772199e-01   1.9372527e-01  -1.0715096e-01  -2.1901722e-02  -9.9478353e-02   8.8730425e-02   4.4683397e-03  -5.6828799e-02  -6.6273733e-02  -1.8096979e-01   1.7576362e-01   1.1476725e-02  -2.6509738e-01   2.4977304e-01   1.6458762e-01  -1.9463618e-01  -1.7319227e-01  -1.4123729e-01   2.9398848e-01  -1.9638792e-01   1.3030555e-02  -4.6295649e-02   7.7985349e-02   5.0149066e-02   1.9499432e-01  -1.1188235e-02   2.0171339e-01  -1.9886654e-01  -8.1041271e-03  -5.8095009e-02   1.2212537e-01  -1.2486305e-01   4.1187260e-02  -4.6309160e-02  -2.3734466e-01   4.2779591e-02  -3.8974768e-03  -3.0400997e-01   9.6375518e-02  -1.9606023e-01   1.0955068e-01   1.9898464e-02  -1.1614487e-01  -2.1455461e-01  -3.9738065e-02  -2.4994211e-02
  -1.4318413e-01  -7.1841462e-02   3.0069688e-01  -5.5529017e-02   2.6500805e-01   5.0081107e-03   3.4535546e-03   3.8232026e-03   3.1482426e-01   9.4332523e-02   7.3651840e-02   1.0041781e-01  -3.7311808e-02   1.4448619e-01  -1.3008730e-01  -2.0197078e-01  -1.0475493e-02  -1.8154284e-01  -7.7829735e-02   7.7097135e-02  -1.2999613e-02  -1.0741225e-01   7.8918100e-02   1.3561735e-01  -2.2172060e-01  -1.2060526e-01  -1.4381254e-02   1.2893967e-01  -1.1859249e-01  -4.5615810e-02   2.6071975e-01   5.0579767e-02  -3.8463814e-02  -1.1825250e-02  -2.0021450e-02  -1.7418592e-02   6.5564108e-02   8.4886720e-03   2.2715176e-01  -9.5480648e-02   7.5103294e-02  -6.9413242e-02   5.5037979e-02  -2.5035647e-01   8.9074024e-02   1.9567199e-01   1.7577671e-02   2.7155216e-01  -3.0755777e-01
  -1.3200133e-01   2.7064283e-01   1.6505956e-01  -2.2941173e-01   1.2638655e-01  -1.0101863e-01  -8.7680834e-02   6.2863573e-02   3.8206317e-02  -1.9507594e-01  -3.7905194e-02  -2.5837734e-02  -1.5516653e-01  -1.9716435e-01  -8.3273720e-02  -1.1290068e-01  -1.5194204e-02   2.1064669e-01  -1.0269596e-01  -1.1838672e-01   3.0243306e-02  -2.1707179e-01   1.3002309e-01  -3.1217958e-02   5.8491965e-02   1.5728055e-01  -1.9627042e-01   3.8368624e-02   1.3204337e-01  -2.2107024e-01  -1.7085994e-02   5.1711033e-02   3.2588785e-01   6.7615173e-02   1.3463459e-01   1.2968832e-01  -9.6128344e-02   1.8106256e-01   3.5518669e-02  -3.9378733e-02  -4.2741049e-02  -2.8592676e-01  -1.8783416e-01  -1.8864387e-02  -1.3700580e-01   1.1713594e-01  -7.4222117e-02  -2.1689387e-01   7.7790076e-03
  -1.4227857e-01  -1.6283715e-01   2.4070334e-01  -1.7803636e-01  -1.1372274e-02  -1.3438069e-01   1.5381699e-01   1.4270059e-02  -3.1808492e-01   1.3017316e-01   1.3611857e-02  -1.0146801e-01  -8.1603910e-03   4.9668282e-02   5.1531070e-02   9.0433939e-02   8.1936246e-02   1.1633347e-01  -8.2142924e-02   2.9998066e-01  -3.6762923e-02   2.5652812e-02   9.1815492e-02   2.3844669e-01   7.8345884e-02  -1.3947500e-01  -1.2400593e-01  -2.2498681e-01   2.1889929e-01   3.1822065e-01  -7.3888194e-02   1.6331973e-02   1.0205208e-03  -2.4844969e-01   1.1971954e-01   2.2077228e-01   5.2445679e-02   1.4299377e-01  -5.4850300e-02  -1.6139283e-01  -1.0943731e-01   1.6809972e-02   5.6130523e-02  -5.1044714e-02  -7.9601975e-02  -5.8973722e-02   4.5709248e-02  -3.5760413e-02  -2.0138435e-01
  -1.6021103e-01  -1.5525492e-02  -1.3896328e-01  -2.3574736e-01  -6.9047026e-02  -1.2555852e-02  -3.0411646e-01  -5.3898276e-02  -9.1931742e-02  -5.2458255e-02   4.3162187e-02   1.3983145e-03  -1.0687377e-01   2.2323243e-01  -7.3718762e-02  -3.5206136e-02   7.7962670e-02   4.5949592e-02   9.7949635e-02   1.2685713e-01   4.8030334e-02  -1.4000668e-01   2.4410838e-01  -1.9671656e-01   8.3262217e-03  -2.6599268e-01   8.5690856e-02   9.5704397e-02   2.6893292e-01  -1.8653749e-02   1.2494538e-01   1.8887227e-01   1.8491437e-01  -9.3671508e-02  -5.1744911e-02  -3.1574121e-01   1.5239352e-02  -1.7279931e-01   1.5830550e-02   2.0121041e-01  -1.2720016e-01  -4.5494707e-02   1.6674086e-01   1.0275729e-01  -8.9621837e-02  -2.1423080e-01   2.2405773e-02   1.5815782e-01   1.7830284e-02
  -1.4192796e-01  -2.3441125e-01  -1.1222988e-01   9.1544733e-02   7.8321636e-02   6.9796295e-02  -1.4218882e-01   1.6441004e-01   1.4321681e-01  -8.8647184e-04  -1.3284252e-01   7.7395450e-02   1.1081936e-01  -7.9000661e-02  -2.4429939e-01  -1.8214908e-01  -1.3241300e-01   1.5330245e-02   1.7916388e-01   7.8269881e-02  -5.7527907e-02  -3.6295007e-02  -1.8287360e-01  -1.6019276e-01   9.6019406e-02   1.1715586e-02  -2.3032956e-01  -1.6307275e-01   6.9199260e-02  -6.4749402e-02  -1.3920527e-01   4.0143821e-01  -8.7361393e-02  -1.0727654e-02   1.9134868e-01   1.8333243e-01  -1.8038785e-01  -2.1313247e-01  -3.1469740e-02  -1.3512726e-01  -8.1103366e-03   2.0957475e-01   1.1662460e-02   1.2462824e-01  -1.4282861e-01   1.0075925e-01   1.3581058e-01   3.2925506e-02  -8.3569676e-02
  -1.5363627e-01  -1.8543708e-01  -5.3162012e-02  -1.0480515e-01  -2.6868705e-01   9.2212059e-02  -1.2814860e-01   1.2557516e-01   7.3806028e-02  -6.5880896e-02  -2.0781136e-01   6.0623834e-02   1.6885670e-01  -3.6242113e-02  -6.4704074e-02   2.2005424e-01   2.5235821e-01   1.2788413e-01  -1.7653111e-01  -1.8994931e-01  -8.4599864e-02  -8.3091784e-02   9.6465951e-02   4.1143347e-02   1.1852272e-01   1.0313825e-01   6.3315613e-03  -1.4197322e-01  -1.3570877e-01   2.9783610e-02   2.0516797e-02   9.5785401e-02  -8.3898660e-02   3.1337398e-01   2.5517415e-02  -3.1551114e-03   2.6597475e-01   9.9078964e-02  -2.4868558e-01   5.3795704e-02  -3.7872541e-02  -1.7366630e-01  -4.6047210e-03   1.0341785e-02   9.6365400e-02   4.3755099e-02  -1.0087807e-01   2.7485437e-01  -2.2418055e-01
  -1.4816348e-01   1.4461514e-01   7.3179171e-02   2.2571404e-01  -3.5556201e-02   1.7554441e-01  -4.1252059e-02   1.0493905e-01  -9.9527782e-02  -1.2520083e-01   2.9511943e-03   1.1810143e-01  -4.5495205e-02  -1.7237597e-01   1.2743125e-01  -7.5763224e-02   9.3748823e-02  -1.5280756e-01   5.6215865e-02   6.3128735e-03   1.9159277e-01   3.4295260e-01   2.6914807e-01   5.6370480e-02   1.8829531e-01   2.3732418e-01  -7.1526086e-02   8.6965440e-02   1.0099709e-01   3.6687271e-02   9.3207775e-02  -7.2723050e-02   2.0483007e-01   5.1386684e-02  -4.6740945e-02  -9.8673754e-02  -3.8683295e-04  -8.6525341e-02   6.6231789e-03  -3.4041945e-02   2.8260371e-02   2.8803144e-01  -1.8404864e-01  -2.3841937e-02  -6.3418589e-02  -1.3533995e-01   1.5793792e-01   9.3756923e-02  -3.5776204e-01
  -1.5985602e-01   1.8058255e-01  -3.6693155e-02  -4.2837292e-02  -1.4392757e-01   2.4656883e-01   1.1302811e-02  -2.8136365e-01  -5.8194477e-02   9.7230943e-02  -1.2283078e-01   2.4643157e-01   3.1115658e-01   2.0250641e-01   8.8176265e-02  -1.9642863e-01   8.0869759e-02   1.2978607e-01   1.2933545e-01   2.4442895e-02   3.7741082e-02   4.8629508e-02  -2.4984073e-02   1.0547484e-01  -1.6134509e-01   5.5066980e-02  -4.7138332e-03  -9.2572335e-03   2.4676327e-01   3.2882110e-02   1.0981613e-01   1.5703237e-01  -3.2937102e-02   5.9100616e-02  -1.0134843e-01   2.7385514e-01   1.4083977e-01  -4.6210058e-02   7.8981759e-02  -3.4105724e-02   1.8731254e-01  -1.4613456e-01  -2.2477912e-01  -8.4502584e-02   1.0500047e-01  -4.9712939e-02   1.3237925e-01  -5.6460853e-02   2.3099794e-01
