  -1.4689296e-01   5.8992645e-02  -1.0455021e-01   4.7251239e-03  -4.0085948e-02   2.6341309e-02   3.0301568e-01   1.2899689e-01  -8.1511635e-02   1.5211956e-01   1.5059064e-01   6.5765778e-02   1.3670064e-01  -1.2502511e-01   1.1042292e-01   3.0086773e-01   1.1554789e-01  -1.7550149e-02   7.1040230e-02  -1.5817937e-01  -6.6508545e-04   3.2413851e-02  -9.1884320e-02   1.1468027e-02   2.5472065e-01   1.4246205e-02   4.9387485e-02   1.4545780e-01   7.2768889e-02   2.5908123e-02   5.7863066e-02   3.8749587e-02   1.8349014e-01   1.4453770e-01  -7.3990032e-02  -3.0099775e-01   3.5421631e-01  -2.3601695e-01   1.3573684e-01   6.4464887e-02   9.6637654e-02  -8.7380378e-02   6.0569403e-02   1.1543406e-01   2.8884064e-01   4.9011976e-03   9.1857713e-02   6.7192249e-02  -1.4764119e-01
  -1.3782974e-01   2.0241176e-01  -1.9948080e-01   1.8373205e-01   2.6925017e-01  -2.1507650e-01   6.6353651e-02   2.2912790e-02   2.2731741e-02  -7.6433124e-02  -1.6579156e-01   5.8480402e-02  -2.5977050e-02  -1.0176653e-01  -1.7019493e-01   1.3546712e-01   1.9085315e-01  -3.0590755e-02  -2.8802551e-02  -1.4020530e-01   6.4493278e-02  -7.5496953e-02   8.7832347e-02   7.6734368e-02  -1.6635778e-01  -2.1161442e-01   5.2307317e-02  -2.0789857e-01  -1.4829998e-02   2.7869627e-01  -2.2228259e-01   2.4003689e-01   2.6121251e-02  -2.5758527e-01   1.5613895e-01  -5.3169755e-03   9.7182246e-02   1.0550963e-01  -1.7529144e-01  -5.3861833e-02  -4.3591926e-02   1.8606721e-01  -5.4338010e-02   3.8032358e-02   8.8119927e-02  -6.8065848e-02  -4.5035526e-02   1.5722758e-01  -1.9191806e-01
  -1.5471189e-01   2.8524683e-01   1.4530701e-01   1.0854899e-01  -3.1419626e-02  -2.2133613e-01   4.2637447e-02   1.0645535e-01  -3.0479098e-01   9.4944888e-02  -2.1075166e-02  -1.5967918e-01  -3.0083237e-02   9.1249028e-02  -1.0209282e-01   5.7946158e-02   2.7000320e-02  -5.0352717e-02  -1.6452809e-01  -2.1632104e-01  -1.2248796e-01  -2.7215226e-01  -2.6867300e-02   2.9406712e-02  -2.1563342e-01   1.3900380e-02  -1.2028726e-01  -9.2991180e-02   2.8073900e-02  -1.3585932e-01   2.0202043e-01  -8.6922658e-02   2.7232057e-01   1.6412333e-01  -3.0321012e-02  -6.9628090e-02  -8.2893897e-03   2.3096425e-01   1.5111604e-01   8.1985309e-02  -1.7945065e-01  -5.2692403e-02   1.1552990e-01   4.6222466e-03  -1.4665000e-01  -1.3632753e-01  -6.6350111e-02  -2.3132533e-01   8.0097761e-02
  -1.3813317e-01   4.9362905e-02   1.2539275e-01   1.4035952e-01  -1.0688882e-02   1.3362053e-01  -1.3260534e-01   1.0191745e-01   1.0128285e-01   7.5257523e-02   2.0347190e-01   3.5879801e-02   3.1269278e-01   3.1330108e-01  -1.0690411e-01   1.9744676e-01  -1.6213683e-01   1.0053918e-01  -1.2372022e-01  -1.0933528e-01  -1.7139711e-01   2.4984435e-02  -1.9213729e-02  -1.0646501e-01  -1.1873374e-01  -1.1138180e-01   6.5023225e-02   1.4171370e-01   1.9438302e-01   1.4259008e-01  -6.4494860e-02   1.7661923e-01   2.1387709e-02   1.1812265e-01   4.5171003e-02   1.0924881e-01  -8.4247155e-02  -1.0911909e-01   4.1018139e-02  -8.0464680e-02  -7.1422122e-03  -1.0338669e-02  -1.9676467e-01   1.4437999e-01  -1.7754363e-01   3.2845543e-01  -2.6929063e-01   1.2243039e-01  -1.8269262e-02
  -1.4956459e-01   2.2051733e-01  -2.2970183e-01  -1.0674571e-01   5.6137710e-02   1.7982751e-03  -2.5024658e-01  -5.4486404e-02  -6.0346173e-02   9.9999318e-02  -1.6259858e-01   1.5333472e-01   8.8636736e-02   1.9891280e-02   1.7658523e-01  -1.7801350e-01   1.2250635e-01   1.5195514e-02   2.1468599e-02   1.6266173e-01  -1.5846535e-01  -4.0053743e-02   1.1929272e-02  -1.1175411e-01   8.3481202e-02  -2.9957597e-02  -1.1208304e-01   5.4396743e-03  -9.8974691e-02  -1.7058798e-01  -1.5043353e-01  -8.6146960e-02   1.9465316e-01  -1.9759672e-01  -5.8041126e-02  -2.3267917e-01  -1.4760820e-01  -2.4334146e-01   2.4716537e-01  -9.2746320e-02  -5.5481814e-02  -8.8807970e-02  -2.3067058e-03   6.9685655e-02  -2.9422501e-01  -1.0251058e-01  -6.9735274e-02   2.7659643e-01  -1.0517255e-01
  -1.4245286e-01  -5.8232854e-02  -1.6716792e-01   9.9711185e-02  -1.2417065e-01   2.8914356e-01   2.4321000e-01  -4.4765311e-02  -5.0135002e-02  -1.5817798e-02   1.3878045e-01  -5.0153800e-02  -1.8739552e-01   2.2096278e-01  -1.9577008e-01  -1.5588275e-01   1.4631192e-01  -2.4522823e-02   1.2721754e-01   6.6553236e-02   1.1078664e-01  -2.9719220e-01   6.1547605e-02   6.4311511e-02  -1.9938761e-02   1.2366356e-01  -2.3321992e-01   9.4343600e-02  -1.6377556e-01  -1.9486364e-01   1.2192101e-01   2.1808093e-01  -4.8248066e-04   3.8860331e-02   2.7853586e-01   1.8040004e-01  -4.0875503e-02  -1.2034136e-01   4.7895914e-02  -2.3553178e-01  -2.3329805e-02  -2.0014764e-02   1.0445345e-02   3.3750795e-03   9.1086304e-02  -5.4253137e-03  -9.6944594e-02   5.5523676e-02  -2.0583917e-01
  -1.4208322e-01  -6.4531714e-02   8.9833017e-02   2.3562006e-02   1.9436718e-01   2.2265957e-01  -1.1763511e-01  -1.5101050e-01  -2.0497431e-01  -1.7160607e-01   1.2106585e-01  -3.4683913e-02   3.0482135e-02   2.1949246e-02   6.6388335e-02   6.1785742e-02  -1.7272205e-01  -2.0774441e-01   4.3479798e-02  -1.2084078e-01  -4.0372968e-02   1.4648562e-01  -1.2437091e-01   1.4298526e-01   1.6253216e-01   3.6024928e-02  -9.3784450e-02  -6.2755632e-02   3.2833159e-01   2.1049508e-02   1.6415432e-01  -1.3621294e-01  -1.5630625e-01  -3.4334586e-01   1.2268321e-01  -1.2025356e-01   5.3661467e-02   1.0513355e-01  -7.1661726e-02  -2.7942321e-01  -7.7519093e-02  -1.2271768e-01   7.7627056e-02   1.6891642e-01  -4.3168628e-02  -1.8075225e-01  -8.9365882e-02  -1.2040681e-01  -1.4753242e-01
  -1.3064170e-01  -1.0190550e-01   1.4628446e-01   2.9849406e-01  -6.9304800e-02   1.6307356e-01   4.6604186e-02   9.4711440e-02  -9.2329389e-02  -8.6069557e-02  -3.9060663e-02   1.6128619e-01  -6.4136373e-02   1.2774050e-02   3.8116808e-02  -8.2253633e-03   1.2224249e-01   1.9167643e-01   8.2494102e-02   1.6950943e-01  -1.8049882e-02  -7.1872742e-02   1.8446558e-01  -2.1505791e-01  -2.8188877e-02  -2.4354426e-01  -4.6847646e-02   4.0734370e-01  -1.0643325e-02   1.4380345e-01  -7.8680616e-02  -1.2814047e-01   6.8068395e-03  -5.8224281e-02  -6.8077514e-02  -1.1743745e-01   3.6095310e-02   2.8450692e-01   4.4158137e-02  -1.8136909e-01   2.4666168e-02   7.5754326e-02  -4.9184661e-02   1.5470485e-01   5.2175744e-02  -2.2554319e-01   1.4347385e-01  -4.1390235e-03   2.8243380e-01
  -1.5054309e-01  -1.4610964e-01  -1.8923523e-02  -1.5229495e-02   5.7509256e-02  -2.0164362e-02   3.4699379e-01   1.2184362e-01   3.6237756e-01   8.7355682e-02  -3.7163157e-02  -4.9907212e-02   1.6399858e-01  -1.1310318e-01  -8.0635426e-02  -5.4791925e-02  -1.9676496e-01  -5.4693626e-03   1.5777403e-02  -5.5703675e-02  -7.7115233e-02   1.4099852e-01  -9.3106164e-02  -8.1215440e-02  -3.0799589e-02  -1.3157579e-01  -1.0563858e-01  -1.3534608e-01  -1.8812405e-02  -1.1449042e-01  -1.4794872e-01  -3.5075177e-01   1.0926817e-01   2.0898965e-02   4.0703866e-01   2.0059529e-02  -7.4250557e-02  -1.2552636e-02   1.7687687e-01  -5.9425189e-02   1.4795679e-01   2.0847141e-01   8.4153717e-02   1.1217418e-02  -7.8517617e-02  -1.4003115e-01  -6.2145802e-02  -1.0510137e-01   5.4102717e-02
  -1.3399041e-01  -3.4811072e-02   3.0306337e-02  -3.9303976e-02  -1.1537618e-01  -9.0452183e-02   1.3092997e-01  -9.9496672e-02   6.5704525e-02   5.1520730e-02  -2.4991810e-01  -3.3366345e-01   1.0176092e-02   1.5240142e-01   4.8800921e-03   9.5453121e-02  -5.2398996e-02  -1.2669156e-01  -2.4070924e-01   1.8683172e-01  -1.8300819e-01   2.2710401e-01   2.8026229e-02  -1.6642538e-01  -3.2082683e-02   3.5504774e-02   1.5942983e-02   1.4378249e-02   1.2837735e-02  -1.6941467e-01   6.5156511e-02   6.4742225e-02  -2.0351834e-01   7.8707294e-02   1.3110398e-02   8.4108254e-02   3.2790016e-01   1.3761227e-01  -7.7649570e-03  -6.3013841e-02  -1.7725428e-01  -8.3015892e-02  -1.5817994e-01  -2.1341642e-02   7.0865011e-03  -1.8690955e-01   1.2631511e-01   3.8452094e-01  -5.8559631e-02
  -1.3513077e-01   8.5288147e-02  -1.7154859e-01   1.1265413e-02  -3.5303125e-01   4.9127908e-02  -3.5836081e-02  -9.4470689e-02   1.0735924e-01  -1.3939060e-01  -1.2818861e-01  -4.8778761e-02   4.6663129e-02  -1.9027836e-01  -1.9307951e-01  -1.2859756e-02   1.7220740e-01  -6.4558104e-02   1.3490702e-02  -2.0538417e-01   2.6501212e-02   1.6725730e-01   2.8030682e-01   4.0583818e-02   2.3847291e-01  -2.6629573e-01   1.4480819e-01   4.5898860e-02   6.2727899e-02  -2.5787055e-01   4.3319582e-03  -7.6359900e-02  -1.4151956e-01   6.9625933e-02  -4.6115988e-02  -6.7789906e-02  -1.8165040e-01   4.6090970e-02  -1.0334963e-02   5.0302789e-02  -3.1331631e-01   6.5387582e-04  -4.4591926e-02   1.1574635e-01   6.9260322e-02   1.6607338e-01  -1.5134492e-01  -1.7745756e-01  -1.2357649e-02
  -1.6825967e-01  -1.4128570e-01  -6.4862912e-03  -4.5127673e-02   2.1604450e-01   5.4555687e-02  -1.9896090e-01  -1.3494356e-01  -1.0486906e-02  -9.9014521e-02   1.4632513e-01  -5.6841258e-02   6.9786372e-02  -1.5620646e-01   2.8448250e-01   2.2994997e-01  -5.7276257e-02   2.8020444e-02  -2.3763108e-01  -1.2310044e-01  -9.3958941e-02  -1.9148209e-01   3.8682368e-01  -3.6640371e-02  -2.9819715e-02  -5.1166649e-02  -1.0120641e-01  -7.1101639e-02  -3.6072833e-01  -2.2147406e-02  -4.3073369e-02  -5.3433869e-02  -1.4573339e-01   7.9367194e-02   1.8683947e-01   8.8903934e-02   4.6515539e-02  -1.0853216e-02   9.7390770e-02   8.6188247e-03  -1.7680819e-02  -1.4229743e-01   2.2468165e-01   2.4573566e-02   9.2198301e-02   1.7901315e-01   1.4054014e-01   1.1757737e-02   6.3293363e-02
  -1.5349352e-01  -5.6598085e-02  -3.1044926e-02   1.6115163e-01  -1.4163529e-01   7.9094000e-02   1.1768230e-01   1.1923978e-02   1.0840764e-01   2.7439477e-01  -1.4511411e-01  -2.0348012e-03  -1.0564975e-01  -1.6142516e-01   7.4069010e-02   2.3155880e-01  -2.3089798e-01   6.2720100e-02  -1.6946134e-01   3.5546122e-02   2.7197282e-02   6.1867901e-02   1.4714011e-01   3.6178080e-01   4.8565705e-02   1.2444695e-01   1.6071901e-01   7.4305486e-02  -2.5176183e-01   8.3071899e-02   2.5387142e-01   9.4409133e-02   5.5129668e-02  -1.4288833e-01  -2.0884637e-01  -5.3782142e-02  -1.7889330e-01   2.4717955e-02  -8.6752862e-02  -1.5629208e-01   1.5328100e-01   7.0075376e-02   6.7681417e-02  -6.6649325e-02  -2.3519438e-01  -8.7680719e-02  -1.6806175e-01   3.2653041e-02  -1.0407661e-02
  -1.4103119e-01   1.2893563e-01   2.8439295e-01   1.3981149e-01  -1.8475536e-02   3.6512876e-02   5.9567503e-03  -2.6924983e-01   7.2114843e-02   2.1285080e-01   1.3894425e-01  -8.2307508e-04  -8.0166742e-02  -3.7645084e-02   7.1111339e-02   6.6995163e-02   4.5238320e-02  -5.0163703e-02   1.1595652e-01   1.6204638e-01   1.7215069e-01   1.0364151e-01   1.5347676e-01  -2.1532881e-01   7.4340586e-02   1.2282316e-01  -2.7010703e-02  -1.0818988e-01   5.2545596e-02   9.9634924e-03  -5.4958343e-02  -1.1965697e-01   2.1085693e-01  -2.6311006e-02  -9.4012099e-03   2.0290726e-01  -2.1012764e-01   2.0188205e-01  -6.6788362e-02   3.5781533e-01   9.0496393e-02  -6.2629069e-02   3.0729466e-02   2.2689175e-01   1.1162456e-01  -3.8363911e-02  -6.6338483e-02   1.1071298e-01  -3.0805699e-01
  -1.6005885e-01  -1.9713033e-01  -2.3028081e-01  -1.2895280e-01   5.7468533e-02   1.4375820e-01  -9.0493131e-02   7.2112849e-02  -9.3713177e-02   1.9346689e-01  -3.1624228e-01   7.3900897e-02   3.2513649e-02   6.7550019e-02  -4.2108387e-02   6.4032365e-03  -6.9916804e-02  -5.5152647e-02  -2.8494698e-02   2.0275267e-02   1.0343116e-01   5.7734556e-02   1.7174138e-01   1.1335089e-02  -1.6449366e-01  -1.4300894e-02  -1.2738807e-01  -1.7885055e-01   3.7266561e-01  -1.5154827e-01  -4.4585393e-02   6.5819621e-02   2.5733467e-01   5.1865061e-02  -1.5530482e-01   7.2244136e-02  -6.5850833e-02   1.4640701e-01  -4.6432990e-02  -1.6522003e-01   2.3291794e-01  -1.3369137e-01   6.5412094e-02  -3.6718163e-02   2.6772731e-01   1.9500620e-01   1.1351317e-01  -1.1424642e-02   1.3779788e-01
  -1.3226234e-01   1.7256299e-01  -2.2832870e-02   3.6166788e-02   3.4385335e-01  -7.8108174e-02   2.4067419e-01   9.0554274e-02   2.0105341e-01   4.6805079e-02   2.3892232e-01   1.1777616e-01  -1.1633589e-01  -8.9657242e-02   3.3745830e-02  -1.4065632e-01   9.3904952e-02  -2.4475837e-01  -8.5092432e-02   3.7688183e-02  -1.2150574e-02   4.0724970e-03   6.0209411e-02   2.2016538e-02  -1.7989542e-01   4.1379942e-02   3.0389718e-02   3.3994529e-01   1.6576949e-01  -2.7184590e-01  -1.0314623e-01  -1.0136790e-01  -2.0153427e-01  -5.5069499e-02  -2.7083937e-01   6.5980956e-02   5.6711969e-02   4.8986677e-02  -1.1097799e-01  -2.3348302e-02   4.3094420e-03  -6.2949914e-02   1.6183876e-01  -1.4061218e-01  -1.4562566e-01   1.9406724e-01  -1.1345875e-02  -4.3748907e-03  -3.2635528e-02
  -1.2673548e-01   3.1869252e-02   2.4626761e-01  -1.0161423e-01  -1.3245422e-03   1.5211025e-01  -4.4521709e-02   9.0976618e-02   1.4753086e-01  -6.3412991e-02  -2.4432331e-01   1.8804405e-01  -3.1199413e-01   1.3201697e-01  -5.2550735e-02   4.5758489e-02  -1.3973596e-01  -2.9789851e-01   2.3649206e-01   9.9389344e-02  -1.3057556e-01  -2.0170839e-01  -2.2236308e-02   1.1718949e-01   4.1383928e-02  -3.1940292e-01   9.9515415e-02  -9.8199299e-02  -8.8405255e-02   1.2358976e-01   1.1439102e-01  -2.0788317e-01   1.0882890e-01   1.6666357e-01   3.5996729e-02  -3.7175594e-02   1.6686747e-01  -1.2110273e-01  -1.7193740e-01   5.7172863e-02  -7.2348582e-02  -8.3355545e-02   4.6956517e-02  -7.7912494e-03  -8.6094539e-02   1.7793063e-01   6.9662685e-02   9.2895269e-02  -6.8813243e-02
  -1.4769130e-01  -6.7744123e-02  -2.3148566e-01   2.7301316e-01   4.1689110e-03   1.7097731e-01  -9.0565787e-02  -5.7138446e-02  -5.0938785e-02  -4.2337503e-02  -8.3508631e-02   1.5604735e-01   1.0138858e-02  -2.3796412e-01   1.4337529e-01  -1.0596278e-01   1.3648448e-01  -6.7238116e-02  -1.8338516e-01   6.0322450e-02  -1.1212155e-01   1.5775434e-01  -1.4871580e-01   5.4851069e-02  -1.7036856e-02   4.8428877e-02  -3.1540547e-01   2.0221825e-02  -1.4248822e-02   1.4133909e-01   6.9379445e-02  -6.9989635e-02   7.9349540e-02   2.1963446e-01   3.3074583e-02   1.8860361e-01   2.0800300e-01  -3.1377545e-02  -1.3919837e-01   2.1036259e-01   1.7382208e-02  -6.4447520e-03  -3.4883525e-01  -9.2545955e-02  -1.7510941e-01   2.2569310e-02  -2.4404923e-02  -2.4120775e-01  -7.4107090e-02
  -1.3523386e-01   8.1953824e-02   9.5328270e-02   1.6599602e-01  -1.0064566e-01  -1.4420136e-01  -1.8461436e-01   2.1744452e-01  -2.1697158e-02  -1.7626593e-01   5.0747820e-02  -4.7965944e-03   3.4586105e-02   1.4741361e-01   3.3299854e-01  -1.8726038e-01  -1.2498672e-01   1.7500355e-01   1.9744144e-01  -7.4390363e-02   1.6866573e-01   2.5821028e-01   9.5310214e-02   3.0746298e-01  -1.2277694e-01  -6.8112375e-02   1.3885850e-01   6.0394857e-02  -5.5735888e-02  -1.5654075e-01  -5.3305076e-02  -6.0156293e-02   1.3138737e-01   1.1172122e-02   1.0527598e-01   1.0285862e-01   1.5962382e-01   8.4710089e-02   1.3757455e-01  -4.5807419e-02  -3.0117943e-03  -5.5858450e-02  -5.0444470e-02  -2.8797225e-01   1.6102657e-01  -1.5654608e-02  -6.5745389e-02   5.7933415e-02  -2.0406118e-01
  -1.1745701e-01  -3.6710448e-02   1.2448752e-01  -2.7426677e-01  -1.1789495e-01   1.1515136e-03  -7.3399521e-02   8.1761787e-02   1.0787518e-02   3.5079058e-01   2.8285725e-01  -1.0603459e-01   1.8758471e-02  -6.5320419e-02  -1.3876094e-02  -1.6545636e-01   5.7759637e-02  -9.0049688e-02  -4.6457305e-02   4.7206180e-02   4.3939744e-01   2.1617780e-02   1.3649242e-01   1.8653613e-01   4.3498926e-02  -1.1178167e-01  -2.0052074e-01  -1.1688099e-01   4.1090337e-05   1.9017846e-01  -1.9457872e-01   2.8636771e-02  -1.5612768e-02   4.8426943e-02  -1.3215923e-02  -6.7113846e-02   2.4649448e-01   1.9553607e-02  -2.2473988e-02  -1.0598961e-01  -2.0393041e-01   2.9968268e-02  -1.0471575e-01   8.5414094e-02  -2.1146133e-01  -3.2610933e-02  -1.2040824e-02   2.4137966e-02   1.6808198e-01
  -1.4133022e-01  -2.2448840e-01   8.2731238e-02   6.2927842e-02   2.5593556e-01   1.9065650e-02  -2.5451925e-01  -6.6731023e-02  -1.7678454e-02  -2.7010909e-03   1.7631186e-02  -1.5071191e-01  -2.7828822e-02  -2.3699853e-01  -4.8996248e-02  -4.4143937e-02   4.8221580e-03  -1.2578929e-01  -2.3553141e-02   3.7052047e-02   2.2255023e-01  -2.1113772e-01  -2.0703974e-01  -6.4883993e-02   6.7023188e-02  -2.5552071e-01   2.1551472e-01   3.7928807e-02   6.2420120e-02  -2.3432175e-01   2.3225890e-01   1.4090919e-01   7.1503572e-03   7.1204317e-02  -1.0969212e-01   6.3909176e-02   3.3450846e-02  -1.9604059e-02   3.0312506e-01   6.9157209e-02   1.3249003e-01   3.2479463e-01  -1.4796493e-01  -1.7682703e-02   2.2683529e-02  -5.9619166e-02  -9.4046554e-02   1.1068795e-01  -6.0486756e-03
  -1.5498257e-01  -1.7807237e-01  -4.5564063e-02   1.1554411e-03  -3.2479439e-02   1.9066049e-01  -8.5924606e-02   7.8247481e-02   1.5080300e-02  -3.1358562e-02   1.0561966e-01  -1.7763379e-01  -1.4656817e-01  -9.5926424e-02  -1.3232584e-01   6.1544277e-02   7.8653572e-02   1.7091656e-01   1.5363053e-01   1.9547923e-01  -1.8550214e-01   7.7141868e-02  -1.4999190e-01  -5.0357688e-02  -8.5383741e-02   1.5273553e-01  -5.6478868e-02  -1.1353876e-01  -5.1768480e-02   1.2911634e-02  -1.0185212e-01   5.4806381e-02   6.8718723e-03  -1.3017882e-01   7.3544035e-03  -3.6563266e-01   1.4377975e-01   2.8797981e-01   5.4489218e-02   2.1504503e-01  -1.0912996e-01   5.7183765e-02   1.8458897e-01  -2.1983697e-01   6.9809318e-03   2.8769114e-01  -2.8102332e-01   7.1824307e-02   4.2009405e-02
  -1.4824944e-01  -6.5258849e-02   6.5761327e-02  -2.6009385e-01   4.8157046e-02  -2.6036925e-02   9.1157749e-02  -9.2641047e-02   6.9519566e-02  -2.5725565e-01   1.8518544e-01  -1.5843586e-01   1.2816037e-01  -3.4882825e-02  -1.1097447e-01  -2.6816010e-01   1.4545564e-01   1.3053232e-01  -5.9241448e-02   2.4930615e-02  -2.0669742e-01   1.2979800e-01   3.3963490e-02   1.1248871e-01  -2.6733608e-01  -8.0342757e-02  -1.4325238e-02  -5.9120175e-02  -1.8096067e-01   1.2013474e-01   2.6516247e-01  -1.2751371e-01   2.3784076e-01  -5.7833178e-02  -3.1795513e-01   1.8055816e-02   2.7201007e-03  -1.1025292e-01  -1.3283011e-01  -8.5561990e-02   7.9781333e-02   2.6426267e-02  -6.4268102e-02   2.5176983e-01   1.9276004e-01  -9.3352632e-03  -6.3523600e-02   6.0213613e-02  -2.4426785e-02
  -1.6414721e-01   2.5612920e-01  -9.8082500e-02   3.5170715e-02  -1.2654702e-02  -5.3448477e-03   8.9217807e-02  -3.3309124e-02  -1.2818161e-01   6.5759427e-02  -2.4306569e-01  -2.5615139e-01   1.1330471e-01   9.7506371e-02   4.9087332e-02  -2.2028945e-03  -1.0893151e-01   4.0716876e-02   2.2299763e-01   6.0765666e-02   8.1530077e-02  -1.8121815e-01  -1.1936477e-02  -1.8436417e-03   4.6016008e-02   7.4071367e-02  -8.8075734e-02  -2.7774756e-02  -5.2183707e-02   1.9900813e-01  -4.2478688e-02  -2.9853840e-01  -3.5023634e-01  -1.6450028e-01  -2.2672490e-01   2.1955770e-01   1.4428110e-01  -1.0928312e-01   1.8714431e-01   4.6769669e-02   1.3826222e-01   9.0428274e-02  -6.3739464e-02   4.5347069e-02   1.2704202e-01   1.8801818e-01  -1.8115689e-01  -1.1254684e-01   1.0708988e-01
  -1.5272827e-01   2.2143539e-01  -1.4536121e-01   5.9607753e-02   1.4658413e-01   1.8589284e-01  -1.3510002e-01  -3.0816567e-01   2.1639309e-01   2.2534742e-02   5.0666673e-02  -2.4392926e-02   1.2696113e-01   1.7020553e-01  -1.4024222e-01   2.1801776e-02  -3.6674048e-02   2.1595264e-01   5.9585496e-03  -1.0606634e-01   2.5766947e-01  -7.1395599e-02  -1.7325045e-01  -8.6876477e-02  -2.3403986e-02   1.3044214e-02   1.2330259e-01  -6.0065818e-02  -1.1911980e-01  -3.9358362e-02  -1.6370795e-02  -1.6763899e-01  -7.0153637e-02   3.0033005e-01  -6.9260342e-02  -2.5136364e-01   1.2927250e-02   5.8319942e-02  -2.7129401e-01  -8.9422615e-02   7.6448113e-02  -1.5129484e-01  -1.0237973e-02  -2.2717125e-01   4.2319538e-02  -2.2431960e-01   1.9266101e-02  -4.6061817e-03   6.9245838e-02
  -1.4364261e-01  -1.4289171e-01  -5.5644516e-02   1.5843335e-01  -7.6444397e-02  -5.5938167e-02   3.4835183e-02   8.3405282e-03   8.8023056e-02  -3.2929565e-01   3.7275360e-02  -1.7265573e-01  -1.6430697e-01   4.8934127e-02   1.3195624e-01   1.9565796e-01   2.7199067e-01  -6.2895338e-02   6.4864872e-02  -1.3555512e-01   1.5860939e-01   3.3137384e-02  -4.9105421e-02  -8.9484509e-02   8.0382485e-02   1.9485196e-01   9.8011501e-02  -1.2947896e-01   1.7221617e-01   9.6766930e-02  -7.5329481e-02  -1.0642420e-01   2.2733931e-01   1.2055865e-02  -8.8699637e-02   2.3570806e-01  -3.7450901e-02  -2.3841907e-01  -1.5131885e-02  -8.8311966e-02  -7.6171657e-02  -4.4329932e-02   1.5854310e-01  -6.3859266e-02  -2.2140812e-01  -4.6198459e-02  -4.6590488e-02   1.8837689e-01   3.4159990e-01
  -1.2704852e-01   3.9104297e-02  -4.3868372e-02   4.9521668e-02  -2.5508730e-01   1.7677097e-02   5.8280860e-02  -4.9454839e-01   1.3236891e-01  -2.7372832e-02  -8.3721978e-03   3.0767074e-02   6.3604414e-02   1.7237746e-01   1.3695126e-01  -1.1267424e-01   2.4131452e-02  -8.5137373e-02  -6.5492973e-03   1.6449807e-02   6.3986531e-04   1.2620498e-02  -7.7451368e-02   2.1156301e-01  -2.6805828e-01  -1.2133504e-01   5.6579324e-02   6.6760907e-02   1.6876753e-01   1.0050449e-01   1.6887282e-02   2.2423204e-01  -2.9542399e-02  -1.0061132e-01   9.4120331e-02  -1.1855962e-01   6.9693647e-02  -3.8727471e-02   2.0695942e-01   2.2646046e-01   1.1267108e-01   1.1611464e-01   2.5294964e-01   4.7166800e-02  -1.1222905e-01   5.7937211e-02   2.7238705e-01  -9.4219138e-02   1.0889522e-01
  -1.3747408e-01  -2.2213003e-01  -1.0412594e-01   1.1030348e-01   2.5213400e-02  -3.4673669e-01  -2.6894170e-01  -3.1587324e-02   3.3770571e-01   1.3374336e-01   1.7135506e-02  -2.0776822e-02  -1.5211981e-01  -2.9754740e-02  -1.5277159e-01   1.2304843e-01  -1.9202419e-01  -2.0607324e-02   2.2723834e-01   5.5664226e-03  -4.1576782e-02  -7.3357973e-02  -3.8559458e-02   1.7043588e-02  -1.7205324e-01   1.8240591e-01  -1.1737559e-01   1.9533015e-01  -7.0265019e-04   1.5619887e-02  -2.2598787e-02   2.4277985e-02   2.9554333e-02  -1.0588971e-01  -5.4615009e-02  -4.4996502e-02  -6.6354084e-03  -1.8185724e-01   6.8796988e-02   1.1756467e-02  -2.5922075e-01  -1.9706418e-01  -1.5606870e-01   1.5408725e-01   1.8174966e-01  -1.1951168e-01   8.4822066e-02  -2.0403388e-01   6.5008089e-03
  -1.4639002e-01   2.3527890e-01   5.3288025e-02   4.0138317e-02  -1.9008813e-01  -3.1287984e-01  -2.2315167e-02  -1.3523530e-01   6.0030935e-02  -1.2436764e-01   2.5510712e-01   1.0380595e-01  -2.2601201e-01  -2.0832780e-02   7.9593481e-02   6.8348187e-02  -1.3621910e-01  -5.8253968e-02  -7.0221600e-02   8.6073061e-02  -1.4602705e-01  -2.1340432e-02  -1.0722095e-01   1.1266763e-03   2.6001135e-01  -4.0048354e-02  -2.9570508e-01  -1.6525663e-01   2.6314082e-02  -8.9315587e-02  -1.3388856e-02   6.5679333e-02  -1.1676557e-02   3.2977468e-02  -2.8349150e-02  -1.0978173e-01  -1.1906412e-01   7.9153915e-02  -4.6183421e-02  -2.5453804e-01   2.0888757e-01   1.9874038e-01  -2.1166220e-01  -1.1187337e-01   1.7450792e-01   1.8045798e-01   6.5281950e-02   7.1167308e-02   1.7197325e-01
  -1.2863350e-01  -4.6413968e-03  -3.1702195e-03  -1.4006827e-01   2.2582109e-01  -5.4990648e-02   1.2239115e-01   5.6257476e-03   7.2335881e-02  -9.5615306e-02  -1.9536663e-01  -3.5766810e-03  -1.4459330e-01   2.5472528e-01   5.4805003e-02  -1.8925283e-01  -1.1495482e-01   4.9053482e-02  -1.8388429e-01  -2.5970421e-01   2.6189898e-01   1.0791563e-01  -4.8097579e-02  -1.6497438e-01   2.6373676e-01   9.8500955e-02  -4.5651464e-02   2.2902491e-01  -1.7987765e-01   3.4368727e-02   1.5313256e-01   1.0561845e-01   1.9592101e-01  -2.2465860e-01   1.2576056e-01  -1.1237713e-01   2.0813550e-02   1.2850085e-01  -1.6036351e-02   1.9033025e-01  -3.8428844e-02  -3.4348679e-02  -1.4323131e-01   9.3624735e-02  -2.8251147e-02   2.5185958e-01   1.0386839e-02  -3.7290995e-02   1.4360467e-01
  -1.2697365e-01  -7.2298756e-02   9.0416251e-02  -1.7725782e-01  -1.1238010e-01   9.8457750e-02   8.2436620e-02  -9.4412207e-02  -3.7390939e-02   1.3271597e-01  -3.8294163e-02   6.9109888e-03   6.3665824e-02  -8.0785990e-02   2.9112402e-01  -1.2591695e-01   9.7675706e-02  -3.5416664e-01  -5.3188094e-02  -1.4271757e-01  -1.4458869e-01  -1.9258538e-01  -1.4246291e-01  -4.3364242e-02  -1.1794555e-01   1.4871291e-01   2.7565062e-01   1.2165704e-01  -4.5385124e-02   2.0115903e-01  -1.9789682e-01  -9.9059174e-03   4.7953204e-02  -1.0589470e-02   9.9334194e-02  -4.0834165e-02  -2.2652940e-01   9.5333574e-02  -1.8334543e-02  -1.0118932e-01  -1.2840919e-01  -2.4310982e-02  -2.2184782e-01  -2.1019668e-01   2.9249754e-01  -5.4991463e-02  -1.8243557e-01  -1.0071950e-02   7.0720074e-02
  -1.3105479e-01  -4.0323500e-02  -1.5629796e-02  -6.7533833e-02  -1.1956700e-01   7.0574495e-02   7.7712716e-02   1.3237047e-01  -1.3385955e-01  -2.4846252e-01  -3.2465255e-02  -1.5139635e-01   1.1983563e-01  -3.7824039e-02   1.8625905e-01   5.1148841e-02  -3.6795844e-01  -1.3937709e-01   1.3200307e-01  -5.5457190e-02   1.1743069e-01  -3.7613697e-02  -2.1230280e-02  -2.0756694e-01  -1.3572918e-01  -9.6456667e-02  -2.4229115e-01   8.0094070e-02  -8.2952005e-02  -1.1369775e-01  -2.0791502e-01   2.5470392e-01   4.3643936e-03   5.2464293e-02  -2.1527559e-01  -1.0416963e-01  -1.2224515e-01  -1.3296649e-01  -3.2763635e-01   1.7129895e-01  -4.0672765e-02   1.9109617e-01   9.8678230e-02   1.7805693e-02  -6.8332288e-02  -1.5715646e-01  -1.1108941e-02  -4.2929235e-02  -1.1477156e-01
  -1.5105922e-01  -1.4184840e-01  -3.2850882e-02   2.9017853e-02   2.1342391e-01  -1.1808517e-01   8.1095685e-02   2.3891926e-02  -2.5343338e-01   1.0409347e-01   9.7465888e-03   1.5549180e-01  -1.0456704e-01   2.6200625e-01   2.3795055e-02   7.3924302e-02   9.2310236e-02  -2.0693834e-02  -4.5036463e-02   1.1372347e-01   1.0082340e-01   3.0862842e-01   3.9093438e-02   6.2645420e-02  -1.0373056e-01  -4.3348859e-02  -8.6984774e-02  -3.2530460e-02   5.6805181e-03   1.3945028e-01   1.6918393e-01  -1.3817087e-01  -2.5086736e-01   2.2218467e-01   3.3651848e-02  -1.6726501e-01  -3.5126992e-01  -2.1856304e-01   6.2404394e-02   1.2277008e-01  -2.2878520e-01   2.3158446e-01   5.1598120e-02  -9.0215599e-02   1.4966705e-01  -2.1369903e-02  -2.4095434e-02   8.9509476e-02   2.3433178e-02
  -1.3309080e-01  -2.0625396e-01  -9.1095607e-02  -4.8663853e-02  -1.8558954e-01  -1.9232878e-01  -9.0277033e-02   5.5685011e-02   1.5371071e-02  -9.0894319e-02   7.1593906e-02   2.2949995e-01  -1.1251833e-01   2.4502869e-01  -8.7253803e-02  -1.3795091e-01  -2.2781468e-02  -1.1683393e-01  -2.6659627e-01   3.5960406e-02   9.1560570e-03  -4.2270085e-02   1.7582889e-01  -3.0188189e-01   9.5248263e-02   6.0018618e-02   1.8239604e-01  -1.2860817e-01  -9.0603290e-03   1.5074765e-01  -6.0604049e-02  -7.1842205e-03  -8.7984334e-02   2.8514945e-02  -1.3077644e-01  -5.3010187e-02   2.1617082e-01  -1.4232628e-02   9.7486237e-02  -3.3981268e-02   2.2178767e-01   2.4909623e-02   1.6701780e-01  -3.9886823e-02  -2.3365164e-02  -1.5639251e-01  -2.4247693e-01  -2.6358453e-01  -2.5031683e-01
  -1.4380806e-01   5.2019311e-02  -7.4133482e-02  -6.3181118e-02  -1.4114752e-02   4.9123111e-02  -2.2111692e-01   2.8464192e-01  -4.5780358e-02  -3.8967558e-02   4.8593898e-02  -1.6196448e-01  -1.1274881e-01   1.5989029e-01  -8.2242254e-02   2.5421598e-02   1.3678281e-01  -1.1132320e-01  -1.1617196e-01   2.6532997e-02  -1.1677338e-01  -1.5059934e-02  -1.4523623e-02   3.2757791e-01   5.6595197e-02   1.3808003e-01   1.2290893e-01   1.0237307e-01  -1.6792209e-02  -1.4530571e-01  -2.1613523e-01  -5.6418602e-02  -1.3163700e-01   3.3008953e-02   1.7872929e-01  -5.5646222e-02  -8.3736579e-02  -5.7657230e-03  -1.5990428e-01   2.9350989e-01   3.7377668e-01   2.2178438e-02  -7.9284801e-02   3.0163333e-01   4.0994509e-02  -1.7719905e-01   4.1995571e-02   3.9386403e-02   1.5743560e-01
  -1.5034505e-01   1.7339720e-02  -1.7979374e-01   6.9880435e-02  -1.3901688e-01   9.4737669e-02  -7.4512715e-02   1.0334606e-01  -1.9067572e-01   7.9741310e-02   1.2074315e-01  -2.9066336e-02  -1.6179737e-01  -8.2490177e-02  -1.4524952e-01  -1.1616916e-01  -1.7831735e-01   4.7549020e-02  -1.4995777e-01  -1.0711067e-01   2.0449208e-02   9.7246730e-02  -3.6493808e-01  -7.0348857e-02  -8.3913761e-03   1.2526515e-02   2.0574603e-01  -7.8081360e-03  -1.5532694e-01   1.0955222e-01  -1.7040439e-01  -1.4798499e-01   6.2161092e-03  -3.8608541e-03  -1.0146449e-01   1.8721352e-01  -1.0485234e-01   8.7657356e-02   7.5223652e-02  -1.3358426e-01  -1.4688568e-01   7.1258381e-02   1.4969592e-01   1.4178870e-01  -5.6142624e-03   1.7068291e-01   4.4062672e-01   7.0810021e-02  -1.9711913e-01
  -1.4070702e-01   4.6561606e-02  -2.6514613e-01  -7.3487510e-02   1.7616810e-01  -1.2237212e-01   4.1435025e-04   4.9472400e-02  -4.0250559e-02   8.5354661e-02   1.5081300e-01  -2.8339178e-01   4.2852071e-02  -1.3039904e-03   2.5076053e-02  -1.7463356e-01  -4.6095924e-02  -6.1782327e-02   3.8204086e-01   6.0920170e-02  -2.4835699e-01   7.0960893e-02   2.0856433e-01  -9.1542118e-02   2.5057135e-01  -6.8916284e-02   1.4207477e-01   5.6610875e-02   6.0662614e-02   2.8005689e-01   1.6691809e-01   2.0720204e-01   3.4266724e-02   1.9750987e-01   7.4161630e-02   6.8520533e-02  -1.3405642e-01   1.6004351e-01  -2.0538609e-02  -1.2574573e-02   8.1084694e-02  -6.0647019e-02   2.7887685e-02  -1.2868294e-01  -1.8334224e-01  -5.6075675e-02   1.5482451e-01  -8.9214444e-02   9.4650353e-03
  -1.4322960e-01  -1.3024043e-01   2.6564689e-01  -7.5675797e-02   3.9696088e-02   6.8003466e-03  -8.0508035e-02  -2.0900054e-02   1.0428722e-01  -2.5231053e-02  -1.2137195e-01   4.3958997e-02   2.4270184e-01   1.0780195e-01  -2.6351009e-01  -1.8575111e-03   1.4018798e-01   3.9796087e-02  -5.6803499e-02  -1.5375849e-01  -1.4105921e-01  -7.1937644e-02  -3.3490004e-02   2.3259013e-01   3.5025066e-01   4.0002305e-02  -2.8820203e-01   1.5689047e-01   7.3413923e-03   9.6660612e-02  -1.6637927e-01   3.3727974e-02   1.9673631e-02  -4.5444128e-02  -2.0763535e-01   1.7028485e-01  -8.0996178e-02   5.1088048e-02   7.2192820e-02   9.7445543e-02  -4.0494868e-02   8.8452300e-02   1.6399308e-01  -3.3360785e-01   4.8870267e-02  -1.2697996e-01   1.5036395e-01   6.4720962e-02  -1.3992413e-01
  -1.4876885e-01   1.1991609e-01  -1.4697455e-04  -2.9021478e-01  -6.1604338e-02  -2.1546387e-01  -1.3184187e-01  -3.0494540e-02  -4.8472137e-02   2.2434192e-02  -1.3028681e-01   3.2281492e-02   1.3836884e-02  -1.3991145e-01   5.5705830e-02   1.2075155e-01   8.3288770e-02   1.9178090e-01  -8.2346708e-02   2.8742557e-01   8.5086743e-02   2.9165203e-02  -2.8945221e-01  -2.5130643e-02   3.8500690e-02  -1.1816722e-01  -1.3272277e-02   3.1640014e-01   5.5719195e-02   4.0988359e-02   7.4738213e-02   6.3793625e-02   3.0022013e-02   7.9277605e-02   2.5095840e-01   2.3874538e-01   2.0621377e-02  -6.5702374e-03  -2.1048048e-01  -1.1764049e-01  -2.4760752e-02  -3.7041622e-02   3.6394318e-01   5.5033084e-02   7.9324170e-02   6.9386004e-03  -2.3768476e-01  -1.0123202e-01   1.7253756e-02
  -1.5286109e-01   1.0177657e-01   1.5899627e-02  -8.5808016e-02  -2.3713067e-01   3.6957678e-03  -1.9568495e-01   3.0358834e-01   1.5007617e-01   3.1065191e-05   2.0072018e-02   1.4785318e-01   2.6820314e-01  -9.3955504e-02  -1.5199235e-02   4.1529194e-02   1.6080133e-01  -1.0059425e-01   8.2511405e-02  -7.5378129e-02   1.2859086e-01  -7.7639504e-02   4.6459739e-02  -2.2473698e-01  -1.5975276e-01   2.2759484e-01  -4.5419707e-02  -2.7436443e-02   3.6996383e-02   2.9605103e-02   4.5814695e-01  -9.2954084e-02  -1.5464362e-01  -2.0002833e-01   1.4712461e-01  -3.7597426e-02  -2.6048421e-02   4.1066356e-02  -1.0998226e-01   2.8020140e-02   5.4658277e-02   1.5304326e-01  -7.7685563e-03  -1.1252773e-01  -4.3596158e-02   4.5930157e-02   2.4374608e-01   1.1663362e-01  -3.8058617e-02
  -1.2145758e-01  -1.2156506e-01   2.6899464e-01   1.8958366e-01  -3.5540975e-02  -2.1625592e-01   7.9229821e-02   1.0722657e-02  -1.5476848e-01  -1.0000898e-01  -1.5523372e-01  -2.1543118e-02   1.6071957e-01  -1.8257604e-01  -1.8918367e-01  -1.0587182e-01   1.0868700e-01  -1.6908146e-01   8.8021685e-02   1.8964688e-02   1.5600769e-01   1.3154026e-01  -1.4502876e-01  -2.0128399e-02  -6.5596691e-02  -1.1492202e-02  -4.6671677e-02  -3.7112575e-02  -1.9819452e-01   4.4325968e-02  -6.2410735e-02   1.2637630e-01  -1.7667500e-01   9.4919117e-02   4.2349452e-02  -1.6571304e-01  -1.4363655e-01  -2.6570720e-02   7.6840048e-02  -1.0465221e-01   2.8259648e-01  -4.8190568e-01   7.2871400e-03   3.5773443e-02  -1.2074677e-01   1.5828463e-01   6.3115104e-03   3.9386243e-02  -7.2346503e-03
  -1.4228536e-01   2.1077143e-01   2.1489481e-01  -5.8155108e-02   7.4856514e-02   8.0313988e-02  -4.4949511e-02  -1.6093739e-01  -2.0732318e-01  -1.1623477e-01  -9.3263724e-02   1.1296634e-01  -5.2624252e-02  -2.7204024e-01  -3.1726285e-01  -1.1662366e-01  -2.3408959e-01   3.5962776e-02   2.8513332e-02   1.3159324e-02  -3.5400559e-02   1.2993860e-01   2.8188768e-01  -3.5064248e-02  -5.1166426e-02   3.9805532e-01   1.4401517e-01   1.0633263e-01   8.8486423e-02   1.0936511e-02  -1.0381803e-01   5.3796584e-02   9.5833507e-02   1.3053778e-01   1.5415881e-01  -2.4797579e-02   1.5685845e-01  -2.4703873e-01   4.5486073e-02  -5.1508987e-02  -1.5582017e-02   2.0826750e-01  -9.5818957e-03  -5.8820294e-02  -5.3310442e-05  -9.9529746e-03   2.9617285e-02   2.0699873e-02   1.2897831e-01
  -1.4647783e-01   9.4460422e-02   9.3489734e-02  -1.5087197e-01  -3.8996003e-02   1.2576195e-01   1.0670617e-01   1.5519584e-01   1.4548083e-01  -7.8074270e-02  -5.6865404e-02  -5.7919253e-02  -3.3467490e-01  -2.1580050e-01   1.0905470e-01  -1.3077354e-01  -6.4243581e-02   3.9348241e-01  -1.6260687e-01  -1.3260072e-01  -1.0573859e-02  -1.3492549e-01   5.9872191e-03  -2.9672713e-02  -5.8742570e-02  -7.8495099e-02  -7.5376037e-02  -8.6969454e-02   3.5104716e-01   1.6801277e-01   3.9932648e-02   9.8836738e-02  -2.3397314e-01   4.2749287e-02   2.4413738e-03  -3.8454186e-02  -1.6233795e-01  -1.0989918e-01   1.5823603e-01   1.2489782e-01   3.5361350e-02  -2.5750307e-01  -8.3579742e-02  -4.7152343e-02   9.2725941e-03  -1.4342795e-01   1.7651109e-02   7.9450400e-02  -1.2173813e-01
  -1.4394155e-01  -8.8547301e-02  -1.3809207e-01  -3.7826526e-01   1.4483200e-02  -6.4354541e-02   1.7533022e-01  -8.8654556e-02  -6.9240024e-02  -2.2578284e-01   3.8741531e-02   3.8786834e-01   4.9762308e-02   1.4243227e-03  -1.7539758e-02   2.7208466e-01  -4.7125150e-02   8.7785204e-02   2.3058403e-01  -1.1218774e-02   5.8693580e-02  -5.0042383e-02  -6.4110147e-02   1.3719233e-01  -7.7937243e-02   1.3582921e-01   6.3688537e-02  -3.6125243e-02  -5.8189639e-02  -7.4144039e-02  -4.5130066e-02   1.1556319e-02  -8.9993923e-02   1.3744105e-01  -8.2878872e-02   1.4544290e-01  -7.4914504e-03   3.4912683e-01   2.0232880e-01   5.9026884e-02  -2.7925237e-02  -2.8160636e-02  -2.1936423e-01   1.3529691e-01  -2.2159726e-01  -7.1730396e-02  -2.1907529e-02   6.6774888e-02  -1.3988894e-02
  -1.4863047e-01  -7.7528997e-02   2.0810630e-02   9.2921458e-02  -5.3210826e-02  -3.0242051e-02   2.6246804e-02  -3.0683389e-02  -1.4435742e-01   2.7722963e-01   1.0068028e-01   3.0312300e-01  -9.7278199e-03  -2.0853993e-02  -2.5864837e-02  -2.0583719e-01  -7.3328741e-02   1.0855292e-01   1.5506817e-01  -2.7704608e-01  -2.0581236e-01   6.3599130e-02  -8.6694756e-02  -8.6979689e-02   5.3112078e-02  -1.3238200e-01   4.7653460e-02  -1.7862703e-01  -9.9381527e-02  -1.7849630e-01   7.3520907e-02   1.4764292e-01  -1.5145438e-01  -1.6920991e-01  -2.0395395e-02   2.3371841e-01   1.3550589e-01  -8.5000551e-02  -1.8886924e-01   1.8252988e-01  -2.7214896e-02  -1.0971373e-01   1.0804279e-01   4.2075162e-03   6.6718625e-02  -1.5432170e-01  -1.3073370e-01   1.5634617e-01   3.4029727e-01
  -1.2890465e-01   1.7603316e-01   1.8129284e-01   9.5702077e-02   1.7082987e-01   1.7300849e-01   1.3481350e-02   2.1664108e-01   2.6270950e-01  -4.1784879e-02  -1.1963182e-01   9.5543964e-02   1.1122567e-01   5.6783811e-02   1.8931348e-01  -7.8495660e-02   1.1932225e-01   1.8819167e-03   8.0170507e-03   2.0172270e-01  -3.8356139e-02   8.0021855e-02  -1.0894452e-01   1.4547072e-02   1.0544351e-01   1.8827498e-01   9.1175044e-02  -3.1018062e-01  -1.0539908e-01  -6.9561199e-02  -1.2360383e-02   3.4580828e-01  -8.0387517e-02   1.1898818e-01  -1.1699124e-01   3.3740327e-02  -1.5020320e-02   2.5880569e-02   1.0642753e-01  -1.3067144e-01  -2.0869696e-01   7.5234597e-02   1.0023007e-01   2.3665863e-01   1.0653917e-01  -4.1777424e-02   7.4587957e-02  -2.8786440e-01   9.5273231e-02
  -1.6186300e-01  -4.2762756e-02  -5.9889790e-02   8.0600624e-02  -7.1556846e-03  -4.1031538e-02   1.9330430e-01   6.5925780e-02  -1.1753213e-01  -1.4136508e-01   1.5605305e-01   4.2597405e-02   2.6420610e-01   2.5928562e-03  -1.1359577e-01   3.9624189e-03  -1.7101191e-01   5.4047417e-02  -2.0356497e-01   4.7172332e-01   9.0327116e-02  -2.2474125e-01   3.0668359e-02   8.2750418e-02   1.3763885e-01  -7.8356601e-02   2.1681137e-01  -1.2390674e-01   8.8893361e-02  -4.9625939e-02   3.2781435e-03  -4.5087514e-02   1.1480366e-01  -2.5489298e-01   6.5546708e-02   1.3883633e-02  -7.1862534e-02  -1.1101039e-01  -8.3291781e-02   2.0301349e-01  -1.8118328e-01  -2.1333305e-01  -1.3600605e-01  -1.8182117e-01   4.5945837e-02   5.8150014e-03   1.3328359e-01  -7.6725099e-02   9.6635364e-02
  -1.2265895e-01   7.6433755e-02   1.6745432e-01  -2.2203439e-01   2.0613929e-02   1.3625099e-01   2.5713293e-04  -2.6681357e-02  -1.0589198e-01   1.1009208e-01   5.5834603e-02  -9.2301342e-02  -1.8553603e-01   9.2874642e-02  -5.5658146e-02   3.2727255e-01   2.2682351e-01   5.8536684e-02   6.4341831e-02  -1.7857109e-02  -3.7482264e-02   2.4491409e-01  -7.1461659e-03  -1.6442327e-01  -1.1613160e-01  -1.8328340e-01   7.6342122e-02  -2.2810610e-02  -1.4256787e-01  -1.4090374e-01  -7.7255556e-02   7.7070146e-02   2.7238300e-02  -2.6883973e-01  -6.6871557e-03   9.3833401e-02  -7.9151273e-03  -1.8845139e-01   3.8780602e-02  -5.6813013e-02   1.3241803e-01  -2.3980393e-02  -2.1793191e-01  -2.5290752e-01  -9.5309446e-02  -3.2330545e-02   1.6539712e-01  -3.8695508e-01  -3.9530208e-02
  -1.5112802e-01  -2.9758474e-01   1.6302560e-01   4.2672852e-02   1.9018126e-02  -2.1362792e-01   8.1217123e-02  -1.1427575e-01  -1.0224257e-01   1.4083303e-01  -1.2777378e-01  -6.7204054e-02   3.7017098e-02   4.7846425e-02   1.8930810e-01  -9.9074078e-02   1.5917112e-01   3.4454498e-01   9.2836074e-02  -6.0533097e-02  -8.5955634e-02  -2.3037531e-01   2.1805614e-02   3.3555050e-02   6.7375163e-02   1.3188262e-01   1.3977922e-01  -7.3102508e-02   1.4536228e-01  -1.8088994e-01  -8.2582283e-02  -8.8144090e-02  -6.7458159e-02   5.4403890e-02   4.8202419e-02  -1.3103637e-01   4.3020500e-02  -6.0128955e-02  -3.2412856e-01  -1.1429521e-01  -1.5237342e-02   1.9567965e-01  -1.0185047e-01   1.1117632e-01  -1.8982847e-01   2.0577632e-01   1.3450565e-01  -9.7741180e-02  -2.0636835e-01
