  -1.3552597e-01   2.5866849e-02   1.5304868e-02   5.1845475e-02   5.8277189e-02  -2.3422114e-01  -1.3841554e-02  -1.7772160e-01   2.7418051e-01  -2.2487340e-01   8.6740203e-02  -1.4588315e-01   2.3287301e-01   1.4794596e-01  -2.2121208e-01   1.6147595e-02  -1.7808517e-02  -1.6430833e-01   2.9803800e-02  -2.0320438e-01   2.5875830e-01   1.5805059e-01   1.2084381e-01   2.8381706e-01   1.7303309e-01   1.1366822e-01  -1.8298329e-01  -1.0922506e-01  -2.2813291e-01   3.8889506e-02   1.7231154e-01  -3.3607195e-02  -3.4166910e-02  -3.9140251e-02   5.7591876e-02  -9.1898101e-02  -1.6389279e-01  -1.3576089e-01  -4.8445716e-03  -7.1129691e-03  -1.7578086e-01   1.3315481e-01   1.0720813e-01   4.8654642e-02   1.9625949e-03   7.8258570e-02   7.6560488e-02  -1.9925360e-01  -7.0002756e-02
  -1.3555197e-01   1.0055965e-01   4.3071409e-02  -1.3379315e-01  -8.9014124e-03   1.7616299e-01  -7.4346922e-02   1.1558816e-01   5.2264335e-02  -1.5654211e-01  -4.1775511e-02  -5.2107999e-02  -1.2697205e-01  -1.2996594e-01  -1.1277694e-01  -2.5257044e-01  -2.5837090e-01  -4.5502259e-02   1.7293086e-01  -1.5844211e-01  -3.2203473e-02  -5.5811920e-02  -9.2905862e-02  -1.6391910e-01  -3.1150905e-02  -3.6563512e-02   5.8723548e-03  -2.7331180e-01  -9.4359282e-02   2.5235499e-01   2.5525511e-02  -3.4844485e-01  -2.0128660e-01   7.7378868e-02  -8.4953880e-02   2.6820397e-01  -2.1783844e-01   1.6982195e-01  -1.3405748e-01   1.5298290e-01   2.9304826e-02   1.2958842e-01   1.2061431e-02   1.2854829e-02   5.2426885e-02  -9.2054366e-02   6.1080377e-02   1.4937680e-01  -1.6371564e-01
  -1.4518891e-01   8.6246525e-02   1.0071105e-01   5.0906739e-02  -1.6711327e-02  -8.7558444e-02   4.5311095e-02   5.7154826e-02   1.1759595e-01  -2.1046314e-01  -2.8402429e-01  -2.7981949e-03   2.2433103e-01  -5.4122961e-02   9.7442051e-02  -2.6961332e-01   7.8035387e-02  -1.6762389e-01   2.0312617e-02   1.3130565e-01  -1.8961492e-02  -5.9267932e-03   1.8421099e-01  -1.3975483e-01   1.7433293e-01   1.5902914e-01   4.5972366e-01  -4.0407293e-02   1.4449468e-01   2.8117647e-02  -1.9099486e-01  -7.8386176e-02  -5.3419193e-02   2.3767367e-02   1.8742510e-01  -3.2359585e-01   1.3850476e-01   4.7055831e-02  -9.7982913e-02  -4.5613725e-02   1.0076944e-01  -8.0080690e-02   1.1745291e-01  -9.9709033e-03  -9.8310632e-02  -3.8697885e-02   8.0026946e-02  -1.1084389e-02  -8.9970549e-02
  -1.4757949e-01  -1.7243260e-01  -2.3263341e-01  -8.2578278e-02  -1.3395011e-02   8.3983102e-02  -9.4102777e-02  -1.5116018e-01   2.4121040e-01   2.0801604e-01  -1.4234784e-01   6.3555473e-02   1.5390122e-01  -9.1545940e-02   8.1922118e-02  -1.9004747e-01  -6.6964132e-02  -1.9461584e-01   2.4560376e-01  -9.5055850e-02  -1.6761765e-01  -2.6318636e-02   4.9508120e-02   2.9918258e-01  -2.1123566e-01   1.4627469e-01   9.1535175e-02   7.1055631e-02   4.9678733e-02  -3.4385008e-02  -2.2549057e-02   1.1808428e-01   3.8544096e-02  -8.2003255e-02  -2.4758334e-01  -6.7368436e-02  -1.2974526e-01   3.0322006e-02  -7.9489300e-02   1.1691015e-01  -1.0814389e-01  -2.1375417e-01  -1.5934311e-01   9.4472143e-02   1.3906205e-01   1.2907840e-01  -2.2973168e-01   1.5019137e-01   5.5927735e-02
  -1.5001170e-01  -1.6920342e-01   2.3809165e-01  -3.9316989e-02  -1.5253768e-02   1.5433047e-02  -9.0924491e-02   1.4687619e-01  -2.5602152e-01   3.4412533e-02  -3.2014204e-02  -8.9738189e-02  -1.7902358e-01  -9.3312869e-02   5.0635534e-02   1.0609464e-02  -2.4804738e-01  -1.3019636e-01  -1.2432946e-01   2.2111153e-01   1.4433473e-01   3.3621436e-02   1.7944629e-01   1.6686167e-02   2.9242591e-02   4.1446192e-02   1.1172983e-01   2.4951912e-01  -9.3968022e-02   4.8876352e-02   3.6278444e-02   1.8570068e-01  -2.5655719e-01  -7.0834088e-02   9.5003753e-02   3.2771836e-03  -2.0237725e-01   5.0173458e-02  -9.8246285e-02  -1.5542915e-01  -2.9307457e-01   1.3580433e-01   1.1825516e-01   2.0891219e-01   1.0697579e-01  -4.9561938e-02  -2.7568558e-01  -4.2426337e-02   9.2996085e-02
  -1.2993172e-01   1.6619393e-01  -2.2310597e-01  -1.2852928e-01   9.3370182e-02  -3.2569732e-02  -6.7640128e-04  -1.0911129e-01  -5.0773027e-02  -3.7885819e-02   8.7956884e-02  -8.6624093e-03   2.9183215e-02  -1.8508093e-01   3.0249728e-02   1.2072831e-01   1.3960188e-01  -2.2110951e-01   1.2157897e-02   1.6704276e-01   7.9530401e-02  -2.6084831e-01  -4.1293463e-02   2.4003269e-01   6.8887751e-02  -2.0949263e-02   2.7615909e-02   7.9687577e-02   4.0634640e-02   6.2875196e-02   2.1163306e-01  -1.6580058e-01  -1.9951842e-02  -2.3661406e-01   9.4067494e-02   3.1871077e-01   2.5601818e-01   8.5139962e-02  -1.4491398e-01  -7.9685446e-03   2.3613928e-02  -8.0319893e-02   2.9054011e-01   5.8326195e-02  -2.1951106e-01  -7.9548505e-02   1.6427752e-02   1.3345945e-01   2.3814314e-01
  -1.4415328e-01   1.4700340e-01   1.2185107e-01  -1.2884476e-02  -1.9320579e-01   1.5877331e-01   1.8837629e-01   4.9913746e-02   1.6717590e-01   2.1896994e-01   1.4885955e-01  -2.0176317e-01  -7.9341560e-02   3.6566767e-01   1.4250029e-01  -1.0495975e-01   5.9353748e-02  -9.7581487e-02   2.3113871e-01   3.4787013e-02   7.8371436e-02   9.0159467e-04  -7.3568813e-02  -6.2373014e-02   2.7677669e-02  -2.1314062e-01  -1.2823072e-02   4.1944597e-02   1.1219342e-03   1.2252065e-01   8.0591539e-02   2.3990020e-01   1.7838493e-01  -2.4199174e-02   6.5484281e-02   2.3401786e-02  -3.9793649e-02  -1.5597624e-01  -1.5792263e-01  -5.3340076e-02   1.8679615e-01   3.1074441e-04   1.6829076e-01   1.0856151e-01  -1.8357921e-01  -1.3468803e-02  -2.1235114e-01   9.8135760e-02  -2.5910862e-01
  -1.4021781e-01   2.1122812e-01  -1.0608820e-01  -8.9111895e-02  -1.1207412e-02   4.6162886e-02  -3.1178242e-04  -1.0827609e-01  -6.8961144e-02  -7.8348127e-02  -2.0584004e-01   2.2100741e-01   2.2287078e-01   2.1447800e-01   1.2576143e-02   2.2668839e-01  -2.3296567e-01  -1.1178123e-01   7.0721088e-03   6.4810504e-02   1.1045843e-01  -5.9420132e-02  -1.2850584e-01  -6.7132538e-02  -1.7506429e-01  -9.7959700e-02   2.2582017e-01  -4.3323238e-02  -2.3009926e-01  -7.7755758e-02  -6.0450888e-02   4.8459279e-02   4.0433628e-02  -1.6712781e-01   7.3411333e-02   1.2890915e-01  -4.9111603e-02  -9.1698995e-02   5.2561251e-02  -2.9059392e-01   6.6332342e-02   1.9089274e-01  -1.4349410e-01  -3.6813453e-01   1.6000021e-01   5.7110279e-02  -8.8349339e-02   6.1643014e-02  -1.7792159e-02
  -1.5505663e-01  -2.0864319e-01  -3.9768055e-02   8.6420572e-02   2.9891570e-02  -8.0982598e-02   9.9112067e-02   1.8566960e-01  -1.7221722e-01   1.1334943e-01   5.5829739e-03  -1.8924826e-01   1.8539077e-01   6.6526769e-03  -6.0590510e-02  -2.8066418e-01   1.0642289e-01   2.2298415e-01   2.7279016e-01   3.0347537e-02   2.1694755e-01  -1.3837764e-01  -1.1053259e-01  -1.6616851e-01   2.0030736e-02   2.3973060e-02  -3.9469341e-02  -1.9132510e-01   5.6795937e-02  -1.4016552e-01   2.3927856e-01   8.5151429e-02   1.4122647e-01  -1.4306498e-01   1.2179874e-01   2.6454598e-02  -2.5982353e-02   2.8867155e-01  -6.4642960e-02  -1.3248993e-01  -5.2821330e-02   1.5976277e-02  -4.3180201e-02  -1.0515356e-01   1.6611437e-01   2.0496354e-01   8.7122853e-02  -6.6695414e-02   2.1949400e-01
  -1.2600569e-01   2.1147255e-01   1.1444934e-01  -1.2696305e-01  -2.4892556e-01  -4.1145711e-01  -7.2698304e-03   5.0654972e-02  -1.2007875e-02   1.4364854e-01   1.7684519e-01   1.3721219e-01   4.2113632e-03  -1.8528342e-01  -1.6962924e-01   7.5333560e-02  -2.7837144e-02   8.9172686e-02   1.9318853e-01   2.3933393e-02  -1.5613281e-01   9.5608306e-03   2.1875315e-01   5.7012968e-02  -1.3230548e-01   6.6310466e-02  -1.6181476e-01   9.0733660e-02   3.5689451e-02   1.1765277e-01   1.0184996e-01  -2.3118092e-02   1.7779569e-02  -1.3054557e-01   2.1845050e-01  -1.6722164e-01   6.7434524e-02   2.3926451e-01   1.2047478e-01  -1.1611593e-02   8.3006368e-02   3.1597559e-02  -1.4955451e-01  -1.2044007e-01   7.5517442e-02  -2.0906215e-01  -1.2723198e-01   8.6695186e-02  -2.1149520e-01
  -1.4148734e-01   2.7472021e-02  -1.1755794e-01   7.7005432e-02  -1.9465169e-01  -5.8794787e-02  -1.3716387e-01  -7.5729601e-02  -9.8452033e-02  -9.0316557e-02   1.7559884e-01   1.9268651e-01  -1.2205950e-02   1.3880229e-01   1.8731869e-02  -1.3539797e-01  -1.9995171e-02   1.0845308e-01   3.3100009e-01  -9.0900067e-02  -1.8557490e-01   1.0746972e-01   5.9802105e-03  -4.1059540e-02  -7.2334990e-02   1.2286318e-01   1.8562403e-01   1.5946393e-01  -1.0305257e-02  -5.9285602e-02   8.4029239e-02  -5.6766716e-02  -9.9732222e-02   2.9419098e-01   1.0318580e-01   2.2833396e-01   2.8532788e-02  -1.8473145e-01   1.2715753e-01  -2.6815705e-01   2.7432311e-02   5.3661198e-02  -7.9449144e-02   3.0589973e-01  -1.4252352e-01  -2.5676512e-02   1.2459711e-01  -1.6877816e-01   2.1693527e-01
  -1.5131463e-01   1.2150119e-01  -4.3362671e-02  -3.7630542e-02   5.9819361e-02  -2.3927696e-02  -2.5553986e-01   9.8478087e-03  -1.1770866e-01  -8.4431914e-02  -3.0326155e-02  -6.4852070e-02  -2.6481127e-01  -1.5697996e-01  -3.9743935e-03  -4.6353655e-02   8.6965560e-02  -5.7397858e-04  -7.8092031e-02  -2.5488899e-01   1.0607553e-01   1.0447543e-01  -8.2059678e-02   1.4388092e-02  -9.4856593e-02   5.4479483e-02   3.3375151e-02   6.2878510e-02   1.7815558e-01   2.0319168e-01   2.3732586e-01   4.1257249e-02   1.0746112e-01   2.3825100e-01  -5.0775659e-02  -2.6182172e-01   1.8675581e-01  -1.7690729e-01  -1.9469236e-01  -6.9595053e-02   2.2511657e-02   2.1423488e-01  -3.8329305e-02  -2.7719218e-01  -6.7042489e-02   2.8509228e-01  -1.7009277e-01   1.1280569e-01   1.0065600e-01
  -1.5436897e-01  -2.9722520e-03   1.3489324e-01   3.7172836e-01  -2.0648290e-02   6.5442853e-02   1.0379455e-01   9.7483248e-02  -8.4878563e-02  -1.4324270e-01  -2.3230729e-01   1.0106337e-01   4.4874073e-02   6.5095052e-02  -6.8851703e-02   1.7174618e-02  -3.7139648e-03   2.8882919e-02  -2.7022832e-02   5.4682091e-02   6.0544547e-02  -2.1652371e-01   7.4107111e-02   1.6796910e-01  -1.5813976e-01  -2.7119923e-02  -8.0395001e-02   1.7737559e-01  -2.5342387e-01  -8.0112852e-02   2.1326166e-01  -4.4714900e-02   9.4926152e-04   2.3339877e-01  -1.0326026e-01   5.0802948e-02   3.3148073e-01   6.8517059e-02  -8.8072116e-02   2.4027984e-01   2.3234805e-01  -2.6789721e-03  -2.9670923e-02   1.6423854e-01   2.2285114e-01   5.5061936e-02  -8.2526814e-02  -7.8226685e-02  -1.6043195e-01
  -1.3756408e-01   4.1194398e-03   1.4265625e-02  -9.8025064e-02   2.9400420e-01   1.7881157e-01  -3.2078402e-02  -2.2849416e-01  -2.3574568e-02  -1.1632691e-01  -2.0744875e-01  -3.2474294e-02  -1.3521327e-01   2.2977700e-01  -1.5942719e-01   1.1536251e-01   3.7888725e-01   9.6393632e-02   1.7876049e-01  -6.7441575e-02   3.1314172e-02   1.1684154e-02   2.0677540e-01  -2.6223851e-01  -1.0230453e-01  -1.5973499e-02  -6.4543837e-03   2.4937419e-01   1.2097907e-01   2.5140052e-01  -1.0111244e-02  -7.1485543e-02  -8.9931786e-03  -2.3330507e-01  -7.8143136e-02   3.3834120e-02  -2.7869989e-02   1.2039394e-01   9.7375386e-02   2.1719737e-02  -9.2140024e-02  -4.9733619e-02  -8.5933741e-02   3.3163553e-02   3.5305215e-02  -7.8041574e-02  -6.7103598e-02  -2.2999042e-01  -4.9471862e-02
  -1.4894603e-01   1.6143095e-01  -1.6787963e-01  -7.0651908e-03   5.1870265e-02  -3.2721475e-02  -8.1540239e-02   1.8703503e-01   8.8542199e-02   8.0530382e-02   3.2841652e-02  -3.2854326e-01  -1.4098565e-03   1.9535954e-01  -1.0326208e-01  -1.4452092e-02   4.5443934e-02   2.0686810e-01  -6.2824712e-02   1.1567956e-01  -2.9472067e-01   2.6819232e-01  -1.5017256e-01   2.5550788e-01   9.5468349e-02  -8.6792060e-02   1.7784693e-01   1.6740413e-01  -9.9407841e-03  -1.1058630e-01  -1.4662868e-01  -1.2900275e-01  -3.3853630e-02   1.4524829e-01  -1.6628373e-02   1.1461445e-01   6.4406732e-02   1.8151994e-01  -3.9857624e-02   5.4504339e-02  -1.3341400e-01   9.0674142e-03   1.8361254e-01  -2.5036387e-01   1.9752597e-01  -5.5745613e-02  -1.1647267e-01  -1.5087369e-01  -1.0985451e-02
  -1.4491545e-01   8.1199261e-02  -1.9784939e-01   8.2257800e-02  -1.0623015e-01   7.9730689e-02  -5.9379746e-03  -2.6104469e-02  -7.9900585e-02   9.4752305e-02  -6.0706359e-02   2.0973464e-01   8.6037247e-02  -2.9322508e-02  -1.8647108e-01  -2.8104822e-01   1.7851268e-01   1.1123310e-02  -2.7850350e-01  -6.3374527e-02   1.3911874e-03   1.6092463e-01  -3.1578994e-02   8.5830372e-02  -1.4635749e-01  -3.2980697e-01  -1.7561494e-01  -2.2020536e-01   1.4738023e-01   1.0943758e-01  -1.5709462e-01   1.8941836e-01  -3.9133459e-01  -1.5528267e-01   1.3392039e-01  -1.0305625e-02   1.0345532e-01  -2.7979028e-02   3.2000070e-02  -7.2097131e-02   6.1710204e-02   4.3950092e-02   8.9771859e-02   1.6278408e-01   7.4648000e-02   7.8910368e-02  -3.0106074e-02  -7.2236072e-02  -1.5507506e-02
  -1.5648767e-01   7.0636587e-02  -1.8698312e-02   1.1412220e-01  -1.7368272e-01  -1.7132285e-01   3.3872362e-01   2.3170040e-02   5.7571031e-02   6.2867888e-02  -1.1213417e-01   2.0164239e-01   2.4606710e-02  -8.5058482e-02   1.9900456e-01   1.5176209e-01   1.4978193e-01   3.0516180e-02  -1.0640795e-01  -1.8645356e-01  -1.1603957e-01  -3.7239158e-03  -4.7761683e-02  -1.2210478e-01   3.5168311e-02   4.6913813e-03   6.6343189e-05   1.1947853e-01   2.5555542e-01  -1.3246375e-01   1.7730685e-01  -5.5723385e-02  -7.2150766e-02  -5.9458970e-02  -2.4006004e-01   3.8986866e-02  -3.0456205e-01  -9.4047005e-02  -3.3671525e-01   2.3718547e-02  -7.7381613e-02   1.9480573e-01   1.2047419e-01  -4.9513002e-02   1.3297110e-01  -1.7075870e-01   1.1901477e-01  -1.1025158e-01   2.8897492e-02
  -1.3344941e-01   5.1605136e-03  -1.0913408e-01   2.1923559e-02  -4.7721293e-02  -6.1956807e-02  -2.5983800e-01  -5.1561360e-02  -2.6272665e-02   1.7240780e-01  -4.3807333e-02   2.1466035e-01  -1.4401731e-01   1.0823994e-01   2.9561597e-01  -4.0880358e-03   1.0313678e-01   1.6478816e-01   4.1192560e-02   4.0030039e-01   3.4272412e-01   1.1998946e-01   7.2186490e-02   1.5023887e-01  -9.8197899e-02   3.4838000e-02  -1.2491430e-01  -3.6397549e-02  -3.5459547e-02   5.3985844e-02  -1.6765288e-01  -2.4040048e-01   6.3864129e-02   6.8551007e-02   1.0771669e-01  -3.2892176e-02  -2.1458546e-01   5.7277187e-03  -2.1180371e-01   1.6564503e-01   1.2965767e-02  -1.4979739e-03  -6.2549166e-02  -3.6280931e-02  -5.7178921e-02   9.7059075e-02   2.2096094e-01  -5.1107298e-02  -9.2822374e-02
  -1.4945187e-01  -1.5132798e-01  -5.5956334e-02   3.0078240e-01  -1.9036428e-02  -7.8450417e-02  -7.0165356e-02  -3.1958466e-01   1.3683797e-01   8.8144185e-02   2.3878891e-02  -1.0175577e-01  -1.7910640e-01   1.6318265e-01  -1.2681663e-01   1.3511529e-01  -2.7183693e-01   2.5874881e-01   1.3436283e-02   7.5873528e-02  -1.0612678e-02  -1.9972902e-01   1.1780653e-01   1.5847378e-02   3.2903688e-02  -1.4990727e-01   1.9030949e-01  -1.9454678e-01   6.3959732e-02   5.2736341e-02   9.2508247e-02   1.6362473e-01  -2.6257871e-01  -4.2038271e-04  -1.5633244e-01  -1.5607839e-01   6.6640635e-02   7.9952097e-02  -6.8460834e-02   3.1993723e-02   8.6868311e-03  -1.1586143e-02  -2.2891178e-02  -1.5022035e-01  -2.0341085e-01  -1.9948256e-01   1.0820839e-01   1.1040932e-01   1.1714190e-01
  -1.4840971e-01  -8.7222008e-02  -9.6991529e-02  -3.1546052e-01   2.6471726e-01  -9.1369462e-02   8.6208914e-02   1.6014703e-01   1.0828643e-03   1.4317850e-01  -9.1088845e-03   2.7900623e-02  -4.5722355e-02   1.1385593e-03   1.4546225e-01   1.3295973e-01  -2.5156701e-01   6.7156369e-02   2.0615006e-01  -1.2830260e-01   1.1414114e-02  -1.7691230e-01   2.5423266e-01  -4.1533276e-03   4.4811294e-02  -1.4449960e-01  -9.1900336e-02  -8.6077992e-03   9.5667576e-02  -1.9542545e-02  -9.0525650e-02  -4.4484285e-02  -1.4959550e-01   1.1105309e-01   4.6801558e-03  -1.1157872e-01   5.9399234e-02  -2.2756380e-01   1.7905378e-01   3.2170013e-02   2.3735585e-01  -4.1049466e-02   3.4243194e-01  -2.7082867e-02   2.0102382e-01   1.7502749e-01   8.9845014e-02  -1.4752326e-01   3.4785760e-02
  -1.4164844e-01  -2.9814757e-02  -2.8288389e-02  -1.5890835e-01  -3.3867383e-01   4.3723429e-02  -4.7210768e-02  -9.9403855e-02  -7.3070232e-02   1.0373446e-02  -5.9686105e-02   7.6028689e-03  -4.0741775e-02  -6.5096385e-03  -3.0130752e-01   2.6362917e-01   1.2924129e-01  -1.9142506e-01   1.1921730e-02   9.5364497e-02   1.1129906e-01  -1.8508372e-01   1.4354336e-02  -6.3840273e-02   5.7842636e-02  -7.2677429e-02   1.1897244e-01  -2.4542880e-01   2.9180208e-01  -1.8211809e-01  -3.5030247e-02   3.4071671e-02   1.5605296e-01   3.6342689e-01   5.7317767e-02   7.1190230e-02  -5.4062570e-02   2.6029366e-02   1.6338815e-01   1.8840430e-01  -2.5248236e-01  -4.3484302e-03   6.6798129e-02   7.7326293e-02   7.0803573e-02   9.2862308e-02  -7.4809464e-02  -3.4000146e-02  -1.0398980e-01
  -1.3067697e-01  -1.7291626e-01  -1.4147095e-02  -1.6299056e-01  -1.1773485e-01  -2.7217834e-01  -5.5137881e-02  -1.2496214e-01  -1.1704306e-01  -1.3250731e-01  -2.0175363e-01  -3.5785658e-01   1.3923413e-01  -1.0946634e-01   1.6061742e-01  -3.5549723e-02  -1.1364855e-02   1.5415199e-05  -1.6600999e-04  -6.3226858e-02   2.0064896e-01   1.1873608e-01  -9.0784391e-02  -3.9574268e-02   4.6766929e-02  -1.4928021e-01  -1.4801556e-01   2.2693083e-01   1.0478627e-01  -4.4095578e-02  -8.1072296e-02   1.3776857e-01  -1.6602551e-01   1.0461750e-01  -7.9405090e-02   2.6799324e-01   1.2019030e-01  -1.0618102e-01   1.7184137e-02  -3.9934561e-02   5.0592225e-02  -1.9129463e-01  -2.2463140e-01  -7.0036295e-02  -9.1506735e-03  -1.3966311e-01   1.6000129e-01   1.5088299e-01  -2.2324578e-01
  -1.3746660e-01  -4.2554629e-02   4.7231422e-02   1.6072502e-01   3.8558587e-02   2.5683119e-01  -5.9572569e-02  -2.6167131e-01  -8.2051691e-02   1.2368963e-01  -5.1770611e-02   5.1132846e-02   3.9201024e-04  -2.8775521e-01   1.7435516e-01   1.3284038e-01   4.0577277e-02   7.8011617e-02   6.6467752e-02  -1.5109034e-01  -5.8277714e-02   2.1379831e-01   1.1905088e-01   7.6419558e-02   5.4914737e-01  -1.1474130e-01   1.7334742e-02  -1.1804661e-01  -5.6504866e-02  -9.1210073e-02   6.8738444e-02  -6.7472442e-02   5.6754593e-02   6.9931537e-03   1.8599017e-01   9.5397130e-02  -7.4538004e-02   8.8847262e-02   3.9942513e-02  -4.8613775e-02   2.3942938e-01  -5.0055692e-03  -1.2858785e-01  -2.3724844e-02   6.7705964e-02   8.8505769e-03  -2.3054710e-01  -3.9048383e-02  -3.9650299e-02
  -1.3266477e-01   4.9643037e-02  -3.2811391e-01   1.9347739e-01   2.0244403e-01  -2.9497275e-01   2.2823707e-02   3.5685284e-02  -9.2218494e-02   1.2070627e-02   2.0810314e-01   2.7325461e-02  -2.9261707e-02   9.9715019e-02   2.6930284e-03  -1.9696935e-01  -1.7833950e-01  -1.4978209e-01  -1.6995924e-01  -1.6420759e-02   1.3885285e-01   9.1912140e-03   4.5777789e-02  -2.5227881e-01   1.2509167e-01  -6.1249987e-02   7.4856913e-02   1.1961733e-01   1.1172424e-01  -1.3792142e-01  -8.1731107e-02  -1.1459677e-01   1.4672712e-01  -1.1590424e-01  -1.0233584e-01   5.3569817e-02  -4.1255184e-02   8.0038287e-03   1.9793011e-01   3.0752518e-01   7.2832723e-02   1.7320320e-01  -1.5846806e-01   1.2169993e-01  -1.1019937e-01   1.3911094e-02  -2.6352502e-01   3.4453665e-02  -4.0060957e-02
  -1.3917678e-01   1.6930779e-01   2.6327872e-01  -1.5547057e-01  -1.2337161e-01   5.0275742e-02  -1.7085727e-01   1.2306054e-01   6.2441078e-03   8.6678534e-03   1.1344602e-01   7.1173841e-02   1.2574208e-01  -7.0687173e-02   3.7686279e-02  -7.6507985e-02   7.7828383e-03   2.1962191e-01  -7.0309092e-02   8.2340104e-02  -3.0979479e-02   1.0210631e-01   2.8983166e-01  -3.6525464e-02   1.0047379e-01  -1.9246093e-01   1.5345869e-01  -1.1107845e-01  -8.3115412e-02  -9.2888584e-02   1.2502624e-01  -2.4595322e-02   1.1366390e-01  -2.6801685e-01  -4.3418150e-01   1.0374995e-01   2.1314502e-01  -1.8715831e-01   5.0210033e-02   5.1159237e-02  -2.1750748e-01  -3.5146937e-02  -5.8034083e-02   4.8714487e-02  -4.9855381e-02   1.9200027e-01   1.1805149e-01   1.2156638e-02  -3.7130321e-02
  -1.3572909e-01   1.4488198e-01  -7.3469676e-03   8.6463540e-02   2.8370019e-04   2.5584340e-02   2.2857494e-01   7.3536517e-02  -2.5596015e-01   1.5217895e-02   1.6674765e-01  -1.5866026e-01   3.6493687e-02   1.2320884e-01   2.3561603e-01   1.9869242e-01   1.5797554e-01   8.5831716e-02   3.2828069e-02  -2.6560329e-01  -7.6398227e-02  -1.9530462e-01   8.2198956e-02   9.9349686e-02   1.2074985e-02   2.4762008e-01   4.4452897e-02  -1.4356288e-01  -1.0930986e-01   8.1311324e-02  -3.0630992e-01   2.3612240e-02  -2.4892957e-01  -3.2599286e-02   1.2775936e-01   2.4747185e-02   7.9954249e-02  -2.7258039e-02  -5.3974116e-02   1.5452915e-01  -2.5394932e-01   3.3036029e-02  -2.1453620e-01   2.4976704e-02  -6.2819660e-02   2.0313483e-01  -9.0549686e-03   1.7147648e-01  -4.6400812e-02
  -1.2108864e-01  -5.9582019e-02   1.3800344e-01  -1.4470168e-01  -1.4693863e-02  -6.3815097e-02   1.6358855e-01  -3.6039189e-02  -2.5427791e-02  -4.9994646e-02   2.2159111e-01   3.0988409e-01  -2.3120476e-01  -1.7330243e-02  -2.5507185e-02  -1.8686432e-01   1.6060174e-01  -3.7002023e-02  -1.5490382e-02  -2.2050868e-01   2.6135895e-01  -1.4413257e-01  -1.8812621e-01   1.8427078e-01   1.2692012e-01  -1.4776985e-01   1.6823078e-01   1.4742900e-01  -2.1920982e-01  -7.5993093e-02  -1.9141141e-01   1.3617856e-02  -4.0257526e-02   1.0042610e-01  -2.2805540e-01  -1.1042038e-01  -5.4218569e-02   2.7632090e-01   9.1411465e-02  -1.4721790e-01  -1.1734549e-02  -1.9300842e-01   2.5554516e-02  -1.5080668e-01  -7.8652879e-02  -1.6932396e-02   8.6826931e-03  -7.0942668e-02  -3.4174166e-02
  -1.3699485e-01  -1.3958379e-01   3.1112658e-01  -7.4403528e-02   1.5049515e-01  -4.7514421e-02   1.9134196e-01  -3.7729108e-02   2.6903515e-02  -5.7593571e-02   1.5773722e-01  -3.4916441e-02   4.2458846e-02  -2.9540189e-03  -7.5142687e-02  -3.7898195e-02   1.5833517e-01  -7.6502579e-02  -1.1716695e-01   2.6909944e-01  -1.8065939e-01   2.4417427e-02  -9.2799659e-02   1.8256639e-01  -7.1097543e-02  -6.6190616e-02   2.0098652e-01   4.3343301e-02   1.1963470e-01   1.5434885e-01   1.7461353e-01   2.8897253e-02  -1.2739610e-01   2.8546728e-02   9.6926958e-02   1.0683132e-01  -2.8789031e-01  -1.4191423e-01   1.9606507e-01   2.2175426e-01   2.6604555e-01   6.0630600e-02  -2.1680049e-01  -1.2028576e-01   1.1808211e-02   2.1738805e-01   1.1469236e-01   6.2752143e-02   1.2295337e-01
  -1.6017301e-01  -1.2500014e-01   3.8097628e-01  -1.0173539e-01   1.2973304e-02  -8.8207993e-02  -2.0072118e-01   7.0981814e-03   2.0180191e-01  -1.6691732e-02   6.2894008e-04   9.0722173e-02   6.1643896e-02   1.1517079e-01   8.4311595e-02   1.2883738e-01  -7.8280663e-02   1.3146378e-01  -1.9851629e-02  -9.3202413e-02   1.1278227e-01  -1.0558029e-02  -3.7578154e-01   7.3185373e-02   1.1557178e-02   2.2899795e-01  -4.0208556e-02  -1.3922327e-01   2.5599981e-01   4.0905411e-03  -2.3801328e-01  -1.1159278e-02   3.1101679e-02  -1.6114952e-01  -3.6513717e-02   9.1168763e-02   2.3177250e-01   4.7372905e-02  -1.6250582e-02   7.2255699e-02   1.4865930e-01   1.7892189e-01  -2.7984023e-03   1.8732081e-01   4.4836840e-02  -1.1334730e-01  -1.9476660e-01  -1.1404496e-01   1.5525621e-01
  -1.4357987e-01  -3.7154604e-03   1.9873350e-01   3.0442111e-01   1.7985296e-01  -4.3147990e-02  -1.5349515e-01  -5.6320113e-02  -2.0782344e-01   5.7861392e-02  -7.1458458e-02   5.2511016e-02  -2.0840664e-01  -8.0660485e-02  -5.0737729e-03  -1.0061892e-01  -6.5149068e-02  -1.1678057e-01   7.6540960e-02  -1.5099747e-01  -1.3434372e-01   5.0495655e-02  -8.4995562e-02   7.9756239e-02  -1.9750791e-01   1.5887195e-01   3.2423984e-02  -7.3785349e-02   6.8511970e-02  -1.9002697e-01  -1.6392622e-02   1.5083799e-01   1.4917436e-01  -2.0361697e-01   1.1785518e-01   1.8492059e-01  -5.2112543e-02  -1.2240620e-01   1.5772786e-01   7.7912700e-02  -9.9039021e-02  -1.3996804e-01   3.2190576e-01  -1.9293755e-01  -9.2784335e-02  -2.9064286e-02   1.8048252e-01  -4.0637847e-02  -2.8653691e-01
  -1.1721136e-01   1.4805057e-01   1.8059318e-01  -9.0068934e-03   8.8833345e-02  -1.0839924e-02  -9.1319550e-02   2.7809562e-02   2.7278364e-01   1.5501085e-01  -1.1944995e-01  -5.0750210e-02  -2.3910587e-02  -7.1143487e-03  -1.2409123e-02  -1.1633157e-01   1.4464129e-01  -6.8331599e-02  -9.5665266e-02   8.0181984e-02  -7.0009380e-02  -1.9384379e-01   1.0731731e-01  -1.9571908e-01  -5.8342346e-02   1.0123075e-01  -3.2408000e-01  -2.4891798e-02  -8.7181177e-02  -4.0050056e-01  -1.7163394e-03  -1.1209628e-01  -2.7714935e-01   1.5217495e-01   1.3806448e-02   9.9411738e-02  -6.4594130e-02  -4.7309781e-02   3.4937666e-02  -1.3010887e-01  -5.4126368e-03  -6.2512391e-02  -8.7076020e-02  -1.9611994e-01  -2.9395817e-01   7.0703271e-02  -2.4353438e-01  -4.3809547e-02   1.1987885e-01
  -1.4003398e-01   1.7851113e-01  -1.6340118e-01  -1.3902095e-01  -6.2977567e-02   1.0554409e-01   1.5292322e-01  -4.6013079e-02   7.2139216e-02  -3.0657715e-01   1.0590663e-01  -4.0385854e-03  -2.3350848e-01  -1.2828119e-01  -1.4352148e-01  -1.1033154e-01  -1.2235859e-01   3.0030679e-01  -1.1071906e-01   1.1494479e-01   7.1006753e-02  -7.7327940e-02  -2.9327464e-02  -4.2295843e-02   6.0778835e-02   2.5678731e-01  -2.1190921e-02  -3.6538935e-02  -2.3797590e-02  -9.6701185e-02  -2.3005415e-02   2.0295011e-01   6.9778259e-02  -1.1380649e-01   1.4207116e-01   2.2430204e-02  -7.4753027e-02  -2.9359587e-01  -1.6256274e-01   1.0950391e-01   8.2208055e-02  -3.5093833e-01  -9.6407656e-02  -1.7150953e-02   1.7118979e-01  -9.0159349e-02  -1.1187624e-01  -1.4265349e-01   4.2899859e-02
  -1.4833134e-01  -1.4938650e-01  -1.6758569e-01   5.5208442e-02   9.9939152e-02   5.8861938e-02  -4.6391602e-02   1.3487160e-01   2.2514404e-01  -6.1285383e-02   9.8236420e-02  -1.3344984e-02  -9.4276600e-02  -2.3346518e-01  -1.3246231e-01   2.6865183e-01   8.3501127e-03   4.3010877e-02   8.3692792e-02   1.4487354e-01  -9.7812168e-02  -4.3717643e-02  -3.0466142e-01  -9.3520384e-02   3.5569981e-02  -1.9387238e-02   4.0092632e-02   1.3650197e-01  -1.3056421e-02  -1.5828895e-01   8.4898747e-03  -5.2889086e-02  -1.3863869e-01  -1.7065398e-01   1.7579453e-02  -1.6631105e-01   3.0067599e-02   5.5404616e-03  -5.8371863e-02  -2.0835252e-01  -1.5037983e-02   8.8142265e-02  -9.8701933e-02   2.1903267e-01  -1.0360382e-01   3.0140982e-01   1.2135219e-01   2.7983821e-03  -4.1754037e-01
  -1.5326165e-01  -1.2364203e-01   4.5706680e-02   1.7411391e-01  -8.3544894e-02   1.0694709e-01   2.8960482e-01   5.6574020e-02   2.3715820e-01   7.9071881e-02  -7.9702549e-02   1.8588909e-01  -8.6229054e-03  -9.6965257e-02   1.8808895e-02  -3.5995787e-02  -2.2944696e-01  -4.3975537e-02   7.1908083e-02   5.6336977e-02   3.3571685e-02   9.9174694e-02  -1.3106382e-01  -9.5175235e-02   9.6238162e-02  -1.1475078e-01  -1.5660617e-01   1.7087413e-01   3.5508000e-02   2.9550065e-01  -4.0408326e-02  -1.4136787e-01   7.2070199e-02   3.1513146e-02   1.9684407e-01   4.8222701e-02   2.4996762e-01  -1.2628652e-01   1.4481876e-01   9.6943727e-02  -4.1983677e-01  -9.7450198e-02  -7.5431922e-02  -2.0504222e-01  -7.0470978e-02   5.1691167e-02   1.3328989e-02  -5.4965054e-02   1.4809872e-01
  -1.3720600e-01   1.1914976e-01  -1.3269128e-01  -4.8793622e-02   1.4188560e-01   6.8988714e-02   3.1630780e-02   6.0158414e-02  -1.6404356e-01  -9.3506688e-03  -4.3347300e-02   1.8534746e-01   1.7533938e-01   5.5262495e-02   7.4104160e-02  -9.1641644e-03  -2.3809931e-02   1.2343785e-02   2.2498044e-02   2.8538420e-01  -8.4883174e-02   3.2645788e-02  -1.4453022e-01  -1.4495314e-02   2.7383309e-01   3.5343292e-01  -2.2097187e-01  -9.8438960e-02   3.8491924e-02   2.4169488e-01   1.4024706e-01   3.1276184e-01  -8.0745995e-02   1.8957799e-01  -3.3362939e-01  -1.9663727e-02  -1.6958158e-02   1.1528868e-01   2.0657768e-01  -4.9366493e-02  -2.5215941e-02   2.6574890e-02   7.9215987e-02  -6.1471809e-02  -1.1736558e-01  -5.8386614e-02  -9.8490254e-03  -1.9984079e-02  -1.5845946e-01
  -1.3511489e-01  -2.5853437e-01  -2.6016038e-02   7.5415513e-02  -1.3908211e-02   1.1404376e-01  -1.8099677e-02   1.5504288e-01  -3.5981433e-02   1.2473943e-01   2.2570863e-01   1.1509451e-02   7.2313983e-02   1.9171138e-01  -1.2874977e-01   3.8491052e-02  -8.7057958e-02  -1.4187911e-01  -3.3981649e-01  -7.9369780e-02  -1.0869406e-02  -7.0054450e-02   2.3520193e-01   5.5417101e-02  -7.7219285e-04   1.8944156e-01  -2.1105611e-02  -4.5920293e-02   2.3279696e-01   1.6521144e-01   6.2971299e-03  -2.4360673e-01   1.2316444e-01   2.8223789e-02  -5.1925383e-02   1.5836221e-01   2.8206954e-02  -1.4071335e-02  -1.5457172e-01  -3.8339473e-01   1.1091426e-01  -2.4536648e-01  -1.2334910e-01  -1.0237878e-01   5.6444882e-02  -2.1895742e-02   3.9236436e-02  -5.3005254e-02  -1.7014655e-01
  -1.3082369e-01  -1.2663584e-01  -2.4112075e-02   3.1158923e-02   3.2346189e-02  -1.3689214e-01  -3.3755665e-02   2.6097499e-01  -1.6435076e-01  -3.8775799e-01  -1.2968647e-01   7.0575097e-03  -8.8553226e-02   4.9589479e-02   6.0360695e-02   6.2257244e-02   1.6975514e-02  -1.2745268e-01   1.4753788e-01   7.6040714e-02  -3.1348635e-01  -8.4829237e-02   2.2162672e-02   1.9322654e-01   3.3668049e-02  -3.4060140e-01  -2.1613018e-01  -2.2274243e-01   3.6987006e-03   2.0127641e-02  -1.3949854e-01   1.5926035e-02   2.2137436e-01  -5.7108891e-02  -5.3697406e-02  -1.0557229e-01  -1.1375813e-01  -5.3184096e-02  -1.2538322e-01  -8.4538741e-02  -2.8731237e-02  -3.5826896e-02  -1.7039719e-01   4.9654534e-03  -2.1032020e-01  -1.1488401e-01  -1.1369189e-01  -1.4677171e-01   1.2337927e-01
  -1.6468631e-01  -1.1588313e-02  -6.7646312e-02  -1.3319010e-01   8.0773941e-02  -2.2963565e-02  -2.5531989e-01   6.2335018e-02   1.7216964e-01   1.2124721e-01   1.2149838e-01   1.9224646e-02  -1.0944498e-01   6.5857954e-02   2.3956465e-01   1.9881906e-02   9.0879730e-02  -3.0936212e-01  -1.8952529e-01  -8.8714779e-02  -1.5924977e-01  -7.2519027e-02  -5.3858027e-02  -2.2266756e-01   4.2192853e-02  -5.9714211e-02   4.2534568e-02  -8.7701533e-02  -2.4896808e-01   3.7458344e-02   1.7898421e-01   2.6436940e-01   2.7793092e-02   5.1676842e-02   1.7910892e-01  -3.0667116e-02   1.5159494e-01   1.1356638e-01  -6.0601334e-02   1.5346463e-01  -5.8399238e-02  -2.7965482e-02  -1.8947588e-01   2.7564805e-02   2.1038606e-01  -1.6853530e-01   2.7239304e-01  -2.0237048e-01   3.8366963e-02
  -1.4836961e-01  -2.9417017e-01  -1.4388692e-01  -5.6712325e-02  -1.9885288e-01   1.0446211e-01   7.7025917e-02   4.9755664e-02   3.9650610e-02   9.3425345e-02  -1.0236224e-03  -1.1208625e-01   4.8548796e-02  -2.7146303e-01  -1.5965791e-01   1.8303997e-02   1.1411931e-01   1.5509320e-02  -3.2502186e-02  -7.7891695e-03  -1.0663546e-02   2.7881419e-02   1.8188032e-01  -6.0573832e-02  -1.1094950e-01   1.6155347e-01   2.9087237e-02   5.2586117e-02  -2.9817097e-01   8.5639069e-02  -2.8684480e-01   1.6487897e-01   1.6483955e-01  -2.1027542e-02  -9.6986684e-02   1.3157088e-01   3.7390765e-02  -2.9151911e-02  -1.4594837e-02   1.0439568e-01   2.1143242e-01   3.6347253e-01   1.0825520e-01  -1.5757954e-01  -2.4632725e-01  -6.7264035e-02   5.9285131e-02  -1.7391516e-01   6.4499362e-02
  -1.3968969e-01  -4.8019305e-02  -4.3355394e-02   1.1724585e-01   1.2686054e-02   3.4856387e-01   2.8512959e-02   1.1839748e-01   2.0631983e-02  -1.8129942e-01   3.1908596e-01  -9.4862012e-02   3.8680987e-02  -8.8182495e-02   1.6967788e-01   4.4423823e-02   1.3621903e-01  -1.4742707e-01   1.6160405e-01   9.9220798e-02   2.1398025e-01   1.7312075e-01   4.5341414e-02   3.8835771e-02  -2.1953899e-01   4.3702089e-03  -4.1898666e-02  -9.2541560e-02   1.0894758e-01  -2.2494141e-01   4.4682231e-02  -1.1112423e-01  -1.3359786e-01  -6.8777344e-03  -9.5033470e-02  -2.1819036e-01   8.0617635e-02  -9.4017059e-02   2.1915558e-01  -8.3389315e-03  -1.4267510e-02   8.3966721e-02  -1.2041519e-02  -1.2483691e-01   1.5417141e-01  -3.9003032e-01  -9.9024594e-03   1.0842505e-01   4.7918597e-02
  -1.4229139e-01  -1.1005719e-01   8.7757439e-02  -1.1333518e-01   1.5633111e-01  -1.7384907e-02   8.8654862e-02  -5.7375474e-02  -1.3194593e-01   7.8940601e-02  -1.2232473e-02   1.7831182e-01  -1.0196395e-01   1.9821001e-01  -3.5391465e-01  -1.2926776e-02   5.1812496e-02  -1.3385835e-01   1.1351642e-01   6.5646778e-02  -1.1063264e-01   2.5744413e-01   2.8559835e-02  -1.0399587e-01   2.0512369e-01   7.4106972e-02  -1.5669046e-01   3.8264084e-02  -1.0523527e-01  -2.1026969e-01  -1.4207653e-01   4.0755641e-03   2.8337667e-02   1.6309489e-02  -5.1084130e-03  -5.8945867e-02   1.4381001e-01  -9.5681494e-02  -2.7951677e-01   3.6517744e-02   2.0430666e-02   4.9734164e-02   1.4933997e-02   4.1986425e-02   1.2633729e-01  -5.3346070e-02   1.6664761e-01   4.6643897e-01   1.4352399e-01
  -1.5803029e-01   1.7637181e-01   2.6756030e-02   6.3748438e-02   2.9141221e-01  -1.8678845e-01   2.1818176e-01  -3.8693412e-02   7.1255688e-02   2.6960687e-01  -1.6145158e-01  -1.6547099e-01  -1.1632909e-01  -2.2780556e-01  -3.2447685e-02   1.1918681e-02   9.5568333e-02   7.7800657e-02  -8.8250843e-02   7.6922630e-02   7.6944964e-02   1.0975462e-02  -5.7610512e-02   5.4670959e-02  -1.4382669e-01  -1.5453298e-02   1.1605502e-01  -2.3741395e-01  -1.4239492e-01   1.3246583e-01  -7.9566155e-02  -7.6650511e-02   2.3480799e-01   1.7656331e-01  -9.3570160e-02   7.7013071e-03  -9.0773732e-03  -1.4607291e-01   1.3980038e-01  -2.9507263e-01  -7.3335527e-02   6.2243855e-03  -9.2932061e-02   3.0379737e-01   1.0873189e-01  -2.0295822e-01   2.1064832e-02   7.8405194e-02   3.5444256e-02
  -1.4868373e-01   1.9238447e-01   3.3766455e-02   2.5641575e-01   3.8095136e-02  -4.5603792e-03  -1.9603286e-01   2.8615005e-01   1.7323277e-01  -1.1154286e-01   6.3110571e-02   5.0123038e-02   1.7965404e-01  -9.8097241e-02  -8.0000668e-02   3.0245324e-01   1.5719861e-02   3.8245613e-02  -5.0577152e-03  -1.3033752e-01   1.3319248e-01   1.2360199e-01   6.1982492e-02  -1.5727691e-01  -6.1572108e-02  -8.0184220e-02  -1.2379400e-02   1.2275203e-01   3.0343058e-04   1.1974940e-01  -1.4591450e-01   2.2209926e-01   6.4047787e-02   9.8565429e-02  -8.0463471e-03   8.0075367e-02  -2.5683493e-01   1.6976993e-01   2.1911818e-02   3.0195808e-02   1.1423700e-01  -3.0074525e-01   1.2291836e-01   6.3357911e-02  -2.1298607e-02   9.0754377e-02   6.6765110e-02   2.4155424e-01   2.4935343e-01
  -1.3328879e-01   9.5990206e-02   8.7983043e-02   3.7414973e-02   5.6634318e-02   2.0215978e-01  -2.3012560e-01  -1.8866001e-01  -7.2940393e-02   1.2183866e-02   1.3036378e-01  -5.2704945e-02   2.9390578e-01  -6.4463341e-02  -3.9510301e-02  -1.9701707e-01  -2.8723025e-02   1.5048857e-01  -9.8634364e-02  -1.3766681e-02  -1.1886897e-01  -4.5842219e-01  -7.0476050e-02   3.9756445e-02   1.0195332e-01  -1.2688286e-01  -1.6787030e-01   3.0024830e-01   5.5016744e-02   3.0333872e-02  -1.6886959e-01  -2.5820372e-02   1.9150081e-01   6.4990645e-02   8.5365560e-02  -1.7778440e-01  -1.5392703e-01  -1.2735571e-01   6.4859908e-03  -3.1989955e-02  -1.0493724e-01   1.9516424e-01   3.9013463e-02   2.5182766e-02   9.7866265e-02  -1.3718972e-01   1.4699545e-01   1.0307415e-01  -1.6405180e-02
  -1.4971897e-01  -9.4783847e-02   1.2271047e-02  -2.8347784e-01   2.2395720e-01   1.3214485e-01   1.2267006e-01   6.0550602e-03  -1.5140407e-01   5.8700673e-02  -6.6743178e-03   9.1627013e-02   3.1448204e-01   1.2647674e-02  -2.4003935e-02   8.1729499e-02  -1.5013785e-01   2.1456598e-01  -1.5656127e-01  -1.5437078e-01   1.4913595e-02   1.8635518e-01  -5.9031091e-02  -3.5954253e-03  -2.4446088e-01  -8.0958651e-02   8.2988088e-02  -2.0360820e-02  -3.6605109e-02  -1.4758838e-01   2.0656025e-01  -4.2437226e-02   5.6769403e-02   1.4432172e-01   1.9178948e-01  -1.4341724e-01  -3.4085886e-02   9.3168142e-02  -1.4413897e-01   1.6233465e-01  -8.7522328e-02  -1.1334308e-01   2.4047892e-03   9.8792220e-02  -3.9836562e-01  -1.6459233e-01  -6.6015371e-02  -4.0677026e-02  -8.5089570e-02
  -1.4566741e-01  -1.5720935e-01  -1.4038292e-01  -7.6882158e-02  -2.6957512e-01   3.7466933e-02  -9.0148854e-02   2.3821325e-01   2.3927183e-02   9.6534244e-03  -3.2943308e-01  -2.1565297e-02  -1.4757537e-01   2.1101119e-01   3.2373173e-02  -4.0348711e-03   1.1863773e-01   1.4961466e-01  -2.0991711e-01  -1.5232072e-01  -1.6191000e-02  -6.7383606e-02  -7.9285828e-02   8.4536395e-02   1.3025681e-01   1.2041058e-01   8.7937801e-03   4.3559678e-02  -1.4854007e-01   2.9745647e-03   2.1161302e-01  -1.7030681e-01   2.1265689e-02  -1.9046698e-01   9.0542635e-02  -1.3978342e-01  -1.2151297e-01  -8.9403337e-02   3.9178350e-01   1.9415260e-02   5.1422004e-02  -3.6844679e-02   7.8547752e-02   6.9192648e-02  -5.7152855e-02  -9.5087381e-02   2.9050787e-02   2.9701027e-01   6.1588649e-02
  -1.6167717e-01  -1.1851178e-01   4.8319023e-02   5.2105454e-02  -1.9478795e-01  -1.4194187e-01  -2.6878907e-02  -3.2455298e-01  -2.0744373e-01  -3.0136675e-02   1.6207543e-01  -1.3041368e-01   1.1245626e-01  -2.0400416e-02   1.0050634e-01   7.4319354e-02   2.7131065e-02  -6.0677943e-02  -7.2052391e-02   1.0201336e-01  -1.8638480e-01   7.4458295e-02  -2.1001562e-01  -3.1927844e-01  -1.2876085e-01   9.8220834e-03  -8.0183101e-02  -8.4731946e-02  -2.5855132e-01   1.2976947e-01  -2.4760208e-02  -2.6453626e-01  -1.4717471e-02  -3.5158656e-02  -1.3487401e-01  -2.0674661e-01  -1.3831434e-02  -3.9440800e-02   4.5135222e-03   1.3992539e-02   6.0063495e-02  -2.7091443e-01   2.6981737e-01   1.4363382e-02   1.0380639e-01   1.4405554e-01  -1.7153449e-01  -5.2361320e-02   7.5820067e-02
  -1.4431872e-01   3.3702597e-01   6.4428332e-02  -4.1223695e-02  -1.6950150e-01   2.0122292e-01   1.3417496e-01  -7.7385122e-02  -1.4847784e-01   1.1452635e-01  -1.2055217e-01  -2.5112710e-01  -1.2257974e-01   2.1114586e-02  -5.1341473e-02   3.7415147e-02  -2.9351630e-01  -2.1921637e-01  -4.5481613e-02  -3.1089724e-02   1.1734129e-02   1.1108681e-01  -4.7201716e-02   9.6049115e-02  -2.1511754e-02   6.7611674e-02  -1.3047132e-01   1.0654198e-01   1.1902259e-01  -1.1671150e-01  -4.8265635e-02  -5.6405562e-02   4.8499195e-02  -1.1512249e-01  -1.0996633e-01  -1.9756489e-01  -1.3723825e-02   2.2656884e-01   7.9688199e-02  -5.4815725e-03   1.6034148e-01  -1.8814898e-02  -1.6392322e-01   1.1221664e-01  -1.1288202e-01   1.2640628e-01   3.2251418e-01  -2.0986345e-01   1.9858591e-01
  -1.2895470e-01  -7.7393759e-02  -1.6744056e-02  -8.5520155e-02   6.2134402e-03   1.3486295e-02   1.8340580e-01  -2.3976703e-01   2.1512154e-01  -3.4375075e-01   4.7355977e-02   9.1782421e-03  -1.5071112e-01   5.7337759e-02   2.8902319e-01  -7.8570506e-02  -7.6895768e-02   1.2280891e-01  -2.0425934e-01   3.5817855e-02  -1.4669119e-01   7.8213457e-02   2.1408523e-01  -7.2958183e-03  -1.5782088e-01   3.0131524e-03  -1.4887244e-01  -3.2571142e-02   7.3090078e-02  -9.7055784e-02  -1.4245001e-02   8.5940866e-02   1.9849611e-01   7.7943448e-02   8.1727757e-02   1.1515396e-01   4.9912213e-02   3.5113733e-01   9.9623320e-02  -1.6010703e-01  -6.8247694e-02   1.7542916e-01   1.5626667e-01   6.8750830e-02   5.6185976e-02   1.9846377e-01   4.1130519e-02   2.2629937e-01  -3.4056747e-02
