  -1.4772099e-01   3.4678006e-02   7.4087970e-02  -1.0136125e-01  -6.8567919e-02  -3.3308092e-01   7.0162783e-02   1.3492106e-01  -4.3086722e-02   3.7771741e-02  -3.6858062e-01   8.5070143e-02  -5.9613422e-02   1.2815822e-01   3.8883968e-02   1.3253817e-01   5.5119569e-02   1.2058859e-01   4.6307025e-02  -8.6141696e-02   4.6235995e-02   1.1793105e-01  -5.6545768e-02   8.4330278e-02   6.2549641e-02  -2.2742736e-01   4.1791785e-02  -1.5943477e-02   5.5788043e-02   1.0624964e-01   1.5308258e-01  -1.6938374e-02  -1.6568553e-01   2.2259111e-01  -1.3225020e-01  -2.7905081e-01   2.1940001e-01  -1.0305736e-01  -1.5965890e-01   1.6189144e-01   1.4438732e-01  -1.6949745e-01   2.0923531e-01   1.4959513e-01  -1.0159575e-02  -4.5393157e-02  -2.2055432e-01  -1.8424305e-01   6.6722737e-02
  -1.5347237e-01   2.2900690e-01  -2.6560699e-01   3.0629339e-03  -2.4097807e-02   3.5581970e-02  -2.1912678e-01  -1.5811530e-01   1.8748730e-01   1.2839364e-01  -3.4860707e-02   1.1122155e-01  -2.0404169e-01   1.5849420e-01  -6.6947621e-02   8.3465797e-02  -1.2055304e-01   5.2647450e-02   4.6290478e-02   9.0707855e-02  -1.5030885e-01  -2.6676375e-01   3.6486405e-03  -4.3574535e-02   1.8842712e-01   6.4653505e-02   2.0901840e-01  -3.4492137e-01   1.7879461e-01   6.1028652e-02  -1.7242523e-02   6.1151060e-02  -1.3602800e-01   4.6904300e-02   3.8614318e-01  -3.5078288e-03  -1.2390568e-01  -4.1433849e-02   1.2676195e-01   2.8204259e-02   4.0642996e-03   6.3806230e-02   4.4766311e-02   8.2012770e-02   1.0775113e-01  -1.4542250e-01  -1.1353438e-01  -8.4280116e-02  -2.0412785e-02
  -1.4425823e-01   8.1086514e-02   3.6684837e-02   4.6244775e-02  -7.0247474e-03   4.5608720e-02  -1.0749678e-01  -1.8721826e-01  -2.5064789e-02  -1.8340974e-01   5.3765311e-02  -1.4255711e-01  -2.0696628e-01   7.3443930e-03  -3.7670141e-01  -2.4689247e-01  -8.2498909e-02  -1.5805606e-01  -2.7060484e-02  -3.8346517e-02   2.5633264e-01  -1.1612753e-01  -1.1775847e-01   4.5584530e-02  -2.8668247e-03  -3.5472548e-01  -4.2000926e-02   7.3269729e-02   1.7415604e-02  -1.4351956e-01   2.0992074e-01   3.7361263e-02  -1.2108979e-01   2.8675356e-01   3.4043107e-02   7.3627803e-02   1.6461099e-02  -1.9550309e-01  -6.1720407e-02  -4.7588112e-02   8.9120761e-02   1.1398319e-01  -9.2599478e-02  -9.1967177e-02  -1.2699523e-01   4.3593455e-02   2.1109519e-01  -2.2486963e-02   1.9900673e-01
  -1.5120671e-01  -1.8336980e-01  -1.0964441e-01   1.5065488e-01   5.4291537e-02  -1.8079766e-01  -8.5988072e-02   6.8576509e-02  -2.4707861e-01  -2.0898890e-01  -5.8551860e-02   2.2968271e-01  -7.5005683e-02  -6.1229102e-02   4.3946771e-02  -5.6637806e-02   9.3890311e-02   1.2128979e-01   4.7479600e-02  -1.0234808e-01   1.4809165e-01   1.6779986e-01   6.9170777e-03  -1.7376596e-01  -2.6536209e-01   5.7445597e-02   7.7933712e-02  -1.9226179e-02  -3.7215816e-02   4.5276260e-04   4.8907671e-02   1.7649189e-01  -2.0857989e-01   1.6110910e-01   1.6941817e-01   1.4768487e-01   7.7549094e-02   2.4408634e-01   1.4111182e-01  -8.4981309e-02   3.9274387e-02   1.3848664e-01  -2.8557027e-01   7.1116205e-02   2.5005762e-01   7.9504318e-02  -2.0227851e-03  -1.0795454e-01  -2.3114673e-01
  -1.3255294e-01   8.2256473e-02   1.1260575e-01   2.6798883e-01   3.5756884e-01   1.6230993e-01   4.6632080e-02  -9.8546047e-02  -8.1731262e-02  -9.1571729e-04  -7.3751507e-02  -2.2102403e-02  -1.5689147e-01  -2.0617642e-01   3.0281645e-01  -2.7762800e-02   7.1180532e-02  -1.3272520e-01   1.1644380e-01  -1.0941177e-01  -1.3646165e-01   4.3335353e-02  -3.8544329e-02   1.0907899e-02  -5.3396388e-02   6.5705923e-03   2.1486284e-01  -1.6380351e-01   1.1500269e-01  -1.7577060e-01   4.2598477e-02   4.5979882e-02  -5.5268891e-02   1.1869436e-01  -1.4936269e-01  -5.1462780e-02  -1.3063662e-01  -1.2267792e-02  -3.3650575e-02  -1.8476193e-01   6.7498951e-02  -3.0598114e-01  -8.3082758e-02   1.0557747e-01  -5.3440935e-02  -5.4011509e-02  -1.1845556e-01   3.1459296e-01   1.7038213e-01
  -1.2423729e-01   8.4036139e-02  -8.0483119e-02   2.6798882e-01  -9.5620390e-03  -3.0224890e-01   2.6874617e-01  -1.3788865e-01  -1.6888302e-01  -1.2788348e-02   1.8707739e-01  -1.8409829e-01  -1.9937219e-01   2.4497096e-01   6.6882452e-02   3.4450253e-02  -8.7668795e-02   6.8329634e-02   4.3251895e-02  -1.2262467e-01   4.0418419e-02  -1.2959641e-01   4.4349071e-02   4.1662994e-02   1.0551882e-01  -1.5362870e-01   8.6425147e-02   1.8041624e-01   1.0925928e-01   1.2654216e-01   5.7914282e-02  -2.1358390e-01   2.3225483e-01  -8.4333688e-02  -1.8009646e-01   1.4572924e-01  -1.0623894e-01  -2.9021006e-02   1.4131456e-01  -7.6936848e-02  -5.2152287e-02  -4.9380179e-02   1.4920342e-02  -1.8960728e-01   2.2351498e-01  -6.7793976e-02  -1.2316859e-01  -3.7534894e-04  -2.1599805e-01
  -1.5487902e-01  -2.2340760e-01   1.1963168e-01   1.3447307e-01  -1.7706288e-02  -3.3737386e-01  -3.0371279e-02  -7.5068155e-02   8.0683731e-02  -3.9972401e-03   7.6499282e-02  -9.5962791e-02  -7.4287816e-02   2.4804896e-01   2.2863305e-01   1.0622310e-01   9.7475007e-02   1.0728585e-01  -1.7827836e-02   1.6798112e-01  -3.6666350e-02  -7.0324255e-02   1.6011548e-01  -1.3574210e-01  -6.1102611e-02   1.2289005e-01  -1.6807825e-01  -6.8883167e-02  -1.5563056e-01  -2.7699471e-01  -8.7143514e-02   7.0306609e-02   5.6385281e-02  -8.1998201e-02   1.0716407e-01  -1.0139925e-01  -4.2206594e-03  -1.6114051e-01   6.2026401e-02  -1.9108991e-01   3.1142669e-01   4.1065732e-02  -1.1459147e-02  -1.3181560e-02  -2.5215398e-01  -1.3979580e-01   2.0664375e-01  -1.0063608e-01   1.5053993e-01
  -1.2684293e-01   1.9172220e-02  -1.5510599e-02  -2.2625976e-01   8.1530121e-02  -4.6567126e-02   1.5262518e-01   1.1900244e-01  -5.9615794e-02  -9.7706064e-02  -5.8714072e-02  -3.0259503e-02  -1.7706171e-01  -2.1133920e-01   3.0045468e-02  -6.2671382e-02  -1.0952965e-01  -3.7693794e-02   1.5903258e-01   2.0933235e-01   1.6398132e-01  -3.0804866e-01   2.1361158e-01  -1.1838158e-01   1.1886597e-01   1.3002634e-01  -3.0603726e-02  -1.4925496e-01   1.5786364e-01  -3.5971018e-01   4.3049567e-02   3.0932922e-02   9.3395632e-02  -1.4717129e-01  -1.0190887e-01  -5.2294010e-02   3.1020686e-01   4.5399843e-02  -1.2918419e-02   2.6182748e-01   1.9941268e-02  -5.5573137e-02  -9.7951978e-03  -1.1194540e-01   1.8193209e-01   2.0696779e-01   5.6491148e-02   4.8276132e-02  -6.4162689e-02
  -1.5228648e-01  -3.8668049e-02  -1.0494198e-01  -1.2093339e-01   2.1817093e-02  -4.3219515e-02  -1.7885261e-01   9.9395479e-02   3.0741862e-01   2.4817741e-01  -1.1907784e-01   1.4488453e-01   6.5786243e-02   6.0458385e-02   1.7671371e-01  -2.9176016e-01  -4.4434132e-02  -1.0926141e-01   1.0663048e-01  -1.0040225e-02  -1.5818571e-01   2.7218316e-02  -1.9939755e-02   6.1814881e-02  -2.4322671e-01  -2.5900578e-01   5.2398569e-02   1.4274108e-01   1.1432120e-01  -7.2058727e-02   1.4838893e-01  -9.9758198e-02  -1.9346743e-02  -1.2599689e-01  -9.7201565e-02   1.4220367e-01   2.0260140e-01   8.1678179e-02   3.9261532e-01  -1.1528527e-01  -1.4232137e-02  -3.2183338e-02   1.5950552e-01  -1.0106533e-01  -7.9025007e-02   1.1198953e-02   1.5223290e-01   5.3246299e-02  -6.7434745e-02
  -1.3205202e-01   1.8679328e-01   2.2635693e-01  -4.4124153e-02   7.8726056e-02  -7.0784740e-02  -4.4725753e-02  -2.6686948e-02  -7.9577886e-02  -1.7599473e-01   2.4310555e-02   1.3264317e-01   8.0768064e-02  -1.9862006e-01  -9.9832041e-02   3.3974430e-01   1.1052994e-01  -8.3873178e-02   3.2542923e-02   1.0042877e-01  -4.7561915e-02   6.1924834e-02  -2.4610404e-01   7.6847486e-02   8.1492049e-02   1.5882236e-02   2.0790928e-01  -6.5471370e-02  -2.0686004e-01   2.3692968e-03   2.3818748e-01  -1.0502902e-01  -1.9007942e-01  -4.4141899e-01  -5.8068499e-02   7.9712491e-02   7.0412606e-02  -1.5424164e-01   1.7036857e-01  -2.8347239e-02   7.0071306e-03   1.1862985e-01  -8.1648422e-02  -2.0331919e-01  -3.3487153e-02  -1.0904092e-01  -7.1190481e-03  -1.0536754e-01   1.4075125e-02
  -1.3474371e-01  -2.2264656e-01  -1.1586154e-01   1.9455547e-01  -5.2683442e-02   1.8058371e-01  -1.3562683e-01   9.7662991e-02  -1.0007640e-01  -2.2042545e-02   2.1663409e-01   8.7853188e-02  -3.9940576e-02  -6.3965421e-02   2.3418080e-01   1.1415509e-01  -9.8838408e-03  -9.5710786e-02   4.4951659e-02   1.1883518e-01   3.8605681e-02  -1.2385779e-01  -1.1568870e-01  -3.7770163e-02  -5.4813158e-02   2.5712511e-02   9.8144175e-03  -8.9602858e-02   3.7806243e-02   9.1818817e-02   2.0313511e-01  -2.1113524e-01   7.2177589e-02   1.2471502e-01  -1.7742694e-01  -2.9476737e-01  -4.5529636e-02  -1.1287030e-01  -2.5513376e-02   3.2045798e-03  -3.6799648e-01   7.9032664e-02   1.2880630e-01   1.5619754e-01   3.0507281e-02   7.3570427e-02   2.6331099e-01  -3.1748840e-01   2.6423325e-02
  -1.4123384e-01   4.7576677e-02  -1.1717389e-01   7.9836100e-02   1.2749812e-01  -1.5550681e-01   2.3941720e-02   2.2259049e-01  -5.7559343e-02   2.0091243e-01   2.8774157e-01  -3.1339584e-01   2.0530097e-01  -1.0097493e-01  -2.1766592e-01   6.1548165e-02  -2.1389263e-02  -1.0903446e-01  -2.1449709e-01  -1.2220399e-01   3.2840947e-04   1.2426786e-01   1.3860564e-01   1.2547537e-02  -5.5117407e-02  -1.6284687e-01   1.6580406e-01  -2.4555376e-01  -1.3774082e-01  -2.8362377e-02  -8.0160681e-02   2.6346047e-01   6.9042528e-02  -1.2754038e-02  -4.2199342e-02  -5.6969194e-02   1.8110446e-01  -2.0445074e-02   1.6745060e-01   1.1366571e-01  -6.5916613e-02   3.1365772e-02   9.7474838e-02   2.2444289e-01   1.4121398e-01  -1.6214726e-01   1.0025570e-01   7.0044796e-02   8.5669061e-02
  -1.3860769e-01  -5.2238821e-02   3.1996923e-01   6.0060450e-02   8.2295761e-02  -1.7319702e-01  -1.5594101e-01  -2.6004815e-02  -1.6927136e-01   1.1594031e-01  -1.4667628e-01  -3.0692388e-03   2.9935372e-01   2.1492798e-03  -2.0645338e-03  -2.0708508e-01  -5.9532156e-02   3.4079879e-02   1.6989791e-01   3.8021061e-01  -3.4211734e-02  -4.5849331e-02  -1.7931152e-02   1.2247511e-01  -2.6916819e-03  -1.8710155e-02   1.8933370e-01  -2.8111002e-02  -4.4082890e-02   1.3712712e-01  -4.3745426e-02   4.8903619e-02   1.8588489e-01   8.8496142e-02   1.6026291e-01   1.4152727e-01  -8.5995192e-02   8.7910650e-03  -2.9148478e-01  -8.5493196e-02  -6.4181587e-02   4.7487638e-02   1.7567536e-01  -1.2629976e-01   2.9698839e-01   2.4021910e-02   1.1139534e-01   6.0318568e-02   9.7740982e-02
  -1.5319623e-01  -2.3875454e-01   1.0960254e-01  -1.1230879e-01   9.5680829e-02   9.1631211e-02  -1.9776752e-01  -7.8357570e-02   1.1119850e-01  -3.0102800e-01   4.8283269e-02   6.0555667e-02   2.0214812e-01   2.7671102e-01  -6.7608465e-03   7.3673354e-02  -1.6279069e-01  -2.0255991e-01  -1.9247593e-01  -2.3399839e-01   2.0644439e-01   7.4188159e-02   1.6665498e-01  -8.2746644e-02  -2.3441951e-02   6.9701803e-02   1.8718286e-01  -1.0318595e-01   1.2063835e-01  -1.5040398e-01  -1.7402465e-01  -2.5197152e-01  -9.2529101e-02  -1.4882479e-02  -1.2168025e-01   2.2650819e-02  -4.7450198e-02   8.7111371e-02  -6.8611473e-02   9.5076021e-03   3.6889931e-02   8.2048324e-02   2.3331567e-01  -1.2388273e-01   1.0658560e-01  -3.2888433e-02  -2.0233332e-01   1.8424465e-02   7.5860436e-02
  -1.5980370e-01  -1.9181413e-01   1.4747558e-02   1.3350498e-01   1.3827115e-01  -2.8489143e-02   1.0264066e-01   4.5581320e-02   1.0842824e-01  -1.2657700e-02   8.7810319e-02   1.1366404e-01  -9.6582620e-02  -1.5570580e-01  -3.5195257e-01   9.1438045e-02   2.1433176e-01  -7.4418497e-03   3.0505527e-02   1.4710592e-02  -2.7106129e-01  -7.2942555e-02   1.3615164e-01   1.0772152e-01   1.8607656e-02   1.8324773e-01  -8.8106329e-02   1.5226914e-01  -1.5252718e-01  -7.3568395e-02   2.2503458e-01  -7.0201742e-02   4.5480865e-02   2.4311755e-01   8.2073027e-02  -1.4435054e-02  -1.1154756e-01   1.0390451e-01   1.0308128e-01   7.2817720e-02   6.6891852e-02   1.4257450e-01   3.9553349e-01  -3.8001514e-02  -6.6227387e-02   1.5399636e-01  -1.8232663e-01   1.5555156e-01  -8.9546513e-02
  -1.4772939e-01   2.3594707e-01  -1.1262808e-01   1.2043138e-01   1.0878415e-01   2.1199323e-01  -1.6060083e-01   3.4140763e-01  -5.6736037e-02  -4.2521781e-02  -1.4440047e-01  -9.2328050e-02   1.2876018e-01   1.5303281e-01  -1.1152722e-01   4.9691206e-02  -8.8316387e-03  -3.9544190e-02   1.5470877e-01  -5.7521674e-03   2.3134067e-01  -1.0081379e-01   5.9641871e-02   4.0736573e-02  -9.3874015e-02   6.6756783e-02   6.2369035e-02   1.9001675e-01  -3.7060113e-02  -1.8091855e-02   1.5553991e-02  -5.8611228e-02   1.1549412e-01  -1.4695928e-01   8.4209917e-02  -2.0235393e-01  -2.8492645e-02  -1.3425526e-01  -1.5815611e-01  -1.7594616e-01   2.2181907e-01   4.4660482e-02   5.7163093e-03   1.6296564e-01  -1.3200861e-01  -4.6071720e-02   2.4535369e-02   1.2570344e-01  -4.2685743e-01
  -1.3996142e-01   2.4512357e-01   2.8400430e-01  -4.2203654e-02   9.3402824e-03  -1.0260482e-01  -9.8931406e-02   2.7846512e-02   2.8523835e-01   9.9534977e-02   1.1160482e-01  -3.3377137e-02  -5.1056424e-02  -1.8490243e-02  -4.7950931e-02   2.4875122e-01  -3.4933496e-02   2.1549906e-01  -6.8742666e-02  -1.1332061e-01   1.7503842e-01  -9.0949534e-02  -8.8961831e-02  -7.8879927e-02  -2.9564716e-01   2.7641794e-02  -3.5344521e-01  -1.2398524e-01   1.1586436e-01   4.0201209e-02   9.8291187e-02   3.4827892e-02   1.8492913e-02  -5.8427630e-02  -2.5712308e-02   1.1736389e-01  -1.8739297e-02   1.6977998e-02  -9.6378817e-02  -2.5142330e-01  -1.9591487e-01  -4.0659336e-02   3.7980518e-02   1.3891038e-01   1.4509748e-01   2.7795674e-01  -9.4007473e-02   1.0198278e-01   4.9298765e-02
  -1.5610978e-01  -1.5603310e-01   3.6790561e-02  -6.3442105e-02   1.2144838e-01   5.5771843e-02  -1.9108783e-01  -1.8796656e-01  -1.6053820e-01   3.4170379e-01   1.4051836e-01  -9.3705303e-02  -3.3496043e-02  -1.4766880e-01   4.0392751e-02  -5.0405232e-02   1.6922740e-02   9.2102246e-02  -1.2639341e-01  -1.6360794e-01  -1.8645122e-01  -2.3963035e-01  -1.1782240e-01  -8.0316996e-02  -1.0855780e-01   1.1325011e-01   1.9781963e-02   2.4677683e-01  -6.1705771e-03   8.3006022e-03  -1.7300748e-01  -1.3994970e-01  -1.6981790e-01  -1.3182697e-02  -1.6990073e-02   1.4267813e-01   3.0649130e-01  -2.6758691e-01  -2.3757782e-01   1.3916449e-01   8.4537617e-02   6.1159110e-02  -8.0397879e-02   5.4128790e-02   2.4666990e-03  -3.5561397e-02  -1.5614883e-01  -7.1971681e-02  -1.2790810e-01
  -1.2935459e-01   2.2758544e-03  -2.6336897e-01  -1.5722422e-02  -3.7636460e-02  -1.1970314e-01  -7.1261084e-02   2.1328777e-01   1.5023825e-01  -1.2306952e-01  -2.0499621e-01  -1.7034268e-01  -7.0212316e-02  -1.2371018e-02   9.3454824e-02  -3.3230721e-02   1.7437094e-01   1.4139830e-01  -1.2815172e-01  -8.8487104e-02   7.4947837e-02  -1.7749404e-01  -4.4631400e-01   4.6124278e-03   1.0296615e-01   1.5309682e-01   1.1393194e-01   1.2915268e-01  -1.5414947e-01  -1.5744494e-01  -3.4046911e-02  -5.8523317e-02   1.3075614e-01  -2.7718181e-02  -9.7752498e-02   2.2152089e-01  -1.1574213e-01   2.4508281e-01  -1.1921688e-01   1.1813660e-01  -6.2773851e-02   9.1597385e-02   3.2066058e-02   1.0686906e-01   2.3406596e-02  -1.3439916e-01   6.8787868e-02   9.0499788e-02   2.4777995e-01
  -1.3291532e-01   3.7437825e-02   4.9086279e-02  -2.0452415e-01   1.5658674e-01   2.2795610e-02  -1.9269305e-01  -2.2436785e-02  -2.5537161e-01   1.4219007e-01  -2.3646108e-02   1.4339676e-02  -1.7010122e-01  -6.7387021e-02   1.3110342e-02  -1.0630566e-01  -3.9456166e-01   5.2567502e-02   3.5989327e-03  -2.8631503e-02   5.9314453e-02   2.0477085e-01  -1.4400869e-01  -1.1887112e-01   1.7645398e-01   2.6746400e-02  -2.1997404e-01   1.9236627e-01  -2.3786810e-01  -1.9264895e-01  -2.2227864e-02   1.6285838e-01   1.0498757e-01  -4.8872382e-02   2.0987169e-02  -2.1731339e-01  -2.0350014e-01   8.6451040e-02   1.8394926e-01  -1.0249884e-01  -1.3953950e-01  -1.6509401e-02   1.4327013e-01  -3.5393982e-02   1.0824657e-02  -1.1196101e-01  -2.0548377e-01  -1.2078726e-01   5.4409059e-03
  -1.3459921e-01  -1.8995785e-01   2.1155855e-02   1.3565899e-01  -7.2561114e-02   1.9189457e-02   2.0040632e-01  -1.2514605e-01   2.2215288e-02   8.1309116e-02  -2.0901289e-01   1.0296198e-01   1.4321479e-02   9.1540767e-02  -2.7242278e-01   4.1819601e-02  -9.8554581e-02   1.6131212e-02   1.1534512e-01  -1.1237100e-01  -1.3249791e-01   6.6429063e-02  -9.4282761e-02   2.6854690e-01  -1.7365010e-01   2.2018731e-02  -1.0468818e-01  -1.4484776e-02   1.8618995e-01  -2.3400393e-01  -6.7982569e-02  -8.7997785e-02   1.3369881e-01  -1.7035796e-01   1.0425883e-01  -2.8561159e-01   1.2874387e-01   5.9151548e-02  -7.8357320e-02   2.8926467e-03  -2.6257519e-01   1.9700466e-01  -2.8992988e-01   2.1837708e-02   7.5653482e-02  -2.2688248e-01  -1.0154882e-02   1.0531958e-01   1.0402627e-01
  -1.2656124e-01   1.4236622e-01  -2.2283219e-02  -1.9249316e-01   2.2216126e-01  -1.5183322e-01  -1.6813172e-01  -4.1386861e-02  -1.4245597e-02  -2.5360268e-01  -6.6093853e-02  -1.5485832e-01  -3.8697139e-03   1.2133625e-01  -1.2014726e-02   7.0094785e-02   4.8521859e-02  -7.5561694e-02   5.0407442e-03  -8.5884926e-02  -2.3877302e-01   1.1843846e-01   5.7626035e-02   2.2477386e-01   2.2335755e-01   2.8498176e-01   1.1559732e-02   1.2064977e-01   1.3541493e-01   1.4178030e-01  -1.7673604e-01   6.0205691e-02   1.2827698e-01   2.1215090e-01  -3.2323196e-02  -1.3997037e-02   2.4275765e-01  -6.0466935e-02   1.2582384e-01  -1.7543239e-01  -2.2295208e-01  -4.3777554e-03  -1.5251867e-01   1.8767600e-02  -1.2647268e-01   2.4274456e-01   1.6361464e-01  -6.8784268e-02   2.8516451e-03
  -1.4625166e-01  -1.6167910e-01  -1.8245028e-02  -3.3843812e-02  -5.6467441e-02   1.3244087e-01   1.4667242e-01   2.7828349e-02   9.0885141e-02  -1.9692965e-01  -1.1005943e-02  -3.4540807e-01   1.2570109e-01  -7.2435459e-02   4.2347599e-02  -8.7701660e-04  -6.7123181e-03  -3.0676919e-02   4.7233611e-01  -1.2570731e-01  -6.6103701e-02   1.3343347e-01   7.8134560e-02  -1.6733692e-01   4.9290432e-02  -6.1944698e-02  -8.5353423e-02   3.0741770e-02   4.0646198e-02  -1.0416474e-02   1.1262895e-01   3.8297079e-02  -1.8592280e-02  -1.0634817e-01   2.8209089e-01   3.2128304e-01   2.6753591e-02  -1.0195887e-01  -6.9024515e-02   1.6331589e-03  -1.7693897e-01  -1.0438203e-01   1.0799516e-01   1.6001663e-01  -8.6743500e-02  -1.0690292e-01  -1.5912521e-01  -2.3531094e-01   5.1345105e-02
  -1.2187355e-01  -1.6752399e-01   1.0594815e-02   5.0038566e-02   2.2787085e-02   1.9629458e-01   3.4177848e-01   1.6828533e-01  -5.3660282e-02   1.0089140e-01  -1.4141001e-01  -7.0712451e-02   1.9660664e-01   5.9833868e-02  -1.0831054e-02   7.4228211e-02  -2.4253242e-01  -5.4853531e-03  -1.7431984e-01   3.5209562e-02   3.7710627e-02  -1.0425146e-01  -3.1640310e-01  -9.9904650e-03   7.9841046e-02   1.6820971e-02  -1.2437476e-02  -1.2853829e-01  -1.0821770e-01   4.4867567e-02  -7.9283890e-02  -2.0973862e-01   3.0509268e-02   1.4731869e-01   2.2938908e-01   4.5781538e-02   9.3743744e-02  -7.8135584e-02   2.9983048e-01  -1.4692430e-01   2.0372838e-01  -1.4227006e-01  -1.0029590e-01  -3.6233110e-02   2.9592990e-02   3.2162900e-01  -5.3394325e-02  -4.9729113e-02   8.6954269e-02
  -1.3104984e-01   8.3158955e-02   2.1369400e-01   5.4894060e-02  -2.1711715e-01   2.8359729e-01  -1.2267912e-01  -8.7389575e-02  -2.0248866e-01   3.5553309e-02  -2.3360423e-01  -1.0217705e-01  -4.4574151e-02   1.4166127e-01   1.4689708e-01   1.1076046e-01   1.4909103e-01   3.2931233e-02  -4.4210097e-02  -1.6557492e-01   1.2959145e-02  -2.1599769e-01   3.6580467e-01   1.8960596e-01   2.2673066e-02  -8.0684515e-02  -6.0294766e-02   1.5032869e-01  -2.7642507e-01   1.4849849e-02   1.2234356e-02   3.2886846e-03  -1.4002501e-01  -7.3041656e-02   8.0015869e-02   1.3097995e-02  -2.2316197e-02   1.2140365e-01   2.3150377e-01   1.8106924e-01  -9.8839470e-02  -5.3946006e-02  -1.3694142e-02   9.5184679e-02   1.6468181e-01   8.0653907e-02   1.2227050e-01   6.2075762e-02   1.6429246e-01
  -1.2193861e-01   1.2748179e-01  -1.7066204e-01  -7.0136407e-02   1.2767773e-01  -3.3132859e-02   1.8077761e-02  -6.8026469e-02   1.2667351e-01   4.1203374e-02   2.3083955e-01  -8.9338323e-02   2.3244508e-01  -5.9112735e-02   3.0437615e-01   5.4617947e-02   1.3142622e-01   1.2270160e-01   1.2085770e-01   5.0195496e-02   1.9540323e-01   1.3659143e-01  -5.2240901e-03   1.8108727e-02  -2.0975296e-02  -9.6836736e-02   2.7340209e-02   2.4682483e-01   9.7796541e-02   2.6382828e-02   4.0061893e-02  -2.9250837e-02  -3.1655660e-02   6.8937240e-02   2.5279236e-01  -3.0048831e-01  -8.2033647e-02  -6.0763217e-02   6.1395641e-02   2.4458313e-01   3.8705313e-02   2.3980350e-01  -1.4929556e-01  -2.0238675e-01   4.0782484e-02   1.7245328e-01  -1.5822477e-01   1.6078238e-01   2.2572491e-01
  -1.3183430e-01  -4.7164952e-02  -6.8003911e-02   1.7317207e-01  -3.0342891e-01  -4.5644982e-02  -1.0279356e-01   2.4223230e-01  -7.8153538e-03  -1.6174752e-03  -6.6792516e-02   3.7389319e-02  -5.2470976e-02  -2.1782589e-01  -7.7689918e-02   1.2494688e-01  -1.7777407e-01   1.8454791e-02   6.4880232e-02  -2.3116278e-01  -9.4812766e-02   2.3376179e-02   5.9914401e-02  -3.0973666e-01   1.0002562e-01   1.0040875e-01  -1.8607978e-02   1.0900015e-01   9.9321541e-02   2.3109421e-01  -1.0382009e-01   6.7771638e-02  -1.3244432e-01  -1.5291940e-03   2.6774504e-02  -1.0524802e-01   4.7486044e-02  -9.0817560e-02  -6.5899447e-02  -8.6756762e-02  -5.9948442e-03  -1.0650415e-01   6.7905151e-02  -4.2509621e-01   1.3227932e-02  -6.2863863e-02   2.1268573e-01   2.6894036e-01   1.5782667e-01
  -1.5264766e-01   2.5747818e-01  -1.2511367e-01  -5.5068229e-02  -2.9623454e-01  -3.3634858e-02   1.6569357e-01  -1.1706931e-02  -4.9465226e-02  -6.8051264e-02  -1.1051618e-01   1.6172092e-01   5.7507913e-02   2.7480945e-02   5.1659004e-02  -1.0490866e-02   2.1866554e-02  -1.6002977e-01  -1.8258216e-01   2.5845687e-01  -1.2559977e-01   4.5690361e-02   1.5046516e-01  -2.9816257e-01  -1.4746874e-01  -5.5596051e-02   1.0647602e-01   9.2173422e-02  -2.0893526e-01  -1.8644706e-01  -9.2837792e-02  -5.7434889e-02   6.6467752e-02   1.7710493e-01  -5.9127073e-02   9.8430329e-02   2.9756817e-02  -2.6477672e-01  -4.2378687e-02  -1.1116023e-01  -3.0578069e-01   1.0604247e-01  -5.7887586e-02   7.5589958e-02  -6.9912880e-02   2.6358125e-02  -2.4376703e-01   1.3858600e-01   1.3607866e-02
  -1.2524217e-01   5.2641703e-02  -2.7278723e-01   1.9332467e-01  -3.8629156e-02   3.0175860e-02  -1.3901144e-01  -1.1916781e-02   5.5179892e-02   4.4570329e-02  -2.3593095e-01  -6.1914213e-02  -1.9319114e-02  -2.0707347e-01  -3.6678093e-02   1.2170578e-02   6.1809800e-02  -9.1020768e-02  -1.5736887e-01  -1.8511820e-02  -4.1824993e-02   1.6112849e-01   1.2626462e-01   2.3063295e-01  -2.0561124e-01   1.5616257e-02  -1.0547630e-01  -8.2142201e-02   4.6199396e-02  -7.9032268e-02  -1.0796346e-01   1.0493704e-01   1.7840858e-01  -1.4132830e-01  -9.1910996e-02   8.8490841e-02  -2.3539375e-01  -1.7382211e-01  -8.4834812e-02   9.5718389e-02   1.4331144e-01  -1.0116874e-01  -2.1796755e-02  -2.5997554e-01   8.5197758e-02   2.2721527e-01  -1.1750798e-01  -4.1111037e-01   5.0072313e-02
  -1.5128375e-01  -7.5223936e-02  -2.2886062e-01  -1.8616482e-01  -6.5284927e-02   1.5462020e-01  -5.4188953e-02  -4.2765335e-02  -1.5349888e-01   2.9086595e-01  -5.2207890e-03  -1.0142436e-01   1.2927195e-02   1.5292489e-01   4.2576175e-02   2.4795107e-01   4.1618033e-02  -7.0635894e-02   2.1419192e-02   7.9090189e-02  -1.0313964e-01   2.7099304e-01   7.7007913e-02  -2.6283209e-02   2.5025171e-01  -5.7457647e-02  -1.7225000e-01  -1.5512415e-01   1.7425194e-02  -5.1801535e-02   3.1337942e-01  -6.5568039e-02  -1.1919669e-02   6.1710114e-02  -1.7795765e-01   1.8674270e-01   1.5726545e-02   1.7783032e-01  -2.4422308e-01  -1.6552831e-01   1.8057547e-01   1.9141515e-01  -1.4532967e-01  -5.1683467e-02   8.2863847e-02   3.8934358e-02   7.4229573e-02   1.4220753e-01  -1.7701093e-02
  -1.7704896e-01  -1.0755176e-02   4.3462578e-02   1.0463429e-02   8.4293664e-02   1.2086840e-01   1.7950290e-01  -6.8085584e-02   4.7825099e-02   6.5695947e-02  -6.3496520e-03   1.1781225e-01  -3.6658658e-01   8.2735995e-02  -3.9643962e-03  -1.3330835e-01   1.0765599e-01   1.4775823e-01  -1.6739369e-01   1.4673054e-02   1.3850665e-01   4.7264667e-01  -1.7195504e-02  -4.5137276e-02   9.0655723e-02   3.0609103e-02   1.3584114e-01  -9.0232750e-03   5.9457617e-03   5.5694170e-02  -1.0507899e-01  -1.1750586e-01   2.0272776e-02  -2.3972665e-01   2.0366511e-01   7.1638540e-02   2.2916352e-02  -1.8453919e-01  -1.0135045e-01   1.3338540e-01  -6.2477049e-02  -1.7502631e-02   2.1467593e-01   1.2113795e-01   9.3957107e-03   1.6911930e-01   2.9782829e-01   1.1590536e-01  -5.7013376e-02
  -1.6212837e-01   1.9366883e-02  -3.4882940e-02  -5.8137118e-02  -1.6471482e-01   2.8500420e-02   5.4672803e-02  -1.0304317e-01  -2.2587344e-01  -1.9719275e-01   7.7763530e-02   1.4766483e-01   1.2898497e-01   1.0248249e-01   1.0638077e-01   3.0710213e-02  -2.1398220e-01   8.7387472e-02   1.8950521e-01  -1.0851521e-01  -1.6655796e-01  -3.9625635e-02  -2.2877805e-01   1.2463990e-01  -1.2610613e-01  -2.3398323e-02  -1.1467282e-01  -1.4554476e-01   7.6869616e-02   3.2979413e-02  -1.2524503e-01   2.9884632e-01   3.9135732e-02  -3.8278848e-02  -2.0373804e-01   1.2248188e-01  -1.4433676e-01  -1.6181695e-01   7.9404955e-02   2.7109171e-01   1.7420621e-01   2.0026727e-01   1.7602740e-01   1.3757222e-01  -1.3695061e-01   1.5503124e-01   8.1138183e-02   2.1980140e-01  -6.7734826e-02
  -1.4290551e-01   2.1162919e-01  -5.3232566e-02   2.6280515e-01  -7.0344218e-02   2.6705576e-02   4.5972393e-02  -1.1138792e-01   1.3756242e-01   7.4650759e-02   2.5378243e-01   1.5860347e-01   4.0760218e-02   8.9748421e-02  -4.3719180e-02   4.0320812e-02  -2.1661507e-01   3.5702217e-02   2.1570306e-01   1.0589439e-03  -1.5515711e-02   3.8675098e-02  -1.8368861e-03   4.9860583e-02   4.7274695e-02  -2.8087972e-02   1.6557501e-01   6.1319418e-02  -2.9291399e-01  -8.8454472e-02  -1.6249597e-01   2.3591802e-02  -6.8879082e-02  -1.7366916e-02  -6.2703591e-02  -1.4909821e-03   2.2009430e-01   4.2354803e-01  -2.5216639e-01   3.6668431e-02   1.8215020e-02  -1.5020751e-01  -2.0531815e-02  -3.3786410e-02  -2.1292187e-01   2.2588676e-01   1.1646750e-02  -1.8980093e-01   5.4213569e-02
  -1.2995034e-01  -1.8651030e-01   5.6043392e-02  -2.8709700e-01   3.4986855e-02  -5.2177888e-02   2.1950824e-01   1.2860748e-02   2.4406497e-01   9.8828688e-02  -3.1560610e-02   5.2810881e-02  -9.3342772e-02  -8.9043728e-02   1.1444587e-01   1.3205309e-01  -3.4004662e-01  -4.6802958e-02  -8.4328746e-02  -1.1589855e-01   1.0790939e-01  -9.4761045e-02   1.8864456e-01   1.8862447e-01  -1.2477783e-01   1.2435371e-01   2.9793813e-01   1.0231386e-01  -1.6889630e-01   1.5809061e-01   2.2860182e-01   2.0326268e-01   5.0157050e-02   9.2196563e-02  -3.5260499e-06   6.7780782e-02  -2.3057067e-01  -7.3621161e-02  -1.3062415e-01   3.5962978e-02  -3.6689368e-02  -1.0512513e-03  -2.1823538e-01  -6.9557018e-03  -1.1214548e-01  -7.9819909e-02   1.1783131e-01  -2.1734045e-02  -8.8172487e-02
  -1.4199935e-01   1.9533145e-01   1.6455085e-01  -9.1138683e-02  -1.7702654e-01   1.6941676e-01   1.9995363e-01   1.7112167e-01  -7.3552064e-03   8.9416023e-02   2.1104734e-01  -7.1817334e-02  -7.9193962e-02   2.8183574e-01  -5.1637256e-02  -2.3400461e-01   1.4035550e-01  -1.9690853e-01   5.2245179e-02   5.5429012e-02  -6.0146996e-02   8.5561333e-02  -1.2725263e-01  -4.5498897e-03  -1.8431883e-01   4.4139817e-01   3.2523030e-02   1.1363000e-01   1.2119305e-01   3.0303285e-02   9.8755408e-02   1.6104284e-01  -1.3459261e-01   5.2876972e-02  -1.0636481e-01  -6.2031662e-02  -2.1512700e-02   1.6326307e-02   4.3542806e-02   1.4918948e-02   1.4721791e-01  -3.2356771e-02   3.8560877e-03  -7.9915334e-02   2.2348869e-01  -1.3010227e-01  -3.3796470e-02  -1.8326906e-01   1.4483547e-01
  -1.3603824e-01   9.9865233e-02  -1.6245471e-01  -1.4673523e-01   8.2122259e-02   2.6255598e-02   1.7631151e-01  -9.2175207e-02  -3.3131749e-01   1.4081695e-01   1.1181940e-02   1.3690142e-01   1.0622616e-01  -5.8863619e-02  -9.3998225e-03   1.6697644e-01   1.8228905e-01   1.8302313e-02  -5.4986673e-02   3.0359199e-02   3.2095821e-01  -1.0102826e-01   2.4284403e-02   1.3875766e-01  -1.6523639e-01   8.0268254e-02  -9.5717081e-02  -3.2773972e-02   2.0143633e-01   6.1959808e-03  -1.1616552e-01   3.0932024e-03  -3.5529075e-02   1.1117188e-01   1.2943907e-01   1.6759804e-01   2.4516047e-02   1.5248940e-01   2.4435570e-02  -7.3638913e-02  -1.4742377e-01  -1.5993342e-01   2.3322401e-01  -1.9798345e-01  -3.2997037e-01  -2.5548939e-01   9.7172793e-02  -4.8952812e-02   3.8535678e-02
  -1.4126125e-01  -7.6950173e-02  -6.8238724e-03  -1.2967976e-01  -1.2519762e-01  -9.0130052e-02  -1.3418520e-02   3.9161034e-01  -1.1013846e-01  -1.5626892e-02   3.0777142e-01   2.5070838e-01   4.5520321e-02  -6.1139240e-02  -3.4855654e-02  -2.3656964e-01   7.6770472e-02   1.8552480e-01  -2.5089770e-02  -6.1020323e-02  -5.5995399e-02  -7.4895428e-02   1.6032765e-01   3.0815522e-01   2.6253559e-01  -1.1682068e-01  -1.1901145e-02  -1.4263728e-02   1.0779659e-01  -1.3980445e-01  -8.7534238e-02  -1.1153941e-01  -1.7744287e-01  -1.1980076e-01   1.9218792e-02   6.0430996e-02  -2.2156701e-01  -1.0342018e-01  -7.0728252e-02  -2.0178256e-01  -2.8205244e-02  -1.0144612e-01  -1.6665075e-01   1.2280183e-01  -3.3772089e-02   6.3193451e-02  -9.9971913e-02  -1.7783111e-02   1.1819381e-01
  -1.5321174e-01   1.6215523e-01  -1.2031619e-02  -6.9923432e-02  -1.8104538e-01  -4.0587497e-02   5.9169123e-02  -1.0410796e-01   5.9372512e-02  -2.3604993e-01   7.3410517e-02  -7.4745182e-02  -1.0179806e-01  -3.9661407e-01   1.8538516e-01  -6.5643484e-02  -1.8618687e-01  -1.4679346e-01  -1.0273657e-01   1.0044162e-01  -4.8770700e-02   7.8240948e-02   5.2622118e-02   2.2568326e-01  -7.4148096e-02   1.0631455e-04  -2.0017586e-01   3.2825245e-03  -2.8506198e-02   1.8548851e-01  -1.1930116e-01  -2.9413275e-01   7.7116564e-03   3.9317716e-02   1.2040691e-01  -5.9813613e-02   1.0973635e-01   1.8567259e-01  -3.0393411e-02  -1.2492749e-01   2.8399764e-01   1.0443023e-01   9.5308577e-02   2.0180283e-01   1.3926575e-01  -2.3100194e-01   4.1330031e-02   1.3132407e-02  -2.3084960e-02
  -1.6007659e-01   1.2413682e-01  -8.0240953e-03   1.0614306e-01   8.1857677e-02  -1.8426945e-01   1.4770750e-01  -2.0256338e-01   5.2482365e-03   1.1866628e-03  -1.3390690e-01  -4.3502972e-02   3.9359998e-01  -4.9846567e-02  -5.9494509e-02  -1.3328935e-01  -8.4167954e-02  -4.7133992e-02  -2.6187852e-01  -1.9741313e-03  -1.3802785e-01  -4.0818986e-02   2.8290263e-02  -2.2563611e-01   1.3701549e-01   8.9773869e-02  -1.2183751e-01   1.4437582e-01   2.0802787e-01  -7.2958561e-02   1.9086034e-01  -3.7743402e-02  -2.8764491e-01  -1.2010324e-01  -1.3637354e-02  -9.7757610e-02  -2.6589902e-01   1.2991691e-01  -4.6612634e-02   1.1352467e-01  -3.4243239e-02  -1.2029843e-01  -3.0987308e-02   1.7673934e-01  -3.4037549e-02   6.4743064e-02   2.4309085e-01  -7.7864200e-02  -1.3556487e-01
  -1.3157494e-01  -1.8046432e-01  -2.0734623e-01  -8.4026316e-02   2.1152095e-01  -5.7622915e-02   1.2311243e-02  -7.3406924e-02  -5.3902309e-02  -1.1144196e-02  -4.7160341e-02   1.0656444e-01  -1.0406978e-01   7.9136073e-02  -2.1985587e-01  -2.2650868e-02   4.3270253e-02  -2.0927484e-01   1.0727515e-01   2.1567406e-01   7.6268616e-02  -1.2964287e-01   8.1228991e-02  -1.6698187e-01  -8.9868899e-02  -4.4077878e-02  -8.6622911e-02   1.0945360e-01  -4.2299743e-02   4.6342497e-01  -1.0774685e-01   1.9126349e-02  -3.0711492e-03  -2.9920542e-01  -1.5492099e-01  -3.5942485e-02  -5.6132993e-02   7.0448251e-02   3.1111844e-02  -3.3936333e-02   7.5666180e-02  -6.5599250e-02  -1.0329987e-01   2.2457818e-01  -3.6041043e-02   8.2948145e-02  -1.2653080e-01   7.2257809e-02   3.4566198e-01
  -1.3982428e-01  -8.3798765e-02   8.4035217e-02   1.5563086e-02  -4.9206151e-03   3.0844222e-01   9.8106352e-02  -7.2885697e-02   1.4058983e-01  -1.3442111e-01   3.2541136e-02   1.7119113e-01   6.2137468e-02  -7.7512336e-02   2.4625663e-02   1.6406472e-01   1.3220041e-01   1.5159110e-01  -2.2400857e-01   9.4154311e-02  -5.4925507e-02  -9.3385552e-02  -2.9333383e-02  -8.3767976e-02   1.9708600e-01  -2.6790131e-01   8.7626771e-02   2.9453328e-01   2.4122421e-01  -1.6570243e-02  -5.3317276e-02   4.1865235e-01   2.2066833e-01  -2.9336689e-02  -5.4638123e-02  -2.7356745e-02   1.3843563e-01   6.5763516e-02  -8.3492158e-03  -1.9941068e-01   1.2316910e-01   3.2659262e-02   5.9289110e-02   4.3941089e-02   1.4213576e-01  -9.9410184e-02  -4.6026210e-03  -1.4537496e-01  -1.2685502e-02
  -1.2513948e-01  -8.9205707e-02   1.9650974e-01   2.0936448e-01  -2.3090809e-01  -4.3531301e-02  -5.0009481e-02  -8.6462160e-02   1.7301147e-01   2.6967889e-01  -1.1066537e-01  -4.5637074e-02   4.1328771e-02  -1.9990988e-01  -3.5308932e-02  -3.1334294e-02   6.8382760e-02  -9.2570695e-02   1.5345035e-01   1.0198950e-01   3.9385159e-01   9.3471578e-02   1.0952325e-02   3.9811634e-02   3.0237687e-01   1.6671208e-01   3.1322506e-02  -5.5542364e-03   1.3106407e-01   3.7223325e-02  -2.0401119e-01   3.0785672e-02  -6.0196444e-02   1.0296147e-01  -2.6007818e-01   9.7547585e-02  -4.3443022e-02  -2.7313291e-02   2.4629549e-01   1.7557942e-02  -1.5603649e-02   2.0245141e-01  -8.0106465e-02   1.5022956e-01  -1.4355722e-01  -1.4045047e-02  -1.1885766e-01   6.9672417e-03  -1.1639442e-01
  -1.5122383e-01  -2.0243053e-01   8.9297141e-02   1.9066280e-02  -3.1186895e-01  -6.6123827e-02  -2.5521859e-01  -2.1742369e-02  -7.9249565e-02  -8.4053364e-02   1.3996617e-01  -1.4966264e-01  -6.6116295e-02   5.4836725e-02   3.0106642e-02  -1.0328361e-02   4.6926884e-02  -1.8166889e-01  -2.4228550e-01   1.8752421e-01   4.6421070e-03   4.8681874e-02  -1.6382655e-01   8.2049724e-02  -2.0214439e-02  -1.3432712e-02   4.7748830e-02  -2.9881609e-02   1.2252916e-01   5.3798333e-02   1.9065576e-01   1.1980026e-01   1.4490260e-01  -1.1267614e-01   2.1296108e-01  -6.8864531e-02   6.7002008e-02   1.6378626e-01  -1.9982586e-02   1.6895254e-01  -6.6502337e-02  -3.4123586e-01  -1.0678381e-01  -2.7393660e-02  -2.2651719e-01   7.3530005e-02  -2.2654345e-01   2.0467434e-01  -1.8012021e-01
  -1.6270724e-01   1.0670760e-01   1.7942844e-01  -1.7099160e-01  -1.2995433e-02  -4.8885323e-02  -5.8173275e-02  -1.6223282e-02   4.3484827e-02   8.0729167e-02   7.4095997e-02   2.8091884e-01   7.4416539e-02  -3.9786929e-02  -6.4848481e-02   6.7503485e-03   2.4461257e-01  -2.1914371e-01   1.4294589e-01  -2.9678587e-01  -3.0578053e-02  -1.9163493e-02  -5.4838821e-02  -2.5248677e-01   7.4744225e-02  -1.0623036e-01  -8.8741956e-02  -9.6415534e-02  -7.9558754e-02   1.9474874e-02  -8.9596038e-02  -1.7797917e-01   4.5100186e-01   1.4293573e-01   8.7775367e-02  -6.1957578e-03  -1.3583001e-01   2.0688319e-02   1.9905421e-02   2.1165630e-01   1.3143472e-01  -1.5990958e-01  -2.1234544e-01   1.8824388e-02   4.5167350e-02  -8.5494635e-02   1.4272979e-01  -8.2068286e-02  -7.0924002e-02
  -1.5072668e-01   5.4196695e-02   1.1485611e-01  -1.1461694e-01  -7.4343325e-02   1.0480569e-01   7.6257843e-02  -4.3918184e-02  -9.7157217e-02  -1.3551923e-02  -8.9902077e-02  -2.0731564e-01  -4.5934259e-03  -9.3425827e-02  -3.2326020e-02  -3.1619088e-01   1.1930182e-01   3.1860770e-01  -7.4080534e-02  -1.5365837e-01  -9.1199721e-02  -7.4284343e-02   1.0459022e-01  -1.7566188e-01  -7.5831552e-02  -2.4298578e-02   1.9835426e-01  -3.0261768e-01   7.2498726e-04   2.0635544e-01   7.8550973e-02  -6.1831976e-02   1.4653558e-01  -9.2760610e-02  -9.4377271e-02  -2.0303142e-01  -1.6276741e-02   1.9856112e-01   4.7692271e-03  -1.3545185e-01   5.1700792e-03   2.8470213e-01  -8.0071045e-03  -1.3515261e-01  -3.0641378e-01   8.5581498e-02  -1.0624798e-01  -1.1313918e-01   2.7161280e-03
  -1.5174272e-01  -1.1113663e-01  -2.0974063e-01  -1.6367350e-01  -9.5628371e-02   1.0999170e-01  -5.2475115e-02  -3.0398721e-01   1.5755748e-01  -1.2603218e-01   5.1997334e-02  -6.5797037e-02   1.7365089e-01  -2.8212922e-02  -1.7324421e-01  -8.8265403e-02   1.1362294e-01   3.7850322e-01   1.1987465e-01   1.0716745e-01   7.7826147e-02   5.1778997e-02  -2.9837860e-02   5.6992998e-02  -4.0619640e-02   9.4782364e-02  -2.5632026e-04  -9.3013824e-02  -2.5000863e-01  -3.3421314e-03  -1.5799135e-03  -4.5102668e-02  -5.6902567e-02   9.4824353e-02  -2.2161124e-01  -1.4446601e-01   2.2759462e-03  -1.4842098e-01   9.5449938e-02  -7.9815428e-02  -1.2618835e-02  -4.0198112e-01  -3.7161082e-02  -5.7443315e-02   2.0534836e-01  -1.2178187e-01   5.8644789e-02   1.2438214e-01  -1.4189247e-01
  -1.3081590e-01  -2.1625614e-02   1.7629198e-01  -9.7181930e-02   1.1862292e-01   9.2886165e-02  -6.7410594e-03   2.3755040e-01   5.2039664e-02  -4.0567022e-02  -3.5495483e-03  -2.3534319e-01  -1.7233986e-01   2.8540810e-02  -1.0667257e-01   2.2246328e-01  -3.3933421e-02   1.3234899e-01   4.4282718e-02   3.2551355e-01  -1.9913181e-01   7.4021240e-02  -1.9114464e-02  -7.4359131e-02  -1.7281965e-01  -2.6454900e-01   1.1483223e-02   4.0826967e-02   1.1210527e-01  -1.9676880e-02  -3.3641197e-01  -1.3843938e-01  -1.9686753e-01   1.4869280e-01  -1.1309752e-01   2.2537483e-02  -2.5432613e-01   1.5698514e-01   5.1407513e-02   2.0851725e-01  -4.9335569e-02  -1.8411387e-02  -1.4357586e-01  -9.4370476e-02  -6.5964144e-02  -7.8274032e-02   9.3762474e-02  -5.1190898e-02  -1.5240692e-01
  -1.6437886e-01   7.4426003e-02   4.9910661e-02   2.6617877e-01   2.7219883e-01   1.4594651e-01  -1.6359786e-02   1.7653872e-01   1.3266489e-01  -1.2221800e-01  -1.0845921e-02   1.6286557e-01   6.5490065e-02   1.3118881e-01   1.1395384e-01  -2.0043072e-01  -1.0627350e-01   1.3565548e-01  -1.6676112e-01   9.4284229e-02   1.4734463e-02   1.5393499e-02   1.0156289e-01   3.1825352e-02   1.3034609e-01   4.4442363e-02  -3.6136386e-01  -1.4182189e-01  -1.0244958e-01   2.1580229e-01   1.3568516e-01   3.0630603e-02   3.1629224e-02   6.9855808e-02  -7.9805956e-02   1.6495385e-01   1.7843521e-01  -6.9537765e-02  -2.4547924e-02   2.6099555e-01  -9.5663166e-02   2.9370292e-02  -1.5518195e-01  -1.5283559e-01  -9.4754904e-02  -2.8824819e-01  -1.1605985e-01   3.6461405e-02  -2.3764241e-03
  -1.2105766e-01  -8.9960944e-02  -2.7525178e-02  -6.2437469e-02   6.4128753e-02  -4.3351382e-02   1.8466838e-01  -9.6081338e-03   1.4254379e-01   3.5991784e-03  -3.2688512e-02  -6.2670510e-02  -4.9701118e-02   5.8145915e-02   1.6406335e-01  -1.0758529e-01   2.4481169e-01  -3.4155733e-01   8.7401385e-03  -1.0135204e-01   4.6440954e-03  -1.5954246e-01  -1.6759426e-01   7.8137113e-02   1.1985203e-01  -1.7365634e-01  -1.9050057e-01  -1.6285474e-01  -2.3262834e-01   6.8540606e-02  -2.3111510e-01   2.2147635e-01  -2.6545708e-01  -6.5960246e-02   4.3987847e-02  -1.6889757e-01  -4.3836006e-02   1.3561052e-02  -1.7022308e-01  -1.3989799e-01  -1.7575268e-01   9.5683900e-02   7.5101399e-02  -2.1288087e-01   9.2633480e-02   6.4853195e-02  -1.7199654e-02   3.4838374e-02  -2.9373981e-01
