  -1.3917403e-01  -4.9610350e-02   2.8975794e-01   1.2403493e-01  -1.1178600e-02  -2.0876257e-01   2.0792172e-01   4.3677849e-02   7.6845471e-02  -6.6776602e-02   1.3960815e-01  -9.6087676e-02  -1.4784995e-01  -3.9109176e-03  -8.7180625e-02  -1.3973135e-01   3.2867235e-01   2.7677682e-01   1.8819183e-01  -1.0460856e-01   2.9609865e-02   1.2430056e-01  -1.5872596e-01   6.3295526e-02   1.0139497e-01   2.4743075e-02  -2.3546398e-02   1.6641766e-02  -2.4545525e-01   1.0629735e-01   1.1830610e-01   1.4222659e-01  -1.0477261e-01   3.6496297e-02   2.0008910e-01  -2.7810244e-01  -1.3818371e-01  -3.7811567e-02  -7.2594167e-03  -1.1621831e-01  -1.5786843e-02  -6.4508240e-02  -1.4123338e-01   1.6917172e-01  -2.3496399e-02   1.5675070e-01   1.8421621e-01  -8.3995459e-02  -1.5816762e-01
  -1.4374265e-01  -1.5772196e-01   2.6240274e-02   1.4727222e-01  -1.4019805e-02  -5.2145396e-02   4.7633791e-02  -3.3070071e-01  -5.7351822e-02  -1.0227646e-01  -1.7304596e-01  -2.5171537e-01  -8.5398901e-02   2.4478139e-01  -2.5696746e-04   1.0140854e-01  -2.0998426e-01   1.8386774e-02  -1.4833400e-01  -9.2149865e-03  -1.8214992e-02  -3.7730424e-02  -1.4889684e-01  -1.2872827e-01  -4.0862936e-02  -2.9791900e-01   2.3757600e-01  -3.6620942e-02  -1.2974306e-01  -3.9442803e-02  -3.1678234e-02   6.6052052e-02  -1.8494861e-01   9.4983659e-02   2.1720237e-01   1.2005359e-01  -1.0731807e-02  -9.5377535e-02   1.0862772e-01   1.8566248e-02   2.1560002e-01   6.5083641e-02   2.0914764e-01   2.2609630e-01  -2.5606764e-01  -6.6860413e-02  -7.2454564e-02   3.6846324e-03   8.3344300e-02
  -1.5134154e-01   1.3444786e-01   2.0687907e-01  -2.3547975e-02   1.2890311e-01  -1.3878603e-01   2.5873754e-02  -6.3176734e-02   2.0223073e-01   4.0110997e-02   2.0761334e-02  -3.4668090e-01  -9.5285523e-02   1.8417729e-01  -1.5217832e-01   9.3896169e-02  -1.0812533e-01  -1.0818850e-01   4.7969583e-02   2.1151063e-01   5.3170319e-02  -1.9291482e-02   2.2928772e-02  -1.1085596e-01   2.8723598e-02   4.7332312e-02  -3.2720723e-01   2.6352249e-01   7.6275802e-02   1.0162481e-01   3.9981645e-02   1.8206671e-02   1.5542009e-01  -1.4728746e-01  -2.2624572e-02   2.7704846e-01  -1.0036375e-01   8.1201733e-02  -2.1396484e-01   6.5894474e-02  -2.0974265e-01   3.4697646e-02   6.1919820e-02   1.0234207e-01   4.5953190e-02  -5.8519692e-02  -1.7743684e-01  -1.7579584e-02  -2.5727579e-01
  -1.4416467e-01  -3.6232945e-02  -1.1076927e-01  -2.4152964e-01  -2.7694573e-02   3.4630214e-01   7.4803291e-02   5.9130470e-02   8.3070534e-02  -6.5834293e-02   3.7844866e-02  -2.7187814e-02  -1.6214313e-01   6.9779249e-02   6.0741184e-02  -5.4902452e-02  -9.2877912e-03  -1.8186422e-02  -1.4343692e-01  -6.0572149e-02   1.2887589e-01   1.6770237e-01  -1.5150571e-01   1.7705515e-01   4.8404226e-01  -2.1900122e-01   5.6880379e-02   2.2332107e-01   1.0650031e-01   5.8974062e-02   1.3944623e-01  -2.1180682e-01  -7.3093773e-02   1.5535458e-01  -7.3015665e-02   2.8640503e-03  -5.6195588e-02   1.4246072e-01   9.1972657e-02  -3.4922876e-02   1.6902804e-01   1.2725819e-01  -1.1078242e-01  -7.6199607e-02   7.2828321e-02  -4.0195076e-03  -1.1595671e-01  -3.9450388e-02  -1.9219434e-01
  -1.3193270e-01   4.7468148e-03   7.6466251e-02   7.2292047e-02  -1.5422409e-01   9.4797497e-02  -1.7128311e-01  -1.0245370e-01  -2.3721438e-01   9.3590374e-02   1.7713428e-01  -4.7658181e-02   2.1770565e-01   1.9199254e-01   8.2759445e-03   4.7522428e-02   8.8245862e-02  -1.9327149e-01  -2.4419959e-01  -7.6197932e-02   4.5395778e-02  -1.2906990e-01   1.5694768e-01   3.6342621e-01   5.8091218e-02  -5.6089316e-02   1.1621705e-01   1.8792261e-01  -1.3344774e-01   2.2612430e-01  -1.1499080e-01   1.7893615e-01   1.0553376e-01  -7.2694560e-02   3.8573691e-02   8.8245302e-02   4.7283556e-02  -2.0753113e-01  -1.4255466e-01  -1.2515514e-01  -1.4992738e-01   1.7187139e-01  -2.3519859e-01   3.3187084e-02   8.6337505e-03   7.9823146e-02   1.4118826e-01  -9.7401370e-02   8.2476100e-02
  -1.3291105e-01  -4.4544813e-02   1.4149521e-01   8.7007908e-02  -2.0628763e-01   5.9722349e-02   1.3148522e-02   3.2715825e-01  -6.0523481e-02   1.0972095e-01  -1.0467431e-01   9.2207169e-02   1.1173417e-01   1.4151553e-01  -1.5919713e-01  -8.9422348e-03   1.1276871e-01  -1.3990277e-02   1.4819728e-02  -1.1800030e-01   5.2937384e-02  -2.2065653e-01  -9.9004072e-02  -1.1129311e-01   6.9514524e-02  -8.6490253e-02   5.5422748e-02   1.2363223e-01   1.5130106e-01  -1.9744773e-01  -1.3501867e-01  -1.5016224e-01   2.4406297e-01   1.7077278e-01   1.8534878e-01   1.2817383e-01   7.6938032e-02  -1.7008954e-01   1.5339213e-01   3.1286893e-01  -3.6675465e-02  -3.5039304e-01   6.4907593e-02   4.7119106e-02   3.4011785e-02   6.4748473e-02   6.4887220e-02  -1.3027747e-01  -1.3932380e-01
  -1.4966196e-01   3.2051496e-01   1.3316085e-01  -1.6932166e-01   1.3082099e-01   1.1604116e-02  -4.5062831e-02   1.4554975e-02  -1.3901971e-01  -9.9584462e-02   2.7558669e-02  -1.2956660e-01   6.6622046e-02  -2.3753284e-02   1.0319917e-02  -2.5020535e-01  -2.9155578e-01   1.6824513e-01  -1.7297427e-01  -4.9760170e-02  -7.8792605e-02  -1.3067263e-01  -4.1018389e-02   6.1638290e-02  -3.7769276e-02   9.0313406e-02   2.3287905e-01  -5.1224565e-02   2.4791532e-01   1.0316719e-01  -1.2117747e-01   4.2698283e-02   1.4829878e-02  -2.7349963e-01   1.7244863e-01  -2.3539816e-01  -1.9151052e-01   4.2277348e-02   7.9432431e-02   2.0120596e-01   6.6216650e-02  -1.6947407e-02  -6.1417853e-03  -4.4617247e-02   7.7565795e-02  -5.2282924e-02   1.5036780e-01   2.4082147e-01  -1.5318480e-01
  -1.5834674e-01  -3.7812958e-02   1.9799848e-01  -1.1685766e-01  -1.7626699e-01   1.7356154e-01  -1.5572062e-01   1.3614585e-01  -8.2174724e-02  -2.6392004e-01  -5.4687858e-02   3.7486575e-02   1.4084354e-01   1.9572954e-02  -1.3391576e-01   3.0101557e-01   2.9148358e-02   3.9554702e-02  -1.0836481e-01   1.4103218e-01  -7.7094769e-02   4.1582530e-01   1.1272189e-01   1.2252263e-03  -1.2671348e-01   1.5952513e-01  -2.0471277e-01  -1.9408811e-01   1.2965180e-01   1.9895430e-01   1.0199910e-01  -8.0040032e-03  -8.0722535e-02   1.6535620e-01   2.8595295e-01  -6.2606036e-02   6.2324752e-02  -5.3686728e-02  -5.8748729e-02   1.4650271e-01   5.9364192e-02   4.7434944e-02  -2.2735225e-02  -3.6459447e-02  -9.2132058e-02   6.2041668e-02  -1.2872983e-01   6.3481350e-02   4.1876605e-02
  -1.4908290e-01  -1.1338143e-01   3.9523049e-02   1.5579914e-01   2.3204409e-01  -1.3352574e-01  -1.4026059e-01   3.1465305e-01  -1.1990371e-02  -2.3098225e-03  -2.0411824e-01  -9.0316753e-02   7.2723825e-02  -6.4073454e-02   2.3055090e-01  -1.6162221e-01   4.3280414e-02   3.0396991e-01  -4.9271957e-02  -2.9210264e-02   1.3369327e-01  -1.9377326e-01   1.7402426e-01  -1.8765015e-01   1.8688272e-01  -6.6644346e-02  -8.9727864e-02  -8.6769997e-02   5.7520060e-02   5.4964280e-02   1.2608962e-01   7.5496116e-02   7.0838004e-02   1.2161198e-02  -3.6634357e-02   3.3384166e-02   1.1932769e-01  -1.5406728e-01  -4.2787368e-02   7.3262539e-02   6.7759113e-02   3.0245431e-01  -2.5360952e-01  -6.4633999e-02  -1.4659287e-01  -1.5873888e-01  -1.8375812e-01  -3.3687651e-02   9.8962795e-02
  -1.5092332e-01  -7.5987175e-02  -1.6697546e-01  -1.5356416e-01  -4.7225892e-02  -2.7844479e-01  -9.6452068e-02  -3.4468367e-02   2.9539987e-01  -2.2939425e-01   7.7900406e-02  -1.7248894e-02   2.8152346e-02   5.3828064e-02  -3.2469901e-02  -1.2777597e-01   8.7280904e-02  -3.9025193e-02  -1.7260431e-01  -3.0972534e-01  -1.2674731e-01  -3.8840222e-02   3.6699345e-03  -7.0125411e-03  -2.1682352e-02  -5.0987953e-02  -1.9742669e-01   7.3698282e-02   1.7190982e-01   7.8746612e-02   2.1557089e-03   6.8145152e-02   2.3782808e-02   4.5513138e-02  -1.0063771e-01  -2.2064905e-02   2.2092238e-01   1.2577048e-01   2.3408588e-01   1.3581059e-01  -1.1899895e-01   1.3171989e-01   1.2378502e-01   2.4170514e-01   1.3438771e-01   2.4744406e-01   9.0973229e-02   9.7638864e-02   2.6184344e-01
  -1.4119466e-01  -1.6747259e-01   1.8906315e-01  -5.7697705e-02   8.9228740e-05  -7.0373729e-02   7.8586605e-02  -1.0475685e-01   1.6043255e-02  -1.5902449e-01   2.4052783e-01  -9.5155934e-05   1.6076435e-01   3.5485010e-02   1.6832530e-01  -6.5215054e-02  -1.1983714e-01  -2.4402536e-01   4.3338780e-01   4.2444247e-02  -1.3068802e-01  -7.3959775e-02   3.4297374e-01   7.6406380e-03   2.4878399e-01   7.6548625e-02  -4.1580997e-02   5.2400019e-02  -1.9627331e-02  -1.5352959e-01  -2.1086407e-01  -1.8954832e-01  -5.6672851e-02   5.9555399e-02   1.6636475e-01  -9.4045729e-02   1.2562689e-01   1.2639139e-01  -4.4625427e-03   5.1935706e-02   1.5547557e-01   7.9433161e-02   1.2755494e-03   1.0378096e-03  -3.2944224e-02  -2.0472183e-01   1.1470972e-01  -3.1472249e-03   5.4724085e-02
  -1.4707262e-01  -7.2747580e-02  -2.9585775e-02   8.8336724e-02   6.0017466e-02   2.7177485e-02  -1.4080265e-01   3.6760459e-01  -2.4126806e-02  -2.6753714e-01   1.0097351e-01  -1.2684737e-01  -2.8748817e-01  -1.1249592e-01   4.5726666e-02  -1.1331985e-01   1.5251005e-01  -3.1650265e-01  -4.3085182e-02  -8.8681268e-03  -2.7703715e-03  -7.7784150e-02  -1.0286348e-01  -2.6367142e-02  -1.0484586e-01   5.9561432e-02   1.0496870e-01  -1.7781375e-01  -1.8617987e-01   7.4333260e-02  -2.3188016e-01   1.3807388e-02  -3.2118887e-01   3.6124277e-03   3.1363441e-02   2.8770177e-01  -1.0583849e-01  -8.0793530e-03  -4.2236637e-02   3.2821876e-02  -5.0982231e-02   3.9151812e-02   9.9545452e-02  -1.3328671e-01   2.4988342e-01  -7.4258440e-02  -1.9193658e-03  -1.1079425e-02  -3.7991128e-02
  -1.3639908e-01  -1.2224789e-01  -4.1331784e-01   3.8516125e-02   9.7502671e-02  -5.3184348e-02   7.1772243e-02  -9.3398794e-03  -1.7654617e-01   2.8793705e-02  -1.6690744e-01  -1.0468067e-01   1.1712842e-01  -1.2863469e-01  -2.3190760e-01   3.0928579e-02   8.2325466e-02  -9.2182191e-02  -2.1804971e-02   4.5219874e-02  -1.0394850e-01   7.0849582e-03   9.8568333e-02  -4.6549170e-02   2.2633505e-01   2.7015709e-02  -1.9191392e-01  -1.5138932e-01  -4.8430835e-02   2.0461672e-01   6.8502748e-02  -2.0085785e-01   9.9371580e-02  -8.0078108e-02  -1.6300062e-03   1.8779664e-02  -4.9803144e-02  -2.4873179e-01  -2.6697937e-02  -1.5324364e-01   1.5329333e-01  -9.9519146e-02   9.1283862e-02   1.8970191e-01   8.6366849e-02  -1.0530229e-01   3.0356948e-01   2.3328563e-01  -1.7669234e-01
  -1.4730997e-01   6.0085321e-02  -1.9040276e-01   2.8597786e-01   1.6837889e-01   4.7722533e-02  -1.5579990e-01  -6.4790030e-02   3.7977710e-02  -3.0010994e-01   4.9557098e-02  -2.9344742e-02   1.2365653e-01  -3.0727330e-03  -6.9993467e-02   8.4595482e-02  -1.1642222e-01  -9.0077393e-02   8.4162619e-02  -1.5702695e-01   1.1596176e-01   5.6274523e-03  -1.0391572e-01   2.0714291e-01   1.1580139e-01   2.8834861e-01   3.5263985e-02   2.1983463e-02   1.2059839e-01  -1.8072289e-01   1.2036243e-01   1.0116748e-01  -3.7890163e-02   2.0801098e-01  -1.9492795e-01  -1.4552482e-01  -2.5898087e-01  -9.7140204e-02   8.2640644e-03   5.9998649e-02  -2.2769532e-01  -2.0783933e-01  -3.6115795e-02   1.0826097e-01  -1.8787910e-01  -1.9544239e-01  -9.8660663e-02  -7.9063530e-02   5.4464386e-02
  -1.3547094e-01   2.4345643e-01  -3.7240168e-02  -3.2248754e-02   1.8523961e-01   1.4544802e-01   2.2041855e-01   1.4245064e-01  -7.7165940e-02   7.0787911e-02  -1.2986550e-02  -7.9046579e-02  -8.5441318e-02   1.4375411e-01  -1.7757366e-01  -2.3861161e-01  -7.4261589e-02  -8.7037891e-02   1.0462928e-01  -1.7747096e-01   1.7537292e-01   1.4797428e-01   8.1243544e-02  -1.0492063e-01  -5.5244134e-02   1.3490246e-01   6.2018482e-02   2.0715206e-01  -1.3670340e-01   9.0204118e-02   9.4903682e-02  -8.7545911e-02  -2.7757918e-02   1.2778928e-02   4.3795229e-02   5.1096196e-02   1.8864538e-01  -5.0556294e-02  -1.8788145e-01  -5.3009432e-02   1.0240167e-01  -1.9324009e-01   3.4309887e-02  -8.2087181e-02  -1.1415830e-01   1.1655206e-01  -3.9739642e-02   1.6969220e-01   4.7962483e-01
  -1.4261099e-01  -5.1555497e-02   1.2307880e-01   8.7915811e-02   2.5242526e-01   8.6546908e-02   2.9443168e-01  -7.8432110e-02  -5.3890568e-02   1.7196718e-01   1.5945451e-02   7.2912089e-02   1.0164350e-01   1.8493296e-02   1.0790913e-01   2.7343211e-02   1.6838334e-01  -2.7108929e-01  -1.7460064e-01   8.7318085e-05   3.0743965e-02   1.3214307e-02   1.1001531e-01   5.1827799e-02  -1.1716793e-01  -3.8934026e-02  -2.1772943e-01  -6.8710115e-02  -5.5057825e-02  -1.9557941e-01  -1.5212346e-02   1.3510631e-01  -4.6359416e-02  -1.4374806e-02  -1.9959288e-01  -1.2776759e-01  -2.7917540e-01  -8.1630897e-02   6.8600608e-02   3.2931455e-01   3.0488194e-01   4.7372253e-02  -3.4574231e-02   3.7762005e-02   1.2007705e-01   2.3298286e-01  -1.5280287e-01   8.5953153e-02  -7.6236650e-03
  -1.3787238e-01   1.5958358e-01  -8.6905441e-02  -1.0132577e-01  -1.6834283e-01  -2.3453658e-02   7.0787390e-02   2.1178917e-01   7.4975359e-02  -9.5826271e-02  -1.4874492e-02   8.8679271e-02  -1.2234072e-01  -2.7738866e-01   6.3597746e-02   2.8800054e-01  -2.0508937e-01  -1.5665427e-01   5.9735726e-02  -1.5018711e-02   6.5047507e-02  -1.1650549e-01  -2.5810617e-01  -2.5282451e-02  -5.5045421e-02   4.8900301e-02  -2.7272865e-02   1.3389018e-01  -6.3600248e-02  -5.4853835e-02   3.6032599e-02   1.6357207e-01   1.1313390e-01  -1.4505852e-01  -6.9356618e-02  -1.0896063e-01   1.2632071e-01  -6.9723616e-02  -2.5626614e-01   1.0965249e-01   3.1930387e-01   1.9479259e-01  -1.0191157e-02   1.6186252e-01  -1.7055997e-01   3.2378082e-02   2.3531662e-01  -2.0402004e-01  -1.1113978e-02
  -1.2586425e-01   6.3961173e-02   8.4095882e-03   1.9362006e-01   1.2809344e-01  -1.8424783e-02  -2.7740434e-01   1.9338702e-01  -1.0247868e-01  -2.0078710e-02  -1.0200645e-01  -1.0706216e-01   2.4907277e-02   9.1509768e-02   1.0641146e-01   1.0884328e-01  -6.5194028e-02  -9.2129551e-02   2.1576411e-01   3.5165293e-02  -2.5468819e-01   1.0383785e-01  -1.5947882e-01   1.3684042e-01   2.0551334e-02  -2.4958773e-01  -1.2255344e-01   3.8543967e-03  -1.1309819e-01  -4.2154426e-04   9.2801499e-03  -1.9055243e-01   2.2885848e-01  -2.9115861e-01   5.9658231e-03  -1.6758831e-01  -1.2250087e-01   1.1685867e-01   2.2852865e-01  -1.6655797e-01   1.5367606e-02  -2.2602720e-02   1.0816689e-01  -1.7658695e-01  -6.8674297e-02   2.7318886e-01  -7.5433514e-02  -1.1327904e-01   1.5425918e-01
  -1.6151771e-01  -1.8954767e-02   1.9442872e-01  -1.1445405e-01   1.3599067e-01   1.8408892e-01   4.1496066e-02  -1.1871420e-01  -7.9757794e-02  -1.1886266e-01   8.7489652e-03   1.1298861e-01  -6.3829637e-02   6.0740114e-02   2.9226392e-02   3.2806995e-01   1.0275522e-01  -4.0460201e-02  -1.3825064e-01   4.9393752e-02  -6.6966221e-03  -2.2965261e-01  -2.8414866e-02  -4.7944621e-01   4.2659986e-02   2.0919220e-01   1.2972091e-01   5.0603444e-02  -1.6470616e-01   8.7568093e-02   1.7176143e-01  -1.1695566e-01   6.8412747e-02  -7.0712195e-02  -1.2409903e-01  -1.0064566e-01  -2.2055569e-02   8.4463079e-02   2.9215628e-01  -1.0634652e-01  -1.7333053e-01  -3.4567963e-03  -1.3361034e-01  -3.9194333e-03   1.1255422e-01  -7.0869457e-02   1.4349118e-01  -4.4517932e-02   1.3052132e-01
  -1.4105249e-01   6.9502648e-02   1.6777084e-02   9.7971074e-02   1.2054076e-01  -3.2073410e-01   1.3576306e-01  -1.8552187e-02  -4.7738616e-02  -3.8331819e-02   5.2135225e-02  -1.8084405e-03   5.2746462e-03  -1.0743353e-01  -6.8993180e-02   3.4028974e-01  -1.7253784e-01   8.1842876e-02   2.6897036e-02  -1.6679644e-01   1.2474917e-01  -3.9942054e-02   2.6657031e-02   1.0257865e-01  -7.2097030e-02   1.0980538e-02   2.3174082e-01  -8.8991761e-02   6.9705472e-02  -6.1269390e-02  -4.6465844e-02  -1.4949892e-01   2.0068238e-01   2.8491782e-01   8.7632986e-02   3.5291603e-02   6.4552358e-02   2.1622887e-02  -8.6455361e-02  -2.4487008e-01   9.5002706e-02   1.0448127e-01  -7.9881560e-02  -8.0033302e-02   4.1713623e-01   1.7277216e-01  -2.1442809e-01   9.5949197e-02  -5.4228020e-02
  -1.5040476e-01  -6.9837620e-02  -1.3353970e-01  -1.8226631e-02  -6.2579662e-02   2.5034187e-02  -8.6773794e-02  -6.5916887e-02   2.3235231e-01   2.8116335e-01   1.7334319e-01   9.6102548e-02  -8.4573489e-02  -7.8991816e-02  -1.3060718e-01   1.9513522e-01   7.2855832e-02  -3.0512313e-02   1.5697304e-01   3.3100313e-02  -4.3912114e-02  -1.4286453e-01  -8.1147061e-02  -1.8206288e-01   1.9464216e-01  -1.6857201e-01   1.2340090e-01  -1.8497394e-02   9.7931744e-02   1.5929485e-01  -1.7714194e-01   3.0543680e-02  -1.4441580e-01  -4.1025296e-02   7.7576253e-02  -3.0238983e-01  -1.0001600e-01  -2.2766760e-01  -1.8717808e-01   1.3406918e-01  -2.0841582e-01   6.2313585e-02   6.9633416e-02  -1.8128634e-01  -8.3367387e-02   8.2815918e-02  -2.0448269e-01   2.5758178e-01   1.0965627e-01
  -1.4460974e-01  -1.1811382e-01   1.5798168e-01  -2.3606197e-01  -1.0608463e-01  -5.0268601e-02   4.9486654e-02  -2.6548099e-02  -3.6215396e-01   1.1157884e-01  -6.2455953e-02  -1.6527381e-01  -9.5166245e-02  -1.8158864e-01   3.9938682e-02   4.6775853e-02  -1.1905115e-01   1.5827288e-02   2.6608560e-01  -6.7348488e-02   1.2561986e-01   1.9856783e-01  -1.6292389e-02  -3.0783918e-02   1.4807371e-01   3.2114972e-02   5.8821112e-02  -1.7645365e-01   1.8980411e-01  -5.5630400e-02  -1.4582863e-01   1.3550839e-01  -9.0714012e-02  -6.7930190e-02  -3.4620643e-01   2.3035926e-01   2.6506922e-02  -7.5957410e-02   1.6835444e-01  -1.2339069e-02  -2.0047195e-01  -1.6250777e-02  -7.3552588e-02   9.6888108e-02  -1.3858638e-01   2.5276711e-01   3.9092829e-02   6.0874648e-02   8.9838818e-03
  -1.3731546e-01   6.0688180e-03  -2.8161756e-01  -1.8862773e-01  -1.8035061e-01  -9.2988513e-02   4.2584515e-02   1.5721084e-01   5.6059865e-02  -3.9849376e-02   3.3494393e-02  -1.2911368e-01  -5.2852792e-02   1.8510821e-01   2.6544941e-01   1.7821000e-01  -4.0067106e-02   1.5246003e-01   2.0335037e-03   1.5808891e-01  -1.5700461e-01  -6.5483719e-02   2.7567348e-01   1.0167228e-01   8.6842865e-03  -2.3685117e-02   1.3980774e-01   6.5984050e-03  -1.9230367e-01  -2.5893925e-01   2.9246477e-01   9.8465627e-02  -1.4945165e-01  -1.7387343e-01   3.8060859e-02   3.4252983e-02   2.1991654e-02  -4.5949675e-02  -5.4947413e-02   1.0058447e-01  -7.9123004e-02  -3.2345222e-01  -1.5478286e-01   4.7344594e-02   1.2148613e-01   9.6249737e-02  -8.6447024e-02   1.0957852e-01  -2.4553357e-02
  -1.4276468e-01   1.9243227e-01  -6.9139569e-02  -8.9536059e-02  -9.5061689e-02  -2.8114278e-01  -9.9830502e-02   4.1738007e-02  -1.1694524e-01   3.3648717e-02   2.0949386e-01   2.6536107e-01   1.4776982e-01   7.0604326e-02   2.2068605e-02  -1.2848392e-01   1.0096612e-01   2.6154138e-02  -7.0998593e-02   3.7161560e-01   1.8305994e-01  -4.4340037e-03  -1.2974548e-01  -9.6674442e-02   6.6340481e-02  -8.4009889e-02   3.6261941e-02  -1.3554508e-01   6.7405194e-02   5.8791913e-02  -7.3736038e-02  -1.9336304e-01  -4.3446849e-02   2.8183291e-02  -3.5437656e-02   1.1227280e-01  -2.7382282e-01   1.9221484e-01  -1.0288352e-01  -6.8495386e-02   1.1993725e-01  -9.1178530e-02  -8.2218598e-02   3.2794018e-01  -5.4140294e-02   2.0780652e-03  -9.7179450e-02  -9.6494839e-02   2.4277062e-01
  -1.1206574e-01   1.1153613e-01  -4.5689056e-02  -2.5069049e-01  -4.2146380e-02  -3.2412887e-02   1.8984782e-02   9.8171917e-02   1.9730034e-01   2.5778853e-01   3.5852604e-02  -3.1986905e-01   1.1315857e-02  -1.4197393e-01  -1.8285077e-01   2.7909819e-05   1.3112567e-01  -1.4830144e-01  -4.8963260e-02  -4.7084842e-02   5.1712388e-03   1.1612560e-01   1.8751042e-01  -1.4724283e-03  -1.7886754e-01  -1.1824038e-01   1.2806637e-01  -1.4437114e-01   5.9974482e-02  -2.6533068e-01   1.3365207e-01  -2.6023435e-02   1.3076174e-01   1.2911335e-01   1.3637494e-01  -1.4953493e-02  -2.7542230e-01  -9.6939506e-03   1.5970886e-01  -9.7360517e-02  -7.5548381e-02   1.9943427e-01  -4.8144395e-02  -8.0476855e-02  -1.1840096e-01  -2.1822806e-01   1.7793825e-01  -1.7981029e-01   1.5122151e-01
  -1.5280267e-01   6.3467952e-02   6.0517333e-02   4.0362937e-02   1.5198164e-01  -1.1658920e-01  -1.8907138e-01   1.7856680e-02  -2.0447177e-01   3.6248979e-01  -1.2483952e-01   1.8531402e-01  -1.5146159e-01  -7.1160744e-02   7.6718297e-02   1.6733195e-01   1.2624167e-01   9.2421196e-02  -1.3285043e-01  -4.1082286e-02  -8.4426365e-02   8.5702755e-02  -9.5284245e-02   1.6687655e-01   1.7466831e-01   1.9311448e-01  -1.1380338e-01   2.2686293e-01   2.9238090e-03  -2.8250945e-01   2.2336388e-02   7.5260163e-02  -1.9787907e-01   2.7061536e-02   2.2441607e-01   8.1953846e-02   6.8305573e-02   2.0729099e-01  -1.0508228e-02  -3.6164668e-05  -6.5315107e-02   1.0407586e-01   2.1318653e-01   5.7599178e-02   3.5187620e-02  -1.7529772e-01   1.2342616e-01   1.8098773e-01   8.7153259e-02
  -1.2991352e-01   2.0966218e-01  -8.2397504e-02  -1.7056715e-02   7.5555327e-02  -1.3211557e-02  -2.2924046e-01  -3.3124595e-01   5.9595155e-02   5.9211309e-02   4.3030914e-02   1.3691564e-01  -1.8190253e-01   2.0578828e-01  -1.0576689e-02   6.8895279e-03   2.1407564e-01   6.1353920e-03   2.0694202e-01  -1.7516781e-01   1.4234539e-01   1.4859339e-01   4.2446814e-02   1.1850547e-02   7.9135141e-02   7.2620263e-02   9.7861063e-02  -3.2455146e-01   4.8868046e-02   4.0660334e-02   1.1944807e-01   4.2190806e-02   1.0421025e-01  -2.5639546e-01   4.5264716e-02   1.2616671e-01   1.8596601e-01  -1.1534621e-01   2.9003981e-02   2.1485692e-01   1.9443889e-01  -1.0430390e-02   5.3358635e-02  -8.0266394e-02   1.4601949e-01  -9.1078050e-02  -1.7866625e-02  -2.7897521e-01  -7.7797602e-02
  -1.6100733e-01   9.2991267e-02  -4.7033548e-02   2.5345398e-01  -6.4236708e-02  -5.8944002e-02  -2.5022745e-02  -1.4670032e-01   1.2402495e-01   2.8357611e-03  -3.6639451e-01  -3.4267626e-02   8.8137059e-02  -1.9332053e-01   9.2275630e-02  -3.9426152e-02   1.1854161e-01  -2.6162907e-01   1.1333587e-01   2.4498559e-01   1.3435400e-01   8.4795883e-02   3.4405637e-02  -6.3957537e-02  -8.5568023e-02  -1.4393430e-01   1.2794736e-01   2.0809985e-01   2.7322095e-01   1.4269657e-01   4.4011205e-02   1.9555870e-01  -1.6650039e-01   2.7687157e-02   8.2205592e-02  -4.2258978e-02   1.3102635e-01   1.8063210e-01   1.0805905e-01  -3.7713940e-02   3.9464430e-02  -1.8427632e-01  -2.6265632e-01  -1.1172433e-01   1.2697138e-01   2.0150563e-02   1.4029291e-01   3.4225965e-02  -1.1327000e-02
  -1.5319274e-01  -7.0170446e-02  -1.8017456e-01  -8.5608874e-02  -2.8070839e-01   5.8204358e-02   9.8993363e-02   5.5583230e-02  -1.0171855e-01   1.4202527e-01  -2.0915808e-01  -1.8120520e-01   1.7725642e-01   2.9446649e-01   1.6101519e-02  -1.1924670e-01   1.0505116e-01   1.0784839e-02   1.2653818e-01   2.8203065e-02   5.4018529e-02  -1.6168604e-01  -1.3751524e-01  -3.3094857e-02  -1.0153713e-01   3.9509749e-01  -2.5418808e-02  -4.1300788e-03   9.3436168e-02  -1.2193900e-02  -7.4255233e-02   8.1056428e-02  -1.2004996e-01  -2.0352540e-02  -3.5399030e-02  -2.5604939e-01   2.0506851e-02   6.8282746e-02   2.5392006e-02  -2.2735340e-01   7.0318228e-02   2.1107021e-01   1.9248071e-01  -1.7120719e-02   1.4670000e-01  -8.1353172e-03  -2.3296267e-01  -1.6438690e-01  -5.6499156e-02
  -1.4379098e-01  -8.7563699e-02   7.4446104e-03  -2.7974483e-01   1.2865268e-01  -2.6444540e-01  -5.1675270e-02   7.8882119e-02  -1.4422897e-01  -3.8957122e-02  -2.0488315e-01   2.8339991e-01  -4.9525142e-03   1.7429351e-01  -2.0729800e-01  -1.7357321e-02  -8.7635238e-02   1.1395377e-02   8.5417542e-02  -7.7626242e-03  -8.4446417e-02  -1.6037702e-03   1.8504269e-01   3.4633227e-02  -6.6895379e-02  -1.8927541e-01   9.4511453e-02   1.2125841e-01  -1.6132690e-01   2.0667734e-01   3.1638613e-02   2.4174445e-01  -1.4742103e-02   2.4358092e-01  -2.5884421e-01  -9.0487342e-02  -1.2871670e-01   1.0803893e-01  -7.7351897e-02   7.5576026e-02   1.0038869e-02  -5.7319098e-02   1.8690769e-01  -2.4379834e-01  -3.5971637e-02  -1.0852899e-01   7.8711376e-02  -1.4785549e-01  -1.2751379e-01
  -1.3834872e-01   1.2129175e-01  -4.5518482e-02  -1.0056190e-01   8.4997121e-02  -5.3342897e-02  -3.6791678e-02  -1.4990691e-01   7.0885185e-02  -2.2925430e-02   1.2448082e-01   5.4287385e-02   3.5121209e-02  -2.0229139e-01   3.1864937e-01  -7.9829060e-02   8.7041885e-02   1.1401376e-01  -3.2405121e-02   7.4415702e-02  -1.7406488e-01  -2.4398267e-02   7.2886449e-02  -6.2767162e-02  -9.6270587e-02   1.9524387e-01   9.3867824e-03   2.9370628e-01   1.0814584e-01   8.8346167e-02   1.5365301e-02  -9.2748096e-02  -5.6674369e-02   1.6552046e-01   5.2377907e-02   2.1173054e-01  -1.1504178e-01  -3.9722341e-01   1.1655051e-01  -1.6860402e-01   1.0864691e-01  -5.2452629e-02   2.3008136e-01  -1.6963883e-01  -1.7397846e-01   2.3740957e-01  -1.5653246e-02  -1.7089448e-01  -1.1425832e-01
  -1.5232650e-01   2.0330501e-03  -1.4779938e-01   7.4623999e-02   6.4934596e-02   7.2156565e-02   4.4342157e-02  -1.5246876e-01  -7.9579493e-02   1.7822763e-01   1.0203754e-01  -1.1232855e-01  -3.3639665e-02  -7.1950305e-02  -1.3804074e-01  -9.9714418e-02  -2.0973182e-01   1.3429215e-01   7.0225096e-02   2.8771484e-01  -6.1753262e-02  -2.4246761e-01  -1.6961085e-01   1.8737648e-01  -8.2430780e-02   7.6944054e-02  -1.5131057e-01  -1.5859124e-01  -1.5283455e-01   9.0234497e-02   1.4841909e-01  -1.6052825e-01  -1.0478845e-01   2.7505925e-01   2.2203677e-02   5.5029331e-02   1.7124113e-01   1.1431260e-01   8.6304992e-02   3.3001289e-01  -1.1470668e-01   1.0529430e-01  -1.3564187e-01  -1.6023781e-01   8.3810602e-03   1.7111171e-01   1.6484068e-01  -1.6083829e-01   4.9161992e-02
  -1.5798511e-01   1.8491854e-01  -1.8619224e-01   9.4315766e-02   2.9875801e-02   1.5386510e-01   8.0933760e-02  -6.8114126e-02  -1.1575616e-01  -1.3684811e-01  -4.8083387e-02   2.2451547e-01  -9.5285931e-02   2.3836301e-03  -9.1120336e-02  -1.1271813e-01  -1.4829142e-01   1.3918850e-02  -1.2615933e-01  -9.5291058e-02   6.1694982e-02  -8.9483545e-03   2.6530919e-01  -2.4450505e-01   4.3370553e-02  -1.7514542e-01  -2.3123975e-01  -1.0684826e-01   2.5601141e-02  -2.7386474e-01  -1.4644567e-01   5.3014694e-02  -1.3920078e-01  -5.4662032e-02   2.0975336e-01  -8.2010687e-02   5.7741352e-03   8.2675764e-02  -1.2296406e-01  -2.0192233e-01  -2.6398919e-01   8.5571184e-02  -2.6636097e-02  -2.4275585e-03  -5.5471360e-02   2.4549033e-01   3.5480848e-02  -2.3482468e-01  -1.8619265e-01
  -1.3909049e-01  -1.1537696e-02   2.1474421e-03  -8.4905890e-02   1.2298145e-01   7.2308142e-02  -2.6067438e-02   9.2338313e-02   2.8055673e-01   2.1515305e-01  -1.9221892e-01   2.7725874e-01   1.5290845e-01   1.3876594e-02   1.0255272e-03   4.0272514e-03  -1.9545487e-01  -2.1850049e-02   1.5425126e-01  -2.1846469e-01  -5.4744366e-02   7.0536043e-02  -1.4961658e-02   1.0576758e-01  -2.5989397e-01   4.5535202e-02   4.6915974e-02   2.2297275e-02  -1.8857728e-01   1.5347086e-01  -9.8587909e-02  -2.3296423e-01  -2.2933626e-01  -1.1428740e-01   4.5332325e-02   1.1691099e-01  -2.1557750e-02  -6.4368832e-02   1.6874026e-01  -3.2565616e-02  -9.4998715e-02   7.4237181e-02  -2.6760923e-01   3.1620335e-01  -5.2328557e-02  -7.3848707e-02  -1.1988732e-01   5.9544851e-03  -1.7908186e-01
  -1.5034992e-01  -1.8694397e-01   5.3180434e-02   4.4380978e-02  -1.1688661e-02  -6.7632070e-03   2.8053280e-02   8.3325190e-03   4.7793897e-02   1.6141596e-01   1.7455304e-01   8.5112295e-02   7.6718152e-02   1.0732247e-02   1.2279545e-02  -2.0219412e-01  -3.4790199e-01  -3.0567881e-02  -1.1754057e-01   3.8211918e-02  -3.1862659e-01   3.0205103e-01  -2.6339140e-01  -2.0361678e-01   7.2429401e-02  -1.3027617e-02  -7.3101080e-02  -2.2657526e-02   3.8538316e-02  -7.8467547e-02   4.5101111e-02   2.4919623e-01   6.3244700e-02   2.6776556e-03  -8.3706405e-03   1.2690493e-02   5.0188872e-02  -2.1343938e-01  -4.9144506e-02  -1.2743415e-01   8.0830735e-03  -1.2289227e-01  -1.3159084e-01  -5.8968271e-02   3.3543576e-01  -1.8850506e-01  -5.9435389e-03  -1.6971113e-01   1.2577460e-01
  -1.2875516e-01   2.3449082e-01   1.5872017e-01   7.8517223e-02  -2.6944456e-01  -1.9803044e-01  -1.4890772e-02  -8.7321665e-02   1.0714934e-01   1.2217826e-02  -1.4057757e-02  -5.0344994e-02   1.1253818e-01  -1.8302314e-02  -2.0862890e-01   1.1374378e-02   6.9441382e-02  -3.4228002e-02  -2.2470354e-01  -1.9434992e-01  -2.3583911e-01  -1.0279331e-01  -6.6631966e-02  -3.0407706e-02   1.2455031e-01   6.7052743e-02  -1.0520601e-01  -1.2403960e-01  -1.1815201e-01  -1.1773978e-01  -4.8695703e-02  -1.1441728e-01  -1.9151150e-01  -5.1807314e-02  -2.6596897e-01   8.9805516e-02   1.2158073e-01   9.4427005e-02  -1.2769397e-02  -1.1675602e-01   1.9414097e-01  -1.2844361e-01  -1.9306103e-01  -3.2420295e-01  -2.5269974e-01  -5.8407519e-02  -8.5485768e-02   1.0669262e-01  -1.1249436e-01
  -1.4273271e-01  -2.2182034e-01  -1.4427439e-01   1.7394995e-01  -1.9985148e-01  -7.0604010e-02   1.0174600e-01   2.4802457e-02  -2.4617558e-01   1.2246700e-01   3.4344149e-01   6.4423176e-02  -2.8849913e-01  -8.6506057e-02   4.2575597e-02   2.3488512e-02  -7.8942444e-02  -1.6967390e-02  -3.7946114e-02  -2.0596434e-01   8.5056121e-02  -5.1488470e-02   1.3200950e-01  -3.6108785e-03  -2.7035748e-01  -1.8722729e-02  -1.5901428e-01   1.0539683e-01   1.6417993e-01   2.3175180e-01   1.3102187e-01  -5.0160661e-03   7.6128136e-02  -1.2539791e-01   8.1668250e-02  -2.8154583e-02  -4.8303352e-02   1.8880601e-01   1.9824215e-01  -1.1108023e-02   7.3376874e-02  -1.3173531e-01  -4.4648135e-02  -5.2923007e-02  -1.6902679e-01  -2.2559639e-01  -1.6883286e-01   8.2905621e-03  -7.2923363e-02
  -1.3546052e-01  -7.3847607e-02   1.8057501e-02  -7.7460312e-02   1.4079069e-01   1.9000347e-01   4.4241666e-02  -1.0953959e-02   1.1756345e-01  -7.5342570e-03  -9.9473501e-02   1.1886888e-01  -3.3911148e-01   2.3815157e-01   8.5391670e-02  -4.2353532e-02   1.2351422e-01  -4.0818902e-02   6.8520194e-02   8.1932460e-02  -3.0346325e-01  -2.0340291e-01  -7.1079185e-02   1.5220802e-01  -1.0609866e-01   6.1183148e-02  -1.3317300e-02  -2.2867570e-01   2.6389392e-01  -1.6513580e-02  -1.0468461e-01   1.4344831e-01   2.6456831e-01   1.8195013e-01   1.0980064e-02   9.1216874e-02   1.3350121e-03   7.5158843e-02  -1.5225424e-01  -2.3744233e-01   7.1072740e-02  -7.7212525e-02  -2.0519942e-01   7.8407615e-02  -2.0095062e-01   3.3022689e-02   7.1991185e-02   1.7702244e-01   1.4987741e-02
  -1.5056564e-01   3.2053654e-03   5.8807007e-02   1.5508759e-01  -9.8615274e-02   2.7973130e-01  -1.9132997e-01  -2.8176626e-02   1.7201964e-01   1.2204631e-01  -2.1483537e-02  -1.8757604e-01  -1.0953450e-01  -8.6443456e-02   1.4029049e-02   1.2591997e-01  -4.8631460e-02   4.0325875e-01  -2.5231200e-02  -5.2700797e-02   6.3904871e-03   2.5391008e-02   2.7721670e-01  -5.4215641e-03  -6.0833699e-02  -2.8733670e-02  -7.0787433e-02   4.5084452e-02  -2.2947377e-02   7.6427581e-02  -3.3316469e-01  -5.7186451e-02  -4.3556815e-02   7.7482395e-02  -2.7631703e-01  -6.1930532e-02  -1.0665545e-01   1.1591091e-01  -1.1139284e-01  -1.1213442e-02   1.9152874e-01  -1.8264933e-01   8.6779888e-02   1.3830851e-01   1.9625541e-01  -4.5288715e-02   1.5351637e-01  -1.4498081e-01   1.5271231e-01
  -1.4276777e-01  -1.5463754e-01  -6.0233633e-03  -6.1091696e-02  -1.4837276e-01   7.3786863e-02   1.7816321e-01  -1.3331789e-01   1.0138080e-01  -2.2060015e-01  -1.1464711e-01   1.7202134e-01   1.6835814e-01   1.5579096e-02  -2.0012618e-02   4.2726334e-02   2.9663839e-03   2.4895993e-01   1.5558656e-01  -7.2282568e-02   2.1621355e-01  -1.0433428e-01  -1.5851900e-01   1.2739481e-01  -7.0878298e-02  -8.5030590e-02  -2.1945599e-01   3.6749187e-02   3.6592747e-03  -8.9952835e-02   7.7530775e-03   3.5657768e-02   1.7987417e-02  -2.2125988e-01   1.0334452e-01   3.1307843e-01  -3.0992436e-01  -3.8105123e-02  -2.8392097e-02  -3.0478143e-02  -1.4630814e-02   6.3682326e-02   2.4595231e-03  -3.1672757e-01   9.9583432e-02  -8.9660572e-02   1.6089512e-01   1.4418901e-01   2.3326323e-01
  -1.4037933e-01  -4.1975246e-01   1.2488838e-01   7.3331105e-02   6.1537110e-03   3.0420856e-02  -5.4325645e-02  -2.1093921e-02   2.0541403e-01   1.0756912e-01  -6.9033977e-02   5.2389445e-02   1.2889475e-01  -1.6938397e-01   2.4230354e-04  -1.3113571e-01  -9.4178999e-02  -8.8620533e-02  -1.8666057e-01  -4.8849974e-02   7.4266662e-02  -1.0103427e-02   7.9930160e-02   2.3382770e-02   9.5152264e-02   2.0424043e-01   2.8345606e-01  -1.4873608e-01   2.7309097e-03   1.8216543e-02   2.4737097e-01  -7.5968602e-02   1.0051675e-01  -1.8210339e-01   4.9002277e-02   7.1912553e-02  -5.9155111e-02   2.8807241e-01  -2.7287626e-01  -9.7552625e-03  -2.4917845e-02  -8.8212201e-02   2.2158214e-01  -2.5778116e-02  -1.1991734e-01   2.6818342e-01   3.1691870e-02  -8.9814417e-02  -5.0252680e-02
  -1.3877756e-01   1.5368284e-01  -1.3417191e-01   3.7109585e-02   8.7861733e-02   2.1275433e-01   8.5236347e-02   2.5665290e-02  -8.3916039e-02   3.9106347e-02   2.2533706e-01  -1.0472484e-01   4.2162571e-01  -2.4614201e-02   2.5238464e-01   7.3302760e-02   1.8747489e-01   9.4034477e-02   1.4236947e-01  -1.9938509e-01  -1.2200223e-01   1.0095914e-01  -1.6968559e-01  -2.0327433e-01  -1.1121859e-01  -1.9542055e-01   7.2215366e-02  -7.4089823e-02  -7.6445331e-02   6.8977517e-02   4.3456781e-02   1.4656945e-01   8.6481970e-02   1.3528226e-01  -4.5348196e-02   1.4911187e-01   9.2095784e-02   2.9425330e-01  -1.6537136e-01   5.4254835e-02  -9.6851867e-02   2.3249808e-02   1.2578175e-01   2.3053586e-02  -6.6119363e-02  -7.3796495e-02   4.2861108e-02   1.2479585e-01  -1.8895347e-01
  -1.3712149e-01  -1.1609015e-01   1.9137569e-01  -1.7528301e-01   1.8325670e-02   1.0083936e-01  -2.9043351e-01  -1.7447362e-01  -1.9842133e-01  -9.8168092e-02   5.0154589e-03  -4.1385253e-02  -1.6371887e-02  -1.7385234e-01  -9.3398102e-02  -1.7888034e-01   1.3736162e-01  -1.8795552e-02   9.1070724e-02  -3.3655475e-02  -3.6924139e-03  -1.5264375e-01  -9.5712210e-02   2.8864466e-02  -3.0826845e-01  -2.5397123e-01  -5.1268542e-02   1.0999155e-01   7.4982428e-02  -2.3618600e-01   2.7500642e-01  -2.3964431e-01  -9.7382662e-02  -2.9997407e-02  -1.1996723e-01  -1.5729642e-01   1.3932702e-01  -1.4143225e-01  -2.6897489e-01  -8.2723143e-02  -6.0846325e-03  -3.9541040e-02  -1.6381035e-03   1.2348426e-01   1.2478086e-01  -6.9244093e-02  -1.0426937e-01   6.2987212e-02  -4.7521943e-02
  -1.3828260e-01  -5.5469340e-02   2.0241133e-02  -9.2697964e-02   8.7166164e-02  -1.8444586e-01   2.3061674e-01  -3.1204718e-02   5.3471540e-02   8.6079278e-03  -9.5174521e-02  -6.2023137e-02  -3.5222431e-02   1.0649743e-01   3.7684963e-01   6.9811123e-02   4.1495693e-02  -3.6378823e-02  -2.5407612e-01   2.1442365e-02   2.1502059e-01   1.6864869e-01  -1.3332830e-01   1.3821746e-01  -1.0719098e-01  -5.9689820e-02  -9.1702022e-02  -1.3565090e-01   2.1846295e-02   4.8617192e-02  -2.1847347e-01  -2.9920369e-01   2.3117167e-02  -2.4700067e-02  -6.6898189e-02  -2.3911883e-01   2.0076083e-01  -1.0799946e-01  -1.4860371e-01   2.9135948e-02  -2.6604062e-01  -1.7189707e-01   7.4225594e-02  -1.4483479e-01  -9.4414496e-02  -1.8336748e-01   1.3920373e-01  -9.8545972e-02   6.9351368e-04
  -1.2429370e-01  -2.0140163e-01  -2.1325840e-01  -1.3689498e-01   5.2838078e-02  -1.9925784e-02  -2.7952833e-01  -1.2086556e-01   2.9389477e-02  -5.6936812e-02   5.8169369e-02  -4.8589991e-02  -1.1633891e-02  -5.1620460e-02  -8.2360305e-02  -1.1949396e-01   4.8769804e-02   6.7039999e-02  -6.1040865e-02   1.4567759e-01   2.2691248e-01   1.9676018e-01  -8.0030709e-02  -1.1541903e-01  -1.0618114e-01   1.5174700e-01   2.1385994e-02   1.6815892e-01  -3.3711730e-01  -2.1984882e-01  -3.2812105e-01   8.4882644e-02   3.1860659e-01   1.5782379e-02   5.4900713e-02  -6.0238898e-02   7.1965986e-02   6.7592908e-02   9.9964087e-02   4.3689172e-02   8.9839902e-02  -1.8389035e-02  -1.9077515e-01  -9.6000425e-02  -1.1369325e-01   5.9383031e-02  -6.9644902e-02   1.9715104e-01  -1.5569920e-01
  -1.5315192e-01  -1.1770807e-02  -5.1704415e-02   3.4644089e-01  -1.1417921e-01  -1.6388816e-02   1.9450160e-01   5.8297383e-02  -2.0917534e-02  -1.1558486e-01   3.9666077e-02   1.4016451e-01  -9.8646180e-02   1.2864732e-01  -1.4166073e-01  -7.7531006e-02   1.1036803e-01   1.3758283e-01   5.3523617e-03   2.0798204e-01  -2.0780402e-01   2.6891659e-01   8.4572582e-02  -7.4646242e-04  -1.2727581e-01   3.3595021e-02   3.1225560e-01   1.6365788e-01   1.2433462e-01  -1.3633394e-01   2.0968211e-03  -2.1250444e-01   6.5348325e-02  -1.4296171e-01  -2.7549263e-01   3.7779286e-02   3.9223082e-02  -6.7562550e-02  -3.0335592e-02   1.3622763e-01  -1.0044521e-01   3.6526867e-01   3.0793000e-02   3.6298967e-03  -3.5948185e-02  -3.8370091e-02   9.8172318e-02   8.5203175e-02  -4.6707416e-02
  -1.5560245e-01   1.3115332e-02   9.9922436e-02  -6.0347930e-03   2.0307148e-01   1.3053834e-01   1.0791630e-01   1.6673944e-01   1.6602960e-01  -2.8046463e-02   2.3994273e-01   8.0577792e-02   1.3701386e-01  -7.5856750e-02  -2.3102474e-01   6.0949538e-02   1.2469818e-02   9.4000013e-02  -4.9615764e-02   3.0253962e-01   1.8358535e-01  -1.0725448e-01   4.6879611e-02   2.2749294e-01   7.2203422e-04  -1.2274294e-01   2.4224314e-02  -9.5203125e-02   3.2288599e-02  -5.5867428e-02  -1.9484031e-02   2.2664298e-01  -7.2330512e-02  -1.5543297e-01  -7.4310875e-02   8.8940829e-04   3.5113219e-01  -5.3228530e-02   2.8809653e-01  -2.5136127e-01   4.0771020e-02  -8.5613512e-02   2.7091227e-01   3.4038077e-02  -6.6066076e-02  -9.0971512e-02  -7.2447660e-02   1.8265230e-02  -4.5586790e-02
  -1.3807450e-01   1.4640642e-01   2.2859493e-02  -6.3229602e-02  -1.5169157e-01   7.3854885e-02   2.4367426e-01  -1.5804217e-01  -6.4972684e-02  -1.1471062e-01  -2.4445401e-01   4.5386447e-02  -7.1771032e-02  -4.0694130e-01   1.0037231e-03  -1.3688874e-01   1.2303568e-01   1.0664910e-02  -2.6645843e-02   3.8394241e-02  -2.2782965e-01  -3.3290436e-02   4.8312227e-02   1.5997482e-01   1.3038116e-01  -1.1269867e-02   4.8601171e-02  -1.5623069e-02  -2.2990187e-01   9.5956973e-02  -1.0188713e-01   6.0672935e-02   2.7889828e-01  -2.2932822e-02   7.4031959e-02   7.5316221e-03   2.3602479e-02   4.3765452e-02   2.7204397e-02   1.1016581e-01  -1.6997638e-01  -4.5666245e-02   9.0137363e-02   1.2869779e-01   4.9142449e-02  -1.6773897e-01  -4.0179197e-01  -1.0232796e-01   1.4804272e-01
  -1.2262322e-01   2.1474476e-01   1.6553593e-01   1.4268557e-01  -3.4666468e-01   4.7530827e-02  -1.4204500e-01   6.0426740e-03   1.1685126e-01   7.6477296e-02  -2.8794705e-02   1.3642455e-01  -1.1215510e-01   6.1809132e-02   2.3855646e-01  -1.8529893e-01  -2.0700558e-01  -1.2421674e-01   4.4296971e-02   5.4705209e-02   2.1947371e-01   2.1517292e-03   7.6198697e-02  -2.2617175e-02   1.3055472e-02  -2.0337089e-02  -9.4596695e-02  -1.6533432e-01  -2.2382559e-01   1.8385611e-02   2.1267122e-01   2.3354685e-02   1.6593978e-01   2.3343705e-01  -1.0011637e-01  -6.6006318e-02  -4.7972409e-02  -1.1865083e-01   1.2170319e-01  -8.7231867e-02  -8.0343318e-02   9.6990322e-02   2.2534134e-01   3.1872853e-02   5.8769989e-02  -1.7855373e-02   8.6498145e-02   3.5641412e-01  -9.9462737e-02
