  -1.5415871e-01   5.4718484e-02  -4.3890700e-02  -1.2059534e-01   6.2341660e-02   4.3034990e-02  -6.1150798e-02   1.5888627e-02   1.5729797e-02   2.4733253e-01   2.9467261e-01   2.1134468e-01   1.2161161e-02  -1.4051872e-01  -9.9939568e-02   1.3428765e-02  -7.7948629e-02   1.7434567e-01  -3.9752562e-02  -6.7008764e-02  -1.5939475e-01   1.6000676e-01  -2.2498263e-01  -2.3104422e-01   8.4195549e-02  -2.8139247e-01  -2.4436156e-02   2.5853754e-01   1.6917538e-02   2.1083150e-01  -2.9846683e-01   5.3630509e-02   5.3430858e-02   3.6939942e-02   2.9832224e-01   2.0052028e-01  -4.9276608e-02   1.4290798e-01  -1.3889042e-01   1.0752221e-01   6.8193609e-02   7.4353396e-02  -7.2217369e-02  -8.9208541e-03  -2.5694677e-03   1.5643157e-02   1.1771608e-01  -1.0931634e-01  -8.6295517e-02
  -1.2290712e-01  -5.9736562e-02   1.4878881e-02   6.5467272e-02  -2.1019287e-01  -4.7440182e-02   5.1936684e-02  -4.8361522e-02   1.4696405e-01  -1.0948721e-01   2.1955370e-01  -9.6678882e-02  -1.0551482e-01  -7.4374457e-02   2.0200456e-02  -2.6201881e-01   3.9043046e-02  -1.1149544e-02   1.2270740e-01  -2.4126673e-01   1.2000389e-01   2.5277197e-01  -2.2665106e-02  -1.3884614e-01   1.6199349e-01   1.6274245e-02   2.7904759e-01  -4.7751955e-02  -3.0398487e-02   2.8239478e-01   2.0405331e-01  -6.1361192e-02   1.3872457e-01  -1.5103355e-01  -7.3858961e-02   3.5052913e-02   2.3944339e-02  -1.8920409e-01  -7.8524431e-02  -3.3021202e-01   1.6041113e-01  -1.1685005e-01   1.1503818e-01  -1.6348535e-02  -2.5149285e-01  -3.7865767e-02   8.7174520e-03  -1.4362630e-01   6.4542069e-02
  -1.3383496e-01   2.1031905e-01   2.4924211e-01  -6.2266793e-02  -4.2290666e-02   1.2779555e-01   2.1318777e-02  -7.2367054e-02  -1.0669821e-01   1.5239991e-01  -8.5640158e-02  -2.2322474e-02   3.1061836e-02  -6.9309475e-02  -1.7656003e-02  -1.5470724e-02   2.3520884e-01  -4.0211042e-02   1.4854666e-02  -8.8574503e-03  -2.5967036e-01   1.9592590e-01   1.7611973e-01   5.8596405e-02  -4.5124380e-02  -2.2545119e-01  -1.1533523e-02  -5.7903623e-02  -7.9756117e-02  -2.1783397e-01   3.8155657e-02   6.6084624e-02  -2.0742891e-01  -3.0877880e-01  -2.6631144e-02  -2.8727577e-02   1.2486377e-01   1.2600956e-01   1.7880246e-01  -5.9686239e-02   4.1151590e-01  -7.8860196e-02   6.7222633e-02   2.0944778e-01   1.1672008e-01  -1.8173230e-02   9.5532119e-02  -1.0210063e-01   1.4637121e-01
  -1.2659446e-01   2.8313930e-01  -1.8693006e-01   2.1953191e-01   2.9114032e-02   1.2759072e-01  -1.4370022e-01  -2.6496929e-01   1.5505507e-01   1.6446147e-01  -4.7243371e-02  -8.2904373e-02  -1.6464228e-02  -1.9747335e-02  -7.1207423e-02  -4.6912679e-02  -5.1509051e-02   1.5836306e-02   4.2702380e-02   6.7123737e-02   1.5612440e-01  -1.0658967e-01   1.9236780e-01   1.2650854e-01  -1.3984944e-01  -1.1732953e-01  -2.9286851e-02   2.7255259e-01   2.2569311e-01   2.6421529e-01  -5.5118797e-02  -3.8966517e-02   2.2760045e-02  -7.1467665e-02   8.6147570e-03   3.7261100e-02   2.0804396e-01  -3.3728860e-02   6.6277724e-02   1.1946176e-01  -5.7437105e-02  -1.8981218e-01   2.4527836e-01  -4.2127333e-02  -4.1150214e-02  -5.7085302e-02  -1.2082860e-01   2.6966034e-01   2.2159151e-01
  -1.2844689e-01   9.2229217e-02   6.4444970e-02  -1.5966162e-02   2.3373722e-01  -1.2519042e-01   7.6756210e-02  -2.0238251e-01  -1.0112569e-02  -1.7076711e-01  -1.2079049e-02  -9.9634780e-03   1.4699393e-02  -2.6304338e-01  -9.7576899e-02  -7.3222228e-03   1.8466510e-02   2.3719721e-01   4.0273956e-01  -1.6943661e-01   1.7506594e-02  -1.4085462e-01  -1.5759246e-01  -5.5560994e-02   4.2930726e-02  -3.2199645e-02   7.5633915e-02   4.2168381e-02  -9.1154583e-02  -1.2860766e-01   5.6309835e-02   8.9921239e-02   8.8830358e-02  -9.1274069e-03  -6.2337599e-02   1.5012000e-03  -1.3009847e-01   1.3462543e-02   4.4601775e-01   1.2313448e-01   5.7233910e-03   3.6532741e-02  -3.4479844e-02   6.8680634e-02  -1.2797693e-01  -1.4111121e-01  -1.2048110e-01   1.8573957e-01  -2.5929361e-01
  -1.3755590e-01  -1.1794391e-01  -2.3604112e-01   2.5472981e-02  -4.2126228e-02   1.0598978e-01  -2.0059602e-01  -8.9622320e-02   1.6189743e-01  -3.1433591e-01   4.0408707e-02   4.1583626e-02  -6.4699096e-02   2.1471498e-02  -3.4110324e-02   2.0707966e-01   1.7627193e-01   1.5020822e-02   2.6375497e-02   6.0731028e-02  -6.1372770e-02   5.3996334e-02   1.2560255e-01  -1.1849952e-01   5.1068933e-02   5.7293457e-02  -2.4754040e-01  -7.4336319e-02   7.5931591e-02  -1.1841116e-01  -1.3153667e-01  -1.6279066e-01  -1.1430034e-01  -1.8428682e-01  -8.3759503e-02  -7.0825106e-02   6.6757366e-02   8.8147373e-02  -2.4073414e-01   2.0314153e-01   1.2266447e-01   1.4128870e-03  -5.2362955e-02   1.6259198e-02  -2.9479006e-01  -3.4399066e-01  -1.3940332e-01  -1.4116988e-01  -1.7560149e-01
  -1.2886890e-01  -1.7197776e-01  -6.0573129e-02  -5.4992459e-02   2.1067730e-02  -3.0791486e-02  -3.0967724e-01   1.9808454e-01   1.9046394e-01  -1.2833933e-01  -9.1905459e-02  -1.1003202e-01  -3.7134490e-01  -3.0650452e-02  -3.8703998e-02  -5.9780007e-02   2.8920774e-02  -2.0229156e-01   8.4195626e-02  -3.4044836e-02  -1.4456492e-01  -1.9278308e-01  -1.9960987e-03   2.6309080e-02   8.5149972e-02  -3.5741067e-01  -3.5828070e-02  -8.8791615e-02  -1.9731018e-01  -7.1798684e-04   1.1048864e-01   1.9164456e-01  -6.7256851e-02   1.2903071e-01  -7.9057660e-02   2.2115274e-01   1.3528541e-01   2.1157318e-01   3.0867218e-02  -6.2670605e-02  -1.1395846e-01  -1.0393684e-01   3.5608942e-02  -1.5625248e-01   7.2636754e-03   4.6651400e-02   1.9968203e-01   1.2888956e-01   1.1244506e-02
  -1.5043016e-01  -7.3223019e-02   1.8711846e-01  -1.8831383e-01   2.8214469e-01   1.3824066e-01   4.0145680e-02   1.7799017e-01  -7.5991735e-02   5.8989119e-02  -1.4454913e-01  -3.8674505e-02  -1.7997011e-01   5.3808240e-03   5.2178225e-02   8.5285873e-02  -2.5302554e-01   2.0138844e-01  -8.5560570e-02   1.8957358e-01  -1.0105943e-01   1.6795588e-01   1.0804191e-01  -1.3331457e-01   1.0476878e-01   2.1274130e-01   5.2971583e-02   2.9451176e-01  -8.0955604e-02  -1.6647256e-03   1.5197948e-01  -5.5832286e-02  -2.1590482e-01  -1.1808734e-01  -8.6589436e-02   1.1839082e-01  -1.7699914e-02  -1.3742091e-01   5.6991307e-02  -7.1288940e-02  -1.0787202e-01   6.3429706e-02   5.7514654e-02  -2.5915339e-01  -1.1717232e-01  -2.5230082e-01  -2.3102406e-02   4.5579839e-02   1.5963811e-01
  -1.5365057e-01   1.2183643e-01   1.9529418e-01  -1.0601985e-01   6.7540490e-03   1.5785976e-01  -1.3357990e-01   8.0293198e-02  -1.3901623e-01  -3.6236273e-02   3.5243250e-02   8.9996929e-02   5.1057600e-03  -9.1807494e-02   2.2539662e-02   8.4046822e-03  -2.8320987e-01  -1.4103473e-01   4.3073403e-02   9.3709161e-02  -9.1031023e-02  -9.7000288e-02   1.5750324e-01   1.3497869e-01   7.4016628e-02   1.4138418e-01   2.2575211e-01  -8.2765048e-02  -9.0322544e-02   2.2703565e-01  -6.5024662e-02   7.0209099e-03   2.1765368e-01   6.8149474e-02  -8.0366827e-02  -1.4424091e-01  -2.6736659e-02   2.0395008e-01  -1.2510534e-01   6.6130908e-03  -8.1267496e-02  -3.5015801e-01   3.1195780e-02   2.2101519e-01   2.0171023e-01  -2.4293224e-01  -1.0444379e-01  -1.1810424e-01  -2.5356281e-01
  -1.3705298e-01  -4.0549643e-02   1.9998582e-01   6.1433714e-02   1.6362506e-01  -1.9837156e-01  -4.5576827e-02  -9.0889650e-02  -1.0542107e-01  -2.9298000e-02   1.5372144e-01  -3.0279157e-01  -1.1018104e-02  -8.6989254e-02   2.1720244e-02   3.4360394e-02   2.4745723e-01  -1.8751020e-02   1.9609501e-01   1.1293908e-01  -1.1355107e-01  -2.5680134e-01  -1.0871560e-01  -9.3501929e-02  -4.0966306e-02   1.8970072e-01  -1.2396665e-01   1.3725829e-01   6.0200562e-02  -1.2092500e-01  -1.0294102e-01  -9.1098911e-02   3.3533990e-02  -1.4047013e-01   1.9909261e-01   7.4764692e-02   7.6217423e-02  -7.1179705e-02  -1.6943534e-01  -1.6293102e-01  -3.0069634e-01  -2.4592301e-01  -5.7838331e-02   1.1927365e-01   4.0394158e-02   8.9665658e-02   6.3725047e-02  -2.2008917e-01   1.9659214e-01
  -1.3367155e-01  -1.2411210e-01  -2.2478501e-01   1.1038899e-01  -9.9823811e-02  -2.4017015e-01   7.9455037e-02   7.0841720e-02  -3.6131065e-01  -3.6552166e-03  -1.1025641e-01   9.6905815e-02  -9.1361655e-02  -9.0583596e-02   1.4745013e-01  -4.3642966e-02   1.3412870e-01   3.1535990e-01   1.6853440e-01   7.3223970e-02   5.3189415e-02   1.4755441e-01   3.3668057e-01   3.5153636e-02   5.4902030e-02   3.9731803e-02   4.8483428e-02  -8.4088983e-02   2.1357183e-02   7.2147632e-02  -3.0023962e-02  -2.4285948e-01   8.4534697e-02  -4.7858215e-02   4.0803282e-02   6.7070500e-02  -1.3598836e-01   3.1753574e-01  -6.0711658e-02   2.6410619e-02  -7.0093349e-03  -7.8658002e-02  -7.7309605e-02  -8.1585680e-02   7.6287832e-02   9.6436337e-02   1.9262180e-01   2.1898239e-01   6.6511967e-02
  -1.5416816e-01  -2.0012922e-01   1.2083469e-01  -1.3912277e-02  -8.6845960e-02   1.2678951e-01   5.8783040e-02   6.8227674e-02  -1.4663346e-01  -1.1919191e-01   2.0564413e-02   1.8707061e-02  -2.5801548e-02  -2.6169617e-01  -2.2616574e-01  -1.5305696e-01   1.6468530e-02  -2.7030269e-01   5.8890147e-02   7.4230580e-02   2.2280599e-01  -5.5100271e-02  -3.4805406e-02   2.4838758e-01   1.1037500e-01  -5.5291894e-02  -1.7956270e-02   2.9741473e-01  -1.1015464e-01  -2.6734377e-01  -1.2698395e-01  -1.2726001e-01   2.0288273e-01  -4.0287857e-03   1.4422219e-02  -6.8038825e-02  -1.1631660e-01  -1.2560239e-01  -2.0021426e-01   1.5588957e-01   1.9849358e-01   1.8052462e-01   2.0863459e-01  -1.2477124e-01   6.7442505e-02   1.4829860e-02   2.3952699e-02   7.9846472e-02   9.5364577e-02
  -1.5109536e-01   1.4022239e-02   5.4284327e-02   4.3072907e-03  -1.8600414e-01   5.7976123e-02   4.2845314e-02  -2.5607203e-02   1.1264505e-01  -2.5408465e-02  -3.7424700e-02  -1.7999881e-01  -6.7684002e-02   3.9868839e-01   3.9133863e-02  -1.7360921e-01   9.0929732e-02   7.4579466e-02   8.5985138e-02   6.0316741e-02  -1.8020951e-01   1.7023590e-02   1.6492990e-01  -4.4261760e-03   3.2541179e-02   2.6940145e-02   1.2377064e-02   1.3616294e-01  -6.8298050e-02  -1.9499709e-02   1.3378569e-02   2.5449721e-01   9.9120921e-02   1.8116183e-01   1.2100058e-01   2.9325203e-02  -4.5969590e-01   1.4961142e-01  -2.3042521e-02   1.4709756e-01  -7.3277017e-02   1.5810970e-01   1.0678038e-01   2.1916191e-01  -1.4028942e-01   2.8004412e-02  -2.3408525e-01  -6.8503157e-02   1.7923246e-01
  -1.5141441e-01  -5.2506527e-02  -3.0763775e-01  -6.2084402e-02   1.6487839e-01   6.2875641e-02  -9.2830610e-02  -1.6058009e-01  -1.8057624e-01   8.4267433e-02   3.8801399e-01  -8.3918012e-02   2.0318071e-02  -1.1742702e-01   8.1545190e-02  -1.1744816e-01  -1.0544153e-01  -1.9824141e-02  -1.3347632e-01   5.4849034e-02   1.2187765e-01   1.0650419e-03   1.6474910e-01  -1.4831594e-01   2.5316603e-01   1.6931650e-01  -1.6878251e-02  -1.6398860e-01   1.2163275e-02  -2.1261708e-01  -2.4344888e-02   3.4217041e-01  -1.0777852e-01   4.1362068e-02  -3.6479959e-02  -2.0120808e-01   1.0272098e-01   1.0356266e-01   1.0658161e-01  -4.6343822e-02  -5.7440105e-02   1.0513212e-01   2.4980116e-01  -1.8809035e-02   3.0734720e-02   1.6658690e-01  -1.4007615e-02  -4.6320849e-02   3.1004103e-02
  -1.4605725e-01  -1.5568586e-01   1.2177214e-01   2.0383800e-01   1.8801433e-01  -1.1065345e-02   4.2933125e-02   2.0826971e-01   1.4464627e-01   9.3557962e-02   2.3287482e-01   6.4989735e-02  -5.0979637e-02   5.4676136e-02  -1.5166006e-01  -1.6498955e-01   2.0296675e-01   5.3855993e-02  -1.2836461e-01   1.0095031e-01  -1.2138518e-01  -4.7124386e-02   9.2646601e-02   2.2071483e-01  -1.1865934e-01  -4.4540129e-02  -1.6978191e-01  -1.6991909e-02   3.0369344e-01   1.3202768e-01   2.3464826e-02  -2.6205635e-02   1.2505675e-01  -1.2389820e-01  -1.0557262e-01  -1.6470644e-01  -1.5512418e-01   9.0371210e-02   2.4107660e-01  -2.1286530e-01  -1.3094180e-02   1.1144798e-01  -2.1946056e-02  -2.6059225e-01   1.1355584e-01  -2.8046316e-02  -1.0137605e-01  -1.2671302e-01  -2.1541438e-01
  -1.5371670e-01   1.3784254e-01  -6.3266125e-02   2.1864956e-01  -1.1351024e-01   7.7922367e-02  -8.8488775e-02   1.3972789e-01  -1.4421980e-02   1.2372080e-01  -1.1638528e-01  -1.5018246e-01   9.7526688e-02  -5.4876323e-02   2.4603928e-01   1.6248571e-02  -7.5003729e-02  -1.5733319e-01   5.2610143e-02  -7.4969938e-02  -4.4945571e-02  -1.9426960e-02  -1.4333654e-01  -1.1037601e-01   9.8114059e-02   1.9855007e-01  -2.2295198e-01  -1.7883723e-01   1.5559380e-01  -7.0833289e-02   1.0754592e-01  -1.1140452e-01  -4.1414372e-03   1.2057658e-01   2.4219034e-01   2.7500119e-01  -2.2777108e-01  -1.0832840e-01   1.5232096e-01   8.1378255e-02   1.9761408e-01  -9.7781810e-02   2.6446549e-01  -1.8450914e-01   1.3815889e-01  -1.4592302e-01   1.0464790e-01  -7.5823903e-02  -1.5658800e-01
  -1.4372947e-01  -1.4888395e-01  -2.6164537e-02  -1.7361418e-02  -1.2207223e-01   2.1258742e-01   6.5335510e-02  -3.4060709e-01  -2.0495777e-01   3.5366213e-02   5.8838588e-02  -1.5513420e-01   2.4637374e-02   1.5846075e-01  -2.0371827e-01   2.2937018e-01   2.3430337e-01  -6.2268384e-03  -4.2988672e-02   2.0045262e-01   1.0313697e-01   1.8245573e-01  -1.8665787e-01  -1.2664250e-01   1.9775975e-02  -1.7491562e-01   8.3866602e-02  -5.9042115e-02  -9.8352282e-02   5.5935590e-02   1.8945639e-01  -5.5949973e-02   5.8867474e-02   2.4616255e-01  -8.5242356e-02   5.0382643e-03  -1.1475868e-02  -7.4476699e-03   1.1347511e-01   5.8389095e-02  -7.2409002e-02  -1.8589052e-01  -1.3969837e-01  -2.5457800e-01   2.4787679e-01  -9.4138362e-02  -1.0960938e-01  -7.1606906e-02   2.6360702e-02
  -1.3791080e-01  -1.2894602e-02  -3.1360246e-04   4.0312024e-02   8.6663263e-03  -1.4637295e-01   2.1125756e-01   2.0913846e-01   1.6653019e-01  -2.4997170e-01  -1.1793079e-01  -1.5181638e-01   1.4851947e-01   6.7448044e-02  -8.9752301e-02   1.0984870e-01  -7.7137182e-02   1.3467565e-03  -4.0790365e-03   7.5847857e-02   1.8402517e-01   2.4920747e-01   1.1973190e-01  -1.3161721e-01   8.8636502e-02   6.5994759e-02  -2.1593945e-01   2.9294578e-01   8.8909271e-02   3.7004762e-02  -1.8729288e-01   2.1610599e-01   7.1581807e-02   1.6743335e-01  -2.3656389e-01   5.9619705e-02   1.5123719e-01   1.0572219e-03   1.4613320e-01   7.8536970e-03   1.4059077e-01  -2.2226022e-01  -3.9420469e-02   1.3895695e-01   1.1566764e-01   1.8049230e-01   1.6343135e-01  -9.8003611e-02  -1.0530361e-01
  -1.5703183e-01  -2.2655659e-02   5.3589293e-02  -2.8662974e-01  -1.5761025e-01   8.3067968e-02   7.9606490e-02  -2.1901274e-01   2.0160922e-01  -1.0007194e-01  -9.9903986e-02   7.4227332e-02  -1.8133885e-01   1.3147905e-01   1.7055373e-01  -1.9829833e-01  -3.6231584e-02   3.2988313e-02   1.4742636e-01  -3.8251720e-04   8.0431196e-02  -4.1172901e-02   8.4817107e-02   2.4495036e-02  -6.0164573e-02   1.0632363e-02   2.1734536e-01  -4.2267683e-02   1.8595893e-01  -4.3320203e-02  -2.4792233e-01  -1.9841681e-01  -1.3194824e-01  -2.0826909e-02   4.8490066e-02   2.0815818e-03   1.3983533e-01  -9.4616903e-02   1.8981689e-01   1.5234900e-01  -1.9315604e-01   1.7655996e-01   4.3841527e-02  -9.4765222e-02   2.1918234e-01   6.6585801e-02   2.2821198e-01  -2.8680114e-01  -1.2138898e-01
  -1.3615017e-01   4.1539899e-02   1.7371474e-01  -2.2813351e-01  -1.7521794e-01   1.3210344e-01  -3.3136196e-02   4.7004782e-02  -6.2900864e-02  -1.4262828e-01   2.4501967e-01  -3.0466326e-02   2.7645112e-01   6.9713338e-02   5.3556747e-02  -4.5465914e-02  -8.4854889e-02   7.7319098e-02   7.6541448e-02  -2.0025919e-01   2.3268469e-01  -1.1291210e-01  -2.3215353e-03   1.5552764e-01  -1.2644596e-01   7.9847886e-02  -3.6234398e-01  -6.0185953e-02  -2.7688147e-01   2.2650273e-01  -4.9391917e-02  -6.8890221e-02  -2.7816251e-01  -1.1272354e-01  -5.2103772e-02   1.4516780e-01  -4.3418389e-02   1.6715260e-01   6.0546721e-02  -1.6932368e-02  -1.8644504e-02  -2.8672297e-02  -6.9401253e-02  -1.7672924e-01  -2.5553622e-02   1.4178474e-01  -1.3038963e-01   4.7641343e-02   8.3789359e-02
  -1.3892356e-01   2.4559188e-01  -3.8633069e-02  -2.4560307e-01   1.6683346e-02  -1.6033584e-01  -1.7310806e-01  -8.3861013e-02   3.7734637e-02   1.7400717e-01  -1.2873166e-01   7.4604648e-03   2.1857946e-01  -4.8592227e-02  -1.9135492e-01   2.7963536e-02  -7.6433548e-02  -2.3869238e-01   2.0648805e-02  -5.9926615e-02   8.8747483e-02   1.4158287e-01   2.2150428e-01   7.9907038e-02   2.4399538e-01  -9.7397723e-02  -9.7678643e-02  -1.1436445e-02   1.7583636e-01  -1.7123597e-01   2.0764279e-01  -1.9420701e-01   1.5915714e-01   2.5862598e-02  -7.1612533e-02   2.0023281e-01  -6.3347608e-02   5.0508582e-02  -1.2680312e-02  -1.6234114e-01  -2.3415238e-01   1.8431684e-01  -2.4130979e-01   1.7746358e-02  -1.1852200e-01   6.0742566e-02  -7.7790810e-02  -1.1809146e-01  -1.9248829e-02
  -1.4028355e-01  -2.2237925e-01   1.6795484e-01   2.8869669e-02  -8.8208941e-02  -6.6915556e-03  -8.0900143e-02  -2.4028220e-01   2.0663223e-01   2.6370134e-01   1.1019807e-01   1.2845176e-01  -9.8531974e-02  -1.3732648e-02   2.4780262e-01   2.7385444e-01  -7.9057957e-02   1.4453508e-01   2.0852873e-01  -2.1656283e-02  -8.0334439e-02   1.5453382e-01   1.1605111e-01   2.0553788e-01  -2.5486443e-02   5.8829164e-02  -2.9277252e-01  -6.2128317e-02  -1.4170012e-01  -4.4725338e-02   2.2433034e-02   1.0625899e-01   1.9533796e-01   1.4073052e-01  -5.9915560e-02  -3.1622307e-02   9.1554981e-02  -2.8231299e-01  -1.2054939e-01  -1.3063009e-01   1.1641486e-02   1.0543851e-01  -3.5844424e-03   1.0122787e-01   1.0154556e-01   8.0643145e-03   6.9019615e-02   1.8687762e-01  -6.3503649e-02
  -1.4030251e-01  -3.2631563e-01  -1.1800586e-01  -1.1154482e-02   1.4426695e-01   1.9146813e-01  -6.0876433e-02  -1.8704576e-02   6.8067761e-02  -2.1129370e-01  -7.1023982e-02   2.5917711e-01   2.2078956e-01  -1.9746619e-02   2.2612522e-02  -5.2184076e-02  -1.1357817e-01   8.6654614e-02   1.0187710e-01   6.5517720e-02   2.7063262e-02  -5.5697320e-02  -1.3079419e-01   1.5807300e-01  -6.0850034e-02   3.8415025e-02   1.3890943e-01  -4.5786244e-02   3.0658427e-01  -7.6371896e-02   1.0112462e-01   6.5267520e-02  -8.0108141e-02   1.6658646e-01   1.6888077e-01   2.2605211e-01   6.7137383e-02   9.4310970e-02   2.5557077e-02  -2.4937067e-01   2.0263217e-01  -2.2610346e-02  -1.2711058e-01   1.9528762e-01   8.1523337e-02  -5.8684553e-02  -1.2562744e-01  -2.1295924e-02   3.0045567e-01
  -1.4684249e-01   1.0837045e-01   1.5794397e-01   3.9877566e-02  -1.4328982e-01   6.3383709e-02  -1.1548804e-01  -1.0772158e-01  -2.2060375e-02  -8.8014009e-03  -3.7766060e-01   1.0596527e-01  -2.8456733e-01  -2.5680947e-01  -2.1902418e-01   1.7664592e-02  -2.5574117e-02   2.0170279e-01  -9.8161787e-02   2.3858120e-02   1.0203751e-01   7.5281229e-02  -1.9298143e-01   4.4722951e-02  -6.5777028e-02   2.2696091e-01  -9.2769247e-02  -1.4335392e-01   1.3128894e-01   4.9620250e-02   8.5655026e-02   2.8562854e-01  -1.3325546e-02  -6.3878390e-02   7.9384736e-02  -8.1900923e-02  -2.1449531e-02   7.2981694e-02  -1.4921840e-01   3.7613878e-02  -7.1909139e-04  -4.8933750e-02  -2.7715353e-02  -1.2528686e-01  -1.0902731e-01   3.5479563e-01  -1.0699606e-01  -1.5223805e-01  -5.0675323e-02
  -1.4209178e-01  -5.1828941e-02   2.6143371e-01   1.7780396e-01   8.1905499e-02   7.1024654e-02   1.6961634e-01   9.0460551e-02  -7.8988465e-05   2.5121276e-01   4.7426561e-02  -1.5598521e-01  -7.2748668e-02   1.3614693e-01   1.9530589e-01   1.5073726e-02  -5.2773476e-03   6.8843415e-02  -2.2882634e-02  -2.6346489e-01   1.5491568e-01  -1.6178395e-01  -1.5208698e-01   6.9750762e-03   2.4453947e-01  -3.8282004e-03   9.3746426e-02  -3.3465683e-02   2.2595460e-01  -7.5495262e-02   9.6926935e-02  -5.4109108e-02   3.0950004e-02   3.2533659e-02  -2.4827064e-01   3.3577854e-02   2.6615274e-01   2.7639264e-01  -1.8334808e-01   3.0458541e-01   7.9539577e-02   9.9358673e-02  -1.5797158e-01   3.8424361e-02  -4.8766010e-02  -1.0821260e-02  -5.5601958e-02   1.6666231e-02   5.3055754e-02
  -1.5006536e-01   1.4338981e-01   5.8856197e-02   1.7008672e-01   1.8535197e-01  -6.9422890e-02  -2.0934686e-01  -4.3136807e-03  -3.4551327e-01  -2.8383366e-02  -1.8873191e-02   1.6447223e-01  -2.1368133e-02   2.6726034e-01   1.2109108e-01  -2.6640436e-01   7.0953785e-02   7.7261621e-02   1.1649721e-02   1.8158985e-01   1.9501346e-01  -8.4993086e-03  -2.8304274e-02   1.9941023e-02  -1.8599949e-01  -1.5168412e-01  -4.6275646e-02   1.0689694e-01  -1.3866841e-01  -2.1649433e-02   1.4077403e-01  -5.3097082e-02  -1.0819683e-01   2.3450851e-01  -5.2300536e-02   9.3473950e-02   1.5632830e-01  -1.6507404e-01  -1.1234811e-01  -6.0310993e-02   8.9093026e-02   7.8538087e-02   6.6991510e-02   1.2241206e-01  -1.8701005e-01   4.9567521e-02   3.1823063e-02  -1.5842237e-01  -3.1021545e-01
  -1.3285440e-01  -9.2658983e-03   4.2182171e-04   1.0808790e-02  -1.7930854e-02   2.1339191e-01  -6.9723750e-02   4.7664309e-02  -2.9600715e-01  -1.5660124e-01  -2.6198420e-02  -2.6120719e-01   7.0564394e-02  -1.2983815e-01   1.7534824e-02  -5.5285658e-02  -1.3886550e-01   7.7610082e-02  -8.2557358e-02  -2.3466571e-01  -3.3481754e-01  -7.6925966e-02   1.9868716e-01  -4.2000963e-02  -1.3702146e-01  -1.7219122e-01  -5.0761338e-03  -1.1777165e-01   1.9838903e-01   5.8013152e-02  -1.6934433e-01   3.3645175e-03   9.2158520e-02   2.0771368e-01  -1.0082520e-01  -1.1555851e-01  -9.6642768e-03  -3.6262070e-01   1.0022672e-02   5.7592440e-02   3.7711670e-02   2.8313016e-02  -2.6899602e-01  -8.0990548e-02  -1.6751151e-01   1.0565923e-01   5.4956260e-02   2.3098530e-02   9.2887274e-02
  -1.5608946e-01   1.6621177e-03  -2.5096233e-02  -1.6868801e-01  -6.4021731e-02  -1.0046310e-01   8.1032031e-02   1.6862913e-01   2.3474416e-02   9.3570205e-03   6.5036934e-03  -1.2640255e-01  -5.8018184e-02   8.8542130e-02   1.9294306e-01   1.2032165e-01  -2.2055969e-02   2.5002527e-02  -1.7718670e-01  -2.6951637e-03   2.0872663e-01  -5.6071642e-02   1.5194710e-01  -3.7557563e-02  -2.1392459e-01  -1.2614819e-01   1.5790269e-01  -1.7797021e-02  -6.8360824e-02  -2.4221652e-01  -5.0313158e-02   1.3874468e-01   2.8752355e-01  -1.7225464e-01   4.1130084e-01   6.5535272e-02   1.9564420e-01  -4.3040001e-02   3.6827170e-02  -7.1243622e-02   1.1256393e-01  -9.5975673e-02  -1.2220570e-01  -1.6801626e-01  -4.1486145e-02  -1.8533678e-02  -3.3455204e-01   7.4377721e-02  -1.5836225e-01
  -1.3922121e-01   1.1869472e-01   1.8207385e-01   1.5236772e-01   6.7242191e-02   4.2880062e-02   1.9045993e-02  -1.2549619e-01   3.4216601e-02  -2.2861232e-01  -8.5871358e-03   1.7131766e-01   1.7424320e-01   1.0002241e-01  -1.7692031e-02   3.5348990e-01   1.7229491e-01  -1.0771645e-01  -1.1632258e-01   1.1879359e-01  -1.1603747e-01  -2.8067510e-01   1.6979585e-01  -9.5694102e-02   2.4000717e-01   1.2189496e-01   2.2899003e-01  -4.6407003e-02  -9.3365721e-02   2.3837234e-01  -1.2783470e-02   1.2665416e-02   9.0340750e-02  -3.6457689e-02   9.7491120e-02   1.3105120e-01   6.4949995e-02  -1.0959263e-02   2.8209884e-02  -5.7673733e-02   1.3060832e-01   2.7448640e-01   7.2532632e-02  -1.2512076e-01  -7.6034397e-02   2.3364133e-01   1.3331094e-01   1.0169209e-01  -2.6302925e-02
  -1.6400315e-01   2.5326269e-02  -9.3449605e-02  -3.8706060e-02   3.2938249e-01   2.0310169e-01  -9.6235057e-03   2.8108709e-01   2.4305612e-01   9.2418043e-02  -8.3544379e-02  -1.6883386e-02   1.8982908e-01   3.7023341e-02  -1.4711241e-01   1.3024201e-01   1.3649495e-01   2.1221968e-01   1.4560720e-01  -1.4383933e-01   2.2365894e-01  -2.1330928e-02   1.1674361e-01  -8.3099750e-02  -4.6299524e-02  -1.5975299e-01   1.2428879e-01  -2.0546936e-01  -1.1369227e-01  -2.3488188e-02   1.2262802e-01  -5.0415080e-02  -7.3658014e-02  -5.1128649e-02   6.0740304e-02  -1.8906088e-01  -2.0023365e-01  -1.9728421e-01  -2.4223969e-01   9.8045193e-02  -9.7710149e-02  -9.0383281e-02   1.3672361e-01   7.1160868e-02   1.4010592e-01   1.4019510e-01   1.0418899e-01  -5.4694688e-02   1.2139692e-02
  -1.4195766e-01  -2.4507510e-01  -1.7044458e-01   1.3679360e-02  -2.0284917e-01   3.5369288e-02   5.5670725e-02   1.7934739e-01  -6.3923180e-02   3.0827121e-01  -1.5479794e-01   2.8735030e-01   1.4904061e-01  -7.4704677e-02  -8.0961798e-02  -1.4550909e-01   1.8724119e-01  -1.3120035e-01   8.9841036e-02  -4.2063198e-02  -1.7592948e-01  -1.5236237e-01   4.3356413e-02  -2.6918574e-01  -7.7091453e-02   1.6869630e-01   2.6392834e-02   4.4605136e-02  -1.3492106e-01   4.6961822e-02  -3.4136402e-02   5.6967274e-02   2.1663939e-02  -1.0825097e-01  -2.3445631e-01   1.8034840e-01   1.8263645e-01  -1.7093265e-01   9.4364088e-02   1.2386380e-01  -1.3102092e-01  -1.6531419e-02   1.7149907e-02   7.4677606e-02   1.9400431e-02   9.2760615e-02  -2.7961801e-01  -2.8195966e-02  -3.7537234e-02
  -1.5244552e-01   2.2420253e-01   1.3121528e-02   1.5355094e-01  -2.2485928e-01   3.3860051e-01   7.9007113e-02   1.2649294e-01   1.3168206e-01   7.2118994e-02   1.1015652e-01   7.6653658e-02   3.9121848e-02   7.4415265e-02  -8.7668726e-02  -1.4565960e-01  -2.7901747e-02  -6.5971702e-02   1.2793122e-01   2.1846968e-01   3.5331789e-02   9.6115716e-03  -1.0957919e-01  -1.8122532e-01  -8.3313067e-02   1.4167173e-01   4.5491777e-02  -9.6907298e-03  -1.2783976e-02  -2.6458849e-01  -4.9451306e-02  -3.3341584e-03  -1.8236973e-02   1.6360152e-02   3.2309650e-02  -1.6268274e-01   1.3618963e-02   9.6827586e-02   2.8126332e-03  -2.1482485e-01  -1.2951445e-01  -3.4632234e-02  -2.9601479e-01  -1.4355538e-02  -1.7767463e-01  -3.7174156e-02   2.8753670e-01   3.3550331e-01  -6.1028212e-02
  -1.4162272e-01   9.7634204e-02  -8.0060790e-02   2.7672907e-01  -9.7089461e-02   2.5739182e-02  -2.8466024e-01   1.6833752e-01   2.5058129e-02  -2.2440477e-01   6.4178591e-02   8.0174809e-04   1.1306373e-01  -8.6859536e-02   2.3254331e-01   9.7540676e-02   1.1152679e-01   3.3781745e-02  -1.5355254e-01  -1.5639313e-01  -1.2135444e-01   3.4472207e-01  -1.9815275e-01   2.5877058e-01   6.0622033e-02   2.8062354e-02   2.1098962e-01   2.1897778e-01  -1.0398004e-01  -9.7380548e-02   3.9639390e-02  -2.4633816e-02  -6.4310986e-02  -9.6986707e-02   1.1565665e-02  -6.6790343e-02   7.1317094e-02  -2.5120728e-02   1.1270972e-01   1.0102197e-01  -3.1805831e-01   9.1929947e-02  -4.6778501e-02   4.8691883e-02   1.6044429e-01   9.6966752e-02  -1.0835031e-01   1.7731422e-02   2.0625692e-04
  -1.5072962e-01  -1.5410447e-01   4.9279550e-02   7.7539191e-02   2.8251319e-01   4.3522104e-02   5.8228565e-02  -1.4694875e-01  -5.6932409e-02  -5.7882485e-02  -9.7645218e-02   4.7836015e-02  -2.7689771e-02  -4.3437433e-02   1.3210279e-01   2.0457155e-03  -3.1663473e-02  -4.3099260e-01  -7.6498983e-02  -1.8876385e-01   1.3633621e-01   2.2268809e-01   1.5520728e-02  -2.0140744e-01  -4.3359765e-01   6.2824899e-02  -8.9011503e-02  -2.9789646e-02  -5.4531259e-02   1.6737255e-01   8.7862734e-02   7.8644571e-02   1.6273606e-01  -1.2299233e-01   6.9739328e-02  -4.3990568e-02  -7.9982121e-02   1.8411826e-01   5.0127800e-02   1.2332925e-01  -1.2263750e-01   1.5939960e-01  -5.8034632e-02   9.4174460e-02  -4.3353451e-02  -8.6200220e-02   1.9506018e-01   5.6230931e-03   1.0242711e-01
  -1.3755998e-01   1.7185653e-01  -1.2405869e-01  -1.4053218e-02   1.4214213e-01  -1.5023030e-01   7.1240146e-02   3.2508732e-02   3.9972648e-02   1.0029814e-01  -2.0663552e-02   2.8313446e-01  -2.1617192e-02   1.0827970e-01   1.8431885e-01   1.6575249e-01  -8.7874719e-03  -1.2829921e-01   1.1905897e-01  -3.1927705e-02  -6.0484908e-02   8.5835265e-03  -1.6964708e-01   1.5741748e-01  -4.8466201e-02   8.6548073e-06   7.3857551e-02  -4.7158949e-02  -1.2200655e-01  -1.2389943e-01  -2.6009627e-01  -3.3081596e-02   1.0589739e-01   1.5484547e-01  -1.9952318e-01  -1.7079994e-01  -9.3766378e-02   4.2073196e-02   9.1072934e-02  -2.8205523e-02   8.1381078e-02  -2.2992904e-01   4.7125736e-02  -3.0405919e-01  -2.8150778e-01   5.9830146e-02  -2.4680502e-02  -2.4338138e-01   3.2010601e-01
  -1.3115732e-01  -1.3002697e-02  -1.8283895e-01   7.5982466e-03  -2.4383815e-01  -1.7397368e-01  -1.0217474e-01   1.4798915e-01  -6.8891909e-02   8.6249738e-02  -1.8979267e-02  -2.0350217e-01   1.1076131e-01  -3.7902433e-02   4.9305886e-02   2.1563088e-01  -2.5382911e-01   3.0030468e-02   2.4013448e-01   3.1288048e-01   4.6373708e-02  -1.8577012e-01  -1.6670466e-01   1.1227358e-03  -1.2379386e-01  -1.3533822e-01   5.6248436e-02   4.7120435e-02   1.4018235e-02   1.8398066e-01   1.7233587e-01   1.1200378e-01   1.0674127e-02  -2.2952196e-01  -9.0050060e-02  -2.2182097e-01   3.3909609e-03   1.5736325e-02   3.8035937e-02   1.8497210e-02   1.1237754e-01   3.2612319e-01  -6.5540590e-02   4.2921409e-02   2.0291854e-02  -7.0754631e-02   1.1598366e-01  -2.1541599e-01   8.5291752e-02
  -1.6689161e-01  -2.3951210e-01   3.8589083e-02  -1.2213340e-01  -9.9630553e-02  -1.7840803e-01   1.9607050e-02  -1.4106653e-01   1.4554177e-01   2.3713477e-02  -2.4424267e-02   6.7226213e-02   2.3935532e-01   1.4755378e-02   9.9341024e-03  -1.0020451e-01  -1.3598952e-01   5.2746407e-02  -2.5724388e-01  -2.2609736e-02  -2.1760530e-01  -1.2328871e-01  -1.5200008e-02  -1.2393480e-02   5.3537218e-03  -1.7654760e-02  -4.7347829e-02   1.8801459e-01  -2.9678718e-02  -5.8705002e-02   3.7758943e-01  -2.2027022e-01  -2.7629705e-02   6.8873793e-02   1.7286962e-01  -3.2763567e-01   5.3578332e-02   8.8869492e-02   6.1132938e-02   1.7350352e-01   3.5278975e-02  -2.6706909e-01   8.8882305e-02  -3.9300452e-03  -1.8639534e-01   1.4271773e-01   1.6024841e-01   4.3291594e-02  -8.4147921e-02
  -1.3660829e-01   7.0344982e-02  -2.4186871e-01   7.7582817e-02   7.9203559e-02   8.3621848e-02   3.6012286e-01  -1.7448290e-01   2.9475055e-02  -8.3639477e-02  -1.5539698e-01  -1.8658986e-01   1.2996586e-01   5.0599277e-02  -7.3743374e-02  -8.8426123e-02  -2.0543903e-01   1.5871340e-01  -1.2173025e-01  -2.7248378e-02  -2.6932579e-01  -4.7634177e-03  -1.7942839e-01   1.2833818e-01  -1.1739664e-01  -4.8658736e-02  -5.0118836e-02  -9.8150068e-02  -1.9309898e-01  -1.0427293e-01  -5.3849454e-02  -7.5018455e-02   1.7183692e-01  -1.3613511e-01  -1.5809533e-01   1.9506739e-01   1.0649329e-01   1.5118132e-01  -2.4218121e-01  -2.0965372e-01  -1.0067918e-01   1.1576760e-01   2.3302632e-01  -3.4429845e-02   6.5545433e-02   7.4718192e-03   1.3752317e-02  -3.2160725e-02  -1.3138541e-01
  -1.3530460e-01   6.6854302e-02  -2.3176824e-01   9.3189432e-02   4.1058992e-02  -5.3435825e-02   1.7355757e-01  -1.3283831e-01   7.3093023e-03   6.2140786e-03   2.3038476e-01   5.6818029e-02  -2.9817167e-01   6.5475780e-02  -5.4227957e-02   1.2302305e-01  -1.8423939e-01  -1.9418494e-01  -2.7903477e-02  -9.1294921e-02  -6.4021635e-02  -1.2535977e-01   8.3395787e-02   1.1179842e-01  -9.4197395e-02   7.8615227e-02   1.1937752e-01   1.7068358e-01   1.4599578e-02  -7.5353977e-02   1.7069817e-01   1.0575055e-02  -2.8420185e-01  -1.4446397e-01  -9.6367194e-02   1.7524289e-01  -2.9153983e-01  -1.4721081e-01  -1.0962471e-01   6.5984790e-02   1.6435113e-01  -1.4154112e-01  -2.8325441e-01   5.8439489e-02   1.5384268e-01   2.0555735e-01  -1.3813837e-02   5.9722257e-03  -1.4042340e-01
  -1.2216243e-01  -1.1733998e-02   6.3099576e-02  -3.3460275e-02  -8.4990632e-02  -2.5874641e-01  -3.2311692e-01  -1.6191550e-01   9.8918983e-02   9.0232496e-02  -9.2903534e-02  -4.4453939e-02   1.8135909e-01  -1.8368451e-03  -2.9809793e-02  -9.3746944e-02   1.2201256e-01   1.6066630e-01  -3.1729895e-01  -1.5669949e-01   1.2715802e-01  -1.5821250e-01  -2.8668558e-03  -8.4123327e-02  -1.4988947e-01   1.4038059e-01   1.9757306e-01   8.0694067e-02  -3.2768812e-02  -1.1179284e-01  -1.7861356e-01   1.6668851e-01  -3.3378879e-02   2.0377048e-02  -2.6299726e-01   6.1878340e-02  -2.1660879e-01   5.6346948e-03  -1.2651652e-01  -1.0880791e-01   1.1529439e-01   5.3457292e-03  -6.2045335e-02  -1.0331327e-01   1.6158646e-01  -2.9067708e-01   1.8673833e-01   7.0569574e-02   3.3418857e-02
  -1.4903828e-01   1.6684069e-01   4.2097996e-02  -1.9984008e-01  -1.0319920e-01  -1.1271553e-01   2.0129131e-01   3.0405564e-02  -8.8907350e-02  -1.5828260e-01  -5.1838668e-02   1.4224507e-01  -1.2038961e-02  -7.6461451e-02   2.2106289e-01   9.9506211e-02   1.4902277e-01  -1.3085969e-01   8.0726030e-02  -1.1136616e-01  -7.0101820e-02  -3.4857987e-02  -7.8264003e-02  -2.2267508e-01  -4.1473981e-02  -1.8509250e-01  -7.9698559e-02   1.3985479e-01   3.0185559e-01   4.2614273e-02   8.8064206e-02   7.1329529e-02  -2.0305230e-01   1.3741011e-01  -7.9574192e-02  -2.3019033e-01  -4.5682663e-02   3.5259926e-02  -2.5924266e-01  -2.4372650e-01  -8.5892235e-02   7.1594214e-02   2.0967330e-01  -6.3750060e-02   1.7138438e-01  -4.6896624e-02  -2.0207679e-01   2.2265270e-01  -5.6274219e-02
  -1.4131962e-01  -1.3353430e-01  -1.6200524e-01   5.0119770e-02  -3.3058205e-02   5.9068541e-02   1.8938357e-01  -3.4856707e-02  -1.7735876e-01   1.5392640e-01  -2.6920079e-01  -2.8330976e-02  -2.0981820e-02   1.0734142e-01  -4.5885676e-02   6.5556121e-02   1.1571567e-01  -7.6825597e-02  -8.1271833e-02  -2.3863616e-01   1.2324004e-01  -1.1696756e-01  -3.0506962e-02   2.9021060e-01   3.0845178e-01  -2.7731999e-02  -7.6343060e-02   9.8130541e-02  -7.1031942e-02   1.7144329e-01  -1.6247154e-01   1.6555663e-01  -2.1153876e-01  -4.1338016e-02   2.4654253e-01  -1.6567055e-01  -6.8331845e-04  -8.5601187e-02   8.5803543e-02  -2.1933140e-01  -1.1730158e-01  -2.5272335e-02  -1.0197773e-01   1.0984327e-01  -1.4429672e-01  -2.4279415e-01   1.3454516e-01  -5.1568239e-02  -1.1674588e-01
  -1.2568775e-01   7.3286856e-02  -1.0107349e-01  -2.8098971e-01  -1.1065508e-01   1.0810772e-01  -2.7688897e-02   1.5593823e-01  -1.1660191e-01  -3.3740584e-02   1.3009542e-01   6.4517892e-02  -2.8298652e-01   5.5008139e-02  -5.6490404e-02   2.2631194e-01   1.2618189e-01   1.3081135e-01  -3.0869854e-01  -4.9507871e-02   1.0427877e-01  -1.3530777e-01  -1.8409458e-01   2.2607118e-02  -7.8669612e-02   5.5857751e-02  -8.8462476e-02  -3.5888203e-02   1.1341598e-01  -1.0746619e-02   4.8230033e-02  -2.0008463e-01   2.3489394e-01  -1.3792840e-02  -1.4750597e-01   1.0177480e-01  -6.9036928e-02  -5.3072750e-02   2.2910857e-01  -5.9632997e-02  -3.5977947e-02   2.2662919e-03   2.0699974e-01   3.9798667e-01  -8.7225635e-02   1.8913839e-02   1.4560148e-01   8.0893860e-02   9.9099192e-02
  -1.2491970e-01  -1.4132919e-01   2.3089312e-01   1.2600912e-01  -6.4032604e-02  -2.0352628e-01   2.0780248e-02  -3.6503242e-02  -1.0812855e-01  -7.4651351e-02   4.4371885e-02   1.5904775e-01   1.1651831e-01   1.9265270e-01  -5.1733453e-02  -5.9454534e-03  -2.3519467e-01  -5.2214068e-02  -7.0451882e-02   1.6480560e-01   4.3736579e-02   1.0329036e-01  -1.1242332e-01  -1.3166044e-02   1.3138094e-01  -2.9233269e-01   7.2153299e-03  -3.0190629e-01   1.9271308e-01  -7.3171082e-02  -1.5578541e-01   1.3978710e-01  -7.9281884e-02  -3.2675943e-01  -5.9559223e-02   1.2530053e-01  -1.4882869e-01  -1.9046778e-01   1.6374767e-03   1.4204933e-01  -2.1897771e-01  -1.7296268e-01   1.3403681e-01   5.8255841e-02  -9.6090906e-02  -2.4165341e-02   1.0412847e-02   1.8203552e-01   3.2024687e-02
  -1.3282509e-01   1.2088209e-02   1.3834352e-01   3.6286163e-01  -1.5746680e-01  -2.0062598e-01   1.1756014e-01   5.7313374e-02   6.9602105e-02   7.6118429e-04   6.4540994e-02   5.8593543e-02  -1.4380082e-01  -1.6364059e-01  -2.6358933e-01   1.3481187e-01  -2.2962771e-01   4.9934257e-02  -1.2057618e-01  -1.0372723e-01   7.8058869e-02  -5.3949388e-02   1.8005013e-01  -1.6111293e-01  -1.0834477e-01  -8.1502556e-02   7.0346438e-03  -1.2512434e-01  -1.6856964e-01  -9.4269704e-02  -8.4148099e-02  -2.2944195e-01  -2.2577268e-01   2.9028462e-01   1.1952211e-01  -4.0082321e-02   7.2372915e-02   6.4119698e-02   1.0662795e-01  -9.9656649e-02  -9.0213874e-02   1.3772685e-01   7.6740786e-02   1.2278080e-01   5.0289580e-02  -1.3187527e-01  -1.5562078e-01  -1.5132909e-01   1.6060471e-01
  -1.5082643e-01   1.8626231e-01  -8.9451956e-02  -5.3944523e-02   1.0021997e-01  -2.0747104e-01  -9.8999882e-02   4.4854466e-02  -5.8005822e-02  -1.3458219e-01  -1.8937789e-02   1.2114147e-01  -1.2802836e-01   3.6388320e-01  -2.5098817e-01  -2.0612414e-01  -8.2233933e-02   1.2283565e-02   5.9571023e-02  -1.4880941e-01  -1.2152543e-01   2.4875041e-02  -1.1910277e-01  -8.1716041e-02   1.5809835e-01   1.7173615e-01  -1.8641885e-01  -1.0224209e-01  -7.7397544e-02   6.1563343e-02   5.1618515e-02  -2.6864948e-02   1.5217795e-01  -8.3166904e-02   1.4162639e-01  -2.0029260e-01   2.0544511e-01  -1.3882125e-01  -1.3633871e-02   8.9785398e-02   1.3771676e-01   7.5065212e-02  -1.3577281e-01  -4.0865005e-02   3.3398975e-01  -1.1056648e-01  -3.8386387e-02   1.3515499e-01   2.1456204e-01
  -1.5984093e-01   1.9397193e-01  -3.8983600e-02  -1.4458533e-01   1.6362902e-03  -1.8835871e-01   3.0715694e-01   9.7803132e-02   1.1341647e-01  -3.4413221e-02   1.6482773e-01  -1.4287229e-03   6.1465130e-02  -2.6519108e-01  -4.1586789e-03  -1.2170430e-01   2.3052109e-01  -1.3151590e-02  -1.2403167e-01   2.2638484e-01  -4.6090747e-02   5.2683752e-02   1.7964952e-02   2.7494798e-01  -6.8238100e-02   9.3909470e-02   1.7172682e-02  -2.1687382e-01  -1.6797157e-02   1.2704600e-01   1.4900991e-01   1.9487970e-01  -9.0697572e-02   1.9704422e-01   5.3404884e-02   1.4789626e-01   1.2142287e-01  -1.4545275e-01  -1.0440615e-01   2.9154601e-01  -6.9866375e-02   3.7426185e-02  -8.2533245e-02   5.1777663e-03  -8.5327978e-02  -2.4958438e-01   1.1076045e-01   1.6021738e-02   8.8802817e-02
  -1.5427707e-01  -2.4343826e-03  -3.0207910e-02  -2.1459611e-02   1.5699318e-01  -1.7613891e-02  -6.8458693e-03  -7.4152716e-02   2.0930556e-01   4.6810282e-02  -1.7311840e-01  -1.3885452e-01  -7.4148830e-02  -1.8897686e-01   2.8445824e-01  -2.0096679e-01   2.5763421e-02  -7.0431489e-02  -2.1418202e-01   3.0881187e-01   7.1032880e-02  -2.2480663e-02  -1.5675604e-01  -1.0914826e-01   1.9175021e-01  -1.0168024e-01  -8.1380506e-02  -1.2623404e-01  -1.7813448e-01   1.7065411e-01  -1.9574439e-01  -2.5923280e-01  -6.3155776e-02  -6.2174756e-03  -5.7369293e-02  -1.0255720e-01  -1.5710691e-01  -6.8997998e-02   5.5269094e-02  -6.4721890e-02   1.3508938e-01   3.3208308e-02  -2.2150880e-01   1.9249754e-01   6.8786364e-02   1.4776489e-01  -2.3332713e-01   1.3958234e-01   3.3577122e-02
  -1.3534699e-01  -1.3854968e-01   1.5313491e-02  -1.6025376e-01   8.2332709e-02  -1.7462154e-01  -1.2312348e-01   6.7829459e-02  -3.1784410e-02   1.6841046e-01   1.5229917e-02  -2.9827541e-01   1.6000221e-02   1.3126056e-01  -2.4823777e-01   1.1151479e-01   2.5259211e-02  -1.6779572e-01   1.3967960e-01  -2.0407165e-03  -1.0626796e-01   2.4398598e-01  -1.3131351e-01   1.3266198e-01  -1.7485472e-01   2.2768543e-01   2.4230773e-01  -1.1507841e-01   1.0012241e-01   9.0570923e-02  -2.1167920e-01  -1.4735733e-01  -2.2085552e-01   1.3192835e-01   4.9658036e-02  -2.2057706e-02   7.8564079e-02   6.9794709e-02  -1.3639401e-02  -1.9217856e-02   1.3251690e-01   8.2816785e-02   1.5809166e-01   5.2625145e-02  -1.3766427e-01   1.3296132e-01  -8.5440021e-02   2.6302936e-01  -1.7406663e-01
