  -1.3968458e-01   1.4866453e-01   2.5617535e-01  -1.1949583e-04   1.6546051e-01  -1.6146383e-01  -2.8235891e-01  -3.7251552e-02  -4.7410944e-02  -2.0960090e-02  -1.2271856e-01   3.8433451e-02  -3.7398924e-02  -7.3887605e-02  -5.4165586e-02   9.4161981e-02  -2.8184351e-01  -1.6011720e-01  -1.1030189e-01  -1.9152265e-01   3.6811367e-02  -8.4766574e-02  -5.2373298e-02  -1.0707006e-01   1.0245330e-01  -8.1312536e-02  -2.6275890e-02   9.3499473e-02  -2.6638318e-01   2.1598436e-01  -7.0950159e-03  -3.4315647e-02  -1.5784509e-02  -1.5562596e-01  -9.3521052e-02   3.5059453e-02   2.2900955e-01   3.0656889e-02   2.0314143e-01  -1.3128555e-01   2.6303805e-02  -2.7091957e-01   1.1024088e-01   2.6747228e-01   1.3812206e-02  -2.9568688e-01   3.6912272e-02  -3.6832333e-02  -6.1762014e-02
  -1.3952391e-01   4.5057597e-02  -1.7300300e-01  -1.2573177e-01  -2.0923780e-01   5.9984879e-02  -1.1729055e-01   7.6178146e-02  -1.3339691e-01  -1.5873803e-01  -1.0638868e-03  -3.4688699e-02   3.9963237e-02   8.9463691e-02   1.5596998e-01   5.6372004e-02   7.2027440e-02  -1.2438392e-01  -2.2421603e-01  -3.7937811e-01  -2.1613818e-01  -2.0546592e-02   3.1635229e-01   2.3919810e-01  -1.1051274e-01   1.3854565e-01   1.4862686e-01  -3.9738090e-03  -1.0395639e-01   2.8117180e-01  -7.0434483e-02  -4.2457217e-02   8.3822673e-03  -1.1537448e-01   1.5782582e-01   1.1133609e-01  -1.7701247e-01  -9.2302415e-03   2.9364156e-02   1.0234632e-01  -2.6085250e-02  -4.2764048e-03  -6.0932426e-02   1.3604966e-01   5.7352487e-02   2.6664625e-01   1.0866655e-01  -5.1388175e-02  -9.9436804e-02
  -1.4331499e-01  -7.7796269e-02   1.3028661e-01   5.3865510e-02  -3.2290448e-02   2.6770285e-02   4.7410762e-02   2.6486723e-01  -1.1427421e-01  -3.2590035e-02  -4.8588525e-03  -5.6191065e-02   5.8897380e-02  -1.0920543e-01   9.6580501e-03  -1.6943785e-02  -9.0109906e-02  -1.1551282e-01   1.1096986e-01   1.3798857e-01  -8.2080419e-02  -2.8995294e-01  -1.2486957e-01  -1.1981371e-01   2.0047623e-02   1.8291405e-01  -2.0067585e-01  -4.1302100e-02  -8.4810953e-02   6.3518955e-02  -3.1704292e-01   1.1910788e-01  -1.6964256e-01   3.3443051e-02  -1.3485117e-01  -2.1635987e-01  -1.0035604e-01  -6.0811934e-02  -5.2750624e-02  -8.9943978e-02  -8.1860044e-02   2.9542368e-02  -1.1172822e-01  -7.9575242e-02   4.3076670e-01   1.3345141e-01   3.3736049e-01  -7.3590667e-02   4.9294056e-02
  -1.3059869e-01  -1.5382641e-01  -2.0950738e-02  -2.0942158e-01   1.7508078e-01  -4.6230221e-03   7.6693636e-02   1.1201815e-01  -1.9396358e-01  -3.5837774e-02   1.0471680e-01   3.0222952e-01  -7.4611385e-02  -6.7248364e-02  -2.4669448e-02   6.0200615e-02   5.5757300e-02  -1.6335033e-02  -3.3449777e-01  -2.5987408e-02   6.9857259e-02   1.4593498e-01  -1.9410584e-01  -1.7824515e-01   5.7766884e-03   1.9813746e-01   1.8761205e-01  -2.5804053e-02  -3.3938785e-02   4.0790241e-02   2.5347759e-01   3.9954312e-01  -1.8427347e-02   2.0184128e-02  -4.3166043e-02   1.3825304e-01  -1.5345142e-02  -2.0154841e-01   1.5282330e-01   1.1267364e-01   9.6260846e-02   1.4962845e-01  -6.4434502e-02  -1.3067716e-01   1.6768831e-01  -9.0066638e-02  -8.2060238e-02   2.6436448e-02   4.1743689e-02
  -1.4178462e-01   1.6477789e-01  -9.9564500e-02   1.4673898e-01  -2.6871250e-01   8.4538971e-03  -9.6533932e-02  -1.0520533e-01   1.5731340e-01   2.6680426e-01  -8.0176273e-02  -6.7330368e-02   1.3030248e-01  -1.3547356e-02   7.4101677e-03   1.1297089e-01  -2.6405264e-02  -2.4154820e-01   6.7544935e-02   5.2093236e-02   8.6321563e-02   4.1657844e-02   1.8545968e-01   6.0492081e-02   4.0052731e-02   1.6371465e-01   1.1091494e-01  -1.7179288e-01  -8.6586265e-02  -3.8075112e-02   2.9385607e-02   2.2277933e-01  -5.3115442e-02   1.9870540e-01  -3.6031287e-01   1.7802030e-01   1.5635783e-01  -1.2603367e-01  -1.0139857e-01   1.2604646e-01   6.2783945e-02   9.0118801e-02   2.3124847e-01   4.6511955e-02   1.0349646e-02  -1.7340549e-03   9.5929873e-02   2.7973045e-01   1.5149755e-01
  -1.5616081e-01   1.3352304e-01  -2.8645059e-02  -1.2321081e-01   1.0916475e-02   9.2904701e-02   1.6442028e-01   2.7683547e-01   1.4998935e-01  -1.1003378e-01  -8.9431103e-03  -1.8672914e-01   2.8535978e-01  -6.0847057e-02  -6.4715008e-02  -5.0135810e-02   1.3187245e-01   1.2093752e-01  -1.8055784e-01   9.3750381e-02   2.3232534e-01   2.9575577e-01  -1.4905683e-01   1.4740322e-01   6.2389595e-02   1.3464232e-02  -1.8799143e-01   1.2616531e-01   9.0834185e-03   2.1511955e-01  -2.4561520e-02  -2.3059246e-02  -1.3434732e-03  -1.6403594e-01  -3.0180943e-01   1.1510623e-02  -8.8907566e-02  -1.0901387e-01  -1.4636818e-01  -8.1743875e-03   5.1623047e-02  -5.6582340e-02  -1.1859068e-01   1.4941250e-01  -2.6966904e-01  -6.6471364e-02   1.1651563e-01  -1.0337416e-01   5.7308269e-02
  -1.5449219e-01  -1.1422690e-01  -1.6824703e-01   6.7905274e-02   8.4858355e-02   1.3853663e-01   8.4831306e-02  -2.6298779e-01   9.4203140e-02   4.0136919e-02   9.1887754e-02   1.4506725e-01   4.8177622e-02  -3.0903781e-01   1.6525287e-01  -1.5162508e-01  -4.4735784e-02   4.4444128e-02   2.7951408e-01  -3.7772950e-02  -2.3913703e-01  -1.1164938e-01  -2.9247739e-02   5.7799618e-03   2.4453506e-01  -6.5440984e-02   1.0675476e-01   1.8372403e-02   2.7675477e-01   1.3061315e-01   5.8920127e-02  -1.8217244e-02  -2.4397885e-01  -1.5600491e-01  -1.2459478e-02   1.0163174e-01  -1.3490241e-01  -2.1295355e-01   1.0863370e-01  -2.5283303e-02   9.4538934e-02  -1.4916491e-02  -1.7403266e-01   2.4696747e-01  -6.0092330e-02  -1.1864468e-01   1.0488803e-01   1.0883897e-01   2.5738387e-02
  -1.4444474e-01   3.9636783e-02   1.0517177e-01   1.4697459e-01  -2.7078032e-02  -1.9346400e-01  -9.2102521e-02   1.6974726e-03  -8.6691408e-02   6.5132224e-02  -4.3806531e-02   1.8072655e-01   1.6621659e-01   1.0241216e-01   2.1580102e-01  -1.8066845e-01  -2.1260701e-02   2.3095835e-02  -4.0583686e-02   1.4615265e-01  -2.7109610e-01   1.4667662e-01   1.4930618e-01  -9.7224766e-02   1.7208574e-01   9.2278134e-02  -1.6373791e-02   1.5582087e-01   1.0511129e-01   1.8685080e-01   1.3522565e-01   1.5244408e-01  -1.6295461e-01  -3.6516876e-02  -6.4983643e-02  -1.8335913e-01   1.3361877e-01   3.2192652e-01  -1.5830744e-01   1.0471203e-01  -2.3271401e-01   2.0696373e-01   2.9647283e-02  -1.5106978e-01  -1.8696432e-01  -5.4853041e-02  -2.2317104e-02  -1.6929748e-01  -1.5038949e-01
  -1.3939959e-01   1.9080177e-02   9.7969892e-02   1.4772935e-02  -8.9799344e-02  -3.0514645e-01   9.5346230e-02   1.3448891e-01   9.7114452e-02  -1.6378636e-02  -6.6949153e-02   4.8909281e-02  -1.4720850e-01  -5.3198782e-02   1.0653168e-01  -8.4529025e-02   1.1985915e-02   1.3311945e-02   1.5720697e-01  -1.6011730e-01   3.6039394e-01  -3.4283815e-01   2.3518792e-01   7.5127464e-02  -5.2578421e-02   7.2803279e-02  -2.3948655e-01   1.6230142e-01   1.8287562e-01  -2.8894932e-02   2.4970952e-01  -7.2802500e-03   5.0938000e-02  -1.5207119e-01  -1.6777825e-02   1.8567992e-01   7.8720764e-02  -5.1148248e-02   2.0102153e-02   2.4029354e-01  -7.7827744e-02  -3.1325411e-02  -1.8945117e-01  -1.0483258e-01   6.5830162e-02   5.7918247e-03  -1.0094655e-01  -8.6105716e-02   1.7786378e-01
  -1.3517822e-01   3.2074469e-02  -1.8731234e-01   2.2316453e-01  -2.8864786e-02  -1.2190803e-01  -3.4439780e-01  -1.4684365e-03   1.6106143e-01   5.8752445e-02   1.7265282e-01   4.8199461e-02   6.5805406e-02  -3.7694593e-02  -2.7634565e-01  -1.5470049e-01   1.1849514e-01  -1.4762586e-02  -5.6089076e-02  -3.0628421e-01   1.4489597e-01   1.5007131e-01  -1.0669998e-01   6.4305816e-02  -2.4870644e-02  -1.1420443e-01   1.1169694e-02   2.2299577e-01   9.6417815e-02  -1.0464590e-01   4.1315950e-02  -9.5993370e-02  -9.9610640e-02  -8.4155673e-02  -6.6848245e-02  -1.9930446e-01  -4.2091096e-02  -1.4193259e-01   1.7439452e-01  -2.2367192e-01  -1.5507679e-01   1.7251598e-01   5.6010112e-02  -2.2660325e-01   1.5908175e-01   1.1332368e-01   5.2604711e-02   8.8698333e-02  -9.1429117e-02
  -1.5396334e-01   2.0008965e-01   1.7085712e-01   5.6820917e-02  -1.8879049e-01   2.5554485e-02   1.1368641e-01  -6.6571533e-02   2.4224452e-02  -1.8394843e-01   2.1313894e-01   8.9123147e-02  -2.2500893e-01  -9.0757172e-02  -7.5693666e-02   2.1037295e-01  -5.4561021e-02   2.8371766e-01   2.0974665e-02  -7.1112374e-03   1.2098731e-01  -1.1587827e-01  -1.4464108e-01   2.0755241e-01   3.3340826e-02  -1.8119114e-01  -2.3597532e-02   1.1991486e-01   4.0637325e-02   2.0759007e-01   7.6883929e-02   1.7288108e-01  -1.4563667e-01   1.5706604e-01   1.1558615e-01   1.4198303e-03  -5.8842709e-02   2.6287408e-01  -5.6844062e-02  -2.0975602e-03   2.6577025e-01   1.4870704e-01   2.7608985e-01   3.4177998e-03   1.4262026e-02   1.0625221e-01   1.4893523e-01   6.9079601e-02  -7.4937776e-02
  -1.3558517e-01   2.4472980e-01  -1.5832444e-01  -4.4597133e-03  -1.3129108e-02   1.6213004e-01   5.2188988e-02   1.7399995e-01   4.0916031e-02   1.8359390e-01  -4.1855552e-02   6.7773206e-02  -2.4181089e-02   2.3279222e-01  -1.5880283e-01   1.7164817e-03   1.5877969e-02  -1.2161382e-01   2.1657384e-02   1.7302881e-01   9.8702621e-02  -1.9783942e-01   1.4233244e-01   1.7170126e-01   3.9531730e-02  -6.9735750e-02   1.3238767e-01   1.0717891e-01  -1.6041539e-01   1.5992273e-02   5.3543602e-02   1.1010864e-01  -2.1911824e-01   1.2541814e-01   2.6208491e-01  -7.6118097e-02  -1.2669160e-01  -5.2267894e-02  -1.2214265e-01  -2.3809017e-01  -3.5221438e-02   3.9813992e-02  -2.6310630e-01   5.9133919e-02   6.1557974e-02  -3.4479130e-01  -2.4436336e-01  -4.2777880e-02  -8.1169891e-02
  -1.4047460e-01   1.7829927e-01   1.0818609e-01  -1.7804829e-01  -5.9267974e-02   7.2736627e-02   1.4735926e-01  -1.5119211e-01  -1.4222852e-01   3.5973163e-01  -1.6619463e-01  -3.0165149e-01  -3.3883307e-02  -1.1538044e-01  -2.1677237e-01   9.4699869e-02  -2.2721734e-02   1.6579628e-02  -5.1969672e-02   2.7309531e-02  -1.6727775e-01   1.2523477e-01  -9.2098234e-03   4.1702067e-02  -1.4139589e-01  -1.3287373e-01   1.2441763e-01   1.1123339e-01   3.3223203e-01   1.3040722e-01  -2.1432804e-02  -4.7429998e-03   7.7375648e-02   3.0330462e-02  -4.3250671e-02   1.9619044e-02  -3.8005306e-02   1.6051223e-01   2.8288702e-01   6.9528881e-02  -1.6999895e-01   4.2811836e-03  -6.5598499e-02  -9.2238766e-02   1.9585558e-01  -5.8843369e-02  -2.2089883e-03  -1.4600165e-01   2.0935050e-01
  -1.4609639e-01   1.5743782e-01  -7.2946164e-02  -2.0274911e-01   1.7481758e-01  -1.2134842e-02  -1.6733357e-01  -1.3694313e-01   1.6323066e-01  -1.5774588e-01   7.3136048e-02   7.3909303e-02  -8.9550071e-02   1.2451752e-01  -3.2976425e-02   8.1679370e-02   2.0171344e-02  -1.1133775e-01  -1.4941043e-01  -3.4531420e-03  -3.1139458e-01  -1.2313644e-02   1.9248151e-02   7.0404724e-02  -5.9293585e-02  -9.2344280e-02  -4.1272508e-01  -1.2181444e-01   9.8508548e-02  -3.0560312e-01   2.1700399e-02  -9.0411428e-02   1.4036058e-03   4.1926908e-02  -2.1475802e-01   1.9307144e-01  -1.0812303e-01   1.7481596e-01  -1.1271014e-01   6.1961243e-02   1.1836090e-01   1.8230662e-01  -1.4744372e-01  -7.7097319e-03   1.5010068e-01  -2.1029110e-01   8.0627296e-02  -1.5991443e-02  -5.7458239e-02
  -1.3970349e-01   6.3043773e-02   1.9023018e-01   3.9738410e-02  -1.1894938e-01  -4.1926232e-02  -1.0124572e-01   1.2326677e-01  -3.0332363e-01  -8.7758596e-02   1.2235061e-01  -8.2389698e-02   3.5275126e-02   9.0798898e-02   3.5107383e-02  -1.7044011e-01  -9.0494165e-03  -1.8489742e-02   1.5362144e-01  -7.7778010e-02   3.8972959e-02   1.4235271e-01  -1.4034283e-01  -3.8504731e-02  -9.3178002e-02   1.2449637e-01   3.2862386e-01   4.8973492e-02   5.8404039e-03  -3.3652544e-01   1.3947725e-01  -1.3734427e-01  -9.8448596e-02  -2.2424425e-02   5.6406580e-02   1.8080282e-01  -1.1759815e-01   2.4420159e-01  -1.4729298e-01  -8.0149422e-02   5.7584170e-02  -1.5651244e-01  -1.5232149e-01  -1.0302952e-02  -7.3135397e-02  -1.5672965e-01   2.8694154e-01   1.5222365e-01   2.0677323e-01
  -1.2492147e-01   1.4468297e-01  -1.3941632e-01   2.4656905e-01   1.2370169e-02  -1.3944623e-01   5.7962624e-02   2.3230929e-02  -6.1561546e-02  -5.5198932e-02  -2.6353442e-01   1.8079159e-01  -1.6060362e-01  -1.1749195e-01  -1.1146562e-02  -1.4543534e-01  -1.3113862e-02  -5.2631866e-02   9.7881994e-02   5.7226980e-02  -1.6318283e-02   2.5629940e-01   1.0840050e-01  -2.6740926e-01  -2.5756850e-01  -1.9952219e-01  -2.0339534e-01  -5.4895033e-02  -8.4957849e-02   1.3802788e-01  -1.1906388e-01   1.9878166e-01   1.1257254e-01   1.3934969e-02   5.8950980e-02   1.4104085e-01  -4.2249942e-01   2.2333606e-02   2.8801457e-03  -9.3739671e-02   1.8876750e-02  -1.7124853e-01   3.1757182e-02  -9.0574120e-02  -8.4438259e-02   3.8605429e-02  -3.5875301e-02   1.4170640e-01   3.8232866e-02
  -1.5360375e-01  -9.6221371e-02  -1.6040565e-01  -1.9291953e-01   9.4376280e-02  -2.5407708e-01  -8.1356533e-02   9.2331439e-02  -4.4865696e-02   4.2307104e-02  -2.3714651e-01   5.9767723e-03   7.9880041e-02   1.3960200e-01   3.0900041e-01  -2.9348333e-01  -1.8055230e-01   3.1752105e-02  -1.1048693e-01   1.5084954e-01   1.0666035e-01  -3.4518259e-02  -1.1832790e-01   2.4815628e-01   1.3125247e-02  -1.9190321e-01   5.0869999e-02   1.3846359e-02   1.2308707e-01  -1.0180357e-01  -6.0265745e-02   1.0678936e-02  -4.0536259e-02   3.7383785e-01  -1.6245316e-02   2.7489650e-02   5.9639782e-02   1.9012696e-02   2.3436261e-01  -1.4433313e-01   1.7598996e-01  -2.4812547e-02   4.1704391e-02   1.1576607e-01   2.1703858e-03   2.2618457e-01   2.6930370e-02  -3.5741353e-02   1.6825034e-02
  -1.5088135e-01   8.1035653e-02  -9.2882686e-02  -4.4342967e-02  -5.6878393e-02   4.2757033e-02  -5.9225171e-02   1.8985047e-01  -5.0365044e-02   1.6323444e-01   1.6622295e-01   2.0892311e-01   1.8607718e-01   1.0976690e-01  -2.2199920e-02   1.9977310e-01   1.0339398e-01  -3.6775941e-02   2.2455720e-01   1.1427118e-01   4.5179547e-02   1.3918990e-01  -5.6818773e-02  -1.9753022e-01  -1.5110540e-01  -1.1397271e-01  -9.5610086e-02  -3.5670439e-02   2.6955899e-01   4.8300866e-02   7.1706258e-02  -2.6904557e-02   1.6482862e-01   1.4133212e-02   1.7632271e-01   7.5431592e-02   3.2009481e-01  -2.1492476e-02  -4.5487228e-02   8.1228131e-02   2.7403152e-02  -2.2957153e-01  -7.8497483e-02   1.9797085e-01   1.6802451e-01   1.3257869e-01   1.2154877e-01   2.9930603e-02  -3.5441981e-01
  -1.4232850e-01   1.9985407e-01   1.0248947e-01  -1.1987362e-02  -1.8910724e-01  -2.8300189e-01   4.6466246e-02   3.2653337e-02   7.8224038e-02  -2.7754899e-02   2.2843526e-01  -6.7708816e-03   1.3290684e-01  -1.0189764e-01   7.7135427e-02   5.1417958e-02  -5.4910704e-02  -1.9378261e-01  -1.7685069e-01   1.2448796e-01  -1.0632300e-01  -6.8061619e-02  -1.0251384e-01   1.1958933e-02   4.8807219e-02  -2.4555561e-01   1.7613012e-01  -1.6096275e-01   3.8269159e-02  -2.1430176e-01  -1.7116667e-01   1.4940178e-02  -3.6603375e-02  -2.0883175e-01   9.1481853e-02  -2.6645268e-01  -1.3307902e-01  -1.6857204e-01   2.0586859e-03   3.1998546e-01   1.4741885e-01  -2.0125943e-01   2.3322560e-02  -1.2605662e-01  -6.4859122e-02   7.9780430e-03  -2.1643736e-01  -3.4062733e-02   8.9881623e-03
  -1.6193895e-01   5.2611738e-02  -5.5982947e-02   1.2192280e-01  -3.9409979e-02   2.7906250e-02   1.2479409e-01  -1.6228430e-01   3.9753513e-02   2.7845897e-02   8.9387714e-02  -4.8039461e-02   1.2270411e-01   1.8865383e-01   2.5273554e-01  -9.0544303e-03  -1.2908907e-01   1.9594081e-01   3.2988391e-02  -2.1219846e-01   1.9076034e-01   3.6040699e-02  -5.2862931e-03  -1.6049543e-01  -2.8983304e-01   1.9225112e-01  -3.9715812e-02  -5.8634456e-02  -4.0447073e-03  -1.7300479e-03  -3.0129325e-01   2.0688545e-02   1.5676067e-01   7.1997280e-03   7.8721993e-02  -2.4950066e-01   4.8326214e-02   3.2171976e-02   2.2401587e-01   7.1259429e-02   1.7972909e-01   2.9535055e-01  -1.1844795e-01   7.4204356e-02  -4.1678160e-02  -3.2602546e-01   1.6989653e-02   1.8587094e-02  -1.4748546e-02
  -1.6030271e-01  -1.1430714e-01  -5.2808407e-02  -2.7905462e-01   9.7394945e-03  -1.1497725e-01   6.5494857e-03  -4.0339533e-03   3.1406553e-01  -1.7632510e-01  -3.2560335e-02  -5.0439496e-02  -6.7433905e-02  -2.7603989e-01   1.7888839e-02   1.1613435e-01   1.0031185e-01  -1.8847245e-01   1.0414577e-01  -8.2916376e-02   1.8210201e-01   1.5621863e-02  -1.4776220e-02  -8.5463064e-02  -1.2741653e-01   2.2308422e-01   1.7897565e-01  -3.0039641e-01   1.9192455e-01   6.1664540e-02  -5.9795016e-02  -1.7079520e-02  -1.6153735e-01   1.6650581e-01   3.0465507e-02  -6.1173312e-02  -3.6075646e-02   2.3753771e-01  -3.6952903e-02  -2.0550816e-01  -1.9407137e-01  -1.0314173e-01   8.4732144e-02  -8.1549111e-02  -1.2482997e-01  -1.1086184e-01  -6.2736897e-02  -1.2607940e-01  -1.8071661e-01
  -1.6183397e-01  -1.2154988e-01   2.3461990e-01   9.1855008e-02  -4.2467639e-02   1.4903396e-01   5.9759753e-02  -1.5482509e-01   4.1289273e-02   8.8049385e-02  -1.8304933e-01   1.1521955e-01   1.2289420e-01   3.9190663e-02   1.0435090e-01   6.1354281e-02   7.1653083e-02   2.2144753e-01  -1.4426938e-01  -1.7234778e-01   1.4667458e-01  -5.8138731e-02   1.1998083e-01  -1.4681345e-01   6.9000472e-02  -1.5449038e-01   1.9143894e-01   3.8977085e-02   6.3177299e-02  -2.9511307e-01  -5.5103604e-02   9.4407316e-02   9.9839046e-02  -6.0452476e-02  -2.0957187e-01   6.1666730e-02  -2.2034410e-01  -6.5028954e-03  -2.6907753e-01  -1.5204028e-01  -3.4708096e-02  -5.7913187e-02   9.3118463e-02   1.9230723e-01   2.1024804e-01   8.8468251e-02  -1.0270962e-01  -2.7498997e-01  -1.6501656e-01
  -1.4798950e-01   1.8095844e-01   1.7757067e-02   6.8419975e-02   1.1036668e-01   2.4058815e-02   1.3496234e-01  -2.0180838e-01  -2.2562569e-01  -1.7558651e-01  -1.6800330e-01  -7.3744757e-02   2.9037562e-02   1.4307288e-01   4.7552031e-02   8.6546538e-02   2.0715857e-01  -7.1658051e-02   2.8666171e-01   7.1907236e-02   6.9155137e-02   1.7782639e-01  -1.0878130e-01   2.7185556e-01   1.2155633e-01   2.0685462e-01  -1.6038683e-01  -1.3560647e-01  -8.8666043e-02  -2.3435543e-01   7.5909748e-02   1.3692313e-01  -1.5144468e-01  -2.5801449e-01   6.9158143e-02  -2.4204693e-02   2.3993826e-03  -3.6984163e-02   2.8753021e-01  -2.2783007e-02  -9.0008791e-02  -2.6412397e-02   1.7294185e-01   5.3558704e-02   7.3596754e-02   1.0616054e-01  -1.0674049e-01  -1.1296342e-01  -1.1755751e-01
  -1.3356395e-01   2.8727162e-02   1.1094297e-01  -4.6447194e-02   1.6442589e-02  -3.4539458e-02  -4.0014857e-01  -6.7701196e-02  -1.4113110e-01   2.2423803e-01  -1.6219572e-01  -1.5701066e-01   2.8866574e-03  -7.7660929e-03  -1.3975383e-01  -7.6220320e-02   2.0538836e-01   1.6600690e-01   8.5355758e-02  -1.0901129e-01   2.9573201e-02  -4.8492072e-02  -1.4663982e-01  -1.3462018e-01   2.0880046e-01   2.0596020e-01  -1.5089581e-01  -1.5654750e-01   3.2506099e-02   1.5245629e-01  -1.5009553e-02  -1.3289933e-01  -5.0098431e-02   2.0600648e-01   1.8751917e-01   1.7407955e-02  -1.7692928e-01  -1.5587255e-01  -1.5095147e-01   1.9039674e-01   3.1281978e-01   1.1861509e-02  -1.3410924e-03  -7.7335725e-02  -8.3788828e-02   1.8558804e-02  -1.3972524e-01  -1.3858341e-01  -4.2001808e-02
  -1.3711838e-01  -2.1735454e-01  -1.2419237e-02  -4.4652360e-02   4.6552448e-02  -1.6906194e-01   3.2489725e-01   8.5784313e-02  -1.2128809e-01   1.4713793e-02  -1.6674541e-01   4.1161337e-02   2.3343637e-01   2.3625924e-02  -1.8959428e-01   1.8905845e-02  -3.1135232e-02   6.7372440e-02   2.3235770e-01  -3.9393820e-01  -1.8830685e-01  -4.0707639e-02  -1.7343665e-01   2.1619057e-01  -2.2182857e-03  -2.0899721e-01   9.0264203e-03  -1.1861830e-01  -2.0713811e-01   5.4084402e-02   4.1306080e-02  -4.1625050e-02   6.2944538e-02   1.4424741e-01  -1.3847220e-01  -4.7976639e-02   5.6241619e-02   3.4855009e-02  -1.5197582e-01   1.3748393e-01  -7.2288671e-02   6.7984793e-03  -4.0152700e-02  -1.2469982e-01   8.0148347e-03  -1.1668972e-01  -1.1255160e-01   2.2237698e-01  -1.6055337e-01
  -1.4804756e-01  -1.1165566e-01   1.1821448e-01  -3.7107936e-01   3.1966358e-03   5.5701052e-02  -2.3176782e-01  -2.3244811e-01  -7.7097691e-02  -5.4259200e-02   1.4549509e-01  -6.8582862e-02   1.2505246e-01   2.1017798e-01   5.1348174e-02   1.3561989e-01  -6.6786698e-02   1.3378684e-01   7.2812223e-02   8.5757817e-02   8.1388657e-02  -1.3440203e-01   3.8145231e-02  -7.9362462e-02  -8.0609947e-02  -1.1147511e-01  -1.5138203e-01   1.0428368e-01  -2.4920787e-02   1.3299409e-02   4.6020874e-02   1.9725213e-01  -5.0686080e-03   5.3917272e-02   2.4069397e-02  -1.1857251e-01  -2.0576954e-01  -1.7698290e-01  -5.7247746e-03   1.9809354e-02  -4.1713990e-01  -8.6813107e-02   3.0240574e-02   1.2645124e-02  -2.1038913e-01   4.6103509e-02   1.8749630e-02   3.0860710e-01   9.6033793e-02
  -1.2425815e-01   3.2725315e-02   3.8570381e-02   1.0714139e-01   9.3598138e-02  -1.1473567e-01   1.1884048e-01   2.1320620e-02  -1.7600251e-01   4.2077540e-02   1.2125078e-01   8.9839948e-02  -1.6072448e-01   1.0237483e-01  -1.1584334e-01  -6.8816370e-02   3.6774080e-01   1.8893833e-01  -1.8217442e-01  -4.8564027e-02  -9.4695570e-02  -1.2333018e-01   2.5269296e-01   8.8396616e-03  -7.4690581e-02  -1.0839126e-01  -3.1995519e-02  -4.1696018e-01   7.6547489e-02   3.0096506e-02   7.6085112e-02  -2.6297052e-02  -6.6615699e-02   6.3604942e-02  -8.1829821e-02  -2.3578689e-01   2.0199676e-01  -1.3532485e-01   2.5646557e-02  -2.0069643e-01  -2.7220586e-02  -1.2043817e-01   4.8920573e-02   1.1390119e-01  -1.4556092e-01  -4.1832623e-02   1.9236138e-01  -5.1179876e-02   2.4493130e-01
  -1.5335662e-01  -1.0856131e-01   1.1970957e-01   4.9702481e-02   1.8804390e-01  -3.2256920e-02   1.1688963e-01  -1.7151723e-01  -2.7167582e-02   2.3313078e-01   3.2092567e-02   1.8957723e-01   1.5360632e-01  -2.7641093e-01  -1.3861809e-01   8.0612073e-02  -4.9379126e-02   1.2889666e-01  -2.4485240e-01   1.8778025e-01   9.5412400e-02   4.0910424e-02   2.4514577e-01   1.4554054e-01  -1.5105008e-01   2.3451888e-01  -9.6362712e-02   1.0365919e-01  -1.8850038e-01  -1.4160862e-01  -1.1819321e-01  -2.6400574e-01  -2.3190299e-01   3.8863574e-02   1.0451731e-01   6.0090421e-02   5.3906690e-03   1.0680208e-01   6.3804226e-02   7.5420132e-02   3.8780403e-02  -1.2414909e-01  -1.1496624e-01  -6.0473783e-02  -6.2727189e-02   1.4684259e-01   2.8481964e-02   1.9122067e-01  -1.3977633e-01
  -1.4340212e-01   1.3608750e-02   3.6453881e-01   1.6920059e-01  -1.0089272e-01  -2.6468912e-03  -8.5188784e-03   1.6095361e-01   7.6546203e-02   1.0484146e-01   1.8332432e-01   2.4400100e-02  -2.0910840e-01  -5.8067619e-02   1.4233666e-01   9.4548257e-02  -1.7590792e-01  -3.9542537e-03   5.9833440e-02   1.6443699e-02  -1.4274170e-01   1.7982746e-01  -1.4188361e-01   1.2457404e-01  -6.9779106e-02  -4.8078115e-03  -3.3937696e-02  -1.6805295e-01  -1.0129550e-01  -1.1329319e-02   9.9587744e-03  -1.5191683e-01   7.4687645e-02   1.7608343e-01   3.1188229e-03   2.2707383e-01  -1.9465059e-02  -2.8603748e-01   7.9998050e-02  -1.4484727e-01  -2.6964449e-01   2.6281147e-01  -1.6244805e-01   9.1309886e-02  -1.7569630e-01   1.1683851e-01  -1.3889182e-01  -1.4675255e-01  -6.0052807e-02
  -1.3716416e-01  -1.3044634e-01  -1.5596549e-01   2.5838747e-01   3.6120239e-02  -4.9143686e-02   6.5426962e-02  -9.2729531e-02  -1.1658871e-01   1.1055113e-01   3.6285066e-03  -2.1802120e-01   2.7066147e-02   1.2458698e-01   7.5162940e-02   2.0860226e-01  -1.9571577e-02  -1.3508891e-01  -1.7011481e-01   1.8080381e-01   2.0095558e-02  -3.5183162e-01  -1.5791334e-01   6.0574407e-03  -2.1696926e-02   4.4543717e-02   3.7739868e-02  -3.8318533e-02   6.0943097e-02   1.0106806e-01   2.3787353e-01  -8.9233098e-02   2.5764391e-01  -1.4502485e-01  -9.2998332e-02   1.1611816e-01  -1.5927370e-01   4.6168612e-03   5.2419577e-02  -1.9204366e-01   7.3797009e-02  -1.6982740e-02   1.0790811e-02  -2.7321464e-01  -2.0938085e-01  -3.1682933e-02   1.7121781e-01  -1.0663165e-02  -2.7408358e-01
  -1.3479149e-01  -2.1412602e-01  -7.1876341e-02  -1.5938678e-01  -3.2947764e-01  -2.6958379e-02   1.0445146e-01  -6.9982845e-02  -7.3978837e-02  -1.1061453e-01  -8.9170210e-02   2.4183769e-01  -1.6352776e-01   1.7991534e-01  -2.2247539e-01   1.4496038e-01  -1.2980547e-01  -8.3703934e-02   1.5233541e-01   4.6381826e-02  -1.2943118e-01   1.1202523e-01   1.1434354e-01  -4.1661913e-02  -6.3437774e-03   1.1991672e-01  -2.3652349e-02   3.1983477e-01   4.0327941e-02  -9.2460538e-02  -1.0034526e-01  -1.5791728e-01  -2.8426073e-02   6.4493474e-02  -1.2531189e-01  -8.4464609e-02   4.3946399e-02  -2.6497607e-01   3.7433260e-02  -7.3901808e-02   2.0726330e-01  -8.6035038e-02   1.2022763e-01  -1.2166170e-01  -1.9202982e-01  -8.0296036e-02   7.8761547e-02  -2.7145026e-01   3.3694975e-02
  -1.3539214e-01   7.9466327e-03  -1.4150795e-01   5.6058035e-02   2.7468261e-01  -2.4702284e-01  -1.4091361e-02   1.0551995e-01   1.2089308e-01  -1.0178103e-01  -6.5208835e-02  -8.4505846e-02   1.7680124e-01  -3.7247130e-02  -2.0874349e-01   3.7244110e-01  -1.2388976e-01   3.6181945e-02   1.4938834e-01   3.4647469e-02  -6.9493591e-02   5.4728145e-03   1.3539117e-01  -1.9948387e-01   1.1721246e-01   7.0973807e-04   1.5142418e-01   2.9855429e-02  -9.7463395e-02  -1.0493731e-01   1.6866690e-01  -2.6801687e-03   1.1683784e-01   5.0560856e-03   1.3447574e-01  -1.1857936e-01  -8.7819019e-02   9.1343064e-02   1.3756107e-02  -1.5744270e-02   7.7519436e-02   2.6827655e-01  -9.7089927e-02   2.2216883e-01  -8.1062478e-02   2.5927043e-01   5.1576897e-02  -1.1240704e-01   2.8544722e-01
  -1.4523342e-01   3.1508461e-01  -1.7525706e-01   3.5735062e-02   1.1197647e-01   2.7676666e-01  -3.1297703e-03  -1.3833972e-01   2.9986639e-02  -9.7390764e-02  -2.2525820e-01   3.4198511e-01  -6.5263386e-02   5.9311943e-02   9.5256840e-02   3.2837925e-02   1.0946508e-03  -4.0229701e-03  -4.3262108e-02  -3.1200394e-03   9.1142679e-02  -1.6540514e-01  -3.3453507e-01  -8.7546254e-02  -7.8435803e-02  -2.0095817e-02   1.6686410e-01  -1.4157756e-02  -9.0670642e-02   6.9268276e-02  -3.1282299e-02  -3.1576134e-01  -2.4290360e-02   3.6013239e-02  -7.0023387e-02  -4.2626005e-02   1.2642690e-01  -2.5881035e-03  -1.1195607e-01   2.0399785e-01  -2.2184388e-01  -8.6203775e-03  -3.5061208e-02  -1.3558938e-01  -7.2194475e-02   1.7804885e-01   3.4101094e-02  -7.2551556e-02   2.1657907e-01
  -1.2001298e-01  -1.8147321e-01  -9.2032773e-02  -3.0514094e-02   1.0042774e-01  -6.0897090e-02  -1.9229283e-01  -4.4047589e-02   1.6371237e-01   1.4666396e-01   1.8523764e-01   2.1315979e-02   1.8519468e-03   1.4956452e-01  -3.2464363e-02  -4.7621056e-02  -8.8958619e-02   2.3387304e-01   1.8717351e-01   1.3465573e-01  -1.2302008e-01   4.7159322e-04  -1.0034536e-01   1.9350182e-01  -3.4011811e-01   7.0437607e-02   9.8027125e-02  -9.2657119e-02  -1.3825061e-01   1.7867098e-01  -7.0440223e-02   1.1843326e-01  -4.1693010e-02  -3.4586473e-01  -9.2458820e-02   1.3739381e-01   8.0769481e-02   9.5223410e-02  -1.5921398e-01  -1.0835737e-01   1.2981407e-01  -1.2421480e-01   7.3411105e-02  -9.4531822e-02   1.2023297e-01   7.0017736e-02  -2.1543351e-01  -1.7544820e-01   2.2331080e-01
  -1.4370699e-01  -1.5827337e-01  -1.1883899e-01   2.0328959e-01  -8.5852766e-02  -6.7319503e-03  -3.6857348e-02   2.3949421e-02  -2.0046852e-01  -2.6882204e-01   5.6089170e-02  -9.1178046e-02   1.2759774e-01  -1.5476847e-01  -1.7704774e-01  -1.6323633e-01   5.8573270e-02  -5.3752969e-02  -1.1044079e-01   2.1226337e-01  -5.1377521e-02  -1.6453709e-01  -8.3392452e-02  -2.2051174e-02  -2.6010685e-01   5.7158091e-02  -3.5201919e-02   1.1020920e-01   8.4353517e-02  -2.4135370e-03   3.7698526e-02  -1.5415109e-01   2.6880782e-02   1.1632389e-01   4.0342904e-02   8.7078280e-02  -1.6850174e-03  -2.6116617e-02  -5.0211015e-02   1.5415051e-01  -1.5689951e-01   1.3305571e-01   3.2896080e-01   3.7105527e-01   9.2997369e-02  -1.7934698e-01  -2.5947228e-01  -3.2485144e-02   4.6657807e-02
  -1.3238758e-01   1.7533624e-01  -1.2278248e-01   4.8746768e-02   6.5825987e-02   1.0069647e-01  -1.3866784e-01   8.9423605e-02  -1.1515734e-01  -2.5677505e-01   5.1409163e-02  -8.4020194e-02   1.6693425e-01  -3.0387823e-01   1.6960252e-01   1.3310610e-01   4.1351332e-02   2.9697714e-01   4.6054806e-02   2.1538431e-02  -1.3368405e-01  -2.6679206e-02   1.8599060e-01   7.6822620e-02   1.5796508e-01   1.2406716e-02   3.4756209e-02   1.0437419e-01  -5.5403073e-03  -1.0252122e-01  -1.6497960e-01   7.7855433e-02   2.4804041e-01   1.6375380e-01   5.7686544e-02   1.4921649e-01   2.3479522e-01  -1.2139052e-01   1.9780377e-03  -1.7677016e-01  -2.9205169e-02  -1.3232018e-01   1.0126834e-02  -3.6309627e-01   3.8205235e-02  -1.5382467e-01  -1.0006687e-01  -2.3340580e-02   5.7994602e-02
  -1.3783745e-01   1.0752650e-01  -1.7366011e-01  -9.5460420e-02  -5.5865238e-02  -1.3235380e-01   1.3896348e-01  -2.8912937e-01  -2.2018176e-01  -1.5702555e-01   1.6956235e-01  -2.1763302e-01  -2.0043773e-01   3.1051039e-02  -1.4118187e-01  -2.0052115e-01  -3.2818452e-01   4.6324427e-02  -4.8607518e-02   7.8307622e-02   1.7979671e-01   1.4122320e-01   1.1338714e-01  -1.4747203e-01   2.1276747e-01   1.6354198e-02   4.2425843e-02  -1.5130527e-01  -1.2082400e-02   1.0780514e-01  -7.4292851e-03  -1.1665194e-01   3.5587151e-02  -4.8698542e-02  -9.8546352e-02  -1.1879463e-03   1.4814712e-01  -4.9123593e-02  -2.5340595e-01  -9.3088748e-02  -4.0468060e-02   4.0711053e-02  -1.9659982e-01   8.8563834e-03   1.7470966e-01   1.6910708e-01  -1.3770552e-01   7.0167894e-02  -1.3994230e-01
  -1.5533955e-01   3.0834126e-03  -1.5358226e-02   3.0422158e-02   1.3507328e-01  -5.2259352e-02   1.8651702e-01  -1.2877934e-01   3.1810701e-01   1.4690026e-02   7.8668203e-02  -3.3079137e-01  -1.5358974e-01   4.3095600e-02   2.1299812e-01  -1.2217925e-01   1.5241448e-01   1.7636499e-02  -6.8706167e-03  -1.1212922e-02  -1.7213713e-01   1.1730921e-01  -2.0316070e-02  -1.4545294e-01  -1.1191284e-01   2.1104683e-03   2.7451749e-02   2.5991340e-01  -3.0757366e-01  -1.2274618e-02   2.7249017e-01  -2.1094702e-02  -5.3713314e-02   2.2388670e-01   1.1655477e-01  -7.8229074e-02   4.6419692e-02  -1.7084361e-01  -7.3421537e-02   1.3718903e-01  -1.3594226e-03  -2.1407065e-01   8.9735273e-02  -2.0693648e-02   1.8602694e-01  -1.8278743e-02   1.6375434e-01  -1.0324742e-01  -7.5050228e-02
  -1.3288077e-01  -2.6225842e-01   3.8963439e-02   2.3207914e-01   1.0491032e-01   2.3033714e-01  -2.1276863e-01   1.5126527e-01  -9.9096197e-03  -1.3462990e-01  -2.9777804e-02  -2.5081081e-02  -2.3471040e-01   6.4620047e-02   1.1550143e-01   1.8406428e-01  -6.1429970e-02   1.7468401e-03   5.4775528e-02   1.2186126e-01   1.1004403e-01   2.1463304e-01   1.6293043e-01   1.8111874e-01   8.3267201e-02  -4.8947926e-02   7.5337284e-02  -7.1023643e-02   9.7462092e-02   1.0748814e-01   1.2374277e-01  -1.4806943e-01   5.4045769e-02   9.1910746e-02  -2.2408093e-01  -3.3089974e-01  -1.3592037e-01   1.0064215e-01   8.8734165e-02   2.3520614e-01   6.4596974e-02  -1.7759667e-01  -1.1503245e-01  -1.1367268e-02   1.6803302e-01  -8.5110814e-02  -1.3096650e-01   1.3114069e-01   2.1804165e-02
  -1.5420165e-01  -1.1398397e-02   2.0522726e-01  -7.5523981e-02   2.6406365e-01   1.2400373e-01  -6.4931595e-02   1.3615685e-01   1.3547305e-02  -8.6035741e-02  -3.1474054e-01  -1.7275996e-01  -2.0756983e-01  -3.9713619e-02  -5.2193905e-02  -8.8469790e-02  -1.9157707e-02  -5.6566882e-02   3.1033241e-02   6.4446189e-02  -3.8057870e-02  -2.0327885e-02   1.2125362e-01   3.3115124e-02  -2.3064109e-01  -1.0727455e-01   1.8038756e-01   5.6775775e-02   1.6841156e-01  -7.1779869e-02  -1.1639352e-01   7.3166095e-02  -4.7530078e-02  -2.6636643e-01   1.0140551e-01  -3.9708788e-02   2.1771126e-01  -2.3334915e-01  -1.9791424e-01   5.4463341e-02   1.2197383e-01   2.8463019e-01   8.7610152e-02  -7.0085958e-02  -1.2637249e-01   3.5033627e-02   1.0500319e-01   2.1429108e-01  -1.9441289e-01
  -1.3252208e-01  -5.0835031e-02   2.3698710e-01  -8.3622474e-02  -1.9862896e-01  -1.4095974e-01   4.5798736e-02  -4.2535245e-02   3.2217328e-01  -1.5418256e-01  -1.6990290e-01   1.4008860e-01   5.9424755e-02   1.9931666e-01  -8.2476470e-02  -1.1711436e-01   2.5754360e-01   1.0647631e-01  -3.7607522e-02   2.6089983e-01  -7.9482142e-02  -6.6509445e-04  -7.5656828e-03  -3.6637811e-02   2.3314724e-01   8.7322797e-02   1.3722699e-01  -5.6264382e-02  -5.3067072e-02   1.6241243e-01  -6.8268795e-02  -2.0343442e-01   2.6239653e-01  -1.0675423e-01   1.2776860e-01   1.0608175e-01  -1.8068525e-02   2.3052279e-02   1.6765560e-01  -9.9984016e-02  -2.3436974e-02   8.1912488e-02  -7.1847845e-03  -2.3210846e-02   2.2327062e-01  -6.7450717e-02   2.9601673e-02   2.9563960e-01   4.7204537e-02
  -1.3557476e-01  -2.0034431e-01  -5.0177579e-02  -8.9065249e-02   1.2503171e-02   2.5244568e-02  -4.0486551e-02  -2.2872190e-02  -1.5285841e-01   5.8920176e-02   1.9650586e-01  -7.2575593e-02  -9.2936619e-02  -4.9391487e-02   7.9853402e-02   3.9474582e-03   3.9855682e-01  -1.8326420e-01   1.5560444e-01   8.9393569e-02   1.8800353e-01  -1.6859055e-02   9.3759697e-02  -1.4152577e-01   1.0904031e-01  -3.8268799e-01   6.8741922e-02   8.9280494e-02  -3.0979870e-01   3.5915456e-02  -2.6850191e-01  -5.8213921e-02  -6.1212626e-02  -2.9822741e-02  -1.2431838e-01   1.9056033e-01   8.1441739e-02   1.8002370e-01   1.4128254e-01   1.1654838e-01   3.1924925e-02   2.2015589e-01  -6.2295635e-02  -4.2543259e-02  -8.9281835e-02   4.2553205e-03   2.2791958e-03  -1.2178529e-01  -4.6445541e-03
  -1.3411763e-01   5.1465811e-02  -7.8027808e-04  -2.1715055e-01  -1.5515902e-01   2.9068675e-01  -8.5908198e-02   3.5898293e-02   3.1903458e-02   7.6789747e-02   2.7366908e-02   1.0060744e-01   2.8594198e-03  -2.9018930e-01  -1.2639590e-01  -3.7540342e-01  -1.0471487e-01   1.0606901e-02   1.1709011e-01   7.3257234e-02  -1.7140631e-02  -1.0253907e-01   8.7327886e-02   5.2759942e-02  -3.8224892e-02   1.6694845e-02  -2.5295310e-02  -1.4370049e-01  -2.6314898e-01  -1.4137517e-01   2.9778835e-01   6.7256401e-02   3.7674847e-01  -6.4203345e-02  -3.5402217e-02  -2.3572133e-01  -2.8313957e-02   1.2314652e-01   1.4349973e-01   3.2248212e-02   6.3267950e-02   4.4252776e-02   3.2219995e-02   1.4380871e-02  -9.5248670e-02   5.1305607e-02   9.5547633e-02  -1.3016932e-01  -1.1730333e-01
  -1.4711300e-01  -1.6491692e-01  -2.3425301e-02  -5.4671735e-02  -2.4073570e-01   5.7316853e-02   4.6780473e-03  -9.2761265e-02  -7.6310217e-02   1.1436866e-01  -1.4054420e-01  -1.9699419e-02  -5.4941320e-02  -2.1494770e-01   2.6303717e-01   1.5589051e-01   1.3725063e-01  -1.9891148e-01  -1.4049007e-01  -6.9730646e-02  -4.8519252e-02   9.2817751e-02  -1.7129910e-01   5.8818110e-03  -9.2982158e-03  -3.3358059e-02  -2.5851845e-01   9.7113429e-02  -4.0617512e-02  -3.6104073e-02   1.3000886e-01  -2.6252555e-02   4.8424820e-02  -1.2472625e-01   1.7549196e-01  -2.2432936e-01   1.9144970e-01   9.7086061e-02  -2.2696240e-01  -3.1062168e-01   1.3034198e-01   6.3889467e-02  -9.4535218e-02   6.2037783e-02   3.2315314e-02   6.3488469e-02  -1.9748770e-01   1.9045188e-01   2.5949944e-01
  -1.4379928e-01  -2.5712853e-01  -1.5652237e-01   2.2408453e-01  -2.0643987e-01   7.2816505e-02  -9.3067984e-02  -3.5760146e-02   1.6665815e-01  -5.9605661e-02  -1.5333965e-01  -1.1683069e-01  -1.7302289e-01   4.3742952e-02  -2.3398757e-01  -1.3002247e-02  -5.8888203e-02   1.3178609e-01  -1.9471078e-01  -2.2342667e-02  -3.6821589e-02  -5.7197407e-03  -1.6997696e-01   2.6914661e-02   1.4452176e-01  -2.5351412e-02  -5.2511931e-02  -7.4315917e-02  -1.8194060e-02  -1.7825222e-01  -1.5562384e-01   3.4320525e-01  -3.2436370e-02  -2.3474424e-02   2.0139779e-01   1.0851258e-01   2.0569240e-01   1.2303387e-01   5.3547023e-02   1.9989047e-01  -1.7223236e-01  -1.5999359e-01  -2.6035406e-01   7.5075040e-02  -1.5899572e-01  -7.7937414e-05   1.3634732e-01  -6.5603301e-02  -1.1519070e-02
  -1.4620527e-01  -8.0169137e-02   2.4709936e-01   1.3773483e-01   2.8324930e-01   1.9710545e-01   1.1474024e-01  -1.7320741e-01   7.3609354e-02  -8.1914126e-02   2.2181401e-01   6.1300396e-02   1.5917612e-01   1.4540980e-01  -1.4816833e-01  -2.0230787e-01  -2.9952013e-02  -4.4999467e-01  -3.6277291e-03  -1.3130125e-01   5.8305605e-02   1.5802902e-02   4.1186036e-02   1.2890669e-01   9.9362702e-02   3.7904346e-02  -5.5206309e-02   6.3251627e-02   1.6093703e-01   1.0903246e-01  -1.2386582e-01   1.4103957e-01   2.4792113e-01   1.7490897e-01   1.6540815e-01   3.7105427e-02   4.2359093e-02   4.8442216e-02  -9.0369520e-02  -3.6613666e-02   8.5868613e-02  -9.3197114e-02   1.9828785e-02  -8.3934595e-02  -6.9176165e-02   1.2490828e-01  -3.3936701e-02  -7.4819482e-02   1.9079601e-01
  -1.4496182e-01   1.2837425e-01  -1.2669643e-01  -6.7543849e-02   1.5212489e-01  -4.0282615e-02   1.0197541e-01   2.3312924e-01   5.6452624e-03   2.3114471e-01   1.5816037e-01  -5.2361597e-03  -3.5148537e-01   5.3787544e-02   6.7384271e-03  -3.4676083e-02   1.0436899e-01   5.1276585e-02   1.8892708e-02  -9.8618854e-02  -1.5700795e-01  -1.2122269e-01  -9.5779539e-02  -4.3418598e-02   1.8700768e-01   2.9682021e-01   2.6398818e-02   2.3867711e-01   6.6797153e-02  -1.3319079e-01  -2.4131556e-01   3.0949015e-02   1.9817571e-01  -2.7825381e-02  -1.7434646e-01  -5.8918041e-02  -6.6312972e-02   1.5597988e-01   1.1739784e-02  -6.9611996e-04  -6.4670798e-02  -1.0553865e-01   1.4986741e-01   1.9058126e-01  -1.3987961e-01   1.1356819e-01  -1.9783715e-01   2.4040438e-01  -6.1419557e-02
  -1.5332965e-01  -1.3430199e-01  -1.6507661e-01  -8.0350053e-02   7.1094208e-02   9.1025466e-02   1.0079517e-01   2.0368720e-01   5.6768246e-03   2.2792495e-01   5.4767751e-02   2.6917139e-02  -3.8275593e-02   4.5653212e-02   9.4132891e-02   9.5902295e-03  -2.5049855e-01   2.7698780e-02  -6.8227596e-02  -5.7315728e-02   1.1990353e-01   1.4288403e-01   7.4823524e-02   6.9059043e-03   2.6207080e-01  -8.5067335e-02  -1.3915944e-01  -1.7643695e-01   6.4367726e-03  -4.9259814e-02  -2.6953148e-02  -1.9158404e-01  -1.4395815e-02  -1.6718775e-01   3.1527367e-01   1.0140184e-01  -8.6920715e-02  -1.2533226e-03  -9.3600369e-02   7.1612914e-02  -1.6851332e-01   6.8852334e-02   4.5297489e-01  -1.0287954e-01   9.1305620e-02  -1.9223407e-01   1.8971595e-01  -4.6857313e-02   1.4721182e-01
  -1.3340933e-01   2.8838799e-03   6.3462600e-02   1.8565873e-02  -9.5358470e-02   3.2661031e-01   1.1254420e-01   2.2233165e-01   1.0794730e-01  -1.0042985e-01   1.0234016e-02  -1.6374897e-01   1.5530541e-01   1.7677971e-01  -3.5547734e-02  -6.7606476e-02  -1.1835262e-01   4.6150651e-02  -5.6955701e-02  -1.1601008e-01  -1.2121269e-01  -9.9400535e-02   8.6406511e-02  -3.7116217e-01  -3.0650144e-03  -5.6234180e-02  -1.1513491e-01  -8.3524736e-02   2.5261020e-02  -3.0127454e-02   1.4409629e-01  -8.5275946e-02  -3.3752528e-01  -2.0094693e-02  -7.2654325e-02   1.2808742e-01   8.6724649e-02   1.0849087e-01   2.7856067e-01  -8.9866958e-02   1.4426737e-01  -5.6295712e-02   7.0857888e-02  -1.4551803e-01  -7.3594904e-02   1.9113899e-01  -2.9652946e-01   1.1419708e-01   1.9826922e-02
