-2.516356e-01 1.171696e-01 -7.418412e-02 -2.711385e-01 2.390421e-01 4.270287e-02 -1.001245e-01 -1.468189e-01 -5.264054e-02 4.610310e-02 2.290540e-01 3.326729e-01 1.261265e-01 -7.294769e-02 1.135172e-01 -7.239007e-03 1.539072e-01 -6.546619e-02 1.364963e-01 3.304378e-01 6.543483e-03 2.549049e-01 -7.166624e-02 3.622076e-02 -4.306168e-04 -1.069453e-01 8.040070e-02 2.797650e-01 -1.362571e-01 -1.269561e-01 2.233903e-01 3.555498e-02 1.238999e-01 -1.342795e-04 4.539351e-02 1.682852e-02 -5.647795e-02 -1.301131e-01 3.222364e-02 -3.609404e-02 6.625126e-02 -5.557011e-02 -1.026800e-01 9.512082e-03 2.158781e-01 1.431837e-01 -1.046970e-01 -2.059650e-03 -4.878096e-02 5.644403e-02 
-2.051500e-01 1.016286e-02 1.190050e-01 7.529341e-02 -1.323464e-01 4.005528e-02 -2.225154e-01 -7.839998e-02 2.818722e-01 -1.018442e-01 -6.408442e-02 1.510651e-01 3.029341e-01 1.556047e-01 3.897815e-02 2.212889e-01 1.306649e-01 -1.346960e-02 1.314695e-02 4.619054e-02 1.696379e-01 -8.400595e-02 -1.568888e-01 1.611516e-01 3.949217e-02 -1.120736e-01 -2.674413e-02 -1.501527e-02 2.536674e-01 -1.759327e-02 2.115649e-02 1.251066e-01 -1.574810e-01 2.069593e-01 1.943045e-01 -8.673284e-02 3.200726e-01 5.566477e-03 -2.084914e-01 -4.462969e-02 -1.360294e-01 3.477204e-02 -5.222348e-02 1.020900e-01 1.417174e-03 -1.745929e-01 1.540525e-01 1.228215e-01 1.068032e-01 -6.134345e-02 
-1.630491e-01 -6.307008e-02 -2.134371e-02 2.406099e-01 -8.324725e-02 -1.532760e-01 9.034378e-02 7.278760e-02 1.304318e-01 -7.682103e-02 -1.876784e-01 9.854301e-02 3.049189e-02 -7.075315e-02 -2.716398e-01 1.427509e-01 8.372546e-02 -1.856372e-01 1.204996e-01 -1.637350e-01 -2.404635e-01 1.696165e-02 1.125966e-01 1.273398e-02 1.111374e-01 -1.887003e-01 9.236118e-02 1.624928e-01 9.152771e-02 -1.164413e-01 1.514882e-01 -3.253065e-01 1.501899e-02 1.578460e-01 -2.707046e-01 3.907320e-02 -1.055009e-01 -1.414439e-01 7.512510e-02 -1.061514e-01 -8.373550e-03 1.831426e-01 1.048189e-02 -8.600830e-02 3.797963e-02 7.235593e-02 -9.873860e-03 2.792240e-01 -1.864738e-01 5.719865e-02 
-8.294855e-02 -4.010668e-02 -2.059163e-01 -8.164064e-02 1.599907e-01 7.699227e-02 -1.634560e-01 -1.209214e-01 -2.332751e-01 -1.972116e-01 -3.192473e-01 -5.711336e-02 -1.437051e-01 -1.039327e-01 -1.076194e-02 8.299207e-03 3.156973e-02 8.758105e-02 2.650733e-01 1.886062e-01 -5.019719e-02 1.739222e-02 -6.680665e-02 -1.553575e-02 2.377096e-01 4.112529e-02 1.403738e-01 -1.085667e-02 1.226605e-01 1.953617e-01 -2.969103e-01 -1.907255e-02 -2.132331e-01 -6.968546e-02 -1.378991e-01 -2.878224e-01 -4.467486e-02 -1.826125e-01 -1.905286e-01 8.882271e-02 7.961793e-03 -1.084397e-02 -3.837152e-02 -1.081998e-01 -5.164799e-03 -1.709198e-01 -3.941759e-02 2.755323e-02 -4.245889e-03 1.449908e-01 
-5.027438e-03 2.848279e-01 -9.916945e-02 -1.434822e-01 -1.543978e-01 2.048812e-01 2.838447e-02 1.829482e-01 -5.185788e-02 3.868137e-02 9.955935e-02 -4.314309e-02 1.367579e-01 1.788936e-01 6.230065e-02 -1.267854e-01 1.633561e-02 -2.408096e-01 1.734209e-01 2.081852e-01 -1.182419e-01 -1.331107e-02 1.884304e-01 -1.438295e-02 -4.256269e-02 2.155709e-01 -3.776543e-01 1.816990e-02 1.163279e-01 8.074992e-02 -9.377427e-02 -1.635558e-01 -1.083233e-01 3.155988e-02 -2.052321e-01 -5.773449e-02 1.242160e-01 -1.524164e-01 5.079215e-02 -2.123619e-01 1.019308e-01 -4.375229e-02 -7.493898e-03 -3.675552e-02 -1.540732e-01 9.282135e-02 9.134808e-02 1.025739e-01 9.379406e-02 -2.347117e-01 
-1.265194e-01 2.702417e-01 1.415523e-01 -6.259759e-02 1.312630e-01 -7.506484e-02 5.288494e-02 8.304762e-02 7.367239e-02 -1.940182e-01 6.644102e-02 -1.424838e-01 1.763809e-01 -3.002811e-02 1.720937e-02 -2.817758e-01 2.538140e-01 -2.070283e-02 1.363509e-01 -3.161497e-01 1.504474e-01 1.700764e-01 6.467723e-03 1.245719e-04 2.136078e-01 2.270132e-01 -3.067125e-02 1.983113e-02 -4.145296e-02 2.065597e-01 -1.119429e-01 2.109142e-02 3.916185e-02 1.318383e-01 -1.335698e-02 8.189620e-02 -2.669864e-02 8.317805e-02 -2.659156e-02 1.478073e-01 -2.791298e-01 1.108567e-01 -1.913038e-02 2.173489e-01 -6.690362e-02 1.104362e-01 -1.698982e-01 -1.593992e-03 -1.822248e-01 1.075251e-01 
-2.306373e-02 8.584410e-02 -6.313295e-02 2.991179e-01 8.052645e-02 2.148267e-01 -1.999321e-01 -2.583452e-01 -3.006375e-01 2.153829e-02 9.854108e-02 2.995858e-02 8.746204e-02 2.392774e-01 1.904583e-01 4.224159e-02 8.610555e-02 2.264251e-01 -3.949785e-03 -6.600454e-02 -1.811128e-02 -5.391066e-02 4.017104e-02 2.553024e-02 -1.467267e-01 -1.698051e-01 6.573150e-02 -1.071269e-01 5.473277e-02 1.383317e-01 7.456671e-02 1.384342e-02 1.404076e-02 6.250647e-02 -3.635736e-01 1.103740e-02 2.442451e-02 1.333251e-01 2.323148e-01 -1.047122e-01 -2.147082e-02 -3.884438e-02 1.804091e-01 2.043462e-01 -2.929143e-02 -3.253861e-02 1.282885e-02 -1.474434e-02 -2.714804e-01 1.685002e-02 
-2.515351e-01 -1.882875e-01 -3.812243e-02 -9.304141e-02 -6.991702e-02 1.023453e-01 1.694195e-01 -9.726879e-02 -1.582566e-01 -1.701574e-01 -1.503896e-01 -1.383949e-01 2.987123e-01 -8.019938e-02 1.404512e-01 8.088914e-02 -1.658372e-01 6.256003e-03 -2.523005e-01 -5.521802e-02 1.013354e-01 -7.947389e-02 1.908990e-01 1.126713e-01 2.110017e-03 1.978814e-01 7.986937e-02 1.681852e-01 -1.950776e-01 -1.248863e-01 -1.181516e-01 1.075929e-01 1.820802e-01 1.271364e-01 -1.176374e-01 1.579577e-01 9.838294e-02 -1.960518e-01 2.405871e-02 6.511069e-02 1.867220e-02 -3.015450e-01 3.542266e-02 -5.020578e-02 -1.123211e-01 -9.254747e-03 1.071182e-01 1.730811e-01 -4.471286e-03 1.292765e-01 
-1.423420e-01 -1.008933e-01 -1.370785e-02 2.323771e-01 -3.308214e-02 4.858397e-02 -8.435123e-02 2.228782e-01 -4.855127e-02 4.796306e-02 1.549332e-01 1.702841e-01 1.784548e-01 -6.772278e-02 7.773173e-02 -7.572831e-02 4.960602e-02 -1.571164e-01 -1.240067e-01 -9.591268e-02 8.047456e-03 1.534079e-01 -1.566189e-01 -4.152649e-02 8.631118e-02 -1.287865e-01 1.438760e-01 -3.961243e-02 -1.858364e-01 5.952278e-02 -3.345319e-01 -2.471723e-01 -2.335296e-01 -6.751412e-02 -2.782047e-02 -7.920022e-02 -9.267632e-02 8.242900e-02 2.136390e-01 2.564607e-01 1.068141e-02 -1.955160e-01 7.370641e-02 1.705313e-02 1.491710e-01 4.659556e-02 1.195628e-01 2.685029e-02 3.000381e-01 -1.543709e-01 
-9.060635e-02 -3.178650e-03 -2.071861e-01 -1.036959e-01 -3.712667e-02 2.391452e-01 6.773404e-02 8.569081e-04 -2.048033e-01 -2.700306e-01 8.990555e-02 -2.276448e-02 -1.178093e-02 8.495669e-02 -4.446782e-02 8.740014e-03 -1.754220e-01 -2.248377e-01 -1.514980e-01 -1.633527e-02 -2.287017e-01 -1.635035e-01 -2.580647e-01 -1.360235e-01 3.865350e-02 1.078793e-01 6.208538e-03 1.128618e-01 1.297943e-01 -1.106749e-01 1.318186e-01 -2.085851e-01 -2.022063e-02 -2.514171e-01 9.526808e-02 1.342385e-01 2.200691e-01 2.480341e-01 -5.878341e-02 1.569968e-01 -1.212208e-01 1.930451e-01 -2.922001e-02 1.946637e-01 1.354799e-01 -4.920096e-02 -2.647333e-03 5.541635e-03 -7.510568e-02 1.075635e-01 
-7.224485e-02 3.190566e-01 8.621710e-02 6.497020e-02 -1.620203e-01 1.264391e-01 3.597619e-02 4.858579e-02 3.105382e-02 -1.265824e-01 -2.367736e-02 -1.689439e-02 3.002029e-02 -5.154731e-02 6.941338e-02 -2.012725e-02 -1.346422e-01 -9.259673e-03 3.372019e-02 -8.541595e-02 -1.806736e-01 8.075482e-02 2.301839e-01 -1.221402e-02 6.748389e-02 -6.059387e-02 1.036571e-01 8.974051e-02 2.145666e-03 1.256307e-01 4.243461e-02 3.115462e-01 -1.215107e-01 -6.516963e-02 1.300225e-01 1.594608e-01 -2.566530e-01 -3.966679e-02 -1.301386e-01 9.784941e-02 2.683110e-01 7.787420e-02 9.617152e-02 -7.042849e-03 3.090488e-01 -2.036021e-01 3.315503e-01 -7.961784e-02 -1.776410e-01 -1.440941e-01 
-2.760934e-02 6.745488e-02 -3.045724e-01 -1.302861e-01 7.234483e-02 -8.433121e-02 -1.077670e-01 1.664336e-02 2.344018e-02 -1.105430e-01 -3.998351e-02 -2.518793e-01 -4.184246e-02 2.257108e-01 5.243886e-02 1.952482e-01 -9.152329e-03 -4.303132e-02 2.782851e-02 9.395248e-02 9.035311e-02 1.506632e-01 -8.975966e-02 1.996143e-02 -1.179456e-01 3.113836e-02 -1.560424e-04 -1.783363e-01 -1.591083e-01 -1.529221e-01 4.929636e-02 -1.184051e-01 2.155926e-02 4.035339e-01 6.815013e-02 4.072349e-02 -1.609386e-01 1.896844e-01 -8.992211e-02 2.958438e-01 1.268374e-01 1.155799e-01 2.546089e-01 -1.682831e-01 -1.646831e-02 5.718000e-03 -5.803526e-02 1.159558e-01 -6.704645e-02 -2.352460e-01 
-5.516476e-02 -1.359343e-02 -3.160513e-01 2.047790e-01 -1.056004e-01 1.009434e-01 2.586941e-01 3.350127e-02 1.050694e-01 -6.659434e-02 -1.430836e-01 9.228628e-02 -2.106146e-02 -1.683952e-01 1.625901e-01 -1.121746e-01 2.170505e-01 1.090456e-02 -1.986977e-01 8.530274e-02 9.786525e-02 1.499367e-01 -8.882768e-02 2.742455e-02 9.370600e-02 5.354100e-02 -5.305123e-02 -2.100504e-01 2.452902e-02 1.362814e-01 1.298863e-02 -7.200277e-02 2.264396e-01 -1.641261e-02 2.162198e-01 -3.181325e-03 1.270849e-01 -1.499156e-01 1.883339e-01 -1.679374e-01 2.207837e-01 1.087418e-01 3.540409e-02 4.836731e-02 5.567245e-02 -2.951488e-01 -2.449357e-01 -1.475328e-02 -1.016055e-01 -9.983866e-02 
-3.787734e-02 -2.833991e-04 -6.258257e-02 1.271432e-01 3.448826e-02 2.957418e-01 -2.762184e-01 1.465256e-01 1.221222e-01 9.671155e-02 -1.030086e-01 -7.969783e-02 6.070100e-02 -3.030615e-01 -3.848336e-02 1.300787e-01 -2.058690e-01 -3.175110e-03 -3.458705e-02 5.931732e-02 9.240105e-03 2.216770e-01 5.273852e-02 1.722825e-02 -2.771650e-02 1.352608e-02 1.062794e-01 2.332032e-01 1.463403e-01 5.072161e-02 -3.215211e-02 1.791712e-01 2.127282e-01 -5.562069e-02 -6.246446e-02 -4.099004e-02 4.200302e-03 1.500074e-01 5.103407e-02 7.866005e-02 9.699955e-02 3.157852e-01 2.379710e-02 1.317097e-01 -3.516216e-01 1.943864e-01 -9.171812e-02 -3.304351e-02 1.533122e-01 -8.378968e-02 
-2.691391e-01 -1.565464e-01 -1.422835e-01 -2.603177e-01 2.423280e-01 -7.031911e-02 2.068461e-01 -4.739021e-02 1.863814e-01 2.039320e-01 -4.820221e-02 -2.693366e-01 7.985935e-02 -3.611177e-02 -1.123930e-01 -8.745523e-02 -4.275114e-02 -6.920472e-02 -2.194953e-02 2.552251e-02 -9.969258e-02 -1.434841e-01 7.884492e-02 -3.950648e-02 5.561422e-02 -2.870630e-01 -4.401936e-02 -8.515794e-02 -6.167400e-02 1.300787e-01 1.084444e-01 2.441371e-01 -3.317512e-01 -3.697053e-02 -8.008288e-02 -1.874331e-02 1.165132e-01 -8.751711e-04 1.846495e-01 -6.811662e-04 4.326875e-02 6.258297e-02 1.896715e-01 2.565542e-01 2.387738e-02 -1.329784e-02 -9.013826e-02 3.132881e-02 7.126519e-02 -7.737849e-02 
-8.249056e-02 4.940788e-02 -1.741254e-04 -9.990303e-02 7.285514e-02 1.452337e-01 -2.077222e-01 6.493690e-02 9.195705e-02 1.633142e-01 1.626053e-01 2.117492e-01 -5.994632e-02 -2.807080e-02 -3.329834e-01 -7.313143e-02 -1.931198e-02 -1.803311e-01 -3.383095e-01 -1.164086e-01 5.740785e-02 -6.063941e-02 4.069498e-02 8.548646e-02 5.080411e-02 3.325495e-02 4.680454e-02 -1.581672e-01 3.286218e-02 1.381546e-01 7.830589e-03 6.103018e-02 1.991868e-02 -2.248337e-02 -2.030818e-01 -1.361329e-02 2.091241e-01 -6.712318e-02 -2.286948e-01 1.580295e-01 7.436599e-02 -1.359665e-01 9.562036e-02 -3.258696e-01 -1.823964e-02 -3.925957e-02 -1.633996e-01 -8.590478e-02 -3.198675e-01 -5.339459e-02 
-3.489443e-02 6.699827e-02 -2.035040e-01 -1.649445e-02 -1.644732e-01 -3.503761e-02 1.334299e-01 2.278421e-01 -2.637139e-01 2.045275e-01 -1.766015e-02 -5.696403e-02 -9.503414e-02 1.369813e-02 -2.098855e-01 1.114853e-02 5.736725e-02 2.102509e-01 -6.686953e-02 1.817941e-01 2.170151e-01 6.358638e-02 -7.554409e-02 1.225291e-01 3.824087e-02 -3.001478e-01 -1.313675e-01 2.461880e-01 5.259491e-02 2.823041e-01 2.335631e-03 7.095079e-04 -1.305232e-02 1.139204e-01 -1.757051e-02 3.460778e-01 1.001817e-02 8.274858e-02 -1.149934e-02 1.168062e-01 -1.932687e-01 -2.107390e-02 -2.329860e-01 -7.216360e-02 -3.727456e-02 -8.969362e-02 1.213437e-01 4.326343e-02 -1.222058e-02 1.031615e-02 
-8.571930e-02 6.980631e-02 -1.982767e-01 -3.607566e-02 2.523799e-01 -1.277962e-01 2.251181e-02 -3.835773e-02 -2.898288e-02 -8.545880e-02 2.071191e-02 1.918366e-01 -1.092914e-01 1.903322e-01 -1.302242e-01 -9.356362e-03 1.264564e-01 -1.294920e-01 -1.303620e-01 -8.632321e-02 1.656726e-01 -1.486834e-01 6.728331e-02 -1.542693e-01 1.365807e-01 8.386538e-02 1.671929e-01 1.635790e-01 5.809318e-02 -9.663685e-02 -2.848936e-01 1.547144e-01 -4.335009e-02 8.691815e-02 1.063979e-01 6.512669e-02 -4.073447e-02 2.475064e-01 2.069833e-01 -3.443052e-01 1.668728e-01 1.243030e-01 -4.620653e-02 -1.361307e-01 -1.861627e-01 1.127346e-02 2.489969e-01 -1.045697e-01 1.226598e-02 1.155161e-02 
-5.018758e-02 -2.733821e-02 -2.782817e-01 -9.377094e-02 -1.710182e-01 -1.137581e-02 -2.170383e-01 -1.356791e-01 3.866613e-02 1.505020e-03 -1.370066e-01 3.782111e-02 1.606621e-02 -4.235956e-02 6.697218e-02 -6.061847e-02 2.998930e-02 8.910353e-02 -5.245095e-02 -2.496810e-01 1.215958e-02 2.259092e-01 1.771523e-01 -1.636892e-01 9.010155e-02 -1.986796e-01 -4.184984e-01 -3.719699e-02 5.122500e-02 -4.110233e-01 -1.190493e-01 9.479366e-02 -1.630525e-02 -1.195795e-01 -6.304833e-02 3.101384e-03 2.752577e-02 -6.207844e-02 7.932531e-02 6.917791e-02 -2.476915e-01 4.637673e-02 -3.255559e-02 -1.029273e-01 8.850061e-02 1.858473e-02 3.761380e-02 -2.467486e-01 -3.851357e-02 -1.458883e-02 
-2.315128e-01 -1.070712e-01 5.563766e-02 -1.423701e-01 3.529402e-02 2.193879e-01 1.198026e-01 -5.547975e-02 -5.718345e-02 -1.160424e-01 2.572614e-02 -1.290621e-01 1.990079e-01 -7.040416e-02 -2.769897e-01 -1.046040e-01 1.444541e-03 1.658603e-01 1.165595e-01 -8.046592e-02 6.184212e-02 1.069264e-01 1.934643e-02 -2.655576e-01 -2.946514e-01 -1.243665e-01 1.300362e-01 -3.251853e-01 2.112980e-01 8.809057e-02 -1.698905e-02 -9.037650e-02 2.148930e-01 -3.195803e-02 1.303847e-01 -1.001902e-01 -6.350316e-02 7.860648e-02 -5.172111e-03 -1.184414e-01 -1.890262e-02 -4.033003e-02 -2.079809e-01 -1.775983e-01 9.143644e-02 1.465626e-01 1.638002e-01 6.886451e-02 -8.516442e-03 -1.489345e-01 
-7.999131e-02 -5.905063e-02 1.200731e-02 1.649874e-01 1.180951e-01 -1.244721e-01 -3.142914e-01 -2.825585e-02 3.705303e-02 7.239463e-02 -7.451522e-02 -3.345033e-01 -2.498953e-01 9.256636e-02 -1.001145e-01 -2.512337e-01 2.844622e-02 -1.272829e-01 7.343695e-03 -5.389643e-02 8.866197e-02 2.242774e-01 -1.665108e-02 1.237473e-01 -7.260809e-02 1.679781e-01 -7.854526e-02 1.238385e-01 -4.066407e-02 -2.527899e-02 1.354864e-01 3.508002e-02 1.083048e-01 -1.338974e-01 -3.679646e-03 -9.926542e-02 2.380618e-01 6.166106e-02 1.482305e-01 -4.634498e-04 1.528892e-01 -1.209650e-01 -1.655169e-01 3.952064e-02 2.275184e-01 -1.115254e-01 2.492769e-01 2.790680e-01 -1.959907e-02 3.711892e-02 
-3.323139e-02 1.559516e-01 -2.135659e-01 -1.148828e-02 -1.343725e-01 -1.255155e-01 -1.034151e-01 3.948529e-02 1.095459e-01 1.685305e-01 1.728006e-01 -1.911953e-01 1.882182e-01 -3.581749e-02 1.316245e-01 -5.540546e-02 1.735158e-01 2.365010e-02 8.751987e-02 -1.013041e-01 -2.158552e-02 -9.334351e-02 -2.071925e-01 -2.579009e-02 -3.785172e-02 -1.068602e-01 1.072319e-01 -1.198081e-01 2.078386e-01 -1.464643e-01 -2.552576e-02 8.597032e-03 -2.903777e-02 -2.913278e-01 3.031054e-02 2.050329e-01 -1.354609e-01 -6.735845e-02 -1.027755e-01 4.728789e-02 3.009609e-01 -1.247797e-01 3.642131e-03 -6.832008e-02 -2.716653e-01 1.224898e-02 3.184055e-03 1.789678e-01 -2.518863e-02 3.627574e-01 
-3.381640e-02 2.254447e-01 -2.529871e-01 1.432799e-01 3.068840e-02 2.989588e-02 1.992176e-01 -2.036210e-01 2.510878e-01 -4.314364e-02 2.053976e-01 -4.016502e-02 -1.280221e-01 1.184291e-01 -1.342581e-01 1.710770e-01 -2.042582e-01 -9.007969e-02 -9.782446e-03 -6.688410e-02 -1.996428e-02 1.173158e-01 -1.952678e-01 9.786290e-02 -5.643174e-02 1.127122e-01 1.306727e-01 -8.298592e-02 -1.515181e-02 -4.574185e-02 -3.941957e-02 1.845834e-01 3.040183e-02 -5.971939e-02 -2.402587e-01 -2.738243e-02 -2.101951e-01 -1.871908e-01 2.276583e-02 -1.466951e-02 -2.626656e-01 -1.346118e-01 -3.079161e-01 1.065189e-01 -5.152759e-02 -1.353167e-01 -3.161126e-02 -1.373689e-03 1.355297e-01 -1.533000e-01 
-2.287415e-01 1.294884e-01 1.265472e-01 1.232988e-02 -1.276719e-01 -2.558220e-01 1.458445e-01 3.362741e-02 2.306231e-02 4.934144e-04 1.296986e-02 -1.446618e-01 3.707317e-02 2.751591e-02 2.528927e-01 -1.673763e-01 6.422314e-02 8.388613e-02 -1.717230e-01 1.121508e-01 5.427840e-02 -9.402763e-02 -1.901157e-01 -1.427904e-01 -4.568384e-02 -5.412182e-02 1.097383e-01 2.093598e-01 -2.331270e-02 -1.561206e-02 8.445999e-02 2.137034e-02 1.648504e-01 -1.610495e-01 -3.411335e-01 -3.024283e-01 4.390654e-02 7.849630e-02 -1.302123e-01 -1.662780e-02 -1.076256e-01 2.319929e-01 1.197929e-01 -2.914680e-01 -8.398439e-03 -1.028171e-01 5.950689e-02 -1.032726e-01 7.001914e-02 -1.527263e-01 
-8.737102e-02 5.793669e-02 -2.646551e-02 5.074183e-02 -2.417021e-01 -7.261774e-02 -1.402906e-01 -8.126443e-02 1.049843e-01 -7.227043e-02 -2.227517e-01 6.553498e-02 1.141221e-02 2.094563e-01 -9.474708e-02 -6.582303e-02 1.754627e-01 -1.808738e-01 -7.019023e-02 2.260023e-01 -6.278790e-02 -8.862105e-02 2.918697e-01 -2.667813e-01 -1.162134e-01 -9.199298e-02 1.059850e-01 -1.320877e-01 -3.275942e-01 1.351879e-01 4.668343e-02 -2.640799e-02 1.150646e-01 -1.895330e-02 -5.952212e-02 1.404917e-02 -1.449362e-02 9.931303e-02 -1.073777e-01 1.777273e-01 8.565037e-02 -2.770037e-02 -3.050571e-01 2.125551e-01 -1.274479e-01 -1.655366e-02 -6.862601e-02 -1.618970e-01 1.128180e-01 1.564216e-01 
-1.090405e-01 2.011706e-01 1.237752e-01 -1.543379e-01 6.116052e-02 -2.092804e-03 -1.185392e-01 7.061652e-02 -2.485888e-01 6.970224e-02 -1.757170e-01 6.757716e-02 -1.014355e-01 -1.549595e-01 -7.157595e-02 -1.676162e-01 -7.768817e-03 -5.792771e-02 -1.805011e-01 -5.285861e-02 -1.561487e-01 1.780716e-01 -1.263768e-01 1.094037e-01 -6.454094e-02 -9.528866e-02 8.495335e-02 -2.011138e-01 -1.871294e-01 -1.795498e-01 1.193688e-01 -1.151563e-01 -3.637020e-02 3.717090e-02 1.062856e-01 1.068395e-02 -8.209227e-02 -9.588090e-02 -1.289290e-01 -2.520802e-01 -1.842380e-01 -1.572601e-03 1.326591e-01 2.034479e-01 -3.651485e-01 -2.233375e-01 2.131013e-01 3.770625e-02 3.708251e-02 -5.503806e-02 
-2.465809e-01 -1.256965e-01 1.741433e-01 3.049475e-02 1.713811e-01 1.628851e-02 -1.806060e-01 8.944248e-02 5.327805e-02 5.464462e-02 1.799782e-01 -2.773432e-02 -1.503578e-01 1.408604e-01 2.799701e-01 9.356529e-02 -1.864903e-01 8.219709e-02 -2.346785e-01 7.495268e-02 -1.330703e-01 -3.020860e-02 -5.051450e-03 -2.601315e-01 2.931122e-01 1.849583e-02 -2.037339e-01 -2.068427e-01 3.383690e-02 1.701840e-01 4.639308e-02 -2.663820e-02 7.105116e-02 1.153064e-01 5.779924e-02 1.029521e-01 -1.787843e-01 -2.124172e-01 7.304021e-02 1.094636e-02 -5.165015e-02 1.933268e-01 -2.111925e-01 -9.352441e-02 -6.113389e-02 5.012351e-03 7.439187e-02 1.688485e-01 2.607449e-04 1.234247e-01 
-2.399361e-02 -1.201659e-02 -2.244888e-01 -1.985836e-02 3.531306e-02 9.755860e-02 -1.632199e-01 2.433293e-01 7.184804e-02 4.070968e-02 1.767424e-01 -1.142474e-01 1.364188e-01 -1.143668e-01 -1.553143e-01 3.235021e-01 2.625325e-01 2.797233e-01 9.735904e-03 -5.639956e-02 -3.647395e-02 -1.586506e-01 1.258983e-01 6.615636e-02 -3.634191e-02 2.653444e-01 3.951736e-03 -3.223808e-02 -3.927577e-01 5.165461e-02 8.623751e-02 -6.964817e-02 -3.544550e-02 -1.676978e-01 -1.953603e-03 -7.946332e-02 -6.733029e-03 -3.957998e-02 -3.137175e-02 -1.839065e-01 -1.394001e-01 1.897415e-01 2.933612e-02 -3.769168e-02 1.540746e-01 -9.364226e-02 1.478137e-01 -5.307527e-02 5.709476e-02 1.042433e-01 
-1.757294e-01 -1.279647e-01 2.603777e-03 -1.245447e-01 2.456633e-02 2.525882e-01 -2.334377e-02 -1.769227e-01 8.237666e-02 2.877267e-01 -1.184069e-01 3.943653e-02 -1.651709e-01 -1.106873e-01 2.183210e-01 -1.009658e-01 2.151056e-01 -1.450583e-01 9.927186e-02 -2.668600e-01 -1.407361e-01 -3.078297e-01 -7.228923e-02 2.126854e-01 -2.558368e-01 7.360335e-02 -9.991000e-02 1.374776e-01 2.867710e-02 7.280193e-02 -1.130179e-01 -9.530393e-02 9.708141e-02 1.719294e-01 -7.812545e-03 8.468704e-02 -2.321863e-01 1.046216e-01 -4.926620e-02 7.692726e-02 -4.185400e-03 8.680383e-02 -1.514675e-01 -5.730823e-02 6.133711e-02 -1.525344e-01 -5.110375e-03 -6.809959e-02 9.288166e-02 -6.148249e-02 
-4.585733e-03 8.751621e-02 -2.385688e-02 1.796828e-01 4.641349e-02 1.687069e-01 6.714935e-02 7.510501e-03 -2.920403e-01 2.258627e-01 -1.442139e-01 -9.501880e-02 3.894745e-02 1.934528e-01 -8.391472e-02 1.065590e-01 5.137684e-02 -1.715371e-01 -7.479282e-02 -2.691758e-01 3.327754e-01 -7.720968e-02 -1.274081e-01 -2.560686e-01 1.074474e-02 -3.344247e-02 -8.882866e-02 1.482400e-01 -6.342643e-02 -1.797372e-02 1.489280e-01 5.850062e-02 -3.611624e-02 9.077004e-03 1.416386e-01 -2.053435e-01 -1.264666e-01 -3.376119e-01 -2.202126e-01 -2.263318e-02 1.156761e-01 6.337557e-02 2.817675e-02 1.119754e-01 8.813691e-02 1.812773e-01 -1.005102e-01 -1.313151e-02 8.314482e-02 -2.987667e-03 
-9.284443e-02 8.508466e-02 7.833469e-02 -1.237276e-03 -2.472939e-01 6.531447e-02 -1.855550e-01 -4.401422e-02 -8.482666e-02 -2.080851e-01 9.865612e-02 -1.751295e-01 8.502502e-04 -2.279599e-01 -1.307524e-01 -1.312781e-01 -1.577674e-01 7.293249e-02 2.884498e-02 -3.357065e-02 9.093737e-02 -1.989098e-01 -2.454816e-01 1.197038e-01 2.578116e-01 -7.589203e-02 -8.109047e-02 -8.696105e-02 -1.642987e-01 -1.190411e-01 1.032551e-01 1.395645e-02 -9.403215e-02 2.711630e-01 -1.535197e-01 1.759312e-02 -4.469115e-02 1.141408e-01 7.326830e-02 -2.439547e-01 2.861829e-01 -1.358507e-02 -2.077780e-01 -1.945496e-02 1.050181e-01 6.953877e-02 -1.809533e-01 -1.774269e-01 1.189868e-01 1.213546e-03 
-5.677147e-02 2.612619e-02 -2.835480e-02 -5.311234e-02 -3.539026e-01 1.230771e-02 -1.223445e-01 -1.195827e-01 1.438204e-02 2.365703e-01 -1.145255e-01 5.218376e-02 -4.257636e-02 1.219503e-01 -1.998759e-01 -1.489885e-01 1.759130e-02 9.860650e-02 2.078484e-02 8.916262e-02 -1.985947e-01 4.727845e-02 -2.125247e-01 -1.886951e-01 1.610676e-02 3.075200e-01 2.069609e-01 -1.185358e-02 6.530299e-02 7.067201e-02 -4.498688e-02 1.841873e-01 5.200586e-02 1.940112e-01 4.597712e-02 1.579812e-01 2.449315e-02 -1.289899e-01 1.960665e-01 -4.277042e-02 -1.693472e-01 2.943815e-02 3.313590e-01 -5.398104e-02 1.838563e-01 1.331198e-01 -2.965791e-02 3.141383e-02 1.608663e-01 1.289740e-01 
-1.733966e-01 2.090584e-01 9.395719e-02 3.997289e-02 1.175289e-01 -4.929410e-02 1.126534e-01 -1.980679e-01 4.056679e-02 -1.042764e-02 -1.051584e-01 -3.159696e-02 -1.324124e-01 -2.047852e-01 -2.186064e-02 2.760560e-01 1.674441e-01 1.111546e-01 -1.058292e-01 -3.319834e-02 1.188656e-02 1.123086e-01 1.477848e-02 -1.140671e-01 2.991028e-02 2.265865e-01 -9.843067e-02 -5.108585e-03 2.254422e-01 8.154003e-02 3.092363e-01 -2.414791e-01 -1.707078e-01 2.255092e-02 -5.753577e-02 9.777823e-02 9.108352e-02 4.186798e-02 9.425345e-02 1.707277e-01 1.341100e-01 -2.358479e-01 6.416710e-02 -4.415651e-02 -8.969529e-02 7.557887e-02 1.559504e-01 -3.061618e-01 2.055196e-01 3.605940e-02 
-1.498042e-01 5.535112e-02 -2.148568e-02 -1.635497e-01 -1.738725e-01 -5.922183e-02 -1.283528e-01 2.555551e-01 3.204100e-02 -2.172473e-01 -7.436059e-02 -3.354837e-02 -2.147007e-01 -2.399260e-02 2.121094e-01 2.004411e-01 -1.402839e-01 -3.053956e-01 4.956715e-02 -9.420928e-02 2.113070e-01 5.762358e-03 -2.067979e-02 8.435985e-02 -3.163228e-01 -1.200607e-01 7.365069e-02 -3.220782e-02 4.065217e-02 2.481671e-01 6.088511e-02 3.734870e-02 -7.671978e-02 -6.018512e-02 7.069198e-02 -6.601925e-02 -3.358583e-02 -7.789086e-02 2.667448e-01 -1.636196e-01 -1.674231e-01 -8.694920e-02 8.856835e-02 -9.678704e-02 4.234184e-02 1.053936e-01 -6.495722e-02 -1.462973e-01 -9.448568e-02 2.345745e-01 
-1.934795e-01 -7.808770e-02 9.889528e-02 3.658862e-02 -1.591362e-01 -1.191737e-02 1.042058e-01 1.250024e-02 -1.974855e-01 1.175947e-01 1.841901e-01 -1.749862e-04 -2.117357e-02 -2.237985e-02 -1.924711e-01 1.245824e-01 6.846726e-02 -2.214254e-01 2.286952e-01 1.577664e-01 9.825882e-02 -1.197858e-01 7.164938e-02 1.524797e-01 2.520449e-01 4.560743e-02 -1.376678e-01 -1.699537e-01 1.050479e-01 -1.322545e-01 4.079636e-02 1.255571e-01 3.027544e-01 -4.341215e-02 6.910685e-02 -2.754629e-01 -1.876559e-01 9.639057e-02 1.950660e-01 2.226270e-01 -4.550012e-02 -2.001180e-02 1.685705e-01 8.378568e-02 -9.879844e-02 -1.642276e-01 1.419907e-01 -1.052109e-01 -6.171396e-02 9.952505e-02 
-1.476667e-01 -4.748554e-02 -2.362380e-01 7.675422e-02 1.732549e-02 -2.568634e-01 1.824243e-02 4.178740e-02 -9.656431e-02 -6.692540e-02 2.227130e-01 6.453062e-02 -1.003318e-01 8.669551e-02 1.102271e-02 -1.693410e-01 -1.408559e-01 1.427290e-01 7.304658e-02 -1.572325e-01 -1.452806e-01 -4.904894e-02 9.574843e-02 2.714718e-01 -9.712680e-02 -6.117814e-02 8.411491e-02 -3.994280e-02 7.755100e-02 7.552756e-02 -4.931784e-02 -8.931320e-02 1.601540e-01 1.657385e-01 9.160122e-02 -7.922351e-02 2.433240e-01 -3.067900e-01 -1.500448e-01 1.256136e-01 1.388812e-01 1.659590e-01 1.784452e-02 1.502184e-01 -2.000218e-02 2.231055e-01 1.712641e-01 -2.864577e-01 1.404073e-01 3.020688e-02 
-1.442306e-01 1.033888e-02 3.101645e-02 -1.505833e-01 -1.266710e-01 1.518118e-01 1.133669e-01 1.558397e-01 1.734003e-01 2.236050e-01 1.373703e-01 -3.229424e-02 -1.954684e-01 1.005175e-01 4.190410e-02 6.720635e-03 -1.582520e-01 1.952236e-01 -4.183744e-02 -5.509771e-03 1.767363e-01 1.789427e-01 2.075931e-01 -1.226843e-01 9.160155e-03 2.687366e-02 1.630255e-01 1.023742e-01 1.343200e-01 -2.004520e-01 -1.500605e-01 -2.619681e-01 -6.773840e-02 1.804821e-01 -8.944597e-02 -1.721874e-01 -1.256159e-02 1.292811e-01 -1.511250e-01 -1.194536e-01 9.051625e-02 -8.060186e-02 3.767096e-02 2.749690e-01 1.317537e-01 -2.117738e-01 -9.032549e-02 -2.762265e-02 -5.458798e-02 2.468641e-01 
-2.129296e-01 -2.165740e-01 4.843591e-02 2.522198e-01 -8.060363e-02 1.084314e-02 -7.627838e-03 -5.816559e-03 -9.947754e-02 -2.438587e-02 1.608264e-01 3.808000e-02 -6.014168e-02 -8.486116e-02 -1.721755e-02 -2.100036e-01 -2.091867e-03 2.482818e-02 1.383351e-01 1.482947e-01 2.143614e-01 -1.594106e-02 1.238593e-01 -7.442910e-02 -2.598936e-01 2.454390e-01 9.945981e-02 1.048518e-02 2.469509e-03 -2.150076e-01 1.201431e-01 4.847069e-02 -4.577905e-01 -1.459369e-02 6.344967e-02 1.512096e-01 -2.015872e-02 -1.486699e-01 5.118920e-02 1.200116e-01 -6.571149e-02 2.063757e-01 -9.069088e-02 -8.321577e-02 -1.896038e-01 -9.984044e-02 -1.136778e-01 -4.316998e-02 -1.482462e-01 -1.071459e-01 
-1.784097e-01 -3.382643e-03 4.928143e-02 1.816410e-01 1.385339e-01 1.501864e-01 8.976870e-04 -5.734185e-02 3.500256e-01 -7.620952e-02 -1.474672e-01 1.993840e-02 -4.476301e-03 1.468138e-01 -1.607688e-01 -1.464464e-01 -2.154271e-01 1.249075e-01 1.518100e-01 1.873834e-01 1.452007e-01 -1.090502e-01 -2.205332e-01 3.312132e-02 -2.839048e-02 -6.062108e-02 -2.480094e-01 1.185270e-01 -2.074851e-01 2.342056e-02 -1.409088e-01 -2.246728e-01 9.206389e-02 -1.830702e-01 6.397358e-02 1.548428e-01 -1.173380e-01 -6.739163e-02 -5.469718e-02 -5.278916e-02 3.993667e-04 -8.572488e-02 2.712821e-01 1.277645e-02 -8.010103e-02 7.466585e-02 1.331691e-01 -1.882323e-01 -1.635142e-01 6.609470e-02 
-1.592156e-01 1.523299e-01 1.299753e-01 1.631889e-01 2.458577e-01 -2.127847e-01 1.691074e-02 1.642739e-01 -1.747295e-01 1.710492e-01 -2.237597e-01 -5.032560e-02 2.167619e-01 1.259746e-02 -3.123715e-02 1.245741e-01 -9.264765e-02 -1.012304e-01 -7.455762e-02 1.866908e-01 -3.818496e-02 2.387545e-02 8.311362e-03 1.645484e-01 -1.780026e-01 1.213036e-01 -7.435089e-02 -2.441585e-01 1.543676e-01 -1.684301e-01 -2.592154e-01 4.477045e-02 2.612632e-02 -5.533294e-02 -1.123038e-01 2.149191e-01 -1.272542e-02 6.417482e-02 -7.288405e-02 -9.257288e-02 1.369788e-02 1.289913e-01 -8.870103e-02 2.221194e-02 3.186732e-01 -9.845103e-04 -1.689709e-01 -1.667042e-01 4.051158e-02 1.100586e-01 
-6.932434e-02 2.277376e-01 2.391602e-02 7.224799e-02 -8.912197e-02 1.784569e-01 2.128530e-01 -2.802226e-01 1.596385e-03 1.037867e-01 -1.103103e-03 8.860499e-02 -2.478175e-01 -9.665099e-02 1.140062e-01 1.962868e-02 -4.088479e-02 -4.872832e-02 5.823857e-02 1.943805e-02 1.987773e-01 2.583131e-02 1.484478e-01 1.729632e-01 9.625998e-02 -8.611613e-02 3.626891e-02 -2.592066e-01 -2.139791e-01 -3.017230e-02 -7.949112e-02 -1.588820e-02 -7.919763e-02 -1.296768e-01 -8.957838e-03 4.722673e-02 2.042472e-01 1.408845e-01 -9.694026e-02 8.570626e-03 -5.277912e-02 2.653598e-01 5.132522e-02 -1.511448e-01 5.562014e-02 2.980263e-01 9.647686e-02 3.032460e-01 1.274941e-01 1.679326e-01 
-1.685373e-01 -1.038238e-01 -7.570533e-02 1.037741e-01 1.277363e-02 -1.079485e-01 -7.486406e-02 1.319693e-01 -4.631924e-02 -2.387308e-01 1.259823e-01 1.330090e-01 -3.114606e-01 -2.000365e-01 -7.324093e-04 2.094372e-02 1.559403e-01 1.618510e-02 4.225033e-02 1.959209e-02 6.273425e-02 -1.252203e-01 6.372204e-02 -1.948669e-01 -7.777456e-02 5.611896e-03 -1.743607e-01 -2.606278e-02 9.314713e-02 -5.523884e-03 -3.765014e-02 1.979786e-01 1.408346e-01 -4.301264e-02 -1.415320e-01 1.921162e-01 -7.185643e-02 7.987202e-02 -3.252151e-01 -1.187739e-01 -2.844584e-02 -2.092043e-01 2.498534e-01 2.200620e-01 9.690746e-02 6.949767e-02 -8.839089e-02 2.365228e-01 1.847755e-01 -1.638589e-01 
-5.455259e-02 7.568069e-02 -1.374640e-01 2.325215e-01 -1.059165e-02 5.677511e-02 -4.547299e-02 -4.683382e-02 5.292348e-02 4.547263e-02 2.291533e-02 -2.976983e-01 -4.731011e-02 -7.222358e-02 7.139387e-02 -1.139876e-01 1.294699e-01 -3.836432e-02 -2.760466e-01 2.431005e-01 -1.773066e-01 -1.463450e-01 1.858542e-01 1.553907e-01 1.165631e-01 -3.407823e-02 1.135541e-01 7.681410e-02 1.382509e-01 -7.278643e-02 -2.620873e-03 -4.994132e-02 -8.266572e-02 6.231587e-02 3.005194e-01 -1.701021e-01 -1.589295e-01 7.832001e-02 -1.026922e-01 -1.156327e-01 -2.706144e-01 -2.410069e-01 -2.198759e-02 -3.105895e-02 4.443873e-02 3.301933e-01 -5.515255e-02 -5.605962e-02 -1.584873e-01 -7.280114e-02 
-6.876749e-02 1.599031e-01 7.852364e-02 2.370121e-01 1.939820e-01 2.374676e-01 1.163908e-01 1.674300e-01 -2.684609e-02 -1.327565e-01 9.557435e-02 -7.833677e-02 -6.802072e-02 1.138367e-01 -6.663626e-02 -5.303557e-02 5.785810e-02 3.479212e-02 1.261518e-01 -6.722491e-02 -2.833388e-01 4.972843e-02 6.834401e-02 -6.309792e-02 -1.078681e-01 -2.004260e-01 -8.396355e-02 9.983501e-02 -9.112930e-02 -1.211329e-01 1.162839e-02 1.761355e-01 3.382686e-02 1.547070e-01 1.486809e-01 -4.724257e-02 1.921853e-01 3.821983e-02 4.349865e-02 4.103882e-02 -4.694497e-02 -1.190905e-01 7.853465e-02 -3.217964e-01 -8.828280e-02 -2.251574e-01 -2.369630e-01 -1.567825e-02 2.666058e-01 2.654967e-01 
-2.502571e-01 -3.519412e-02 1.620411e-01 -1.022056e-01 -1.964487e-01 -3.742715e-02 1.002036e-01 4.476858e-04 -6.896924e-02 -1.095699e-01 -4.164496e-02 9.705768e-02 -1.284752e-01 2.300589e-01 -1.315792e-01 1.615310e-01 1.570304e-01 2.702671e-01 -1.981760e-01 -7.265494e-02 -2.304293e-01 1.571966e-01 -1.252383e-01 2.257660e-01 -1.284644e-01 7.261475e-02 -2.002160e-01 8.628609e-02 -6.178313e-02 4.594789e-03 -1.674565e-01 1.322337e-01 -1.484258e-01 -1.898101e-01 7.838750e-02 -1.987931e-01 -1.032221e-01 7.388927e-02 5.436699e-02 3.590543e-02 2.191687e-01 2.964324e-02 -7.498442e-02 6.301941e-02 -1.151011e-01 1.942811e-01 -1.820059e-01 1.351891e-01 -1.282378e-01 -4.265296e-02 
-9.851015e-03 3.940934e-01 1.918758e-02 -1.115115e-01 1.018602e-01 4.494813e-03 -1.100340e-01 1.766116e-01 4.516775e-02 -4.049121e-02 -1.854899e-01 1.469854e-01 -8.386991e-02 -1.682009e-02 -3.647679e-02 -7.539256e-02 -6.573239e-02 2.851171e-01 -2.656325e-02 -9.254948e-03 1.270030e-01 -4.314454e-01 1.015764e-01 4.248820e-03 -2.647500e-02 -2.355791e-02 1.044518e-01 -8.720228e-03 8.559496e-02 -2.001231e-01 1.877043e-02 -7.427006e-02 8.782123e-02 -6.883944e-02 6.650971e-02 -7.292981e-02 7.703197e-03 -1.462699e-01 3.326653e-01 2.802059e-01 -2.568289e-02 -3.229801e-02 -6.575439e-02 8.233670e-02 6.809767e-02 -8.947154e-03 -1.008075e-01 2.232294e-01 4.159566e-02 -1.658191e-01 
-1.247534e-01 -1.295210e-01 6.432677e-02 -1.464133e-02 -1.284733e-02 1.519471e-01 6.168809e-02 2.999680e-01 1.634238e-03 1.260151e-01 -1.772405e-01 -6.515231e-02 -1.709697e-01 2.116619e-01 1.934959e-01 1.280161e-01 1.306015e-01 3.411100e-02 2.982538e-01 -7.617512e-02 -7.991415e-02 1.786166e-02 -9.653855e-02 3.102057e-03 2.793285e-01 7.537812e-03 2.763309e-01 -1.127346e-01 -8.798496e-02 -1.727015e-01 6.346821e-02 8.684571e-02 7.347643e-02 -1.152112e-01 -5.703429e-02 1.963132e-01 2.384728e-01 3.619090e-03 -3.789537e-02 -4.274833e-02 -3.318774e-03 -1.637520e-01 -1.303024e-01 -1.140002e-02 -5.565693e-02 1.539991e-01 8.603171e-03 -1.884043e-01 -1.300910e-01 -2.787766e-01 
-1.499056e-01 -7.334786e-02 -1.811178e-01 2.049964e-02 -1.822292e-03 -8.958145e-02 -4.819560e-02 1.448790e-02 -5.476411e-02 5.229168e-02 -1.423213e-01 2.139157e-01 1.732852e-01 2.430488e-01 4.319786e-02 -1.618899e-01 -2.666391e-01 9.923154e-02 8.680002e-02 -1.718438e-01 5.542355e-02 5.166418e-02 1.989441e-01 1.974305e-01 1.780159e-01 1.449966e-01 9.695416e-03 -2.274633e-02 6.799164e-02 1.473062e-01 3.568713e-01 -6.113548e-02 -2.355340e-02 -1.900481e-01 7.661565e-02 -8.825844e-03 -2.103738e-01 2.591092e-01 -9.323498e-02 -1.160763e-01 -4.946941e-02 -1.000239e-01 3.793481e-02 -1.522936e-01 -3.373679e-02 -6.425720e-02 -2.059683e-01 5.515037e-02 2.484688e-01 -2.563097e-02 
-1.797895e-01 1.582621e-01 5.934962e-02 3.137123e-02 -1.027096e-01 -2.591766e-01 -1.417077e-01 -2.788170e-01 -1.249184e-01 1.843344e-01 1.444049e-01 -1.229162e-01 1.009316e-02 -1.118785e-01 -2.287758e-02 2.490070e-01 -1.893740e-01 -2.478278e-02 1.753299e-01 -1.100183e-01 -7.193850e-02 -4.019649e-02 9.304978e-02 -1.740190e-01 3.484000e-02 -3.537378e-02 1.670136e-02 1.454175e-01 -1.361597e-01 1.366231e-01 -2.342400e-01 -1.860106e-01 8.885018e-02 -1.003798e-01 2.741745e-01 7.173333e-02 2.075962e-01 1.708523e-02 1.061236e-02 -1.023550e-01 -1.895841e-02 -6.322511e-02 1.387898e-02 -2.582724e-02 -6.903548e-02 -1.659329e-01 -2.471334e-01 3.554831e-02 -9.756668e-02 -2.542301e-01 
-6.895999e-02 9.051609e-02 -2.180568e-01 1.503354e-01 1.554960e-02 -1.247068e-01 1.160040e-01 1.479889e-01 1.903611e-02 1.943681e-01 -1.222380e-01 2.487870e-01 7.367411e-02 -2.420094e-01 1.098817e-01 -8.911704e-03 -2.269424e-01 5.715882e-02 1.358045e-01 -3.609640e-02 -1.320563e-01 -7.375034e-02 -1.855899e-01 -2.189837e-01 -1.050841e-01 1.514017e-01 -1.589405e-01 -5.419784e-02 -1.499990e-01 2.811116e-02 6.494554e-02 1.726684e-01 -6.882446e-02 2.171715e-01 2.523776e-02 -2.673067e-01 1.051581e-01 2.304915e-01 -5.281995e-02 4.279909e-02 -2.461899e-03 -1.567861e-01 -1.463542e-01 1.952314e-02 -4.294359e-02 1.013858e-01 1.499720e-01 8.198895e-02 -2.875843e-01 1.100797e-01 
