-3.328399e-02 -3.938500e-02 -8.400225e-03 -1.570569e-01 -5.234913e-02 5.673208e-02 -7.446998e-02 3.213072e-01 2.843655e-01 -2.929687e-02 4.795706e-02 3.078043e-01 -1.935912e-01 -2.092468e-01 1.486353e-01 2.402532e-02 2.252569e-01 -1.171241e-01 6.267314e-02 6.352428e-02 -1.979616e-02 2.884922e-01 -7.888345e-02 1.817870e-01 -9.467032e-02 9.321566e-02 -4.743557e-02 5.452593e-02 1.283758e-01 -9.750998e-02 1.020659e-02 -2.991890e-03 -2.495924e-01 -1.402551e-01 -8.109432e-02 1.274854e-01 1.074876e-01 6.793089e-02 -7.108712e-02 6.859063e-02 1.587472e-01 1.236547e-02 -1.323525e-01 -2.535363e-01 -4.947678e-02 -1.892455e-02 -1.119386e-02 -9.196336e-02 -3.757902e-02 -2.831982e-01 
-1.923383e-01 -1.232344e-01 -3.122333e-02 -1.053283e-01 7.012136e-03 -1.887199e-01 -7.523143e-02 -1.679848e-01 4.650149e-02 -9.718181e-02 -5.394118e-03 2.290524e-01 3.817186e-03 -7.212011e-02 -7.735073e-02 1.144312e-01 -4.823131e-02 -7.586367e-02 -8.857958e-02 -5.619897e-02 -3.613480e-02 -3.364708e-01 -1.146323e-01 1.773485e-01 1.423190e-01 -9.212648e-02 1.190677e-01 -1.093379e-01 2.268931e-01 2.152329e-01 1.776623e-01 3.136970e-01 1.148578e-02 -3.263832e-02 -1.177045e-01 -4.751314e-02 1.043993e-01 6.247716e-02 8.047944e-02 2.554964e-01 -1.365010e-01 -1.142358e-01 4.235956e-02 -3.270044e-01 8.538298e-02 -1.203772e-01 -5.729559e-02 8.826794e-02 1.337929e-01 1.481049e-01 
-1.064516e-01 6.665594e-02 -1.148253e-01 -2.623485e-01 2.436039e-01 -1.335814e-01 -1.416939e-02 -1.035233e-01 -2.360194e-01 -1.640927e-01 -8.624389e-02 7.039154e-02 2.812734e-02 1.162047e-01 1.761581e-01 -6.314476e-02 6.282091e-02 -1.895140e-01 -8.189312e-02 3.861885e-02 1.015622e-01 1.949175e-01 -6.496407e-02 -1.396640e-01 2.310236e-01 -2.216244e-01 1.145308e-01 2.903523e-02 -2.124621e-01 -1.030021e-01 -3.183760e-01 3.252862e-02 2.623989e-02 -1.245016e-01 -1.764273e-01 1.680541e-01 -1.379589e-01 -2.071887e-01 8.496927e-02 -6.483108e-02 -2.308151e-02 5.540744e-03 -1.851702e-01 -1.284587e-01 5.867901e-02 -2.884696e-03 -1.922545e-01 -1.382714e-01 1.186224e-01 3.403980e-02 
-1.781049e-01 -2.002745e-01 1.648655e-01 -5.099822e-02 -1.710229e-02 -6.844043e-02 6.920021e-02 -1.827251e-01 1.395036e-01 -2.218487e-02 2.940991e-01 -3.735595e-02 1.675587e-01 -5.809033e-02 -1.581372e-01 1.533729e-01 -1.452041e-01 -1.419104e-01 7.486604e-02 1.161777e-02 8.433148e-02 1.605411e-01 6.799192e-02 -3.728124e-02 -9.618426e-02 1.884244e-02 -1.604998e-01 -1.477548e-02 -1.711012e-01 2.811613e-01 -4.075411e-02 -2.828657e-01 -5.988700e-02 2.938741e-01 -9.633436e-02 9.167431e-02 -7.002806e-03 2.991975e-02 1.845542e-01 -6.306383e-02 6.106048e-02 7.457113e-03 1.873841e-02 -2.497266e-01 -3.084519e-01 3.727057e-02 -1.037024e-01 -1.528277e-01 -5.808595e-02 9.398689e-02 
-4.432937e-02 8.240494e-02 1.070412e-01 5.040528e-02 -1.059861e-01 1.310775e-01 -3.895519e-01 2.015147e-01 -1.132645e-01 1.954325e-01 1.289549e-01 1.369508e-02 -9.782338e-02 -4.701095e-02 5.129236e-02 -9.196933e-02 -1.205131e-01 -1.470935e-01 5.196996e-03 3.291452e-02 1.615185e-01 3.327050e-01 9.918056e-03 4.066401e-02 1.023339e-01 -7.441377e-02 -1.178470e-01 1.005994e-01 9.345342e-02 -1.108936e-02 1.183131e-01 2.510276e-01 1.519316e-01 -3.624373e-02 1.148277e-01 -6.716418e-02 -1.584275e-01 3.437731e-02 -2.095354e-02 -7.657120e-02 -9.509430e-02 -4.792316e-03 7.331985e-02 -6.757593e-02 -1.040459e-01 -6.986149e-02 2.307995e-02 -7.918705e-02 -3.574636e-02 4.965905e-01 
-1.730878e-01 1.813473e-02 -2.397510e-02 -6.799904e-02 -1.782442e-01 -6.583680e-02 -1.098832e-01 -2.113193e-01 -9.010680e-02 9.862566e-02 2.360153e-01 3.154324e-02 4.847552e-02 -9.526565e-02 -1.778857e-01 -1.830263e-01 2.037363e-01 3.371397e-02 -1.920908e-01 1.137810e-01 1.787408e-01 8.789098e-02 1.362288e-01 -7.723130e-03 -5.837829e-02 -2.370206e-02 8.877229e-02 -2.171371e-01 1.120336e-02 2.090838e-01 -2.526264e-02 -1.828148e-01 5.187337e-02 -3.242604e-01 -7.784745e-02 7.779612e-02 -9.882823e-02 1.955649e-01 -1.700117e-01 1.731615e-01 -3.867091e-02 2.908599e-01 -1.313896e-01 1.657538e-01 1.673609e-01 -5.866909e-02 7.435622e-02 6.436266e-02 -1.815684e-01 -3.335188e-02 
-1.141510e-01 -9.530806e-02 7.641125e-02 -4.339470e-02 2.025051e-01 -1.502568e-01 2.378453e-02 7.429683e-02 1.141650e-01 2.328459e-01 -3.611174e-02 1.406566e-01 1.027309e-01 3.376544e-02 1.303196e-01 9.022849e-03 3.621878e-01 2.681333e-02 1.982504e-01 -1.812675e-01 2.167291e-01 -2.453589e-01 1.017125e-01 -8.479521e-02 -2.085231e-01 -2.419551e-01 -4.059700e-02 -4.704991e-02 4.212518e-02 -1.168231e-01 -1.134116e-02 -9.726378e-02 9.184163e-02 3.857110e-02 1.908829e-01 -2.115659e-01 -1.396954e-02 -1.854323e-02 -2.279440e-01 -2.752023e-02 -1.473194e-01 -1.181348e-01 -9.604987e-02 -9.127653e-03 -7.162418e-02 -2.421240e-02 -2.473359e-01 -1.179469e-01 -2.103333e-01 9.667361e-02 
-5.926402e-02 -2.831277e-02 3.024493e-01 -3.203704e-02 2.081521e-01 1.879221e-01 8.765259e-02 -1.489866e-01 2.318930e-01 1.504307e-01 -2.949461e-02 -7.505300e-02 5.283234e-02 1.570000e-01 -1.807188e-01 2.501594e-02 2.851000e-01 -2.657067e-02 -7.575315e-02 9.277414e-02 -7.946005e-02 7.399720e-02 -1.020400e-01 1.619803e-02 1.538064e-01 1.445558e-01 6.386196e-02 2.861084e-01 -1.259176e-01 1.097669e-01 2.163876e-01 8.378642e-02 1.008971e-01 -1.004241e-01 -2.232765e-01 4.027112e-02 4.693121e-02 1.420684e-01 -1.873772e-01 -2.123388e-01 7.259857e-02 -2.529966e-01 -1.501946e-01 9.061538e-02 1.441395e-01 3.049303e-02 -1.240058e-02 -1.131406e-02 1.192679e-01 9.701710e-02 
-2.022239e-02 1.420063e-01 1.305503e-01 -7.811939e-02 2.600828e-01 1.978896e-01 -4.087100e-03 3.334539e-02 -8.047529e-02 1.253351e-02 -1.109246e-01 2.601717e-01 -3.344217e-01 1.335574e-01 -1.792231e-01 1.429420e-01 -6.434314e-02 4.030798e-02 6.815918e-02 1.221312e-02 1.059208e-01 8.210887e-02 9.960142e-02 7.298860e-02 -1.761971e-01 2.937774e-01 1.353547e-01 -1.395975e-01 -5.249788e-02 8.263047e-02 -6.888685e-02 -2.154675e-01 -1.101069e-02 -5.562290e-02 1.181027e-01 -8.387245e-02 1.078090e-01 -3.666218e-03 1.219457e-01 -2.426203e-02 -2.062096e-01 1.739037e-01 7.699557e-02 1.516449e-02 3.938166e-02 -8.223155e-02 -2.788318e-01 1.814604e-01 2.410781e-01 1.117378e-01 
-7.099189e-03 3.812581e-01 1.007294e-01 4.844739e-02 2.122996e-01 6.259835e-02 -1.034396e-01 -1.928884e-01 1.365554e-02 6.256506e-02 1.002281e-01 -4.446674e-02 2.822595e-02 -1.708736e-02 2.132627e-01 2.391217e-01 -6.840310e-02 -2.240171e-01 -1.278339e-01 2.082867e-01 -6.320088e-02 -1.561851e-01 1.202443e-01 4.362880e-02 -5.836897e-02 -1.607636e-01 -7.643015e-02 1.440672e-01 1.199649e-01 -1.043470e-02 4.713436e-02 -3.392973e-03 -2.534792e-01 -9.848049e-02 5.507644e-03 -2.970456e-01 -1.214452e-01 1.197054e-01 1.723443e-01 1.186861e-01 2.694931e-01 8.877594e-02 -7.737214e-02 9.410663e-02 -4.008647e-02 1.852841e-01 -1.286020e-01 7.002465e-02 -6.426757e-02 -3.829672e-02 
-1.472061e-01 1.643408e-01 -1.017710e-01 -4.407442e-03 8.159319e-02 -1.101741e-01 -2.583256e-01 -6.655651e-02 2.051284e-01 1.393066e-01 -1.336559e-02 -2.119864e-01 1.083488e-01 -1.243821e-01 8.224919e-02 -1.236568e-01 -1.186255e-01 1.612184e-01 6.365689e-02 1.277559e-01 7.010573e-02 1.448940e-01 -3.031972e-01 1.042120e-01 1.606358e-01 1.414656e-01 2.070762e-01 -1.533819e-01 1.478282e-01 1.959172e-02 -9.603621e-02 1.188064e-02 1.955695e-01 3.076965e-01 5.679692e-02 -4.316635e-02 1.979708e-01 -2.215885e-04 -8.225431e-02 -2.376979e-02 4.396694e-02 5.325606e-02 -1.243670e-01 5.601251e-02 -2.775787e-02 1.663625e-01 -3.038729e-01 1.167548e-01 -2.207747e-02 -1.390908e-01 
-1.668029e-01 -2.074605e-01 -3.015705e-02 1.071812e-02 1.826918e-01 1.716228e-01 1.533179e-01 1.063699e-01 6.953412e-02 -1.447355e-01 1.929167e-01 -1.305653e-01 1.636897e-01 -8.831132e-02 2.431923e-01 -3.236299e-02 -9.669795e-02 1.171965e-01 1.478095e-01 1.912999e-01 2.567657e-02 -1.372278e-01 2.275515e-01 6.957822e-03 2.915063e-01 1.327459e-01 -1.040885e-01 1.187689e-02 4.001727e-02 -2.027331e-01 -1.073549e-01 -4.782696e-02 -1.459928e-02 -2.243688e-01 8.006983e-02 9.143011e-02 3.091916e-01 1.362453e-01 1.119120e-01 -1.795134e-02 -3.872039e-02 7.959748e-02 -1.201264e-01 -1.756115e-02 4.224233e-02 -1.312510e-01 2.380530e-02 1.635135e-01 -9.108703e-02 2.513487e-01 
-8.362226e-02 1.886201e-01 1.083686e-01 -6.557080e-02 -5.864278e-02 -8.451496e-02 1.438968e-01 1.222088e-02 -7.665864e-02 1.575234e-01 2.579816e-01 3.721229e-02 -1.306544e-01 -3.380331e-02 2.362009e-01 8.598709e-02 2.431232e-01 3.135194e-02 -1.734944e-01 -2.056693e-01 -8.723124e-02 1.129238e-01 3.218811e-01 -1.684884e-01 3.819041e-01 1.871967e-01 3.828132e-02 -6.335581e-02 -1.655642e-02 1.977162e-02 6.079803e-02 -2.208378e-02 8.714273e-02 2.402681e-01 1.124034e-02 -1.815520e-01 1.287257e-01 -1.648527e-01 -3.425707e-02 8.110041e-02 1.066255e-03 2.653061e-02 1.978276e-01 -1.331471e-01 1.116985e-01 7.046629e-02 1.256436e-01 -2.028779e-02 5.457621e-02 -9.877228e-02 
-1.900085e-01 1.404737e-01 -3.008175e-01 1.945852e-01 1.719033e-01 1.319109e-01 -1.281812e-01 -1.293055e-01 2.330777e-01 1.553379e-02 1.601004e-01 -2.877933e-02 1.445434e-01 6.978341e-02 -5.628379e-02 -9.118138e-02 6.819801e-02 -1.441460e-01 -1.850615e-01 -2.207558e-01 -1.826232e-02 1.279058e-02 -3.645109e-02 1.684477e-01 -2.017809e-01 5.177207e-02 -1.535255e-01 1.239014e-01 -1.529800e-01 -1.054737e-01 2.718143e-02 -5.957959e-02 2.487219e-01 -1.030090e-01 3.143265e-01 7.749678e-02 9.304379e-03 -1.784741e-01 1.806298e-01 5.001458e-02 -3.836528e-02 -3.175529e-02 1.018673e-02 -1.785995e-01 1.480946e-01 -8.407833e-02 1.466338e-01 1.394088e-02 1.126351e-01 -1.244121e-01 
-1.552719e-01 3.248291e-02 -4.958003e-03 2.118946e-01 -8.668449e-02 1.516788e-03 1.407718e-02 3.426869e-02 1.732298e-01 -2.329311e-02 1.268876e-01 7.299135e-03 -2.994147e-01 1.297836e-03 -2.054190e-01 -2.758869e-02 -1.368442e-01 1.542721e-01 3.708826e-02 1.394455e-01 7.331007e-02 -9.864482e-02 2.095594e-01 7.411562e-02 4.134021e-02 -1.579757e-02 -1.818494e-01 -1.639265e-01 -8.143010e-02 -1.752794e-01 -2.772142e-01 1.366017e-01 1.380473e-01 1.170092e-02 -3.110884e-01 -2.949112e-01 -2.658145e-01 -5.671807e-02 -2.478953e-02 -1.199315e-01 2.911761e-02 -2.129019e-01 -1.819396e-01 -1.057161e-01 4.950296e-02 -8.891844e-02 -2.472355e-02 4.319840e-02 2.988111e-02 -1.519613e-01 
-1.372051e-01 1.150504e-01 -3.348244e-02 1.213838e-01 2.140232e-01 -1.785669e-01 1.764467e-01 2.297084e-01 -6.787451e-03 6.974390e-02 8.194142e-02 6.742052e-02 -1.205464e-01 -7.702712e-02 -1.846248e-01 -2.714981e-01 -1.795196e-02 1.572557e-02 4.146824e-02 1.167857e-01 1.114813e-01 -1.145386e-01 8.993439e-02 -2.026603e-01 -9.644000e-02 -1.946339e-02 2.202766e-01 1.017259e-01 -9.988698e-02 -6.670862e-03 1.066269e-01 2.816849e-01 1.348248e-02 1.120272e-01 5.777355e-02 2.142359e-01 -2.018150e-02 2.903858e-01 2.737139e-01 -7.741682e-02 1.524118e-01 1.033986e-01 1.943050e-01 -5.503218e-02 1.520378e-01 1.159563e-01 -6.727161e-02 -1.631985e-01 -1.107793e-01 -6.189353e-02 
-1.667671e-01 -1.973390e-02 1.374847e-01 1.794150e-01 6.497882e-02 4.355527e-02 8.042040e-03 1.329600e-01 -2.308095e-01 8.229149e-02 -1.051969e-01 -5.396188e-02 1.146756e-01 -7.349644e-02 4.656156e-02 1.318351e-01 -3.645158e-04 7.166650e-02 -1.026515e-01 -1.327741e-01 2.223767e-02 1.902918e-01 -8.534550e-02 1.612861e-01 -5.607948e-02 -3.850263e-01 -2.308198e-01 -3.405519e-01 -2.507152e-01 -6.009651e-02 1.902634e-01 6.781884e-02 -3.221202e-02 -1.121725e-02 -1.772975e-01 -4.396395e-02 3.407316e-01 1.442462e-01 7.124842e-02 -1.312397e-01 3.795912e-02 6.750452e-02 5.183272e-02 5.431127e-02 1.129738e-01 -4.220774e-02 -3.862418e-02 4.630756e-02 1.030169e-01 -1.390693e-01 
-9.226582e-02 9.031166e-02 -8.545014e-02 -4.153002e-02 -9.383096e-02 1.412299e-01 1.600363e-01 -1.669985e-01 7.025282e-02 3.848373e-01 -3.349007e-02 1.544950e-01 1.743206e-02 -9.821195e-02 2.609966e-01 -1.653671e-01 -2.865609e-01 -7.678565e-02 1.611169e-01 -1.491752e-01 1.143216e-01 -1.265613e-01 -1.613808e-01 -8.119770e-03 7.973842e-02 3.249880e-02 9.376348e-02 9.480534e-02 2.185297e-02 1.465284e-01 2.778363e-02 -8.089999e-02 -1.211218e-01 -1.253811e-01 -1.748914e-01 -1.197888e-01 -2.361116e-02 -2.240215e-02 9.257576e-02 -3.303545e-01 -1.170011e-01 9.822022e-02 6.074223e-02 4.787450e-02 2.330143e-02 -2.902958e-01 1.031746e-01 -1.396765e-01 -1.351966e-02 -1.554732e-01 
-1.186395e-01 -3.767068e-02 2.546923e-01 7.898419e-02 1.090909e-02 1.994782e-01 4.066332e-02 -1.376965e-01 -6.029401e-02 -6.483567e-02 -2.799776e-03 8.020243e-02 -2.891533e-02 -5.563647e-02 -5.945140e-03 2.345493e-02 8.654770e-02 -2.378210e-01 2.138060e-02 6.936996e-02 -1.516783e-01 -7.829969e-02 -2.316429e-01 -1.922860e-01 -9.109369e-02 1.990153e-02 6.585878e-03 -2.871122e-01 3.424358e-01 -1.853114e-01 -1.707151e-01 -6.851446e-02 2.911251e-01 -2.777893e-02 -2.239090e-02 1.149047e-01 -5.804293e-03 -1.106524e-01 -2.354523e-02 -1.151590e-01 3.507678e-01 1.987932e-02 2.920214e-01 -1.986291e-02 6.502492e-02 -1.235657e-01 1.174432e-02 -3.905493e-02 -1.009450e-01 5.100062e-02 
-8.031604e-02 2.454858e-01 2.005818e-01 4.399973e-02 -8.448916e-02 2.113356e-01 1.631495e-01 -8.523954e-02 -1.448873e-01 -2.639251e-01 1.947946e-01 -8.284044e-02 -6.785474e-02 2.347281e-01 1.225877e-01 -1.882218e-01 7.135200e-02 -1.083708e-02 1.203697e-01 -4.605251e-02 2.693367e-01 -6.661674e-02 -1.105212e-01 1.361240e-01 1.908111e-02 2.213714e-02 -1.367813e-01 6.067135e-02 -2.235048e-03 1.201259e-01 -4.695304e-02 2.253345e-01 1.863274e-02 -3.947403e-03 3.801791e-02 1.327929e-01 9.193676e-02 6.107969e-02 -1.143569e-01 2.517890e-01 -1.110581e-01 -1.251312e-01 1.145295e-01 1.058983e-01 -2.809169e-01 -1.029666e-01 -1.521509e-01 -7.414893e-02 -2.007108e-02 -2.462233e-01 
-1.201393e-01 5.531162e-02 1.199080e-01 -1.533416e-01 1.282414e-01 -2.159753e-01 2.009087e-02 3.877454e-02 -9.883149e-02 6.730050e-02 5.327919e-03 -1.980797e-01 -1.465759e-01 -1.153359e-01 -2.549581e-02 1.710625e-01 -1.082812e-01 1.760467e-01 -3.191724e-02 -1.946249e-01 -3.583668e-01 1.155359e-01 -5.287388e-02 -1.433641e-01 1.359973e-02 7.784977e-03 -1.009195e-01 1.769741e-02 1.030377e-01 1.851399e-01 -1.465696e-01 6.087087e-02 8.008639e-02 -2.077856e-01 3.338698e-01 5.418965e-02 -1.257481e-01 2.566218e-01 4.628022e-02 -5.813313e-02 -1.256425e-04 -1.593124e-01 -1.587255e-01 1.760531e-02 -1.067856e-01 -2.997292e-01 -2.234905e-02 -4.297044e-02 -1.527711e-02 -1.670504e-01 
-4.335285e-02 2.057506e-02 -7.177656e-02 -6.912080e-02 9.845666e-02 3.016113e-01 -1.831089e-01 2.658886e-01 -4.057480e-02 1.568741e-01 1.000680e-01 -1.456199e-01 -1.034965e-01 -8.230999e-02 -2.602369e-02 1.093079e-01 2.205649e-02 9.687539e-02 -2.759016e-01 2.312776e-02 -2.327702e-04 -2.279418e-01 -1.304780e-01 -1.583891e-02 2.371693e-02 -1.399917e-01 -2.080833e-02 1.142841e-01 6.684782e-02 5.754321e-02 -2.354650e-01 -2.659689e-01 -1.470456e-01 2.488870e-01 -1.902502e-01 2.143438e-01 -2.499390e-02 5.324350e-02 1.610321e-02 1.669678e-01 -2.056679e-01 -2.056582e-01 1.370548e-01 6.063513e-02 2.001766e-01 -7.843034e-02 -2.115360e-02 -1.156821e-01 -8.149740e-02 2.937764e-02 
-1.836892e-01 1.426535e-01 5.678825e-02 9.556595e-02 -2.569642e-01 -2.909339e-01 -5.798012e-02 -4.898289e-02 2.483195e-01 -1.116470e-01 -2.031178e-01 -3.184329e-02 -8.774292e-02 -5.287245e-03 -5.041732e-02 8.184116e-02 3.768986e-02 -2.374744e-01 1.911734e-02 3.576876e-02 8.772226e-02 -8.028330e-02 -1.136065e-01 -7.698422e-03 2.671474e-01 1.101596e-01 -1.512912e-01 -1.013404e-01 -1.446179e-01 -2.211474e-01 -4.585039e-02 -1.949431e-01 -1.969279e-01 -5.028095e-02 1.916751e-01 2.946808e-02 -1.357805e-03 2.389115e-01 -1.150183e-02 3.673578e-03 -1.204092e-01 -5.325121e-02 1.621560e-01 1.953177e-01 1.129718e-01 1.952436e-02 -1.095620e-02 -2.477696e-01 1.605152e-01 1.107197e-01 
-2.979076e-02 2.480835e-01 -1.185564e-01 -2.684540e-01 -2.474064e-02 -7.051072e-02 -2.929970e-01 -6.355732e-02 -2.940607e-02 -1.251938e-01 9.104819e-02 1.901506e-01 1.074352e-01 4.957315e-02 -3.834626e-02 -5.335166e-03 1.136195e-01 1.811183e-01 2.634653e-01 4.724563e-02 9.360986e-03 -5.109249e-02 9.973630e-02 -5.636742e-02 -1.398918e-01 -1.280017e-01 4.705952e-04 1.213377e-01 -2.156072e-02 1.181522e-02 -1.709252e-01 -2.826490e-02 6.539616e-02 1.583595e-01 -8.467348e-02 -6.662724e-02 2.510553e-01 1.960131e-01 -7.064324e-03 -1.091686e-01 2.246294e-01 -9.574975e-02 7.986720e-02 1.238333e-01 -5.823043e-02 -1.614669e-01 3.440893e-01 1.315471e-02 2.724380e-01 8.387792e-02 
-1.979477e-01 -1.582043e-01 -1.238336e-02 -2.404700e-02 5.154246e-02 -1.421425e-01 1.186342e-01 3.064397e-02 -8.161196e-02 -1.077613e-01 6.046385e-02 -1.609154e-01 -2.339366e-01 -2.113548e-01 3.225191e-02 -7.965165e-02 -3.216138e-02 1.108407e-01 2.595401e-01 9.595256e-02 5.351507e-02 6.887364e-02 -9.835748e-02 1.534083e-01 -1.780581e-02 -1.653870e-01 -1.063663e-01 2.941813e-01 1.541260e-02 2.005337e-01 1.257940e-01 -2.010664e-01 3.557541e-02 -9.113339e-02 6.393793e-02 -1.446674e-01 -5.844458e-02 -3.037741e-01 -1.107562e-01 1.350759e-01 2.285881e-01 1.145415e-02 1.939346e-01 1.071371e-01 2.892393e-01 2.136099e-02 -8.838970e-02 -1.253253e-02 1.795026e-01 5.541412e-02 
-7.095789e-02 1.579533e-02 1.255151e-01 -1.570356e-01 -2.151021e-01 1.372507e-01 3.880776e-02 5.021215e-02 -1.498957e-01 -8.992053e-03 9.622982e-02 7.392067e-02 1.576205e-01 -2.918700e-02 1.822273e-01 3.188588e-01 -1.305367e-01 -2.976586e-02 1.769669e-01 1.455344e-01 4.429108e-02 -9.336826e-02 -2.361529e-02 2.010430e-01 -6.668578e-02 -3.866564e-03 2.083596e-01 -1.817398e-02 -2.468483e-01 -7.400547e-03 -4.537117e-02 2.976454e-02 1.561888e-01 4.056543e-02 2.516210e-01 1.043397e-01 -2.492339e-01 1.588540e-01 -1.667497e-01 -1.336071e-01 -6.232760e-02 -1.032287e-01 1.749155e-02 -1.864521e-01 2.896306e-01 2.209966e-01 7.836088e-02 1.112867e-01 -2.028933e-02 -1.363058e-01 
-2.112763e-01 -1.543376e-01 2.896492e-02 2.269331e-01 -9.671996e-02 1.425750e-01 -9.423090e-02 -1.771108e-01 -1.836110e-01 -9.127331e-02 -1.776470e-01 -2.471956e-02 -9.863751e-02 -1.653006e-01 3.370474e-02 1.950385e-01 2.132697e-01 2.098435e-01 -1.349727e-01 2.067219e-01 4.512441e-02 -7.831348e-02 -4.909101e-02 -4.396604e-02 -9.162963e-02 8.980071e-02 8.000830e-02 2.219660e-01 6.537462e-03 3.947800e-02 -1.269309e-01 1.598891e-01 1.280047e-03 5.599135e-02 1.193709e-01 -1.480581e-01 1.450947e-01 -6.699732e-02 4.524007e-02 -1.058656e-01 -1.258916e-01 2.639704e-01 -1.560412e-01 -9.097636e-02 -1.033899e-01 4.981239e-02 1.205251e-01 -3.916428e-01 3.475667e-02 -4.353818e-02 
-1.865566e-01 -2.476876e-01 9.140955e-02 -6.305248e-02 9.362513e-02 1.296514e-01 -1.758969e-01 -6.567461e-02 -2.521359e-02 1.230498e-01 -1.315292e-01 -1.201235e-01 -7.725586e-02 -1.543224e-01 9.149565e-02 -1.463307e-01 -7.868146e-03 -1.616314e-01 5.501776e-02 -1.509605e-01 -1.470277e-01 -1.148620e-01 3.097355e-01 2.681060e-01 -3.297559e-03 6.471703e-02 2.772714e-01 -1.067706e-01 -2.078139e-01 -1.381177e-01 3.021245e-02 8.124220e-02 -5.113076e-02 1.625103e-01 -1.449454e-03 1.298520e-01 -1.774139e-01 -6.430415e-03 -3.519121e-02 1.940249e-01 1.874005e-01 2.198362e-02 -2.744126e-02 2.356828e-01 -2.132952e-01 -1.320126e-01 3.099349e-02 -6.957270e-02 1.701644e-01 -2.931626e-02 
-2.003392e-01 -2.159802e-01 -1.706130e-01 5.291397e-02 -6.830607e-02 2.945060e-02 -1.564147e-01 1.185548e-01 -2.307646e-01 -1.706400e-02 1.968196e-01 1.266100e-01 1.370367e-01 -3.177094e-02 -2.436263e-01 2.809554e-01 -2.854974e-02 -1.569794e-01 6.881017e-02 -1.802032e-01 1.716574e-01 2.668712e-02 -1.240364e-01 -2.820424e-01 1.148146e-01 1.878432e-01 1.104207e-01 2.118269e-01 -1.159245e-02 -1.915902e-01 9.190797e-02 4.898890e-02 -4.631288e-02 -7.300109e-02 -4.778220e-02 -1.565598e-01 1.642442e-02 -2.541651e-02 4.417048e-02 4.926617e-02 7.419841e-02 -1.137133e-01 -1.509117e-03 2.567869e-01 -6.619548e-02 -2.983680e-02 -1.442501e-01 1.745297e-01 -4.448025e-02 -2.177366e-01 
-1.871160e-01 1.278527e-01 -1.835418e-01 -2.337147e-04 6.022946e-02 8.597299e-02 1.159409e-01 1.339382e-01 -8.692214e-02 -2.466461e-01 -7.919656e-02 8.335962e-02 2.556064e-01 -6.766254e-02 8.172531e-02 -7.329947e-02 8.107999e-02 1.912840e-01 -5.387343e-02 -6.092423e-02 -2.106099e-01 2.300799e-02 -5.095798e-02 5.694356e-02 7.712589e-03 1.493851e-01 -8.275373e-02 4.923267e-02 8.921926e-02 -1.021615e-01 2.171313e-01 -1.873069e-01 1.593250e-01 5.593179e-02 -2.345711e-01 -1.352312e-01 -3.962106e-01 2.781457e-01 -9.121389e-02 -7.749969e-03 -8.363465e-02 1.724866e-01 1.237727e-01 -7.420658e-02 -1.553703e-01 1.157016e-03 -1.570434e-01 -8.629964e-02 1.197926e-01 5.894188e-02 
-9.353519e-02 9.057026e-02 2.249263e-01 -1.118766e-01 -4.238465e-02 -3.181485e-02 2.059286e-01 1.282487e-01 -4.922090e-02 5.541378e-02 3.014977e-01 1.340644e-01 1.147385e-01 -1.014365e-01 -5.174908e-02 -1.899561e-01 -1.122169e-01 1.520271e-02 -1.731280e-02 -2.811934e-02 -2.551439e-01 -8.800622e-03 -2.898929e-01 6.248895e-03 -2.172250e-01 7.776678e-02 7.999663e-02 -9.632375e-02 -8.269773e-02 -1.665615e-01 -8.806629e-02 4.719658e-02 -5.986791e-02 -3.452504e-02 -1.790611e-02 -1.864354e-01 8.069071e-02 -1.413472e-01 1.136814e-01 2.080194e-01 -1.494111e-01 -7.292452e-02 -2.613642e-01 1.909145e-01 2.190070e-02 2.145532e-01 1.237746e-01 -1.792376e-01 1.185221e-01 2.051873e-01 
-1.784678e-01 7.743732e-02 1.277353e-01 2.596120e-01 -1.959464e-01 -1.833665e-01 -1.875827e-01 4.891150e-02 -1.024277e-01 2.284188e-01 -4.491716e-02 1.829877e-01 2.274228e-01 2.636265e-01 1.586043e-01 4.504586e-03 8.080938e-03 2.756022e-01 7.374513e-02 1.884198e-01 -1.670761e-01 -4.789197e-02 1.203786e-01 -4.835478e-02 -7.778476e-02 1.663792e-01 -8.759708e-02 2.804604e-02 2.929625e-02 4.938889e-02 7.509808e-02 -2.395110e-02 -1.483031e-01 -7.181386e-02 -5.767414e-02 3.297635e-01 -5.951837e-02 -2.657901e-01 9.522265e-02 5.694281e-02 8.253934e-02 -1.128651e-01 -2.617314e-02 -1.340193e-02 6.295082e-02 -1.075414e-01 -2.028583e-01 3.801199e-03 7.540932e-02 7.661740e-03 
-2.079396e-01 -2.488287e-01 1.321616e-01 1.416280e-01 8.171386e-02 -2.309354e-02 -1.645304e-01 -8.742814e-02 5.507147e-02 1.280409e-02 -9.303348e-02 5.101492e-02 -5.691710e-03 2.009127e-01 1.208803e-01 -2.503385e-01 -1.031652e-01 -9.565523e-02 6.854308e-02 -4.695854e-02 -2.588532e-01 1.674526e-01 2.537441e-02 -1.701765e-01 -9.545078e-02 -6.199412e-02 -1.882501e-02 1.824809e-01 -9.581587e-03 3.813314e-02 -2.962813e-01 3.364271e-02 -1.185486e-01 -2.330414e-02 -7.156609e-02 -1.602961e-01 4.844017e-02 2.044954e-01 -1.443551e-01 1.078252e-01 -2.379082e-01 4.660019e-02 2.654035e-01 -1.033091e-01 6.498914e-02 2.300673e-01 8.407533e-02 2.302983e-01 -2.945526e-02 -1.216272e-01 
-1.243354e-01 1.489457e-01 1.517206e-01 -7.081010e-02 1.548954e-02 -5.430652e-02 -1.919832e-01 5.758213e-02 -2.518385e-01 -8.840223e-02 -4.702483e-02 -5.402776e-02 -9.721043e-02 2.144141e-01 -2.755832e-01 -1.680800e-01 -1.103048e-01 -2.809107e-02 9.360331e-02 -5.614899e-02 -1.683546e-01 -1.503708e-01 9.507463e-03 2.299172e-01 1.877177e-01 -4.261831e-02 1.175486e-01 1.033562e-01 -5.639571e-03 -1.556012e-01 1.891757e-01 -3.112173e-01 -2.822686e-02 -4.397906e-02 4.935744e-03 -7.420603e-02 1.717745e-01 -7.851370e-02 -4.242844e-02 -1.075491e-01 2.778018e-02 2.582754e-02 -1.041045e-01 -2.524017e-01 -5.259994e-02 1.820784e-02 9.734679e-02 -1.081720e-01 -3.776635e-01 -8.697484e-02 
-1.420203e-01 1.927579e-01 1.089952e-02 1.779413e-01 2.893567e-02 1.362578e-01 9.559418e-02 -3.241809e-01 7.914738e-02 -1.793347e-01 -1.451027e-01 2.743368e-01 -1.010429e-01 -2.481842e-01 -1.402018e-02 8.314481e-02 -5.133632e-02 2.276097e-01 1.273916e-01 -2.458771e-01 -5.681017e-03 2.540157e-01 4.573613e-02 -2.549211e-02 5.649998e-02 -1.452775e-01 7.238489e-02 7.052725e-02 2.032009e-02 -9.079833e-02 5.585796e-02 -2.926291e-03 -1.092749e-01 1.584994e-01 5.701898e-03 2.043380e-01 -6.568766e-02 -2.807232e-02 3.447592e-02 9.402612e-02 -4.695976e-02 -1.606348e-01 -1.163942e-01 1.227563e-01 9.566090e-02 4.982073e-02 7.161205e-02 1.260443e-01 -3.265056e-01 1.703507e-01 
-1.641482e-01 -5.680325e-02 -2.275628e-01 -1.973614e-01 2.261449e-01 1.329286e-01 -2.311297e-02 -2.100920e-01 -1.934937e-01 1.433800e-01 -3.565957e-03 -1.123742e-01 -1.180736e-01 7.659217e-02 -3.843786e-02 -5.796803e-02 -1.200557e-02 4.084169e-02 1.746637e-01 1.617887e-01 8.759456e-02 3.206510e-02 -3.197804e-02 -1.934874e-01 -4.041076e-02 1.310290e-01 -2.656712e-01 -3.041569e-01 1.647523e-01 -9.471054e-02 2.799181e-01 4.589494e-02 -2.551916e-01 4.836570e-02 7.400661e-02 7.086992e-02 -9.765109e-02 5.774976e-04 -8.551499e-02 -4.965627e-03 -7.534265e-02 -1.794058e-01 -4.775003e-02 -1.013533e-01 9.566271e-03 2.251205e-01 2.160279e-01 -7.849685e-02 1.090221e-01 -7.391226e-02 
-2.072278e-02 2.186909e-01 7.885838e-02 -2.093487e-01 8.303571e-02 -6.333815e-02 -1.327756e-01 2.377508e-02 1.490997e-01 -3.930108e-02 -7.592752e-02 -1.311376e-01 2.032766e-02 -2.613236e-01 -6.249372e-02 1.637089e-01 -3.119701e-02 -1.141567e-01 1.904849e-01 1.571888e-01 -1.552883e-01 -1.019716e-01 4.188752e-02 -1.976543e-01 -1.194475e-01 7.418117e-02 -1.882960e-01 4.236235e-02 -2.482303e-01 -4.295870e-02 1.421465e-01 1.978294e-01 1.401537e-01 -3.844057e-02 -2.160314e-01 1.116065e-01 4.775518e-02 -2.569448e-01 -1.232703e-01 8.145262e-02 -3.075114e-01 2.357741e-01 1.217278e-01 5.200904e-02 -1.547170e-02 -1.119233e-01 1.498319e-02 6.212803e-02 -1.867707e-01 -8.066059e-02 
-1.580432e-01 3.948650e-02 -2.156879e-01 -2.513378e-01 -2.007708e-01 1.409925e-01 9.454825e-02 6.763967e-03 -5.517943e-02 1.263614e-01 -1.076851e-01 5.539531e-02 5.600042e-02 -4.255186e-02 -2.191404e-01 -2.749247e-02 9.877000e-02 -5.630020e-02 1.858964e-02 -1.622746e-01 -1.880600e-01 -7.791000e-02 1.883934e-01 2.377321e-01 6.300585e-02 2.540168e-02 -2.744015e-01 4.157377e-02 1.023259e-01 1.386145e-01 -2.510471e-01 2.041716e-01 -1.469544e-02 -7.952945e-02 2.799438e-02 7.405865e-02 1.027625e-01 -7.638604e-02 5.528097e-02 -2.188991e-01 5.698347e-02 3.314896e-02 1.030458e-01 1.523742e-01 -4.832577e-03 3.593847e-01 -2.364458e-01 -1.850472e-02 -9.444742e-02 7.350796e-02 
-1.440230e-01 1.729598e-02 6.580140e-02 -1.385090e-01 -1.873750e-01 1.185135e-01 2.446389e-01 5.738027e-02 2.922426e-02 1.603152e-01 -2.184958e-01 1.194257e-01 4.431227e-02 1.004527e-01 -1.593404e-01 -5.129372e-02 -2.109937e-01 -1.413597e-01 -1.039270e-01 1.436294e-01 3.306167e-02 2.727001e-02 1.070671e-01 -1.670436e-01 5.366626e-02 -2.332230e-01 -1.622712e-01 2.093212e-01 1.689716e-01 -1.302809e-01 6.211506e-02 -5.180594e-02 1.622421e-01 2.794159e-01 1.467635e-01 6.357159e-02 6.944717e-02 4.225962e-02 -1.106507e-01 2.184907e-01 2.536646e-02 1.980879e-01 -2.866397e-01 -2.315629e-02 4.410995e-02 -1.336301e-01 -1.842577e-02 8.824628e-02 1.988271e-01 -1.062257e-01 
-1.063830e-01 -3.619097e-02 1.652727e-01 -7.405859e-02 2.188561e-01 -5.400369e-02 -1.040692e-01 2.235490e-01 -1.148485e-02 -2.003374e-01 -2.628207e-01 2.107800e-01 1.308548e-01 -7.750405e-03 1.109908e-01 -1.022654e-01 -1.602603e-01 -3.736411e-02 -2.291137e-01 -7.912579e-02 2.449445e-01 -1.067938e-01 -2.490871e-02 -9.202479e-03 2.676948e-02 2.996368e-01 -2.623276e-01 -6.442715e-02 -6.664889e-02 3.195315e-01 -5.190153e-02 3.669328e-02 2.739228e-02 1.126857e-01 4.346457e-02 -9.458476e-02 -7.273065e-02 -7.874945e-02 -5.047549e-02 -7.265535e-03 1.986433e-01 -3.054526e-02 -1.185778e-01 1.363835e-01 1.184038e-01 3.213737e-02 2.331830e-01 5.919615e-03 -1.896310e-01 -1.960204e-02 
-1.193223e-01 -1.087489e-01 9.251083e-02 -2.692051e-01 -2.036085e-01 1.885378e-01 -1.397372e-01 1.702186e-02 2.171955e-01 -3.238924e-01 8.191096e-02 -2.874017e-02 -6.221408e-03 8.541404e-02 6.519404e-02 -2.051958e-01 1.013860e-01 7.979860e-02 -1.633931e-01 1.080658e-01 -1.109473e-01 1.879103e-02 4.402139e-02 -1.657935e-01 -3.307085e-02 -1.827782e-01 9.131384e-02 -1.045745e-01 -1.193505e-02 4.112970e-02 2.354503e-01 4.632307e-02 -1.676974e-01 1.101412e-01 2.018827e-01 -1.575120e-01 -8.710485e-02 -1.270116e-01 2.477750e-01 -2.747515e-01 -1.033241e-01 -4.951517e-02 2.787586e-02 1.315583e-01 9.939803e-02 -1.281946e-01 -1.719109e-01 8.778372e-02 -4.552377e-02 -9.592206e-02 
-1.475933e-01 -4.149530e-02 -8.143616e-02 1.439388e-01 1.289313e-01 -1.373668e-01 2.484600e-02 1.479588e-01 8.264884e-02 -1.096161e-01 1.051828e-01 1.389793e-01 -1.239145e-01 1.163385e-01 1.169558e-01 1.608248e-01 -1.094085e-01 -1.671761e-01 -4.339463e-02 1.400695e-01 -6.272981e-02 3.090821e-02 1.688106e-01 9.500882e-02 1.005396e-02 -1.727721e-01 1.274784e-01 -3.996592e-02 2.679129e-01 1.421528e-01 1.304539e-01 -1.182333e-01 2.663864e-01 -5.064560e-02 -7.286228e-02 1.813871e-01 4.956949e-02 -8.153830e-02 -5.145310e-03 -1.854242e-01 -2.611015e-01 -8.453237e-02 -3.927325e-02 3.509339e-01 -1.903466e-01 2.099946e-01 1.838166e-01 -9.545326e-02 6.435497e-02 -1.273941e-01 
-1.732380e-01 1.252843e-01 -9.315704e-03 -1.332601e-01 -1.927812e-01 3.578805e-02 7.923029e-02 5.715980e-02 3.065551e-02 -3.731297e-02 -3.141825e-01 -3.060613e-01 9.035087e-02 -6.797800e-02 7.530379e-02 6.923761e-03 -1.319651e-01 -2.544905e-02 -1.133642e-01 -3.159750e-02 2.011415e-01 1.395295e-01 2.498037e-01 -1.182078e-01 -3.004993e-01 9.717735e-02 2.332931e-01 1.296985e-02 1.018301e-01 -2.360614e-02 3.664284e-02 -7.381562e-02 1.119587e-01 -2.342766e-01 -1.558505e-01 -1.056776e-01 1.753173e-01 4.310661e-03 9.683346e-02 1.258172e-01 2.759253e-02 -3.692498e-01 8.013186e-02 -1.300358e-01 -7.595928e-03 6.776407e-02 -1.637302e-02 -8.801229e-02 -3.016397e-02 4.603886e-02 
-1.731120e-01 1.547334e-01 -1.880428e-01 1.577891e-01 -7.463722e-02 -7.333447e-03 1.107583e-01 7.296863e-02 -9.502043e-02 -1.499627e-02 2.498805e-02 4.240809e-02 -1.573742e-01 -1.997392e-01 5.459742e-02 -1.234249e-01 9.934004e-03 -1.311782e-01 -2.386120e-01 1.079003e-01 -9.832779e-02 -1.693265e-01 -8.817219e-02 -1.569009e-01 -8.026039e-02 -2.483758e-02 6.889751e-02 -9.991981e-03 -2.431684e-01 1.224288e-01 2.070871e-02 -7.031568e-02 -1.546701e-01 -7.069550e-03 1.028815e-01 5.862633e-02 1.186158e-01 -6.129075e-02 -3.745795e-01 -1.988568e-01 9.084887e-02 -1.450342e-01 -4.246196e-02 -1.170611e-01 -3.040319e-01 -1.178742e-02 -3.661060e-02 3.300043e-01 6.446116e-02 1.805699e-01 
-6.955606e-02 9.019881e-02 2.835075e-01 3.312719e-02 -3.009004e-02 -1.490234e-02 -1.403945e-02 1.420686e-01 -1.114830e-02 6.735416e-02 -1.380445e-01 -1.383632e-01 7.419502e-02 -2.088972e-01 -9.773756e-02 -9.381649e-02 2.988462e-01 1.584744e-02 1.331837e-01 -7.265547e-02 1.921989e-01 -1.119676e-01 -9.163083e-02 -1.154781e-02 1.333506e-01 -8.458264e-02 1.350612e-03 3.821297e-02 1.350814e-01 2.971616e-02 -7.231821e-02 -1.060070e-01 -1.997481e-02 -7.295466e-02 -1.751776e-02 8.873502e-02 -2.038862e-01 -8.967217e-02 3.468351e-01 -5.499180e-02 -1.155266e-01 3.949293e-02 -4.881749e-02 -1.014227e-01 -2.038751e-01 1.780565e-01 2.350044e-01 3.875029e-01 2.038597e-01 -8.052905e-02 
-1.450410e-01 1.239416e-01 -2.188864e-01 1.728314e-01 2.919994e-02 1.111632e-01 1.759989e-01 2.255395e-01 4.489826e-03 8.521081e-03 -1.284103e-01 -1.171124e-01 1.713140e-01 1.713503e-01 -1.200137e-01 9.960294e-02 2.217464e-01 -2.346425e-01 2.897561e-01 1.806676e-01 -1.564612e-01 1.807596e-01 -2.278930e-02 4.721939e-02 8.289297e-02 -3.035767e-02 1.728054e-01 -1.769738e-01 -9.339472e-03 2.991217e-01 -1.087879e-01 7.249959e-02 -1.418073e-01 1.177255e-01 5.270035e-02 -2.043011e-01 -6.516118e-02 -6.045101e-02 4.609328e-02 1.426951e-01 -1.359772e-02 -1.394665e-02 -5.325517e-02 8.411601e-03 6.393322e-02 -2.406178e-01 1.454946e-01 -2.114147e-02 -1.438348e-01 6.805553e-02 
-1.351617e-01 7.199668e-02 1.154443e-01 -7.519069e-02 1.797979e-01 -2.589229e-02 9.926039e-02 6.122783e-02 1.913474e-01 8.114101e-03 6.183156e-02 -2.057536e-02 2.595252e-01 6.288185e-02 -2.378363e-01 1.389462e-01 -1.707479e-01 2.429816e-01 -1.946904e-01 -1.054790e-02 1.515348e-01 9.454360e-02 4.185955e-02 9.640438e-02 5.568960e-02 -1.166628e-01 1.755178e-01 -1.323503e-02 1.274357e-01 -1.418929e-01 -1.130475e-01 1.454200e-01 -3.091656e-01 -1.207249e-01 1.116152e-01 1.996925e-02 -9.112789e-02 -2.195684e-01 -3.099899e-01 -7.777990e-02 3.667972e-02 1.372006e-01 2.955738e-01 -2.622141e-02 -1.303589e-01 -5.412152e-02 1.264828e-01 -6.244881e-02 7.541001e-02 -1.761204e-02 
-1.063819e-01 3.603363e-02 -5.302389e-02 2.370119e-02 -9.715241e-02 2.474505e-01 -1.257562e-01 1.562829e-01 2.697210e-01 -3.915276e-02 1.459739e-02 -6.822878e-02 -1.540510e-01 2.425544e-01 6.083371e-02 1.391453e-01 -1.012101e-01 1.611707e-01 1.564593e-01 -3.024662e-01 -1.858137e-02 -1.576340e-01 -9.601025e-02 -3.086123e-01 9.647134e-02 -1.418444e-01 7.660606e-02 -1.383114e-01 -1.342762e-01 1.788916e-01 5.876703e-02 -2.560380e-03 6.806521e-02 -1.973273e-01 -4.503702e-02 6.794790e-02 -1.804684e-02 -5.427684e-03 -5.261222e-02 1.428659e-01 2.197963e-01 2.466372e-01 -1.320831e-01 -7.296610e-02 -4.836060e-02 2.436043e-01 1.140722e-02 -1.192324e-01 8.510644e-02 9.817002e-02 
-2.113683e-01 1.897325e-02 -8.156244e-03 -5.664438e-02 -8.437660e-02 -2.195657e-01 8.892214e-02 2.320390e-02 -2.013284e-02 -7.368288e-02 1.058899e-01 -2.972158e-01 -1.737646e-01 2.594111e-01 1.449308e-01 1.385512e-01 6.294690e-02 -1.006605e-01 -3.029119e-02 -2.531966e-01 8.392569e-02 -9.968973e-03 -7.526380e-02 1.151660e-01 -2.969058e-01 1.439612e-01 8.368752e-03 9.488685e-02 1.859498e-01 -1.237377e-01 -8.074044e-03 1.180121e-01 -1.453828e-01 2.115893e-01 -1.810259e-01 1.147661e-01 -4.467665e-02 2.562052e-02 -3.465940e-02 -1.964408e-01 1.582888e-03 2.477779e-01 -1.703395e-01 2.864811e-02 1.677528e-01 -9.105197e-02 6.986185e-02 1.883384e-01 -4.437294e-02 1.831424e-01 
-1.666668e-01 -1.195064e-01 -1.121547e-01 -2.318565e-01 -4.489158e-02 -8.071591e-02 1.415440e-01 -3.963165e-02 7.703786e-02 2.255126e-01 -1.050736e-01 9.273178e-02 -1.993469e-01 2.517828e-01 1.059731e-01 1.175781e-01 7.298732e-02 2.031655e-01 -1.564331e-01 2.247359e-01 2.482648e-02 4.524591e-02 -2.470802e-01 1.291016e-01 2.595467e-02 -1.598096e-02 -3.136084e-02 3.134436e-02 -2.272079e-01 -1.314839e-01 2.181299e-02 -3.981634e-03 1.668648e-01 -3.553215e-02 2.394535e-03 -5.780154e-02 -4.889575e-02 1.780751e-02 2.330843e-01 1.639730e-01 9.768008e-02 -1.998889e-03 2.064189e-01 8.785907e-02 -2.761997e-01 -6.983471e-03 1.551046e-01 1.635929e-01 -2.717512e-01 7.305766e-02 
