-5.746455e-02 1.124532e-01 1.714124e-02 -2.342189e-01 1.480463e-01 1.328854e-01 -1.448842e-01 2.681099e-02 -2.610117e-01 1.230150e-01 4.913969e-03 -8.334550e-02 2.513303e-01 9.821750e-02 -3.665427e-01 -1.263625e-01 -4.566753e-02 -1.960991e-01 1.755834e-01 -1.072436e-01 1.576383e-01 -1.363774e-01 -1.157280e-01 -1.905725e-02 3.382127e-02 -9.484996e-02 1.013105e-01 8.534862e-02 -3.938741e-03 -1.065475e-01 -7.981914e-02 2.527929e-01 -5.922417e-02 3.362334e-01 -3.082906e-02 9.502955e-02 9.385588e-02 1.678303e-01 6.560795e-02 -5.415516e-02 1.233828e-01 1.038475e-01 -2.375400e-01 -1.053559e-01 8.081479e-02 6.360816e-02 8.174461e-02 -1.371413e-01 2.248052e-03 -6.694283e-02 
-2.339351e-01 -9.981229e-02 3.896678e-02 2.494935e-01 -1.118673e-02 -3.387664e-02 1.908053e-01 -3.743702e-02 2.075791e-01 1.741485e-01 -7.678540e-02 -1.131389e-01 8.280925e-02 3.341658e-01 -1.148986e-01 3.580540e-02 -1.506051e-01 -6.267574e-02 -1.060509e-01 -1.321647e-01 -6.558378e-02 7.982464e-02 -1.131689e-01 -1.307829e-02 -3.095186e-02 1.226514e-01 -1.691193e-01 -1.920191e-01 -6.923802e-02 2.972361e-01 1.062219e-01 1.045657e-02 -7.931738e-02 1.142194e-01 3.230455e-01 1.057404e-01 6.896837e-02 1.144963e-01 -3.138767e-02 -5.608644e-02 1.230633e-01 1.547933e-02 1.846731e-01 -9.201635e-02 1.881595e-01 1.664336e-01 -2.672639e-02 -5.124698e-02 4.995795e-02 -2.420522e-01 
-2.115850e-01 -9.884224e-02 -1.352555e-01 -1.558453e-01 -1.888380e-02 2.513934e-01 2.269566e-01 1.124836e-01 2.116142e-01 2.022078e-01 1.581308e-01 4.964142e-02 -2.135424e-02 8.366131e-02 -5.447981e-02 5.314798e-02 -8.870164e-02 -1.698430e-01 -2.888633e-02 -1.709790e-02 1.150259e-01 -2.937389e-01 7.994361e-02 9.257680e-02 -1.581759e-01 5.466749e-02 -9.249203e-02 2.687251e-01 2.848201e-01 -1.232744e-01 2.325928e-01 -2.565827e-01 2.691909e-02 -1.012740e-01 -2.277486e-02 -1.209276e-01 5.619197e-02 -2.422987e-02 9.767871e-02 -1.929107e-01 5.846446e-02 1.687256e-02 5.065621e-02 -8.089621e-03 -1.123375e-01 -1.849127e-01 3.433311e-02 -1.545042e-01 -1.173439e-01 5.330289e-02 
-6.498700e-03 1.033942e-02 2.237491e-02 -2.141232e-01 1.486095e-01 -2.695310e-01 -6.083299e-02 -9.573783e-02 -9.512974e-02 1.883049e-01 -2.303736e-01 6.214078e-02 -1.133281e-01 1.193176e-01 -7.075342e-02 1.252872e-01 -7.084238e-02 1.862141e-01 -7.690470e-02 2.271569e-01 -9.353422e-02 -2.980942e-02 4.460538e-02 -1.608184e-01 -4.714083e-02 -7.679681e-02 -9.488783e-02 2.715577e-01 1.717960e-01 1.951812e-01 2.126023e-01 4.405705e-02 -1.399911e-01 -4.238860e-02 1.068742e-01 -3.219349e-02 1.743068e-01 5.045175e-02 -4.156933e-02 7.281034e-02 -2.192534e-01 3.199721e-02 -2.224227e-01 1.798110e-02 -3.648506e-02 3.713574e-02 1.366488e-01 2.861703e-01 -2.525410e-01 -1.288705e-01 
-1.655897e-01 2.872680e-02 1.599963e-02 -1.032898e-01 -4.837778e-02 4.252239e-02 3.823198e-02 6.496485e-02 3.376295e-02 -1.491978e-01 -6.764920e-02 1.819439e-01 4.593009e-02 -1.919624e-01 -2.371263e-01 -1.903369e-01 4.755726e-02 -2.540668e-02 -1.184533e-01 9.602279e-02 -1.491092e-01 1.179626e-01 -1.223163e-01 -2.188936e-01 9.337587e-02 -3.661772e-04 -2.800977e-02 4.844003e-02 -2.281318e-01 2.940470e-02 1.797203e-01 -3.903799e-02 -7.534078e-02 -2.709982e-01 -1.098489e-01 2.118645e-02 7.998947e-02 -6.118740e-02 -3.524737e-02 3.538601e-02 9.653982e-02 3.015183e-01 1.595451e-02 2.463405e-01 -2.626647e-01 1.230493e-01 7.519671e-02 -3.027066e-01 8.957442e-02 -2.825855e-01 
-1.619376e-01 1.364077e-01 -3.403768e-02 1.811036e-01 -1.117005e-01 -3.525159e-02 -2.224683e-02 -1.684094e-01 1.268162e-01 -1.061384e-02 7.758134e-02 2.126897e-01 6.819198e-02 2.376187e-01 -1.077032e-01 2.623963e-02 3.500276e-01 1.157862e-01 1.126688e-01 -3.803050e-03 8.339745e-02 -1.413001e-01 -4.061634e-03 1.242847e-01 -1.346112e-01 2.743780e-02 1.687817e-01 2.522964e-01 -6.550729e-02 5.912454e-02 1.253349e-01 1.157728e-01 1.216713e-01 2.443947e-01 -1.685111e-01 -1.199452e-01 -2.093306e-01 -2.267755e-01 -6.776657e-02 3.013700e-01 -7.902586e-02 -7.542910e-02 7.545061e-02 2.733640e-02 -4.603568e-02 5.208878e-02 -9.200706e-02 6.832124e-03 -1.359565e-02 -2.428375e-01 
-4.979661e-02 -3.665880e-02 3.839021e-01 -5.089557e-02 2.034756e-01 3.527702e-02 -1.039307e-01 1.383434e-01 1.191549e-01 4.908301e-02 -6.198154e-02 3.115953e-01 -1.689808e-01 -3.421088e-02 -1.385216e-01 -2.568053e-02 7.223894e-02 -6.553783e-02 4.227326e-02 -1.108973e-02 9.086419e-02 6.911020e-02 1.104903e-01 -2.029389e-01 -1.317989e-01 2.735765e-01 -1.364979e-01 1.294739e-01 4.859355e-03 -1.274830e-01 6.451729e-02 2.216005e-01 1.167870e-01 -1.342752e-01 -1.445152e-01 1.927160e-01 -8.702283e-02 1.778127e-01 -5.007247e-02 -4.755349e-02 1.288040e-02 4.052893e-03 2.017389e-01 -3.753048e-02 2.732119e-01 -3.930391e-02 -1.808863e-01 1.508852e-01 1.120123e-01 1.064775e-01 
-4.956335e-02 9.772203e-02 1.297985e-01 1.225584e-01 -3.919736e-03 1.132378e-01 -1.835591e-01 -1.012985e-01 -5.628134e-02 -3.397787e-02 4.657833e-02 -8.276812e-02 -2.418703e-01 2.597835e-01 1.244719e-01 -1.148990e-01 -4.681709e-02 6.949544e-02 1.689412e-01 -6.745703e-02 -2.773165e-01 5.294667e-02 8.026601e-02 -2.248109e-01 2.062830e-01 1.866540e-01 -7.015757e-02 2.086162e-01 -6.930076e-02 -2.477583e-02 -1.207075e-01 -1.766007e-01 1.910914e-01 1.196728e-01 -1.601472e-01 1.956667e-02 3.892285e-01 -1.311027e-01 -2.651079e-02 -6.863075e-02 2.727157e-02 -1.181548e-01 4.683772e-02 -1.673535e-01 -2.620799e-02 -6.428700e-02 1.703785e-01 -2.000995e-01 -8.688209e-02 -1.355722e-02 
-2.054458e-01 3.880770e-02 -2.476966e-01 8.909269e-02 1.183534e-01 -2.305469e-01 -1.369336e-02 6.944725e-02 -3.031935e-01 8.923250e-03 -2.222535e-01 4.823048e-02 7.571356e-02 1.471115e-01 1.226986e-01 -1.099090e-01 -1.965866e-02 -8.366961e-02 1.823834e-01 -1.059694e-01 -7.461499e-02 -2.229853e-01 -5.242362e-02 6.337403e-02 2.232487e-03 1.612513e-01 -3.732934e-02 -1.889285e-01 -3.612172e-02 -1.766469e-01 2.007333e-01 -5.142252e-02 -1.711073e-02 -8.850102e-02 -1.680667e-01 8.859006e-02 -1.190616e-02 -2.019693e-01 -4.127596e-02 -2.168737e-01 1.784197e-02 -9.006066e-02 3.367628e-02 3.396786e-01 1.428027e-01 -3.668135e-02 1.480633e-01 2.062624e-01 1.379609e-01 -6.050610e-03 
-2.476180e-01 -8.219702e-02 -6.621873e-02 -8.662047e-02 -2.054741e-01 1.110699e-02 -7.474478e-02 1.591749e-01 1.041042e-01 -7.238781e-02 -3.120721e-01 -2.217480e-01 1.442137e-02 -3.299736e-01 7.456363e-02 1.554068e-01 -7.485294e-02 1.482704e-01 -7.233343e-03 -2.817319e-02 1.637637e-01 -2.198073e-01 -2.121437e-02 -5.238192e-02 -2.643961e-03 4.206209e-02 -8.048887e-02 1.933223e-03 1.400918e-01 7.252244e-02 -1.272062e-01 1.494836e-01 1.659927e-01 1.012194e-01 -2.293591e-02 1.231831e-01 2.240552e-01 -6.438409e-02 -2.054750e-01 2.699725e-01 3.389448e-02 -1.415851e-03 3.938202e-02 9.681077e-03 9.265100e-02 -2.898705e-01 1.771204e-02 -5.782833e-02 1.422753e-01 -1.569966e-01 
-5.681798e-02 1.727707e-01 5.801399e-02 -1.560383e-01 1.854908e-01 9.070181e-02 -7.085592e-02 -1.140924e-01 1.091449e-01 -1.500165e-01 -7.585908e-02 1.741984e-03 1.226564e-01 -1.209745e-01 1.692852e-01 1.673752e-01 -2.914218e-01 1.099055e-01 1.198784e-01 -1.388108e-01 3.120102e-02 1.565303e-01 1.075955e-01 3.291375e-01 -1.087158e-01 1.099738e-01 8.932264e-02 8.360689e-02 -1.619078e-01 1.939318e-01 1.659814e-01 1.464169e-01 -1.909614e-01 -1.689021e-01 -1.728852e-01 -8.304453e-02 1.618997e-01 -1.593938e-01 2.576215e-01 -3.431709e-02 1.830941e-01 -1.316520e-01 -6.425055e-02 -7.113448e-02 1.117549e-01 5.924837e-02 -1.272212e-01 -6.054851e-02 -4.422344e-02 -7.412009e-02 
-7.106569e-03 2.558902e-01 2.773651e-01 -1.635271e-01 -1.022173e-01 1.524837e-01 -4.800080e-02 2.491513e-01 -4.671569e-04 4.636076e-02 1.283761e-01 3.263819e-03 1.138271e-01 -2.512764e-02 1.820360e-02 -1.449378e-01 -4.499530e-02 1.651096e-01 -1.182271e-01 -4.989850e-02 -1.692278e-01 -1.707147e-01 3.494004e-01 1.375183e-02 -7.262921e-02 1.087488e-01 1.319377e-01 -6.933947e-02 1.153956e-01 2.068796e-01 -8.413775e-02 -8.964508e-02 3.639861e-02 1.375525e-01 2.107048e-01 2.555439e-01 -1.245355e-01 -2.195901e-01 3.343150e-02 -8.634890e-02 9.494921e-02 1.125450e-02 -2.918605e-02 1.535244e-01 -1.652666e-01 1.328086e-01 8.252922e-02 2.177007e-01 7.947601e-02 -3.891896e-02 
-2.484267e-01 -1.087072e-01 1.985376e-01 3.101388e-01 1.622962e-01 -4.795653e-02 2.114550e-01 -1.146866e-01 -3.737352e-02 -9.341126e-02 -5.804808e-02 -5.491470e-02 -1.167983e-01 -1.780945e-01 -9.288081e-02 -1.311491e-01 -1.050342e-01 2.441950e-01 -6.307369e-02 2.366018e-02 5.274098e-02 -2.389538e-01 -3.643831e-02 1.462386e-01 2.473500e-01 1.686904e-01 4.353784e-02 7.942099e-02 -6.420705e-03 -2.345168e-01 -1.456762e-01 1.359850e-01 5.621546e-02 -9.440803e-02 1.334773e-01 -3.352655e-03 -1.571016e-01 1.361331e-02 2.711936e-01 -1.246072e-01 -1.002268e-01 1.348603e-02 -1.927692e-01 -1.516991e-01 -1.442633e-01 1.075202e-02 1.887847e-02 5.206842e-02 -7.349973e-02 -1.504551e-01 
-1.008687e-01 1.084106e-01 -1.564742e-01 -1.355737e-01 2.054408e-01 -1.165452e-01 -2.145379e-02 -3.130212e-02 1.412810e-01 1.059785e-01 4.364164e-02 -1.433935e-02 -1.823243e-01 -1.274573e-01 -1.104037e-01 3.188679e-02 1.081183e-01 1.461581e-02 -8.987925e-02 1.280171e-01 2.670815e-02 1.753332e-01 1.966932e-01 -2.299512e-02 -7.848105e-02 3.421856e-02 -8.694469e-03 -1.544058e-01 1.229678e-01 -3.275078e-01 -2.405281e-01 1.009566e-01 -1.244318e-01 1.681559e-01 1.102833e-01 -3.058933e-01 1.262936e-01 -1.547214e-01 1.479665e-01 2.332919e-02 1.138180e-01 -6.664284e-02 3.073098e-01 6.316576e-02 6.690139e-02 1.699616e-01 2.591146e-01 4.414418e-04 7.028916e-02 -1.420497e-01 
-1.269940e-01 1.124670e-01 1.384062e-01 8.216885e-03 9.220198e-02 -6.952339e-02 1.558570e-02 -1.887734e-01 -2.176151e-01 -1.575552e-01 -7.239568e-02 -1.789681e-01 3.255885e-01 -3.170071e-02 1.667564e-02 -6.220788e-02 -7.967697e-02 1.534884e-01 -1.032454e-01 -1.592642e-01 -8.349580e-02 5.869557e-02 1.289789e-01 -1.154255e-01 3.133477e-03 -7.889671e-02 1.595485e-01 1.686456e-01 2.589890e-01 -1.736415e-01 2.042810e-01 -1.001762e-01 9.954945e-02 -1.848638e-02 2.004408e-01 -1.524036e-01 -5.877622e-03 9.892913e-02 -7.601245e-02 8.387745e-02 -1.620201e-01 6.134284e-02 2.948273e-01 1.041714e-01 1.412497e-01 7.999514e-02 -1.782192e-01 -2.134825e-01 3.967137e-02 1.934023e-01 
-2.041042e-01 -1.308500e-02 -8.134949e-02 1.790167e-01 -2.126996e-01 1.443694e-01 -1.725590e-01 -6.726058e-02 -7.993312e-02 -1.704954e-02 2.166504e-01 -1.154643e-01 5.395844e-02 -1.260204e-01 1.646401e-01 -1.410942e-01 -4.330087e-02 -2.313265e-02 6.288511e-02 2.551364e-01 1.685477e-03 1.273707e-01 7.521153e-02 -1.704777e-01 -2.083146e-01 2.841473e-01 -1.733800e-01 -1.112979e-01 1.685984e-01 8.262274e-02 3.594031e-02 1.120707e-01 -3.034490e-02 1.544554e-01 -1.198799e-01 -2.573980e-01 -8.570388e-03 1.601814e-01 8.358413e-02 -1.238160e-01 -9.961571e-02 1.407547e-01 -2.656753e-01 1.796894e-01 8.066624e-02 7.964788e-02 -1.981268e-01 4.494790e-02 -5.710289e-02 -6.950590e-02 
-1.661360e-01 1.744571e-01 8.494055e-02 2.217598e-01 -9.770832e-02 -1.371850e-01 2.262118e-02 -1.937368e-01 -1.425897e-01 1.369962e-01 7.808662e-02 4.094423e-01 1.846848e-02 -2.654202e-01 -8.943180e-02 2.629217e-02 3.948377e-02 -1.211168e-01 3.585956e-04 -1.748922e-01 1.622054e-01 -2.085115e-01 1.582406e-01 -4.624183e-02 6.528272e-02 -1.437640e-01 -1.364996e-01 -7.964855e-02 3.662049e-02 2.600826e-01 -2.544883e-01 -1.226851e-01 -2.110030e-01 -8.347477e-02 -7.209581e-03 -3.497526e-02 1.847078e-01 -8.012338e-02 -5.830593e-02 -1.129652e-02 -3.214606e-02 -4.545377e-03 -1.723819e-02 -7.948025e-04 1.477733e-01 4.165660e-02 -5.142801e-03 -1.206593e-01 -1.247859e-01 1.801185e-01 
-1.913278e-01 -2.479661e-01 3.876304e-01 -2.768530e-02 -1.964255e-01 1.392613e-01 -6.943577e-02 7.148122e-02 -2.294572e-02 -2.742073e-01 -1.544832e-01 -4.961562e-02 -1.863315e-01 8.359669e-02 3.075739e-02 3.656082e-02 4.157092e-03 -1.533772e-01 6.976468e-02 1.132940e-01 7.167716e-02 -4.718830e-02 6.034751e-02 1.867530e-01 -4.880056e-03 -2.067539e-01 9.969334e-02 -7.857335e-02 -9.725375e-02 -1.082606e-01 8.651176e-02 2.917846e-02 -3.501128e-01 2.128075e-01 -2.102521e-02 -3.688415e-02 8.614438e-02 6.131620e-03 -1.517454e-01 -1.314094e-01 -1.378111e-01 -4.722816e-02 1.841646e-01 1.374629e-01 -8.028171e-02 9.180592e-02 2.902271e-02 3.680383e-02 -2.258426e-01 4.340576e-02 
-2.227647e-01 7.333026e-02 8.631812e-04 1.316130e-01 -1.517080e-01 1.847166e-02 1.398702e-01 1.203631e-01 1.130672e-01 1.455390e-01 -1.292771e-01 -7.940796e-02 7.990653e-02 1.081917e-01 8.787316e-02 -4.279872e-02 -1.031179e-01 8.989202e-02 -7.993739e-02 -1.807466e-01 4.198478e-02 1.676576e-01 1.698066e-01 -1.536876e-01 -1.225906e-01 -2.870277e-01 -1.236074e-01 2.447178e-02 -4.554338e-02 -8.371355e-02 4.524399e-02 2.310810e-01 -3.169622e-02 -4.999561e-02 -3.080790e-01 -3.258367e-02 -7.919152e-02 4.424471e-03 3.070987e-02 1.964683e-02 -1.392710e-01 -2.193129e-02 -1.262973e-01 -2.053142e-01 -1.975782e-01 1.869438e-01 2.763243e-01 4.366491e-02 2.336242e-01 2.753448e-01 
-4.791344e-02 4.059484e-02 2.739955e-02 -1.107301e-01 -5.095155e-02 -1.024735e-01 -3.067657e-01 1.432646e-01 2.169933e-01 6.999123e-02 -2.160167e-01 1.675631e-01 5.410618e-02 -6.920257e-04 -1.007607e-01 -3.097907e-01 -2.227281e-01 -2.086994e-01 -8.890157e-02 5.042834e-03 -1.764792e-01 5.201379e-03 3.843702e-03 2.228662e-01 1.758312e-01 -6.323335e-02 -2.623585e-01 -5.983511e-02 -7.399224e-02 -7.968040e-02 2.895505e-02 -9.813111e-02 1.650161e-01 1.060685e-01 1.349043e-01 -2.719447e-01 -1.005619e-01 -8.444151e-02 4.668983e-02 1.559463e-01 -1.549187e-01 -2.009310e-01 -1.460143e-01 -3.642680e-02 5.234807e-03 -3.554865e-02 -1.989703e-01 -4.164805e-02 1.276554e-02 6.164081e-02 
-1.665293e-01 9.970471e-02 -1.561485e-01 9.232705e-02 -4.023813e-02 -7.542681e-02 -8.984275e-02 -7.553266e-02 -1.951198e-02 -5.164947e-02 1.256017e-01 4.399103e-02 -2.183779e-01 -1.020534e-01 1.788747e-01 9.024497e-02 -1.002285e-01 -2.092844e-01 6.541483e-02 2.108724e-01 -2.504531e-02 -3.128351e-02 3.756180e-01 2.016998e-02 1.606391e-01 -3.119801e-01 7.624722e-02 1.300624e-01 -1.286490e-01 -3.637366e-02 2.412183e-01 -2.237195e-02 1.415912e-01 4.905269e-02 1.433870e-01 2.447815e-01 -1.359263e-01 2.909785e-01 9.272347e-02 5.540490e-02 1.732500e-01 -3.144886e-02 -4.219965e-02 -2.634608e-03 1.437866e-01 1.563299e-02 8.019931e-02 -4.773518e-02 1.389530e-01 -1.474367e-01 
-1.448397e-01 -2.996092e-02 -1.031849e-01 -1.147387e-01 -1.369633e-02 -2.112240e-01 -1.359806e-01 1.824601e-01 -4.611073e-02 1.825417e-01 1.085131e-01 -1.287420e-01 1.836018e-01 4.321671e-02 -1.543574e-02 1.139329e-01 8.043717e-02 1.619516e-01 -8.535378e-02 1.047936e-01 -9.559302e-02 -1.723925e-01 1.906722e-01 -2.853222e-02 -1.219574e-01 1.652670e-01 7.938850e-02 4.875114e-02 -4.728039e-01 -1.558029e-02 -1.976782e-01 -5.156693e-04 -1.476807e-01 -1.223876e-01 -1.440563e-03 -3.974014e-02 -5.881650e-02 2.715178e-01 -9.131221e-02 -1.325789e-01 -1.535279e-01 -2.234486e-01 9.696072e-02 -4.373948e-02 -8.865493e-02 -1.019012e-01 -9.925818e-02 -2.116122e-01 -7.221096e-02 6.343452e-03 
-1.042122e-01 -1.974515e-02 5.935128e-02 -1.655013e-02 2.807223e-01 -1.268823e-01 -1.568001e-01 5.012436e-02 1.369314e-01 1.894293e-02 6.871132e-02 2.085245e-01 3.697083e-02 -2.113736e-02 2.510659e-01 1.540161e-01 3.772764e-02 1.957497e-01 -1.746398e-01 -8.714918e-02 6.139990e-02 3.869636e-02 -1.179135e-01 1.808412e-01 1.085104e-01 2.069733e-02 -6.590657e-03 -9.406685e-03 -6.659783e-02 2.955394e-02 3.715098e-02 -2.365821e-01 -2.268207e-02 4.032642e-01 -1.151819e-01 -3.764911e-02 3.083923e-02 1.463011e-01 -3.951406e-02 -1.561008e-01 -8.516744e-02 4.463780e-01 -3.672870e-02 -8.950807e-03 -5.320689e-02 -1.057737e-01 8.004133e-02 -1.650126e-02 2.079718e-01 6.613370e-02 
-7.034383e-02 8.707671e-02 -2.682383e-02 -2.715295e-01 9.886731e-02 -2.136509e-01 1.903226e-01 1.036698e-01 1.126359e-01 -2.315193e-01 4.090733e-02 1.184726e-01 -4.526949e-02 8.923814e-04 2.495780e-01 6.064310e-02 -1.347452e-01 -1.128524e-01 2.271462e-01 -2.939358e-02 -1.123604e-01 -2.293884e-01 -1.321690e-01 -1.783530e-01 -5.404086e-02 -9.051799e-02 3.200971e-02 -1.384351e-01 1.138235e-01 9.420937e-02 -1.542883e-01 1.058235e-01 2.606282e-01 1.805722e-02 -7.554617e-02 -9.780633e-02 -1.126166e-01 4.965579e-02 -1.190335e-01 -1.607808e-01 -9.198184e-02 4.417245e-02 6.964716e-02 -1.812642e-01 -5.367564e-02 3.513469e-01 -1.003696e-01 -9.391411e-02 -1.594892e-01 -1.309009e-01 
-1.444335e-01 -7.475713e-03 2.158949e-01 -1.047609e-01 3.285176e-02 -4.428522e-02 3.500011e-01 1.567301e-01 1.099410e-02 -1.533548e-02 1.835322e-01 -8.976202e-02 -1.069346e-01 -1.318913e-01 -1.300790e-01 -6.698100e-02 1.193950e-01 2.156955e-01 2.682439e-02 -3.109591e-03 -1.962576e-01 3.020112e-02 -1.524819e-01 1.045060e-02 -1.175485e-01 -1.606710e-01 3.382127e-02 -7.730637e-02 -1.824356e-01 4.856737e-02 1.021488e-01 -1.491399e-01 1.531791e-01 1.087517e-01 -8.368503e-02 -1.800731e-01 2.646092e-02 6.779918e-02 8.206073e-03 9.560822e-02 1.265218e-01 -1.659282e-01 -2.481892e-01 1.484786e-01 4.157214e-01 -8.096114e-02 1.453254e-01 9.979952e-03 -8.738850e-02 1.226538e-01 
-2.335961e-01 -2.085195e-01 -7.750179e-02 -2.923897e-03 -1.197003e-01 -8.889574e-02 -7.862966e-02 -9.547665e-02 1.652491e-01 1.829209e-01 -8.484433e-02 1.607672e-01 1.246959e-01 -4.770579e-02 -4.124230e-02 -4.942465e-02 -2.528834e-01 1.065255e-01 1.267929e-01 2.286882e-01 -1.097726e-02 1.856518e-01 -2.165130e-01 -2.407951e-01 5.486571e-02 -9.367420e-02 4.234472e-01 1.155724e-01 4.145352e-02 2.171646e-02 -1.615677e-01 -1.144099e-01 -1.563175e-02 9.638820e-02 -2.997984e-02 1.058076e-01 -8.963030e-02 -1.407817e-01 8.908484e-02 -1.517341e-01 2.194505e-01 -9.140137e-02 7.185671e-02 3.381244e-02 3.310597e-03 -4.020364e-02 -1.212444e-01 1.155834e-01 -2.942564e-02 1.996522e-01 
-4.852194e-04 2.155737e-02 3.414408e-01 -1.811877e-01 -1.105587e-01 -1.637138e-01 1.064576e-02 -2.627062e-01 2.776443e-01 1.077002e-01 -6.182778e-02 -1.518344e-01 2.455842e-01 2.076424e-02 1.389106e-01 3.723661e-03 2.993403e-01 -1.708791e-01 2.814243e-01 5.627472e-03 1.489179e-01 9.512022e-02 8.020328e-02 -1.020458e-01 7.530618e-02 -1.636966e-02 3.068110e-02 -9.678664e-02 6.574403e-03 -6.146507e-02 -1.413464e-03 -1.198961e-01 2.004462e-02 -1.720725e-01 1.156358e-01 -3.739352e-02 -2.733194e-02 -6.596865e-02 5.892065e-02 -1.945551e-01 -1.408801e-01 9.860023e-03 -1.878821e-01 -5.873100e-03 5.038220e-02 -1.901604e-01 1.329739e-01 -2.519699e-02 1.523927e-01 -1.976932e-01 
-9.569021e-02 2.111412e-01 1.460952e-01 1.676639e-01 1.282703e-01 2.022141e-01 -1.829183e-01 5.442580e-02 -1.658509e-01 1.175591e-01 -9.036113e-02 -6.463281e-02 -1.463483e-01 -4.791802e-03 3.195918e-02 1.106018e-01 -1.941734e-01 -1.418998e-01 1.274501e-01 -1.314916e-02 -9.844119e-02 -5.083998e-02 -1.895289e-01 -9.558975e-02 -3.765238e-01 -1.576543e-01 1.085285e-01 -3.852660e-02 -1.424158e-01 3.094188e-02 -1.319246e-01 -1.359699e-01 4.714427e-03 -1.590527e-01 1.308099e-01 -2.207170e-01 -2.154681e-01 -5.105184e-02 7.637554e-02 1.317293e-01 -7.012573e-02 2.418634e-01 1.180040e-01 -8.226855e-02 -1.655532e-02 -2.544094e-01 1.018984e-01 8.495031e-02 2.386643e-02 -1.242089e-01 
-5.084339e-02 2.949062e-01 -5.646073e-02 8.303536e-02 -1.059567e-01 -2.089882e-01 -1.986115e-02 -1.741681e-01 2.461985e-01 -3.905524e-02 1.047756e-01 -1.919065e-01 -1.336350e-01 -5.492241e-02 -2.529496e-01 -5.809285e-02 -5.709096e-02 -1.288267e-01 -1.012130e-01 -1.210113e-01 -1.405287e-01 1.116562e-02 -1.019742e-02 1.890463e-01 -1.791818e-01 -4.446832e-02 1.845289e-01 1.221169e-03 -2.903824e-02 -1.771877e-01 -2.189304e-02 2.229750e-02 9.233699e-02 -8.247174e-02 -7.060156e-02 7.723250e-02 3.002126e-01 8.976732e-02 -2.867179e-01 -1.725911e-01 2.869621e-02 1.658103e-01 -8.204274e-02 -1.136794e-02 -1.037046e-01 -5.543230e-02 -2.091151e-01 2.905090e-01 -1.848728e-02 2.853456e-02 
-1.629816e-01 1.756478e-01 -7.334590e-02 -7.478568e-02 -7.173878e-03 2.448379e-01 2.695386e-01 1.370817e-01 -1.652927e-01 -1.297865e-02 2.269822e-02 2.973380e-01 7.805580e-02 2.465063e-01 9.865062e-02 -5.398316e-02 4.965133e-02 8.410109e-02 -4.256842e-02 3.230184e-01 1.359355e-02 1.495297e-01 2.759341e-02 1.081474e-01 9.296423e-02 -1.025775e-01 1.444582e-01 -1.841571e-01 5.694947e-03 -6.734484e-02 -7.219584e-02 1.267006e-01 5.363693e-02 -1.064435e-01 1.286455e-01 1.928545e-02 3.193966e-01 -4.527646e-02 -3.034569e-02 -1.300899e-02 -2.319302e-01 2.670376e-02 -2.664991e-02 -1.628831e-01 8.919265e-02 -2.056866e-01 -1.956122e-01 3.764572e-02 1.499839e-01 -5.756665e-02 
-1.746238e-02 3.254884e-01 1.160354e-01 1.705366e-01 4.454939e-02 2.534433e-02 -1.260209e-01 1.894329e-01 -1.315559e-02 9.107548e-02 -1.052848e-01 -1.842880e-01 3.212256e-02 -1.106755e-01 7.887251e-02 8.825119e-02 2.530813e-01 -2.729160e-02 -1.786012e-01 2.908669e-01 -1.133291e-02 -2.326832e-02 -3.533068e-01 1.066255e-01 4.310901e-03 -1.610726e-01 -1.298699e-01 1.800316e-01 1.998786e-01 -7.713111e-03 -1.015819e-02 -1.400241e-01 -7.803325e-02 -4.950392e-02 -1.253147e-01 1.386264e-01 -6.930232e-03 -3.347648e-02 3.621746e-02 -2.246945e-01 3.916552e-02 -2.397622e-01 2.864027e-02 -7.837805e-02 8.374348e-02 2.353846e-01 -1.173445e-01 -1.004087e-01 9.212409e-02 -7.559850e-02 
-7.798000e-02 2.329151e-01 -5.618670e-02 -1.747073e-01 -1.431184e-01 6.358220e-02 5.164617e-02 -1.866711e-02 -9.102614e-02 -7.018147e-02 1.006618e-01 7.135252e-02 -1.772708e-01 -6.202837e-02 -6.395521e-02 -3.621686e-02 -1.594647e-01 2.049081e-01 2.030840e-01 -1.757813e-01 2.604023e-01 1.319652e-01 -1.543991e-01 -9.292196e-02 9.502329e-02 1.486316e-01 -7.521518e-02 3.712317e-03 1.938315e-02 -1.137831e-01 8.801700e-02 -3.151549e-01 -2.732567e-01 3.884496e-02 8.508310e-02 -5.066125e-02 -1.336417e-01 1.998003e-01 -2.316149e-01 5.767798e-02 -2.858445e-02 -2.697526e-01 -1.783499e-02 -1.309755e-01 -1.162189e-01 4.977874e-02 -4.184420e-02 1.489231e-01 1.996215e-01 -1.527879e-01 
-5.838175e-02 -7.146536e-03 2.051381e-02 -5.107447e-02 6.316049e-02 -2.445968e-01 -1.788836e-01 5.478139e-02 3.702157e-03 -1.522295e-01 2.922107e-01 -1.693616e-01 -1.528123e-01 1.458212e-01 -2.357204e-01 -2.141371e-01 -5.795699e-02 1.305822e-01 1.725586e-03 2.046656e-02 9.142941e-02 -3.741880e-02 2.240832e-03 -1.575113e-02 9.642958e-02 -2.088818e-01 -1.515366e-02 -2.075300e-01 2.419550e-01 3.048277e-01 1.029530e-01 8.368575e-02 -9.288689e-02 -8.588470e-02 -2.296937e-01 3.075691e-02 -7.147666e-02 -3.201657e-02 2.299630e-01 -6.102577e-02 -1.069364e-01 -3.496250e-02 2.217728e-01 -6.459601e-02 -2.835153e-02 -3.102195e-01 -4.172763e-02 -6.913100e-02 1.052786e-01 -4.642439e-02 
-8.669995e-02 -6.253107e-02 1.128514e-01 -1.878675e-01 -1.195169e-01 -1.801134e-01 4.232597e-02 -2.338362e-01 -1.206670e-01 -1.250663e-01 9.169080e-02 1.350026e-01 -1.161425e-01 1.156759e-01 2.552038e-01 -3.286931e-02 3.416627e-02 -1.199734e-01 -2.927610e-01 -1.423531e-01 -1.390164e-01 -7.478023e-02 -2.250203e-01 -9.761938e-02 -3.309082e-01 -7.891455e-03 -9.344646e-02 6.446561e-02 1.824827e-02 -1.469081e-01 -9.164558e-02 1.067542e-01 -1.472113e-01 1.045704e-01 1.170168e-01 1.757034e-01 7.088311e-02 -4.046734e-03 2.706381e-01 1.197749e-01 1.015960e-01 -1.627731e-01 -1.133131e-01 5.955922e-02 -1.276346e-01 -1.350966e-01 -1.208959e-01 -9.643749e-02 1.872368e-01 1.159771e-02 
-1.012236e-01 7.464663e-02 1.130312e-01 5.196966e-03 2.303104e-01 5.778116e-02 2.326804e-01 -9.228798e-02 -6.657513e-02 1.366634e-01 -1.385728e-01 -6.267303e-02 1.128567e-01 -9.122315e-02 9.649097e-02 -5.123284e-03 1.245855e-01 -2.558980e-01 -6.446904e-02 3.630898e-02 -2.397911e-01 7.073956e-03 1.045455e-01 -5.519444e-02 2.300440e-01 7.202236e-02 6.268317e-02 -1.387249e-01 1.251895e-01 1.221218e-01 2.035262e-02 9.282020e-03 -1.203964e-01 1.252553e-01 -2.783075e-01 -1.382824e-01 -6.999111e-02 2.214704e-01 -7.819992e-02 1.877364e-01 2.537209e-01 -1.444240e-01 8.182179e-02 -5.757361e-02 -3.010192e-01 -2.279661e-01 -1.232373e-01 1.625118e-01 -5.156144e-02 -3.439371e-02 
-1.886939e-01 -1.174017e-01 -2.538646e-02 3.850762e-02 2.593506e-01 1.241448e-01 -1.410592e-01 7.975574e-02 9.011681e-02 -4.129086e-02 3.511048e-01 -6.739851e-02 1.929694e-01 4.128274e-02 5.617148e-02 2.029197e-01 1.895282e-03 3.577044e-02 -3.390722e-02 -1.769654e-01 -5.126806e-02 6.947827e-02 1.523374e-02 -2.118498e-01 1.599574e-01 -2.655963e-01 -2.421468e-01 -2.617531e-02 -3.130365e-02 -2.527698e-01 -4.252223e-02 1.368628e-02 -1.058740e-01 -7.561832e-02 2.555387e-02 1.399169e-01 -4.520453e-02 -2.648790e-01 -1.422661e-01 9.450616e-02 2.078005e-02 -2.202849e-02 -1.216166e-01 6.856807e-02 2.755573e-02 -3.575534e-02 -2.069457e-01 1.766920e-01 -2.249534e-01 -1.561119e-01 
-1.360614e-01 2.301453e-03 -6.385250e-03 -1.275223e-01 1.298505e-01 1.579656e-01 6.828727e-02 -2.789239e-01 7.246135e-02 4.957008e-02 1.545694e-01 -9.180178e-02 -7.181911e-02 -3.916998e-02 -1.748392e-01 2.610790e-01 -1.396802e-01 -1.158164e-01 1.478048e-01 1.781666e-01 -2.776559e-01 -5.314562e-03 -9.839408e-02 1.723293e-01 8.946069e-02 1.413778e-01 -7.924156e-02 5.531276e-03 5.837476e-02 9.679887e-02 -1.211284e-01 7.853267e-02 -4.821868e-02 -4.014617e-03 -3.730773e-02 1.970185e-01 -1.400584e-01 -7.862764e-02 -1.284725e-01 1.132641e-01 -3.535370e-01 -4.719461e-02 -2.675773e-02 1.961602e-01 -6.440594e-03 7.814755e-02 1.048547e-01 -1.236270e-01 2.698096e-01 2.349581e-01 
-8.416104e-02 2.375087e-01 -1.822550e-01 5.873714e-03 1.645193e-01 1.058619e-01 4.696534e-02 7.506300e-02 2.523658e-01 -9.740288e-02 -3.552175e-02 -5.218892e-02 -8.833343e-02 3.699682e-02 2.430299e-01 -3.535921e-01 7.968481e-02 -1.122752e-01 -8.705363e-02 -1.537732e-01 1.387762e-01 1.098300e-01 -1.216238e-01 -3.568869e-02 1.020067e-01 2.549496e-02 1.052267e-01 2.618145e-01 -1.469852e-02 1.813746e-01 -1.651801e-01 1.980250e-01 -1.462030e-01 -2.893195e-02 1.595868e-01 4.580563e-02 -1.046237e-01 1.190190e-01 -7.787028e-02 -2.758385e-02 -1.412618e-01 -5.447128e-02 9.724237e-03 2.840220e-01 9.794565e-02 -1.571979e-01 1.634139e-01 -1.337224e-02 -2.133792e-01 8.213667e-02 
-5.076881e-03 2.799674e-01 5.412705e-02 2.439456e-02 -2.140755e-02 -2.539085e-01 1.488269e-01 2.013766e-01 2.705766e-02 1.578044e-01 -7.212835e-02 -1.618528e-01 -2.334935e-01 9.520724e-02 4.817972e-02 8.707265e-02 -9.687281e-03 5.692146e-03 1.716140e-01 9.874098e-02 1.207477e-01 5.013079e-02 4.434116e-02 -7.843523e-02 7.862209e-02 1.654873e-01 9.577609e-03 -1.150609e-01 -2.340706e-02 -1.383575e-01 1.419047e-01 3.063961e-02 -1.765906e-01 1.011562e-01 8.194189e-02 1.320846e-01 -9.482638e-02 -2.258829e-01 4.886416e-02 1.928559e-01 8.732159e-02 2.569594e-01 -1.300132e-01 1.835776e-02 -5.613377e-02 -4.394410e-02 -2.592867e-01 -2.949545e-01 -1.759588e-01 2.477417e-01 
-1.115751e-01 1.210090e-01 -3.734380e-02 -1.522859e-01 -2.789799e-01 1.418010e-01 -1.965034e-01 -1.057017e-01 6.376413e-02 -2.232009e-02 -8.968081e-02 5.758391e-02 -7.632655e-02 2.245858e-01 2.081515e-04 1.655043e-01 1.896803e-01 2.589013e-01 4.187868e-02 -7.061800e-02 -2.333719e-01 -1.697044e-01 -8.599837e-02 6.935596e-02 2.556287e-01 -4.446304e-02 -1.049279e-01 -5.399882e-02 1.065210e-01 -4.581923e-02 -6.829698e-02 1.957837e-01 -8.092636e-02 -2.260046e-01 8.499798e-02 -2.063282e-01 -1.489245e-01 1.792142e-01 3.039887e-02 -7.616384e-02 3.347470e-01 1.877602e-01 4.453492e-03 3.094164e-02 1.051344e-01 -5.663879e-03 1.102093e-02 4.417180e-02 -1.033852e-02 1.676781e-01 
-2.174656e-01 -5.809945e-02 -7.270676e-02 5.428683e-02 5.619445e-02 -1.554091e-01 -5.876673e-02 1.181212e-01 1.393171e-02 -3.133937e-01 -6.754676e-03 6.212235e-02 2.326564e-01 8.517559e-03 -5.361864e-02 -1.262177e-01 1.723751e-01 -7.533465e-03 2.741997e-01 1.249305e-01 -1.311431e-01 1.903896e-01 3.435974e-02 2.344579e-01 -2.389100e-01 9.349902e-02 -1.590224e-01 3.807791e-02 1.807356e-01 -1.450067e-02 -1.257604e-01 -1.827906e-01 -8.605299e-02 -8.861585e-02 9.629798e-02 2.197469e-01 -8.071944e-03 1.200193e-01 8.576549e-03 2.127309e-01 1.204221e-01 8.692247e-02 -1.225796e-02 -2.606809e-01 -7.326982e-02 -2.230557e-02 2.109487e-01 2.719292e-02 -1.594964e-01 1.300612e-01 
-5.065764e-02 1.715042e-01 1.002929e-01 -4.436113e-02 -1.550628e-01 -1.670879e-01 7.357339e-02 -1.160657e-02 -2.033299e-01 -1.842498e-01 1.678416e-01 7.517861e-03 1.642883e-01 -2.712182e-02 -6.177861e-02 1.941967e-01 -1.380266e-01 -1.655672e-01 -1.913374e-01 1.707133e-01 1.358984e-01 1.658632e-01 -9.760466e-02 8.500943e-04 1.009365e-01 1.330694e-01 -2.136982e-01 1.578438e-01 -1.335762e-01 6.000141e-02 8.190507e-02 2.047277e-01 1.777901e-01 9.360150e-02 1.053051e-01 -1.435790e-01 -1.486336e-01 -2.145881e-01 -1.534707e-01 -2.166592e-01 1.495415e-01 -1.969316e-02 1.167759e-01 -1.057815e-01 -5.430784e-02 -2.179256e-01 2.276016e-01 9.393795e-02 -9.136515e-02 1.083655e-01 
-1.980070e-01 -3.139912e-02 -9.114232e-02 -7.606728e-02 4.935298e-02 7.215456e-02 -1.493348e-01 -3.592095e-02 -5.729549e-02 -2.025819e-01 -1.793375e-01 1.367490e-03 -1.505107e-01 1.446768e-01 -1.459204e-01 1.931864e-01 9.502066e-02 -1.410942e-01 -4.077252e-01 -9.654407e-02 9.532876e-02 1.338666e-01 1.210835e-01 -8.855736e-02 -2.473836e-02 1.704625e-01 2.961160e-01 -2.076315e-01 1.286307e-01 5.133929e-02 -2.765695e-02 -1.912884e-01 8.246621e-02 -8.258288e-02 -1.019137e-01 2.892700e-02 -2.095403e-01 -7.706545e-02 -8.071045e-02 -3.937430e-02 -2.903422e-02 -8.062647e-02 -3.136311e-01 -1.488083e-01 1.391658e-01 3.440732e-02 6.360808e-02 -1.403322e-01 -9.873638e-02 -1.181407e-02 
-4.665943e-02 -1.293164e-02 8.113768e-02 -1.763078e-01 -8.440150e-02 1.652816e-03 -6.307989e-02 -1.598733e-01 2.516227e-02 1.439848e-01 2.008333e-01 -1.220377e-01 7.693810e-02 3.046792e-02 2.255104e-01 -2.796685e-01 -1.148002e-01 -7.043496e-02 -2.369770e-01 1.900656e-01 1.294157e-01 -2.269892e-01 -1.237509e-01 4.774480e-02 1.035245e-01 1.401700e-01 8.247517e-02 -6.550886e-02 -1.095706e-01 -9.562534e-02 5.839207e-02 -7.970589e-02 -9.103854e-02 -1.632069e-01 -1.822795e-01 6.195149e-02 6.693253e-03 -5.774195e-02 -6.876462e-02 3.328667e-01 9.768747e-03 1.706689e-01 1.333087e-01 -2.344183e-01 2.450293e-01 1.918864e-01 1.545717e-01 1.406724e-01 -8.901456e-02 2.908994e-02 
-7.742637e-02 -9.903654e-02 1.291154e-01 -8.634476e-02 1.756632e-01 -3.259046e-02 1.805977e-02 -1.723878e-01 -1.579191e-01 1.442526e-01 -4.598537e-02 -7.784628e-02 -1.137315e-01 2.254397e-01 8.237570e-02 -1.764378e-01 -9.982045e-02 1.375633e-01 -2.655872e-03 1.268388e-01 2.962026e-01 1.218996e-01 1.079671e-01 2.368495e-01 -1.285449e-01 -1.517056e-01 -1.811120e-01 2.609285e-02 1.453720e-02 6.602427e-02 -2.643439e-01 -5.551518e-02 2.233980e-01 -1.374449e-01 -6.097207e-02 -2.771629e-02 -8.884975e-02 9.388962e-03 -3.043668e-01 -1.540634e-03 2.891698e-01 1.390081e-02 -6.828120e-02 2.397209e-01 -1.352982e-01 6.621794e-02 -1.044366e-01 -1.395596e-01 3.650294e-02 -4.870588e-02 
-1.740539e-01 -9.249662e-02 -6.989722e-02 -2.182222e-01 -2.035030e-01 -8.091240e-02 1.485969e-01 1.267180e-01 -2.390564e-01 7.701156e-02 -3.758265e-02 -1.695179e-01 -1.085103e-01 -1.960055e-03 -3.030859e-02 6.014972e-02 1.272886e-01 -1.669559e-01 9.718281e-03 -2.162896e-01 -2.044363e-02 2.345931e-01 6.064025e-02 1.340808e-01 1.692534e-01 1.323475e-02 -6.766480e-02 2.873425e-01 -7.349908e-02 1.128413e-01 -2.407898e-01 -1.540519e-01 7.181724e-02 -4.388814e-03 -1.210417e-01 9.185385e-03 -3.938133e-02 -3.889786e-02 2.968559e-01 2.406876e-02 -1.420705e-01 2.208081e-01 1.380940e-01 2.861472e-02 1.002244e-01 1.136230e-01 -2.098819e-01 2.278791e-01 4.192637e-03 -9.833469e-02 
-1.038702e-01 1.859025e-01 -7.011079e-02 -6.754093e-02 1.313029e-01 1.472745e-01 -1.692611e-02 -1.680212e-01 1.164903e-01 -2.209161e-01 -1.279621e-01 -1.036297e-01 6.462265e-02 9.170955e-02 -1.108108e-01 8.666892e-02 9.357419e-02 2.536828e-02 -1.172822e-02 1.421363e-01 2.951495e-01 -1.608541e-01 -3.509740e-02 -1.972759e-01 -9.687183e-03 -1.992829e-02 -1.739573e-01 -1.610221e-01 -2.658371e-01 7.334243e-02 7.071153e-03 -1.941068e-01 2.325475e-01 4.855640e-02 3.702675e-02 5.985731e-02 1.510758e-01 1.046708e-01 3.288168e-01 7.240622e-02 -2.058510e-02 -5.356914e-02 8.568930e-02 1.372228e-01 -1.800136e-01 9.689930e-02 -7.402038e-02 2.096557e-01 -6.664190e-02 2.624107e-01 
-1.965882e-01 -2.207439e-01 5.959589e-03 1.661708e-02 1.740914e-01 -4.408009e-02 -1.672009e-01 1.610361e-01 -8.279430e-02 3.339283e-02 1.726001e-01 -1.028315e-01 -1.411857e-01 -6.889214e-02 7.211756e-02 -3.369465e-02 2.442609e-01 -1.449465e-01 9.338487e-02 -5.704798e-02 8.075609e-02 -5.510351e-02 -8.366002e-02 -2.410118e-02 6.349993e-02 6.658937e-02 1.851634e-01 8.236219e-02 -2.854758e-02 2.152748e-01 1.638720e-01 1.118499e-01 4.298708e-02 -1.447046e-01 3.050949e-01 -2.396476e-01 2.028187e-01 -1.291107e-01 -1.035420e-01 5.522949e-02 1.044674e-01 -5.637862e-02 -1.038767e-01 -1.219286e-01 -1.767025e-01 1.914834e-01 -6.415796e-02 8.958471e-02 2.841880e-01 2.357087e-01 
-1.538738e-01 -1.403153e-02 -1.147381e-01 -1.794028e-01 -7.089330e-03 1.576275e-01 -9.399288e-02 -2.347137e-01 -1.314255e-01 2.887111e-01 -4.971042e-02 6.238617e-03 -1.303403e-01 -2.951712e-01 7.002852e-02 -1.530577e-01 2.254536e-01 1.435108e-01 2.578099e-02 -1.379482e-01 -6.926876e-02 1.515161e-01 -8.548379e-02 1.017882e-01 -1.028479e-01 -6.439935e-02 -8.699034e-02 -2.135888e-01 -7.222835e-02 2.195892e-02 2.597692e-01 1.119116e-01 1.797258e-01 8.440378e-02 9.610439e-02 2.274472e-01 -9.144460e-02 -8.026334e-02 -2.712924e-02 -1.723196e-01 -1.024693e-01 -2.317129e-02 1.547913e-01 -1.935195e-01 -1.101841e-01 -3.784915e-02 -6.544574e-03 -7.506488e-02 -2.790549e-01 3.187447e-02 
-7.646822e-02 6.561548e-02 1.753462e-01 7.650953e-02 -1.285551e-01 -9.912402e-02 -1.494422e-01 1.729800e-01 -3.737425e-02 2.066542e-01 1.803103e-01 1.208554e-01 5.644950e-02 4.593894e-02 5.267592e-02 2.257979e-01 -9.626490e-02 -3.819744e-02 8.010744e-03 -1.342341e-01 1.089246e-01 1.756783e-01 -1.925471e-01 1.434652e-01 1.032478e-01 9.107072e-02 1.691450e-01 -1.616487e-01 1.657888e-01 -8.618726e-02 3.341631e-02 7.647783e-02 2.595581e-01 -1.538699e-01 -2.783958e-02 5.407686e-02 1.570684e-01 2.568208e-01 1.536237e-01 1.982841e-01 -7.237608e-02 -1.431987e-01 3.740867e-02 2.755296e-01 -1.911162e-01 7.508476e-02 1.841313e-01 -4.226212e-02 -2.150342e-01 -6.444261e-02 
