-6.122957e-02 -7.619529e-02 -3.372018e-01 -4.742956e-02 1.133896e-01 2.624133e-02 9.248614e-02 1.328032e-01 2.848874e-01 -2.206555e-01 -1.776705e-01 -2.756839e-02 9.764185e-02 -1.130931e-01 -5.237821e-02 1.543244e-01 -1.650826e-01 -1.231636e-02 -1.365768e-02 1.137172e-01 2.057008e-01 -2.458434e-01 2.398524e-02 -1.704533e-01 -1.006876e-01 1.836566e-01 -1.021800e-01 -3.658999e-02 1.264598e-01 -1.422268e-02 -1.616043e-01 -1.130950e-01 1.135328e-01 -1.447439e-01 1.364659e-01 6.304576e-02 -4.093292e-02 -1.218896e-01 2.155080e-01 -1.921909e-01 1.157476e-01 -2.817657e-01 -1.007319e-01 -1.448149e-01 1.092669e-01 -1.455922e-01 1.267069e-01 -9.644491e-02 -3.592595e-02 
-6.462578e-02 -7.600959e-02 -2.246588e-01 3.069085e-01 2.132090e-01 -1.827638e-01 8.776474e-02 2.055470e-01 -6.465264e-02 -1.624265e-01 2.163732e-01 1.031322e-02 -8.018026e-02 -4.676579e-02 1.288250e-01 -2.957192e-01 1.426918e-02 -7.564883e-03 -1.769512e-02 -2.159244e-01 -8.298259e-02 1.321827e-01 1.504615e-01 -1.965975e-01 1.906026e-01 8.838910e-02 1.412462e-01 -1.586446e-01 -7.201071e-02 2.890250e-02 8.884824e-02 -7.564321e-02 -3.926235e-02 -3.590303e-02 -6.894329e-02 -7.866046e-02 5.042892e-02 1.763384e-01 -6.258959e-02 -2.569792e-01 -2.722882e-01 -1.141375e-01 -1.582727e-01 3.944344e-02 8.276400e-02 2.978511e-02 -1.122860e-01 -1.800036e-01 2.815592e-02 
-7.918617e-02 3.372867e-02 -2.696973e-02 1.760053e-02 -6.515703e-02 9.716306e-02 5.092047e-02 9.456263e-02 -1.895581e-02 6.424069e-02 1.865455e-01 2.540203e-01 -8.744880e-02 -1.402340e-01 -2.207185e-02 -1.876798e-01 -1.487206e-01 -6.018007e-02 -3.390137e-02 -2.522810e-02 -8.350509e-02 1.448909e-01 5.531426e-02 1.455017e-01 -2.470185e-03 1.058262e-01 -2.580875e-01 -1.440794e-01 -5.935286e-02 -1.947219e-01 -2.973982e-02 1.020045e-01 -1.808720e-01 2.627964e-02 -1.991240e-04 2.747628e-01 -1.883575e-02 -8.845045e-02 -1.260075e-01 2.584710e-02 6.088068e-02 -3.312244e-02 2.110270e-03 -1.360093e-01 3.339944e-01 -1.561275e-01 1.105092e-01 2.729568e-01 -4.346235e-01 
-1.804701e-01 -5.265539e-03 1.268118e-01 -2.790420e-01 6.320816e-02 -1.981766e-01 1.779197e-01 1.991562e-01 -2.093876e-01 2.507958e-02 -1.388536e-01 -6.310824e-02 -6.771832e-02 -1.608219e-01 -1.063925e-01 -3.034980e-02 -9.119326e-02 8.420383e-02 1.532851e-01 6.503336e-03 2.168149e-01 -1.976004e-02 -1.784888e-01 9.750062e-02 1.275648e-01 1.246578e-01 8.992194e-02 -2.978551e-02 1.066885e-02 -1.002618e-02 2.100559e-01 1.025759e-01 1.257509e-01 1.396096e-01 -1.030613e-01 -1.361309e-01 3.146660e-01 2.549225e-02 1.571111e-01 2.229931e-01 -1.410880e-01 -1.244759e-01 1.224196e-01 3.865036e-02 2.350007e-01 1.009010e-01 1.950104e-01 -1.415035e-01 -1.059216e-01 
-2.113248e-01 -9.020730e-02 1.882243e-01 9.265822e-02 -2.324727e-02 -2.667944e-01 -2.982078e-01 1.102501e-01 9.920647e-02 1.845136e-01 -2.014191e-02 7.189652e-02 3.227626e-02 -4.225555e-02 -6.127875e-02 3.251947e-01 4.035806e-02 1.222874e-01 -3.835973e-01 4.272239e-02 2.014528e-02 7.135720e-02 1.509669e-02 -3.844995e-02 1.508010e-01 2.354985e-01 4.574547e-02 -1.427527e-01 -6.886771e-02 6.613681e-02 8.559417e-02 -1.252498e-01 -5.609769e-02 -1.161713e-01 -2.794299e-02 -1.718751e-01 -1.687562e-01 1.523748e-01 -8.739816e-02 1.095180e-03 2.680427e-01 5.679836e-02 -5.086853e-02 1.698992e-01 6.582420e-02 -6.605290e-02 1.212557e-01 -7.691296e-02 -1.445307e-01 
-9.699889e-02 8.661842e-02 -2.007797e-01 -3.722961e-03 6.467998e-02 -1.110510e-01 -8.573686e-02 1.662533e-01 1.357228e-01 -1.864758e-01 -2.508357e-01 -2.674619e-02 4.113099e-02 -1.874594e-01 -1.984727e-02 -8.037995e-02 7.915093e-02 1.388942e-01 -1.086096e-01 -1.513234e-01 -1.372204e-01 1.323908e-01 1.440150e-02 -3.095831e-02 1.161425e-01 -2.664307e-01 1.391064e-01 -7.818559e-02 6.123470e-02 -3.116302e-02 -8.610799e-02 -5.765847e-02 4.688267e-02 2.629577e-01 6.262226e-02 1.285877e-01 1.265659e-03 1.666184e-01 -9.612630e-03 4.972267e-02 2.213126e-01 7.926246e-02 3.924610e-01 -2.616163e-01 -2.118768e-01 1.827068e-01 5.502677e-02 1.116669e-01 -1.180569e-01 
-7.950783e-02 1.905924e-01 -2.192310e-01 -1.042029e-01 -2.215563e-01 1.729881e-01 -3.957373e-02 2.059273e-01 -9.069591e-02 8.293989e-02 -4.865445e-02 -7.126682e-02 -8.069430e-02 9.020625e-02 1.116499e-01 -6.311047e-02 -2.776412e-01 1.971164e-02 1.175306e-01 1.351052e-01 2.058345e-02 1.584606e-01 -3.570966e-02 2.254848e-01 1.125029e-01 2.299606e-01 1.681260e-01 -1.059334e-01 1.015779e-01 -1.062643e-01 -2.432232e-01 -2.121982e-01 2.329247e-01 -1.215927e-01 2.433916e-01 -1.010811e-01 -5.850895e-02 1.299066e-01 -1.908122e-01 3.379502e-02 -5.791755e-03 1.745388e-01 -1.195559e-01 9.205785e-02 1.082168e-02 1.870600e-01 -5.674427e-02 7.946368e-02 9.762506e-02 
-1.933336e-01 7.357124e-02 2.696205e-01 -2.451448e-01 1.431982e-01 6.395564e-03 2.515755e-01 -1.644675e-01 1.955984e-01 -2.164926e-01 -1.947650e-01 4.791351e-02 -1.328564e-01 -9.092353e-02 1.840341e-01 -7.297645e-02 4.816360e-02 3.519172e-02 1.235767e-02 -1.691542e-01 1.481275e-01 1.633550e-01 -1.091028e-02 8.931512e-02 -3.590068e-02 -5.587276e-03 -7.396258e-02 3.674407e-02 2.055875e-02 -1.787681e-02 -5.009721e-02 -1.388289e-02 -1.358640e-01 -3.201578e-01 8.537817e-03 1.782221e-02 -6.473865e-02 1.532563e-01 1.099218e-02 -7.374649e-02 -9.431657e-02 3.047608e-01 -2.390106e-01 -5.867246e-02 -2.257301e-01 -8.060529e-03 7.430704e-02 -1.200918e-01 -1.858389e-01 
-1.682874e-01 9.159203e-02 -2.354865e-02 9.203085e-03 -5.799149e-02 1.136656e-01 -4.340530e-03 -3.197156e-01 -1.211027e-01 3.564734e-02 -1.239593e-01 -2.200279e-02 2.140978e-01 -1.522440e-01 -5.584122e-02 -1.577113e-01 4.699403e-02 1.622914e-01 1.523384e-01 -3.649114e-02 1.402866e-01 5.583353e-02 3.157941e-01 -1.397727e-01 7.675482e-02 8.124347e-02 1.104249e-01 6.583419e-02 4.090188e-02 4.103687e-02 -3.261474e-02 1.381813e-01 -1.911875e-01 -6.640723e-02 1.749206e-03 -1.198310e-01 1.997768e-01 -5.419838e-02 3.767391e-02 -1.780651e-01 3.833313e-01 -1.168402e-01 -8.052810e-02 1.907284e-01 1.108513e-01 2.591524e-01 -1.539053e-01 1.627928e-01 -5.713719e-02 
-2.124408e-01 1.268324e-02 8.043606e-02 6.735429e-02 7.195410e-02 1.691725e-01 1.670174e-01 1.069517e-01 -2.439936e-01 -1.043815e-02 -1.304370e-01 7.264955e-02 7.532180e-02 -5.050259e-02 -3.159334e-01 -8.375071e-02 -9.560438e-02 1.935756e-01 -7.292435e-02 -5.420850e-02 -4.580356e-02 -2.490170e-01 5.466875e-03 -1.525135e-01 -1.221593e-01 -1.570091e-01 1.429349e-02 -2.276668e-01 6.292176e-02 -1.157842e-01 1.679093e-01 -6.422665e-02 -1.681142e-01 5.820579e-04 2.709500e-01 6.682103e-02 -3.580515e-01 -1.601108e-01 -4.643975e-03 3.792987e-02 -1.275488e-01 2.097865e-01 5.015484e-02 1.916548e-01 5.147952e-02 5.070033e-02 -4.365644e-02 -9.612190e-02 1.126695e-01 
-2.115928e-01 1.775932e-02 -3.083004e-02 -7.612461e-02 5.896051e-02 -1.303087e-01 -1.606801e-01 1.773766e-02 1.388671e-02 3.276787e-01 -1.091014e-01 -7.811229e-02 2.413555e-01 -1.483327e-01 -2.704069e-03 5.055010e-02 8.993731e-02 -8.219617e-02 2.371455e-01 1.634960e-02 5.882690e-02 7.945233e-02 1.445210e-01 1.037492e-01 -3.785939e-02 -1.805449e-01 5.492418e-02 1.673599e-01 -8.060177e-02 -3.950973e-01 7.339284e-02 4.663438e-02 2.134401e-01 -1.199517e-02 2.582198e-02 1.497649e-01 -1.428934e-01 1.766174e-01 3.103869e-02 -2.064245e-01 -1.549414e-01 -3.442960e-02 1.961243e-02 4.000282e-02 2.978075e-02 -3.121980e-01 -2.234118e-01 -6.886946e-02 -3.208535e-02 
-9.678787e-02 -1.014737e-01 -2.624375e-01 -1.281430e-01 -3.014721e-01 -1.998499e-01 2.141062e-01 -5.834238e-02 -3.765985e-02 -7.068541e-02 4.272392e-02 -1.083750e-01 6.245331e-02 2.236920e-01 2.494529e-02 1.655472e-01 2.427378e-01 -1.095290e-01 -1.128313e-01 2.522060e-02 1.990960e-01 2.141879e-01 4.651344e-02 7.043545e-02 1.783231e-02 -3.810026e-02 -1.787336e-01 -2.537084e-01 -1.236137e-02 6.022644e-02 -1.673379e-01 2.040636e-01 -8.725198e-02 1.194675e-01 9.786330e-02 -1.142775e-01 -1.349858e-01 -1.498392e-01 9.547598e-02 -7.873384e-02 -1.631196e-01 4.585566e-02 1.856848e-01 1.340349e-01 5.731083e-03 6.687721e-02 -1.930220e-01 -9.343789e-02 -1.800771e-01 
-1.187620e-01 8.254550e-03 1.587130e-01 2.786596e-01 -1.625618e-01 1.427728e-01 1.410376e-01 -1.238164e-01 2.782259e-01 -1.022425e-01 -1.215087e-01 -7.985631e-03 -1.383001e-01 3.327118e-02 -1.388001e-01 1.970726e-02 1.801263e-01 1.709245e-01 7.554705e-02 2.803938e-01 -1.042200e-01 2.438028e-01 2.121969e-02 3.720720e-02 -1.402410e-02 -4.135137e-02 1.337338e-01 -8.586535e-03 -2.785575e-01 -8.104425e-02 3.367023e-02 3.705058e-02 1.733335e-01 -1.308982e-01 7.129020e-02 2.764912e-02 6.907672e-03 -1.193430e-01 -1.676254e-01 -1.234808e-01 -1.691682e-01 -2.352890e-01 1.685991e-01 1.985053e-02 1.019257e-01 1.058337e-01 2.832785e-01 -5.353952e-02 7.451676e-02 
-4.058942e-02 1.994445e-01 6.932489e-02 7.160199e-02 -2.811688e-01 -3.184723e-01 -9.158762e-02 -1.586680e-01 -1.601596e-01 1.658118e-02 -1.246489e-01 7.547593e-03 4.252603e-02 -1.121809e-01 1.613305e-01 -1.070808e-01 -2.249778e-01 -2.613002e-01 8.520187e-02 7.218252e-02 -7.723571e-02 1.430809e-02 1.196681e-01 -2.775264e-02 1.411892e-02 -3.039550e-01 -1.236937e-01 -1.872944e-01 1.335114e-01 2.113811e-03 -3.849610e-02 -5.320471e-02 -6.470405e-02 -7.748126e-02 -1.182903e-01 -6.207378e-02 -1.391710e-01 -1.085485e-01 -6.423030e-02 5.604697e-02 8.627645e-02 -1.324212e-01 -1.029695e-01 -1.953070e-01 6.457262e-02 5.897490e-02 2.449241e-01 -3.062630e-01 1.477980e-01 
-5.671428e-02 1.498457e-01 -1.369748e-02 -1.481544e-01 8.428456e-02 5.173018e-02 -1.840587e-02 1.245586e-01 1.691731e-01 -4.218554e-02 2.639486e-01 -1.839687e-02 -1.598621e-01 -1.035247e-02 -1.593614e-01 -1.051262e-01 5.569854e-02 -3.976938e-01 -1.236979e-01 1.959492e-01 6.659552e-02 -5.928660e-02 2.842213e-02 6.297977e-03 -1.672027e-03 -1.754902e-01 2.425157e-01 1.891322e-01 9.543624e-02 6.671785e-02 2.694750e-01 2.721434e-02 1.027362e-01 -2.156310e-01 -4.432287e-02 -6.173772e-02 -2.016199e-01 -1.108155e-01 6.080215e-03 -1.584813e-02 1.323542e-01 5.347640e-03 6.315403e-02 -4.847170e-02 1.095779e-01 2.923552e-01 -1.900888e-01 -6.840598e-02 -2.230713e-01 
-1.649938e-01 -2.353774e-04 1.296661e-01 -3.271397e-02 -1.680052e-01 -1.827215e-01 -2.659374e-01 1.932950e-01 -2.463963e-02 -2.122066e-01 8.640203e-02 8.592683e-02 -3.031218e-01 -4.165216e-02 -1.138443e-02 -1.295214e-01 2.219988e-01 1.494044e-01 1.274449e-03 -2.805575e-02 9.546589e-02 -1.873281e-01 1.102159e-01 -5.534195e-02 -1.326283e-01 8.644547e-02 -2.326452e-01 1.250935e-02 -1.553419e-01 -1.865076e-01 -1.246538e-01 1.216889e-01 2.583751e-01 3.010073e-02 -3.081519e-02 9.923326e-02 1.360157e-01 -1.990304e-01 1.288960e-02 -3.449710e-02 1.425779e-01 1.973522e-01 -1.060509e-01 -7.243636e-02 1.910410e-02 1.031555e-01 -1.889340e-01 -6.852546e-02 2.206132e-01 
-9.764882e-02 7.359593e-02 8.906510e-02 3.145272e-01 1.743331e-01 8.050647e-02 7.715275e-02 7.192499e-02 1.911231e-02 -4.209956e-03 5.027832e-02 1.944243e-01 -5.465474e-02 2.159195e-01 1.171368e-01 2.475773e-01 -3.711301e-02 -2.587374e-01 1.322011e-01 -1.448680e-01 7.402143e-02 -1.770066e-02 -1.759607e-01 -4.754805e-02 -1.716339e-01 -1.884429e-01 6.513243e-02 -1.889646e-01 4.714276e-02 -2.035606e-01 -1.419321e-01 3.105781e-01 9.290984e-02 4.327006e-02 9.286750e-02 1.378745e-04 1.127531e-01 2.595639e-01 1.427252e-01 1.255104e-02 2.424904e-01 -8.376206e-03 -5.409894e-02 1.899372e-01 6.925853e-02 1.476270e-01 9.668082e-02 -1.765681e-02 -1.655111e-03 
-9.937389e-02 1.997713e-02 -2.057872e-01 6.204776e-02 3.221834e-02 6.282357e-02 2.480319e-01 -7.485430e-02 -3.612352e-02 9.630976e-02 1.753546e-01 -1.222582e-01 -6.022766e-02 -1.041249e-01 -3.684999e-02 2.399741e-01 1.587650e-01 -8.927372e-02 8.565496e-02 -1.646892e-01 1.818535e-02 -8.466649e-03 1.852944e-01 -2.575626e-02 1.230972e-01 8.514247e-02 -6.568878e-02 1.984962e-01 1.380033e-01 1.043677e-02 7.109806e-02 -2.157413e-03 8.485253e-02 8.388488e-02 -1.142700e-01 -5.316073e-02 -6.598405e-02 -2.438481e-02 -1.026078e-01 -1.193198e-01 9.641253e-02 4.473739e-01 9.098302e-02 -1.269378e-01 2.299395e-01 -4.402114e-02 3.730287e-01 2.697808e-02 2.449668e-01 
-1.509499e-01 -1.780911e-01 9.302352e-02 -3.073173e-02 -2.034895e-01 3.353576e-02 1.797326e-01 1.972291e-03 -5.049730e-02 -1.201510e-02 1.107865e-01 1.361731e-01 4.564616e-02 1.690804e-03 1.427661e-01 -1.492329e-01 1.633454e-01 -1.729438e-02 -3.724669e-01 -1.121021e-01 5.536068e-02 1.985606e-02 -7.894019e-02 5.689912e-02 4.457243e-02 -2.795665e-01 4.894695e-02 2.696437e-01 2.652679e-01 -6.366231e-02 -7.792969e-02 -2.826962e-01 6.962515e-02 -9.559073e-03 2.808250e-01 -6.818633e-03 2.604631e-01 1.448368e-03 -4.986239e-02 3.259285e-02 8.669692e-02 -1.634634e-01 -8.052680e-03 1.186326e-01 1.493965e-01 -1.969732e-01 1.268912e-02 -3.057841e-02 1.005747e-01 
-8.395418e-02 2.701329e-01 1.023109e-01 -1.148089e-02 1.349131e-01 -2.160767e-02 -2.351781e-01 9.542449e-02 6.275099e-02 -2.052400e-01 2.085635e-01 7.190642e-02 2.540322e-01 -8.831645e-02 -2.291256e-01 1.037833e-01 -7.938963e-04 -4.799254e-03 1.411523e-01 -2.839613e-01 -7.121161e-02 1.822985e-01 -1.331822e-01 2.506449e-01 -1.812474e-01 -2.413866e-02 -2.067545e-02 1.189142e-01 -3.537490e-02 9.885365e-02 -2.864218e-01 -2.030521e-01 -1.279756e-01 2.446717e-02 -1.716391e-02 -2.587914e-01 -5.645625e-03 -2.144515e-01 7.498439e-02 -9.390409e-02 -1.320872e-01 -4.187446e-02 6.351374e-02 5.515160e-02 1.369302e-01 2.277181e-02 2.543222e-02 -2.398532e-02 5.248376e-02 
-8.871821e-02 1.281894e-01 1.662108e-01 1.901131e-01 -2.222607e-01 -1.234336e-01 -4.427182e-02 9.934334e-02 1.559152e-01 3.912625e-02 -3.280984e-03 2.465590e-01 7.234723e-02 1.304525e-01 -5.467361e-02 1.455821e-02 -7.962886e-02 -1.884142e-03 2.460542e-01 1.478728e-01 -3.153097e-02 -1.112199e-01 -1.065586e-01 -2.205906e-01 2.097791e-01 1.540057e-01 6.819065e-02 1.798426e-01 3.506076e-01 1.255380e-01 -1.418815e-02 1.305909e-01 -1.531285e-01 6.196692e-02 1.618080e-01 3.838699e-02 1.820011e-01 -4.557007e-02 -6.058516e-02 -1.814171e-01 -1.603731e-01 2.052166e-01 1.473035e-01 -1.269807e-01 -9.330432e-02 -1.142547e-01 -9.970795e-02 -1.140125e-01 -1.532714e-01 
-6.388949e-02 2.131676e-01 -7.977771e-03 2.780711e-01 2.236718e-02 7.696366e-02 -9.573437e-02 7.908776e-02 2.327362e-02 8.142055e-02 -3.140302e-02 6.885108e-02 2.849910e-01 -1.051976e-02 2.162618e-01 -1.465508e-01 1.768874e-01 -6.233532e-02 -1.140976e-01 -4.188861e-02 3.008056e-01 -2.523835e-01 1.652698e-01 1.578925e-01 1.707114e-01 5.608124e-02 -9.170099e-02 5.724185e-02 -5.455475e-02 1.962555e-01 -5.957511e-02 -1.844315e-02 1.516567e-01 -7.114725e-02 -6.149885e-02 2.429940e-01 -6.750532e-02 -6.703993e-02 1.159841e-01 2.142784e-01 -2.461669e-01 1.124529e-02 4.132563e-02 1.664054e-01 -9.974330e-02 1.634444e-01 2.101680e-01 7.144231e-02 -8.760648e-02 
-1.879377e-01 -2.214169e-02 1.932222e-01 1.815987e-01 2.914518e-01 -1.056881e-01 1.862014e-01 -6.484489e-02 -2.000788e-01 4.599628e-02 -1.503900e-01 -1.251379e-01 7.284547e-02 -5.722258e-04 1.224932e-01 7.422330e-02 -9.684107e-02 -3.021530e-01 -9.631023e-02 1.921169e-01 -9.595497e-02 1.410988e-01 -1.148383e-01 -1.749530e-01 1.952863e-04 1.605186e-01 -2.073911e-01 5.365680e-02 -1.158771e-01 -7.833970e-02 -7.297033e-02 -3.310420e-01 1.091966e-01 1.707509e-02 -2.556518e-02 4.571567e-02 1.351293e-01 -2.362902e-01 5.347684e-03 -5.256911e-02 2.139788e-02 8.864410e-02 1.562447e-01 -6.620676e-02 -4.565576e-02 1.442399e-01 -2.198240e-01 1.615170e-01 -2.191907e-02 
-2.171332e-02 2.728097e-01 -1.002987e-01 6.602858e-04 1.273393e-01 -2.727154e-01 8.381073e-02 1.787548e-01 2.320573e-02 -1.688995e-01 -9.950845e-02 -2.386559e-01 -1.297972e-01 6.993099e-02 2.036310e-01 -1.503641e-02 -9.500523e-02 1.174401e-01 4.461881e-02 8.778570e-02 -2.001507e-01 -9.438981e-02 6.234198e-04 1.270276e-02 1.801497e-02 -1.298497e-01 -1.600469e-01 2.297841e-01 -4.677638e-02 1.297278e-01 1.970222e-02 2.130794e-01 -1.007763e-01 -2.052632e-01 7.125608e-02 -2.524674e-02 -3.227749e-02 -2.547307e-02 -1.477558e-01 6.656659e-02 1.126783e-01 -2.295166e-02 1.501050e-01 3.958882e-01 1.125154e-01 -2.446924e-01 -8.313289e-03 1.773674e-01 3.955906e-02 
-4.939071e-02 1.030873e-01 -8.995523e-02 -1.048489e-01 -5.679796e-02 -6.938603e-02 4.649948e-02 -1.908657e-03 -6.899619e-02 -1.659014e-01 8.620480e-02 3.085102e-01 2.017675e-01 -2.019850e-01 2.969708e-01 1.349125e-01 -2.123729e-02 -1.855759e-03 -2.809030e-02 1.583571e-01 1.854506e-01 -8.174782e-02 -6.115219e-02 -2.430096e-02 -3.572025e-01 -1.946307e-02 1.346215e-01 -1.054368e-01 -1.285225e-01 9.465011e-02 3.108412e-01 8.170921e-03 6.738811e-02 1.560028e-01 2.198835e-02 -1.438544e-01 5.649400e-02 -1.283187e-02 -3.470977e-01 -1.751097e-01 -6.449326e-02 3.121402e-02 -1.033985e-02 -1.727222e-02 -1.253194e-01 -2.728317e-02 4.207686e-02 2.323405e-01 3.809561e-02 
-1.221188e-01 9.897322e-03 6.178329e-02 3.235703e-02 -4.104195e-02 1.309192e-01 -1.387736e-01 -1.248182e-01 -6.521502e-02 -2.529215e-01 1.401758e-01 -1.069541e-01 2.757509e-02 2.050107e-01 -3.014562e-02 5.968397e-02 -1.034536e-01 1.700338e-01 5.605042e-03 1.372780e-01 1.798244e-02 -1.287301e-01 1.348488e-01 3.686726e-02 -5.037378e-02 -7.212620e-02 -4.470711e-01 5.142370e-02 1.996462e-01 -1.047626e-01 1.787392e-01 -1.780779e-01 4.781404e-02 1.188053e-02 -9.879131e-02 -1.380808e-01 8.934734e-03 4.659953e-01 7.359253e-03 -8.726726e-02 -1.327910e-01 -8.379029e-02 1.660377e-01 -4.980769e-02 7.765400e-02 1.652373e-01 -1.409166e-02 4.218715e-02 -1.185014e-01 
-4.765223e-02 2.604869e-01 1.245805e-01 3.665297e-02 -1.892782e-01 -2.070051e-01 8.464770e-02 -7.726346e-02 1.546837e-01 5.430978e-02 1.034118e-01 -2.482506e-01 -4.314995e-02 1.641486e-01 -4.460491e-02 2.367303e-02 -2.483321e-01 4.128880e-02 -1.345083e-01 -1.388818e-01 9.975318e-03 9.792333e-02 2.189020e-01 -7.023340e-02 -2.542273e-01 3.197123e-02 1.618246e-01 1.487164e-02 -1.302088e-01 1.655196e-01 1.803250e-01 -9.740887e-02 5.377026e-02 2.038765e-01 2.374149e-01 2.089249e-01 6.897067e-02 7.274447e-02 3.384118e-01 8.338397e-03 -5.837298e-02 6.319185e-02 -1.653083e-01 -9.261153e-02 1.037889e-01 -2.023405e-02 7.992640e-03 1.588406e-01 6.219198e-03 
-1.748740e-01 -4.175400e-02 -1.145470e-01 -3.188501e-02 1.133716e-01 -2.097050e-01 1.806901e-02 -1.856231e-01 6.684909e-02 1.573054e-01 -4.559271e-02 5.858050e-02 -9.630226e-02 1.196874e-02 -1.205325e-01 -1.200579e-01 1.806411e-01 -8.588969e-04 3.212546e-02 2.678375e-01 -9.863926e-02 -3.481657e-01 -1.893114e-01 6.202002e-02 7.636893e-02 -2.081041e-01 4.616671e-02 -2.488229e-02 -1.655868e-01 1.457762e-01 -2.957244e-01 -7.893697e-02 -9.745127e-02 1.295855e-01 5.328345e-02 -1.352656e-01 -1.264851e-02 1.879350e-01 3.383471e-02 -6.592609e-02 -1.363253e-01 9.682799e-02 -2.703994e-01 -1.103731e-01 2.103769e-01 8.676410e-02 4.072020e-02 2.494849e-01 -3.496513e-02 
-2.213299e-01 -2.371016e-01 3.644307e-02 -8.148030e-02 7.066139e-03 -5.465190e-02 4.134323e-02 2.581033e-02 -1.055199e-01 -8.937177e-02 7.556749e-02 1.532232e-01 7.489163e-02 -6.040041e-02 -1.676321e-01 -8.708181e-02 5.901072e-02 -2.224259e-01 2.321854e-01 -2.081702e-03 -2.438835e-01 1.174434e-01 6.078544e-02 1.062135e-01 4.031699e-02 1.661831e-01 -2.198483e-01 8.215335e-02 -3.203900e-02 3.653372e-01 1.169091e-01 1.118476e-01 1.809326e-01 4.829245e-02 3.287427e-01 6.602640e-02 -1.766096e-01 1.587090e-01 4.633826e-02 6.710776e-02 1.455987e-01 -1.683521e-01 -8.629123e-02 3.065897e-02 -2.409499e-01 1.647506e-02 8.087132e-02 3.972427e-02 1.146458e-01 
-1.090439e-01 2.354415e-01 1.295102e-03 1.099418e-01 2.256939e-01 9.593270e-02 8.422348e-02 -1.416043e-01 2.360330e-01 1.160613e-01 7.484616e-02 -1.350289e-01 4.920291e-03 -1.059280e-01 -1.434095e-01 -1.217862e-01 5.423675e-02 2.466893e-02 -1.013200e-01 7.556574e-02 -1.707329e-02 2.244973e-02 1.538045e-01 -1.667174e-02 -9.811782e-02 4.188147e-02 -1.304679e-01 -2.105950e-01 2.104446e-01 3.402599e-02 -6.777004e-02 1.210361e-01 2.314060e-01 2.257061e-01 4.327437e-02 -2.818517e-01 1.304647e-01 -4.804136e-02 -2.550879e-01 3.294969e-01 -6.861464e-03 -2.416195e-02 -1.211354e-01 -1.885164e-02 -1.155548e-01 -2.387851e-01 -1.396536e-01 -1.491354e-01 -7.347369e-02 
-1.965700e-01 1.319682e-02 -5.708677e-02 -1.158554e-01 1.970104e-01 1.050527e-01 -1.186846e-01 -1.065118e-01 -1.511307e-01 -3.158523e-02 1.504882e-01 -8.645771e-02 -7.830090e-02 8.763723e-02 5.812741e-02 -7.144362e-02 -2.000616e-01 6.665475e-03 -1.892850e-01 2.427612e-01 3.767202e-02 -8.820586e-03 4.066763e-02 1.046105e-01 -6.127098e-02 7.084243e-02 1.156101e-01 2.073237e-01 -1.160358e-01 5.052159e-03 -1.942999e-01 1.026508e-01 -1.804301e-01 3.572783e-01 -5.065078e-03 2.443867e-01 1.477801e-02 -5.655383e-04 -9.076838e-02 -1.945660e-01 6.123304e-02 -6.738518e-03 4.093344e-02 1.328779e-01 -1.416806e-01 5.111661e-03 2.045345e-01 -4.062823e-01 -2.741435e-02 
-2.252728e-01 -1.701973e-02 -4.141706e-02 -2.249746e-01 -2.484099e-02 8.191695e-02 -3.168337e-02 3.120227e-02 -1.554073e-01 4.179236e-02 1.517262e-01 -9.503029e-02 1.388575e-01 3.158863e-01 9.943121e-02 4.412518e-02 1.766825e-01 2.453417e-02 1.923167e-01 -1.162402e-01 -2.774994e-01 -1.982358e-01 1.401405e-01 -2.255197e-01 -1.411674e-01 -1.324203e-02 1.841170e-01 -1.566234e-01 -1.592978e-01 5.062614e-02 -8.529123e-02 -1.505693e-01 7.362914e-02 -2.619649e-01 -1.798666e-02 1.750707e-02 1.807525e-01 -6.815534e-02 -8.723473e-02 1.372284e-01 4.804698e-02 4.665635e-03 9.477462e-02 -1.124958e-01 -5.340295e-02 -1.095808e-01 1.542882e-01 -1.011021e-01 -2.857530e-01 
-1.125530e-01 3.529840e-02 -1.821926e-01 -6.664997e-04 -6.514838e-02 1.376165e-01 -1.901983e-01 -2.431321e-01 5.500779e-02 -1.867948e-01 1.819664e-01 1.360292e-01 -1.388807e-01 -2.904752e-01 1.807150e-01 8.831105e-02 -3.230348e-02 -4.999714e-02 6.895408e-02 1.939292e-01 -1.485864e-01 6.360812e-02 -1.395909e-02 -1.520249e-01 2.020353e-01 -2.573909e-02 4.624155e-02 -4.447627e-02 -1.006382e-01 -1.632706e-01 1.020128e-01 -9.297227e-02 -5.236610e-02 1.387648e-02 9.870272e-02 -1.176854e-01 5.816946e-02 -6.134486e-02 4.514926e-01 2.536374e-01 -8.695255e-02 1.532981e-01 5.639033e-02 2.000856e-01 -6.512424e-02 -1.525626e-01 1.746816e-02 -6.870771e-03 -7.710476e-04 
-2.220795e-01 -1.472259e-01 1.769252e-01 8.095154e-02 -1.648413e-03 1.339686e-01 5.663478e-02 1.327767e-01 7.807378e-02 2.157241e-02 2.819698e-01 -2.764259e-01 1.187360e-01 -1.312659e-01 1.188837e-01 -3.359478e-02 -7.365214e-02 1.274195e-01 7.161777e-02 1.928117e-01 7.207732e-02 -1.339953e-02 -1.171241e-01 2.657788e-01 8.203443e-02 -1.533104e-01 6.070192e-02 -3.592082e-01 7.779238e-02 2.350622e-01 -1.288627e-03 6.529365e-02 -7.459966e-02 -1.426762e-01 -1.553569e-01 1.381430e-01 7.841346e-02 -1.679532e-02 1.476784e-01 -1.389157e-01 1.471948e-01 7.097137e-02 9.441659e-02 -1.267858e-01 -3.218173e-02 -1.532486e-01 -1.316182e-01 6.465710e-02 2.160558e-01 
-3.114896e-02 2.465568e-01 -2.303941e-01 1.892236e-01 -5.402460e-02 5.943445e-02 2.113454e-02 1.286787e-01 -1.890772e-01 -1.452889e-01 -2.093513e-01 3.397698e-02 5.922995e-02 2.487204e-01 -1.941990e-01 -1.017110e-01 3.096646e-01 -3.091621e-02 3.468234e-02 2.065494e-01 5.344871e-02 1.764196e-01 -1.620392e-01 1.593363e-01 -6.831859e-02 2.321479e-02 -2.125475e-02 1.402270e-02 -9.287465e-03 -7.313356e-03 2.669083e-01 -1.817862e-01 -1.301682e-01 3.523534e-02 -1.776616e-01 5.652168e-02 1.010882e-01 3.128815e-02 1.356859e-01 1.691381e-02 2.242877e-01 9.315414e-02 -2.488621e-01 -4.421955e-02 -5.243675e-02 -2.387703e-01 1.626759e-02 -8.725748e-02 -2.567213e-02 
-1.989022e-01 -2.490543e-01 -2.622465e-01 5.478623e-02 5.758103e-02 -1.395679e-01 -1.083778e-01 -1.963236e-02 8.379047e-02 1.813413e-01 -5.683614e-02 1.405096e-01 4.291253e-02 1.855271e-01 -1.458335e-01 -2.086855e-01 -2.628015e-01 2.542594e-02 -1.918592e-01 -1.813633e-03 -7.456385e-02 1.105992e-01 5.650447e-02 1.103515e-01 -2.326241e-01 -5.109053e-02 -1.574942e-02 7.374467e-02 1.255431e-01 -8.875808e-02 7.580181e-02 1.935287e-01 3.103436e-02 -2.570381e-01 -1.482356e-01 -1.777328e-01 2.012565e-01 -1.470827e-01 1.384057e-01 -2.059418e-02 -1.226972e-01 1.487403e-01 6.037518e-02 1.064478e-02 -2.105368e-01 5.640546e-02 1.848769e-01 1.583214e-01 9.388669e-02 
-1.155090e-01 1.785507e-02 7.386232e-02 1.787719e-01 -2.221001e-01 6.663623e-02 8.594273e-02 -1.494799e-03 -1.519016e-01 -1.762681e-01 8.306078e-02 -2.327705e-01 1.975342e-01 -2.597285e-02 -1.572575e-02 -1.713888e-01 -9.112483e-02 -4.554597e-02 -1.644273e-01 -8.396619e-02 6.662982e-02 -1.123514e-01 -2.374620e-01 -9.606435e-02 6.133660e-02 1.460762e-01 1.152221e-01 2.279972e-01 -2.347142e-01 -2.049980e-01 -1.051093e-01 2.819573e-01 1.979652e-02 -2.994472e-02 -8.038253e-03 -3.109527e-01 -2.425401e-01 9.574293e-02 4.297816e-02 8.218799e-02 4.823471e-02 -3.170721e-02 -2.084029e-03 -2.755018e-01 -1.023099e-01 -1.486362e-01 3.417186e-02 8.861823e-02 -5.100524e-02 
-1.527518e-01 1.406318e-01 8.325023e-02 -2.028173e-01 -1.314765e-01 1.063664e-01 -5.915885e-02 1.713946e-01 3.545022e-02 -4.435638e-02 -3.266422e-02 -2.382132e-01 3.296846e-02 -9.366825e-02 -4.488727e-02 1.338157e-01 1.869147e-01 -1.910022e-01 -1.746643e-01 -7.417705e-03 -2.922901e-01 -2.814642e-02 -5.649413e-02 -1.377607e-01 7.087978e-02 7.045393e-02 1.568618e-03 -9.115362e-02 2.711474e-01 -1.813403e-01 1.591177e-02 1.364074e-01 -1.089332e-01 9.381309e-02 -1.660821e-01 1.188335e-01 8.037530e-02 -3.831594e-02 -1.231152e-02 -1.494787e-01 -2.155531e-01 -1.774503e-01 -2.789820e-01 1.491168e-01 -1.632755e-01 1.095704e-01 1.499925e-01 2.506114e-01 8.834811e-02 
-2.126251e-01 -2.377931e-01 -4.930407e-02 1.513182e-02 -1.165447e-01 1.118391e-01 -3.364588e-02 1.272360e-01 3.264428e-01 -7.075318e-02 -1.997039e-01 -4.310699e-02 1.262894e-01 6.182304e-03 1.253729e-01 -1.817545e-02 -6.088528e-03 -2.338393e-01 6.449923e-02 -7.566220e-03 -3.000529e-02 -2.382328e-02 9.860889e-02 6.308191e-03 -2.047019e-01 1.387039e-01 3.802748e-02 1.012872e-01 -1.009702e-01 7.143214e-03 3.464362e-02 -2.193970e-02 -3.736227e-01 9.771802e-02 -1.073043e-01 3.443202e-02 4.204077e-02 1.500937e-01 -1.534007e-01 3.714762e-01 -5.334852e-02 5.693425e-02 4.127434e-02 -1.599670e-02 2.484255e-01 9.389053e-02 -1.734771e-01 -1.032981e-01 2.118463e-01 
-1.125885e-02 1.908433e-01 2.440921e-02 -4.774114e-02 -9.767012e-02 -4.464542e-02 2.430959e-01 -4.806094e-02 -2.006500e-02 -7.257532e-02 -2.418379e-02 2.260538e-01 -1.287350e-01 -5.174776e-03 -3.112883e-01 1.280476e-01 -1.229104e-01 -2.385859e-01 -1.191282e-01 -6.917613e-02 2.930685e-03 -2.723079e-01 2.900650e-01 2.251195e-01 1.695073e-01 6.861780e-02 9.107071e-02 -1.063838e-01 -2.000573e-01 -7.591094e-02 -1.061845e-01 -8.900733e-02 -8.769338e-02 -9.972360e-02 -1.458225e-01 -3.638023e-04 1.775848e-01 1.657532e-01 -2.290465e-02 -4.658949e-02 8.651560e-03 -9.998756e-02 2.180081e-01 3.859590e-02 -2.127448e-01 -1.701923e-01 -1.334778e-01 4.109744e-02 1.701272e-01 
-1.806412e-01 -5.692561e-02 -6.404688e-02 5.749018e-02 -1.222587e-01 2.119026e-01 -5.377994e-02 1.285459e-01 -1.903519e-01 -3.106666e-02 -9.215813e-02 6.214296e-02 -1.639770e-01 -1.064706e-01 -1.767487e-01 2.379402e-01 -1.977235e-01 2.408536e-02 -2.234914e-02 -1.018814e-02 1.705880e-01 2.146239e-01 4.402456e-02 -2.984470e-01 7.815253e-03 -3.178930e-01 -1.782139e-02 1.622996e-01 -7.374912e-02 3.533287e-01 -1.950504e-01 4.394612e-02 1.315874e-01 -3.343249e-02 -2.618360e-01 8.579298e-02 1.435887e-02 5.327901e-02 -8.915918e-02 1.038300e-01 -1.455377e-01 3.097079e-03 -1.531518e-01 1.093912e-02 -4.271788e-03 -1.108012e-01 -1.047125e-01 7.207788e-02 -8.939419e-02 
-1.861968e-01 1.066399e-01 -4.656525e-02 8.270454e-02 1.497474e-02 -1.101459e-01 2.525598e-02 -1.948947e-01 -1.760209e-01 7.329619e-02 1.855725e-02 1.107029e-01 -2.978863e-01 -6.240714e-02 1.103739e-01 -5.637123e-03 1.844956e-01 1.178587e-01 1.284541e-02 -1.542828e-02 -8.958718e-03 2.258097e-02 -8.809268e-02 4.027392e-03 -3.261995e-01 2.891973e-01 2.161983e-01 2.647147e-02 3.485005e-01 6.854340e-02 -1.322247e-01 -2.277725e-02 -2.109910e-02 -7.662115e-02 -1.840257e-01 1.242462e-01 -2.808690e-01 8.988806e-02 1.106891e-01 1.108152e-01 -6.097348e-02 -2.284135e-01 2.188268e-01 -6.020661e-02 2.018279e-02 -5.775166e-02 -1.017870e-01 8.680462e-02 7.536314e-02 
-5.607887e-02 1.567366e-01 3.381798e-02 -1.288087e-01 6.664512e-02 2.372063e-02 3.118725e-01 3.199483e-01 8.304065e-02 2.558876e-01 1.702422e-01 2.662430e-01 7.685181e-02 1.232306e-01 1.724109e-01 9.117047e-02 1.677552e-02 2.913991e-01 1.638544e-02 1.795640e-01 -6.099933e-02 1.141904e-01 1.817213e-01 -1.058299e-01 7.858145e-02 -7.886389e-02 -1.181588e-01 1.636994e-01 -8.569856e-02 -1.144850e-01 -5.860268e-02 -1.762787e-02 -1.425953e-01 8.823400e-02 -1.040252e-01 -1.556396e-01 -1.504486e-01 -3.258541e-02 1.861634e-01 1.045879e-01 6.427274e-02 -1.719048e-01 -9.181077e-02 -1.667695e-01 -1.336542e-01 1.405635e-01 -3.052047e-02 -2.293093e-02 1.450833e-01 
-1.939714e-01 -1.151562e-01 -9.621944e-02 2.070460e-01 8.417354e-02 -1.019451e-01 -9.718115e-02 -3.028154e-02 -4.919211e-02 -1.383241e-02 8.384599e-02 -1.706979e-01 -2.484506e-01 6.197636e-02 8.903500e-03 2.788027e-01 -2.215112e-02 5.221335e-02 1.863188e-01 -1.368261e-01 2.260373e-01 -8.609358e-02 4.446466e-02 2.187004e-01 1.364633e-01 -9.610679e-02 5.210444e-02 8.784983e-02 3.989524e-02 -1.505088e-01 1.581328e-01 -8.836595e-02 -2.555503e-01 1.115833e-02 2.185576e-01 -6.191069e-04 2.482239e-02 -2.459698e-01 -1.861925e-01 1.630992e-01 -2.553914e-02 -2.072812e-01 -1.672823e-01 -1.741258e-01 -2.474492e-01 7.397299e-02 -1.564672e-02 1.286702e-01 -7.527355e-02 
-8.774270e-02 -4.507120e-02 -1.123668e-01 3.473514e-02 -2.360513e-01 -1.478343e-01 2.086167e-01 -9.398825e-02 2.810418e-01 9.578674e-02 2.078997e-01 -4.690161e-02 2.400262e-02 -4.733692e-02 -1.160244e-01 -1.379288e-01 -1.316584e-01 7.195915e-02 2.154460e-01 -1.500233e-01 4.526404e-02 -9.101882e-02 -3.160322e-01 -1.148273e-01 -3.280188e-02 -1.060985e-02 -9.558600e-02 3.588267e-02 -5.434925e-02 -8.457830e-02 2.295916e-02 -2.671982e-01 8.211716e-02 1.158040e-01 -3.050859e-01 1.316404e-01 -9.385278e-02 -1.363510e-02 -1.029129e-01 1.639140e-02 1.666212e-01 -1.921238e-02 -2.212754e-02 3.513910e-01 -2.129006e-01 9.114511e-02 1.265692e-02 -3.590137e-02 -1.074937e-01 
-1.748066e-01 1.515258e-01 1.519543e-02 -2.595201e-01 1.505989e-01 8.780682e-02 -2.178970e-01 -1.234803e-01 1.327785e-01 4.871979e-02 -1.236687e-02 7.406210e-02 -7.039281e-02 3.477708e-01 -7.096604e-03 -2.065089e-01 -1.242916e-02 -1.060141e-01 2.044749e-02 -1.314853e-01 3.259632e-01 1.328118e-01 -1.617350e-01 -2.818265e-01 2.456587e-01 1.646377e-03 -8.148560e-02 -1.543816e-01 -7.662720e-02 2.023959e-02 9.625865e-02 -2.360425e-02 -3.783897e-02 4.350442e-02 2.726559e-02 9.465829e-03 -1.011614e-01 -3.307398e-02 -8.843138e-02 -2.725472e-02 8.300420e-03 -1.225674e-01 1.552956e-01 -5.468214e-02 6.169327e-02 -1.649263e-01 7.032861e-02 1.714882e-01 3.073029e-01 
-1.838006e-01 -3.995564e-02 -3.292584e-03 -3.005012e-02 3.109111e-02 5.881291e-02 4.084584e-02 -1.940365e-01 6.650328e-02 -2.108112e-01 -1.727260e-01 1.859352e-01 9.368591e-02 2.531680e-01 1.678727e-01 1.227642e-01 -1.648473e-01 1.247219e-01 -6.195709e-02 -1.654493e-01 -2.776734e-01 -1.049026e-01 -1.719858e-02 2.426938e-01 2.565619e-01 4.055330e-03 1.336138e-01 1.229887e-02 5.813356e-02 3.534316e-02 1.288674e-01 9.033004e-02 2.850903e-01 1.876859e-01 -2.353080e-01 3.292052e-02 -1.530980e-01 -2.286230e-01 1.160624e-02 -2.906263e-02 2.638519e-02 -1.425605e-02 -1.601870e-01 -3.153497e-02 1.856318e-01 -2.386354e-02 -2.029711e-01 -2.429724e-02 -4.551329e-02 
-1.357852e-01 1.579168e-01 -1.279134e-01 5.391337e-02 -1.462721e-01 2.992393e-01 -5.063057e-02 5.184707e-02 3.176339e-02 3.613647e-01 -1.887659e-01 -3.486845e-02 -2.618379e-01 -1.301143e-01 1.821024e-01 -9.415964e-04 1.315316e-02 -3.459832e-02 -8.179075e-02 -2.617210e-01 -1.414826e-01 -1.461970e-01 -1.882883e-01 8.903662e-02 -8.098355e-02 9.374360e-03 -2.319040e-01 2.106647e-02 -1.738301e-01 1.998297e-01 1.734262e-01 6.915088e-03 -4.091546e-02 1.779639e-02 8.974336e-02 -1.942859e-01 8.531170e-02 -1.890680e-02 9.635192e-02 -2.692808e-01 1.067236e-02 -9.971800e-02 1.049191e-01 -7.223438e-02 -4.583981e-02 4.472039e-02 -8.671043e-02 -1.806924e-01 -6.184519e-02 
-3.389428e-02 2.142786e-01 -2.442629e-01 -5.290406e-02 4.034649e-02 -9.609160e-02 2.400685e-02 -2.156625e-01 -3.187840e-02 3.633597e-02 1.707831e-01 4.582221e-02 2.233599e-01 -8.635550e-02 -1.162638e-01 1.942267e-01 -6.049497e-03 1.460370e-01 -1.847882e-01 -3.103268e-02 -8.152326e-02 5.522218e-02 -3.012896e-01 -3.674141e-02 8.514068e-02 3.598903e-02 -1.164706e-01 3.004901e-02 -8.123731e-02 -1.843734e-02 7.029154e-02 1.761580e-01 -1.050822e-02 -3.036092e-01 1.181653e-01 3.240270e-01 1.812094e-01 1.154573e-01 -1.303156e-01 1.564185e-01 -5.583592e-02 -1.832397e-02 -5.776189e-02 -1.656932e-01 8.027600e-02 2.038089e-01 -1.504682e-01 -1.875560e-01 1.649510e-01 
