-1.905810e-02 -2.794079e-01 1.349677e-01 -1.911409e-01 -2.216095e-01 -1.506270e-02 1.994161e-02 4.551557e-02 2.365966e-01 -8.212621e-03 -1.813541e-01 1.681886e-01 -5.446822e-02 -2.165990e-01 -5.410355e-02 -1.625359e-01 1.196196e-01 1.211594e-01 1.155418e-01 1.959204e-01 -3.250069e-02 -2.817869e-02 -2.790700e-02 1.903367e-01 2.508552e-01 -1.611512e-01 2.179226e-02 -1.524060e-02 1.428210e-01 -1.477440e-01 1.924660e-02 -1.397665e-01 8.349456e-02 1.922287e-02 1.963631e-01 -2.059452e-01 1.009218e-01 7.582241e-02 4.096164e-02 1.232274e-01 -2.937087e-01 -9.652194e-03 -1.041285e-01 -3.018068e-01 4.553512e-02 9.690866e-02 -4.923695e-02 9.545213e-02 -1.218440e-01 
-1.379346e-01 -2.079641e-01 2.243094e-01 -8.135154e-02 -1.907467e-01 1.854163e-01 8.987236e-02 6.692163e-02 5.997327e-02 -9.437435e-02 5.958580e-02 1.372804e-01 9.959736e-02 2.900987e-01 -1.252732e-01 -1.821682e-01 -1.191142e-01 8.152132e-02 -6.113048e-02 1.325567e-01 1.103048e-02 -1.594396e-01 -2.983122e-02 2.254146e-02 -1.233243e-01 4.452444e-01 -5.002766e-02 8.400222e-02 9.708021e-02 -1.021964e-01 -1.334595e-01 1.648165e-01 1.253157e-01 1.336732e-02 -4.244025e-02 2.580458e-01 6.083930e-02 1.911631e-01 2.194139e-01 -1.092917e-01 6.952601e-02 2.903170e-02 4.641649e-02 -1.490576e-02 -1.015044e-01 -1.094273e-01 -1.013015e-01 -1.617239e-01 -1.064383e-01 
-9.076030e-02 5.250646e-02 -9.197780e-02 -1.510607e-01 1.634967e-01 1.945606e-01 9.212690e-02 -7.829166e-02 -9.208507e-02 2.001527e-01 -9.794045e-03 9.174146e-02 8.972201e-02 1.972713e-01 1.331978e-02 -1.261182e-01 1.328068e-02 1.136887e-01 4.812278e-03 3.774428e-02 1.502995e-01 1.979405e-02 1.957228e-02 2.325204e-01 1.818730e-01 1.272841e-02 -2.493870e-01 -2.322168e-01 -4.050343e-02 -3.190953e-02 3.183807e-01 1.952712e-01 1.893728e-02 -1.316070e-01 -1.237866e-02 -1.555173e-01 -1.776273e-01 -1.917306e-01 -1.622726e-01 -1.703794e-01 -4.910713e-02 1.265721e-01 -7.596301e-02 -8.124654e-02 -3.129845e-01 1.625235e-01 -5.751516e-02 -2.169744e-01 6.061328e-02 
-9.956254e-03 -3.160710e-02 2.695293e-02 -2.403490e-01 2.129321e-01 1.631275e-01 1.035372e-01 1.451775e-01 9.188930e-02 -1.872056e-01 -4.669157e-02 -1.679006e-01 -1.567570e-01 -1.768685e-01 -1.140290e-01 1.170675e-01 -1.042967e-01 -4.922124e-02 1.724228e-01 1.627347e-01 1.616782e-02 -1.710377e-01 -2.490516e-01 -1.172468e-01 -1.106875e-01 5.471193e-03 -6.242301e-02 -1.349113e-01 1.615878e-01 -1.938870e-01 1.961796e-01 -1.370021e-02 -3.569982e-01 1.983368e-02 -5.669880e-03 1.783802e-01 -5.750544e-02 -2.921562e-01 6.456041e-02 3.474709e-03 1.259508e-01 9.221354e-02 7.967271e-03 1.235469e-02 2.280746e-01 8.034599e-02 1.094521e-03 -9.634033e-02 -1.542910e-01 
-2.769126e-03 -3.371675e-01 -8.421147e-02 2.327095e-02 -6.810737e-02 1.045680e-01 -6.904544e-02 -7.858186e-02 4.816428e-02 1.307164e-01 -1.568712e-01 2.032068e-01 -8.633942e-02 -2.533244e-01 5.980867e-03 -1.637419e-01 1.799247e-01 -9.942058e-02 -1.074809e-01 1.386122e-02 1.503194e-01 -5.074519e-02 1.118584e-01 -1.436048e-01 -1.526342e-01 4.848437e-02 2.371827e-01 -1.835607e-01 5.066400e-02 2.108870e-01 1.467330e-01 1.987600e-01 -3.549241e-01 1.575867e-01 -9.908464e-02 7.051546e-02 -1.037118e-01 6.878920e-02 -8.144000e-02 -9.862064e-02 -7.187928e-02 -8.262738e-02 9.483054e-02 4.954917e-02 -1.795771e-01 -2.073182e-01 1.576678e-01 6.359647e-02 8.591464e-02 
-2.052787e-01 -7.310619e-02 -5.268054e-03 2.555471e-01 1.320242e-01 -7.251465e-02 -4.514661e-02 -8.327471e-02 8.273286e-03 -6.874964e-02 1.420855e-01 1.060553e-01 -3.639588e-01 4.440441e-02 6.073303e-02 3.814902e-02 -6.990244e-02 1.019629e-01 3.186760e-02 -8.260138e-02 -3.538360e-02 1.088711e-02 4.726380e-02 2.562896e-01 -1.724854e-01 -9.846382e-02 -2.096689e-01 1.343888e-01 1.800312e-01 2.674045e-01 -2.371633e-01 4.911065e-02 -2.384041e-01 2.398092e-02 -6.527166e-02 -4.834821e-02 -1.148132e-01 1.249738e-02 1.115474e-01 1.228162e-01 -8.346177e-02 1.459571e-01 7.261200e-02 -1.504562e-01 -1.367442e-01 1.895914e-01 1.072956e-01 -8.931988e-02 -2.967655e-01 
-2.029359e-01 -1.538144e-02 -2.616503e-02 -1.206079e-01 -9.293024e-03 1.953881e-02 -1.036995e-01 -3.009711e-02 -4.377492e-02 2.600173e-01 2.065309e-02 -1.543508e-01 3.709890e-02 1.035425e-02 -1.191822e-01 9.635816e-02 3.303803e-01 -6.126828e-02 -3.741726e-01 9.958364e-02 -3.034038e-02 -5.779085e-02 4.031925e-02 2.271334e-01 -2.055035e-01 5.862993e-02 -1.774028e-01 1.192204e-01 1.793280e-01 -1.742356e-01 1.604200e-02 9.426121e-02 9.704882e-02 1.319713e-01 -9.569971e-02 6.187937e-02 -1.594409e-02 -1.860488e-01 -1.009245e-01 4.389353e-01 -3.639938e-02 -1.213958e-01 -5.589045e-02 1.049106e-01 9.448635e-02 -3.246945e-02 3.259248e-03 9.867316e-02 4.117869e-02 
-1.157222e-01 1.178800e-01 -1.466902e-02 -1.811453e-02 -5.701997e-02 2.627445e-01 5.357285e-02 -1.992682e-01 -4.844510e-02 -2.296597e-01 -1.708203e-02 -1.679895e-01 -1.939017e-02 1.372215e-01 1.686489e-01 -9.431522e-02 2.777333e-01 -7.005363e-02 -4.415082e-02 1.368229e-02 2.091837e-01 -3.691233e-02 -4.971341e-02 -2.230136e-01 -2.076255e-01 -8.571033e-02 1.983729e-02 -1.294076e-01 2.513744e-02 7.968189e-04 -1.935145e-01 1.258593e-01 8.372622e-02 -1.570366e-01 -1.342867e-02 3.197574e-02 3.275852e-01 1.590328e-02 -1.989886e-01 -7.267213e-02 -1.734611e-01 2.031053e-01 2.993192e-02 -2.797587e-01 1.249674e-01 1.666749e-01 1.404410e-01 1.178489e-01 3.619993e-02 
-2.730745e-01 1.927100e-01 1.081615e-01 -1.687899e-02 2.546489e-02 7.173716e-02 9.507451e-02 -3.907465e-02 -1.135070e-01 -1.959530e-01 1.571457e-01 2.563079e-01 4.612020e-02 -1.024243e-01 1.863767e-02 -3.256063e-02 -8.543160e-03 -7.775035e-02 -1.443900e-01 1.072467e-01 -7.668728e-02 -2.467214e-01 -4.709949e-02 -1.443736e-01 2.498156e-01 -8.172776e-02 9.024541e-02 2.159323e-02 1.822861e-01 5.110908e-02 -3.239893e-02 -1.719688e-01 -3.983728e-02 -3.766776e-02 -8.720534e-03 -1.299100e-01 2.006136e-01 -1.613577e-01 -1.016003e-01 7.919453e-02 7.522224e-02 9.796699e-02 1.268281e-02 3.114610e-01 -3.693921e-01 -1.178678e-01 -8.074226e-02 2.067602e-01 -1.301431e-01 
-4.795690e-02 -1.165166e-01 -1.388877e-01 -5.570024e-02 -7.079056e-02 8.031986e-03 1.913867e-01 -2.097208e-01 -8.132785e-02 -1.600699e-01 -2.682633e-01 -1.056555e-01 -1.431462e-02 1.692604e-01 4.676947e-02 5.333014e-02 1.857968e-01 4.034012e-01 2.586130e-02 1.591776e-01 2.776178e-03 -6.901422e-02 -1.213674e-01 -1.768112e-02 -1.991687e-01 -1.030600e-01 1.736874e-03 1.719444e-01 7.169607e-02 1.917910e-01 7.403816e-02 -1.745078e-01 -7.068550e-03 -2.436095e-01 1.535518e-01 -7.790295e-02 -2.315257e-01 1.362482e-01 -6.002918e-03 -6.511838e-02 6.739495e-02 -1.304200e-01 -1.795216e-01 3.158335e-01 4.124723e-02 -7.215020e-02 2.955291e-03 -2.203804e-03 -8.214021e-03 
-2.061303e-01 1.710122e-01 -1.748512e-01 1.884519e-01 2.465144e-01 -1.090465e-02 2.187366e-01 1.199730e-01 2.503752e-01 2.312820e-01 -9.999758e-02 -6.837715e-03 1.641513e-01 1.345314e-01 -2.917143e-02 -2.802203e-02 2.904229e-01 -4.695609e-02 2.420026e-01 -6.880126e-02 -2.565347e-01 -1.189716e-01 -1.609348e-01 -2.349742e-02 1.239860e-01 -1.639320e-03 -2.031354e-02 2.655204e-02 1.142451e-01 -2.770122e-02 -3.175306e-02 -2.116986e-02 -9.316105e-02 4.041282e-02 -4.425114e-02 1.354033e-01 -5.795853e-02 1.952776e-01 1.241073e-01 -1.615839e-02 4.782403e-02 1.497889e-01 -1.200916e-01 -2.046888e-01 -5.446867e-02 -2.258574e-01 1.113653e-01 1.623436e-01 1.287258e-01 
-7.251816e-02 -2.718367e-01 2.182033e-01 4.537801e-02 9.944828e-02 -1.099562e-01 1.366780e-01 -1.322215e-01 -1.885175e-01 -8.527575e-02 -1.077604e-01 -1.448442e-01 7.251877e-02 -2.486265e-02 1.417328e-01 -2.096418e-02 4.309036e-02 2.298182e-02 -1.856309e-01 8.278138e-02 -3.190919e-01 5.122716e-02 -1.528563e-01 -6.465191e-02 6.419081e-02 1.930033e-01 -1.415986e-01 1.681736e-01 -2.019538e-01 4.774158e-02 8.507840e-02 -9.550467e-02 -1.628965e-01 3.537527e-01 -5.413843e-02 -2.079381e-01 3.947731e-02 1.703020e-02 -1.725284e-01 -1.065587e-01 7.848990e-02 2.036247e-01 1.364800e-01 -1.529686e-01 5.745612e-02 9.483359e-02 -1.216605e-01 5.786749e-03 1.697526e-01 
-1.832609e-01 -9.059351e-02 -9.574346e-02 7.329480e-02 -7.484012e-02 8.194621e-02 -9.089820e-02 -2.435074e-02 3.120835e-02 1.260305e-01 2.197844e-01 -2.509952e-02 -3.856876e-02 -1.038559e-01 7.437734e-02 -3.082979e-01 -1.774943e-01 2.385423e-01 2.492023e-01 -2.635210e-01 3.173889e-02 -2.083976e-01 -1.367396e-01 -1.830741e-02 -1.342945e-01 -1.727051e-01 -2.202651e-02 1.656553e-01 4.624697e-02 -5.283160e-03 7.939932e-02 1.240025e-01 -4.243993e-02 8.228714e-02 7.245129e-02 3.998771e-02 2.090601e-01 -3.866344e-02 -1.037926e-01 6.637279e-02 1.342207e-01 -1.614455e-01 -4.939227e-02 2.438284e-02 5.390553e-02 1.090994e-01 -3.348473e-01 4.835622e-02 3.295609e-01 
-2.492563e-02 -8.206454e-02 5.793495e-02 -1.025917e-01 2.101061e-01 -1.091373e-01 -1.603998e-02 -2.082463e-01 6.555194e-02 -1.551306e-01 -2.163882e-01 3.143490e-02 2.221278e-03 2.129479e-02 9.599152e-03 -2.018886e-01 4.987882e-02 -1.771170e-01 1.004473e-02 -1.352434e-01 1.284365e-01 -8.017398e-02 1.516935e-01 -3.812797e-02 2.202226e-01 -1.654605e-01 -2.724371e-01 2.399730e-01 -6.260324e-02 4.353024e-02 8.961639e-03 -1.614313e-02 -1.414418e-03 -2.200277e-01 3.546181e-02 1.525357e-01 7.417672e-02 -1.037457e-01 4.881316e-02 1.564812e-01 -1.549876e-02 -6.576759e-02 3.173721e-01 -3.893195e-02 1.021138e-01 -3.533271e-01 -2.361296e-02 -2.867849e-01 8.468417e-02 
-6.661409e-02 -1.229492e-01 -2.074100e-01 1.120538e-02 -1.068591e-01 1.956534e-01 4.347782e-02 1.138694e-01 7.731008e-02 -1.200796e-01 6.982998e-02 -1.297613e-01 -1.732428e-01 -1.007678e-01 -1.249203e-01 -1.065838e-01 3.050831e-03 -1.995330e-01 -6.192732e-02 -1.714514e-01 1.189329e-01 1.949132e-01 -1.181599e-01 -1.035361e-01 4.556727e-02 1.293353e-01 -2.480587e-01 2.054841e-01 -1.194981e-01 7.439672e-02 7.836778e-02 -1.360611e-01 1.711969e-01 3.814299e-02 1.433748e-01 6.022442e-02 -1.941071e-01 -1.469558e-01 2.549588e-01 -8.822649e-02 -2.803002e-01 1.941594e-01 -2.417756e-02 1.612555e-01 -1.270718e-01 4.290284e-02 -4.695610e-03 2.844294e-01 1.335320e-01 
-8.836301e-02 3.876665e-02 -2.192707e-01 -2.658834e-01 -1.547977e-01 -1.037262e-02 -1.567214e-01 -1.584717e-01 -4.377640e-02 -9.709088e-02 1.257485e-01 -6.428117e-02 -1.663399e-01 1.943295e-01 1.361134e-01 -8.810036e-02 -1.217602e-01 -1.591972e-01 -1.398083e-01 5.322619e-03 -3.243706e-01 -2.180167e-01 -1.506017e-01 2.788616e-01 1.456676e-01 -1.522906e-01 3.044925e-01 -7.643895e-02 -2.168572e-02 2.466252e-02 -7.855555e-02 -2.326265e-02 4.397858e-05 7.842263e-02 -1.006545e-01 1.276772e-01 -2.009191e-01 -4.775229e-02 3.404431e-02 -1.759689e-01 -2.031240e-01 4.534125e-02 -2.224656e-03 -8.426420e-03 1.512136e-01 -1.119036e-01 1.150207e-02 -9.815693e-02 1.247503e-01 
-3.948004e-02 -4.885785e-02 -2.694377e-01 -2.010293e-01 1.838475e-01 7.168402e-02 -1.086684e-01 7.167104e-02 9.330720e-02 -1.535682e-01 9.738858e-02 2.456633e-01 1.476668e-01 8.300650e-03 -8.239896e-02 3.426098e-02 -6.524592e-02 7.482747e-02 -2.083194e-01 -2.801047e-01 3.276827e-02 8.714127e-03 -2.342716e-01 -1.169639e-01 1.192970e-01 1.590830e-01 1.400907e-01 1.874718e-01 -1.837816e-02 5.587753e-02 1.691081e-01 8.411786e-02 4.739656e-02 -8.729190e-02 5.309371e-03 -8.308316e-02 -1.331534e-01 2.845270e-01 -2.455576e-01 2.243169e-01 6.147159e-02 1.391738e-03 9.718125e-02 -1.181632e-01 1.693726e-01 1.465789e-01 1.176034e-01 3.275804e-02 -2.048578e-01 
-3.531992e-02 -2.274315e-01 -2.679081e-01 -1.518089e-01 -1.691656e-02 5.796967e-02 -2.214118e-01 1.507702e-01 -1.210392e-01 1.639312e-01 -1.657837e-01 -4.332248e-04 -1.680487e-01 2.981910e-01 6.334818e-02 6.957621e-02 -7.349702e-02 -1.650453e-01 1.243197e-01 2.562794e-01 1.221694e-01 1.367587e-01 -4.723435e-03 -1.516227e-01 2.112931e-01 -5.946451e-02 -9.505896e-02 1.093644e-02 1.598830e-01 -5.607121e-03 -1.982808e-01 -2.963862e-02 -6.810028e-02 -6.730513e-02 -2.589433e-01 -1.720322e-01 7.648713e-02 1.264121e-01 6.607323e-02 3.814565e-02 2.508404e-01 6.472196e-03 1.341119e-01 4.660491e-02 1.827368e-02 9.448379e-02 -1.583894e-01 1.724405e-01 8.702767e-02 
-1.965867e-01 1.503108e-01 1.259631e-01 -1.448103e-01 -1.183185e-01 -5.967789e-02 2.078884e-01 -3.681364e-02 2.313194e-01 6.238410e-02 -2.510407e-01 -5.312692e-02 -4.505408e-02 1.510071e-01 -1.632460e-01 1.870373e-01 -1.690378e-01 -2.095821e-01 6.685073e-03 -7.868000e-02 1.277133e-01 -1.970945e-01 1.408750e-01 1.649918e-01 1.522656e-02 1.038009e-01 6.302472e-02 1.032320e-01 -1.859821e-01 3.960006e-01 1.302932e-01 1.588209e-02 -8.125079e-02 4.716308e-03 -7.489866e-02 -5.426279e-03 1.232346e-01 -7.674422e-02 -4.159363e-02 -8.274707e-02 3.961807e-02 -2.187482e-01 -4.373495e-02 -1.028095e-01 6.319343e-02 1.881620e-01 -7.398475e-02 2.542474e-01 -3.896884e-02 
-3.790071e-02 -8.029892e-02 -4.007273e-02 -2.914371e-01 1.490717e-01 -1.790950e-01 -8.767930e-02 -1.286210e-01 1.067968e-01 5.249518e-02 -1.011795e-01 8.161490e-03 9.448856e-02 -1.175799e-01 -1.175808e-01 5.376867e-02 -6.926579e-02 1.556366e-01 1.859369e-01 -8.326269e-02 -1.705835e-01 5.191876e-02 1.625662e-01 -1.963756e-01 4.600632e-02 2.734441e-02 -1.032125e-01 1.218552e-01 5.618908e-02 3.196800e-02 -1.731412e-01 1.820876e-01 7.728956e-02 9.686763e-02 -2.912529e-01 1.009114e-01 1.848544e-01 -1.832993e-02 -1.211059e-01 -1.622768e-01 -2.908300e-01 1.568235e-01 -2.715736e-01 3.105220e-01 -3.095222e-03 1.220770e-01 1.099533e-01 -7.323959e-02 -5.027311e-02 
-6.612973e-02 -2.099353e-01 1.844559e-01 -9.380092e-02 4.167521e-02 6.554470e-02 9.444411e-03 1.051069e-01 9.816547e-02 -2.859967e-02 9.059557e-02 -4.012680e-02 -3.687457e-02 1.743495e-01 -3.323093e-01 -1.788811e-01 -4.546825e-02 1.197422e-01 -1.322221e-01 -2.159254e-01 -3.319263e-01 2.998450e-01 2.179260e-01 5.383542e-03 -7.469225e-02 -1.256076e-01 3.663196e-02 -2.157448e-01 2.922766e-02 1.040982e-02 -1.084745e-01 -1.134660e-01 -1.116531e-01 -3.030414e-01 5.079683e-02 1.826908e-02 -2.764196e-02 -1.621162e-01 -1.809376e-01 -5.768964e-02 1.933280e-01 3.003201e-02 -3.319450e-05 -4.104177e-02 5.133986e-02 -8.121013e-02 5.652203e-02 2.149141e-01 7.238103e-02 
-1.493678e-01 -8.357215e-02 7.758002e-02 1.792489e-01 1.991251e-01 -1.839925e-01 -1.415793e-01 -1.124466e-01 5.197651e-02 -1.938037e-01 3.902822e-03 -1.484923e-01 1.617333e-01 -4.128808e-02 -1.895465e-01 -6.528812e-02 9.219863e-02 7.679552e-02 -1.134920e-01 -1.449759e-03 1.601303e-01 -1.970101e-02 -2.483962e-01 2.009020e-01 2.181408e-01 -6.633924e-02 -2.190861e-02 -2.146484e-01 -3.678545e-02 -1.202758e-01 -1.120925e-01 2.738337e-01 -3.785645e-02 2.015011e-03 3.649496e-03 -8.515430e-02 4.168271e-02 6.316849e-02 2.535361e-01 -2.233603e-01 3.204738e-02 -2.405841e-01 1.448752e-01 2.147650e-01 6.721651e-02 1.617702e-01 1.151275e-01 1.995489e-01 1.787431e-02 
-1.008507e-01 -1.075515e-01 -1.070189e-01 1.881427e-01 -1.107121e-01 -6.104032e-02 1.835789e-01 8.490998e-02 1.545191e-01 -1.559259e-01 -1.360756e-01 1.741859e-01 -7.542352e-02 8.753796e-02 9.120586e-02 2.190284e-01 -1.174190e-01 -5.432286e-02 -1.349570e-02 4.201727e-02 -8.608846e-02 7.098291e-02 -3.983885e-02 -1.888238e-02 2.225383e-02 -1.997336e-01 -2.281367e-01 -3.339469e-01 -7.387264e-02 1.529679e-02 -1.339792e-02 2.936313e-01 1.996648e-01 1.990278e-01 1.836710e-01 1.970191e-01 -5.356496e-02 6.123022e-02 -3.041199e-01 9.963149e-02 -1.482044e-02 6.756730e-02 5.577062e-02 1.667861e-01 1.078616e-01 -1.195479e-01 -2.178454e-01 4.936114e-02 -7.814785e-02 
-1.842157e-01 1.817345e-01 5.847153e-02 -9.564054e-02 -7.133031e-02 -3.129988e-02 -6.124127e-02 -2.859063e-01 1.933457e-01 3.326361e-02 -7.512859e-02 1.820173e-02 -1.558304e-01 -1.349466e-01 -1.178419e-01 1.516437e-01 4.269456e-02 2.460616e-02 -5.767048e-02 -4.977572e-02 1.072024e-02 2.486549e-01 -1.849311e-01 -2.546577e-01 -7.137496e-02 -9.283928e-02 4.859858e-02 1.123958e-01 1.097630e-01 -1.835429e-01 -1.189355e-01 2.814108e-02 1.727502e-01 9.569749e-02 -8.625590e-02 -3.213555e-02 -2.504080e-01 -8.401964e-02 -4.245894e-02 -2.475788e-01 1.570013e-01 -2.166649e-01 8.205129e-02 -2.691729e-01 -2.293952e-01 -7.200611e-02 -2.143498e-01 -8.630416e-02 -6.439025e-02 
-2.596131e-01 1.711520e-01 -1.809098e-01 -8.464272e-03 -4.586076e-02 1.062153e-01 -2.951648e-01 1.756820e-01 1.316856e-01 6.110366e-02 2.563643e-02 3.527742e-02 7.502451e-02 -1.689278e-01 1.265582e-01 -6.403606e-02 2.336681e-01 6.352871e-02 -8.669226e-02 1.014736e-01 -1.451657e-01 7.384035e-02 2.206440e-01 7.434104e-02 -9.521544e-02 -2.593915e-03 -1.421358e-01 1.342487e-02 -1.535587e-01 6.520058e-02 1.673306e-01 -1.350330e-01 -4.969190e-02 -3.749455e-02 5.525459e-02 1.041278e-02 1.709980e-01 8.610761e-02 6.943933e-02 -3.620014e-01 7.396710e-02 4.278629e-02 1.657394e-01 8.736608e-02 2.102621e-01 -1.182910e-02 -1.963220e-01 -7.995521e-02 -2.998739e-01 
-5.570215e-02 4.128578e-03 -1.956130e-02 -2.664557e-01 -1.777103e-01 -2.598644e-02 3.221191e-01 -1.017881e-01 1.681833e-02 6.963604e-02 1.269017e-01 -6.408994e-02 -2.114194e-02 -2.142074e-01 1.851287e-01 -1.368245e-01 2.300967e-02 -8.746131e-02 -5.235055e-02 2.285570e-02 -1.528158e-01 2.374693e-01 -4.852303e-02 2.426212e-03 6.480350e-02 -1.568471e-01 -7.323997e-02 -9.122057e-02 1.099827e-02 1.831502e-01 1.085890e-01 1.107956e-01 1.407943e-01 1.363051e-02 -4.135764e-02 1.411938e-01 1.186871e-01 1.456740e-01 2.605427e-01 1.442449e-01 3.810999e-01 -3.135446e-02 1.753021e-02 5.275759e-02 -6.526097e-02 2.020187e-01 2.951999e-01 -1.162321e-01 1.264172e-03 
-1.094873e-02 2.445960e-03 -2.284569e-01 -1.820518e-01 1.980043e-01 -1.161831e-01 -1.037137e-02 -8.388984e-02 1.725387e-01 -1.771955e-01 5.542697e-02 -7.738366e-02 2.036200e-01 9.873737e-04 1.758943e-01 -1.034479e-01 -1.582453e-01 4.944242e-02 3.980716e-02 1.951148e-01 -9.451694e-02 -1.178392e-01 2.480113e-01 -8.429523e-02 -2.270322e-01 6.441168e-02 -1.081358e-01 -1.823310e-01 -1.883907e-01 -1.310448e-01 -1.033702e-01 -1.999870e-01 -3.544113e-02 4.914899e-02 3.115658e-02 9.505034e-02 -1.454031e-01 6.714647e-02 3.279382e-02 1.751272e-01 -9.847313e-02 -2.341152e-01 1.590961e-01 -1.101827e-01 -3.093667e-01 1.610696e-01 -3.578764e-02 2.017528e-01 4.627735e-02 
-2.262647e-01 5.912171e-02 5.808505e-02 6.829475e-02 4.129906e-02 1.047658e-02 -1.915853e-01 -8.444360e-02 -2.884261e-01 1.562448e-02 -1.686103e-01 -2.256827e-01 -1.339330e-01 -7.466547e-02 -2.453322e-02 6.133070e-03 -2.670246e-01 2.629213e-02 1.658575e-01 1.040256e-01 -1.231194e-01 2.564650e-01 -1.462067e-01 1.182045e-01 -2.294060e-03 1.011928e-01 6.495614e-02 4.295489e-03 -2.186046e-02 -6.273530e-02 3.286371e-01 4.266604e-02 2.586864e-02 -1.855151e-01 -1.314552e-02 2.248709e-01 1.903108e-01 2.102408e-01 -1.043140e-01 1.150910e-01 -1.789245e-01 -6.021248e-02 4.234846e-02 -6.710948e-02 -1.842897e-01 -1.966262e-01 8.086449e-02 1.580873e-01 -1.135077e-01 
-2.192381e-01 -3.856815e-02 9.931675e-02 -9.853727e-02 5.289943e-02 -1.947609e-01 4.609597e-02 -3.467864e-02 -2.492801e-01 2.138766e-01 1.441601e-01 1.518492e-01 -1.505347e-01 -8.958105e-02 -2.680406e-01 7.111348e-02 1.375731e-01 -9.931437e-02 2.659991e-01 1.507794e-01 -7.530391e-02 -2.197496e-01 8.136777e-02 -1.345461e-01 -1.328262e-01 -1.413348e-04 1.287548e-01 1.245969e-03 -2.055473e-01 -2.603045e-02 -9.250732e-03 1.177221e-01 2.020936e-01 -1.724985e-01 2.127459e-01 -5.453418e-02 -2.010675e-01 7.614813e-02 1.985522e-02 -1.844778e-03 -2.125216e-02 1.825401e-01 3.009371e-01 4.883344e-02 1.025702e-01 1.514521e-01 2.402084e-02 2.468945e-02 9.286841e-02 
-1.551103e-01 1.222051e-01 9.877644e-02 -1.428212e-01 7.004052e-02 1.857635e-01 -2.914851e-02 -5.610137e-02 2.464601e-02 1.741726e-01 -3.994555e-01 2.150975e-02 1.131390e-01 1.725688e-02 1.655143e-01 -1.002887e-01 -7.017466e-02 -3.512924e-02 9.258134e-02 -2.799544e-01 1.463647e-02 1.828138e-01 -1.338965e-01 1.102111e-01 -1.265415e-01 1.263457e-01 2.312124e-01 -1.429017e-01 -6.735004e-02 -3.828562e-02 -2.888952e-01 -6.487847e-02 -7.614107e-02 1.142308e-01 2.428881e-01 -1.399902e-01 -1.821363e-02 -6.207728e-02 1.179701e-01 2.122486e-01 -2.267179e-02 1.459807e-01 1.395461e-01 2.549192e-01 -6.414278e-04 6.182429e-02 -7.191175e-02 -1.026323e-01 -5.638564e-02 
-6.841444e-02 -1.193229e-01 1.590494e-02 1.135402e-01 -5.323406e-02 -4.452390e-02 -1.350569e-01 -8.287434e-02 -4.974113e-02 -8.650008e-03 -1.526235e-01 -3.007451e-01 1.760078e-01 -2.891866e-01 1.138882e-02 -1.146907e-01 -1.775805e-01 -3.102384e-01 -7.112653e-02 -1.340924e-01 2.376925e-03 -2.802227e-01 1.205688e-01 -2.281908e-03 -4.160004e-02 1.325194e-02 -9.891350e-02 -1.328648e-01 1.768524e-01 2.099967e-02 -5.046940e-02 7.975272e-03 1.462137e-01 -1.948850e-01 -2.097613e-02 -1.270741e-01 -2.514789e-01 1.936483e-01 -4.852757e-02 -2.068878e-02 2.056770e-01 2.099468e-01 -2.817118e-01 -6.556113e-02 4.068788e-03 3.730579e-03 -1.310394e-01 -1.595449e-02 -1.389119e-01 
-1.562266e-01 -4.922289e-02 -1.591042e-01 -7.541708e-02 5.462109e-02 -1.192592e-01 -1.154391e-01 2.509599e-01 -1.780013e-01 -2.728708e-02 -1.298094e-01 1.260040e-01 1.416668e-01 -2.090563e-01 -9.889601e-02 7.609482e-03 -9.639576e-02 1.043848e-01 -4.732832e-02 1.773462e-01 2.141780e-01 1.891517e-03 -1.848376e-01 1.782039e-01 -5.855260e-02 -1.241814e-02 -2.181917e-02 2.438820e-02 -1.290097e-01 2.167607e-01 -3.122963e-01 -1.556707e-01 1.309987e-01 6.944579e-02 1.243987e-01 2.155945e-01 6.465070e-02 -2.070349e-01 -1.519705e-01 -1.062775e-01 2.022430e-01 5.552457e-02 -1.284541e-01 -2.069126e-01 -6.188551e-02 -9.156597e-02 2.170840e-01 -7.259068e-02 1.445145e-01 
-1.143473e-01 -9.014688e-02 9.134432e-02 6.870384e-02 -8.289492e-02 2.013781e-01 -1.263290e-01 -2.396508e-01 1.647077e-01 2.387340e-01 4.152441e-02 1.353341e-01 -5.301029e-02 -2.393696e-02 -4.769855e-02 3.683773e-01 -1.969876e-01 8.585185e-02 -1.945792e-01 -7.577150e-02 4.045802e-02 -1.787220e-01 -1.019839e-01 -9.487954e-02 2.061877e-02 -7.027707e-02 -2.356791e-01 -1.840992e-01 -1.617286e-01 -1.325758e-01 1.365069e-02 -3.428936e-01 -8.323287e-02 -9.513868e-02 -7.611499e-03 2.391133e-02 1.267772e-01 2.099871e-01 7.682115e-02 3.695976e-03 -3.807349e-02 5.639395e-02 -2.900807e-02 4.244295e-02 2.645524e-02 9.078432e-03 2.214957e-01 -1.157926e-01 2.170883e-01 
-2.461541e-01 -4.434840e-02 -6.090720e-02 -4.527063e-02 -2.080761e-01 -3.113901e-01 -3.119442e-02 9.507528e-02 2.855074e-02 7.603793e-02 -3.887642e-03 -1.919974e-01 -8.176441e-02 2.301197e-01 1.941409e-01 -3.984315e-02 -1.210757e-01 1.693154e-01 -2.783320e-02 -1.422170e-01 1.801365e-01 -1.079510e-01 1.850729e-01 -1.973190e-01 8.341661e-02 1.561816e-02 2.821031e-02 5.498264e-02 1.385423e-02 -2.714453e-01 1.355539e-01 4.933176e-02 -3.912209e-02 1.863286e-01 2.190397e-01 -1.323151e-01 -8.160684e-03 -1.519308e-01 2.758981e-04 -6.272960e-02 1.098824e-01 1.049788e-01 1.318873e-02 -2.831066e-02 -1.560278e-02 -1.446911e-01 3.793112e-01 5.248879e-02 -1.760556e-01 
-1.863926e-01 3.843245e-02 1.712402e-01 -1.132883e-01 1.332609e-01 -1.311018e-01 9.920430e-02 2.232358e-01 -1.263865e-01 -2.567256e-01 -9.027680e-02 1.516028e-01 -2.673591e-01 -5.658689e-02 1.648176e-01 2.215998e-02 1.739264e-01 3.286286e-02 3.681031e-03 -2.715504e-01 2.174629e-01 2.990642e-02 1.747195e-01 1.824943e-01 -4.128043e-02 2.455811e-02 5.643831e-02 -9.375472e-02 5.261648e-02 -2.406146e-01 1.041785e-01 -2.227628e-01 9.207820e-02 6.602051e-02 -2.833171e-01 1.248951e-01 -8.014847e-02 2.497730e-01 -2.680856e-02 -6.069405e-02 5.041337e-02 1.683816e-02 -9.267647e-02 6.596164e-02 1.613502e-02 8.059273e-02 -6.996549e-02 1.510946e-02 2.226312e-01 
-1.287074e-01 -1.755713e-01 1.636288e-01 1.154815e-03 2.015274e-01 -4.649105e-02 3.548065e-03 -1.129372e-01 1.325047e-01 7.266325e-02 2.315035e-01 1.772532e-01 1.552697e-01 9.548200e-02 2.374407e-01 -7.914980e-02 -1.249035e-01 -1.875191e-01 1.996791e-01 1.029054e-01 1.168427e-01 1.425621e-01 -1.640919e-01 3.369468e-02 -2.619632e-01 9.322609e-03 -2.325344e-02 -7.693223e-02 8.753617e-02 1.198353e-01 1.519095e-01 -1.684181e-01 2.734739e-01 3.230739e-02 -1.904001e-01 -2.226365e-01 -4.399425e-02 -1.492965e-01 7.258137e-03 -7.520956e-02 -5.565583e-02 -8.163857e-02 -4.970497e-02 3.879925e-02 2.521128e-01 -2.252091e-01 1.210123e-01 1.159053e-01 -8.362529e-02 
-8.612378e-02 -1.474747e-01 8.084385e-02 -4.473394e-02 -1.829032e-01 3.703390e-02 -2.074046e-01 2.517201e-02 2.456466e-01 -1.949650e-01 1.829098e-01 -2.321403e-01 1.124721e-01 -8.950904e-02 1.698568e-01 3.816016e-01 2.206731e-01 1.408974e-01 2.916471e-01 -5.516993e-02 3.961513e-03 1.302969e-02 3.317041e-02 1.183002e-01 1.680977e-01 2.468844e-01 9.824167e-02 -8.150118e-02 3.866500e-02 2.003740e-01 3.496665e-03 5.592835e-02 4.548539e-02 -1.337698e-01 -5.990901e-02 -2.869887e-02 -5.990152e-02 -1.337450e-01 -6.534390e-02 1.414194e-01 7.888271e-02 1.127592e-01 1.645639e-01 1.052679e-03 -1.426847e-01 -8.448383e-02 -1.768568e-02 -7.421887e-02 1.769547e-01 
-3.787656e-02 -1.849365e-01 7.928852e-02 -1.737548e-01 1.711771e-01 2.278680e-01 1.175219e-01 1.486914e-01 -2.765404e-01 1.314839e-01 1.188066e-01 -2.393079e-01 2.056564e-02 -1.284088e-02 -3.510322e-03 1.370320e-01 7.068015e-02 2.137375e-01 -2.256882e-02 -1.977709e-01 7.067297e-02 -1.375090e-01 1.805860e-02 -1.289798e-01 1.067366e-01 -2.277181e-01 2.556320e-02 -1.490104e-01 -2.223712e-01 1.793233e-01 -1.021571e-01 -5.315644e-03 1.250532e-01 1.670887e-01 -1.186425e-01 6.113523e-04 -1.526974e-02 4.905028e-02 1.867789e-01 4.423505e-02 -1.170021e-01 -1.320619e-01 -1.206273e-02 -1.351252e-01 -3.400549e-02 -2.245914e-01 -1.615770e-01 3.926154e-02 -3.016247e-01 
-5.201351e-02 -1.658684e-01 -4.891233e-02 -2.015675e-01 1.691703e-02 1.552010e-02 4.673628e-02 -1.800508e-02 -2.485708e-01 -5.898356e-02 1.470929e-01 1.277350e-01 1.294613e-01 1.488073e-03 1.509266e-01 3.110831e-01 8.482472e-02 -3.283957e-01 1.054706e-01 -1.980667e-01 -1.019733e-01 8.199679e-02 3.536435e-02 8.148539e-02 -4.921290e-02 5.816908e-02 -1.439262e-01 8.877701e-02 1.286886e-01 -1.255279e-01 -9.702042e-02 1.049111e-01 -2.325868e-01 -6.786753e-02 3.966243e-01 -3.384089e-02 1.102870e-01 6.566329e-02 6.684203e-03 -2.091200e-01 -4.485935e-02 -2.884941e-01 -1.870009e-01 -5.895866e-02 -6.171691e-02 -3.940741e-02 4.475161e-03 8.720063e-03 9.634237e-03 
-2.478498e-01 -4.414880e-02 1.889962e-01 1.914148e-01 1.241014e-01 1.360061e-01 -2.665742e-01 8.963903e-02 -5.060619e-02 -1.146465e-01 -1.488598e-01 1.463956e-01 8.308457e-02 1.159678e-01 1.640883e-01 4.987909e-02 -6.824856e-03 -7.533503e-03 -9.042522e-02 1.205018e-01 -1.454660e-01 5.700161e-02 1.565558e-01 -2.999630e-01 1.136774e-01 -9.798058e-02 1.582077e-01 5.020991e-02 -2.102471e-02 9.908470e-02 1.426516e-01 1.241431e-01 6.660219e-02 -1.129228e-02 8.981390e-02 1.429163e-01 -1.504336e-01 -1.850851e-01 2.672055e-01 1.287865e-01 -3.059640e-02 -1.235705e-01 -2.949307e-01 -1.000376e-01 7.381299e-02 2.457870e-01 2.046017e-02 -9.266749e-02 1.357376e-01 
-6.334080e-02 -1.068284e-01 -8.603650e-03 4.343372e-02 2.228325e-01 -5.393687e-02 2.367428e-01 -8.677789e-02 8.093678e-02 2.548886e-01 1.510174e-01 -1.554055e-01 9.294535e-02 -7.695518e-02 1.465096e-01 1.068458e-01 -1.603699e-01 8.012898e-02 -2.281266e-01 1.318582e-01 2.278755e-01 1.466450e-01 1.536458e-01 2.481692e-02 1.728118e-01 7.732248e-03 2.567661e-01 9.313464e-02 3.392580e-01 4.275445e-02 -3.956325e-02 -9.553020e-02 -1.502947e-02 -7.200051e-02 1.968770e-01 2.966749e-01 -2.234825e-02 5.425644e-02 -5.002510e-02 -1.329537e-01 -1.245981e-01 1.264510e-01 1.430577e-01 1.028908e-02 1.106611e-01 1.018015e-01 -1.885525e-01 2.667218e-02 4.923486e-02 
-2.470224e-01 1.463170e-01 -3.511111e-03 1.188551e-01 -1.302246e-01 2.096185e-01 2.429261e-01 2.733600e-01 -6.372521e-02 5.809709e-03 -1.247412e-02 -1.116868e-01 1.262553e-02 -1.841202e-01 2.356640e-02 -8.955488e-02 -1.610381e-01 2.630394e-02 3.652181e-02 6.892275e-02 -8.748211e-02 1.033898e-02 8.007351e-02 -8.928729e-02 1.340099e-01 1.177743e-01 -1.232226e-01 6.647656e-03 1.174476e-01 5.454275e-03 -2.001983e-01 1.372851e-02 -3.260061e-02 -6.252955e-02 -1.327268e-01 -2.181117e-01 -1.850711e-01 3.953738e-02 -1.963890e-01 -3.044090e-02 -2.272511e-01 -3.618955e-01 1.652262e-01 4.876693e-02 1.822656e-01 -5.632740e-03 2.209237e-01 -1.917887e-01 1.297308e-01 
-7.794213e-02 -2.728830e-01 -1.896384e-01 2.141381e-01 9.301217e-02 -9.686149e-02 1.729436e-01 -2.295486e-02 1.197026e-01 1.213524e-01 2.929385e-02 -2.879016e-02 -2.747774e-01 -4.401559e-02 1.420812e-01 -7.389466e-02 1.379900e-01 -1.033069e-01 -4.092160e-02 -5.311465e-03 -5.048863e-02 -2.894484e-02 -1.077715e-01 -2.291138e-02 1.053022e-01 2.568296e-01 1.871427e-01 -3.027659e-02 -3.369783e-01 -1.797614e-01 -1.291673e-01 -6.846177e-02 5.081571e-02 -2.884730e-01 -8.858344e-02 4.041303e-02 1.472578e-01 -1.935372e-01 -1.038035e-01 4.117438e-02 4.513372e-02 -1.737452e-01 -2.081890e-01 5.688182e-02 -5.045959e-02 8.258253e-02 -7.031277e-02 -1.642152e-01 -2.029794e-01 
-5.794932e-02 6.638854e-03 -2.960100e-01 1.201204e-01 4.777430e-02 5.419164e-02 1.133239e-02 -3.317715e-01 -1.764586e-01 -1.173000e-01 5.244555e-03 2.334833e-02 -9.491330e-02 3.879966e-02 -3.058766e-01 -2.868858e-02 5.349539e-02 3.872090e-02 1.469552e-01 -7.782651e-02 -2.816225e-02 2.442551e-02 2.116325e-01 -3.676904e-02 1.427509e-01 2.971477e-01 1.970460e-02 -2.833725e-01 2.385812e-01 1.115432e-01 7.533279e-02 -2.386390e-01 1.556131e-01 3.048091e-01 1.188103e-01 -2.003054e-02 1.389364e-01 -6.402912e-02 6.410940e-02 5.412577e-02 8.905330e-02 -1.056816e-01 -1.998394e-02 -7.498925e-02 1.667384e-01 1.722773e-02 -6.862466e-03 -1.114057e-01 -1.021492e-02 
-9.228631e-02 -2.059859e-01 -2.059969e-01 1.271551e-01 -8.988698e-02 -1.520398e-01 1.280674e-01 2.196966e-01 -2.196748e-02 -7.390403e-02 -1.279994e-01 -5.731795e-02 2.541559e-01 9.641942e-02 -1.806764e-01 1.442846e-01 -3.362173e-02 -1.172869e-01 -7.245300e-02 -1.395814e-01 -8.789279e-02 -1.307594e-02 -7.327388e-02 -1.264352e-02 -2.619468e-01 -2.376719e-01 1.775915e-01 -1.082796e-02 1.654921e-01 -3.699680e-02 1.973490e-01 -1.081276e-01 1.016206e-01 -5.212001e-02 -1.466673e-01 -1.111481e-01 2.220750e-01 -8.767398e-02 1.217214e-01 -3.131546e-02 -1.687665e-01 2.267138e-02 2.302523e-01 -2.301152e-02 -2.096392e-01 1.344883e-01 -3.440406e-02 -2.929456e-01 3.365509e-02 
-4.374235e-02 -4.411034e-02 -2.354518e-01 8.748635e-02 -9.487243e-02 1.777753e-01 2.200134e-01 -2.052312e-01 -1.300970e-01 -9.484271e-02 -9.972918e-02 2.152171e-01 1.552666e-01 -2.113621e-01 5.048015e-02 1.641512e-01 -1.674695e-01 1.709637e-01 1.337937e-02 -1.161581e-02 -2.695077e-02 4.760695e-02 2.186052e-01 1.722953e-01 -2.687740e-02 -1.092141e-02 8.675414e-02 1.383824e-01 -1.276657e-01 -2.621434e-01 -2.969747e-02 1.941200e-01 -2.635207e-02 -1.184142e-01 -2.413027e-01 -7.717790e-02 -1.885206e-02 -1.980652e-01 2.362491e-01 1.413224e-02 9.637232e-02 1.632009e-01 3.716951e-02 -1.171835e-01 1.705209e-01 -1.327054e-01 -8.781498e-03 2.438909e-01 2.283671e-02 
-1.453916e-01 -1.035828e-01 4.914111e-02 1.217299e-01 -2.020722e-01 1.561421e-01 9.584309e-03 -1.422155e-01 -4.514166e-02 -4.941972e-02 1.393667e-01 -5.430930e-02 2.898816e-01 1.122904e-01 -1.812158e-01 -6.545681e-02 9.096743e-02 -1.802261e-01 2.637043e-01 5.856178e-02 1.774488e-01 1.466558e-01 7.085673e-02 7.623845e-02 1.134824e-01 -2.460651e-01 8.481978e-02 1.679737e-01 -2.042817e-01 -1.572031e-01 -2.265158e-02 -1.975095e-01 -1.937579e-01 1.924558e-01 -1.087634e-01 2.188106e-01 -1.845142e-01 7.727043e-02 -2.201019e-01 6.234246e-02 5.972769e-02 2.055866e-02 -5.050807e-02 9.828082e-02 -5.786688e-03 1.446931e-01 5.935371e-02 -8.774241e-02 -1.933020e-01 
-1.008997e-02 -5.433117e-02 -3.821762e-02 -1.440584e-03 3.334906e-01 3.181857e-01 1.127227e-02 3.822753e-02 2.382312e-01 -1.382516e-01 3.907673e-02 -1.761710e-01 -1.984149e-01 -8.152924e-03 -1.115510e-01 6.592371e-02 -9.382865e-02 -1.053036e-01 -1.429314e-02 1.906915e-01 -3.149875e-03 -2.580600e-03 2.121716e-01 1.620941e-01 -8.032441e-02 -1.351789e-01 1.995144e-01 2.041795e-01 -1.033802e-01 -7.988059e-02 2.643197e-03 1.352446e-01 1.681317e-01 1.892708e-01 1.591021e-01 -2.822193e-01 1.401198e-01 1.850406e-01 -5.754693e-02 -3.353487e-02 1.412070e-01 3.807510e-02 -9.030246e-02 7.712354e-02 -1.271689e-01 -1.282397e-01 1.265657e-01 -1.414200e-01 1.262392e-01 
-2.523435e-01 1.358633e-01 -7.962158e-02 -1.070275e-01 -6.903818e-02 -2.669736e-01 7.860428e-02 1.131126e-03 4.106536e-02 -1.084595e-01 2.105636e-01 -3.792588e-02 3.736740e-02 -1.713476e-03 -1.716339e-01 -3.818928e-02 -4.313814e-02 -6.734301e-03 -9.994492e-02 1.456539e-01 1.938039e-01 2.426124e-01 -1.647073e-02 -1.138513e-01 -4.975408e-02 3.821792e-02 3.586756e-02 -1.334128e-01 -1.539896e-01 7.153935e-02 -1.815383e-02 8.906799e-02 -3.114058e-01 -5.649998e-02 -1.074606e-02 -2.131458e-01 4.053784e-02 1.455019e-01 1.535150e-01 2.106813e-01 -1.311502e-01 1.296593e-01 -2.848150e-01 -5.631024e-02 8.868351e-02 -2.138976e-01 -2.489213e-01 -1.846173e-01 1.377799e-01 
