-6.103742e-02 5.725967e-02 1.628877e-01 4.103489e-02 -2.555527e-01 -1.866345e-01 1.318175e-02 -2.129319e-01 1.672044e-01 -8.226549e-02 -2.330731e-02 -1.780578e-01 3.737066e-02 1.305724e-02 6.584794e-02 -9.088526e-02 1.628491e-01 2.800463e-01 2.529676e-01 -2.170330e-01 -4.968739e-02 1.660511e-01 2.965480e-01 -1.848684e-01 2.065252e-02 1.385849e-02 -2.345128e-01 -7.992977e-02 1.901267e-01 -1.826776e-01 2.299312e-02 -1.573673e-01 8.152768e-03 1.447623e-01 -4.486616e-02 -2.283959e-02 -5.493498e-02 -5.218085e-02 2.411797e-02 3.808471e-02 -2.137209e-01 -4.754784e-02 -2.361249e-01 -9.521668e-02 1.776949e-01 2.789497e-03 1.346875e-01 1.045755e-01 -7.084651e-02 -5.662024e-02 
-1.896700e-01 -2.724606e-02 1.501048e-01 8.248941e-02 -5.299339e-02 1.212733e-02 2.905854e-02 -1.367931e-02 -4.279817e-02 -1.591856e-01 3.745999e-01 1.309893e-01 1.787307e-01 -5.512091e-02 -1.702645e-01 3.846830e-02 6.742194e-02 -1.105502e-02 5.801610e-02 -7.656676e-02 2.988336e-01 6.865661e-02 8.120031e-02 -2.714878e-02 -7.101627e-02 -1.969691e-01 -9.994318e-02 1.341390e-01 -1.277128e-01 1.679860e-01 4.721089e-02 1.635728e-01 -3.446152e-03 1.161741e-01 -3.835740e-01 1.868124e-02 1.530714e-01 -1.808310e-01 -1.896329e-01 -3.921711e-02 -1.003136e-01 1.305888e-01 -4.025415e-02 -4.573254e-02 -1.419138e-02 4.937008e-02 -1.658636e-01 -2.481797e-01 1.825833e-01 9.354322e-02 
-1.126107e-01 -8.800572e-02 -1.735503e-01 -1.339302e-01 -4.355869e-02 1.018430e-01 1.498897e-01 1.229289e-01 -1.827264e-01 2.980949e-03 2.744440e-03 1.203064e-01 -2.572988e-01 -1.517238e-01 6.052205e-02 1.175687e-01 -5.145018e-02 -1.291937e-01 -8.788727e-03 3.120341e-02 3.187614e-02 1.765081e-01 -1.091092e-01 -8.342476e-02 2.266624e-01 1.003460e-02 -4.360843e-01 -1.818715e-01 8.537046e-02 1.404760e-01 1.198023e-01 -2.019472e-01 3.855428e-02 1.474788e-01 5.532426e-03 9.381745e-02 -1.651348e-01 3.601106e-02 -1.218316e-01 -5.719380e-02 -2.365354e-02 2.902132e-01 -1.166776e-03 2.194201e-01 1.561975e-01 -1.381913e-02 5.308365e-02 -6.524677e-02 3.644291e-02 -2.326079e-01 
-2.091823e-01 1.146053e-01 -1.675632e-01 -2.623786e-01 8.899097e-02 2.254524e-01 -1.178514e-01 9.301106e-02 2.303101e-01 8.411166e-03 1.250449e-01 -2.096230e-01 1.021976e-03 1.736414e-01 4.549700e-02 3.915420e-02 -1.130939e-01 9.663107e-02 -1.748950e-01 -1.205107e-01 3.326277e-02 -5.783148e-02 -1.183844e-01 -2.058809e-01 3.544817e-02 -3.212060e-01 -1.505840e-01 -1.302325e-01 -2.169541e-01 -1.176437e-02 7.228745e-02 -1.703610e-01 1.072177e-01 -4.356823e-02 3.915216e-02 9.597155e-02 -1.631525e-03 -7.791357e-02 -1.652739e-01 -6.380839e-02 5.540985e-02 -1.414402e-01 -4.596044e-02 -1.331290e-01 -4.507660e-03 8.704987e-02 -2.431568e-02 1.712335e-01 -1.869892e-01 2.964054e-01 
-1.519265e-01 -9.853203e-02 5.715404e-02 1.933128e-01 -1.856837e-01 -1.283907e-01 -1.992727e-01 1.354624e-01 8.852152e-02 -1.043525e-01 2.073315e-01 -1.627271e-01 2.568135e-01 -1.098627e-01 -2.689119e-01 -1.497295e-01 6.371128e-02 -1.366141e-01 -9.398103e-02 1.458998e-01 -1.812209e-01 -4.425803e-02 2.105585e-02 3.510459e-02 2.496274e-02 -6.793571e-02 -1.184534e-01 -2.310991e-01 8.432557e-02 5.379300e-02 -9.736699e-03 -2.393425e-02 -1.589784e-01 -2.586921e-01 1.583007e-02 -5.453673e-02 -1.319224e-02 1.884764e-01 1.257045e-03 -2.539462e-01 1.640522e-01 -1.593500e-02 2.237773e-01 1.166876e-01 2.248435e-01 8.508325e-02 1.693797e-01 9.284943e-02 4.859049e-02 2.224676e-03 
-2.177091e-01 -6.461928e-02 -1.472268e-01 1.666796e-01 1.514038e-02 -2.167301e-01 7.565317e-02 -9.617656e-02 7.811816e-02 -6.214965e-02 1.177156e-01 -1.585933e-01 -1.084401e-01 1.423338e-01 2.341354e-01 3.670687e-02 -1.462566e-01 8.311800e-02 -1.870253e-01 2.676085e-01 -2.719397e-01 -1.307714e-01 -2.111381e-02 1.284075e-01 4.092452e-03 -1.150731e-01 3.608890e-02 1.809756e-01 1.847252e-01 7.170921e-02 1.876262e-02 2.793960e-01 -1.668222e-01 2.346173e-01 -1.058131e-02 2.121520e-01 -7.061202e-02 -1.959172e-01 -6.346548e-02 -3.882087e-03 5.909704e-03 1.040322e-01 -1.316077e-01 2.798433e-02 9.340755e-02 8.797257e-02 -1.356424e-01 2.128188e-01 3.046180e-02 -7.944854e-02 
-1.309029e-01 1.729812e-01 5.659066e-02 9.422985e-02 -1.956730e-01 2.416267e-01 -5.621731e-02 -1.024216e-01 1.454078e-01 7.093969e-02 4.363931e-02 -8.710527e-02 3.425899e-02 2.636247e-01 -9.694501e-02 -3.395401e-02 7.797531e-02 -4.172323e-02 2.362664e-01 5.690884e-02 7.589482e-02 2.497333e-01 -2.471528e-01 -1.877802e-01 1.919842e-01 9.984364e-02 1.935336e-01 2.485827e-01 -2.357514e-02 1.337348e-03 -1.172704e-01 -9.930906e-02 8.587180e-03 -6.915759e-02 1.076294e-01 1.537786e-01 -1.712357e-01 -1.689478e-01 9.153450e-02 -8.589834e-02 2.232524e-01 5.416203e-02 1.706716e-02 1.134143e-01 -8.647082e-02 2.013657e-01 -3.849800e-02 -6.085088e-03 1.825570e-01 -2.225640e-01 
-3.717430e-02 -1.869566e-01 2.398905e-01 2.388004e-02 1.866362e-01 3.021241e-01 -2.057059e-02 -1.796890e-01 -1.053967e-01 -1.763504e-01 2.425415e-01 -1.171142e-01 -2.765781e-02 -3.152072e-02 9.469719e-02 -7.255976e-02 2.031211e-01 -9.630900e-02 -4.993604e-02 2.644662e-01 3.888740e-02 -1.431007e-01 -1.231903e-01 -2.250592e-01 -1.678149e-01 1.051510e-01 7.283537e-02 -1.274404e-01 1.123658e-01 -1.511354e-01 1.416569e-01 -1.283193e-01 1.509925e-01 1.119109e-01 9.567185e-02 -2.705142e-02 2.507062e-01 -4.290815e-03 1.495255e-01 2.844617e-02 -3.253575e-02 -6.935981e-02 -1.220387e-01 2.278212e-01 1.136829e-01 -5.967964e-02 -1.865824e-01 3.258938e-02 -1.083470e-01 -6.647779e-02 
-2.005161e-01 5.704961e-02 -5.320261e-02 1.049332e-01 -1.548038e-01 2.025385e-03 1.054720e-02 2.625626e-02 -2.029661e-01 -1.195836e-01 -1.079847e-01 -1.192455e-01 -2.094437e-01 2.361136e-01 -2.241790e-01 4.251202e-02 -1.625494e-01 -2.124530e-01 1.554482e-01 -3.305064e-02 -1.118971e-02 4.215347e-02 -1.253453e-01 2.659872e-01 -2.363638e-01 8.974351e-02 1.335623e-01 -8.257776e-02 -8.118642e-03 -2.500324e-01 -8.696505e-03 -1.427351e-05 7.787823e-02 2.886420e-02 2.694446e-02 1.335256e-01 1.673213e-01 -9.027389e-02 -1.991786e-01 -1.655099e-01 -1.080296e-01 2.448261e-02 -1.372494e-01 -7.688621e-03 1.017912e-01 -9.774470e-03 2.514236e-01 -2.169351e-01 -2.446663e-01 8.962793e-02 
-1.945987e-01 1.870702e-01 -1.183740e-01 -2.512883e-01 -1.327933e-01 -7.800923e-02 1.511689e-01 3.062029e-01 1.001148e-01 -6.382466e-02 9.635171e-02 4.325369e-02 3.928806e-02 1.276727e-01 6.085934e-02 -2.319251e-01 6.132633e-02 -1.206323e-01 -9.925798e-02 1.514200e-01 -5.424788e-02 1.066861e-01 4.417556e-02 -3.053486e-02 -7.622230e-02 5.132708e-02 -4.403444e-02 -6.014721e-02 1.162520e-01 -1.312495e-01 1.244862e-01 1.645530e-01 1.490243e-01 -1.189585e-01 -2.083164e-01 -1.059907e-01 4.587798e-02 -9.058660e-02 2.961023e-01 1.183610e-01 -3.930716e-02 4.764293e-02 -1.176754e-01 1.574748e-01 -3.767019e-01 -1.592194e-01 1.870356e-01 3.968675e-02 6.335456e-02 -1.292387e-02 
-6.695716e-03 -3.301218e-01 -1.022260e-01 -1.336920e-01 -1.839538e-01 2.847336e-02 3.304149e-02 -2.540181e-01 -5.442528e-02 1.783844e-01 1.788507e-01 7.668010e-02 1.142242e-01 -2.109295e-01 -1.019548e-02 3.526360e-02 -4.165969e-03 3.104781e-01 1.854153e-01 1.590283e-01 -5.886349e-05 4.906676e-02 -1.917064e-01 2.505978e-01 2.920905e-02 -1.333201e-01 3.234974e-02 3.694325e-02 -4.619993e-02 -1.942433e-02 -6.190752e-02 -3.083179e-02 1.093750e-01 -1.769690e-01 -2.037602e-02 2.232310e-01 -7.946141e-02 -8.843491e-02 -2.699406e-02 8.416455e-02 -5.733383e-02 -1.767806e-01 -2.521424e-02 2.500807e-01 -7.525269e-02 -2.395928e-01 2.032640e-01 6.222544e-02 -2.204264e-02 1.501384e-01 
-2.007369e-01 1.185946e-03 -1.650789e-01 -1.234647e-01 2.130006e-01 -1.696572e-02 2.199193e-01 -1.392142e-01 4.739449e-02 1.073997e-01 5.260269e-02 -1.387477e-01 2.080492e-01 1.260610e-01 2.443049e-01 -1.933316e-02 5.067571e-02 -1.231622e-01 4.772743e-02 -2.027739e-01 1.219753e-01 -4.157339e-02 1.175467e-01 1.417300e-01 1.347620e-01 6.648953e-03 3.945702e-02 -5.362479e-02 1.117232e-02 2.220185e-03 -1.794159e-01 6.072093e-02 5.654859e-02 7.563553e-02 -1.126887e-01 2.819530e-01 1.359919e-01 3.452417e-01 2.160911e-01 -2.208823e-01 -9.680684e-02 -1.857911e-01 1.524363e-01 6.517769e-02 8.632643e-02 5.206682e-02 2.854517e-02 -1.847574e-01 1.438157e-02 -1.658495e-01 
-1.732084e-01 1.673249e-01 7.525772e-03 3.108775e-02 3.740794e-03 -1.099058e-02 6.493152e-02 1.389377e-01 1.048250e-01 5.238824e-02 8.013438e-02 1.413790e-01 -7.355200e-02 -3.104337e-02 4.558101e-02 7.296080e-02 1.895629e-01 6.275596e-02 2.472490e-01 1.673785e-01 -3.037621e-01 6.347766e-02 -2.140239e-01 1.136263e-01 -1.200237e-02 4.620248e-02 2.116146e-01 -8.820438e-03 -1.063681e-01 9.145469e-02 -2.292895e-02 -2.813152e-01 9.887064e-02 2.392159e-01 -2.672748e-01 -1.099751e-01 5.035750e-02 2.045762e-01 3.060295e-02 -6.488560e-02 -3.600715e-02 8.235843e-02 1.504470e-01 -2.777392e-01 1.441857e-01 -2.364494e-01 -9.573291e-02 1.667791e-01 2.283620e-02 1.037939e-01 
-1.815163e-01 -1.013196e-01 1.342382e-01 2.141305e-03 1.038997e-01 -1.329241e-01 1.846682e-02 -1.019201e-04 -1.516298e-01 -2.679767e-01 -4.689334e-02 -7.584595e-02 -8.096357e-02 -1.406189e-01 2.404742e-01 -1.575027e-02 -8.840067e-02 -2.256336e-01 2.246636e-01 8.269039e-02 -1.326741e-01 4.860295e-02 2.530563e-01 -9.341629e-02 -6.976182e-02 -2.204146e-01 1.083444e-01 -1.221999e-03 -2.722270e-01 4.292077e-02 -1.390327e-01 -1.605452e-01 4.822921e-02 8.578682e-02 2.260408e-01 -2.538241e-02 -2.527519e-01 -5.167856e-02 1.166729e-01 -2.230973e-02 -1.642982e-02 -1.486457e-02 5.442185e-02 8.975787e-02 -1.736285e-01 9.419539e-02 1.062169e-01 -7.941943e-02 2.174213e-01 2.651589e-01 
-1.803481e-01 1.240457e-01 -1.479170e-01 -1.466342e-01 7.478052e-02 -9.696751e-02 -1.233570e-01 -3.053232e-01 2.127342e-01 -6.589205e-02 -1.245653e-01 1.425403e-01 1.219596e-01 -7.246100e-02 9.486239e-02 2.157455e-01 1.815370e-01 -1.370420e-01 -2.107402e-01 1.852997e-01 2.327395e-02 -6.540936e-04 1.102754e-01 -5.356366e-03 -6.343349e-02 4.741251e-04 1.515286e-01 2.084982e-01 2.796600e-02 1.196462e-01 9.558983e-02 -2.857502e-01 -1.141398e-01 -3.216868e-01 1.565149e-02 -7.813674e-02 1.316296e-02 -2.377030e-02 -7.080262e-02 1.287659e-02 -1.098933e-01 1.929899e-01 -1.660094e-01 -5.648031e-03 1.156247e-01 -2.547941e-02 1.379903e-01 -2.234558e-01 -1.160302e-01 -4.965558e-02 
-3.205101e-02 -3.234964e-01 1.286333e-01 -3.290933e-03 1.685292e-01 -3.911371e-02 1.092687e-01 -1.628762e-02 1.529231e-01 -3.735903e-02 -8.974768e-02 -6.601161e-02 -6.111155e-02 1.532356e-01 -2.220029e-01 -9.073388e-02 -2.416662e-01 -2.169738e-02 -1.434731e-01 8.124512e-02 -1.614757e-01 1.050433e-01 2.053585e-01 -3.766414e-02 2.125676e-01 9.612845e-02 -8.738606e-02 2.689635e-01 2.032544e-03 -1.308464e-01 1.343534e-01 -2.963062e-01 8.670573e-02 -1.140611e-02 -1.023786e-01 9.273923e-02 2.213873e-01 -1.251991e-01 -1.210562e-01 6.439133e-02 4.804412e-03 -1.138369e-01 2.981559e-01 -9.276561e-02 -8.479837e-02 -1.861769e-01 4.034861e-02 -5.954894e-02 1.211328e-01 -8.464679e-02 
-1.269773e-01 4.045734e-02 2.349812e-01 -1.334027e-01 1.908924e-01 6.350344e-02 2.990353e-02 -1.942766e-01 -1.904752e-01 -1.870623e-01 -6.283350e-03 2.392131e-01 9.987593e-02 1.790698e-01 -1.055479e-01 7.497166e-02 -1.285864e-01 5.394757e-02 1.252384e-01 -2.062222e-01 -1.807489e-01 -1.730410e-01 -5.516044e-02 4.206477e-02 -8.019172e-03 -1.719578e-01 -1.533337e-01 9.513914e-02 2.289355e-02 -4.707348e-03 1.002279e-01 1.268185e-01 5.820494e-02 -1.763026e-01 9.681613e-02 -3.983681e-02 -6.583517e-02 1.088597e-01 9.392717e-02 -2.396988e-01 2.125559e-01 1.121004e-01 -2.036283e-01 -1.388196e-01 -2.796737e-02 -2.691214e-01 7.692149e-02 1.866161e-01 8.762723e-02 -2.020422e-01 
-1.127365e-01 -1.287634e-01 2.206126e-02 -1.601111e-01 -1.011473e-01 1.618076e-01 -2.080194e-01 1.356936e-01 -1.324224e-01 1.731375e-01 -1.108940e-01 -2.133163e-01 5.146486e-02 -7.972015e-02 3.691652e-02 2.769445e-02 -1.321676e-01 -6.835426e-02 3.311402e-01 2.437372e-01 7.254037e-02 -1.246061e-01 2.214551e-01 3.667305e-02 1.098477e-01 -7.292065e-02 -9.119557e-02 4.316292e-02 5.485707e-02 2.276703e-01 -9.841570e-02 4.211341e-02 -8.912031e-02 -3.081465e-02 -7.197716e-02 -6.692200e-02 1.647732e-01 -2.046206e-01 2.490882e-01 2.828928e-02 8.844033e-02 7.741288e-02 -4.453355e-03 -2.606075e-01 -8.978794e-03 -4.508894e-02 -6.034618e-02 -3.284296e-02 -3.348047e-01 -1.506801e-01 
-5.319934e-02 1.758724e-02 1.451538e-01 -2.182066e-01 6.636446e-02 7.268776e-02 4.080236e-02 -2.121400e-01 2.453901e-02 -2.762250e-02 6.086073e-02 4.459362e-02 3.220831e-02 -3.828025e-02 5.185222e-02 1.439148e-01 1.738790e-01 -5.640324e-03 -6.098504e-02 3.535282e-02 -3.155766e-01 3.466975e-01 -3.505033e-02 9.186771e-02 -1.392149e-01 1.184735e-01 -1.622273e-01 -1.409306e-01 7.646313e-02 1.134577e-01 -1.442245e-01 3.032630e-01 2.107260e-01 -8.393617e-05 1.525956e-01 -9.528960e-02 7.693372e-02 -1.603869e-01 -1.551141e-01 6.254669e-02 5.408054e-02 -6.139229e-02 2.989681e-01 -1.826229e-01 -8.053059e-02 2.538910e-01 6.653441e-02 -7.022595e-02 -1.182659e-01 -5.459971e-02 
-2.154804e-02 -2.098433e-01 1.241688e-01 -2.468228e-01 -1.438827e-01 8.314907e-03 -6.909864e-02 1.324590e-03 -5.224844e-02 -2.093733e-02 -2.604444e-01 -9.498146e-03 7.166692e-02 2.956553e-01 3.258951e-01 -2.273266e-01 9.828621e-02 2.102043e-03 1.627402e-01 6.247140e-02 -3.490124e-02 -1.179595e-02 -1.530269e-01 -5.155177e-02 1.885957e-01 1.253179e-01 -5.554010e-03 -1.166274e-03 -1.569116e-01 5.635118e-02 1.953936e-01 2.192017e-01 -2.025506e-01 -8.876603e-02 -2.425381e-02 -1.351099e-01 1.647505e-01 1.264809e-01 -2.877700e-01 1.098964e-02 -6.432339e-02 5.400887e-02 -5.757848e-03 8.262980e-02 1.549846e-01 2.227383e-02 -8.454242e-03 -3.473838e-02 1.674624e-01 1.941720e-01 
-1.382755e-01 2.137703e-02 2.472511e-02 -1.567188e-01 1.803587e-01 -1.262904e-01 -4.992362e-02 -1.389543e-01 -1.637951e-01 2.999610e-01 1.390367e-01 -2.793095e-03 9.853421e-02 1.260725e-01 -1.987367e-01 1.330840e-01 -2.078751e-01 1.469896e-01 1.603836e-02 -5.380429e-02 -6.433816e-02 3.328205e-02 -4.505588e-02 -9.383970e-02 -1.144626e-01 9.550979e-02 1.694694e-02 -4.622707e-02 -6.441798e-02 -6.803358e-02 8.622699e-02 -9.566867e-02 -2.994902e-01 2.401609e-01 -5.848838e-02 -1.355072e-01 1.109404e-01 7.262344e-02 2.247790e-01 2.830148e-01 1.423017e-01 1.859242e-01 3.833506e-02 1.658818e-01 5.119999e-02 2.408343e-01 2.279580e-01 -1.167729e-02 4.145151e-02 1.278429e-01 
-1.606302e-01 1.359677e-01 2.383278e-01 2.989947e-02 4.611056e-02 -1.829887e-01 4.656719e-02 5.901639e-02 1.426139e-02 2.177410e-01 1.188938e-01 8.890319e-02 -1.903106e-01 -7.426258e-02 5.478567e-02 4.332982e-02 -8.581449e-02 2.781679e-01 -2.220389e-02 2.075320e-01 1.461096e-01 -5.666750e-02 1.682699e-01 -2.173999e-01 5.158141e-02 3.570128e-01 -1.062845e-02 4.735788e-02 -1.115937e-01 -1.092434e-02 1.643183e-01 1.891138e-01 1.202293e-01 -1.129898e-01 9.490056e-02 1.322446e-01 -1.329624e-01 5.089215e-02 7.876198e-03 -3.560047e-01 6.370889e-02 2.064358e-02 8.151457e-02 1.508286e-02 2.485699e-02 -5.644149e-02 8.869266e-03 -1.342290e-01 -1.939543e-01 1.804823e-01 
-1.645337e-01 -1.672103e-01 1.129434e-01 1.977809e-02 -4.631526e-02 4.223456e-02 -4.436716e-02 2.162557e-01 -3.284890e-02 1.629028e-01 1.476808e-02 1.352422e-01 4.442295e-02 1.317044e-02 1.821726e-01 -1.245495e-01 -2.713126e-01 1.023614e-01 -1.567613e-01 -1.089394e-01 -2.088016e-02 8.648382e-02 4.576898e-02 -2.485261e-01 -3.237487e-01 4.949692e-02 1.675247e-01 -2.769191e-03 -2.390239e-02 9.697746e-02 -4.543862e-01 -4.825992e-02 1.516304e-01 -1.634315e-01 -4.734472e-02 1.968390e-02 6.845451e-02 5.410616e-02 -1.707676e-01 9.679838e-02 -6.870193e-02 9.019495e-02 -1.109108e-01 2.420638e-02 1.937390e-01 -3.961118e-02 5.852399e-02 1.013039e-01 6.452464e-02 -2.336695e-01 
-1.866038e-01 -1.192530e-01 -1.557115e-01 5.666964e-02 -1.541157e-01 4.252896e-02 -2.392197e-01 -1.303485e-01 -2.399864e-01 6.675747e-02 -2.551546e-01 2.936166e-01 1.543508e-01 4.220833e-02 -8.137204e-02 1.856090e-01 2.500161e-02 -7.786957e-02 -2.155976e-01 6.085531e-02 -9.727791e-02 7.026959e-02 6.054945e-02 -2.620378e-01 2.227676e-01 -4.059875e-02 6.649790e-02 -1.353564e-01 8.630643e-02 -3.213556e-01 -1.321002e-01 1.276036e-01 7.625747e-02 1.277770e-01 -1.682445e-01 -2.309782e-02 -9.568218e-02 -7.190482e-02 1.298508e-01 -1.240067e-01 -6.371480e-02 -1.210625e-01 2.479449e-02 -5.245508e-02 2.448177e-02 -4.663419e-02 -1.806916e-01 -1.972110e-04 3.305300e-02 1.595706e-01 
-2.013129e-01 1.212766e-01 -7.992117e-02 -4.952006e-02 9.576320e-02 -1.597677e-01 -9.988739e-02 -2.420801e-01 -1.218450e-01 1.057658e-01 -1.093389e-01 -2.417858e-01 -1.291083e-01 -1.419958e-01 -6.293031e-02 -1.170209e-01 7.479414e-02 -9.265260e-03 1.738475e-02 9.328402e-04 1.753432e-01 2.132833e-01 1.413358e-01 4.293000e-02 -6.890084e-02 -6.628655e-02 1.064471e-01 -1.303870e-01 -1.536334e-01 -1.083783e-01 5.347209e-03 4.177048e-02 -7.763484e-02 2.639507e-03 -9.050458e-02 -1.451180e-01 4.373746e-02 8.556792e-02 -3.239583e-01 -4.121590e-02 1.968584e-01 4.059489e-02 7.749799e-02 1.762194e-01 -2.269640e-01 -2.130818e-01 -2.366377e-01 2.605769e-01 -4.317414e-02 -2.275457e-01 
-2.041571e-01 -8.879809e-03 6.485620e-03 2.428541e-01 8.767877e-02 7.754468e-02 1.550907e-01 1.016937e-01 1.714724e-01 -1.369210e-01 -1.755569e-01 1.210508e-01 2.936444e-02 -1.845642e-01 6.162421e-02 3.773416e-02 -1.703779e-01 5.312436e-02 1.413997e-01 -1.621509e-01 6.066748e-03 3.150659e-01 -6.526071e-02 4.303824e-02 6.449840e-02 -1.661936e-01 -1.758519e-02 1.641744e-01 7.630247e-02 -1.276250e-01 1.057903e-01 1.366091e-01 -1.038877e-02 -2.121797e-01 8.870183e-02 -5.916178e-02 1.923686e-01 9.786334e-02 1.810804e-01 1.522602e-01 1.801795e-02 1.168895e-01 9.981348e-02 2.237926e-01 1.446257e-01 6.737815e-02 -2.248111e-01 8.016003e-02 -2.747732e-01 1.782883e-01 
-1.773777e-02 -1.081197e-01 5.562169e-02 -4.149352e-03 -1.855039e-01 -7.430822e-02 1.893575e-01 -6.082698e-02 -3.821697e-02 -3.926157e-02 -2.760142e-01 -6.120287e-02 -1.532354e-01 1.550186e-01 -8.023302e-02 6.964827e-02 1.573018e-01 2.867092e-01 -1.204247e-02 2.433687e-02 -1.638039e-02 -1.954807e-01 -5.035335e-02 -1.590532e-01 -2.248702e-01 -2.469903e-01 3.135628e-02 -1.662634e-01 2.480913e-01 1.365217e-01 -3.466887e-02 -1.381929e-01 2.351057e-02 -1.387877e-01 -8.845063e-02 1.890213e-01 1.035387e-01 1.493622e-01 5.373464e-02 -3.510134e-02 7.640857e-02 2.360508e-01 1.985788e-01 1.068088e-02 -2.810429e-01 1.267508e-01 -1.479764e-01 -1.580692e-01 2.192959e-02 7.031780e-02 
-2.144075e-01 2.299048e-01 1.687110e-01 1.005071e-01 1.500612e-01 -2.155631e-02 -1.809498e-01 1.293954e-01 2.287307e-01 4.349703e-02 -2.421370e-01 3.686280e-03 1.175661e-01 -1.018020e-01 -2.295896e-02 4.008909e-02 4.990011e-02 1.254386e-01 8.077778e-03 6.982989e-03 -2.689908e-02 -1.769278e-01 -1.943893e-01 2.581891e-02 5.210352e-02 -1.125179e-02 -2.114739e-01 -1.035091e-01 5.983912e-02 3.814321e-02 -2.424829e-01 3.201801e-02 -1.158427e-01 2.313764e-01 2.180501e-01 4.234760e-02 1.591669e-01 -1.512435e-01 -7.609885e-02 6.911186e-02 -1.521120e-02 -8.723921e-02 -1.817546e-02 2.147514e-01 -9.761410e-02 -3.262020e-01 4.343231e-02 -2.704029e-01 1.366677e-01 -5.630067e-03 
-1.396994e-02 -2.949630e-01 2.524735e-01 9.634417e-02 2.080645e-01 -5.532308e-02 -6.993616e-02 3.115984e-02 2.547162e-01 1.862453e-01 -1.295384e-01 -8.708544e-02 -2.416562e-01 5.272570e-02 -1.709449e-01 1.929177e-01 2.912570e-01 -2.187135e-01 -4.637695e-02 4.312318e-03 4.564118e-02 4.053827e-02 -4.162564e-02 7.005423e-02 9.285961e-02 2.583215e-04 -1.156006e-01 -4.388805e-02 -2.001984e-01 9.146965e-03 -1.596177e-01 1.599283e-01 7.460505e-02 -7.502851e-02 -1.842857e-01 1.246596e-01 -4.327885e-02 1.005742e-01 1.158645e-01 5.601794e-02 -7.494535e-02 1.510402e-01 -2.883615e-01 9.471154e-03 -6.630469e-02 8.574987e-02 1.225541e-01 2.052519e-01 -9.545437e-03 7.598483e-02 
-1.745484e-01 -8.520405e-02 -1.187172e-01 8.121112e-02 -1.828814e-01 -1.933533e-01 -2.353440e-01 -1.774411e-01 7.130998e-02 -1.594587e-02 2.482601e-01 5.663738e-02 -1.555347e-01 1.329446e-01 1.208634e-01 1.058655e-01 -7.265989e-02 -2.808363e-01 1.309765e-01 -2.370845e-01 1.207454e-01 -2.237960e-01 -7.869112e-02 -2.525002e-02 -4.102212e-02 2.845233e-01 -2.113402e-01 7.849428e-02 1.698486e-01 6.798019e-02 -8.096108e-02 -4.593658e-02 1.081739e-01 -9.992538e-02 9.329071e-02 -5.187185e-02 -1.453006e-02 1.033331e-01 -6.072012e-03 2.572705e-01 3.244126e-02 9.363624e-05 1.832969e-01 -4.653611e-02 -1.328083e-01 -1.416660e-01 -1.541397e-01 8.325488e-02 4.395505e-03 1.612119e-01 
-6.227677e-02 -2.145152e-01 -6.299681e-02 4.228885e-02 -1.426433e-01 -5.229416e-02 5.312290e-02 -1.065534e-01 2.032986e-01 -8.054226e-02 4.370869e-02 4.228790e-02 -1.269796e-01 -2.950784e-01 2.163939e-01 -1.305997e-01 -1.241656e-02 7.344451e-02 -1.011124e-01 -2.032794e-01 -7.409492e-03 -1.994479e-01 -1.877229e-01 2.330183e-02 1.365423e-01 3.525052e-02 8.891138e-02 -1.040670e-01 -2.240234e-01 -2.847749e-01 -3.010054e-02 1.922591e-03 1.678446e-02 6.224473e-02 -8.770892e-02 -1.612612e-01 1.253293e-01 -1.607400e-01 9.064679e-02 -9.164700e-02 3.569620e-01 1.897041e-01 -2.497412e-02 -1.806126e-01 -5.038306e-02 9.716381e-02 1.419083e-01 -1.971245e-01 -2.117519e-02 -1.444910e-01 
-1.736008e-01 -1.245002e-01 -4.971188e-02 -1.060178e-01 2.123360e-01 7.938498e-02 -1.760558e-01 1.002374e-01 -1.139668e-01 -1.188231e-01 -1.335356e-02 -1.448398e-01 -1.463118e-01 1.048374e-01 -4.698093e-02 -1.515537e-01 1.231511e-01 3.121155e-01 -1.068317e-01 -1.793393e-01 -3.127914e-02 3.735419e-02 -1.019865e-02 3.430296e-01 -5.683995e-02 2.123868e-01 -5.782606e-02 3.750697e-02 4.381288e-02 1.648381e-02 -1.017967e-01 -1.244534e-01 -2.508563e-02 -1.632090e-01 -1.291630e-01 -2.007232e-01 -3.056760e-01 -1.884134e-01 1.884646e-01 -8.680528e-02 -7.296664e-02 6.530548e-04 3.774954e-03 8.442935e-02 1.195714e-01 4.373232e-02 -2.581444e-01 -1.569605e-01 7.047665e-02 6.160223e-02 
-1.309490e-01 -8.080463e-02 -1.525453e-01 -1.369822e-01 6.138614e-02 2.886484e-01 2.390832e-02 -8.013029e-02 2.364266e-01 -2.221911e-01 -1.074659e-01 3.117712e-01 -1.203429e-01 -9.282484e-02 -1.801795e-01 -2.208943e-01 -4.730180e-02 7.104770e-02 1.270146e-01 1.903284e-01 1.852572e-01 -1.349954e-01 1.277170e-01 1.617170e-02 -1.326526e-01 1.488882e-01 -8.505784e-02 1.165776e-01 1.255413e-01 -4.101597e-02 -2.064654e-01 4.322366e-02 -2.006202e-01 2.045125e-01 -2.843252e-02 -3.679122e-02 -5.136374e-02 1.843927e-01 -1.069958e-01 -1.091243e-01 -5.760549e-03 -7.394940e-02 2.031626e-02 -7.889697e-03 -1.079810e-01 2.125910e-01 1.378664e-01 1.972165e-01 -2.826735e-02 6.916643e-02 
-9.941353e-02 7.806944e-03 5.322911e-02 -1.645616e-01 -8.193091e-02 -1.467327e-01 2.344231e-01 2.958354e-01 -1.850484e-01 -1.424306e-01 9.007437e-02 -3.544249e-03 -6.061586e-02 1.560276e-02 -1.607978e-02 3.429276e-01 2.441661e-01 6.786490e-02 1.571728e-03 6.447208e-02 3.525620e-02 -9.142748e-02 8.455724e-02 1.214651e-02 1.552130e-01 1.283462e-02 -1.106319e-02 1.913931e-01 3.996613e-02 -1.879979e-01 -2.205274e-01 -7.647083e-02 -8.270015e-02 -8.482745e-02 2.111810e-02 -7.295258e-02 8.484510e-02 9.154553e-02 -1.700598e-01 1.743202e-01 3.441427e-01 -3.204535e-01 -1.595970e-01 4.786218e-02 9.019710e-02 1.057877e-01 -5.261346e-02 -8.461426e-03 -2.343744e-02 -3.148508e-02 
-6.886841e-02 4.900369e-02 1.876835e-01 -1.478278e-01 -9.384315e-02 -9.727859e-02 -1.375879e-01 -9.195874e-02 6.328629e-02 -7.113151e-02 -4.082306e-02 -4.846106e-02 -4.318004e-02 -1.151214e-01 -1.877479e-01 -1.652013e-01 -2.405172e-01 -1.246251e-02 -6.933966e-02 -2.493088e-02 -1.238346e-01 -5.751340e-02 -7.973683e-02 4.647622e-02 2.736084e-01 -5.907390e-02 2.111787e-01 2.628102e-02 1.362187e-01 2.631807e-01 6.202004e-02 3.022789e-02 3.462830e-01 1.643674e-01 -1.172074e-01 -1.080126e-01 -1.288589e-01 2.951854e-01 -7.217540e-02 1.497499e-01 2.759464e-02 -1.361335e-01 -2.275020e-01 1.278018e-01 -4.799733e-02 1.614571e-01 -7.613208e-02 -2.019488e-01 -1.598157e-01 -3.142676e-02 
-6.951947e-02 -1.766790e-02 -8.192697e-02 -1.800510e-02 -1.803160e-01 1.939165e-01 3.116810e-01 -5.153130e-02 5.443119e-02 8.244157e-02 2.279262e-02 -2.386200e-01 1.814699e-01 -1.468490e-01 -1.870842e-01 1.043048e-01 -8.602049e-02 -4.575330e-02 1.537342e-02 -1.035684e-02 -3.414634e-01 -1.841661e-01 -3.412047e-03 -1.113846e-01 -7.669381e-02 2.036137e-01 -1.396151e-01 9.016121e-02 -2.992537e-01 -1.166453e-01 -6.379703e-02 6.587461e-02 -1.203212e-01 -7.764302e-02 5.997627e-02 -1.042349e-01 -1.259546e-01 1.531016e-01 -5.947089e-02 1.434150e-02 -2.758277e-01 9.193340e-02 -1.117139e-01 1.483433e-02 -1.561735e-01 -2.026015e-02 -2.716795e-01 -1.140813e-01 -2.623004e-02 -5.870706e-02 
-1.271065e-02 -2.565800e-01 2.162782e-01 -2.677376e-01 2.240203e-03 -1.898298e-01 1.137824e-02 2.091494e-01 1.220705e-01 -6.058439e-02 -4.254517e-02 6.599336e-02 2.869810e-01 -4.877924e-02 8.713250e-03 4.288755e-02 4.535098e-02 -1.738223e-01 1.051137e-02 -1.944765e-01 5.436146e-02 6.768251e-02 -1.729543e-01 -3.529390e-02 -1.852890e-01 8.649153e-02 1.651590e-01 4.539601e-03 1.034428e-01 -5.351900e-02 1.367114e-01 -6.628768e-02 -2.409379e-01 1.983250e-01 -6.824331e-03 2.274510e-01 -3.124625e-01 -1.026894e-01 -5.450743e-02 -7.402523e-02 4.072283e-02 -6.331097e-04 7.864719e-02 -5.900706e-03 -1.008481e-01 -7.756294e-02 -1.240052e-01 4.095325e-02 -3.124972e-01 -7.083800e-02 
-1.489359e-01 -1.742719e-01 -1.769374e-01 1.606129e-01 3.547998e-02 -1.182412e-01 8.001993e-02 -8.875740e-03 -1.020354e-02 -7.987125e-02 -2.300178e-01 -2.018298e-01 3.397592e-02 -7.176927e-02 -1.483116e-02 1.529027e-01 -7.542216e-02 6.561807e-02 2.480461e-03 9.218896e-02 2.040296e-01 1.500802e-01 -3.132907e-01 -1.978220e-01 -2.659518e-01 6.664124e-02 -1.082818e-01 7.634521e-02 -3.889278e-02 2.149057e-01 2.107049e-01 9.012720e-02 4.980675e-02 2.384584e-02 -6.286671e-02 -2.000341e-01 -6.810740e-02 7.797321e-02 1.342654e-01 -3.845932e-02 4.484582e-02 -3.860616e-01 -6.737347e-02 -1.959166e-01 2.647952e-02 -2.628237e-02 1.362034e-01 -3.502365e-02 1.428541e-01 -1.136617e-01 
-1.212234e-01 -3.749912e-02 9.952658e-02 1.774727e-01 -1.370297e-01 1.674701e-01 1.837958e-01 -4.986548e-02 -6.312335e-02 -2.997454e-01 3.718006e-02 -3.068658e-02 4.185801e-02 2.055812e-01 -2.908647e-03 1.626769e-01 1.212972e-03 1.549517e-01 -2.385949e-01 -6.730073e-02 1.744605e-01 1.691033e-03 7.618493e-02 4.290616e-02 2.749042e-01 1.235939e-01 2.135119e-01 -2.104523e-01 -1.582712e-01 2.818791e-01 -6.843891e-02 1.786800e-02 -1.437459e-01 7.310020e-02 6.303396e-02 -1.354999e-01 -6.209986e-02 -2.082782e-02 5.613570e-02 1.312822e-01 -1.278004e-01 4.640075e-02 1.359504e-01 2.795821e-02 -1.076214e-01 -1.904923e-01 2.155249e-01 1.541616e-01 -2.204638e-01 -3.895842e-02 
-1.720334e-01 2.104861e-01 1.951723e-01 7.088925e-02 -4.606087e-02 2.216014e-01 -1.548625e-01 -1.712399e-02 -1.176528e-01 -7.371267e-02 -7.657605e-02 5.509994e-02 -1.367920e-01 -2.421809e-01 1.469953e-01 4.257423e-02 -6.481123e-02 -1.180975e-02 -2.726974e-02 -8.092206e-02 -1.318804e-01 -6.630641e-02 2.330648e-02 6.653280e-02 -3.121671e-02 1.395352e-01 6.883821e-03 -1.372491e-01 -6.018204e-02 -1.991222e-02 2.404459e-01 -2.507414e-02 -2.349583e-01 -2.068257e-01 -2.876984e-01 4.110611e-01 -1.632441e-02 1.897880e-02 1.273383e-02 2.469800e-01 -2.628513e-02 -2.427673e-01 2.983884e-02 -9.645965e-02 -7.323290e-02 1.382338e-01 3.599866e-02 5.479941e-02 1.285291e-01 -1.082294e-01 
-1.203122e-01 1.023694e-01 2.381173e-01 7.316704e-02 6.476345e-02 -1.189445e-01 3.051470e-01 -1.297803e-01 -1.773022e-01 2.719504e-01 3.326345e-02 8.855866e-02 -1.048085e-01 -4.604383e-02 4.029573e-02 -2.595501e-01 -1.614252e-02 -1.822336e-01 -8.123784e-02 -4.119748e-03 6.011118e-02 -7.345908e-02 -2.856535e-01 -3.331795e-02 1.421403e-01 -1.527370e-01 -7.708957e-02 4.614719e-02 1.671547e-01 1.860599e-02 -1.427215e-01 -1.600659e-01 -2.195667e-01 -1.488916e-01 -5.274853e-02 -2.327629e-01 -1.257087e-02 -1.752822e-01 -2.437811e-02 -1.227205e-01 -2.461700e-01 -1.871250e-01 1.996146e-02 -9.131446e-02 -9.257971e-02 1.280089e-01 2.500181e-02 8.266755e-02 -1.283716e-01 5.870230e-02 
-3.562745e-02 1.792931e-02 1.043626e-01 -1.669331e-01 -2.125143e-01 2.616023e-01 -2.170911e-02 3.741589e-03 3.874307e-02 1.590336e-01 -6.134402e-03 -1.714802e-01 -3.093592e-01 -1.335045e-01 -1.856734e-02 1.023697e-01 1.415175e-01 -1.026067e-01 -1.438372e-01 -2.536912e-01 -5.843971e-02 -8.533019e-02 8.685901e-02 -8.523410e-02 -1.257695e-01 -2.021585e-01 1.369041e-01 3.450788e-01 1.328825e-01 1.225665e-02 8.011963e-02 1.984840e-01 -6.062486e-02 1.293055e-01 -2.708264e-02 -1.296908e-01 -5.239101e-02 5.814954e-03 5.781257e-02 -8.387522e-02 -2.395436e-02 -4.473933e-02 2.455254e-01 1.508775e-01 1.902057e-01 -1.999839e-01 2.093139e-01 -7.371014e-03 8.115793e-02 4.887416e-02 
-1.681855e-02 7.252361e-03 2.707431e-01 -2.557040e-02 -2.146966e-01 1.962768e-01 1.948161e-01 -1.040203e-01 2.000880e-01 1.839711e-01 -4.877944e-02 -3.418876e-02 7.266788e-02 6.711024e-02 1.322717e-01 1.194144e-01 -2.483402e-01 -1.157544e-01 -1.617143e-01 1.553607e-01 2.097470e-01 1.370638e-01 1.251361e-01 3.485912e-01 -1.220806e-01 -1.016159e-02 -5.685435e-02 -2.075201e-01 1.399702e-01 -8.311233e-02 2.440673e-02 -1.098455e-01 -2.946673e-02 4.778377e-02 3.933128e-02 -1.128639e-01 -1.189538e-01 7.586715e-02 2.796208e-02 -1.529336e-02 2.349743e-01 -1.454055e-03 -1.361291e-01 -1.042001e-01 7.124291e-02 -8.070478e-02 -1.641586e-01 -4.798590e-02 2.314073e-01 1.738266e-01 
-9.678342e-02 -8.418752e-02 3.834059e-02 -2.224230e-01 1.757305e-03 -1.087210e-01 -1.194119e-01 1.369053e-01 1.529548e-01 -1.536634e-02 1.407886e-01 1.488467e-02 -1.496235e-01 -6.748904e-02 -9.794449e-02 2.646424e-01 -1.408994e-01 1.052679e-01 1.201945e-01 3.364313e-02 1.457269e-01 -2.470797e-02 -5.346325e-02 5.724681e-02 1.264669e-01 -9.901212e-02 2.517347e-01 -1.913676e-01 1.096758e-01 -1.743183e-01 1.104029e-01 6.725292e-02 -3.481149e-02 -9.703563e-02 2.607567e-01 -1.222501e-01 1.120767e-01 8.531154e-03 1.960744e-02 -7.286659e-02 -4.254364e-01 3.746854e-03 6.331619e-02 -1.126861e-01 -4.862197e-02 1.403721e-01 -8.719909e-02 6.733811e-02 2.817763e-01 -2.343179e-01 
-1.517759e-01 -7.365764e-02 -3.363433e-02 1.674809e-01 -3.506298e-02 7.949450e-02 3.610050e-02 1.241286e-01 -3.334511e-02 2.244519e-01 -1.522733e-01 7.064122e-02 2.305424e-01 -4.473557e-02 7.570733e-02 1.414492e-01 1.012809e-01 4.272092e-03 4.804151e-02 -1.890128e-01 -5.636667e-02 -2.192997e-01 1.683323e-01 1.679054e-01 -2.561452e-02 1.493431e-01 4.603932e-02 4.201368e-02 5.422293e-02 1.464046e-01 2.637865e-01 -1.631081e-01 2.797503e-01 8.881817e-02 3.342990e-02 -1.399269e-01 1.341384e-01 -1.950614e-01 -1.411499e-01 -1.996842e-01 1.269786e-02 -3.194920e-02 -5.599638e-02 2.194720e-01 -1.723396e-01 2.742903e-01 5.348367e-02 2.585174e-01 6.500921e-02 9.098867e-04 
-1.594169e-01 -1.385105e-01 2.814867e-02 1.910688e-01 -1.396005e-01 6.593722e-02 -2.166866e-01 1.175257e-01 -1.051866e-01 1.810001e-01 1.194609e-01 1.737873e-01 -3.863043e-02 1.480484e-01 9.481596e-02 -1.586412e-01 2.011716e-01 1.040226e-01 -1.704947e-01 3.805684e-02 -1.628792e-02 1.462416e-01 4.865344e-02 1.674615e-01 -7.336727e-02 -2.133235e-01 -1.358141e-01 1.937266e-01 -1.439778e-01 -9.170105e-02 1.606643e-01 -7.393049e-02 -7.789452e-02 1.509267e-01 2.960194e-01 -2.562314e-03 -1.002702e-02 3.158795e-01 3.274409e-02 5.840030e-02 -7.173734e-02 -5.457268e-02 -4.358158e-02 -1.474364e-01 -2.290192e-01 5.035696e-02 4.266967e-03 -1.677481e-01 -1.385765e-01 -1.775669e-01 
-9.063849e-02 -6.273214e-02 -1.195631e-01 -1.582455e-01 -1.421003e-01 -8.236776e-02 1.046078e-01 -4.223503e-02 -4.031242e-02 2.615946e-02 5.801936e-03 8.778453e-02 -1.358877e-01 -1.446241e-01 -2.277367e-01 -1.874455e-01 9.935980e-02 -5.739680e-02 -1.256661e-01 -1.846356e-01 -8.638125e-02 1.795134e-01 6.917035e-02 -2.621067e-02 2.578393e-02 1.484699e-01 1.062842e-01 -5.693926e-02 -4.727903e-02 3.271317e-01 6.258547e-03 -2.724117e-02 -1.511509e-01 3.549817e-02 3.152895e-01 2.151287e-01 3.281134e-01 -8.346547e-02 1.906773e-01 -9.530956e-02 8.214917e-02 -8.925730e-02 -2.641723e-01 -1.096804e-01 4.834091e-02 -8.175265e-02 -1.740240e-01 7.592499e-02 1.276778e-01 1.706703e-01 
-1.210068e-01 1.519625e-01 1.101927e-01 -1.686665e-01 -1.778160e-01 -1.690556e-01 7.226225e-02 -5.192222e-02 -9.477616e-02 -5.847929e-02 -2.291173e-01 1.211180e-02 1.203524e-01 -5.001099e-02 -1.443098e-01 -1.584462e-01 7.215339e-02 -1.532617e-02 -1.528194e-01 1.156364e-01 2.377632e-01 -2.110719e-01 -8.370270e-02 1.471459e-01 -6.742258e-02 -2.424215e-02 -1.294168e-01 1.283202e-01 -2.824617e-01 -9.040814e-02 3.781965e-03 -5.959089e-03 2.798296e-01 7.674132e-02 1.374385e-01 1.373584e-01 -3.882967e-02 -7.949955e-02 1.508032e-01 2.120581e-01 -9.062692e-02 1.070800e-01 2.288498e-01 -5.089772e-02 2.941539e-01 1.063990e-01 -5.713424e-02 2.092430e-01 4.409067e-02 -9.146106e-02 
-1.675936e-01 -9.692382e-02 -1.319030e-01 1.054062e-01 1.163028e-01 3.570622e-02 2.134048e-01 -8.993558e-03 1.688190e-01 1.998028e-01 6.973099e-03 2.261258e-01 -9.644355e-02 1.753356e-01 -1.691703e-01 -1.488647e-01 1.379005e-01 -7.813000e-02 2.144022e-01 -1.029442e-02 -5.313713e-02 -1.822622e-01 1.842823e-01 -7.303572e-02 -5.044001e-02 -1.414356e-01 1.358993e-01 -2.904996e-01 -5.525463e-02 4.958145e-02 1.775606e-01 1.252824e-01 1.204523e-02 -7.706721e-02 7.490468e-02 -5.470050e-02 -2.470013e-01 -1.641137e-01 -7.743773e-02 2.889076e-01 1.047553e-01 -1.628964e-01 3.819128e-02 -7.851358e-03 2.358929e-01 -5.478305e-02 -5.593232e-02 -1.686386e-01 -2.740270e-02 -1.280518e-01 
-1.995131e-01 -4.263305e-02 -6.991776e-02 6.607660e-02 2.118211e-01 1.409595e-01 8.143440e-02 7.985208e-02 -1.891693e-01 6.404349e-02 8.815640e-03 -2.492260e-01 1.866388e-01 -2.046777e-01 -4.733299e-02 -1.450007e-01 1.454352e-01 2.675225e-02 -2.080365e-02 -3.273726e-02 1.076392e-01 -2.711200e-03 -3.113783e-02 -4.034276e-02 1.578714e-01 7.834339e-02 1.498104e-01 4.887838e-02 3.319553e-01 -1.108436e-01 4.315604e-02 7.705355e-02 9.701254e-02 -2.513372e-02 1.509644e-01 1.069762e-01 -1.314135e-01 9.992892e-02 -1.869734e-01 2.051719e-01 2.998352e-02 2.811387e-01 -4.665842e-02 -3.519281e-01 -3.921789e-02 -5.624084e-02 1.626659e-01 -8.649367e-03 1.372987e-01 2.023062e-01 
