function [obj, cv] = CEC10_CSO_Func(x, problem)

    [ps, D] = size(x);
    g = zeros(ps, 1);
    h = zeros(ps, 1);
    delta = 1e-4;

    switch problem
        case 1
            O = [0.030858718087483, -0.078632292353156, 0.048651146638038, -0.069089831066354, -0.087918542941928, 0.088982639811141, 0.074143235639847, -0.086527593580149, -0.020616531903907, 0.055586106499231, 0.059285954883598, -0.040671485554685, -0.087399911887693, -0.01842585125741, -0.005184912793062, -0.039892037937026, 0.036509229387458, 0.026046414854433, -0.067133862936029, 0.082780189144943, -0.049336722577062, 0.018503188080959, 0.051610619131255, 0.018613117768432, 0.093448598181657, -0.071208840780873, -0.036535677894572, -0.03126128526933, 0.099243805247963, 0.053872445945574];
            o = O(1:D);
            p = x - repmat(o, ps, 1);
            g(:, 1) = 0.75 - prod(p, 2);
            g(:, 2) = sum(p')' - 7.5 * size(p, 2);
            f = -abs(sum((cos(p).^4), 2) - 2 * prod((cos(p).^2), 2)) ./ sqrt(sum(repmat(1:size(p, 2), ps, 1) .* (p.^2), 2));
        case 2
            O = [-0.066939099286697, 0.470966419894494, -0.490528349401176, -0.312203454689423, -0.124759576300523, -0.247823908806285, -0.448077079941866, 0.326494954650117, 0.493435908752668, 0.061699778818925, -0.30251101183711, -0.274045146932175, -0.432969960330318, 0.062239193145781, -0.188163731545079, -0.100709842052095, -0.333528971180922, -0.496627672944882, -0.288650116941944, 0.435648113198148, -0.348261107144255, 0.456550427329479, -0.286843419772511, 0.145639015401174, -0.038656025783381, 0.333291935226012, -0.293687524888766, -0.347859473554797, -0.089300971656411, 0.142027393193559];
            o = O(1:D);
            z = x - repmat(o, ps, 1);
            y = z - 0.5;
            f = max(z, [], 2);
            g(:, 1) = 10 - 1 / D * sum((z.^2 - 10 * cos(2 * pi * z) + 10), 2);
            g(:, 2) = 1 / D * sum((z.^2 - 10 * cos(2 * pi * z) + 10), 2) - 15;
            h(:, 1) = abs(1 / D * sum((y.^2 - 10 * cos(2 * pi * y) + 10), 2) - 20) - delta;
        case 3
            O = [111.17633500088529, 92.07880492633424, 417.9818592609036, 253.16188128024302, 363.5279986597767, 314.334093889305, 187.32739056163342, 240.4363027535162, 422.60090880560665, 327.63042902581515, 62.04762897064405, 25.435663968682125, 360.56773191905114, 154.9226721156832, 33.161292034425806, 177.8091733067186, 262.58198940407755, 436.9800562237075, 476.6400624069227, 331.2167787340325, 75.205948242522, 484.33624811710115, 258.4696246506982, 419.8919566566751, 357.51468895930395, 166.3771729386268, 47.59455935830133, 188.20606700809785, 184.7964918401363, 267.9201349178807];
            o = O(1:D);
            z = x - repmat(o, ps, 1);
            z_D_1 = z(:, 1:D - 1);
            z_2_D = z(:, 2:D);
            f = sum((100 * (z_D_1.^2 - z_2_D).^2 + (z_D_1 - 1).^2), 2);
            h(:, 1) = abs(sum((z_D_1 - z_2_D).^2, 2)) - delta;
        case 4
            O = [0.820202353727904, 5.260154140335203, -1.694610371739177, -5.589298730330406, -0.141736605495543, 9.454675508078164, 8.795744608532939, 9.687346331423548, -3.246522827444976, 6.647399971577617, 1.434490229836026, -0.506531215086801, 0.558594225280784, 7.919942423520642, 1.383716002673571, -1.520153615528276, -2.266737465474915, 6.48052999726508, -8.893207968949003, -3.528743044935322, 6.063486037065154, -4.51585211274229, 7.320477892009357, -8.990263774675665, 9.446412007392851, -6.41068985463494, -9.135251626491991, 2.07763837492787, 8.051026378030816, -1.002691032064544];
            o = O(1:D);
            z = x - repmat(o, ps, 1);
            f = max(z, [], 2);
            h(:, 1) = abs(1 / D * sum((z .* cos(sqrt(abs(z)))), 2)) - delta;
            h(:, 2) = abs(sum((z(:, 1:D / 2 - 1) - z(:, 2:D / 2)).^2, 2)) - delta;
            h(:, 3) = abs(sum((z(:, D / 2 + 1:D - 1).^2 - z(:, D / 2 + 2:D)).^2, 2)) - delta;
            h(:, 4) = abs(sum(z, 2)) - delta;
        case 5
            O = [72.10900225247575, 9.007673762322495, 51.86632637302316, 41.365704820161, 93.18768763916974, 74.53341902482204, 63.745479932407655, 7.496986033468282, 56.16729598807964, 17.71630810614085, 28.009655663065143, 29.36357615570272, 26.966653374740996, 6.892189514516317, 44.29071160734624, 84.35803966449319, 81.16906730972529, 92.76919270133271, 3.826058034047476, 7.231864548985054, 14.446069444832405, 46.49943418775763, 22.155722253817412, 69.11723738661682, 88.99628570349459, 58.74823912291344, 52.265369214509846, 47.030120955005074, 53.23321779503931, 5.778976086909701];
            o = O(1:D);
            z = x - repmat(o, ps, 1);
            f = max(z, [], 2);
            h(:, 1) = abs(1 / D * sum((-z .* sin(sqrt(abs(z)))), 2)) - delta;
            h(:, 2) = abs(1 / D * sum((-z .* cos(0.5 * sqrt(abs(z)))), 2)) - delta;
        case 6
            O = [-1.595515627742907, 7.633467047559741, -5.764100483472472, 8.103197246263033, -0.059515969417191, -0.737189363693078, -9.190862358160823, 4.22087353933443, -1.745435308213725, 9.499044614342985, 3.82068618551277, 2.569334886907409, 9.354368119489862, -0.852114934846258, 4.714177466874696, 6.775420647884232, -9.074204717422479, -3.760650327490145, -0.77805530989772, -7.487007842931314, 4.435061566086135, -6.952711886757461, -8.752326993212105, -2.411334215593357, -6.149894283287328, 1.049303005795593, -6.049093253116644, 0.950328133373404, 1.443084229017085, -0.163829799788475];
            M1 = [-0.427907650939441, 0.33300277992222, 0.158498600541243, 0.278765719516325, 0.222299060911893, -0.29474502069992, 0.370057970680927, -0.501453646373309, -0.280145449898877, -0.000651265117346; ...
                    0.224165315142979, -0.261710409707008, 0.461868247797853, 0.088426027905637, 0.181816871315433, 0.373896699539441, 0.129585371011854, -0.381595698048136, 0.299800543352535, 0.48473910987024; ...
                    0.53537800271001, -0.346919032183315, -0.245187528106815, 0.616142955927466, 0.041841873460541, -0.159575037377286, 0.105947745849249, -0.048303985087219, -0.328079281746379, -0.069709134117085; ...
                    -0.416970506616096, -0.38848171660274, -0.094221759803838, -0.004397275883214, -0.237544237428415, -0.087984765871128, 0.123623297192573, 0.287283813863898, -0.330878858096249, 0.62837597392732; ...
                    -0.173113815964007, -0.41172550558533, -0.499430088608083, -0.219823423370544, -0.134153464975979, 0.107615420480369, 0.438598883104602, -0.36754189637868, 0.291862561306911, -0.24605477533745; ...
                    -0.238828717007495, -0.377132503962298, -0.036565581442029, -0.115315158370499, 0.298745579814478, 0.119889740767446, -0.652016881734357, -0.358800646641909, -0.326697807053803, -0.147917018157104; ...
                    -0.430957521699839, -0.225924726595994, 0.119112314369716, 0.573035485004016, 0.085368416951095, -0.090379611695263, -0.158290455997733, 0.252439376164776, 0.529634351567821, -0.189541361218442; ...
                    0.038944335110613, 0.082059986739041, -0.407974613233548, -0.116148517661389, 0.807124465614906, -0.104709855101281, 0.075051783295566, 0.217165356560047, 0.152079302286292, 0.271071947907043; ...
                    0.158807462159919, -0.014816097582468, -0.081504338504322, -0.114995329704289, -0.203139388356386, -0.726380618422525, -0.310128975831262, -0.313282470241953, 0.332760870420427, 0.284154344591495; ...
                    -0.081746794746219, 0.423796877332073, -0.504499564436954, 0.34367868531852, -0.228250720437377, 0.409151634256662, -0.27457871527628, -0.212617996823112, 0.090750526203861, 0.304532143452476];
            M2 = [0.023071358604305, -0.243539203031734, 0.187927245392782, 0.104249328959388, 0.260716866807433, 0.221583385806611, -0.252797010046177, 0.100936946167369, -0.211370612329087, 0.202097745021358, -0.109876100185841, 0.145097436798732, 0.085948612459317, -0.146422297038938, 0.190867385282501, 0.20021353815904, -0.216595920201605, 0.020808284235714, 0.116861967544113, 0.125705173410299, -0.12742261831595, 0.154492340007543, -0.02487562612683, -0.130654692719704, 0.041242046151542, 0.137578302481707, -0.113685553667173, 0.080918468352169, 0.231134631372462, -0.500691454466717; ...
                    0.219813700073054, 0.281621212959571, -0.139807465673278, -0.110419741705267, 0.111375560917958, 0.18950250606953, -0.197263817723919, -0.120573644625486, 0.150326895316473, 0.181439845450315, -0.160383535661352, 0.119334369356968, 0.083421908456657, 0.205356036944096, 0.070741886265028, -0.010306823979388, 0.165894298461859, 0.286426975125101, 0.242550434036209, -0.257446539575199, -0.124841748949664, -0.284707849202713, -0.266045211188684, 0.149407650859431, 0.234265400495501, 0.173236453713421, -0.268903873738916, -0.039222449976035, -0.076974292905734, 0.007845772247666; ...
                    -0.004556210660988, -0.185010374871545, 0.301301193684884, -0.10921707132215, 0.056649154772895, -0.319259584148745, -0.121951562968817, -0.114946550830203, 0.299113248329728, 0.245003405745115, 0.095158583529753, -0.055656948570354, -0.015031072793883, 0.179092320602946, -0.139122690964128, 0.015458176172072, -0.473892415411379, 0.248799402354716, 0.082952673098456, 0.113131317862851, -0.149011135793801, 0.130435444369303, -0.13561458613853, 0.11308864609885, 0.036204321234517, 0.087604692517882, 0.120848540211163, 0.19940636435041, -0.036809747154144, 0.273890394537969; ...
                    0.084637445870772, 0.010234637261837, 0.0163505679041, -0.291324368670689, 0.139923837626945, 0.208455731467674, 0.078963492326544, 0.126450260433286, 0.165919594030767, 0.278689150458097, -0.098320280555702, 0.005769185393483, -0.092678642477698, -0.089451840157247, 0.094755103368655, -0.207537949603887, -0.030327606297323, -0.338124956876588, 0.16620777623828, 0.345468896633115, 0.232248040914797, -0.044083405261306, 0.19399037033832, 0.125847249224541, -0.089882822508969, -0.146623682416915, -0.377000734416181, 0.236892103614607, -0.02921365683848, 0.196331177937226; ...
                    0.074312304236457, -0.225574447201836, 0.082165637933408, -0.033209964886626, -0.395153290195699, 0.237532238053277, 0.190561243631616, 0.246871613324737, 0.290083591667706, -0.167384565782564, -0.364144333118163, 0.077714490762667, 0.173586703218393, -0.06768099740148, -0.214558447436607, 0.177971891604503, -0.156757421164456, 0.218776801667123, -0.082457734254522, -0.021931934191503, -0.077019249390667, -0.053740971959229, 0.302519716272707, 0.01060499532639, 0.213434093287663, -0.040533349166557, -0.130510850208411, -0.042664408542468, -0.119334391939199, -0.047175447691726; ...
                    0.059763888754179, 0.280448600610953, 0.168027393015553, 0.107898885039039, 0.078129132208644, 0.016725542148049, -0.068862345396511, 0.256062380545733, 0.354672938188716, 0.094803370580719, -0.070360138265119, -0.171709187603815, -0.217858919814539, 0.101783534628229, -0.3179989701311, -0.366489963591689, -0.062085337817464, -0.24855253685841, 0.021171334275235, -0.156319199253231, -0.134973123175041, 0.066947961696385, 0.003208576812388, -0.27795817533011, -0.038860789297872, 0.054899775422407, 0.085161477088784, -0.144095337095427, -0.046479992254913, -0.33696238445883; ...
                    -0.366337733947864, -0.166407788441605, -0.324066002093473, 0.221420133757307, -0.019574569704521, 0.232911992313817, -0.029115729240295, -0.186487058187222, 0.397518752619068, 0.17518781618224, 0.051852566445361, -0.079220650943603, -0.166432725021838, -0.024221990224804, -0.023790397460643, 0.18954911307234, 0.250048077779269, -0.020194088105652, 0.181220139167084, 0.133993863209264, -0.151098227786211, 0.332313719703799, 0.058249344755879, 0.17404967391927, -0.068231608230426, 0.116051403905587, 0.031830502016625, -0.173898895181996, -0.035333966699982, 0.006553464834535; ...
                    -0.089339028871793, -0.150644747151113, 0.333977718023231, -0.023290983832132, 0.071484031968692, 0.063242327007743, -0.00779727597403, 0.194454781194566, 0.086167326136549, 0.192374022340354, 0.350397911585836, 0.029740048674294, -0.018753009632293, -0.03019352628856, -0.07197528032568, 0.301158224734001, 0.17169318271056, 0.082918207464545, 0.270691037309726, -0.016451419802242, 0.239235646563372, -0.447247884813242, 0.023841342689988, -0.13108343259114, -0.09075884678349, -0.158370971426108, 0.136668222091284, -0.309761815654371, -0.109888826877523, 0.009150635095007; ...
                    0.074888191567131, 0.083676205350129, -0.083179354547031, -0.066637896381512, 0.053095160511266, -0.316861186599257, -0.29440100906201, -0.244402988924601, 0.017206601507865, 0.124338014724408, -0.385746577427, 0.297328957427912, -0.230153572792195, -0.253203421162331, -0.208078674142006, 0.144353576321385, 0.064304889129675, 0.134789234354328, -0.138917258189494, 0.116963134427208, 0.05362753481884, -0.015827322352239, 0.127418324851312, -0.278973717947007, -0.229563349427393, -0.117365551566048, -0.110405189834349, -0.228624200829576, 0.006442191211637, 0.093722093619552; ...
                    0.145179110717378, 0.296309987026553, -0.207923380305322, -0.014984827668181, -0.376306239493006, -0.079727038632315, 0.039301457650374, 0.280141080421287, -0.049843469703849, 0.338344539312377, 0.112751165836885, -0.200149157556593, 0.194010750834463, 0.039647110377517, 0.253986903567107, 0.169124043636955, -0.147638457634677, 0.090494694760029, 0.038999227519237, 0.044135580403696, -0.155065521821391, 0.04468936325164, 0.121062878126268, -0.173158624179059, -0.362179299761345, 0.168984801824032, -0.050803401252733, -0.124928370613716, 0.154932143045688, 0.107528702725028; ...
                    -0.247769518547637, -0.013026391999973, 0.208366068872463, -0.01308241030252, -0.420850844853081, -0.015585757874256, 0.024416269182916, -0.15757671662769, 0.000937570811116, 0.114839339525928, 0.152748867215816, 0.400530911643258, -0.099591996137782, 0.046119070527813, -0.084057871760255, 0.037523835783196, 0.082944630739407, -0.250434288453272, -0.003108994546258, -0.308632885138753, -0.249962227016132, -0.103776460000353, -0.065811962324665, 0.008063951073233, -0.20928404905756, -0.059857929446445, -0.239070452324862, 0.326048730324964, 0.12085455969946, -0.081508052771155; ...
                    0.029335186852684, 0.42479534654041, 0.024506562358727, 0.119627472308365, 0.185031279097699, 0.174363196232417, -0.13617821264296, -0.053577225314059, 0.158112469526072, -0.234896255576176, 0.140991780449312, 0.167717918159266, -0.147227348718694, 0.025588809721566, 0.162073030990437, 0.167886922952055, -0.163588516104328, 0.076857164260112, -0.056586802740237, 0.131435075006562, -0.249447709957678, -0.203617006385776, 0.42397887818139, 0.171046610279555, -0.053268384703754, -0.180711334111722, 0.264203012368296, 0.195834884778332, 0.054890300944545, -0.015768540027705; ...
                    -0.118411599514207, -0.186573450160536, 0.104726198114066, 0.425554231240091, -0.142023526088077, 0.230649975647185, -0.259005051016549, -0.123471617679185, -0.021359056928563, 0.004900524854479, -0.046686074187159, -0.249158055609082, -0.085734101080989, 0.066568574763972, 0.051854545882703, -0.375910086806283, -0.015746972066708, 0.242445097805124, -0.209690288874655, 0.101360776912699, 0.125633999274207, -0.35060766970107, 0.062573716724893, -0.065368441587413, -0.152986434298628, 0.115992409521798, -0.151390459165938, 0.047882375964519, 0.195175237595396, 0.150178383140756; ...
                    -0.0858624551914, -0.044206504461199, -0.024191833901419, -0.294463613925753, -0.136549581242564, 0.19063192188534, 0.009078296358467, -0.391384668907518, -0.126869407752262, 0.342114961361082, 0.09116986748678, -0.047152302046922, 0.059106641376471, -0.17573962390328, 0.153263704805923, -0.241727829980376, -0.210029426125613, -0.079980964940618, -0.222398072129181, -0.029578618396792, -0.173678756156788, -0.134473010768791, 0.152816363866217, -0.02684732428053, 0.177058808287171, -0.038354858709199, 0.205435928845276, -0.258590743909628, -0.316197162829926, -0.141824125756808; ...
                    -0.174058638208522, 0.291199599238183, 0.266450303450098, -0.028890863183029, -0.001872306345431, -0.028383053613087, 0.39408931761541, -0.194729410189049, 0.084776372897711, 0.032277313861178, -0.248588278162597, -0.273699551170024, -0.170479550505463, -0.268762486929797, 0.06310137167014, 0.290307348954524, 0.012767532433376, -0.062935704572033, -0.09876386377763, 0.134130771563517, 0.05693674879587, -0.212147182889801, -0.207072437970811, -0.008386554559657, 0.115821199976077, 0.331790803979211, 0.031869629763129, 0.084758011153661, 0.16616334234557, -0.046598388159981; ...
                    -0.122539813734875, 0.055062021475661, 0.192259726298495, 0.111778689877941, -0.097108288576286, -0.060635211302085, -0.19095906457098, 0.162096699758123, -0.089809961872459, 0.286607914398291, -0.463816666355172, 0.065667529388804, 0.110706918054021, 0.195570725883205, 0.127761253319044, 0.022293063803799, 0.09627643999163, -0.214289667440959, -0.068731650918356, -0.149376519308406, 0.176925422707419, 0.039652800851065, 0.057845509202043, 0.428075459635867, 0.017700445535024, -0.088604130882618, 0.375102294107653, -0.103580953343745, 0.107912132657264, 0.082089072712939; ...
                    0.149871224860295, -0.053980409768776, -0.272294148054139, 0.212023004548897, 0.043390835529284, -0.212612952696657, 0.273609522182537, -0.222214200135187, 0.303225518533083, 0.137453813858163, 0.052721508158588, 0.103879953360173, 0.249853799417856, 0.062046913381309, -0.023484859395315, -0.033414850615502, -0.196847877163258, 0.007222208672822, -0.089375537303704, 0.014971153717819, 0.310981749028181, -0.190284764420785, -0.065522359741408, 0.188462632871619, -0.15983055420235, -0.180244626147409, -0.009963799685459, -0.005211451339253, 0.157429233733364, -0.43492164414894; ...
                    -0.02591340911751, -0.019975433515814, 0.012110139396268, -0.213764132741262, 0.031510019724613, 0.105961018652306, -0.099189843238001, -0.145134916398449, -0.187599436771598, -0.220155014764647, -0.168521945543012, -0.19963534047124, 0.286316901994479, 0.038596872030396, -0.389762239991247, 0.012555284897496, -0.015937810042766, -0.087380574856683, 0.235991945782939, 0.15945701408713, -0.165817676129441, -0.168411073103876, -0.028299618426901, 0.23088808548431, -0.511396297338036, 0.148307223070328, 0.088388436173997, 0.00285611598734, -0.122340930318911, -0.131240403503548; ...
                    -0.121864113916304, -0.014654550202084, 0.035376407571811, -0.212780253670548, 0.006149014177479, 0.021959947216556, 0.256860233208179, 0.213074272394272, 0.045473086570827, -0.042935595136984, 0.005139319533825, 0.418561398626004, -0.04319205091174, -0.147488524664772, 0.055288297966996, -0.437421558534106, 0.114963949182547, 0.309587665604864, 0.053645939267238, 0.217876758821124, -0.148693221159438, -0.004741436812794, -0.131874035298172, 0.121987204075402, -0.11244194637973, 0.133120482557454, 0.211878365468138, -0.201211182622069, 0.315903345963361, -0.003829799168322; ...
                    -0.126123092831119, 0.313190363437176, 0.134166137039325, -0.130542816564377, -0.116589938908975, 0.085443534308242, -0.269947041942654, -0.078676889889736, 0.084414074333353, 0.000298119121542, 0.241097477550619, -0.013849219460857, 0.283258173803501, -0.356053350509168, -0.200521645839119, -0.079568162114918, 0.05507158321499, 0.203994934150072, 0.015633895463703, -0.144331577377909, 0.437697067593003, 0.297725584138964, 0.155346658581911, 0.091016739015444, 0.064175206558093, 0.131923563597529, -0.009483551236404, 0.127436711025714, 0.102565683180811, -0.072676817293255; ...
                    0.213961481416887, 0.168198407737567, 0.31823576701544, 0.328503390360894, -0.091998612617176, 0.128969378833434, 0.146855728314558, -0.133451135740069, 0.000946498772983, 0.049030993239779, -0.008693974193085, 0.273316199428816, 0.186258255014889, 0.121673024025174, 0.104119891469482, -0.037688926878745, 0.181218379501068, 0.047504520560275, -0.067127317277936, 0.32602546833527, 0.073459597320917, 0.227094230667246, -0.141744489562412, -0.1193848907061, -0.147254533293153, 0.088613497608967, 0.046120322480013, 0.05408585177024, -0.491385369232803, 0.008514563314963; ...
                    0.373877021735911, -0.087117560556513, -0.023885489008006, 0.077805222859825, -0.017871548495562, 0.26358837782502, 0.065575922657135, -0.282381989943325, 0.048000002005496, 0.042279234963912, 0.013088271901763, 0.111190815930443, 0.198510662128465, -0.014384124608641, -0.208222146457865, 0.01523138893421, 0.018334156916899, -0.282753596074817, 0.168979172096339, -0.025681854664133, -0.026652903779445, 0.003721711693469, 0.028352368844246, -0.279136067496355, 0.139205004101653, 0.058468745842254, 0.303325705259124, -0.010308333500278, 0.429095223108768, 0.323047787361305; ...
                    -0.128405611991057, 0.016660592723202, 0.111243916639215, 0.239761127369325, 0.068309001097477, -0.203559841815938, 0.158468603206916, -0.160348595327825, -0.030915796524762, -0.191527960003824, -0.122161126369174, 0.10356665464739, 0.043537045650486, -0.123056805761277, 0.252735019348272, -0.172529851185191, -0.266956422045032, -0.077735151931771, 0.521721038081855, -0.269341636516775, 0.05644198608966, 0.01018864685953, 0.2936489196807, -0.016034616559579, -0.042418439509422, 0.191166234577746, -0.140756155739667, -0.217337765912142, -0.111357824431006, 0.113419671426429; ...
                    0.153674075805796, -0.011022646124339, 0.202463916655671, -0.027051403687117, 0.176263010985745, -0.047382166151001, 0.08551446547199, -0.051324575366443, -0.084499219728522, 0.010230420504937, 0.236455917693281, 0.083743635403334, -0.023701061487849, 0.256429595445708, -0.173057601125983, 0.095209668504116, 0.045760519759508, -0.12440223123868, -0.346424595333292, 0.023767632461596, -0.041043070283435, 0.068357476777677, 0.291245664276342, 0.286275103859858, 0.036848691914435, 0.353118314841958, -0.331808862503714, -0.383349452504386, 0.143642268513429, 0.027583566795542; ...
                    0.146903999643725, -0.041639008084258, -0.060690712445623, -0.014848846077282, -0.198902394077235, -0.189845616373261, 0.126415771427905, -0.093885811231035, -0.274755148739838, 0.192562550828159, -0.00955771584604, -0.060217337007873, -0.304124138067199, 0.228203284134865, -0.156997879239558, -0.069035357837482, 0.229570952908168, 0.204871495276006, 0.305087073758034, 0.148995312488614, 0.088976318796948, -0.02094647822294, 0.388157631106922, 0.002435434185887, 0.194961157508216, 0.138840097192971, 0.147179346529813, 0.254254871559064, 0.006342768764621, -0.263623294949303; ...
                    -0.0608661505635, 0.146555580711974, -0.194475883468757, 0.207495722268346, -0.30527462848705, -0.086663219495567, -0.248167037721791, 0.1478305421615, -0.121344133341115, -0.070302024600429, 0.135923524987969, 0.199771371050369, -0.073677813979665, -0.106546327557882, -0.196109777527057, 0.015106503126995, -0.275067420372013, -0.263045499165718, 0.130739977649949, 0.389134209141338, 0.0631454997152, -0.184055648701562, -0.222864186591163, 0.149047004446891, 0.327616065803509, 0.131465125655398, -0.040368285105394, -0.149266070287538, -0.067695848219009, 0.007103603845905; ...
                    0.268415194218636, -0.243954293115292, -0.166035019894207, -0.099067226244108, -0.023732611154401, 0.061484374174523, -0.117474015531197, 0.130388583389478, 0.151702336383109, -0.066938215583669, 0.035719870728927, 0.161868303295986, -0.278204057137361, -0.148328512373446, 0.141597766506655, 0.061626960392045, -0.060266032062573, -0.111704917464634, -0.140570303860242, -0.232333777262299, 0.222724407384168, -0.099926162466341, -0.011005404306214, 0.064346558576494, -0.221880346048088, 0.527072940265472, 0.248443216841586, 0.171747007553667, -0.213828101202187, -0.003499225562305; ...
                    0.029190319041398, 0.137996386010025, -0.052671046600567, 0.082574050365387, 0.019675523236783, 0.406627243313423, 0.245141617385011, -0.011548010475965, -0.309052771850073, 0.120019443429705, -0.020626329277839, 0.051225179700079, -0.3803441957409, 0.051626888991824, -0.247774477788262, 0.078995410306428, -0.380978923839887, 0.19975295763172, 0.041039748721239, -0.203862088567774, 0.198405829717478, 0.184526042169612, -0.16248302586394, 0.123244321241256, -0.169482797451701, -0.168013830401126, -0.007352812240099, -0.092879407331974, -0.008329589503461, 0.087329377462898; ...
                    0.228678742930217, -0.029649973176179, 0.210660606758725, -0.268904999831607, -0.35401954102632, 0.058820407990939, -0.185768311536065, -0.227653126947948, 0.155124303024404, -0.325611959978846, 0.005404486381564, -0.120351834967572, -0.249429618409322, 0.193520134425257, 0.317257502472855, 0.035244068819801, -0.029563667634032, -0.033909953634353, 0.141763650017426, 0.109239149374551, 0.15343276968306, 0.165975594209104, -0.140239055289629, 0.045756434259666, -0.05682102669939, -0.159759583212716, -0.030595452046069, -0.260893173081313, 0.174126057613149, -0.184055361204547; ...
                    -0.454982071202166, 0.081028739628757, -0.15454679842635, -0.245309575415441, 0.070738655949495, 0.114407183940778, -0.000803285383987, -0.029585292203112, 0.034841728346049, -0.090378694457875, -0.087253833015541, 0.201658706322267, 0.107556168250323, 0.538785527750462, 0.027360507247175, 0.068052364992373, -0.162699590061949, -0.027702982041988, -0.062665317946852, 0.088925544163789, 0.287078549836071, -0.026926010195244, 0.059356754643412, -0.389446957988569, 0.022367979523514, 0.192399044103956, 0.050439485449618, 0.023364347605351, 0.017553373460626, -0.013236479997603];
            if D == 10
                M = M1;
            else
                M = M2;
            end
            M = M(1:D, 1:D);
            o = O(1:D);
            z = x - repmat(o, ps, 1);
            y = (z + 483.6106156535) * M - 483.6106156535;
            f = max(z, [], 2);
            h(:, 1) = abs(1 / D * sum((-y .* sin(sqrt(abs(y)))), 2)) - delta;
            h(:, 2) = abs(1 / D * sum((-y .* cos(0.5 * sqrt(abs(y)))), 2)) - delta;
        case 7
            O = [-1.46823271282738, 47.51401860909492, -30.421056514069576, -7.707941671844303, -21.74698421666629, -17.88116387879569, 5.274442455807971, 18.71403753778708, -36.959734507345146, -20.72950462154263, 25.4701966548936, -25.439992885801573, 1.054563129830697, -31.556579857545657, -19.320382777005047, 17.16774285348282, 34.66536814401755, -31.803705714749462, -12.926898387712775, 25.489686517508602, -45.23000430753644, 36.31774710581284, -18.38690515559357, 34.86816378160691, -37.530671214167334, 19.288852618585977, 0.684612418754519, -12.636795982748637, 15.005454148879409, -40.468678588994315];
            o = O(1:D);
            y = x - repmat(o, ps, 1);
            z = y + 1;
            z_D_1 = z(:, 1:D - 1);
            z_2_D = z(:, 2:D);
            f = sum((100 * (z_D_1.^2 - z_2_D).^2 + (z_D_1 - 1).^2), 2);
            g(:, 1) = 0.5 - exp(-0.1 * sqrt(1 / D * sum(y.^2, 2))) - 3 * exp(1 / D * sum(cos(0.1 * y), 2)) + exp(1);
        case 8
            O = [-1.46823271282738, 47.51401860909492, -30.421056514069576, -7.707941671844303, -21.74698421666629, -17.88116387879569, 5.274442455807971, 18.71403753778708, -36.959734507345146, -20.72950462154263, 25.4701966548936, -25.439992885801573, 1.054563129830697, -31.556579857545657, -19.320382777005047, 17.16774285348282, 34.66536814401755, -31.803705714749462, -12.926898387712775, 25.489686517508602, -45.23000430753644, 36.31774710581284, -18.38690515559357, 34.86816378160691, -37.530671214167334, 19.288852618585977, 0.684612418754519, -12.636795982748637, 15.005454148879409, -40.468678588994315];
            M1 = [-18.785768809450733, 33.616954860437176, 26.882113915382682, -10.43306419742936, 0.944892894082476, -3.353896433259691, 3.535212733907637, 7.394276941396782, 7.790908752641235, 2.091292109983567; ...
                    -0.38080580880289, 10.420967284673154, 9.347291913115678, -20.926490513724943, 11.4259031588907, 1.10563725749954, 36.87928250597037, -1.910339780463472, 7.56116849320932, -9.743066435789972; ...
                    -12.341688082549489, 6.362199355273804, 8.248429939792464, 8.089256366417835, 0.069234506619011, 2.578624135957486, -0.497340218618186, -2.062722095484327, 1.430205147745766, 15.52200376094467; ...
                    -17.00654251044467, -12.679306064055677, 51.65812051951116, -3.97661207806369, 3.934938475013658, -30.777202564613845, 6.146597147627116, -11.404959107806402, 12.694206030880832, -9.395143228117439; ...
                    -5.484749154282662, -13.643476981518553, -20.8125786035429, 12.48063177681885, 0.844978205995699, 24.830393330514045, 33.83850518570256, -17.003569707093064, -5.293964367404844, 26.065703095424336; ...
                    11.422878520470586, 10.221461943150496, -5.999478987400263, -8.935891602574142, 3.340791625151446, 3.924548854255449, -6.760571785727851, 14.016300477765046, 2.353396935795215, -15.957358828479556; ...
                    14.1069797350053, -0.689797572922294, 25.92835826668488, -30.138271725378775, 12.953067028884863, -17.125782201118525, 19.122903237509483, 3.85021017121606, 14.44987126033593, -37.768641488073015; ...
                    1.817162027385162, -4.52289774299815, 2.596064824368431, -3.077970366333548, 3.666238380627702, -3.142271967105208, -1.93910379576585, -1.132846020949443, -1.459397119228072, -4.385065305078107; ...
                    17.05963501513677, -40.88734304067851, -9.04136854737176, 9.207816613351653, 2.483559081696921, -3.135238286666343, -0.515970843448524, -10.448164970351954, -3.97908386413912, -5.010151763870892; ...
                    -2.100410473384162, 4.285743492212902, 18.13880373052391, -5.569156622351854, 0.020414928764168, -5.531568307180828, 1.750746232557792, 2.018382353850689, 8.96737078655512, -3.593654241962948];
            M2 = [2.511190264603399, 8.257741094092125, -4.576972024334265, 11.663051871013478, 1.839271199160904, -3.930477981638431, 6.381869129516557, 5.554163663846647, 3.792259995720394, -8.119579509114208, -6.749873116676933, -4.16744839268803, -5.247229107097693, 4.380091021522936, 1.636265206648646, 1.545744455341335, 6.729651169519672, -10.841704025647012, 5.27133366266056, -7.315142457952093, 5.586455189183544, 0.134360209805352, -4.757951297029205, -7.494064226166734, -5.71422876353246, -3.494974588660678, 16.86892010541546, -6.058600435639238, -11.353403083342686, -1.092357620889664; ...
                    -1.176252081542598, 0.194672319059377, 9.262321627779777, -4.877620455960017, -3.013825305151295, 4.138941347418219, -4.381399078195643, -1.095599959738453, 3.362553950833766, -2.415178728944297, -6.861613142354518, -0.005940467288075, 2.135933445957106, -0.307275749657439, 9.502954614655595, 3.789220991977143, -2.76964275770075, 2.672716708411572, -3.374116812054481, -2.041106775198442, -3.340247070143979, -0.837499094352104, -5.259049047845686, -1.521493877085425, 3.560245065816806, 0.587849049777596, -8.24965720380312, 1.577881184618359, 2.56392435402041, 1.537958604481863; ...
                    -1.308581228315848, -2.050371351098398, -3.874959824774145, -2.136018990593701, 0.425374281070453, 3.043654044666869, 2.852463840006697, -4.609692730685587, -2.676989994934014, 0.018654380314467, 4.1843245155883, -2.941454921101105, -9.0702547942116, -2.890167502434176, -6.517087530456076, -6.458220473167814, 5.214757843970958, -5.672828398157034, -1.291826775778004, -0.425237758250728, 2.004256913177237, 7.010207042020759, 3.245852998964355, 0.975852195193769, 1.406362603904871, -2.052462316198574, 2.872078581244381, 2.445851054572349, 1.108924529459803, -0.260629199129536; ...
                    -0.691301322822554, -1.994532314862069, -8.604754485993125, -2.97610726321536, -2.546281717050659, 0.13089272819699, -2.095263510257371, 3.356968437392792, 0.259978867749323, 5.401823223841656, 3.061295803499265, 1.403978462555566, 3.459625904755164, 0.875144781306571, -4.037867043038509, 2.69814135487501, -1.046480563223284, -0.162120818498023, 3.972120681919849, -0.360095886115473, -3.590431022975543, 1.135744786203014, 6.085551336331358, -0.306597750598646, -2.349583036995845, 3.903939972739528, -1.48181865824383, -2.878395159465752, 7.258503538363769, 4.796644771310021; ...
                    -0.444232081955838, -3.571385678786192, 13.286045625307453, -12.839633153682575, -4.489679872696604, 7.869013641543565, -1.965105477391064, -8.636636350365924, -0.094822649845242, -10.673493697992319, -12.53156986402604, -1.854979185138595, -4.845831775303889, -3.303193299843544, 14.504105531464209, 2.590044768433951, -6.135686158996087, -4.270904315841696, -6.861683086853831, -2.744870140116196, -5.102676391316569, 5.943125003510186, -8.766966677691988, 2.000662359536807, 0.48220557102434, 7.450887387478847, -10.45013256174983, 3.625933262996068, 4.179177543735097, 3.98247679713907; ...
                    -10.464299208072154, -0.185820260985436, 6.552041396672776, -5.911945191669922, 8.168937620030086, -10.982208830632558, -3.00135846456146, 2.912065997677753, 2.671937505436929, -3.256558888247419, -1.010981945614573, -8.18916926806801, -12.001606012082647, 0.565140546704374, -6.816130902986662, 7.034212706943163, 12.40601107576485, -14.537675875626526, 1.401546347401862, 0.070761477781216, 5.173018588042309, 17.500331178638167, 3.097673254889692, -4.026635320023784, 3.007819170833911, -6.986787465181084, 6.394195915881141, 3.687826212758699, -10.500866576776128, -13.151879796730649; ...
                    -5.781123825040053, -4.695427919915561, 9.384139425829048, -7.575211154097536, 8.514278328525183, -5.720630545110835, -3.828493595935516, 5.90998861394398, 0.148907769173485, -0.631185579095166, -7.572076478194538, -3.770557393047349, -8.178577514209056, -5.098256869553833, -12.07105725371895, 1.248737932444238, 0.478544192523777, -8.678825875969533, -0.946209858630089, -0.78972756845699, -8.64978321329506, 2.485419664365408, 12.153488342644684, -3.062242328783848, -0.170370275829816, -2.093524789628705, -5.15404262324049, 4.508277504607992, 1.61064781893081, -3.274879887486953; ...
                    2.268818310206689, 7.300452401745146, -4.331575628327129, 10.74428874720899, 0.15049273777556, -0.522703831910356, 6.686183057924437, 3.782219973575128, 2.188704155720839, -8.966284106856413, 7.937092834912006, -1.31567415453634, -3.395220022143096, 1.559847175500902, 2.78883479224772, -2.138994752636062, 8.323858134206022, 1.103349691459627, 2.080995858068952, 3.671907915458957, 10.73018786831511, -0.786574921144261, -12.077147983799486, -3.200483300835418, 1.964680859010843, -2.657000417145831, 12.549412268552729, -5.048053145262655, -8.92560318109584, -3.291078633192861; ...
                    0.041055194191982, 4.198164286592344, 0.380892004577647, -8.23942251831774, 4.779957612796264, -3.478785140983899, -4.340229693544734, -1.26961685769858, 6.146810236016467, -3.071864805992567, 0.971337912956829, -5.896120164000506, -0.757550831858382, 0.878200934289778, -1.532518943062243, 5.844371522790389, -0.837014728066397, -3.907278737140878, -2.030173016623314, 3.202676786182734, 1.470137096717735, 6.858775309836105, -5.751687072684216, 2.261109122092457, 5.446233047509159, -0.994575214031629, -4.198066474981203, -0.916283719062444, -4.341766414322003, 0.660003095340524; ...
                    -4.758805234887069, -1.249096368305273, 5.230241683696193, -19.44236789411332, 3.990165558570265, -5.21678532927235, -4.960118855176376, 2.113664727176411, 0.365246740004055, 3.670941659701974, -1.914288039871711, -6.094333718753953, -2.682967627659987, 1.227422326532798, -9.433645672535167, 4.96643787530529, -3.616907241245708, -0.145552345328748, -2.280394788413511, 2.265409089297554, -5.317818474692691, 4.356958717932082, 9.75139488271248, 2.184418024240871, 4.551729219908339, -3.203937519303825, -8.161877539527412, 9.881964507838315, -0.942679393999977, -4.09075977260806; ...
                    5.895714456877837, 5.673958378336709, -7.551189095277389, 8.6763663921392, -8.74212847286295, 7.876941413449155, 6.186314942878492, -1.385292259378321, 2.339350501494244, -7.303402814099851, -0.620345906721456, -3.21480044327725, -0.528558678306147, -0.327651725159052, 6.60017678920534, -4.030480514390237, -2.74819741682516, 1.131719959794813, 4.041615304275, -3.807276819902737, 7.174795405973731, -7.105910692661075, -16.16824790535485, -8.490742807482299, -1.205275569694925, -3.213783451897369, 10.19460083362542, -8.1537702193513, -3.34614228867147, 6.852576635102674; ...
                    5.050755100515472, -1.015084166538332, -4.488951762662663, 3.071909362047136, -6.309214790805194, 4.607171586689359, 0.518771985931275, 2.576207604994254, -2.538951540887637, 3.871170428002043, 0.86099787829018, 9.333192517131101, 3.898241746958841, 2.045637143082407, -4.632172666627585, -3.251052343878506, -10.340844584872428, 9.938362935470167, 2.681875064667896, -0.30928871960663, -3.553804690623363, -11.909220170048043, 3.407795649838816, -0.852234992909218, 1.470543694236073, 0.018651383236502, -0.400939937078999, 1.006604199340888, 5.546567833598792, 8.936287451220219; ...
                    -2.296736642073308, -7.507685960269931, 3.878804185286892, 1.927870783876082, 8.606052457582582, -4.902250427177561, -0.369415251862622, 3.771105898431047, -4.497236148553519, 6.92064424996612, 6.555606653106257, 3.979481264635631, 0.551670017289274, -1.250380372234189, -11.577926205347564, 0.98949362466787, 4.643449205576342, 0.039903009834915, 2.717889467266028, 2.628829050189848, -1.391097858187011, 2.040534828877561, 14.571897255676616, 1.64579970252636, -0.601128848469179, -0.840404796582696, -1.463197992681945, 3.202376802222665, -1.671176838446732, -3.3759766251534; ...
                    -3.937515676606634, -3.139929919295693, 7.06320923587761, 1.809248475068868, 8.870247836692679, -7.116279757514643, -0.561569800957993, 1.607623766047816, -0.442980337701897, -5.392629763518957, 3.253312934476978, -0.53910491395161, -7.500926900397016, 0.980573085142957, -5.634247758036995, 2.236908157606175, 3.147822704551946, -5.937762475731414, 0.887239059660158, 3.778662703078195, 4.579851636624116, 9.68224407023739, 0.005007990083924, -2.066608587954049, -2.840100747113819, 1.07267047086035, 6.107120400203828, -2.014818439278602, -7.165823950693442, -9.272074819149603; ...
                    -2.680240010855875, 0.356004349959002, -0.414456907621788, -0.067764618278143, 5.320643303727243, 0.737875437883548, 1.213668435898487, -3.145814327985767, -2.507697183673514, 2.536104038824088, 3.558431317438912, 2.131159153330951, 3.764201252276733, 0.816204397371172, -4.632956423959657, 0.184120289127522, 1.217433374070159, -4.036068485529014, 2.258556949877698, -0.910082542366675, 3.754187256312381, 7.457650756177197, 1.456847256376522, -1.608612250250221, -0.757648771963665, 3.790322347324032, 0.887040099051261, -6.027791111032598, -0.328191702726934, 0.866002766609515; ...
                    6.578208237675698, 0.818410293291321, -9.288863917296439, 22.14413550757907, -5.223269252930489, 1.804141126348005, 6.924767448007314, -2.776780120617464, -2.494384185627731, 4.743636200841757, 2.69082215234061, 6.088855334101281, 0.981039450131136, -0.123672950299567, -0.140131828740133, -13.797914058713273, -1.914030716314594, 1.35605332601434, 2.48584096184779, -2.669304324669153, 2.289369793279759, -12.59957022859263, 0.93847348962723, -3.000750651813473, -6.748464919761018, -2.998991813272391, 7.50927404965129, -4.712789813740673, 2.583974262309686, 4.259407321635679; ...
