-6.321075e-02 -2.926903e-01 3.015764e-02 -2.564234e-02 1.158244e-01 -2.609669e-01 2.851646e-02 1.087159e-01 1.605688e-01 -2.110596e-01 3.531342e-02 7.475227e-02 -9.978134e-03 2.199301e-02 -3.063896e-02 1.268706e-01 -1.524092e-01 -2.954778e-02 5.476725e-03 2.291906e-01 -1.936443e-02 -1.007376e-01 1.273215e-01 -1.925664e-02 2.033549e-01 -1.272608e-01 1.058591e-02 -5.163435e-02 1.975549e-01 2.609652e-01 -6.848107e-02 -7.046869e-02 -1.242618e-01 1.779718e-01 -3.721617e-02 -2.397213e-02 -2.104643e-01 9.211182e-02 2.848680e-01 8.994346e-02 -8.302975e-02 -3.190100e-01 1.421091e-01 1.967809e-01 -1.016562e-01 -1.524074e-01 8.551666e-02 1.655080e-01 8.006017e-02 -7.489041e-02 
-1.529663e-01 -7.882942e-02 1.679954e-02 3.111602e-02 1.329943e-01 1.518692e-01 4.014292e-02 -2.275779e-01 -1.935431e-01 -1.195574e-01 1.454024e-01 -3.191557e-02 1.841980e-02 7.092089e-02 -2.621489e-01 -1.209294e-01 -1.063687e-01 -3.167283e-02 -2.129472e-01 -5.323538e-02 -5.650964e-03 -1.027573e-01 8.811589e-02 1.474882e-01 -4.286688e-02 -1.232906e-01 7.859154e-02 -1.729051e-01 1.651348e-01 6.019411e-02 -1.255345e-02 2.617548e-01 1.189249e-01 1.391233e-01 -2.460766e-01 3.132958e-02 1.570089e-01 -2.518802e-01 3.280373e-02 6.932241e-02 -6.915024e-02 7.149645e-02 -1.406495e-01 1.555727e-01 -2.522851e-01 -5.337386e-02 -4.107595e-02 -2.874297e-01 -1.724912e-01 -1.887542e-01 
-1.246720e-01 -1.608142e-01 -2.319356e-01 -1.635515e-01 -4.550651e-02 6.389900e-02 1.415184e-01 -2.182240e-02 5.848039e-02 2.310958e-02 -2.431185e-02 -2.922364e-02 1.462741e-01 -2.059340e-01 -1.198701e-01 2.084687e-01 7.714449e-02 1.058953e-01 1.615799e-02 7.167039e-02 2.298475e-02 -8.949609e-02 -2.088024e-01 -1.678483e-01 -6.084286e-02 -2.778319e-02 -7.746581e-02 -2.970658e-01 -5.979721e-02 3.015426e-01 5.230938e-02 2.219353e-01 -1.293989e-01 3.883501e-02 2.483855e-01 1.526232e-01 5.248856e-02 8.451326e-03 1.019971e-01 -8.482998e-02 -9.983681e-02 2.308823e-01 3.051877e-02 -2.995013e-01 7.156930e-02 -1.168209e-01 -2.340088e-01 7.549552e-02 -1.075147e-01 -8.894070e-02 
-1.816495e-01 -1.137249e-02 -6.492087e-02 -4.112779e-02 -1.341635e-01 2.585446e-01 1.114066e-01 9.103389e-02 -1.630100e-01 1.757807e-01 -1.794135e-01 3.745426e-02 -3.305779e-02 4.331316e-02 -5.553941e-02 1.736384e-01 -1.875092e-01 5.561767e-02 -1.621423e-01 8.174372e-03 2.754265e-01 2.213453e-01 1.497055e-01 -6.794309e-02 2.310591e-01 2.031991e-01 1.992498e-01 1.906933e-02 -1.300565e-02 -4.574497e-02 -1.532387e-01 -1.206853e-01 2.133929e-01 8.082231e-02 8.989669e-02 -8.513317e-02 -3.508416e-01 9.272754e-03 1.713964e-01 -1.275656e-01 1.239345e-01 8.542143e-02 -7.727451e-02 -1.051771e-01 -5.691435e-02 -1.611442e-01 7.755273e-02 -1.383587e-01 1.352083e-02 -7.844805e-02 
-7.343585e-02 -7.789958e-02 8.632086e-02 1.017000e-01 -3.572790e-02 -2.664798e-01 -2.049760e-01 -2.069478e-01 -3.229556e-01 -2.201686e-01 1.143204e-01 -1.020869e-01 -1.664327e-01 2.648894e-03 -2.786495e-02 -2.949670e-02 -6.580152e-02 -5.134714e-02 -9.146477e-02 -7.440437e-02 5.995803e-02 4.689957e-02 -2.242372e-01 -2.525783e-02 -1.660935e-01 1.455336e-01 -8.567447e-02 -1.148649e-01 -1.632250e-01 2.486683e-01 4.353012e-03 -1.794462e-02 5.255104e-02 -1.425047e-01 1.441782e-01 6.734228e-02 -1.947852e-01 8.909656e-02 1.944108e-03 4.283685e-02 4.300496e-01 7.148109e-02 1.105388e-01 1.095445e-01 -7.220573e-02 -1.225702e-01 1.942377e-02 -4.687014e-02 8.106067e-03 1.975706e-01 
-2.919123e-02 -3.028658e-01 -3.078730e-01 -1.489196e-01 1.967569e-01 -4.242737e-03 1.750775e-01 -9.192316e-02 -1.191204e-01 -1.237080e-03 1.050282e-01 -1.404460e-03 9.173913e-02 7.768110e-02 4.061157e-02 -1.247857e-01 8.472471e-02 -1.355267e-01 -2.353892e-02 -1.368211e-02 8.624429e-02 -1.152410e-02 8.465158e-02 -8.589644e-02 6.952155e-02 1.403580e-01 2.301721e-01 1.270977e-01 -1.737653e-01 -5.611926e-02 1.680300e-01 2.709501e-02 -1.898319e-01 1.878712e-02 -5.278288e-02 -3.948211e-02 -1.717864e-02 2.316293e-01 -3.916341e-01 -4.713197e-02 -9.824965e-02 -2.889745e-02 -1.129991e-01 2.039296e-01 1.181230e-01 -3.014059e-01 -6.100074e-02 -5.779599e-02 9.644072e-02 1.227327e-01 
-6.724708e-02 -1.041488e-01 -9.245921e-02 -3.811928e-02 2.995111e-01 -1.648851e-01 -8.010047e-02 1.502431e-01 -2.976524e-01 1.592344e-01 -1.266589e-01 -1.063332e-01 1.275514e-01 -1.313085e-01 9.666586e-02 1.067005e-01 1.094504e-02 1.781188e-01 1.190790e-01 -6.980209e-02 -3.409449e-01 2.737162e-01 -5.072704e-02 -1.784817e-01 -3.403396e-02 -1.607796e-01 -3.875779e-02 -5.308440e-02 1.848255e-02 1.410513e-03 4.918600e-02 -7.801209e-02 1.708851e-01 -3.416455e-02 -3.746481e-01 4.850549e-02 -1.295813e-01 -1.064210e-01 2.731409e-02 1.221181e-01 5.644963e-02 9.985763e-03 -2.142713e-01 -5.767246e-02 1.796693e-02 -3.344017e-03 -1.178591e-01 6.129572e-02 1.664648e-01 -3.820510e-02 
-1.195000e-01 -5.681833e-02 1.471066e-01 -6.450170e-02 1.381061e-01 7.030808e-02 4.427443e-02 -1.363914e-01 1.463803e-01 1.113840e-01 -5.296023e-02 3.217383e-01 -8.996734e-02 -5.671117e-02 -2.348948e-01 -1.690758e-01 2.160074e-01 5.997825e-02 1.635742e-01 7.499634e-02 -1.026282e-01 -1.368605e-01 -1.918764e-01 1.255285e-01 4.000707e-01 8.977053e-02 -1.219359e-01 -4.380383e-02 5.248510e-02 4.090120e-02 4.290069e-02 -5.962249e-02 5.924565e-02 -2.276787e-01 -1.339399e-01 1.089455e-01 -1.154827e-01 9.314827e-02 -1.202868e-01 8.879757e-02 6.863888e-02 2.504311e-01 -7.330677e-03 -9.665457e-02 -1.383433e-01 -6.476161e-02 2.588162e-01 -1.072030e-02 1.435134e-01 -1.756806e-02 
-2.192644e-01 -8.256176e-02 1.889243e-01 1.869846e-02 -5.957388e-02 7.257618e-02 2.173263e-01 -1.413039e-01 -1.219884e-01 -1.239110e-01 -7.847790e-02 -2.376981e-03 1.074145e-01 1.073857e-01 -1.306298e-01 -1.917318e-02 -1.997441e-01 -2.062391e-02 2.592485e-01 -3.936893e-02 -2.460474e-01 -1.888117e-01 2.053187e-01 1.707257e-02 -1.097479e-01 5.517298e-02 2.503636e-02 1.218015e-01 1.335305e-02 -1.586204e-01 3.144154e-01 -1.615498e-01 -2.249605e-01 2.072917e-01 4.564524e-02 8.869709e-02 -1.523666e-01 2.771732e-02 1.127008e-02 1.194003e-02 2.792284e-01 2.503816e-02 -5.303601e-02 -1.924688e-01 8.052158e-02 1.679441e-01 -5.615863e-02 1.169880e-01 -1.587404e-01 -6.800350e-02 
-1.189191e-01 1.061487e-01 -2.164332e-01 2.774803e-02 -1.331753e-01 7.610062e-02 9.589357e-02 1.006798e-02 8.299727e-02 -2.097919e-01 -6.298594e-03 -1.237927e-01 1.938554e-01 -2.876451e-01 8.214360e-02 4.118405e-02 3.037838e-02 5.743598e-02 6.809475e-02 1.709251e-01 -1.924926e-01 7.947584e-02 3.113646e-02 -1.681873e-02 1.662315e-01 -8.911175e-02 -2.800349e-02 -1.320319e-01 -1.314765e-03 2.081218e-02 -1.717513e-01 -2.669353e-02 -1.063486e-01 1.079095e-01 1.257870e-01 4.644072e-02 -7.089620e-02 -9.874415e-03 -1.530226e-01 -1.202913e-01 1.396708e-01 8.734746e-02 -2.012630e-01 3.547532e-01 -9.425022e-02 3.321546e-01 2.178513e-01 -1.963801e-01 -5.897475e-03 2.220040e-01 
-3.489004e-02 -3.754244e-01 7.331298e-02 2.138629e-01 1.707467e-02 8.578146e-02 -2.036738e-02 -5.629884e-04 1.706121e-02 -1.605171e-01 -9.983629e-02 6.925487e-02 2.236753e-01 1.260112e-01 7.214403e-03 -9.257361e-02 1.460554e-01 7.107796e-02 7.273517e-02 2.088232e-01 1.168542e-01 1.058341e-01 4.546412e-02 1.792726e-02 -2.595927e-01 3.547673e-02 3.280083e-02 -5.473731e-02 2.282302e-01 -1.193306e-01 -2.703624e-01 -5.381229e-02 8.358534e-02 -1.433425e-01 1.884498e-01 6.722521e-02 1.371504e-02 -1.474815e-01 -2.583188e-02 3.121263e-01 -1.848579e-02 8.725104e-02 -5.836761e-02 -2.439123e-02 3.786750e-01 -4.533125e-02 1.113820e-01 -7.894675e-02 4.060480e-02 2.136670e-02 
-2.107399e-01 1.247644e-01 8.939415e-02 9.317561e-02 -7.649079e-02 -2.181710e-01 1.464950e-01 1.215106e-01 2.234836e-02 -6.089662e-02 6.645601e-02 -1.874814e-01 -1.583800e-01 -7.230956e-02 -4.755530e-02 -9.682759e-02 1.008344e-02 1.852138e-01 1.649723e-01 3.215096e-02 8.414665e-02 2.736650e-01 2.068627e-01 6.479149e-02 7.147342e-03 -1.040733e-01 1.580878e-01 1.856830e-01 -1.998474e-01 1.333930e-01 1.558970e-01 1.786285e-01 -2.191812e-01 -1.853020e-02 3.441691e-03 -2.005877e-02 8.436661e-02 -1.424167e-01 9.449743e-02 2.124071e-01 -1.773540e-01 1.551031e-01 4.912443e-02 -2.045269e-01 -5.175067e-02 -1.456801e-01 2.417804e-01 -1.661777e-01 8.849933e-02 1.556562e-01 
-8.494345e-02 8.818045e-02 7.432581e-03 2.755963e-01 1.524372e-01 9.113080e-02 -9.580759e-02 -9.999723e-02 -2.138151e-01 1.825992e-01 1.662048e-01 1.004402e-01 -6.474240e-02 -3.018538e-02 1.030187e-01 1.259869e-01 1.742032e-01 4.879399e-03 -9.567406e-02 2.778061e-02 7.657625e-02 -1.321609e-01 1.093514e-01 -2.532796e-01 -6.106033e-03 3.090611e-01 -7.059485e-02 -1.180992e-01 1.710204e-01 7.900630e-02 1.412928e-01 -1.411814e-01 -1.569491e-01 1.880165e-01 1.776968e-01 -6.978605e-02 3.670277e-02 -6.418493e-02 1.572982e-03 2.222363e-01 -2.260695e-01 -5.806407e-02 -1.119626e-01 -8.209486e-02 -2.192214e-01 1.971377e-01 2.045719e-02 4.119921e-02 1.983701e-01 1.639598e-01 
-1.071738e-01 -1.516962e-02 -3.353903e-02 4.506089e-02 -1.215464e-01 8.349385e-02 -2.358817e-01 -1.848445e-02 -1.221754e-01 1.826698e-01 -1.301367e-01 2.493506e-01 -5.874980e-02 -1.210521e-01 -1.762664e-01 -7.548399e-02 -8.930904e-02 -3.786694e-01 5.101588e-02 2.118976e-01 -5.629481e-03 1.894792e-01 4.948064e-02 3.260340e-02 9.397107e-02 -6.509815e-02 -3.318452e-02 1.477876e-01 -1.052589e-01 1.936898e-01 -2.191216e-01 -8.649841e-02 -3.398043e-01 -6.604250e-02 -1.556345e-01 1.065768e-02 3.547871e-02 -1.198904e-01 -2.529495e-02 9.705481e-02 -1.991126e-02 -1.449833e-02 6.604355e-02 1.441612e-02 8.421045e-02 1.071985e-01 -3.542248e-01 -6.079350e-02 -1.177138e-01 1.003110e-01 
-1.123784e-01 -9.176576e-02 6.375774e-03 2.097912e-01 1.338025e-01 -1.587206e-01 1.073614e-01 -1.418520e-01 1.132825e-01 4.686316e-02 -1.533560e-01 -8.796147e-02 1.496728e-03 1.028960e-01 -1.664661e-01 6.536577e-02 -5.884767e-02 6.122117e-02 -3.261519e-01 1.225712e-01 1.683545e-01 3.034311e-01 -3.128815e-02 4.358221e-02 3.091901e-02 -1.141862e-01 5.557548e-02 -1.786852e-01 1.202403e-01 -4.397243e-02 1.136333e-01 -1.368313e-01 -2.382251e-02 2.210775e-03 -1.748448e-01 -1.183898e-01 1.924176e-01 1.253249e-01 -1.770790e-01 -1.885167e-01 2.779330e-02 1.159120e-01 1.071355e-01 -1.000636e-01 -3.130734e-03 1.968973e-01 7.637891e-02 3.283837e-01 -1.684202e-01 2.026270e-01 
-1.443048e-01 1.489095e-01 1.034440e-01 -1.152497e-01 2.076711e-01 1.727831e-01 -6.138058e-02 -7.912925e-03 3.549928e-02 -1.777717e-01 1.520491e-01 2.411181e-02 1.710768e-01 -2.668333e-01 9.221770e-02 -3.732259e-01 -1.041819e-01 -1.027382e-01 -2.434580e-01 -1.604959e-01 -2.115990e-01 2.348888e-01 -6.938905e-02 -8.835395e-02 7.982507e-02 2.277158e-01 7.425780e-02 -2.282273e-02 2.639913e-02 4.668059e-03 1.339635e-02 3.414643e-02 -1.962895e-02 3.878577e-02 3.785229e-02 -1.403125e-01 -3.439905e-02 1.225235e-01 2.385728e-01 8.476086e-02 -1.201507e-01 9.834870e-02 1.809962e-01 1.889864e-02 2.577791e-01 2.995144e-02 7.322834e-02 1.494865e-01 -7.446144e-02 -7.006485e-02 
-2.110588e-01 -1.134902e-01 7.964041e-02 -2.000426e-01 1.174560e-01 -9.414266e-02 -9.223748e-02 8.233455e-02 3.981114e-02 1.657806e-01 3.771308e-01 -1.428339e-01 -9.040649e-02 5.849878e-02 7.215491e-02 -6.591961e-02 -1.530724e-01 4.523191e-02 8.028288e-02 1.414005e-01 1.636815e-01 -2.111715e-01 1.240003e-02 2.669718e-02 3.449983e-02 -8.299544e-02 -1.505004e-01 -1.441337e-01 -1.612768e-01 -2.074242e-01 -2.768509e-01 1.156363e-01 7.240035e-02 2.146098e-01 -1.035808e-01 -2.024637e-01 -1.726009e-01 4.951197e-02 -1.284489e-01 5.674166e-02 1.021982e-02 1.240097e-01 9.860766e-02 -1.769503e-01 1.486423e-01 2.344976e-01 -7.104776e-02 -6.324722e-02 3.649743e-02 1.083398e-01 
-1.042835e-01 3.965432e-02 -2.282707e-01 1.942559e-02 1.739326e-01 -9.632675e-02 2.307579e-01 -1.433512e-01 4.704098e-02 -6.203115e-02 -5.012888e-02 -9.687034e-02 -9.356584e-02 -1.778841e-01 1.254672e-02 -6.588980e-04 2.458587e-01 -2.513052e-01 -1.260789e-01 5.281221e-02 -4.151482e-02 -9.803299e-02 -1.020350e-01 -1.004017e-01 -1.586783e-01 -3.448121e-02 -1.316257e-01 3.772783e-01 2.679933e-01 -3.926475e-02 -1.096283e-01 -4.398118e-02 4.644405e-02 6.014741e-02 -8.359421e-02 -1.035204e-01 -1.030030e-01 -1.455551e-01 5.508833e-02 -1.841953e-01 1.192509e-01 -9.631124e-02 2.192257e-01 -2.791861e-01 1.911914e-02 -2.685532e-02 8.134641e-02 -2.522568e-01 3.592068e-02 3.741120e-02 
-1.565069e-01 1.526151e-01 -2.328426e-01 -7.841732e-02 3.583164e-02 -1.220968e-01 -1.784845e-03 2.200889e-02 -8.438976e-02 1.207537e-01 1.495027e-01 1.271046e-01 6.473481e-02 -1.155710e-02 -1.840601e-01 2.132983e-01 -2.025953e-02 1.232017e-01 -9.505190e-02 -1.901851e-01 1.264698e-01 -1.768253e-02 -9.534669e-02 2.684922e-01 -2.223587e-02 1.352531e-01 -7.481752e-02 1.277583e-01 9.671120e-02 -2.027188e-01 -8.931972e-02 1.481928e-01 -1.335416e-01 -2.588838e-02 -9.244391e-02 4.358831e-01 -4.104721e-02 5.040305e-02 1.815191e-01 1.029780e-01 -2.114144e-02 -1.919131e-01 -8.235650e-02 7.552107e-02 2.067361e-01 4.633457e-02 1.514103e-01 1.117960e-01 -1.174229e-01 2.078513e-01 
-4.863681e-02 -1.381549e-01 -1.281899e-01 1.571453e-01 4.060260e-02 9.273319e-02 2.904781e-02 1.133760e-02 -1.522493e-01 3.036056e-02 1.024225e-01 2.287791e-01 -2.229808e-02 5.451824e-02 2.429603e-01 3.456175e-02 -2.237863e-01 9.983998e-02 -1.322221e-01 -1.188983e-01 -1.420702e-01 -6.334443e-02 1.468427e-01 3.533407e-02 6.007039e-02 -3.623288e-01 -1.956596e-01 3.696154e-01 7.630368e-02 6.337593e-02 -9.453459e-02 2.205852e-02 1.130468e-01 -4.944652e-02 2.175902e-01 6.175873e-02 1.602261e-01 2.718265e-01 3.214451e-02 2.120811e-02 -2.212459e-02 3.358819e-01 6.878474e-02 -2.245230e-03 -1.031978e-01 -2.610445e-02 -2.344530e-02 5.543453e-02 4.855552e-03 8.601600e-02 
-1.573339e-01 -1.131664e-01 7.304730e-04 1.179960e-01 -2.286618e-01 -2.280753e-01 -1.212696e-01 -2.399619e-02 1.455300e-01 2.668314e-01 2.243577e-01 1.467034e-01 1.063043e-01 3.205545e-02 -1.925437e-01 -8.312670e-02 -1.328615e-02 1.271589e-01 -9.652166e-02 1.160469e-01 -1.226518e-01 8.527208e-03 -1.257478e-01 -3.942387e-01 -1.060003e-01 1.025893e-02 2.974766e-01 2.299553e-01 9.677431e-03 -1.269099e-01 6.048835e-02 1.847221e-01 3.155241e-02 -9.690099e-02 7.128086e-02 3.296254e-02 -4.547106e-02 -6.125945e-02 1.786292e-02 -1.359780e-01 5.263597e-02 1.778205e-02 6.715078e-02 1.757359e-01 -8.042387e-02 1.728660e-01 1.439686e-02 4.688230e-03 9.391967e-02 -2.261490e-01 
-1.129197e-01 3.594528e-02 -2.038110e-02 -9.185254e-02 -7.073208e-05 3.127339e-02 4.270001e-03 1.134600e-01 1.274084e-02 -3.006334e-01 -2.346977e-01 2.092523e-01 -7.072034e-02 1.374318e-01 -1.164499e-01 -2.946520e-02 -1.737581e-01 1.847937e-01 -4.071234e-02 -9.134611e-02 -1.339223e-01 -1.425009e-01 -1.243193e-01 1.643175e-02 -3.326133e-02 1.424454e-01 1.998369e-01 2.234780e-02 7.601990e-02 4.619384e-02 -1.601224e-01 2.326246e-01 -2.125962e-02 -4.639992e-02 -2.753923e-02 -2.479731e-01 1.634551e-01 -1.948575e-02 7.436720e-03 -1.032825e-01 4.926215e-02 -1.091155e-01 -1.264624e-01 -1.468273e-01 -1.065969e-02 9.447335e-02 -1.931180e-01 2.484210e-02 3.863408e-01 3.270034e-01 
-1.394137e-02 -2.671801e-02 -9.168810e-02 2.833160e-01 3.456593e-02 -2.766862e-01 1.031970e-01 2.706869e-01 8.826145e-02 4.877241e-03 1.297584e-01 3.064254e-01 1.419900e-01 -1.338842e-01 1.456076e-01 -1.076743e-01 -2.115277e-01 -5.865786e-02 1.444090e-02 -1.249076e-01 6.675599e-02 -3.824162e-02 -4.110566e-02 6.939687e-02 4.359632e-03 1.741514e-01 -1.770231e-01 -1.736857e-01 -5.931473e-02 -1.582456e-01 -5.176421e-02 -1.227225e-01 -1.894297e-01 2.368874e-02 -3.714567e-02 -1.250729e-01 1.437640e-01 -2.795548e-01 -1.333705e-02 -1.846711e-01 1.716108e-01 1.009011e-01 -1.443396e-01 -6.313381e-02 -7.911904e-02 -2.618458e-01 2.700097e-02 -1.851035e-02 -5.552622e-02 -1.214432e-01 
-1.434046e-01 7.156762e-02 9.981494e-02 2.197519e-01 1.032990e-01 1.098465e-01 8.890975e-02 1.046711e-01 1.126401e-01 -1.034545e-01 -2.235220e-02 -2.594341e-01 9.581196e-02 6.119653e-02 4.955146e-02 2.668524e-04 -1.161739e-01 -1.123963e-01 -1.825845e-02 4.920465e-02 -1.028653e-01 -5.680700e-02 -1.372257e-01 -1.118688e-01 1.027982e-01 2.879644e-02 2.155919e-02 2.795668e-02 -3.896254e-02 -2.731439e-01 -1.396106e-01 9.417754e-02 7.740109e-03 -2.880438e-01 7.838193e-02 1.952048e-01 -2.394413e-01 -8.300408e-02 -1.368906e-01 1.020602e-01 -1.980841e-01 -9.088960e-02 6.595619e-02 -6.062318e-02 -3.609867e-01 -1.752669e-01 -2.355672e-01 1.375284e-01 -1.781772e-01 1.826373e-01 
-1.691590e-01 1.222422e-02 -1.163726e-02 -1.387005e-02 -1.671621e-01 -1.863276e-01 -1.885223e-01 1.378977e-01 1.754352e-01 -1.123723e-01 -1.377935e-01 -4.408608e-02 -2.601263e-02 -1.218841e-01 -1.742837e-01 1.231793e-01 -1.606708e-01 -1.756689e-01 -2.606729e-02 -2.785831e-01 1.321133e-01 -1.262331e-01 -1.537057e-01 -8.785023e-02 4.539772e-02 -1.117187e-01 -6.000479e-02 2.792669e-02 2.287267e-01 -6.562774e-02 3.077961e-01 -1.989545e-01 1.401569e-01 1.233351e-02 3.854630e-02 -1.234566e-01 -9.434504e-02 7.395564e-02 -1.117873e-01 1.920398e-01 -2.429209e-01 1.832981e-01 -1.378590e-01 1.030617e-01 1.550270e-01 -8.117553e-03 -9.164253e-02 -2.427766e-01 -2.565277e-02 6.412353e-02 
-1.087753e-01 1.007583e-01 -3.001475e-01 -4.869412e-02 -1.755377e-02 -9.301161e-02 3.275968e-02 1.893836e-01 -2.192072e-01 -2.756241e-01 9.650729e-02 4.463683e-02 9.871725e-02 9.721806e-02 -1.444048e-01 -5.832006e-02 2.376016e-01 1.324903e-02 -2.680969e-02 1.605110e-01 9.421029e-02 -1.948544e-01 1.315294e-01 1.091720e-01 3.315946e-02 4.092174e-02 -1.936550e-02 1.132910e-01 -2.262237e-01 7.855309e-02 8.884888e-02 -1.882543e-01 2.382935e-01 -2.637731e-01 -4.898947e-03 -2.036061e-01 -7.374265e-02 -1.777685e-01 9.751135e-02 5.894816e-03 -1.191518e-01 1.041538e-01 -1.113390e-02 3.933702e-02 -2.341044e-02 2.053194e-01 -5.136022e-02 2.702195e-01 -1.241650e-01 -1.006160e-01 
-2.274755e-01 -1.252045e-02 -1.142871e-01 -1.377917e-01 -3.539020e-01 1.276679e-01 -5.840725e-02 -1.586524e-01 -6.123508e-02 -3.376076e-02 8.081919e-02 -5.431195e-02 9.332522e-02 1.441112e-01 8.930179e-02 -2.968523e-02 -1.141976e-02 -1.102888e-01 3.700745e-02 2.373262e-01 -6.567642e-02 7.808108e-02 -6.522813e-02 -2.978947e-02 -3.893978e-03 -4.273600e-02 -2.250367e-01 -1.594771e-01 -9.249672e-03 -3.177469e-01 1.877553e-01 -1.498335e-01 4.562032e-02 -2.113228e-02 -1.521695e-01 2.659203e-02 2.478660e-01 1.026019e-02 3.022557e-01 -5.448292e-02 -5.144675e-02 -1.251349e-02 1.326592e-01 4.231414e-02 -6.547767e-02 -2.298813e-01 9.847374e-03 -3.361000e-03 2.910338e-01 1.568988e-01 
-1.623312e-01 8.671901e-02 -1.280409e-01 1.222554e-01 -3.379105e-02 1.828404e-02 -1.133342e-02 -9.954217e-02 1.510457e-01 -7.771284e-02 1.041712e-01 -2.115655e-02 -2.454402e-01 -1.499805e-02 3.312537e-02 -1.597782e-01 1.054281e-01 -2.484972e-01 1.669625e-01 -2.282128e-01 9.479048e-02 -7.360899e-02 2.985922e-02 -1.438659e-01 -7.323210e-02 -2.124119e-01 3.517494e-01 -1.233054e-01 -5.472379e-02 4.872301e-02 -2.737234e-01 -2.147876e-01 1.103045e-01 1.226342e-01 -7.581372e-02 2.666914e-01 6.343110e-02 6.834344e-02 1.023272e-01 -3.751825e-02 2.396979e-02 7.166680e-02 -2.456567e-01 -8.980171e-02 1.640086e-02 -3.360247e-02 2.136789e-02 2.781803e-01 1.117660e-01 -2.946826e-02 
-1.936340e-01 -7.667027e-02 1.838462e-01 -2.232798e-01 -7.661620e-02 -1.970273e-01 9.597777e-02 -1.351766e-02 1.299305e-02 1.296005e-01 -7.334063e-02 9.352171e-02 1.870105e-01 -6.407358e-02 2.087873e-01 2.467057e-01 2.245867e-01 -1.176809e-01 -4.417284e-02 -6.129893e-02 -1.169943e-01 -9.670343e-02 -5.308865e-02 5.869749e-02 2.868994e-02 7.739376e-02 2.937260e-01 1.647795e-02 -1.121721e-01 -2.018555e-02 -1.411242e-01 -7.748375e-02 1.380016e-01 4.411528e-02 1.624815e-02 -1.652235e-01 3.215531e-01 8.217962e-02 5.461367e-02 3.068842e-01 1.449773e-01 -4.026315e-02 3.739544e-02 -6.846668e-03 -1.769804e-01 -2.975658e-02 1.621050e-02 -6.050332e-02 -2.922697e-01 1.058083e-01 
-7.603167e-02 -1.354853e-01 -1.275331e-01 8.082393e-02 -1.336556e-01 1.130757e-02 -2.223401e-01 -7.669777e-02 -1.531607e-01 -6.498614e-02 -9.942084e-03 2.315956e-02 -2.145821e-01 2.541825e-01 2.901963e-01 4.367124e-02 2.113809e-01 1.404353e-01 1.599967e-01 -1.559028e-01 -1.547052e-01 3.413492e-02 -2.457780e-01 1.074873e-01 1.634626e-01 -3.465151e-02 1.713815e-01 -6.252430e-02 1.822227e-01 -7.608650e-02 -2.182451e-02 5.144257e-02 -2.682491e-01 3.327927e-02 -4.416182e-02 -1.946542e-01 -1.867448e-01 -1.027307e-01 5.989151e-02 -1.852100e-01 -1.830471e-01 9.175508e-02 7.214308e-02 -1.048936e-02 5.088641e-02 -4.661691e-03 6.784001e-02 -1.383291e-02 -2.962503e-01 -3.669658e-02 
-2.287974e-01 2.976184e-01 4.172945e-02 -1.431833e-01 1.160264e-01 -1.302932e-01 1.362078e-01 -1.449882e-01 -4.748593e-03 -1.224904e-01 1.813821e-02 2.083667e-01 -4.128666e-02 1.510942e-01 2.391529e-01 -1.258739e-02 -1.534891e-02 1.515977e-02 2.770971e-01 6.262954e-02 2.859697e-01 1.969435e-01 1.129072e-01 -2.966272e-01 8.971816e-02 -2.363119e-02 -1.404519e-01 -5.831323e-02 2.517434e-01 3.164697e-02 4.548730e-02 1.954731e-01 5.060430e-02 -2.288060e-01 1.598717e-02 -1.047955e-02 7.299529e-02 1.021749e-01 -4.494251e-02 -1.426320e-02 1.086299e-01 -1.097802e-01 -8.668731e-02 7.280920e-02 4.781980e-02 5.452315e-02 -1.642401e-01 -6.299450e-02 -1.589931e-01 -1.260159e-01 
-1.167518e-01 1.043059e-01 -7.105770e-02 2.690452e-01 2.757876e-02 6.990206e-02 -1.625796e-01 -5.980303e-02 -1.267693e-01 -1.336865e-01 -2.332056e-02 -1.525802e-01 1.287418e-01 -1.344674e-02 -1.703167e-01 6.918420e-02 -2.741051e-02 7.018252e-02 1.104814e-01 1.119591e-01 7.023657e-02 3.352325e-02 -3.205481e-01 1.207643e-02 1.187485e-01 -3.980260e-02 -1.085518e-01 1.862152e-01 -1.623485e-01 -5.515917e-02 -1.375817e-01 1.868387e-02 -5.592014e-02 1.456251e-01 3.170695e-02 -2.063202e-01 1.979839e-01 3.417260e-01 -7.259945e-02 1.122213e-01 1.163661e-02 -2.320626e-01 -1.721383e-01 -1.431331e-01 -1.257320e-02 -7.668948e-02 1.153674e-01 -5.826398e-04 9.388128e-03 -3.722878e-01 
-1.252130e-01 -7.511057e-02 -7.594987e-02 -1.098585e-01 -1.289601e-01 1.015903e-01 5.367229e-02 -1.317360e-01 3.772971e-02 1.213982e-01 -8.890795e-02 3.570535e-02 1.848886e-01 -1.296149e-01 2.771694e-01 -4.957708e-02 -1.710350e-01 -1.569747e-01 6.014047e-02 -7.039190e-02 2.359878e-01 4.804821e-02 -1.653190e-01 2.998316e-01 -3.223011e-01 -7.174725e-02 2.387041e-02 4.438337e-02 7.400169e-02 1.358625e-01 8.549822e-02 1.462790e-01 -6.894433e-02 -1.165499e-01 -6.271982e-02 -1.502048e-01 -2.353319e-01 -3.663693e-02 -1.030569e-01 1.240252e-01 -5.223513e-02 -3.349490e-02 -4.951614e-02 -7.055606e-03 -2.573621e-01 1.485815e-01 1.568000e-01 2.330774e-01 1.946712e-01 -1.308387e-01 
-9.680033e-02 -1.996612e-01 3.265619e-02 9.488007e-02 -1.599103e-01 2.203258e-02 1.366513e-01 2.424289e-01 6.791593e-02 1.355576e-02 -4.628135e-03 1.180397e-01 -2.412222e-01 1.455177e-01 1.150588e-01 -1.264923e-01 2.390267e-02 -2.122282e-01 -1.049652e-01 1.512390e-01 -1.942244e-01 1.264368e-01 -1.060902e-01 -1.910078e-02 -1.139216e-01 1.653312e-01 -2.151140e-01 5.807792e-03 -1.384689e-01 1.660452e-01 1.388687e-01 1.913754e-01 2.570264e-01 1.149934e-01 -7.421920e-02 1.039892e-01 -3.600506e-02 1.426102e-01 9.492240e-03 -5.491088e-02 -1.420897e-01 -1.749962e-01 -3.247456e-01 -1.021086e-01 4.242004e-02 1.139586e-01 1.400396e-01 -5.290985e-02 -2.137225e-01 7.624916e-02 
-1.168597e-01 4.587399e-02 -1.720459e-01 2.306571e-01 -8.715729e-03 2.339018e-01 -9.994059e-02 6.681181e-02 2.249041e-01 -4.533914e-02 1.454968e-01 -3.144803e-02 -8.865154e-02 -1.109779e-01 1.193750e-01 2.031884e-01 -1.097820e-01 1.598102e-01 2.327378e-01 1.287898e-01 -1.839715e-02 -2.195679e-02 8.645201e-03 1.151278e-01 -7.349525e-02 3.261179e-01 1.246673e-01 1.108419e-01 1.000874e-01 2.000710e-01 1.211346e-01 -3.050176e-03 2.448180e-01 1.121433e-01 -2.898643e-01 5.582666e-02 9.884906e-02 -1.503402e-02 -1.679996e-01 6.279258e-02 1.315394e-01 7.757793e-02 2.827808e-01 1.101587e-01 7.766672e-02 -9.598360e-02 -1.319331e-01 4.243049e-02 -5.642742e-02 3.961460e-03 
-1.784547e-01 -5.458898e-02 2.085202e-01 1.733712e-01 1.955064e-02 -6.343025e-02 2.207536e-01 -1.549015e-01 -2.059865e-02 2.303933e-01 -5.040299e-02 -1.326278e-01 5.513682e-02 -1.530740e-01 2.443793e-02 -2.130431e-01 2.433280e-02 2.821282e-01 1.297123e-01 -4.373600e-02 6.622179e-02 -1.268543e-01 -6.499902e-02 1.794827e-01 -1.064066e-01 7.628883e-02 -4.391300e-02 4.518375e-02 -3.076877e-02 1.462959e-01 -9.855126e-02 -2.369237e-01 5.278015e-02 -1.091043e-01 -1.362730e-02 -6.389685e-02 -2.650263e-03 1.636484e-01 2.311061e-01 -2.811467e-01 -2.487339e-01 -1.065493e-01 -8.408883e-02 2.198563e-01 6.760674e-02 2.200219e-03 -2.550378e-01 -1.398017e-01 -2.147353e-02 8.251055e-02 
-8.771251e-02 -2.975395e-01 -4.491483e-02 1.285708e-01 9.533792e-02 1.176870e-01 3.532101e-02 -5.165859e-02 8.793762e-02 -9.523035e-02 -1.719796e-01 6.612418e-02 -2.478646e-01 -2.071333e-01 -1.365264e-01 2.185674e-01 1.109721e-01 -5.902122e-02 1.494759e-01 -3.066441e-01 3.133651e-02 7.598043e-02 2.194965e-01 -1.179186e-01 -1.033702e-01 7.643203e-02 -1.930838e-01 -8.980321e-02 -2.759929e-01 -2.736960e-01 -4.904668e-02 2.039417e-01 -1.348165e-02 -1.225003e-01 -4.765376e-02 -1.505287e-01 3.512064e-02 6.750350e-02 1.435515e-01 7.727440e-03 -3.395121e-02 -1.888147e-02 1.754622e-01 2.039142e-01 -7.775108e-02 1.497188e-01 4.117481e-02 2.857778e-02 2.599311e-02 -8.249897e-02 
-1.375664e-01 -1.289275e-01 -9.386452e-02 -2.263848e-02 -1.705499e-02 2.047802e-02 1.229044e-01 -2.639512e-01 6.342066e-02 6.874081e-02 6.890839e-02 -9.624835e-02 -2.418226e-01 -4.583807e-02 1.293331e-01 7.204531e-02 -2.444147e-01 6.036630e-02 -1.419462e-01 -7.978998e-02 -1.325523e-01 -1.745164e-02 -5.507220e-02 5.677727e-02 2.984839e-01 -4.496722e-02 -3.450932e-03 -2.353995e-02 -1.379979e-01 5.952159e-02 6.099487e-02 -1.360857e-01 8.654604e-02 -2.162607e-01 2.204222e-01 1.463898e-02 1.494373e-01 -3.884195e-01 -1.398115e-01 1.122954e-01 1.134751e-02 -3.161535e-01 -2.216317e-02 -4.151994e-02 2.631458e-01 8.597505e-02 3.265334e-02 2.105016e-02 8.134902e-02 -1.355463e-01 
-1.744409e-01 6.372542e-02 1.524060e-01 1.354827e-01 3.060627e-02 1.820669e-01 7.087715e-02 1.517379e-01 -8.605971e-02 1.294391e-01 -1.472681e-01 6.329738e-02 1.722941e-01 1.076661e-01 -2.547919e-02 -1.052934e-01 1.819794e-01 -2.523521e-02 5.437894e-02 -1.686907e-01 1.706439e-01 -9.039956e-02 -1.747621e-01 -1.350808e-01 1.290905e-01 -2.663607e-01 -1.164626e-01 5.689456e-02 -1.178715e-01 1.215183e-01 1.111225e-01 1.714999e-01 1.041895e-01 3.046490e-01 5.482232e-02 -5.066853e-02 -1.011831e-02 -2.854146e-01 -4.849484e-02 -3.253825e-02 1.405119e-01 -1.089975e-01 1.671973e-01 2.466562e-01 1.617782e-01 -1.162867e-01 6.966776e-02 1.869816e-01 1.897103e-02 1.958110e-01 
-1.794722e-01 -2.387312e-02 1.913180e-01 -1.756032e-01 2.385733e-01 -1.716288e-02 1.289230e-02 1.443352e-01 9.022809e-02 -7.374001e-03 -1.642768e-02 -2.155850e-01 -1.871057e-01 1.822448e-01 3.310249e-02 1.806669e-01 1.061909e-01 -1.551756e-01 -5.210685e-02 9.636125e-02 -2.772061e-03 1.516732e-01 -1.587425e-01 1.842778e-01 -2.023646e-02 1.655612e-01 -8.479567e-02 2.205607e-01 4.925503e-02 -2.745187e-02 -3.212080e-02 -2.495796e-02 -1.405162e-01 1.083180e-01 1.887996e-01 8.589702e-02 1.346329e-01 -1.373593e-01 6.136205e-02 -9.841452e-02 5.329276e-02 3.109744e-01 -1.778150e-01 2.713212e-01 -3.193245e-02 3.307122e-02 -1.439843e-01 1.150555e-01 1.944235e-01 -2.074718e-01 
-2.064842e-01 1.675029e-01 1.138673e-01 -2.202010e-02 -5.603403e-03 -6.383977e-03 -2.554650e-01 -1.153319e-01 5.036256e-02 9.068368e-02 -2.198631e-01 -1.187062e-01 3.381404e-02 2.457826e-02 9.685117e-02 1.499143e-01 -6.754391e-02 -9.350313e-03 -1.724120e-01 1.001386e-01 -1.279084e-01 -3.351082e-01 2.839337e-01 -1.611224e-01 -1.362790e-01 5.938266e-02 -1.096316e-01 1.656601e-02 -6.822233e-02 1.318886e-01 -1.195678e-01 1.047249e-01 -1.203661e-01 -1.891428e-01 -1.701010e-01 -7.026949e-02 -7.623488e-03 -2.441977e-02 -8.172899e-02 -1.494142e-01 -6.160292e-02 1.101597e-01 -1.623926e-01 5.309737e-02 1.948607e-01 -2.466118e-01 3.028723e-01 1.200538e-01 -6.633652e-02 -2.890356e-02 
-7.409149e-02 5.971127e-02 5.973136e-02 1.159151e-01 2.910440e-02 -7.072765e-02 -2.132813e-02 4.801885e-02 -1.097154e-01 -1.530234e-01 -3.088517e-01 1.546815e-01 -1.637345e-01 -2.357711e-01 3.235442e-01 -7.856970e-02 8.191756e-02 1.246063e-01 -3.044189e-01 2.588321e-01 1.631565e-01 -2.062423e-01 -5.661542e-02 7.654301e-02 3.651267e-02 -1.052545e-01 1.622105e-01 -6.283720e-02 -1.639815e-01 -2.293317e-01 1.698634e-01 7.629685e-02 -6.149935e-02 9.978752e-02 -9.285479e-02 2.712594e-01 -5.707805e-02 7.422664e-02 1.635860e-02 6.684094e-02 2.363835e-02 2.862185e-02 7.865018e-02 2.078435e-02 7.701210e-02 7.817790e-02 -1.448279e-01 -9.706902e-02 9.316359e-02 -1.783147e-01 
-1.007673e-01 -1.966200e-01 -2.831079e-03 9.567955e-02 -3.704245e-03 1.214803e-01 -2.443499e-01 1.064084e-01 2.764324e-01 -4.217147e-02 9.056228e-02 -1.970434e-01 2.722879e-01 1.559101e-01 1.411830e-01 -4.904403e-02 2.208514e-01 1.177915e-02 -1.840709e-01 -2.357339e-01 1.459937e-01 -1.720613e-02 1.674531e-01 4.271845e-02 2.124187e-01 -6.876949e-03 -5.744122e-02 5.681649e-02 -2.921948e-02 1.600949e-01 1.323861e-01 2.247824e-02 -1.442113e-01 -1.787866e-01 -1.449980e-01 9.307177e-02 3.719510e-03 6.691749e-02 1.545666e-01 -4.231020e-02 2.710079e-01 -9.710283e-02 -9.174457e-02 -1.876690e-01 -4.154527e-02 1.615000e-01 -1.335167e-01 -1.836567e-01 7.439303e-02 -1.140080e-02 
-1.820597e-01 1.489878e-01 1.973942e-01 1.720381e-01 -6.120492e-02 -9.163553e-03 1.615612e-01 1.997998e-01 -1.973751e-01 -2.209069e-02 2.035866e-01 9.328595e-02 1.134238e-01 7.008419e-02 -4.620739e-02 2.897966e-01 1.165279e-01 -2.467207e-01 -3.502505e-02 -9.557631e-02 -1.803093e-01 5.362121e-02 7.393697e-02 1.954789e-01 -3.773306e-02 -1.028600e-01 1.085256e-01 -2.408328e-01 3.681962e-02 8.070186e-02 -3.358581e-02 1.460365e-02 4.111579e-03 -1.510964e-01 1.056336e-02 4.674250e-02 -5.573136e-02 1.594358e-01 -2.195269e-01 -1.916332e-01 -1.151681e-01 -6.890302e-02 2.324662e-01 -5.099408e-02 1.629588e-01 2.955232e-02 9.699998e-03 -1.358086e-01 2.644648e-01 -1.695305e-01 
-5.250626e-02 -1.441773e-01 -2.002896e-02 -4.262774e-02 2.573669e-01 9.449216e-02 -2.381568e-01 2.845381e-01 -2.147753e-01 1.372138e-01 -4.137547e-02 -1.383180e-01 -6.819347e-02 -2.015396e-01 -2.403988e-02 -9.059717e-02 -1.481611e-01 -1.904719e-01 2.388088e-01 1.469547e-01 9.474601e-02 -1.460145e-01 -6.966521e-03 5.190940e-02 2.764666e-02 -4.507883e-02 2.233283e-01 -5.946796e-02 1.755153e-01 -5.993826e-02 1.896072e-01 6.904775e-02 5.928265e-02 -2.155723e-01 2.046502e-01 4.680772e-02 2.429405e-01 3.722708e-02 1.134473e-01 -2.397500e-01 8.086063e-02 -1.114027e-01 2.329998e-02 -4.745724e-02 -2.942706e-02 6.574306e-02 2.216926e-01 -3.819488e-02 -9.686075e-02 9.262368e-02 
-1.516090e-01 9.151455e-02 -2.201204e-01 6.634250e-02 -1.456369e-01 -1.393069e-01 -7.339885e-02 5.811387e-02 4.466792e-02 2.335641e-01 -1.181729e-01 -1.385366e-01 -1.420410e-01 -7.288029e-02 -9.493163e-02 -2.691494e-01 2.095448e-01 2.231971e-02 -6.551777e-02 -1.440203e-04 -1.964353e-01 2.990830e-02 2.826398e-01 2.601419e-01 2.447151e-02 1.231656e-02 -8.016276e-02 -1.551311e-01 2.398165e-01 -9.006599e-02 7.527630e-03 1.929507e-01 6.328314e-02 6.881663e-02 2.556830e-01 -1.501018e-01 -6.031899e-02 1.246473e-01 -9.061903e-02 1.429603e-01 1.960299e-01 -9.289764e-02 -2.098502e-02 2.937165e-02 -1.335388e-02 -1.816150e-01 -2.073146e-01 1.595108e-01 2.578177e-02 -6.917868e-02 
-8.419385e-02 9.214596e-02 -2.138484e-01 3.984018e-02 2.546604e-01 -2.471555e-01 -2.347162e-01 -2.055359e-01 1.361939e-01 4.772868e-02 -2.962290e-01 8.069836e-02 2.344567e-01 2.847192e-01 4.121646e-02 -6.922696e-02 -1.174843e-01 -1.027742e-01 1.488840e-01 -4.512005e-02 -8.203568e-02 6.487567e-02 8.349887e-02 1.314557e-01 1.862931e-03 1.245010e-01 7.790453e-03 -6.043882e-02 -2.259185e-01 4.902684e-02 -2.506707e-04 1.188554e-02 1.942419e-01 2.033107e-01 1.987832e-01 1.802778e-01 -1.988608e-02 -4.484669e-02 1.428450e-02 -9.751741e-02 -1.919078e-01 2.154385e-02 1.983920e-01 -6.125394e-02 -7.565858e-02 1.000947e-01 4.776894e-02 -1.847997e-01 5.674112e-02 -2.550437e-02 
-1.747555e-01 1.254819e-01 -2.097086e-01 -1.232951e-01 1.577968e-01 2.037214e-01 8.461995e-02 2.820888e-01 1.129462e-01 1.255861e-01 -7.759156e-02 3.458104e-02 -1.619040e-01 2.693601e-01 -5.338541e-02 -1.343160e-01 -5.378732e-02 1.833852e-01 -1.042404e-01 -3.892203e-02 -6.964836e-02 -3.813593e-02 -1.244376e-01 -1.122633e-01 -3.212481e-01 -1.128393e-01 -1.493778e-02 -1.584028e-01 -6.760018e-02 7.585425e-02 -1.991763e-02 -3.107582e-01 -2.348451e-01 -1.022640e-01 1.874912e-02 -9.767067e-03 1.610167e-02 9.871284e-02 -2.547898e-02 1.941543e-01 9.827413e-02 -8.247197e-02 1.738589e-01 1.155199e-01 -9.664644e-02 1.408957e-02 1.087370e-01 -2.022253e-01 -9.049949e-02 -9.630311e-02 
-1.940416e-01 -1.756640e-01 1.273775e-01 -2.774349e-01 -1.968106e-01 -4.174465e-02 -1.655513e-01 1.343942e-01 -1.535186e-01 -1.665934e-01 -6.061880e-02 -1.290016e-02 -6.587187e-03 -1.489975e-01 -1.109262e-02 -1.648192e-01 6.892248e-02 2.045557e-01 -2.620985e-02 -1.731325e-01 9.194702e-02 8.676754e-02 1.184785e-01 -8.078823e-02 -2.196697e-02 1.253487e-01 -1.597993e-01 9.714491e-02 1.108154e-01 2.840055e-02 -1.600447e-01 -1.696777e-01 2.123031e-02 1.328492e-01 -4.171602e-03 2.554840e-01 1.441720e-01 -6.580058e-02 -3.663076e-01 -1.665275e-01 -1.548979e-01 -1.443001e-01 1.716363e-01 -9.236073e-02 -1.954274e-01 3.017012e-03 5.514331e-02 8.666416e-02 -2.880151e-02 -1.113050e-01 
-1.357144e-01 3.895908e-02 1.235475e-01 -9.919434e-02 1.984765e-01 1.566011e-01 -2.844295e-01 -1.082651e-01 2.064830e-01 -1.075993e-01 2.081135e-01 3.037686e-01 -2.507677e-02 -1.532820e-01 -5.134537e-02 1.532812e-01 1.368075e-01 1.420482e-01 -5.063831e-02 1.039982e-01 -3.409304e-02 1.807111e-01 5.994144e-02 1.556790e-01 -2.218240e-01 -2.492972e-01 4.093677e-02 4.248330e-02 -1.386268e-01 -9.694309e-02 1.550480e-01 -1.141491e-01 6.414278e-02 4.546043e-02 1.879609e-01 -1.018211e-01 -1.567160e-01 -7.173500e-02 -5.546999e-02 -1.751928e-01 4.418309e-03 -1.794997e-01 -1.877291e-01 -7.655817e-02 -6.227817e-02 -1.992399e-01 -7.865267e-02 -1.978665e-02 -8.894375e-02 1.310134e-01 
