-1.618290e-01 -2.143642e-01 -7.235793e-03 -1.461155e-01 2.096068e-01 -9.402515e-03 4.408492e-02 -9.786596e-02 -2.887623e-03 -2.978775e-02 -1.702727e-01 4.234859e-02 -1.369015e-01 -2.007191e-01 -3.075848e-03 -1.064393e-01 -3.374454e-02 -1.438593e-02 -1.182556e-01 1.275530e-01 -7.039597e-02 -9.343851e-02 8.979708e-02 -2.337689e-01 1.618503e-01 -1.564545e-01 -2.832628e-02 -1.350091e-01 -1.827438e-01 1.161387e-01 -9.968667e-02 1.405670e-01 3.080060e-01 -3.254247e-01 -1.500222e-01 -4.211561e-02 -7.706953e-02 -3.648296e-02 1.128507e-01 1.715533e-01 -1.062925e-01 -6.717894e-02 -1.797607e-01 1.682733e-01 2.537632e-01 5.902258e-02 3.104570e-02 1.314739e-01 -2.398446e-01 
-1.286080e-01 -2.050728e-01 7.053215e-02 -4.486975e-02 2.621116e-02 2.271053e-02 -1.675811e-01 5.426166e-02 1.152245e-02 -2.421190e-01 -2.316184e-02 -2.367522e-01 2.635874e-01 -2.240883e-01 -1.111077e-01 1.554993e-01 1.313405e-01 -1.585297e-01 4.853425e-02 -7.605255e-02 -5.537357e-02 -9.766245e-02 -3.958986e-02 -3.785828e-01 -1.065518e-01 -1.559666e-01 3.827511e-02 2.214932e-01 8.873262e-02 -9.732742e-02 -1.923759e-01 8.265916e-02 -1.851069e-01 7.614625e-02 -1.884995e-01 1.883670e-01 3.495913e-02 -1.701041e-01 2.160958e-02 -2.455828e-02 -1.113473e-01 -1.266234e-01 2.121748e-01 -1.480756e-01 1.650147e-02 -6.089055e-02 -1.296025e-01 -1.273395e-01 -2.332176e-02 
-2.309139e-01 1.280796e-01 -9.629746e-02 9.434629e-02 -1.279592e-01 3.729865e-02 -1.742762e-01 4.551818e-02 -1.504519e-01 -1.066297e-01 3.370968e-01 -1.896487e-01 -2.678496e-01 -8.016125e-02 -1.615150e-01 -1.867096e-01 4.789272e-02 6.093320e-02 -6.832520e-02 7.592652e-03 5.097277e-02 -8.401526e-02 1.602199e-01 -4.302444e-02 -2.103869e-01 1.906604e-02 8.659255e-02 6.176908e-02 -8.794268e-02 2.947678e-02 1.193877e-01 -3.178206e-01 1.292666e-01 -1.449411e-01 1.239551e-01 6.336677e-02 -2.754884e-01 -1.014711e-01 -2.519910e-01 1.087725e-01 -3.878732e-02 1.331418e-02 2.571146e-01 1.461458e-02 7.158577e-02 1.270953e-01 -3.963462e-04 4.777166e-02 -3.561743e-02 
-1.152295e-01 5.613666e-02 2.538773e-01 -4.120431e-02 -1.859731e-01 1.084666e-01 6.720064e-03 -1.146981e-01 -9.866330e-02 1.377928e-01 3.555479e-02 -9.181450e-02 -1.017403e-02 -6.172735e-02 9.370979e-02 1.292207e-01 2.598120e-01 -2.142934e-02 5.391963e-02 2.754327e-01 7.539240e-03 4.284617e-02 2.030893e-01 8.229055e-02 -1.710288e-01 2.276826e-02 2.610492e-01 -1.457822e-01 1.023607e-01 -2.328926e-01 4.987925e-02 5.770820e-02 6.133806e-02 -7.538985e-03 -1.266564e-01 -5.752747e-02 -1.621891e-02 -5.845054e-02 1.545695e-01 1.318472e-01 1.699908e-01 -1.005412e-01 -2.367643e-02 3.524706e-01 -2.613852e-02 -2.493985e-01 1.229805e-01 -3.061008e-01 9.076143e-03 
-4.217707e-02 -2.683307e-01 -1.027889e-01 1.285792e-01 -5.044665e-02 1.149226e-01 1.160697e-01 2.028152e-01 -2.279895e-01 1.267786e-01 1.532174e-01 1.554365e-01 -3.390202e-02 1.404919e-01 -1.068359e-02 1.929905e-01 -2.565374e-01 3.238853e-01 3.185800e-02 1.537021e-01 1.702111e-01 -1.589002e-01 1.911282e-01 4.264123e-02 1.497662e-01 -1.152520e-01 1.254968e-01 8.193711e-02 -1.264682e-01 6.571919e-03 6.551864e-02 5.634202e-02 1.628535e-02 -3.423166e-02 -4.515385e-02 1.871741e-01 1.776714e-01 -2.885732e-01 2.532442e-01 -1.196100e-01 -5.871449e-02 1.721320e-02 1.475148e-01 -8.772220e-02 4.888553e-02 2.375990e-02 3.476373e-02 -5.902521e-02 1.122002e-01 
-1.433639e-01 -2.163148e-01 5.729217e-02 1.243154e-02 -5.006140e-02 -5.661144e-02 -3.142488e-02 2.339470e-02 2.882364e-01 -2.320606e-01 -1.624916e-01 7.555342e-02 -1.353322e-01 -1.463834e-01 2.273169e-01 -1.505092e-01 -2.670019e-01 -1.976404e-02 1.465842e-01 1.783989e-01 9.424347e-02 9.484549e-02 -3.801455e-02 9.980001e-03 -2.378428e-01 1.552111e-01 5.589727e-02 -1.314679e-01 -8.296354e-02 3.932236e-02 -1.006028e-01 2.995315e-02 1.939629e-02 7.348345e-02 2.125078e-02 -1.930916e-01 -1.077330e-01 -2.456905e-01 1.694150e-02 -7.453940e-02 1.807390e-01 6.322563e-02 1.342280e-02 -1.568373e-01 -1.297151e-01 3.032604e-01 2.804863e-02 -2.620757e-01 1.135643e-01 
-1.983812e-01 1.432498e-01 2.251456e-01 -1.554791e-02 -5.936772e-02 2.548016e-01 -1.612696e-01 -1.932676e-01 8.517103e-02 6.985727e-02 1.183170e-01 2.013892e-01 2.057762e-01 9.119323e-02 2.810983e-01 -2.601549e-01 3.992126e-02 1.187272e-02 -4.136846e-02 -2.825138e-02 1.556363e-01 -8.409073e-02 -1.077247e-01 -6.618673e-02 -2.312644e-01 -2.526380e-01 -6.217458e-02 -1.206662e-02 2.707091e-02 4.897062e-02 -2.556644e-04 9.905494e-02 1.760259e-01 -9.873967e-02 8.443901e-02 1.498927e-01 1.281529e-01 -1.315380e-01 -5.837255e-02 -3.524722e-01 -5.269519e-02 8.566924e-04 -5.988845e-02 -2.708924e-02 -8.429312e-02 -1.028155e-01 5.598283e-02 2.188051e-01 -7.963146e-03 
-1.696369e-01 1.564269e-01 -7.649503e-02 1.185610e-01 7.472458e-02 9.331999e-02 3.236231e-01 -1.215859e-01 1.178912e-02 -7.830828e-02 -1.074053e-01 -8.719944e-02 1.378489e-01 1.439172e-01 8.515948e-02 -2.556658e-01 4.945689e-02 5.898117e-02 2.435953e-01 -1.437567e-01 -7.956258e-02 1.104997e-01 2.427702e-02 -5.053497e-02 2.385558e-01 8.637555e-02 1.700765e-01 1.589912e-01 2.110273e-02 -2.337842e-01 2.196102e-01 8.383543e-02 -5.125707e-02 1.715202e-03 -3.068031e-01 9.444735e-02 -6.773831e-02 -2.103962e-01 -2.155921e-01 5.840155e-02 -1.247895e-02 -2.377292e-02 -7.958715e-02 -2.901977e-02 9.079449e-02 1.804579e-01 2.461913e-01 3.751782e-02 6.003094e-02 
-1.726659e-01 1.937923e-01 -5.655175e-02 5.221607e-02 -2.755033e-01 -2.322804e-01 1.217120e-01 1.473846e-01 -3.650923e-02 -1.547038e-01 1.695354e-02 3.445871e-02 7.202188e-02 2.119365e-01 1.849824e-01 1.081873e-01 5.753863e-02 -1.961243e-01 -6.544857e-02 1.685540e-01 -2.374515e-01 -1.577927e-01 1.305226e-01 -1.213298e-02 5.933330e-02 -1.689363e-01 -1.735560e-01 2.437864e-01 1.530449e-01 7.687023e-02 -1.244972e-01 1.493347e-01 5.981617e-02 -8.101722e-02 3.225000e-01 -4.965036e-02 -1.208738e-01 -1.982803e-03 9.529451e-02 6.715824e-02 -3.806111e-02 -1.331860e-01 -1.474103e-01 -6.918273e-02 1.018522e-01 1.347124e-01 1.575220e-01 -1.039110e-01 1.456427e-01 
-1.932825e-01 -6.034686e-02 -1.303513e-02 -4.370524e-02 2.253832e-01 7.282999e-02 1.042745e-01 2.188129e-01 1.993824e-02 -2.824089e-01 4.109026e-02 -2.603775e-01 8.755434e-02 1.256245e-01 -9.474980e-02 -9.745597e-02 1.517449e-01 5.519478e-02 -4.009446e-02 1.687730e-01 -5.615072e-02 2.570790e-01 3.798381e-03 5.714504e-02 1.242030e-01 6.784088e-02 -7.433556e-02 8.670220e-02 -6.475996e-02 1.603749e-01 1.233222e-01 5.987857e-02 2.050645e-01 -6.758704e-02 1.598142e-01 -2.972632e-02 1.978043e-01 -1.477052e-01 -2.112075e-02 9.120799e-03 1.372615e-01 6.330499e-02 -9.313342e-02 1.176568e-01 -2.788215e-01 -2.290810e-01 -3.225815e-01 3.458863e-02 1.571088e-01 
-1.305551e-01 1.045964e-01 2.731665e-03 2.550542e-01 -2.640265e-02 -3.989355e-02 -5.474585e-02 -5.383042e-02 -1.675602e-01 -1.627727e-01 -6.294358e-02 3.058093e-02 -1.295293e-01 7.677533e-02 -3.998141e-02 -1.261659e-01 -1.914023e-01 -3.365011e-01 -3.015218e-02 7.815924e-02 1.358405e-02 3.598084e-02 -2.245937e-01 -6.607597e-02 1.988518e-01 9.686926e-02 -7.006611e-02 -8.362819e-02 -2.123474e-01 -7.116356e-02 -2.054681e-01 -1.203935e-01 3.943183e-02 1.811938e-02 -1.218663e-01 1.003030e-01 -8.385925e-04 8.521342e-02 1.480247e-01 -7.078283e-02 -2.306425e-01 2.016865e-01 1.568722e-01 1.274063e-01 -1.214596e-01 -3.236293e-01 2.463740e-01 -1.018056e-01 1.788813e-01 
-2.051870e-01 6.092050e-02 -1.841970e-01 -2.984053e-02 1.053190e-01 -1.603532e-01 9.821765e-02 2.717608e-01 -1.104916e-01 -7.368894e-02 -1.122449e-01 -5.044963e-02 1.717964e-01 -4.251337e-02 2.230096e-01 1.443687e-01 1.066784e-01 5.319921e-02 -2.285909e-02 -9.220296e-02 1.584161e-01 1.164797e-01 7.235006e-02 2.171830e-01 -2.985784e-01 4.229951e-02 1.462601e-01 -1.605694e-01 -1.025664e-01 2.874662e-01 -2.137934e-01 1.651875e-02 -1.370081e-01 8.581440e-02 -7.078548e-02 1.820923e-01 -1.397939e-02 1.121817e-02 -1.382240e-01 -1.176828e-03 -5.399931e-02 2.192066e-01 -8.499217e-02 5.402007e-02 2.581306e-01 -1.487283e-01 1.573821e-01 8.921614e-02 -8.068756e-02 
-7.093971e-02 -2.348427e-01 1.684177e-01 2.556584e-02 -1.581518e-01 6.887611e-02 -9.051802e-04 8.551109e-02 2.331268e-01 -1.490624e-01 2.090972e-01 1.653383e-01 -2.118157e-01 6.475736e-02 -4.608912e-02 7.478560e-03 2.625560e-02 1.454763e-01 -1.092916e-01 -2.378623e-01 -6.015945e-02 7.423691e-02 -2.509473e-01 8.625509e-03 1.336199e-01 -2.262498e-01 3.475500e-02 9.175371e-02 3.945206e-02 2.554590e-01 1.253021e-01 6.244550e-02 2.586280e-02 2.129764e-01 -8.763796e-02 2.430779e-01 -1.284612e-01 1.423261e-01 -1.109442e-01 1.081827e-01 9.765105e-02 3.121886e-02 -1.429864e-01 1.629308e-01 5.812386e-02 -7.719985e-02 1.168280e-01 -3.005263e-01 -5.340273e-02 
-1.380418e-01 2.157684e-02 -4.727966e-02 7.694121e-02 7.311494e-02 -1.479145e-01 -8.438854e-02 -1.100886e-03 6.317471e-02 2.104517e-01 1.346008e-01 -1.201877e-01 1.789533e-01 -1.401509e-01 7.397633e-03 6.546933e-02 -4.095620e-02 1.244133e-01 6.517005e-02 -1.252379e-01 3.054160e-02 -9.139248e-02 -2.610888e-01 2.495715e-01 4.485264e-02 -5.412679e-02 -1.521035e-01 1.340140e-01 1.726271e-01 9.407696e-02 -1.178997e-01 -4.334275e-02 1.678802e-01 1.212479e-01 -2.224005e-01 -2.649941e-01 -2.047030e-01 -2.097226e-01 1.706012e-01 -4.602371e-03 -1.135636e-01 -2.006689e-03 7.536958e-02 3.872154e-01 -1.945724e-02 1.485760e-01 -6.112989e-02 1.067961e-01 2.003461e-01 
-5.205785e-02 -1.880872e-01 1.225925e-01 1.942613e-01 1.922624e-01 -1.056779e-02 4.207044e-02 -1.025816e-01 2.235425e-01 3.497531e-02 -2.003143e-01 1.061623e-01 -7.833874e-02 2.535803e-01 -1.670710e-01 1.173763e-01 2.272139e-01 3.527645e-03 2.365067e-02 -9.436639e-02 1.412962e-02 -1.137666e-01 1.525549e-01 3.125402e-01 -2.442505e-01 2.498585e-02 -2.309814e-01 2.250916e-01 -1.347525e-01 -1.167151e-01 -8.410043e-02 -5.936258e-02 2.199045e-01 -4.692875e-02 -3.442092e-02 -9.266013e-02 1.175497e-01 -4.704618e-02 -1.528641e-01 9.894548e-02 -2.203224e-01 -1.697101e-02 1.158082e-01 -1.169918e-01 -1.476808e-02 -7.951015e-02 1.126646e-01 -1.552421e-01 -1.199850e-01 
-9.666009e-02 -1.073080e-01 8.302620e-02 -1.796566e-01 -2.477031e-02 -1.084242e-01 -8.494759e-02 -1.822235e-01 -2.361767e-01 7.626609e-02 1.422124e-01 -1.126863e-01 1.773733e-01 5.521137e-02 1.587273e-01 -1.092064e-01 -2.164831e-01 7.750121e-02 2.574048e-01 4.077207e-02 1.032308e-01 2.608740e-01 -2.150845e-02 1.125242e-01 -3.541792e-03 1.376790e-02 -1.037965e-01 2.173130e-01 -7.473886e-03 -7.586591e-02 8.267887e-03 1.090059e-01 2.363631e-01 1.460240e-02 -6.419941e-03 4.435369e-02 -1.739196e-01 3.017453e-01 1.000473e-01 1.894516e-01 -1.955221e-02 1.467517e-01 5.401199e-02 -3.014314e-01 1.474167e-01 -1.175193e-01 -1.556586e-01 -1.331309e-01 -1.181581e-01 
-1.103409e-01 6.513523e-02 2.207463e-01 1.436873e-01 2.384949e-03 -9.474150e-02 -9.594483e-02 1.895037e-01 -1.127059e-01 -1.657340e-01 6.521825e-02 1.945328e-01 -1.338232e-01 -1.202843e-01 1.930678e-01 -5.175998e-02 -1.418544e-01 5.878354e-02 -1.049925e-01 -1.266667e-02 -1.906776e-01 2.962003e-02 8.819348e-02 1.515923e-01 6.233169e-02 -3.937662e-02 -8.932144e-02 4.284750e-02 -8.671466e-02 -2.470258e-01 -7.281396e-02 2.453520e-01 -7.542170e-02 2.358589e-01 -1.043993e-01 -1.232380e-01 1.739657e-01 2.251647e-02 -1.446875e-01 1.633865e-01 2.034195e-01 -1.504654e-01 2.658994e-01 6.131177e-02 2.017626e-02 -5.695044e-02 -7.754574e-02 3.398903e-01 -1.548834e-01 
-1.455965e-01 1.472909e-01 4.317493e-02 -3.034015e-02 -1.210513e-01 1.218628e-01 1.112934e-01 -6.209064e-02 2.098252e-01 2.230300e-01 -7.849880e-02 2.340105e-01 -3.923765e-02 -4.557214e-02 -2.150573e-01 -1.498321e-02 8.105176e-02 -2.794896e-01 9.739300e-02 4.884784e-02 -7.546159e-02 9.817234e-02 2.144420e-01 -1.686433e-02 1.587779e-01 1.789429e-01 7.070557e-02 1.387833e-01 7.179667e-02 2.741763e-01 -1.320724e-01 -6.872644e-03 1.255773e-01 1.897237e-01 -1.954541e-02 1.171563e-01 -1.845423e-02 -8.160518e-02 9.235001e-02 -1.288637e-01 2.061885e-01 1.829464e-01 2.606063e-01 -2.230648e-02 2.595492e-01 -2.173458e-03 -2.192597e-01 7.937589e-02 -4.668410e-02 
-2.303920e-01 9.790998e-02 -9.758691e-02 -1.677920e-01 -2.149477e-01 -7.279764e-02 -1.250032e-01 -1.371538e-01 -6.719687e-02 1.834779e-01 -1.040501e-01 -1.188422e-01 -6.098482e-03 2.631492e-01 -1.627423e-01 3.176471e-03 3.691750e-02 -3.758818e-02 -8.775938e-02 -3.782929e-02 2.334825e-01 8.557547e-02 -1.655495e-01 -9.489692e-02 2.260131e-02 -1.060317e-01 -3.591475e-02 -7.029303e-02 -3.414965e-01 9.883214e-03 1.406329e-02 2.646800e-01 -1.535329e-01 1.142088e-01 8.430848e-02 -1.324337e-01 2.988332e-01 -3.759197e-02 -1.242161e-01 1.243283e-01 -2.252127e-02 -8.638479e-04 1.004247e-01 1.642838e-01 7.959285e-02 2.789259e-01 -9.725111e-02 -1.597777e-01 -1.124868e-02 
-2.591949e-02 -8.742260e-02 2.987248e-01 -7.611385e-02 -7.312713e-02 2.878116e-02 2.552270e-01 -1.425402e-01 -1.905114e-01 -9.926069e-02 -7.923908e-02 -1.228908e-01 -1.817659e-01 -5.949679e-02 5.355110e-02 2.004842e-02 2.303043e-01 4.263401e-02 8.972806e-02 -1.852866e-01 9.714630e-02 -4.507169e-02 -1.659769e-01 8.371466e-02 9.567162e-02 -8.206756e-02 -3.027756e-01 -2.292653e-01 6.269409e-02 1.423737e-01 8.705939e-02 -5.787377e-02 -2.053466e-01 -1.448858e-01 1.062417e-01 -1.080639e-01 -3.485775e-02 -2.041322e-01 1.278855e-01 6.151432e-02 1.425371e-01 4.250686e-02 2.246354e-01 -2.059906e-01 2.074615e-01 -1.107743e-01 6.333853e-02 9.415797e-02 1.636227e-01 
-7.341713e-02 -1.046426e-01 -9.986574e-02 2.759339e-01 -1.487182e-01 1.345346e-01 8.338436e-02 5.180386e-02 -2.165288e-02 2.530850e-02 -6.926334e-02 1.543210e-01 1.400389e-01 7.361960e-02 -6.417009e-02 -6.706823e-02 7.592314e-02 1.753548e-01 1.236052e-01 1.520166e-01 -6.568016e-02 2.131337e-01 -3.016485e-02 3.673092e-03 -2.174436e-02 -1.245669e-01 -2.261666e-01 -2.316877e-01 2.320333e-01 -5.345262e-02 -2.863901e-01 -5.165955e-02 -1.461191e-01 -3.558761e-01 -9.995279e-02 1.675314e-01 -2.517908e-02 2.217863e-01 -1.261328e-01 6.516850e-02 4.832954e-02 3.291148e-02 1.518556e-01 1.438477e-01 -9.283853e-02 2.072356e-01 -1.965862e-01 -5.036990e-02 -2.451197e-02 
-1.476213e-01 3.442279e-02 1.729044e-01 -1.564647e-01 5.527227e-02 -2.398618e-01 1.241588e-01 -1.823808e-01 3.359386e-01 -8.396092e-02 1.663908e-01 -1.587427e-01 1.836289e-01 1.339693e-01 -3.370183e-02 2.502846e-02 -2.908757e-01 1.024131e-01 8.647843e-04 -8.699300e-02 -2.995557e-02 -2.803503e-01 2.507183e-01 -2.273250e-02 8.676844e-02 1.451228e-01 -3.353704e-02 -2.667567e-01 1.226837e-01 1.986963e-02 1.661184e-02 2.120092e-02 -1.079025e-01 -2.974361e-02 1.198145e-01 2.035822e-01 6.607890e-02 3.886940e-02 3.726521e-02 1.439623e-01 -6.506180e-02 1.430984e-01 1.879357e-01 1.439310e-01 -1.695335e-01 -1.485621e-02 5.845548e-02 2.400476e-02 -1.206562e-01 
-1.608527e-01 -2.222417e-01 -2.533431e-01 -1.431196e-01 3.873863e-02 1.800153e-01 2.049362e-01 -1.787630e-02 -1.701953e-01 3.640171e-02 1.406138e-01 1.682526e-01 2.227445e-01 7.039889e-02 -1.236088e-01 -1.267228e-01 -7.443075e-02 -1.189240e-01 7.334298e-02 1.456947e-01 -3.577764e-01 -3.465268e-01 -2.013406e-01 -8.909793e-03 -2.192832e-01 9.193315e-03 -8.416004e-02 -1.554367e-01 -2.005174e-02 -1.262239e-02 1.268571e-01 -9.356714e-02 -3.507151e-02 2.254091e-01 -7.223282e-03 -2.099246e-01 2.171654e-02 2.885235e-02 -1.208946e-01 3.721317e-02 1.133729e-01 6.408212e-02 2.516587e-03 -7.573419e-03 8.253484e-02 -1.304904e-01 1.407893e-02 -5.351173e-02 -4.858287e-02 
-2.041011e-01 2.029250e-01 9.857530e-02 2.064833e-01 -5.749865e-02 3.250682e-02 2.247693e-01 -1.094645e-02 1.993241e-02 1.163975e-01 -1.043369e-01 -5.022006e-02 1.549250e-01 -2.807876e-01 -2.280943e-03 3.098617e-01 -3.147285e-01 1.389117e-01 -2.085530e-01 -8.716962e-02 -8.245191e-02 1.652363e-01 -6.077670e-02 -1.982698e-01 -9.555808e-02 1.227532e-01 -1.514189e-01 1.323562e-02 -6.433482e-02 9.858384e-02 2.405833e-01 -1.088022e-01 1.449893e-01 -1.150253e-01 -7.684102e-03 -1.020992e-01 1.198806e-01 1.198799e-01 -1.293393e-01 -1.386287e-01 1.472067e-02 -2.024832e-01 4.929621e-02 -5.484438e-02 9.050104e-02 -8.367230e-02 1.786345e-02 -1.859321e-01 1.568619e-03 
-1.473336e-03 -5.216045e-02 1.576202e-01 1.015986e-01 1.857743e-02 -1.286334e-01 3.124865e-01 1.406707e-01 2.215562e-02 2.289293e-01 1.015035e-02 -7.492514e-02 -4.147682e-02 -1.691127e-01 4.538899e-02 -1.944057e-01 7.733233e-02 -4.356717e-03 -2.168365e-01 -8.819073e-02 1.365407e-01 -3.536406e-01 -8.930701e-02 -4.252284e-02 -1.341433e-03 2.355061e-02 1.793667e-01 6.409763e-02 -6.150444e-02 -2.548056e-01 -1.826503e-01 1.390069e-01 9.336625e-02 -7.328892e-02 5.742161e-02 5.752967e-02 -8.620892e-03 1.754685e-01 -1.765306e-01 2.730856e-03 8.635921e-02 2.317027e-01 -7.326098e-02 -5.750351e-02 4.472266e-02 -6.594449e-03 -2.654644e-01 -1.014637e-01 3.018648e-01 
-1.471715e-01 -2.151841e-01 -8.255061e-02 3.608733e-02 1.056736e-01 5.804434e-02 6.847605e-02 -2.832895e-01 1.133122e-01 -2.606734e-02 1.764896e-01 -1.867667e-01 -1.923151e-01 3.747688e-02 2.295550e-01 2.242511e-01 -4.365635e-02 -2.194041e-01 2.197301e-01 -1.599704e-02 -1.057246e-01 1.708025e-02 6.544590e-02 1.672964e-01 4.743496e-02 -1.581771e-01 2.087670e-01 -2.536258e-03 -1.497997e-01 5.190354e-02 -5.532432e-02 -1.075229e-01 -7.659350e-02 -4.594954e-02 2.064938e-02 7.140348e-03 1.180768e-01 3.104960e-01 -1.020587e-01 -2.116186e-01 -2.486273e-03 -2.563348e-01 2.457762e-02 7.266636e-02 8.171622e-02 6.930937e-02 -1.233135e-01 1.380620e-01 2.433720e-01 
-7.911271e-02 7.487912e-02 1.011198e-01 -5.344646e-02 1.162887e-01 -2.836418e-01 1.025673e-01 1.805670e-01 -1.490491e-01 1.067565e-01 -6.653797e-02 -8.580053e-02 -2.641015e-01 1.845109e-01 -2.422901e-01 -2.312657e-01 -1.831498e-01 -1.392696e-01 1.471558e-01 -9.742357e-02 3.361400e-02 -2.710482e-02 8.479985e-02 -2.811680e-03 -3.202010e-01 -8.492082e-02 -1.688800e-01 -9.208029e-03 1.229231e-01 4.760441e-02 1.018231e-01 5.879479e-02 -6.713633e-02 -1.315483e-02 -2.598626e-01 1.773810e-01 -1.961635e-03 4.694455e-02 1.547849e-01 -2.416025e-01 1.407213e-01 -2.661195e-01 -1.419654e-01 6.144154e-02 -2.892590e-02 -2.777389e-03 -9.264791e-02 -3.694688e-02 -1.781404e-02 
-2.383629e-02 -9.306776e-02 2.353617e-01 -1.415315e-02 1.765841e-01 5.455878e-02 2.314895e-01 8.219356e-02 -2.484528e-01 3.021924e-02 1.209531e-01 6.263533e-02 -1.002153e-01 1.742679e-01 2.050069e-01 1.426609e-01 3.606005e-02 -2.090502e-01 -7.960663e-02 3.128945e-02 1.565942e-01 1.166485e-01 -8.782029e-02 -1.650837e-01 5.313827e-02 1.613217e-01 5.058739e-03 -1.560207e-01 2.631132e-01 -3.576326e-02 -5.718936e-02 -1.498019e-01 1.519493e-01 2.751486e-01 9.710161e-02 3.347457e-02 -1.471262e-02 -1.098111e-01 -1.321303e-01 1.495341e-02 -3.140289e-01 -9.814341e-02 -1.666217e-02 5.685499e-02 -3.497900e-02 2.490619e-01 -1.578444e-01 -3.517026e-02 -2.034041e-01 
-1.203686e-01 -6.343454e-02 2.032091e-01 -9.209759e-02 -1.704906e-01 7.184850e-02 -5.758508e-02 5.591350e-02 -1.174778e-01 1.565002e-01 1.077039e-01 4.502286e-02 9.613215e-02 -4.235850e-02 -8.718737e-02 1.970325e-01 -1.557014e-01 -2.596189e-01 2.642715e-02 -1.934872e-01 -1.854339e-02 6.004109e-02 2.180992e-01 4.583917e-02 9.173687e-02 -1.148829e-01 -1.050322e-01 3.371560e-03 -1.579738e-01 -7.564350e-03 -1.277753e-01 -2.427773e-01 -7.234699e-02 -1.051820e-01 -1.796934e-01 -5.473824e-02 1.633549e-04 -1.689849e-01 -1.678602e-01 1.818657e-01 1.416150e-01 1.916357e-01 -3.997953e-01 -1.188563e-01 -2.775147e-01 5.692063e-02 1.426473e-02 1.004042e-01 5.150685e-02 
-1.113639e-01 -7.973044e-02 5.591177e-02 1.575665e-01 -1.841004e-01 7.956339e-02 6.191798e-02 1.532042e-01 2.043674e-01 7.777050e-02 -1.913713e-01 -1.915531e-01 1.573725e-01 -7.887482e-02 -2.484659e-02 -1.530409e-01 -1.794921e-02 -8.564607e-02 -4.028321e-02 8.540597e-02 5.082469e-02 -3.481350e-03 -1.751696e-01 2.121336e-01 3.403923e-03 -7.865783e-02 2.008254e-02 -4.521446e-02 -1.633015e-01 -1.845574e-01 1.048676e-01 -3.312832e-01 -1.069701e-02 1.748514e-01 1.928865e-01 2.682104e-01 3.565756e-02 1.462662e-02 3.288774e-01 1.924051e-01 -1.490425e-02 -1.994997e-01 -1.288939e-01 -4.436826e-02 9.314614e-02 7.656167e-02 -4.746755e-02 1.819415e-01 -1.721463e-01 
-1.493669e-01 6.565493e-02 -7.169934e-02 2.837658e-01 1.657277e-01 -6.761976e-02 -1.651798e-01 -1.820814e-02 2.095991e-01 -5.970190e-02 3.793552e-01 6.765680e-02 4.711677e-03 6.715918e-02 5.719166e-02 9.692773e-02 1.583851e-01 -6.862380e-02 -4.436412e-02 1.456798e-01 2.293726e-01 -6.442099e-02 6.221907e-03 -8.857615e-02 9.509601e-02 1.947260e-01 -2.543044e-01 -8.222983e-02 -4.125356e-02 -1.519465e-01 1.332190e-01 4.717563e-03 -2.337255e-01 -5.460944e-02 -1.576133e-01 -8.471688e-02 -1.313029e-02 -1.178338e-02 1.222989e-01 -6.386082e-02 1.108289e-01 7.758921e-02 -2.661482e-01 -9.754369e-02 2.983334e-01 -3.586340e-02 -1.521185e-01 -7.244698e-02 -9.994025e-02 
-1.572424e-01 -6.806848e-02 -6.192670e-05 -1.915175e-01 2.027277e-01 1.471937e-03 -1.820588e-01 2.717126e-01 9.330366e-02 2.707060e-01 -2.453855e-01 9.506116e-02 -5.824835e-02 -1.164970e-01 2.038105e-01 5.653428e-02 -1.030246e-02 -1.848634e-01 8.722365e-02 2.001481e-01 8.839251e-02 -5.673071e-02 4.412862e-03 2.093297e-02 1.511761e-01 -1.119497e-01 -1.507631e-01 1.205307e-01 7.958762e-02 -5.214595e-02 4.142708e-01 -2.418833e-02 -2.030782e-01 -1.027292e-01 8.225632e-02 1.025867e-01 -1.477582e-01 6.557543e-02 -2.108920e-01 1.460825e-02 -7.644106e-02 1.148820e-01 1.897837e-01 1.106386e-01 -7.694403e-02 -5.068854e-02 5.929163e-02 -4.687196e-02 6.483729e-02 
-2.826331e-02 -2.315346e-02 2.486729e-01 2.430581e-01 -9.436471e-02 -2.243927e-01 -6.449303e-02 -5.520974e-02 -1.406480e-01 -1.230969e-01 6.149851e-04 1.077083e-01 -2.525027e-03 -2.507977e-01 -1.880903e-01 -7.644995e-03 5.396228e-02 -2.756274e-02 3.162496e-01 1.332090e-01 -8.879663e-02 -5.984004e-02 -8.135169e-02 5.638742e-02 -7.837221e-02 -1.757664e-03 1.959441e-01 5.896949e-02 1.256546e-01 1.636154e-01 2.705532e-01 6.549465e-02 -3.892513e-02 -6.082393e-02 6.556888e-02 -5.219667e-02 3.460428e-01 6.738857e-02 -6.489292e-03 2.298548e-02 -2.743398e-01 2.795044e-01 -1.672200e-01 4.335577e-02 4.140028e-02 1.572125e-01 -3.314997e-02 7.953460e-02 -3.836237e-02 
-8.264201e-02 9.413499e-02 2.832873e-01 -1.288959e-01 1.120544e-01 1.199618e-01 1.365237e-02 2.537869e-01 -2.497483e-02 9.508845e-02 2.142111e-01 -4.316859e-02 1.378648e-01 -8.093510e-02 -1.379376e-01 -1.068363e-01 1.798214e-01 5.500519e-02 9.254278e-02 1.597639e-01 -2.816277e-03 -1.000560e-01 -9.714563e-02 1.474361e-01 1.950609e-01 2.037257e-01 5.260527e-02 -6.543788e-03 -2.296148e-01 2.165923e-01 -1.741595e-01 8.511669e-02 -9.945106e-02 -8.656606e-02 -6.609518e-02 -8.236032e-02 -4.437533e-02 2.243790e-01 1.110588e-02 -1.446998e-01 -4.514564e-02 -2.528083e-01 7.273123e-02 -1.762127e-01 -1.467275e-01 1.846898e-01 2.637838e-01 -9.462302e-02 -1.178640e-01 
-1.875126e-01 -1.480963e-01 9.328505e-02 -2.997231e-01 -1.103704e-01 -6.088989e-02 -2.528148e-01 7.568586e-02 1.503572e-02 -8.916247e-02 -9.193672e-02 1.355345e-02 1.542087e-02 4.282028e-02 -2.311612e-01 -6.157622e-02 -5.044427e-02 1.610125e-01 -1.701485e-01 3.394277e-02 -7.279623e-02 1.093631e-01 5.555545e-02 1.598947e-01 1.683689e-01 1.262494e-01 1.468696e-02 -1.414240e-01 2.707410e-01 -2.702279e-01 -8.377999e-02 -1.481044e-01 6.409831e-02 1.691774e-02 8.431468e-04 -3.248938e-02 1.154325e-01 1.884680e-02 -1.539790e-01 -2.710364e-01 -1.307570e-01 -4.763351e-02 -1.227082e-01 -6.372555e-02 3.385763e-01 -1.838825e-02 8.742197e-02 1.829178e-02 2.464268e-01 
-5.292469e-02 -1.369464e-01 2.070910e-01 2.106869e-01 2.246660e-01 -7.269637e-02 -2.011408e-01 1.049990e-01 -3.286031e-02 2.307626e-01 -5.087450e-02 -1.124664e-01 5.236377e-02 2.230376e-01 2.832284e-02 2.686407e-02 1.455568e-01 1.690014e-01 5.822149e-02 -9.914757e-02 -3.201173e-01 1.394114e-01 1.006123e-01 -3.794123e-01 -8.387026e-02 -4.627661e-02 2.374091e-02 -1.137783e-01 -1.417007e-01 -3.422720e-02 1.437615e-02 -6.144724e-02 5.243583e-02 1.667675e-01 1.565503e-01 -5.385341e-02 -9.996369e-02 1.153104e-01 1.670467e-01 -6.749849e-02 1.458495e-01 2.160040e-01 3.326211e-02 6.515641e-03 4.969661e-02 1.430386e-01 1.873246e-01 1.082322e-01 1.447135e-01 
-2.113000e-01 8.414890e-07 1.564838e-01 9.661764e-03 4.833999e-02 3.540603e-01 5.082716e-02 -4.374868e-02 -5.671100e-02 -1.394136e-01 -2.112152e-01 -5.145994e-02 -9.580616e-02 1.916102e-01 -1.039467e-01 8.301044e-02 -2.150602e-01 1.293330e-01 -8.892109e-02 1.485730e-02 1.534666e-01 -9.983134e-02 -4.395014e-02 -4.358012e-02 -9.379134e-02 9.032630e-02 1.515905e-01 3.512878e-01 1.329110e-01 -4.729560e-03 -1.100160e-01 1.966570e-05 -3.209196e-01 -5.935186e-02 1.036265e-01 -2.538932e-01 -1.943922e-01 1.688631e-01 1.228114e-01 -2.698691e-02 2.007776e-02 1.307614e-01 -1.166146e-01 1.476798e-01 1.684827e-02 -2.961182e-02 -3.754362e-02 1.634769e-01 -1.321447e-01 
-1.700017e-01 -3.910951e-02 -1.283758e-01 1.264214e-02 -6.160254e-02 1.180470e-01 6.292039e-02 2.301140e-01 2.198298e-01 2.132703e-01 2.016655e-01 9.826877e-02 -1.412143e-01 -4.027887e-02 -8.668879e-02 -5.925803e-02 -4.424976e-02 -8.497885e-02 1.390056e-01 -2.715295e-01 -6.876346e-02 2.416989e-01 -1.637930e-02 -7.098635e-02 -1.161501e-01 6.086767e-02 1.368357e-01 -1.532095e-01 8.849461e-02 -9.760708e-02 -1.826593e-02 2.880633e-01 -9.284505e-02 -1.416190e-01 1.680487e-01 -1.846034e-01 -4.234116e-02 -6.542166e-02 1.400202e-01 1.840949e-01 -3.553724e-01 -1.060959e-01 -7.141042e-03 -1.279125e-01 -3.052719e-02 -2.295159e-01 -3.065020e-03 8.454844e-02 7.431679e-02 
-2.239221e-01 1.085932e-01 -1.193559e-01 1.336010e-01 1.738329e-01 -5.017682e-02 -2.028269e-01 7.254445e-02 -6.050294e-02 -7.720687e-02 -1.541137e-01 1.407581e-01 7.425372e-02 9.779341e-02 -6.680946e-02 7.639195e-02 5.372437e-03 -5.697566e-02 1.313236e-01 -1.977711e-01 2.710526e-01 -1.953269e-01 -7.949116e-02 -3.096655e-02 1.696354e-01 -1.244453e-01 2.955167e-01 -1.793446e-01 2.642141e-01 6.138370e-02 3.314224e-03 -1.039795e-01 2.525202e-01 -3.993664e-02 3.087351e-02 -1.296335e-01 1.016378e-01 1.290188e-01 2.140443e-02 1.986979e-01 3.020092e-01 -1.602287e-01 6.167390e-02 -1.961699e-01 -8.274138e-02 -4.259831e-02 3.031720e-02 -5.256726e-02 -5.859225e-03 
-1.575937e-02 -1.791772e-01 -3.888885e-02 -2.972387e-02 4.762416e-04 -3.658774e-01 1.672262e-01 -1.179330e-02 -2.681315e-02 2.339102e-02 1.076282e-01 1.813217e-01 1.354453e-01 -7.370681e-02 3.245592e-03 -1.778811e-01 6.384557e-02 -1.628961e-02 5.196251e-02 -1.551487e-01 9.068978e-02 1.827050e-01 2.284810e-02 -6.617783e-02 1.326830e-01 -1.241430e-01 1.202285e-01 1.912835e-01 -7.288482e-02 -1.367394e-01 -8.653571e-02 -2.636216e-01 -1.390830e-01 -1.422644e-01 2.625276e-01 -2.126962e-01 3.331081e-02 -9.901545e-02 8.454489e-03 -2.713130e-01 1.240822e-01 -3.603852e-02 7.049413e-02 2.057147e-01 -1.221743e-02 -1.283693e-01 7.297046e-02 -1.202559e-01 -3.173505e-01 
-2.048946e-01 1.695617e-02 -1.390031e-01 -1.349992e-01 -2.665873e-01 -1.545589e-01 5.325633e-02 7.194614e-02 7.522156e-02 5.007302e-02 -5.002464e-02 -1.416999e-01 -2.519345e-01 1.112477e-01 1.356220e-01 2.381910e-01 1.754491e-01 9.466496e-02 -3.596740e-02 1.513514e-02 -2.021650e-01 -6.668980e-02 -2.598923e-01 7.781047e-04 3.653427e-02 3.556187e-02 9.536009e-02 -2.110707e-02 3.360763e-02 -1.397789e-01 5.891460e-02 -1.658765e-02 1.372978e-01 -1.133628e-01 -2.340192e-01 -1.944941e-02 9.186956e-03 1.696521e-02 8.962022e-02 -2.434127e-01 1.381801e-02 2.309665e-01 5.501514e-02 -2.020275e-01 -2.447030e-01 1.067614e-02 -5.430045e-02 1.310597e-01 -3.358790e-01 
-1.108843e-01 -1.541548e-01 -9.068761e-02 -5.039065e-02 -3.156312e-01 1.402477e-02 1.662381e-02 4.307657e-02 -8.897932e-02 -1.793178e-01 -1.392419e-01 1.804950e-01 7.065422e-02 -9.175062e-02 7.263882e-02 -1.394909e-02 2.256395e-01 1.068678e-01 1.895815e-01 -2.379716e-01 2.011746e-01 -1.633748e-01 2.698253e-01 -1.601297e-01 4.415333e-02 2.657947e-01 -1.949850e-01 -3.152255e-02 -1.741682e-01 -9.153111e-03 1.420899e-01 1.127551e-02 9.927056e-02 1.768125e-01 -2.627538e-02 -3.405192e-02 -1.252160e-01 2.490356e-01 7.922180e-02 -1.031728e-01 -1.242883e-01 -1.219254e-01 -5.970117e-02 1.556017e-01 -1.660316e-01 -1.207175e-02 -1.102915e-01 1.005249e-01 1.085785e-01 
-9.049698e-02 -2.965269e-02 4.114768e-03 -9.490625e-03 -5.608780e-02 -2.311997e-01 -6.402156e-02 -1.505350e-01 3.384296e-02 2.474836e-01 -5.692176e-02 7.617533e-02 -1.554592e-01 6.327895e-02 1.162575e-01 -6.989438e-02 4.041935e-02 2.886964e-01 1.271538e-01 2.347407e-01 -3.258950e-02 -6.478847e-02 -1.448178e-01 -2.422403e-01 1.380546e-02 2.348678e-01 8.499726e-03 1.684620e-01 2.304743e-02 2.019593e-01 -2.055455e-01 -2.116894e-01 -1.516166e-01 5.817518e-02 -1.697520e-02 9.871654e-02 1.035959e-01 -1.183651e-01 -1.660927e-01 2.469975e-01 -8.380331e-03 -2.520320e-01 -1.385068e-01 -7.075550e-02 -6.460802e-02 -2.610392e-01 -2.940160e-02 1.173047e-01 1.079114e-01 
-1.794933e-01 8.034540e-02 -1.562774e-01 1.442075e-01 1.322045e-01 1.207365e-01 -7.062829e-02 -1.684141e-01 -1.491303e-01 1.087253e-01 -7.134926e-02 -1.515930e-01 -1.969260e-01 -2.936817e-01 -9.834057e-02 5.314223e-02 -1.332036e-02 1.424421e-01 1.929273e-01 -6.292363e-02 -8.094401e-02 -8.362036e-02 5.146449e-02 1.183100e-01 1.649916e-01 -3.628644e-02 -1.805867e-01 -8.773253e-02 5.952119e-02 -1.086224e-01 -1.839007e-01 2.025078e-01 -1.586071e-02 2.261733e-01 3.499100e-01 1.751223e-01 -6.499744e-02 -1.120567e-01 -9.985439e-02 -1.804031e-01 4.680995e-02 2.642837e-02 -2.247604e-01 -1.870441e-02 -1.181325e-01 -4.286774e-02 3.550563e-02 -1.616066e-01 -1.986316e-01 
-2.168796e-01 4.026956e-02 -1.659022e-01 -1.789472e-01 1.838894e-01 -2.649114e-02 2.158955e-01 -1.643072e-01 1.642680e-02 -2.313759e-02 1.449666e-01 1.523777e-01 -1.208452e-01 -2.536998e-01 -1.034781e-01 -7.271076e-03 1.506670e-01 6.019013e-02 -2.188626e-01 1.094629e-01 1.527673e-01 1.881476e-01 6.225301e-02 -6.505357e-02 -1.300360e-01 -1.367562e-01 -1.106255e-01 1.475961e-01 1.365417e-01 -1.034019e-01 -1.816898e-02 -8.010086e-02 -3.560156e-02 1.797892e-01 -4.595860e-02 5.781682e-02 1.966778e-01 2.024591e-01 2.241545e-01 1.252634e-01 3.093429e-02 9.514431e-02 2.147144e-02 -1.086424e-01 -2.015944e-01 1.798843e-01 2.692531e-01 9.586320e-02 1.688874e-01 
-3.135551e-02 -3.116560e-02 6.652773e-02 1.748277e-01 -5.773083e-02 -2.016034e-01 1.327151e-01 -1.439301e-01 5.968945e-02 1.170736e-02 -6.585633e-02 -5.684875e-03 1.065038e-01 4.563749e-02 -2.302759e-01 1.707342e-02 1.958178e-02 4.788039e-02 -1.351235e-01 2.992660e-01 1.386870e-01 8.639036e-02 1.225339e-01 1.233397e-02 8.319760e-02 -3.486378e-01 1.233133e-01 -1.937520e-01 -3.622155e-02 7.628310e-02 9.748070e-02 1.029216e-01 -6.918900e-02 2.444411e-01 -8.340087e-02 -1.714409e-01 -3.972363e-01 4.304370e-03 -1.671876e-01 -1.128424e-01 -1.523271e-01 -6.083082e-02 4.927954e-03 -2.110455e-01 -1.364093e-01 -1.628893e-01 -8.318028e-02 1.486163e-01 1.153174e-02 
-1.947667e-01 1.209952e-01 3.221663e-02 -3.283538e-02 1.766604e-01 -5.105661e-02 -1.160453e-01 -1.919312e-01 -1.692261e-01 -1.277253e-02 -1.067002e-01 2.740790e-01 4.249166e-02 3.350614e-03 1.225984e-01 -9.715954e-02 9.162839e-02 7.767579e-02 -2.843894e-01 -1.851153e-01 -3.122892e-01 -3.024379e-03 5.471254e-02 2.052378e-01 1.859534e-02 3.008957e-02 1.745375e-01 -4.182944e-02 -1.070073e-01 6.937139e-02 9.634621e-02 -9.655713e-02 -2.262487e-01 -6.296300e-02 -2.756109e-02 8.959948e-02 -1.206209e-01 -7.155293e-02 2.285358e-01 2.884446e-02 -1.600496e-01 -5.282658e-02 -6.060739e-03 -9.860467e-02 -1.088426e-01 8.109630e-02 -3.437657e-01 -2.510291e-01 6.775680e-02 
-2.973688e-02 -3.258561e-01 -1.236299e-01 2.486723e-01 -1.405734e-01 5.811697e-02 -1.051163e-01 -5.482629e-02 -8.154728e-02 1.936520e-01 -3.066172e-02 -2.986214e-01 9.913024e-03 -1.928190e-02 1.870849e-01 -3.183327e-01 1.649088e-02 -1.439474e-01 -3.257665e-01 -7.262476e-02 6.565906e-03 -1.228787e-02 2.311852e-01 5.944526e-02 9.330471e-02 1.143332e-01 -3.019363e-02 4.422802e-02 2.780895e-01 2.726240e-01 6.131194e-02 7.219361e-02 -8.797327e-02 3.690039e-02 -1.160275e-01 -1.493227e-01 1.896933e-01 6.047647e-02 1.070409e-02 -1.952885e-02 -5.532838e-03 9.644171e-03 2.849592e-02 -8.247196e-02 -7.797301e-02 -1.190598e-02 1.293264e-01 -5.225171e-02 -1.195551e-01 
-4.944235e-02 -3.024825e-01 -2.016030e-02 8.594314e-02 2.019452e-03 -1.543412e-01 -5.781385e-02 -1.884394e-01 -1.396851e-01 3.266352e-02 2.592308e-02 1.242844e-01 1.259521e-01 1.505595e-02 -1.758325e-01 1.873248e-01 1.904568e-02 -1.859281e-01 -1.863344e-01 -7.453835e-03 3.335746e-02 7.990146e-02 -2.141994e-01 1.009265e-01 -9.297022e-02 3.542769e-01 6.777949e-02 4.387401e-02 1.056607e-03 -4.404604e-02 1.070383e-01 2.908223e-01 3.684176e-02 -1.818997e-01 1.400410e-01 2.747925e-01 -2.093532e-01 -8.269283e-02 -4.130961e-02 -7.822793e-03 2.319105e-01 -1.284715e-01 1.719049e-02 4.213054e-02 -8.708019e-02 7.389327e-02 1.472016e-01 2.307434e-01 5.057171e-02 
