-1.560333e-01 -1.423276e-01 -3.655086e-02 -8.206511e-02 2.674203e-02 -2.210279e-02 -2.754951e-01 -6.712868e-02 7.789354e-02 -9.220442e-02 -9.951200e-02 -2.178045e-01 -2.501127e-01 -1.273087e-01 -9.798895e-02 -7.407259e-02 2.001429e-02 2.348192e-01 8.690400e-02 4.273695e-02 3.744179e-01 -1.729484e-02 -1.234466e-01 -1.707067e-01 1.824425e-02 1.646005e-01 1.446940e-01 1.152600e-01 -1.754661e-01 -1.036767e-01 1.130030e-01 9.740892e-03 -5.436835e-02 -1.815090e-02 1.063337e-01 1.656834e-01 2.494549e-02 1.974564e-01 1.286450e-01 2.040125e-02 9.862387e-02 4.508522e-02 1.534834e-01 -6.678432e-02 4.043758e-02 -3.594264e-01 1.584334e-02 -2.470297e-01 6.020851e-02 
-2.433973e-02 -4.455433e-02 3.514244e-01 1.967324e-01 -7.175931e-02 -1.465518e-01 -1.592082e-01 1.028767e-01 1.038235e-01 2.559206e-01 6.466030e-02 -2.011697e-02 9.973781e-02 -5.978220e-02 3.410098e-02 1.166651e-01 6.132938e-03 2.498399e-01 -1.206120e-01 1.478427e-01 -6.361905e-02 -1.968329e-01 -1.310738e-01 -5.455242e-02 9.218590e-02 3.115337e-01 -1.082500e-01 1.588311e-02 2.554654e-01 1.931965e-03 -7.767404e-02 -2.842574e-01 -9.772397e-02 1.247814e-01 -2.371678e-01 6.032338e-02 -3.579583e-02 6.726543e-02 -3.613299e-02 7.708271e-02 -8.707329e-02 -1.014378e-01 -6.794404e-02 -1.148160e-01 -2.085640e-01 -1.455033e-01 -9.583600e-02 1.367756e-01 -7.602535e-02 
-1.452306e-01 -1.125184e-01 -9.685407e-02 -1.186825e-01 -2.455987e-01 -7.540517e-02 9.267177e-02 -9.581726e-02 -2.748117e-01 -5.213640e-02 2.501748e-01 -8.996670e-03 1.643213e-01 5.366654e-02 7.274115e-02 -4.933186e-02 1.397637e-02 1.297795e-01 6.482016e-02 -2.127256e-01 1.660766e-01 -1.673095e-01 1.641419e-02 1.553927e-01 -1.203003e-01 -1.350654e-01 1.392824e-01 3.678159e-02 1.082390e-01 -9.847939e-02 -2.891414e-01 3.635073e-02 1.744066e-01 1.533417e-01 -2.847270e-03 -6.728864e-02 9.450348e-02 -1.142950e-01 3.782754e-01 9.973771e-02 -1.969301e-02 -8.414980e-02 -1.861137e-01 -1.918625e-02 -1.320463e-01 -2.269638e-01 -1.537799e-01 4.414176e-02 6.069260e-02 
-6.653797e-03 -2.473305e-01 2.108417e-01 -2.125329e-02 2.767954e-02 3.372601e-01 1.205313e-01 -1.788895e-01 -1.798921e-01 -1.481059e-01 1.064082e-01 1.457204e-01 -5.935424e-02 1.657878e-01 2.925027e-02 -1.228686e-01 -8.559241e-02 -1.354464e-01 9.855149e-02 1.778457e-01 -1.694353e-01 -9.296622e-02 8.280064e-02 -2.163352e-02 -7.977554e-02 -3.401914e-02 -1.049529e-01 -4.781792e-02 -1.651278e-01 -6.646590e-03 -4.553960e-02 5.842662e-02 -7.571598e-02 -5.918359e-02 -1.878063e-03 2.517778e-01 -1.166270e-01 2.534068e-01 1.371129e-02 -2.427667e-02 -3.388765e-02 4.988206e-02 1.016176e-01 -1.214344e-01 -1.902677e-01 -2.772459e-01 1.782835e-01 3.155398e-01 -9.675185e-02 
-2.344699e-01 -9.127009e-05 -2.375683e-01 -1.651592e-01 -9.297538e-02 3.494535e-02 -1.894420e-01 -2.632820e-01 1.773585e-01 1.213621e-01 -3.968753e-02 -5.214430e-02 2.717473e-01 -2.001902e-01 3.059782e-02 7.424536e-02 2.115645e-02 -2.714725e-01 9.764954e-03 -1.849620e-02 6.359190e-02 -6.139319e-02 -1.353476e-02 -1.669173e-01 1.442709e-01 -1.010708e-01 -1.864452e-01 -1.213971e-01 -1.375440e-01 9.372136e-02 -1.076442e-01 5.335213e-02 1.200410e-01 8.433015e-02 -7.721872e-02 -6.714386e-02 3.435983e-02 7.319955e-02 -2.883644e-01 1.937807e-01 -6.970137e-02 2.459292e-01 3.266147e-02 9.778804e-02 -2.460477e-01 -1.047782e-01 -1.409851e-01 3.077441e-02 -1.213882e-01 
-7.583888e-02 1.699705e-02 1.541107e-01 8.984880e-02 1.281493e-01 -7.305926e-02 -1.175614e-01 -1.712007e-01 1.390178e-01 5.230703e-02 7.406258e-02 5.653933e-02 9.485914e-02 3.338779e-01 -1.602722e-01 2.052159e-01 -1.498889e-01 -8.202470e-02 -4.472945e-02 -9.002162e-02 9.732977e-02 1.826413e-01 2.468172e-01 -1.424556e-01 -8.898794e-02 -1.750337e-01 -1.963687e-02 -4.281849e-03 -1.616163e-02 -8.069528e-02 1.489548e-01 -6.621106e-02 5.241114e-04 -2.449332e-01 1.821728e-02 1.049604e-01 -6.599083e-02 -3.431417e-02 1.257000e-01 1.234581e-01 5.668293e-03 8.764352e-02 -2.446394e-01 -4.054493e-01 1.011169e-02 2.520805e-02 -2.818472e-01 -1.322280e-01 -7.110396e-02 
-1.077426e-01 -1.853799e-01 1.581878e-01 -5.949286e-02 1.310370e-01 -9.532794e-02 -8.552217e-02 2.271411e-01 7.940514e-02 6.448651e-02 2.031922e-01 1.360164e-03 -9.372044e-02 7.966564e-02 1.859577e-01 -5.443295e-02 4.814916e-02 -2.582920e-02 1.371974e-01 2.899366e-04 -2.281491e-02 1.952201e-01 -1.179362e-02 2.705376e-01 -1.298122e-01 -2.067662e-01 -8.527223e-02 1.634143e-01 -7.889575e-03 1.365459e-02 1.415237e-01 -2.002010e-01 3.290454e-01 1.203195e-01 -5.232082e-03 -3.079144e-02 1.061303e-01 3.371415e-01 -1.119019e-01 -1.502643e-01 -1.591424e-01 1.745520e-01 -5.412983e-03 9.630551e-02 -1.807454e-01 6.877169e-02 -3.490999e-02 -1.677140e-01 1.804675e-01 
-1.131167e-01 -9.203733e-02 -4.606402e-02 1.134132e-01 -1.903645e-01 -7.797264e-02 -1.298105e-01 -6.081705e-02 -1.808947e-01 3.034971e-01 -7.989068e-02 1.073768e-01 -1.040531e-01 -4.694662e-03 5.004016e-02 -2.821892e-01 -7.995130e-02 2.335496e-01 -1.871373e-01 1.568057e-01 -7.031264e-02 -1.292663e-01 -2.073445e-01 1.051515e-01 -8.678582e-02 -2.110103e-01 -1.009794e-01 -4.292351e-02 -3.033611e-01 -8.757052e-02 3.353296e-02 1.845045e-02 3.882848e-02 -9.607831e-02 1.406728e-01 -1.392880e-01 -1.345880e-01 5.968651e-02 6.563112e-02 2.150035e-01 5.403078e-02 -1.198835e-02 1.039339e-01 -1.414948e-01 -9.889083e-03 3.480283e-01 -2.484968e-02 -4.019881e-02 -1.554533e-01 
-9.803650e-03 -3.173026e-01 6.709944e-02 6.541059e-02 -1.617763e-01 -1.000987e-01 7.562082e-02 8.693078e-02 7.204346e-02 -1.081883e-01 -8.083560e-02 1.511037e-01 -1.015529e-01 -1.355725e-01 8.622642e-02 -1.088049e-01 -1.357178e-01 5.592801e-02 4.171853e-02 -1.740401e-01 -2.197995e-01 -2.366896e-02 8.602690e-02 -9.911568e-02 -9.861021e-02 1.351438e-01 4.221199e-02 1.439814e-01 -6.212625e-02 1.638952e-01 -1.475173e-01 -4.610207e-02 1.566500e-02 -1.129081e-01 1.328605e-02 -1.662216e-01 2.874130e-01 -2.634808e-02 -1.809691e-01 7.698378e-03 1.202630e-01 2.665517e-01 -2.819502e-01 -7.212494e-02 2.515121e-01 -1.401652e-01 3.411663e-02 -9.982446e-02 -3.175072e-01 
-2.154912e-01 2.109113e-02 -1.125944e-01 8.500825e-02 2.880135e-02 -2.705389e-01 2.037506e-01 1.496545e-02 -9.782902e-02 -1.614560e-01 2.597494e-01 -1.024791e-01 -9.272511e-02 -2.615423e-01 -1.576157e-01 1.587569e-01 -8.632696e-02 -6.126009e-03 -2.216079e-01 -1.359723e-01 -2.348269e-01 1.026444e-01 2.156629e-01 -1.386629e-02 2.277502e-02 1.694888e-01 -8.162213e-02 4.860610e-02 -1.373014e-01 -5.106005e-03 2.314511e-01 1.104149e-01 -8.869386e-02 2.860647e-01 1.410845e-01 6.129077e-02 7.780009e-02 8.412827e-02 8.422354e-02 1.068796e-01 -8.504217e-02 -7.200738e-02 8.723218e-02 -1.225343e-01 -2.266435e-01 9.138152e-02 1.124945e-01 -3.136989e-02 -1.140647e-01 
-2.379673e-01 2.608197e-01 -7.515903e-02 1.708090e-01 1.567780e-01 1.698250e-01 1.636789e-02 -4.269036e-02 1.386459e-02 1.767762e-02 -1.362580e-01 1.722257e-02 6.835341e-02 2.783564e-02 8.673530e-02 -8.887399e-02 -3.014893e-01 1.886360e-01 -1.068672e-01 8.293465e-03 -7.618954e-03 9.999277e-02 4.857993e-02 1.027196e-01 -1.105563e-01 1.334685e-01 1.120076e-01 4.197585e-01 3.979134e-02 -1.590546e-01 -1.450390e-01 3.074093e-01 1.187303e-01 -2.142825e-02 -3.099788e-01 1.934680e-01 -3.084206e-02 -4.170169e-03 -5.799808e-02 -5.036734e-02 3.627199e-02 1.450606e-01 -6.131140e-03 1.370135e-01 -1.148088e-01 7.710011e-02 -3.102991e-02 5.707958e-03 -8.004650e-02 
-4.999318e-02 -1.732641e-01 -1.758322e-01 9.024032e-02 -3.545165e-02 -7.264125e-02 2.898908e-01 -6.592778e-02 1.259211e-01 2.108787e-01 -5.824683e-03 -1.461667e-01 -9.130746e-02 4.648127e-02 2.975057e-01 -7.696196e-03 3.544689e-02 -9.078541e-02 -3.472167e-02 -1.293082e-01 1.294778e-01 -9.684470e-02 2.259301e-02 -1.797449e-01 -1.242546e-01 2.349545e-03 -2.647152e-02 2.726586e-01 9.030399e-02 -1.515394e-01 1.796742e-01 -9.238639e-02 -2.582101e-01 -2.177116e-01 2.296882e-01 -1.253890e-01 -1.544392e-01 -5.698793e-02 -2.809398e-02 -2.472200e-01 -5.489378e-02 -1.578906e-02 3.530066e-02 1.588137e-01 -1.869290e-01 -3.732039e-02 -1.579950e-01 1.947711e-01 -5.813934e-02 
-1.782049e-02 -2.986208e-01 9.716552e-02 1.071448e-01 2.142471e-01 -8.231702e-02 -1.013710e-01 1.130060e-01 6.158520e-02 1.662996e-01 -3.256344e-01 -1.615531e-01 -1.656984e-01 3.940043e-02 3.227842e-02 5.183863e-02 -8.437799e-02 -1.487819e-01 7.103256e-02 -1.936516e-01 1.279869e-03 -2.607599e-01 2.645205e-01 2.025714e-01 1.391943e-01 -2.288517e-01 1.766134e-01 -2.860671e-02 -6.331831e-02 -1.368729e-01 -2.621236e-02 4.242296e-02 1.105850e-02 2.039969e-01 -5.279764e-02 1.568706e-01 1.867844e-02 -2.793465e-01 -1.023956e-01 1.897557e-01 -3.141761e-02 -1.112062e-01 5.969242e-02 4.686037e-03 -3.270000e-02 -2.125160e-02 1.429459e-01 6.889598e-02 -9.804142e-03 
-1.575137e-01 -1.498115e-01 -6.291495e-03 3.154285e-02 1.074344e-01 -1.642617e-02 5.954322e-02 8.240482e-03 -1.537064e-01 -5.493593e-02 -2.405270e-01 -2.420506e-03 2.761394e-01 -5.251510e-02 2.703118e-01 -1.873813e-02 2.027019e-01 -1.098288e-01 -6.945050e-02 3.370441e-01 -1.644097e-01 4.854801e-02 1.096606e-01 -2.892080e-01 -2.888553e-01 1.237131e-01 1.060988e-01 8.380727e-02 -2.062792e-02 8.679749e-02 -2.407587e-02 -1.334914e-01 9.426309e-02 1.298119e-01 5.585554e-02 5.977836e-02 -1.078271e-01 -2.245014e-01 1.054069e-01 1.169862e-01 -1.067899e-01 4.822194e-02 7.637125e-02 -1.032346e-01 6.776778e-02 1.977529e-02 1.897058e-02 -2.057820e-01 2.493624e-01 
-8.879682e-02 -1.980671e-01 -1.975439e-01 2.102616e-01 -2.158247e-01 7.337323e-02 -1.233803e-01 4.729489e-02 -1.144210e-01 -8.865040e-02 -9.995327e-02 1.436980e-01 -1.173032e-01 -9.827640e-02 -2.555408e-01 -2.088447e-01 -7.620715e-02 -2.371483e-01 1.026947e-01 -1.677294e-01 -7.157419e-02 3.042980e-01 -2.215926e-01 -7.123338e-02 -2.033807e-02 4.088966e-02 -2.451440e-02 -1.180092e-01 1.601212e-01 -2.666437e-01 1.359292e-01 -2.202790e-01 -1.443863e-02 4.847443e-02 -2.959583e-01 2.230232e-02 -1.258818e-01 -1.905555e-01 4.663557e-02 -9.286316e-02 -3.614783e-02 4.663946e-02 -2.152297e-02 -2.952071e-02 -1.369424e-01 5.091743e-03 1.116430e-02 -7.141696e-04 7.748279e-02 
-6.418790e-02 -2.705943e-02 -4.537964e-02 3.110263e-01 1.406981e-02 2.106528e-01 -6.623790e-04 -6.562015e-02 -8.559530e-02 -8.935503e-02 1.288453e-01 -1.821361e-01 1.262713e-01 9.791101e-02 1.684429e-01 -1.652324e-01 -2.407633e-02 -8.943745e-02 5.368354e-02 1.912962e-01 3.431445e-02 -9.849002e-02 1.838061e-02 2.208900e-01 2.388150e-01 1.536733e-01 -7.274520e-02 -1.004999e-01 -2.172831e-02 5.582890e-03 3.707174e-01 7.714644e-02 1.551455e-01 -5.168357e-03 -2.928503e-02 -1.206077e-01 1.801973e-01 -1.565506e-01 -2.190333e-02 -9.188178e-02 -1.660652e-01 -1.605698e-01 3.030335e-02 -2.883754e-02 1.684871e-01 -1.575023e-01 -2.173264e-01 -1.803575e-01 -2.443867e-01 
-1.588610e-02 -7.836588e-02 2.653785e-03 3.610881e-02 -7.575523e-02 2.050884e-01 6.280508e-03 1.089127e-01 3.097420e-01 -4.670486e-02 -1.864240e-01 -1.747264e-01 1.949156e-01 3.730885e-02 -1.673933e-01 -1.227427e-01 -1.228507e-01 7.679348e-02 -1.549328e-01 -1.516386e-01 -2.661014e-01 -1.533039e-01 -1.040782e-01 -4.265259e-02 1.881030e-01 -2.101554e-02 9.486679e-02 -6.220929e-02 5.457962e-02 2.110161e-01 9.852349e-03 2.440375e-02 1.801979e-01 -1.901595e-01 2.516198e-01 6.867102e-02 -3.543850e-02 5.473148e-02 3.295623e-01 -1.316358e-01 -1.829877e-01 3.988271e-02 -1.130645e-01 5.248276e-02 -2.434721e-01 4.577170e-02 1.256420e-01 -1.110083e-01 8.903649e-02 
-1.192381e-02 -2.061972e-01 1.056419e-01 -9.540800e-02 1.545233e-01 3.187423e-01 1.745780e-01 -1.287759e-01 1.463270e-01 7.001373e-02 -3.643386e-02 1.457844e-01 1.790732e-01 -2.991138e-01 3.034119e-02 1.575546e-01 -1.847675e-01 1.796214e-01 1.470492e-01 -2.088916e-01 6.134067e-02 6.867608e-02 -2.902103e-02 7.396351e-02 -4.231819e-02 1.587188e-01 9.028824e-02 -8.439052e-02 1.896033e-02 -5.489274e-02 1.177996e-01 -1.085116e-01 1.570548e-01 1.863333e-02 3.493442e-02 -1.651049e-01 1.008115e-01 1.324016e-02 5.794677e-02 5.071358e-02 1.586960e-01 -5.518858e-02 3.341451e-01 -1.861373e-01 6.648972e-02 1.840936e-01 -1.568416e-01 1.815011e-01 1.024168e-01 
-1.938666e-01 8.857810e-02 -1.337507e-01 -3.323518e-02 8.778509e-03 1.093266e-01 1.764015e-02 -1.447028e-01 1.809172e-01 -8.741556e-02 2.365020e-02 1.657200e-01 6.025598e-02 -9.423420e-02 2.361035e-01 6.816172e-02 4.781216e-02 1.512600e-01 -2.804570e-01 -6.559495e-02 1.098958e-01 -4.999165e-02 -1.886115e-01 1.104331e-01 -9.958461e-02 -3.278278e-01 6.706797e-02 -6.384025e-02 1.155520e-01 9.991068e-02 2.763399e-01 -1.967857e-01 -8.125810e-02 1.642529e-01 -5.773473e-02 2.189751e-01 -7.421667e-03 -5.743126e-02 -6.530987e-02 -9.979643e-02 -2.563870e-03 -1.658218e-02 -1.748653e-01 -1.335014e-01 1.751803e-01 -9.951373e-02 3.446770e-01 5.510797e-02 -1.122003e-01 
-6.837604e-02 -1.003848e-01 -1.002153e-01 -6.692339e-02 -1.909700e-02 1.408058e-01 2.796709e-01 -9.721601e-02 5.102390e-02 4.900750e-03 -6.056294e-02 -3.460935e-01 -8.683965e-02 9.197958e-02 -3.654024e-02 -9.548675e-02 -6.526234e-02 3.085122e-01 1.258362e-01 5.826879e-02 8.951944e-03 2.853688e-01 1.754351e-01 2.394266e-02 2.009977e-01 -1.127127e-01 -2.844781e-01 5.055281e-02 1.544952e-01 9.259006e-02 -1.221468e-01 -1.712379e-01 -1.004992e-01 9.303240e-02 -1.214290e-01 -1.428885e-01 -2.394915e-01 4.669720e-02 1.961945e-02 2.833313e-01 -1.425964e-01 4.703191e-02 -4.454153e-02 1.067354e-02 1.841997e-01 -5.851998e-03 1.069045e-01 -3.712743e-02 -1.019379e-03 
-2.707674e-02 -2.505546e-01 -1.127998e-01 2.614646e-01 1.721475e-01 4.871182e-02 -1.950576e-01 -2.175348e-01 1.494508e-02 1.102652e-01 1.159968e-01 -4.717532e-02 -7.198995e-02 4.607151e-02 1.656659e-01 2.986918e-01 -5.340544e-02 -1.679031e-01 -9.580818e-02 9.978540e-02 -6.592673e-02 2.330403e-01 -1.783804e-01 -5.069542e-02 1.115438e-01 3.028694e-02 1.955145e-01 -5.734257e-02 -3.218201e-02 -3.221583e-02 -2.432765e-01 5.075403e-02 -1.065698e-01 5.983316e-02 -4.138806e-03 -1.255721e-01 1.303469e-01 2.431671e-01 2.847147e-01 -8.482397e-03 -3.783710e-02 -7.884864e-02 -1.458054e-01 2.036964e-01 1.784776e-01 1.194203e-01 1.155265e-01 7.665654e-02 -1.870039e-02 
-1.364678e-01 1.423116e-01 1.614940e-02 1.998846e-01 -1.379545e-01 7.726618e-02 -6.202016e-02 -1.553425e-01 -3.713548e-02 6.902882e-02 1.536941e-01 8.948637e-02 -2.017816e-01 -1.297624e-01 1.988663e-02 2.587708e-01 6.593370e-02 2.558286e-01 2.329965e-01 -5.517564e-02 -2.658641e-01 -1.448854e-01 2.006225e-01 -7.084834e-02 -1.398987e-01 -7.651868e-02 1.038346e-01 -2.740542e-01 1.353956e-01 -1.472462e-01 9.489395e-03 -2.394483e-02 8.811838e-02 -2.209221e-01 8.012144e-02 1.040492e-01 -9.022458e-02 -3.235969e-02 -9.032804e-02 4.016018e-02 -2.072953e-01 1.076311e-01 1.251103e-01 2.856792e-01 9.179533e-02 -6.181668e-02 9.933528e-03 -1.735132e-01 4.616273e-02 
-1.046726e-01 -8.979238e-02 1.802526e-01 -2.247310e-02 -1.833597e-03 -2.251503e-01 -4.628803e-02 2.132327e-03 2.223756e-01 2.127296e-02 1.068635e-01 -6.859699e-02 2.774831e-01 -2.279813e-01 -1.811642e-01 -2.133691e-01 -4.038343e-02 5.358874e-03 5.390404e-02 1.014503e-01 -7.120958e-02 9.755683e-03 6.813300e-02 1.290917e-01 -1.178893e-01 -3.413773e-02 -7.430805e-02 -4.700789e-02 -2.095093e-01 -1.107099e-01 1.495592e-01 1.246257e-01 -1.378195e-01 3.033864e-02 -4.284693e-02 1.048659e-01 -1.467457e-01 -4.448245e-02 1.569084e-01 -7.569768e-02 -3.023901e-02 1.033385e-01 -1.522771e-01 2.889689e-01 3.665518e-01 -4.600735e-02 -1.282958e-01 2.923762e-01 1.424880e-01 
-8.777394e-02 5.871944e-02 3.065175e-01 7.130635e-02 -1.428663e-01 1.350311e-01 1.385973e-01 -9.602536e-02 1.081142e-01 1.858635e-02 1.214047e-01 5.424331e-03 -1.277390e-01 1.690323e-02 -1.668506e-01 2.580213e-02 -1.132156e-01 -1.680178e-01 2.024553e-01 7.909129e-02 2.436156e-01 -9.934195e-02 -8.756035e-02 -1.146140e-01 -9.641398e-02 3.375222e-02 1.975797e-01 6.042168e-02 -7.177377e-02 2.121044e-01 -4.296381e-02 -5.376756e-02 6.317335e-02 4.028263e-01 1.021239e-01 -3.757107e-02 -2.980331e-01 -1.160471e-01 1.097570e-02 -1.027550e-01 2.433351e-02 2.463430e-02 -7.657235e-02 1.365614e-01 -2.378758e-02 2.338814e-01 5.324570e-03 -1.632724e-01 -2.564742e-01 
-1.699430e-01 4.461234e-02 1.120305e-01 1.266485e-01 6.260232e-02 -3.430947e-04 1.008436e-01 3.353590e-01 5.863360e-02 -1.591540e-01 6.672442e-02 -7.897042e-02 -4.310183e-02 -3.942247e-01 2.440169e-01 5.789077e-03 -7.253423e-02 -2.159270e-01 1.054834e-01 6.261899e-02 2.548148e-01 -9.711221e-02 2.242158e-02 -1.121420e-02 -5.230834e-02 -1.329418e-01 -1.392803e-01 -1.865277e-01 9.389294e-02 3.352408e-02 -1.246189e-01 1.407786e-01 -7.166215e-02 -3.363433e-01 -2.028489e-01 -4.490295e-02 -1.102700e-01 1.029765e-01 1.876375e-01 9.461950e-02 6.906819e-02 -7.152891e-02 -5.102421e-02 -1.223905e-01 -7.026055e-02 1.006613e-01 1.008800e-01 -1.163060e-01 -3.567793e-02 
-2.110748e-01 2.034263e-02 4.063693e-02 -1.226209e-01 -8.088136e-02 9.862986e-02 4.656006e-02 1.819690e-01 -1.994629e-01 1.960006e-01 6.626050e-02 -9.062952e-02 -2.230909e-01 -1.564491e-01 -1.096329e-01 2.574367e-02 -8.718454e-02 -7.961731e-02 -1.172237e-01 1.872951e-01 8.272971e-02 4.012681e-02 -1.994049e-02 -2.517481e-01 2.164584e-01 -7.768297e-02 6.060669e-02 8.164092e-02 1.856234e-01 -5.255221e-02 -8.811481e-03 9.241729e-02 3.276625e-01 -4.445515e-02 1.914921e-01 1.221546e-01 1.141960e-01 -5.023516e-02 -1.277200e-01 -8.894940e-02 -1.667226e-01 3.279954e-02 -1.376404e-01 -1.836646e-01 2.361697e-01 4.065253e-02 -4.773953e-02 3.365213e-01 9.892336e-02 
-2.266208e-01 -4.704418e-02 -2.923085e-01 -1.849888e-01 7.179621e-02 1.312093e-01 -8.248317e-02 2.950274e-02 2.225479e-01 3.419846e-02 1.545247e-01 1.537445e-01 -2.655022e-01 1.932898e-02 3.758630e-02 -3.856644e-02 1.394169e-01 -8.143403e-02 7.008821e-02 3.230094e-03 -2.358492e-01 -2.274199e-01 7.256843e-02 1.450535e-01 1.266243e-01 1.446888e-01 -1.441726e-01 9.248342e-02 -3.421063e-02 1.018185e-01 -2.215797e-01 -7.696523e-02 -1.246898e-01 5.570123e-02 -5.819591e-02 2.203881e-01 -1.100930e-01 -5.242348e-02 1.069979e-01 -1.696509e-01 9.347898e-02 -1.083826e-01 -1.236970e-02 -1.823804e-01 1.374678e-01 1.470223e-01 -2.994901e-01 -1.041359e-01 8.108803e-02 
-1.995823e-01 1.289498e-01 -7.635714e-02 1.399573e-01 -1.299538e-01 7.900825e-02 1.142892e-01 2.390086e-01 5.231476e-02 3.563675e-02 -6.020565e-02 -2.110139e-01 3.729142e-02 1.340061e-01 1.978545e-02 1.489061e-01 -1.116794e-01 1.155980e-01 1.234327e-01 3.344842e-02 -2.026872e-01 1.056996e-01 -5.589622e-02 -1.742846e-01 -1.033690e-01 -1.701651e-01 4.355326e-02 -1.413223e-01 -3.588838e-01 3.113658e-02 -2.052424e-02 -8.298105e-02 5.557539e-02 7.776013e-02 -7.048466e-02 -5.458936e-02 3.999804e-02 5.128570e-02 -1.602673e-01 -1.209360e-01 3.622097e-01 -3.573667e-01 -1.100128e-01 2.910996e-03 -5.213947e-02 -1.862243e-01 -1.058979e-01 7.358745e-02 1.324149e-01 
-2.167957e-01 4.469183e-02 -4.453252e-02 7.666552e-02 8.514099e-02 1.983546e-01 -2.279829e-01 1.647972e-01 -1.285997e-01 -8.737253e-03 -2.217990e-01 2.606717e-01 -4.193988e-02 -5.855022e-02 -1.274560e-01 1.913062e-01 5.758258e-02 7.199825e-02 5.506368e-02 -1.194665e-02 1.694193e-01 9.916697e-02 9.806536e-02 2.729425e-01 -1.167250e-01 1.548920e-01 -1.322952e-01 6.968132e-02 -1.168543e-01 2.218600e-01 1.693885e-02 3.009807e-02 -1.345542e-01 -4.088030e-02 2.609920e-01 -2.739530e-01 -1.237250e-01 -7.954939e-02 -2.552901e-02 3.313904e-02 -2.274198e-01 -8.694061e-02 -2.417607e-01 4.071229e-02 -1.051240e-01 -1.499243e-01 1.503627e-02 1.555678e-01 5.988935e-02 
-1.516389e-01 6.722030e-02 1.780301e-01 1.601011e-01 -1.596849e-01 9.886427e-02 -2.209891e-01 1.371798e-01 5.251561e-03 -1.465447e-03 1.401313e-01 -5.557854e-02 2.603524e-01 4.090053e-02 5.121810e-02 -1.195494e-01 1.199612e-01 3.525885e-03 6.284789e-03 -2.431794e-01 9.336298e-02 2.495569e-01 9.553140e-02 -6.113308e-02 5.719614e-02 -1.003837e-01 -1.274877e-01 1.111385e-01 -7.061993e-02 -2.463645e-02 -3.229135e-01 -1.086956e-01 -1.836058e-01 -1.010107e-02 2.184548e-01 1.560157e-01 1.570089e-01 -1.283479e-01 -2.984887e-02 -1.557730e-01 -8.251168e-02 -7.028670e-02 3.784989e-01 -4.587444e-02 1.131568e-01 7.400890e-02 1.217655e-01 1.203361e-02 -1.396673e-01 
-2.091458e-01 1.626863e-02 -2.662390e-02 1.507401e-01 1.649333e-01 -2.430466e-01 2.561339e-02 -1.696389e-01 -9.121462e-03 -1.970230e-01 7.773661e-02 -2.841164e-02 -1.274073e-01 9.232418e-02 4.923625e-03 -1.943905e-01 8.072767e-02 1.750052e-01 3.213612e-02 1.071129e-01 1.512915e-01 4.152269e-02 1.037756e-01 2.027454e-02 1.646164e-01 6.195628e-02 2.374782e-01 -2.229598e-01 -1.059117e-01 3.104169e-01 -6.819592e-02 -2.172547e-01 3.380547e-02 -1.876778e-01 -8.565200e-02 -1.456062e-02 1.233129e-01 -1.976152e-01 -3.607392e-02 -9.390851e-02 7.479360e-02 1.891712e-01 4.106899e-02 2.070466e-02 -2.137907e-01 1.766397e-01 1.083944e-03 2.969426e-01 9.873782e-02 
-1.156344e-01 -7.469819e-03 6.419432e-02 -6.690560e-02 -2.171863e-01 -1.062030e-02 1.282819e-01 1.801158e-01 -1.669146e-02 -1.023064e-01 -2.651869e-01 1.177610e-01 -1.146736e-01 2.670352e-01 1.749771e-01 1.627666e-01 1.354325e-01 -1.242055e-02 -8.646713e-02 -1.872115e-01 1.527557e-01 2.976566e-02 -2.716999e-02 -8.673304e-02 2.677697e-02 1.861330e-01 -1.883556e-01 -1.356494e-01 -1.213221e-01 5.053057e-02 1.554965e-01 -2.563983e-02 1.496515e-01 2.119329e-02 -1.176287e-01 2.811904e-01 9.636957e-02 1.047256e-01 2.342314e-01 1.995547e-01 -5.304573e-02 4.770369e-02 5.089377e-02 2.897864e-01 1.213628e-01 1.401196e-01 -1.506805e-01 1.470343e-01 -1.393053e-01 
-6.227224e-02 -5.852007e-02 1.588671e-01 7.907192e-02 1.407307e-03 1.233548e-01 2.144614e-02 -1.899790e-01 -1.998067e-02 -1.416642e-01 -2.210128e-01 -6.412323e-02 -9.593938e-02 -3.428517e-02 -2.149639e-02 -2.402989e-01 1.043965e-02 4.715895e-02 -2.059911e-01 -4.251274e-02 9.043183e-02 -3.038671e-02 1.196585e-01 -4.162594e-02 -1.961804e-01 -4.853906e-02 -9.342414e-02 -2.867386e-01 2.358086e-01 -5.169446e-02 -1.006913e-01 1.380287e-01 -2.304529e-01 2.137716e-01 1.195923e-01 3.580000e-02 2.505242e-01 2.208578e-01 -2.050358e-01 -9.985356e-02 -2.853571e-02 -1.185014e-01 -1.633096e-01 3.810093e-02 -5.144541e-02 1.719848e-01 -2.819705e-01 -9.945568e-02 1.841095e-01 
-2.182263e-01 -3.525461e-02 -9.067507e-02 3.425170e-03 3.051835e-01 -1.155092e-01 1.565179e-01 1.008991e-01 1.377840e-01 -1.906039e-01 4.552388e-02 2.262720e-01 1.848774e-01 1.414627e-01 -1.517913e-01 -1.759126e-01 1.627429e-01 4.377479e-02 1.959349e-01 -1.114132e-03 5.681384e-03 -8.202613e-02 -1.900644e-01 -1.361437e-01 8.398995e-02 5.148615e-02 1.184983e-01 1.217374e-02 6.696227e-02 -3.138795e-01 -8.090290e-02 -4.832208e-02 7.154332e-02 -5.634530e-02 1.711509e-01 -1.310476e-03 -3.287111e-02 1.585731e-01 -2.126154e-01 2.501188e-01 -1.200376e-01 -2.760608e-01 -1.122897e-01 6.693067e-02 3.728105e-02 7.998190e-02 6.085073e-02 8.956799e-03 -1.735836e-01 
-1.022917e-01 -7.604057e-02 -2.012507e-02 5.756604e-02 -2.146245e-01 1.511813e-01 -1.277438e-01 2.104299e-01 9.835741e-03 -1.351720e-01 1.013331e-01 1.994294e-01 1.032660e-01 1.460762e-01 -2.674873e-02 2.357010e-02 3.936555e-02 7.305041e-02 2.433250e-02 6.802412e-02 3.619287e-03 -2.078804e-01 1.982963e-01 -2.101390e-01 2.326222e-01 -1.966004e-01 2.290176e-01 2.106096e-01 8.485540e-02 3.229415e-02 2.546455e-01 1.405260e-01 -2.916734e-01 1.174800e-01 -1.822408e-01 -2.643233e-01 6.152762e-02 1.500736e-01 1.678402e-02 1.049882e-01 4.074139e-02 1.375798e-01 1.063995e-01 1.525315e-02 1.601459e-02 1.266051e-01 -1.701388e-02 3.881314e-02 1.944959e-01 
-2.155383e-01 -2.479772e-02 1.497281e-03 -2.323518e-01 -1.456035e-01 -8.636386e-02 -1.400641e-01 -4.317212e-02 -5.603067e-02 -1.233482e-01 -1.288063e-01 -2.639828e-01 1.312085e-01 2.130812e-01 6.840060e-02 2.242563e-01 -5.896266e-02 3.904748e-02 2.476286e-01 8.238815e-02 -3.854503e-02 -1.497144e-01 -1.952782e-02 1.103698e-01 -6.415960e-02 2.243838e-01 -1.188372e-01 -1.218558e-01 6.851067e-02 -2.989030e-01 3.493514e-02 5.703858e-02 -5.477226e-02 1.298022e-02 4.241300e-02 -1.133843e-01 3.109681e-02 -1.024131e-02 -3.703392e-02 -2.659896e-01 5.451652e-02 1.759317e-01 -1.065513e-01 -1.831509e-01 2.664865e-03 2.747536e-01 2.920460e-01 4.828379e-02 -4.583730e-02 
-9.586082e-02 -1.540328e-01 2.073688e-01 -1.232038e-01 -3.531380e-02 -1.272886e-01 -1.016092e-01 -3.611657e-02 -7.608501e-03 -1.936158e-01 -7.731534e-02 1.036352e-01 -2.439894e-02 -5.272285e-02 2.085981e-01 9.510657e-02 5.157008e-02 1.164768e-01 5.179214e-02 1.137564e-01 -1.853755e-01 3.104401e-01 -1.359590e-01 6.469399e-02 2.815944e-01 -1.548358e-01 -3.927799e-03 7.656463e-03 2.601851e-01 2.962171e-02 6.080865e-02 2.847386e-01 -1.491678e-02 1.682873e-02 2.266464e-01 6.678624e-02 -2.047087e-01 -1.882296e-01 -1.125562e-02 1.850762e-03 3.098893e-01 -3.904227e-02 2.152952e-02 9.388154e-02 -1.596318e-01 -6.978181e-02 -1.927927e-01 -2.384593e-02 -1.376884e-01 
-4.975987e-02 -1.050031e-02 -1.195838e-02 1.217654e-01 -1.861467e-01 6.224824e-02 2.822940e-01 -1.536956e-02 2.654956e-01 2.199438e-01 1.505202e-03 1.530830e-02 -4.864144e-02 4.354340e-02 -1.617297e-01 7.530105e-02 2.119940e-01 -5.327475e-02 2.086143e-01 2.673346e-01 1.213974e-02 1.114779e-01 -2.111113e-01 2.045169e-01 -1.149848e-01 -2.209082e-02 -7.122276e-03 6.891216e-02 3.949267e-02 8.538040e-03 1.561605e-02 1.879358e-01 -1.846671e-01 -4.776733e-02 5.817855e-02 1.646336e-01 4.310216e-01 -1.667092e-01 4.419293e-02 2.264647e-01 9.084885e-03 1.185217e-01 -4.160262e-04 -9.035623e-02 -1.376820e-01 -6.950648e-03 7.238594e-02 -3.557509e-02 9.936500e-02 
-6.937099e-02 6.963649e-02 3.609721e-02 2.790211e-01 -6.779077e-02 -7.802568e-02 2.817696e-01 -7.855802e-02 -1.725852e-01 -1.071998e-03 -2.956582e-01 4.750057e-02 1.378810e-01 -1.401996e-01 -1.684971e-01 1.609266e-01 2.819246e-01 -9.666804e-02 -4.805969e-02 1.770879e-02 3.108478e-02 -7.088573e-02 5.724787e-02 2.548405e-01 2.817516e-01 -1.021908e-01 7.369532e-02 8.736462e-02 -4.075465e-02 -1.274126e-01 -1.107798e-01 -1.754453e-01 3.860346e-02 1.903925e-03 4.633223e-02 2.394786e-02 -1.254519e-01 3.114181e-01 2.722948e-02 -2.091456e-01 1.612057e-01 2.142779e-01 1.308465e-02 -9.907636e-02 9.665569e-02 -7.666584e-02 -9.620700e-02 -7.077778e-02 -1.513469e-02 
-2.140682e-01 1.904830e-01 6.194361e-02 1.543778e-01 1.376433e-01 -2.320042e-01 5.893673e-02 -1.358523e-01 -4.981806e-02 3.038124e-01 -7.058799e-02 2.094403e-01 -1.247720e-02 1.599992e-01 9.563828e-02 -2.017154e-01 -1.360530e-01 -9.666748e-02 2.190896e-01 -2.354563e-01 -3.041403e-02 -5.753428e-02 -7.536747e-02 -1.450950e-01 1.036443e-01 8.010044e-02 -2.245540e-01 -7.295234e-02 1.660401e-01 1.951975e-01 7.730468e-02 1.948925e-01 3.331367e-02 1.393421e-01 7.425362e-02 -9.499928e-02 6.688012e-03 8.187747e-02 1.273358e-01 -4.844027e-02 1.237235e-01 3.416645e-02 8.275082e-02 -7.119121e-02 1.280550e-01 -1.794373e-01 2.006441e-01 -3.663745e-02 2.292127e-01 
-6.987724e-02 -2.113078e-01 2.885575e-02 -4.438314e-02 -2.544080e-01 -1.819648e-01 1.952696e-01 -1.214148e-02 4.338487e-02 -4.353374e-02 7.776576e-02 1.342100e-01 7.324531e-02 1.419598e-01 6.351495e-02 1.360392e-01 -2.996500e-01 -3.652879e-02 -1.890157e-01 -2.536309e-02 1.445542e-01 5.361175e-02 -1.344474e-01 1.700621e-01 1.245181e-01 1.438738e-01 1.355394e-01 -9.481707e-02 -1.358104e-01 6.223987e-02 -1.275769e-01 1.378750e-01 -8.423953e-02 -1.346526e-01 -5.199443e-02 7.011065e-02 -1.950194e-01 -1.130623e-02 -3.229947e-01 -3.320042e-02 -2.546555e-01 -9.192678e-02 1.218848e-01 -5.935223e-02 9.442962e-02 -5.080444e-02 1.020322e-02 -1.966496e-01 3.127907e-01 
-2.194114e-01 -6.731215e-02 8.605694e-02 -3.033199e-01 2.461501e-01 -2.623993e-02 1.143984e-01 8.294080e-02 -2.981521e-01 2.187516e-01 -9.524413e-02 -7.472725e-02 6.656466e-02 9.152736e-03 -1.830844e-01 5.119333e-02 5.166985e-02 6.133668e-02 5.366072e-02 -8.160379e-02 -1.190358e-01 2.727129e-02 -1.959795e-01 -4.562211e-02 -6.332367e-02 -1.442202e-01 1.757038e-01 -9.702586e-02 7.019628e-03 2.010120e-01 4.909255e-02 6.864387e-02 -2.799952e-01 -9.371017e-02 -2.665765e-01 -2.501407e-02 9.643091e-02 8.778425e-03 5.343250e-02 -2.015910e-01 -2.324682e-01 4.213068e-03 1.166828e-01 2.554422e-02 1.203534e-02 -2.590211e-02 -1.426752e-01 -1.313618e-01 -2.684750e-01 
-7.715728e-03 -2.511323e-01 5.126982e-02 -9.343715e-02 -4.149182e-02 7.515070e-02 7.255283e-02 -8.288433e-02 1.955564e-02 2.971563e-01 7.162553e-02 1.900282e-01 6.862351e-02 -5.159072e-02 -8.000446e-02 -3.979952e-02 3.001994e-01 1.546162e-01 -1.025710e-01 2.918051e-02 1.597638e-01 1.103197e-01 3.282530e-01 -1.327874e-01 1.330127e-01 9.492493e-02 -1.023478e-01 -5.692559e-02 -1.121566e-01 -8.597140e-02 5.127061e-02 1.709475e-01 1.608390e-01 -8.169939e-02 -1.986640e-01 -1.409877e-03 8.137421e-03 -6.775905e-02 -8.361696e-04 -2.412756e-01 1.368412e-01 -2.192370e-01 -1.872756e-01 1.030206e-01 -1.274984e-01 6.626754e-02 2.772150e-01 -1.861587e-01 -2.241412e-02 
-1.481936e-01 1.243971e-01 3.002131e-01 -8.660947e-02 -9.985043e-02 1.535458e-01 -6.533429e-02 -2.156593e-01 -1.144889e-01 2.562991e-02 7.983015e-02 -2.601401e-01 -5.560406e-02 -4.891583e-02 1.029020e-01 -1.156589e-01 3.028027e-01 -1.857266e-01 -3.053944e-02 -3.296980e-01 -1.661770e-01 3.676967e-02 -1.143202e-01 1.040048e-01 3.995432e-02 1.626425e-01 1.920015e-01 1.834414e-01 -7.368125e-02 4.910660e-02 1.395858e-01 -1.090480e-02 -3.872540e-02 -1.974056e-01 -8.681500e-02 -3.724955e-02 -8.811051e-02 4.706624e-02 -1.373583e-01 2.684521e-01 8.409331e-02 -1.128230e-01 -1.891921e-01 -3.190136e-02 2.942433e-02 8.816572e-02 6.448802e-02 2.156187e-02 1.687962e-01 
-2.032303e-01 -4.618277e-02 -4.889334e-02 -1.069520e-01 9.401894e-02 1.625640e-01 2.539606e-02 2.384671e-01 -8.922921e-02 1.918009e-01 1.895087e-01 -4.840494e-02 7.167068e-02 1.526312e-01 -1.158336e-01 -6.401768e-02 -1.240575e-01 -1.469208e-01 -3.098620e-01 6.434217e-02 4.109308e-02 -2.005693e-03 1.020945e-01 1.631471e-01 -6.312944e-02 1.683129e-01 8.154409e-02 -2.174605e-01 2.008197e-01 -5.294832e-02 9.084401e-03 -1.849302e-01 -8.812691e-02 -4.985687e-02 1.775094e-01 -5.901829e-03 -2.972191e-02 -1.259952e-02 -4.221440e-02 1.701952e-01 4.126149e-01 2.106914e-01 6.170542e-02 2.370896e-01 2.472621e-02 -1.186820e-01 6.348117e-02 -1.143594e-01 -3.767723e-02 
-2.080167e-01 6.784318e-02 1.893570e-01 -1.746035e-01 -6.324062e-02 -9.023274e-02 -1.115038e-03 -2.561873e-01 1.424354e-02 -1.529022e-01 -1.331141e-01 1.113630e-01 -8.578758e-02 -3.152591e-02 -1.544165e-01 7.038971e-02 -2.486291e-01 -1.632874e-01 -9.665699e-02 1.980424e-01 -4.920405e-02 -1.165866e-01 4.339214e-02 2.530714e-02 4.164003e-02 -1.348268e-01 -1.871193e-01 2.706684e-01 4.287967e-02 -4.601149e-02 5.605236e-04 -3.009969e-01 2.798072e-02 -1.853648e-01 -5.503034e-02 -1.401502e-01 2.656958e-01 -8.644020e-02 1.110203e-01 -9.297253e-03 3.787709e-02 -3.017479e-01 1.229323e-01 2.526060e-01 7.749529e-03 -2.518176e-02 8.266095e-02 -8.776491e-02 6.246781e-02 
-1.303632e-01 7.050491e-02 4.295985e-03 -6.519014e-02 -1.773980e-01 -1.107392e-01 -4.723401e-02 -7.666602e-03 3.449519e-01 3.332416e-03 -1.120798e-01 -2.074402e-02 -1.517693e-01 1.105388e-01 -6.355088e-02 -9.931552e-02 1.968118e-01 -1.230488e-01 -1.682040e-01 7.614010e-02 -7.209245e-02 1.400649e-01 1.805548e-01 1.147450e-01 -2.352904e-01 3.964440e-02 2.347189e-01 -1.039249e-01 1.750088e-01 3.592701e-03 -6.215659e-02 1.543939e-01 1.867174e-01 1.550705e-02 -1.067978e-01 -3.017519e-01 -1.100019e-01 1.394472e-01 7.170347e-02 -4.686861e-02 -8.073885e-02 -1.359663e-01 2.830611e-01 -1.640742e-01 7.120768e-02 -1.686802e-01 2.287981e-02 1.626368e-01 -1.946323e-01 
-7.846337e-02 -5.145539e-02 1.994415e-01 9.621876e-02 2.399816e-01 1.194794e-01 9.690205e-02 3.127901e-02 9.644026e-02 -1.855224e-01 1.257225e-01 -4.604455e-02 -1.652851e-01 1.105593e-01 -9.828425e-02 1.324036e-01 2.133969e-01 7.582456e-02 -3.068535e-01 -1.125705e-01 -2.973256e-02 -1.383620e-01 -2.729792e-01 -1.097776e-01 -1.805276e-02 -8.031824e-02 -2.700733e-01 -1.066797e-02 -1.495865e-01 -1.994348e-01 -1.258270e-01 1.443499e-01 9.187402e-02 6.312307e-02 -8.499328e-02 -2.979300e-01 -3.664681e-02 -2.782757e-01 -1.616836e-03 -4.666630e-02 -6.053265e-03 2.496605e-01 8.542519e-02 -1.161746e-02 3.414058e-02 -1.117124e-01 -1.275608e-02 -2.119384e-02 1.214620e-01 
-1.019870e-02 -3.205143e-01 -1.611961e-01 2.272472e-01 2.220013e-03 -7.453152e-02 -1.094226e-01 -6.057397e-02 -1.131976e-01 -9.577015e-02 6.574921e-02 -1.720660e-01 1.116553e-01 6.479928e-02 -2.903081e-01 1.589712e-01 1.003636e-01 2.000813e-02 9.022082e-03 -5.593436e-02 6.380179e-02 -1.525249e-01 -8.470360e-02 1.917285e-02 -2.621275e-01 -5.187429e-02 -1.876528e-01 1.753436e-01 2.485299e-01 3.579501e-01 4.461218e-02 1.394631e-01 1.860379e-01 -1.229636e-01 -5.988964e-02 1.387556e-01 -8.401097e-02 6.761163e-02 -1.570209e-01 9.740742e-03 1.901860e-01 -1.357482e-01 1.344742e-01 4.694297e-02 1.206394e-01 1.163524e-01 2.618554e-02 7.961261e-02 3.263519e-04 
