-2.092711e-01 -2.024552e-01 -2.621702e-01 4.807845e-02 -1.322187e-02 -9.389001e-02 -6.734645e-02 -1.017076e-01 -2.866231e-01 -1.015425e-01 1.045345e-01 -2.513753e-01 1.526138e-01 -1.351983e-01 -1.233666e-02 1.052929e-01 2.316424e-01 2.341919e-02 -5.999943e-02 -9.640427e-02 1.215081e-01 2.367742e-01 8.190628e-02 2.342997e-01 9.185656e-03 3.799025e-02 -4.424976e-02 -5.920526e-03 2.456576e-01 8.251486e-02 5.683030e-02 5.194989e-02 9.923559e-02 -1.458066e-01 3.598344e-03 6.094759e-02 -1.605368e-01 -3.727998e-02 -1.691019e-01 4.716235e-02 -6.135644e-02 8.149846e-02 3.442493e-01 8.146376e-03 1.760119e-02 -1.578633e-01 1.820415e-01 1.468707e-01 1.517852e-01 
-1.826563e-01 -1.720647e-01 3.601189e-02 1.765074e-01 5.033719e-02 1.813898e-01 -2.628683e-01 -1.711176e-02 -2.383086e-01 -3.953610e-02 -8.929098e-02 -3.337726e-01 2.085250e-01 1.120366e-01 1.236764e-01 -1.102188e-01 -2.821652e-01 9.379368e-02 -1.841390e-02 1.314519e-01 1.282898e-01 -1.407518e-02 -4.877048e-02 4.082363e-02 -1.144039e-01 -1.844843e-01 -5.628203e-02 9.981145e-02 -1.093357e-01 -1.602621e-02 3.778794e-02 -6.565261e-02 -3.610879e-01 -2.981554e-02 1.230670e-01 -3.271990e-02 -6.479122e-02 1.593586e-01 -1.749455e-02 4.271482e-02 2.175697e-03 5.706940e-02 -1.569849e-01 8.269683e-02 3.321207e-03 -7.587230e-02 -1.308241e-01 -2.223262e-03 -3.110594e-01 
-5.515087e-02 1.626675e-01 -7.142573e-02 1.323001e-01 1.000384e-01 2.535343e-01 -8.208129e-02 1.215894e-02 1.487401e-01 1.685138e-01 -1.185565e-01 -4.325354e-02 -2.774378e-01 2.062040e-01 -8.878617e-02 -1.583647e-01 -1.478145e-02 2.161330e-01 9.522492e-02 -2.240702e-01 6.636949e-02 -3.127449e-02 1.113818e-01 1.706363e-02 -1.924152e-01 2.575082e-01 1.641590e-02 6.590894e-02 2.148149e-01 8.033988e-02 -1.054050e-01 -4.996651e-02 2.314132e-01 -7.698035e-02 2.937090e-01 2.382683e-01 2.192599e-03 1.457578e-01 1.110368e-01 1.561909e-01 5.708374e-02 1.619545e-01 3.057413e-02 6.217489e-02 -5.205953e-02 -1.445599e-01 -8.897806e-02 1.475336e-01 -3.616997e-02 
-1.804586e-01 -8.928112e-02 -8.322294e-02 -2.051409e-01 2.804925e-01 3.339383e-02 2.776389e-02 -1.064461e-01 8.486071e-02 1.778745e-01 -7.558062e-02 7.477748e-03 1.921521e-01 -8.808320e-02 8.430087e-02 -1.513018e-01 -2.737554e-02 9.350923e-02 -4.895277e-02 -2.449640e-01 -1.065095e-02 1.295939e-02 2.201851e-01 -1.387532e-01 2.040697e-01 -1.661403e-01 3.044995e-01 -1.060009e-01 -2.595170e-02 -1.664667e-01 -2.265034e-01 1.469807e-01 -3.363918e-02 -6.571699e-02 1.944092e-01 1.102160e-01 -3.077130e-02 -2.349022e-01 6.586363e-02 -1.030858e-01 -5.878988e-02 -1.797657e-02 1.623650e-01 -1.906844e-01 1.022659e-01 1.675650e-01 -3.650408e-02 -9.756973e-02 -2.061336e-01 
-1.623671e-01 -7.632545e-02 9.680083e-03 1.553694e-01 -2.933508e-01 -8.492811e-02 2.270430e-02 -1.090972e-01 1.221494e-01 -5.453513e-02 -9.395083e-02 1.098406e-01 6.498934e-02 -9.161848e-03 -1.147910e-01 2.136121e-01 -8.314485e-03 2.625581e-02 -1.132488e-01 -2.696458e-02 -2.566484e-01 -1.769416e-01 1.248261e-01 3.230742e-02 2.484542e-01 9.118045e-02 -9.958295e-02 -9.288856e-02 -3.886932e-02 5.889140e-02 2.842298e-02 9.262215e-02 -3.328991e-03 2.737300e-01 7.987262e-02 1.489448e-01 1.276540e-01 3.648683e-01 -3.311691e-02 -1.532129e-02 -1.576997e-01 2.070313e-01 1.745022e-01 -3.231219e-02 1.362716e-01 -9.112293e-02 7.919173e-02 -1.210361e-01 -3.219393e-01 
-1.069140e-01 2.212281e-01 -4.963880e-02 -2.307401e-01 2.545450e-02 -1.202830e-01 3.773535e-02 -1.806249e-01 -1.818556e-01 2.295301e-01 -1.929564e-01 -2.573702e-02 2.237949e-02 -3.497307e-02 -1.300804e-01 1.854282e-01 -1.549334e-01 1.613090e-02 -7.368552e-04 -1.274352e-01 -2.438624e-01 -7.637428e-02 1.509914e-02 3.410175e-01 5.122707e-02 -7.051735e-02 5.603981e-02 2.610567e-01 9.927527e-02 -1.743347e-01 1.521388e-01 -1.113360e-01 2.957828e-02 -7.130041e-02 -5.831625e-03 -1.824812e-01 1.992183e-02 7.684344e-02 1.400758e-01 -1.287440e-01 3.441476e-01 1.110148e-02 -9.554204e-02 -6.937476e-02 -2.005466e-01 -1.013469e-01 1.116223e-01 -3.982437e-02 -4.738394e-02 
-6.174134e-02 4.470873e-02 -2.146135e-01 1.243914e-01 -1.711465e-01 2.403299e-01 -4.681835e-02 -1.586006e-01 1.538548e-01 2.348002e-01 -3.548626e-02 -1.285055e-01 1.598429e-03 8.031767e-02 -1.241938e-01 -2.411884e-02 -1.092328e-02 -1.061160e-01 1.778909e-01 1.509991e-01 1.540679e-01 4.069048e-03 1.683131e-01 -8.176533e-02 -6.489698e-02 -2.223374e-01 8.470501e-02 -1.344169e-01 -4.694038e-02 3.165665e-01 -2.931619e-02 -2.231716e-01 -8.674312e-03 1.999172e-01 -1.094997e-01 -1.659335e-01 1.809388e-01 -1.164062e-01 9.571231e-02 -3.153045e-01 2.944450e-02 -7.120697e-02 1.255301e-01 -7.002975e-02 -3.072049e-02 -5.367589e-02 2.620862e-01 8.992439e-02 3.206579e-02 
-2.458693e-01 -9.864161e-02 2.295130e-01 6.885308e-02 -2.130184e-02 2.368107e-02 -1.834806e-01 -1.749883e-01 -1.445137e-01 1.688056e-01 1.041529e-01 1.162826e-01 -9.135145e-02 1.104553e-01 -1.096569e-01 -2.144805e-01 3.249573e-01 4.475435e-02 6.606461e-03 1.090316e-01 -2.964530e-01 -9.249706e-02 -2.853019e-02 9.509982e-03 1.077295e-03 -2.446717e-01 -9.548977e-02 1.955718e-01 -1.428115e-02 -7.185064e-02 -2.534600e-01 -7.534063e-02 8.309273e-02 -1.717962e-01 -8.023592e-02 -8.268433e-02 1.669302e-01 -6.654720e-02 2.850064e-02 2.788557e-02 -2.911514e-01 7.896041e-02 -2.858324e-02 5.607156e-02 7.013257e-03 -1.200308e-01 -6.986893e-02 -1.492536e-01 1.876964e-01 
-2.254815e-01 4.331206e-02 -1.663079e-02 -3.211936e-02 4.335684e-02 3.888818e-02 -2.753181e-02 -2.631488e-01 -1.462241e-01 1.328955e-01 2.138075e-01 2.820252e-01 -2.542558e-02 1.140343e-01 -9.726855e-02 -1.186838e-01 -1.047447e-01 -8.809215e-02 -1.095722e-01 -7.224210e-02 1.730047e-01 -1.030602e-01 -7.707943e-02 -2.368462e-01 -1.368694e-01 -1.103649e-01 -1.759494e-01 -1.676964e-01 1.294878e-01 -8.865223e-02 3.033633e-01 3.779568e-02 8.977541e-02 1.411887e-01 1.500632e-01 -8.526030e-02 -2.745580e-01 1.501015e-01 -2.911136e-02 7.737125e-02 1.290391e-01 -1.106525e-01 -1.403757e-02 1.583515e-02 2.642867e-01 9.035496e-02 1.236824e-01 -1.605519e-01 1.162047e-01 
-1.234049e-01 6.632610e-03 -3.747855e-02 -7.239210e-02 1.780733e-01 1.860968e-01 9.490933e-02 1.385985e-01 -9.139682e-02 -9.460878e-02 -7.434012e-02 -4.415213e-02 7.827674e-03 3.517009e-02 -1.644351e-01 7.722880e-02 -9.833763e-02 -3.345791e-01 -3.563061e-01 -1.321701e-01 1.318910e-01 -1.042506e-03 1.090581e-01 -4.575524e-02 -1.120002e-02 7.547425e-02 -1.898169e-01 -2.988184e-01 -4.763694e-02 -1.650771e-01 -2.393250e-01 -1.564904e-01 4.179175e-02 -2.857619e-02 -1.511520e-01 -1.747089e-01 1.473636e-01 1.071310e-01 1.330067e-01 1.018431e-01 -5.364592e-02 7.738610e-03 1.550024e-01 1.322874e-01 -2.974935e-01 -7.017961e-02 -1.058486e-01 -1.335624e-01 2.163131e-02 
-6.109772e-02 1.681048e-01 -1.157226e-01 1.536559e-01 1.076541e-01 7.826394e-02 -4.664583e-02 -1.517546e-01 8.509050e-02 -1.779229e-01 -1.464286e-01 1.230034e-01 1.462403e-01 -1.226222e-01 3.444240e-01 -7.773310e-02 1.621213e-01 -9.668818e-02 2.298973e-01 2.625239e-01 -1.036737e-01 -1.087379e-01 1.107598e-01 -5.361860e-03 2.773352e-01 -4.735500e-02 -3.155142e-01 -1.138740e-01 9.079141e-02 -4.633137e-02 -1.670511e-01 -5.112479e-02 6.567379e-02 -1.090289e-02 2.324565e-02 5.611027e-02 -2.375236e-01 -5.523278e-02 1.399996e-01 1.345720e-01 2.623867e-01 1.529491e-02 -6.015999e-02 1.399226e-01 -1.409062e-01 1.072371e-02 8.860370e-02 2.698606e-02 -2.333894e-02 
-1.095428e-01 2.111470e-01 -1.110757e-01 1.601580e-01 2.167778e-01 -1.875203e-01 1.930407e-01 -1.871373e-02 -2.591108e-02 2.465081e-01 1.390306e-02 -1.387040e-01 -1.068769e-01 7.804255e-02 -3.071025e-02 2.079531e-01 1.176566e-01 1.050618e-02 1.903665e-01 -8.311654e-02 -6.783813e-02 2.138638e-01 2.731631e-03 -1.611545e-01 -1.238845e-02 3.780580e-03 -3.639069e-03 4.890777e-02 -8.064094e-02 -5.527524e-02 -1.732618e-01 9.851110e-02 -3.155961e-01 2.832488e-01 -1.619553e-01 -2.232595e-01 -6.979803e-02 1.636461e-02 -5.060014e-02 2.537697e-01 4.347996e-02 2.414129e-01 2.066494e-02 1.141833e-01 1.835709e-01 4.810707e-02 -1.047879e-01 8.209620e-02 4.939425e-02 
-2.126751e-01 -2.134700e-01 -6.363345e-02 -6.365246e-02 -1.371082e-01 7.075319e-02 2.780556e-01 2.801922e-01 -4.894377e-02 5.752668e-02 7.845725e-02 -8.470621e-02 -1.892856e-01 8.986769e-02 3.194813e-02 -4.897146e-02 2.257949e-01 -9.780825e-02 -1.968187e-02 -4.675848e-02 1.133222e-01 -1.472197e-02 -7.911043e-02 4.185757e-02 1.585424e-01 -3.689208e-01 6.995842e-02 1.237217e-01 4.339904e-02 -5.789849e-02 1.382527e-01 -8.462929e-02 4.155767e-02 1.715322e-01 -1.035100e-01 4.065895e-01 8.687735e-02 3.918437e-02 1.067848e-01 1.324762e-01 2.221360e-01 1.420994e-02 -8.464652e-02 1.082271e-01 -9.634182e-02 1.707490e-01 -7.916752e-03 2.055936e-02 -7.352355e-02 
-1.860075e-01 4.107009e-02 1.736737e-01 4.773323e-02 1.885170e-01 -1.444658e-01 -6.299825e-02 8.587782e-02 2.420392e-01 1.296527e-01 6.123730e-02 -2.291423e-02 2.006038e-01 -2.535075e-01 -1.590452e-01 7.663110e-02 8.618023e-02 -1.189562e-01 -8.917151e-02 1.763935e-01 7.472505e-02 -7.046562e-02 -4.547913e-02 5.597175e-02 -2.207491e-01 -4.241385e-02 4.728451e-02 -1.007719e-02 2.221432e-01 1.844987e-02 3.956358e-02 5.256615e-02 3.096509e-01 -1.294964e-02 -6.273931e-02 -1.091591e-01 7.192595e-02 -6.834746e-02 -8.074282e-02 -7.704412e-02 -2.342916e-05 5.787640e-02 -1.233005e-01 3.147640e-01 8.958679e-02 1.263553e-01 -7.163437e-02 2.290864e-01 -3.625799e-01 
-1.223214e-01 4.254994e-02 -6.398196e-02 -6.597520e-02 -8.324425e-02 2.352888e-02 -1.250854e-02 -9.345025e-02 4.621827e-02 -1.008883e-01 4.584297e-02 -2.669134e-01 -1.584999e-01 2.587821e-01 -1.089669e-01 -5.085381e-02 -2.685296e-03 -9.893923e-02 -4.065031e-02 7.494088e-02 -1.372093e-01 -1.147848e-01 1.826056e-01 1.196872e-01 -1.313107e-02 1.813307e-01 -2.080702e-01 -1.414181e-01 -2.797284e-01 -2.307504e-01 1.243308e-01 5.805791e-02 7.982913e-03 -1.156230e-01 1.249938e-01 5.827396e-02 1.236408e-01 -3.451642e-01 -2.988043e-01 -8.895925e-02 1.358613e-01 1.825841e-01 -9.624438e-02 4.503787e-02 1.042232e-01 2.667080e-01 5.992927e-02 9.594026e-02 2.899802e-02 
-1.616711e-01 -1.105280e-01 -1.105253e-01 -1.189362e-01 3.801003e-02 -7.057937e-02 -1.514654e-01 1.295440e-01 -6.509063e-02 -1.601439e-01 -1.648423e-03 -2.376816e-02 -1.461129e-01 1.899201e-01 -1.990334e-02 -1.328739e-01 1.905065e-02 2.304305e-01 -1.082572e-01 2.229866e-01 -1.047519e-01 -2.785835e-02 1.802409e-01 -6.740635e-02 1.079877e-01 1.981602e-01 -3.351928e-02 6.787485e-02 2.549208e-01 -4.123296e-02 -3.104899e-02 -5.316839e-02 6.107038e-02 2.475595e-01 -2.769461e-01 -1.787264e-01 -5.412579e-02 2.185812e-02 4.437569e-02 -1.234191e-01 1.434136e-01 -2.643996e-01 8.427645e-02 -2.285773e-01 1.215668e-01 3.946431e-02 -3.161464e-01 1.611235e-01 -7.784183e-02 
-2.155746e-01 -1.324914e-02 -1.402771e-01 1.188639e-01 -1.565014e-01 -9.051103e-03 4.422004e-02 -1.397771e-01 9.201115e-02 -1.541904e-01 2.979851e-01 -1.050093e-02 -7.853257e-02 1.135088e-01 6.607651e-02 1.155948e-01 -1.048037e-01 -1.088696e-01 2.286234e-01 -2.354266e-01 3.834569e-02 -1.150634e-01 -9.154783e-02 3.327911e-02 -8.465610e-02 9.175127e-02 -1.892675e-02 1.198905e-01 -1.529243e-01 3.185179e-02 4.490252e-03 2.259931e-01 9.256012e-02 -2.715882e-01 -2.586376e-01 -1.009038e-01 -7.772846e-02 -1.236518e-01 3.715621e-01 9.788566e-02 -9.184448e-02 -1.595113e-01 2.925807e-02 -7.210087e-02 -1.669993e-02 1.048350e-02 -4.240486e-02 -1.389209e-03 -2.907161e-01 
-1.630436e-01 1.069870e-01 8.729121e-02 2.223977e-01 -1.139880e-01 -2.171943e-01 9.854358e-02 1.938886e-01 9.536256e-02 1.957600e-01 6.870436e-02 -4.685353e-02 7.214547e-03 -2.542099e-01 1.833470e-01 -2.514311e-01 7.252785e-02 -1.226050e-01 -2.187707e-01 2.796374e-02 1.915210e-02 -4.255757e-02 1.773854e-01 1.641302e-02 -2.568817e-01 1.604212e-01 -1.758856e-01 2.421022e-01 -1.483683e-01 -1.684861e-01 2.603011e-02 -5.578528e-03 -1.834402e-01 1.083961e-01 1.792324e-01 3.366994e-02 -5.938831e-02 1.583119e-02 1.734110e-01 -1.054335e-01 -3.806187e-02 -1.411141e-01 1.573552e-01 -1.845060e-01 -1.234052e-01 5.462469e-03 1.137193e-01 8.713201e-02 8.233692e-02 
-1.362636e-01 -9.495510e-02 -7.945755e-02 -2.568487e-01 6.629518e-03 -5.778186e-02 5.031275e-02 1.373578e-02 2.784223e-01 4.455536e-02 -2.447177e-02 8.022462e-02 6.975245e-02 1.112937e-01 3.992999e-02 1.205773e-01 -1.344489e-01 2.814798e-02 -8.025954e-02 8.768885e-02 1.911439e-01 1.033907e-01 3.811080e-01 3.394648e-01 2.514098e-02 -8.623254e-02 -1.295143e-01 1.831209e-01 -1.272574e-01 2.553709e-01 -1.164353e-01 5.776657e-02 6.460035e-02 3.555252e-02 6.384013e-02 -5.905281e-02 -1.345219e-01 1.079167e-01 1.870246e-02 1.663715e-01 -1.921276e-01 -6.514016e-02 -2.946784e-01 4.607530e-02 9.019219e-02 7.802606e-02 -4.497876e-02 -7.758273e-02 2.314523e-01 
-6.595382e-02 3.060870e-01 2.078445e-01 -4.984963e-02 -2.520699e-01 8.763243e-02 -5.091513e-02 -2.231767e-01 -1.462229e-01 -2.173161e-02 -1.692584e-01 -6.148110e-02 1.340878e-02 -2.498471e-02 8.798076e-02 1.517821e-01 -2.443002e-01 -3.988670e-02 -2.056563e-01 5.959604e-03 1.007420e-01 9.659732e-02 -8.891076e-03 -2.916282e-01 6.217229e-02 -1.573669e-01 -8.817696e-02 2.605851e-01 2.094541e-02 6.499073e-02 -8.890909e-02 1.939886e-01 2.187534e-01 1.215620e-01 -8.236550e-02 1.696148e-01 3.736943e-03 -1.773827e-01 -1.397011e-01 9.941775e-02 -7.340686e-02 1.230781e-02 8.601133e-02 -8.612971e-02 -1.520210e-01 7.366099e-02 -1.264757e-01 2.390320e-01 5.466138e-02 
-1.038272e-01 -4.404525e-02 1.080060e-01 -1.193412e-01 3.075527e-02 1.697203e-01 -2.120273e-01 2.001320e-01 -1.838538e-02 -1.122151e-01 -1.861549e-01 6.847455e-02 -6.123993e-02 -7.027230e-02 1.484003e-02 2.001128e-01 1.295895e-01 1.958659e-01 -1.382012e-01 -1.260400e-01 -9.109683e-02 -2.312178e-01 9.986502e-02 -1.038276e-01 -7.285912e-02 -4.851297e-02 1.884302e-02 -5.440565e-02 -4.058760e-02 1.466789e-01 2.509428e-01 2.582295e-01 -2.177630e-01 4.294940e-02 -3.177310e-02 -6.804942e-02 -9.685025e-02 -2.054469e-01 3.582203e-01 -9.524746e-02 3.369723e-03 1.533076e-01 4.247233e-02 2.694754e-01 2.499866e-02 -3.210970e-02 8.223748e-02 1.161893e-01 2.125896e-01 
-9.225990e-02 1.591513e-01 7.980621e-02 7.867069e-03 -6.672362e-04 3.164822e-03 -8.633137e-02 2.288017e-01 2.317096e-01 -1.074487e-01 -7.105680e-02 -6.941606e-02 2.976418e-01 2.151721e-01 -1.782522e-01 -1.071233e-01 9.757257e-02 6.794240e-02 4.137796e-02 -2.682370e-01 1.382075e-01 1.776664e-01 -5.661382e-02 -2.285320e-01 2.751287e-01 5.618733e-02 -2.222503e-01 1.949220e-01 1.611428e-01 -1.397508e-01 8.704199e-02 -4.822310e-02 -7.264768e-02 -1.024413e-01 -1.352000e-01 -4.417591e-02 4.980770e-02 1.614203e-02 -3.633438e-02 -9.052659e-02 -9.358574e-02 -1.161562e-03 -2.168781e-01 -7.968687e-02 4.343475e-02 -6.057821e-02 3.390629e-01 -1.293127e-02 -6.390912e-03 
-4.349371e-02 2.445745e-01 1.297681e-01 -5.775196e-03 7.809286e-02 -5.483608e-02 -6.551009e-02 1.501528e-01 8.283647e-02 2.630362e-03 8.044489e-02 -1.986835e-01 -1.378808e-01 1.218474e-01 2.687955e-01 1.428805e-01 -9.073216e-03 6.320070e-02 -5.572938e-02 -1.453331e-02 2.003402e-01 -3.219219e-01 -3.092457e-01 2.253158e-01 3.003962e-01 -1.312995e-01 1.082313e-03 -3.996018e-02 2.359697e-02 1.485088e-02 -4.299129e-02 -1.776048e-01 7.129078e-02 -8.278497e-03 2.230762e-01 -2.325983e-01 5.707458e-02 2.352151e-02 6.724912e-03 2.949522e-02 -1.263867e-01 -3.686659e-02 2.800026e-01 -6.123737e-02 1.839766e-01 9.050676e-02 2.749786e-02 5.634890e-02 7.830764e-02 
-1.154133e-01 -5.385804e-02 -6.555097e-02 5.065890e-02 -2.175147e-01 9.188154e-02 1.157497e-02 1.547187e-01 2.084397e-01 -1.085520e-01 -7.080806e-02 -1.258702e-01 9.668776e-02 -1.962894e-01 -3.081293e-01 -1.206240e-01 -6.778584e-02 1.334463e-01 5.640708e-02 -1.253226e-01 -2.042265e-01 4.255859e-02 -2.368596e-01 7.383058e-02 3.516067e-04 -1.609244e-01 1.798727e-02 -1.082299e-01 -1.966860e-01 -1.062570e-01 -7.087701e-02 1.133316e-02 1.787389e-01 2.398076e-01 1.911588e-01 -1.790692e-01 -2.245115e-01 -1.879490e-01 -8.424729e-02 2.191493e-01 8.981020e-02 -1.904339e-01 -1.571080e-02 -8.494347e-03 -2.745228e-02 -2.392684e-01 -1.143408e-01 1.643656e-02 9.638587e-02 
-8.453614e-02 2.178219e-01 -1.490255e-01 -2.750912e-02 -7.870928e-03 -2.653896e-01 -2.384666e-01 5.551933e-02 3.707243e-02 -2.900400e-01 -1.002678e-01 1.822206e-01 -5.776820e-02 1.635414e-01 -1.797889e-01 -1.390362e-01 -2.269806e-02 -1.808210e-01 8.825479e-04 8.611158e-02 9.629770e-02 -7.723744e-02 4.121086e-02 -2.259619e-02 -4.442759e-02 -3.044237e-02 3.736641e-01 2.632608e-01 -1.119838e-01 2.513933e-02 -1.064403e-01 -3.719724e-02 -1.232271e-01 -2.771355e-03 2.366869e-02 8.984473e-02 -8.240609e-02 -1.644498e-03 -1.540565e-01 5.176483e-02 7.672033e-02 -8.501472e-02 2.685394e-01 3.221322e-01 -4.001820e-02 -1.461246e-02 1.139801e-01 -1.539161e-01 -3.448942e-02 
-8.274340e-02 2.547465e-01 8.937346e-02 -6.371001e-03 1.584726e-01 1.477346e-01 -1.672582e-01 8.163781e-02 -2.091843e-01 -1.886575e-01 2.085730e-01 2.285742e-01 -1.308916e-01 -1.562034e-01 1.766263e-03 1.360586e-01 1.420513e-01 9.619825e-03 7.079974e-02 -2.031433e-01 -1.118517e-01 1.430677e-01 2.497287e-01 1.076119e-01 -3.755961e-02 -9.766119e-02 -4.574556e-03 -7.488432e-02 -1.074801e-01 1.094656e-01 9.639653e-02 -2.347597e-01 -9.828484e-02 1.186382e-01 1.114928e-01 2.296386e-02 1.501872e-01 -5.895315e-02 -1.523144e-01 1.731218e-01 -1.113880e-01 -2.451539e-01 -1.447930e-01 -1.454102e-01 -2.345799e-02 1.262675e-02 8.914183e-02 1.707153e-01 -2.391688e-01 
-1.419191e-01 -5.810150e-02 -1.938520e-01 -7.622271e-02 7.945919e-02 -1.177082e-01 7.282310e-02 -1.146742e-01 -1.563498e-02 1.967396e-01 -3.128058e-01 2.206827e-01 -1.168022e-01 -5.881972e-03 -3.263720e-02 1.165563e-01 5.247115e-02 1.781259e-01 -8.734573e-02 1.901341e-01 2.136338e-01 9.620217e-02 -2.963451e-01 4.381876e-03 5.791104e-02 1.553770e-01 -2.198758e-01 -4.580702e-02 -1.512963e-01 -4.019080e-02 5.917262e-02 -5.024889e-02 -1.220830e-01 -7.301048e-02 4.070246e-02 1.779657e-01 1.985689e-01 -2.491772e-01 3.535275e-02 4.646048e-02 -9.545260e-02 -2.873989e-01 1.164234e-03 1.008568e-01 8.732811e-02 -2.436694e-01 1.282410e-02 6.348589e-02 -1.400293e-01 
-2.130395e-01 -6.333021e-02 -5.513595e-03 -1.185875e-01 -1.509796e-01 -2.309808e-01 1.605104e-01 -4.919956e-02 -1.266362e-01 -3.814597e-02 -1.386394e-02 -9.504798e-02 -3.259465e-02 -2.080378e-01 1.253566e-01 -2.146534e-01 -2.661732e-01 2.429182e-02 2.310910e-01 -1.534663e-01 -9.861026e-02 -1.279010e-02 1.012821e-01 -2.454563e-01 1.874602e-01 1.611551e-01 6.376881e-02 -6.064912e-02 5.237296e-02 1.102260e-01 1.302148e-01 -2.907771e-01 3.037852e-02 -5.903664e-02 9.426378e-02 -1.003663e-01 1.525515e-01 4.850376e-02 3.568302e-02 -1.055701e-02 -1.876253e-01 -4.368725e-02 -8.120236e-02 3.809184e-01 -6.576949e-03 6.127048e-02 -7.881050e-02 1.339924e-01 1.346856e-01 
-9.660573e-02 5.021606e-02 -9.117896e-02 -2.890022e-01 4.174224e-02 -9.594309e-02 -2.771133e-01 1.547244e-01 -5.492594e-03 9.750507e-02 6.119027e-02 1.040252e-02 2.301761e-01 1.107249e-01 8.068706e-02 -7.658741e-02 -4.168127e-02 3.486089e-02 1.147859e-01 1.634037e-01 -1.987073e-01 2.239078e-01 -1.801098e-01 -7.328029e-02 -1.174985e-01 -7.990908e-03 -2.360517e-02 -1.628974e-01 -2.656111e-01 3.634049e-02 3.503400e-02 1.488613e-01 1.623798e-01 -4.019023e-02 6.185244e-03 6.033516e-02 2.553204e-01 3.021666e-01 1.727932e-01 1.908863e-01 8.964602e-02 4.443301e-02 1.666525e-01 -9.347748e-02 -6.652059e-02 1.465419e-01 1.360149e-01 1.867047e-01 8.316949e-02 
-7.185245e-02 5.962970e-02 -6.514874e-03 -7.390336e-02 -2.451543e-01 1.666927e-01 -9.453173e-02 8.313203e-02 -1.789944e-01 4.079547e-02 5.173860e-02 1.191174e-01 3.216046e-02 -1.180919e-01 9.439420e-02 -8.010845e-02 -4.499843e-02 1.514660e-01 2.324276e-01 9.480860e-02 2.918883e-01 3.233451e-03 1.217025e-02 2.221762e-01 -2.688717e-02 2.238830e-01 1.071467e-01 -3.195570e-02 1.889225e-01 -2.984953e-01 -9.054829e-02 2.381953e-01 4.342387e-03 3.064802e-01 -2.300780e-02 -1.425084e-01 2.332161e-01 -1.382817e-01 -1.249541e-03 1.008310e-01 -1.020543e-01 1.166252e-01 -5.425766e-02 7.421731e-02 -1.008813e-01 9.366335e-02 1.330617e-01 -2.399295e-01 -1.537344e-02 
-1.381247e-01 2.089426e-01 -9.260838e-02 -1.723795e-01 -1.608027e-02 -1.472889e-01 2.589958e-01 4.166991e-02 -7.878797e-02 -1.226169e-01 -1.449203e-01 -2.013753e-02 2.119886e-01 1.120535e-01 9.102867e-02 -1.959991e-01 8.511714e-03 6.992141e-02 -4.049943e-02 -8.490409e-02 -1.116619e-01 -3.121844e-01 -1.557413e-01 9.319887e-02 -3.700071e-01 -3.400457e-02 -4.415519e-02 -1.904428e-01 1.796177e-01 2.869950e-01 -1.130409e-01 -8.472033e-02 -1.099564e-01 7.186150e-02 -1.822382e-01 1.377784e-01 -1.080370e-02 -1.394366e-01 -9.405417e-02 8.735251e-02 -1.215349e-01 1.215912e-01 -1.028861e-01 -2.005171e-01 9.308491e-03 -2.029536e-02 5.318634e-02 -6.310405e-02 -2.596584e-02 
-3.367890e-02 2.141913e-01 -1.307611e-01 -1.524204e-01 1.528930e-01 3.092319e-01 -2.321640e-02 -1.935108e-01 4.628736e-02 -9.447000e-03 -6.033961e-02 -2.072980e-01 3.105596e-02 -7.437650e-02 1.760813e-01 -2.057052e-01 2.666618e-01 -2.382916e-01 -8.507692e-02 -7.656732e-02 -9.331548e-02 8.196617e-02 -1.917783e-01 1.189135e-01 7.373026e-02 2.065788e-01 1.090010e-01 1.246530e-01 -1.586753e-01 6.968140e-02 2.269517e-01 1.161774e-01 7.525535e-02 2.312087e-01 -1.032468e-01 4.134288e-02 -3.498234e-02 1.522656e-01 -3.090286e-02 -1.805701e-01 -1.918329e-01 -9.466186e-02 -7.480687e-02 1.229801e-01 7.650484e-02 -6.614098e-02 -1.651323e-01 -1.245728e-01 1.225769e-02 
-1.972713e-01 6.360197e-02 3.821992e-02 3.116461e-01 1.024036e-01 1.797548e-01 1.522487e-01 -4.547807e-02 -1.281377e-01 -1.014230e-01 -2.107374e-01 4.917232e-02 -1.321500e-02 -2.000762e-01 -2.431057e-01 -4.507282e-02 -7.349306e-02 1.363332e-01 -5.770686e-02 1.443093e-01 6.635508e-02 -8.887822e-02 -6.121444e-02 1.111054e-01 9.276313e-02 1.128519e-01 2.775265e-01 -3.831077e-02 -1.699775e-01 -6.595266e-02 -5.914053e-02 -2.266930e-02 3.559533e-02 -1.636290e-01 -2.230113e-01 7.284944e-02 -7.177818e-02 2.105068e-01 5.829728e-02 4.995250e-02 -5.643630e-02 -3.605435e-02 -1.198546e-01 -1.506060e-01 1.510847e-01 3.053830e-01 1.777501e-01 1.752736e-01 2.086676e-01 
-2.217811e-02 1.994495e-01 -2.909755e-01 1.285983e-02 -7.506965e-02 2.139638e-01 4.711244e-02 2.255123e-01 4.530571e-02 2.172514e-01 3.608506e-01 2.115647e-01 -5.182137e-02 -4.386165e-02 9.174609e-02 -7.806041e-02 -2.820331e-01 1.976085e-01 -2.260902e-01 5.830089e-02 -2.043958e-01 6.063652e-02 -7.225283e-02 7.093847e-02 1.410643e-01 -6.920188e-02 -4.674079e-02 -2.403802e-02 2.165560e-02 -3.301955e-03 -8.314161e-02 3.623526e-02 -1.102284e-01 -1.563833e-01 -1.787309e-01 5.377243e-02 -1.689530e-01 6.224292e-03 -2.017118e-01 -1.933619e-01 -7.486082e-02 9.045636e-02 3.479153e-02 2.196569e-01 -5.763178e-02 -5.937250e-02 4.667161e-02 9.566671e-02 -5.064342e-02 
-9.949480e-02 1.199205e-01 -1.887781e-01 2.132435e-01 1.425402e-01 -1.194503e-01 -2.632490e-02 1.917792e-01 4.750375e-02 -6.274470e-02 -2.011482e-01 1.005713e-01 -7.347623e-02 -1.936071e-02 6.950000e-02 2.348757e-02 -1.281762e-01 -8.070263e-02 2.734915e-01 9.848267e-03 6.305490e-02 -4.286827e-02 1.487864e-01 3.201515e-02 -6.090467e-02 -3.183462e-01 -4.240922e-02 -1.107058e-01 3.001591e-02 -2.216020e-01 3.229211e-01 1.884724e-01 1.132920e-01 -8.918026e-02 -7.810925e-02 6.224922e-02 1.344717e-01 7.603966e-02 -1.433674e-01 -1.667919e-01 -1.913573e-01 5.807287e-02 2.534955e-02 -1.544170e-01 -2.859161e-02 -1.804436e-01 -2.936101e-01 -4.770414e-02 1.719259e-01 
-5.050915e-02 -1.672386e-02 -3.787326e-01 1.305611e-01 -1.583711e-01 1.295619e-01 -7.326162e-02 -1.903792e-02 1.350929e-01 5.436442e-02 -4.026793e-02 3.613552e-02 1.802904e-01 3.311088e-02 2.056807e-02 2.906402e-01 1.864664e-01 4.830638e-04 -1.151569e-01 2.918422e-02 -1.462062e-01 -9.080361e-02 -9.638101e-02 -1.740841e-01 -8.664835e-02 5.798418e-02 1.090764e-01 9.835965e-02 2.290246e-01 -3.069088e-02 9.297152e-02 -9.055217e-02 -1.542556e-01 -1.347354e-01 2.235492e-01 -1.099814e-01 1.086815e-01 1.686812e-02 -9.440585e-02 1.369332e-01 -9.608570e-02 -1.514109e-01 -7.772331e-02 -5.010442e-02 -2.171480e-01 3.718597e-01 -1.897056e-01 -7.903210e-02 1.162991e-01 
-2.710090e-02 -5.851330e-03 1.451178e-02 -7.672960e-02 -2.254832e-01 6.058136e-02 -3.639599e-01 1.637780e-01 1.390319e-02 2.846255e-01 -1.303949e-01 1.374697e-03 -1.895642e-02 -3.074115e-01 1.323005e-02 3.090090e-03 -1.117420e-02 -2.309294e-01 9.366890e-02 -2.038673e-01 6.412796e-02 -1.177589e-01 2.435158e-02 2.868374e-02 4.564943e-02 1.104583e-01 -1.152238e-01 -2.187185e-02 -7.107182e-03 1.259439e-01 -9.711252e-02 -9.389941e-02 -1.102233e-01 -1.918193e-01 -2.458449e-01 1.140978e-01 1.243956e-02 4.054979e-03 -1.518311e-01 1.253433e-01 2.546421e-01 -2.093520e-02 3.112362e-02 -8.903550e-02 3.341238e-01 3.677544e-02 -1.738167e-01 -1.394722e-01 5.021150e-02 
-4.794594e-02 8.551058e-03 -3.734287e-02 -1.325753e-01 -2.737042e-01 -9.180458e-02 -9.107667e-02 -3.564116e-02 1.128793e-01 -1.231083e-02 -2.537916e-01 5.739374e-02 -3.639694e-01 -4.624901e-02 1.565478e-01 -1.439154e-01 1.749621e-01 -5.513944e-02 -1.689923e-01 4.498038e-02 7.914648e-02 2.509620e-01 -3.352925e-02 -4.362332e-02 -2.322118e-02 -9.405443e-02 1.487308e-01 -1.853847e-01 -1.868923e-03 -6.433149e-02 9.254039e-02 -8.594047e-02 3.096690e-03 -1.704797e-01 -2.200574e-02 -2.953084e-01 -2.456502e-01 7.278733e-02 -4.324562e-04 8.781586e-02 -1.234123e-01 2.910460e-01 -1.235333e-01 -1.581439e-01 -7.873821e-02 1.667525e-02 7.383835e-02 6.190799e-02 -2.382431e-01 
-1.427648e-01 7.607376e-02 1.671972e-01 8.160431e-02 4.639976e-02 -7.630847e-02 3.013729e-02 2.149599e-01 -1.412689e-01 2.189052e-01 -8.627217e-02 -2.783259e-01 -1.618255e-01 6.546721e-02 3.508375e-02 1.104748e-01 5.997054e-02 1.240649e-01 5.910935e-02 1.164655e-01 -9.037851e-02 -4.825287e-03 9.558485e-02 -1.458889e-01 5.280471e-02 8.580034e-02 3.324240e-02 -1.713667e-01 -3.086592e-02 2.350076e-01 1.836937e-02 2.342788e-01 1.530645e-01 -1.159328e-01 -5.351006e-03 -6.534956e-03 -1.693625e-01 4.083313e-02 -1.865892e-01 -1.161245e-02 1.438655e-03 -3.172462e-01 -6.011769e-02 4.044498e-02 -2.371249e-01 2.492835e-02 1.785103e-01 -3.932199e-01 -9.627895e-02 
-1.988582e-01 1.098371e-01 2.579392e-01 5.059046e-02 -2.059146e-01 1.852447e-01 3.196140e-01 2.988900e-02 1.842629e-02 -1.286055e-01 -9.792678e-02 1.969721e-01 1.962969e-01 1.477369e-01 1.997069e-01 4.251353e-02 1.460545e-01 1.681640e-01 2.397711e-02 -3.949807e-02 2.776608e-02 2.935342e-01 5.408604e-02 7.062990e-02 -1.616709e-01 -1.269836e-03 3.832264e-02 -1.582675e-02 -8.579188e-02 3.851955e-02 7.323488e-03 -5.668407e-02 1.650956e-02 -1.935607e-01 4.565268e-02 -1.490263e-01 9.776155e-02 5.464198e-02 -8.317383e-02 -1.729646e-01 2.928451e-01 -4.024675e-02 2.234062e-01 1.199172e-01 1.773739e-01 7.929479e-03 -1.977675e-01 -1.090906e-01 -6.643611e-03 
-1.138729e-01 -5.040028e-02 -9.646863e-02 9.646252e-02 -3.626488e-03 -6.873007e-02 -1.525954e-01 1.468486e-01 -1.290944e-01 -1.311808e-01 -1.135430e-01 1.494188e-02 -1.453294e-01 1.558051e-02 9.672275e-02 2.285699e-01 -1.376133e-01 -1.458056e-01 3.247512e-02 -9.104104e-02 -1.591913e-01 2.835242e-01 -2.136358e-01 1.622555e-02 -1.696386e-01 -2.247729e-03 -7.890572e-02 4.378808e-03 7.640480e-02 -4.354318e-02 -3.085550e-01 -1.225486e-01 1.564298e-01 1.439879e-01 1.519586e-01 1.474362e-01 -1.040944e-01 -6.137188e-02 1.755777e-01 -3.998848e-01 -7.268340e-02 2.373121e-02 -1.630033e-01 2.842892e-02 1.986289e-01 1.861516e-01 9.111881e-02 -1.384730e-01 4.482543e-02 
-1.843110e-01 1.936953e-03 1.222848e-01 1.293107e-01 -8.533808e-03 -1.180243e-01 -1.808389e-01 -1.387495e-01 2.173128e-01 2.729592e-02 1.952668e-01 -7.040332e-02 8.699780e-02 1.036907e-01 2.902496e-01 2.068058e-01 -6.222688e-02 6.079942e-02 -1.973726e-01 4.078079e-03 -4.435007e-03 2.799852e-02 4.594495e-02 -4.182568e-02 -2.604392e-02 1.192240e-01 3.674171e-01 -2.012625e-01 -2.123180e-02 -1.887249e-01 4.440614e-02 -2.141955e-01 4.139990e-02 7.937857e-02 -1.832794e-01 2.047405e-01 3.839837e-02 -8.490148e-02 1.164109e-02 9.181633e-02 1.199960e-01 1.073888e-02 -2.097948e-01 -1.680534e-02 -2.003460e-02 -3.183560e-01 2.894776e-02 -6.272578e-02 2.009402e-01 
-8.048608e-02 2.501329e-01 -2.600302e-02 -2.090380e-02 -6.041601e-02 -1.772537e-01 -6.876028e-02 -2.070128e-01 1.187806e-01 -2.134215e-01 2.114844e-01 -1.737558e-01 -1.687660e-01 -2.407250e-01 -1.946951e-01 -8.948138e-02 6.967265e-02 1.709926e-01 -1.195742e-01 7.872396e-03 1.459489e-01 1.197705e-01 -7.063844e-02 2.646189e-02 6.298563e-02 -1.420015e-01 -8.173283e-02 -1.835537e-01 1.246888e-01 1.313469e-01 -1.429770e-01 2.274588e-01 -2.426737e-01 -8.815627e-02 1.055234e-01 8.961740e-02 2.278040e-01 1.439652e-01 1.462467e-01 -1.535782e-01 1.933405e-01 -3.250777e-02 -1.529163e-01 -1.176634e-02 -6.309825e-02 2.502243e-02 -1.683747e-01 -1.209957e-01 8.956169e-02 
-1.777786e-01 8.007912e-02 2.236404e-01 5.834901e-02 5.385158e-03 3.241608e-02 2.180925e-02 1.043332e-01 -1.899762e-02 9.128784e-02 6.394108e-02 1.056019e-01 7.907095e-02 1.455566e-01 -2.119690e-01 -5.347599e-02 -1.342025e-01 -3.366300e-01 7.206392e-02 2.253587e-01 -8.837211e-02 2.247902e-01 -8.943011e-02 1.643406e-01 2.452191e-01 1.671982e-01 1.123480e-01 -1.091699e-01 2.008191e-01 2.156206e-01 1.884365e-01 1.468223e-02 -1.990308e-01 -2.512783e-02 1.602663e-01 8.604727e-02 -1.232048e-01 -2.455016e-01 1.893242e-01 5.847581e-02 -6.860721e-02 1.252288e-01 5.841170e-02 -1.591713e-01 -6.812330e-02 -1.453298e-02 -1.933464e-01 -1.177613e-02 3.964614e-02 
-1.534846e-02 2.262105e-01 -1.673491e-02 -3.691620e-01 -1.527948e-01 1.319130e-01 1.232295e-01 9.367420e-02 -7.044773e-02 -3.399201e-02 1.455702e-01 -1.785702e-01 6.085979e-02 -1.001393e-01 -1.689177e-01 2.491449e-01 1.324898e-01 5.939529e-03 1.987673e-01 3.230630e-01 6.525878e-02 -1.079383e-01 1.161428e-01 -2.135608e-01 -1.007438e-01 1.394381e-02 4.254400e-02 1.175074e-02 -2.472084e-02 -2.474411e-01 -6.127221e-02 -1.618135e-01 -2.636615e-02 -1.295096e-01 1.033998e-01 1.679412e-01 -2.235952e-01 1.099681e-01 1.286076e-01 -5.599310e-02 -1.677302e-01 2.722783e-02 2.146635e-03 -4.651493e-02 1.736351e-01 -1.936352e-01 -6.847678e-02 -1.307711e-02 -3.969025e-02 
-1.787246e-01 -1.274045e-01 5.013301e-02 -8.215261e-02 -6.974454e-02 -4.513586e-02 -1.607810e-02 2.492751e-02 -1.121442e-01 7.508300e-02 3.581487e-02 1.975668e-01 5.940569e-02 1.395659e-01 1.952323e-02 7.384831e-02 1.733766e-01 -1.698576e-01 1.414425e-01 -1.404074e-01 1.724388e-01 -2.130479e-01 -1.182191e-01 -1.634098e-02 8.814489e-02 1.197492e-01 9.142802e-02 -9.755586e-02 -1.148417e-01 2.849061e-02 -2.629911e-01 1.880470e-01 -8.671955e-02 3.596485e-02 1.414963e-01 -5.314615e-02 -1.088569e-01 1.767381e-01 -2.250266e-01 -2.924858e-01 8.155579e-02 -2.367530e-02 -2.161671e-01 -5.942357e-02 -2.385743e-01 -1.367748e-01 -8.717635e-02 3.798309e-01 7.072188e-02 
-2.188731e-01 -1.494070e-01 1.805610e-01 -1.615259e-01 1.879593e-01 5.269016e-02 -7.368010e-02 -1.426415e-01 2.816161e-01 -5.570074e-02 5.209232e-02 4.325017e-02 -1.072662e-01 -1.513486e-01 -5.789881e-02 1.003651e-01 -5.972178e-02 2.037831e-01 2.378350e-01 -2.502775e-02 7.470420e-02 2.149299e-02 -1.573769e-01 6.000053e-03 -9.089057e-02 7.469320e-02 -1.611519e-01 7.197398e-02 -8.325702e-02 1.453163e-03 8.445960e-02 -2.446472e-01 -9.941401e-02 1.020365e-01 -1.524065e-01 1.097536e-01 -1.830753e-01 3.116045e-02 -1.792069e-01 -1.250294e-01 -3.981979e-02 1.586260e-01 2.440931e-01 -7.691771e-02 -3.554292e-01 2.099140e-01 -4.597604e-02 -1.306133e-01 2.661386e-02 
-1.461812e-01 -3.031954e-02 -2.073697e-01 4.168366e-02 1.623856e-01 1.805376e-02 6.135663e-02 1.526788e-01 -1.223369e-01 -1.070428e-01 1.425312e-01 8.603850e-02 4.865678e-03 -1.827645e-01 2.463103e-02 1.699387e-02 -3.440536e-04 3.563319e-02 -1.024348e-01 1.164489e-01 1.153851e-01 -7.472427e-02 -5.125312e-02 -2.458225e-01 9.874787e-02 1.221229e-01 2.233853e-02 2.665502e-01 -2.187803e-01 2.646588e-01 4.049337e-02 -5.849061e-02 2.284043e-01 -1.243141e-02 1.443583e-01 -1.611157e-01 1.418760e-01 -1.239261e-01 -3.341310e-02 -1.207421e-02 2.002668e-01 3.887330e-01 -1.253862e-01 -2.259658e-01 8.548795e-03 -1.567659e-01 -2.113065e-02 -2.121363e-01 -1.759131e-02 
-1.909162e-01 -1.848361e-01 7.909190e-02 -1.556446e-01 1.287750e-01 2.380823e-01 1.532369e-01 -1.063585e-02 2.217505e-01 -1.548675e-01 -3.438051e-02 -4.766359e-02 -2.502790e-01 -1.103462e-01 1.384085e-01 3.921220e-02 -1.830947e-01 -2.384186e-01 4.744095e-02 1.351364e-01 -1.934334e-01 4.335319e-03 -7.202177e-02 -8.526102e-02 -9.780242e-02 -1.538855e-02 5.057309e-02 1.390520e-01 2.733523e-01 -2.641882e-02 -9.290372e-02 2.113276e-01 -1.801331e-01 -7.789570e-02 6.569123e-02 -8.371081e-02 1.976895e-01 8.149458e-02 -1.817320e-01 1.118311e-01 7.478275e-02 -1.068759e-01 3.249422e-02 -8.199220e-02 1.267118e-01 -1.979975e-01 2.826171e-01 6.470572e-02 5.951086e-02 
