  -1.4450826e-01  -1.9977157e-01  -1.4812737e-01   1.4824823e-03   3.1704892e-02  -2.3763975e-02   3.7739541e-02   1.9502731e-01  -3.2941762e-01  -2.8890513e-01   3.2242967e-01   2.0070622e-02  -1.3443792e-01  -1.7274047e-01   1.0110910e-01  -1.8031154e-01   1.8704133e-02  -1.3754028e-01  -5.5232739e-02   4.9919993e-03   1.7783736e-01   1.0549405e-01  -3.0566413e-02  -1.3926153e-01  -4.9719452e-02  -1.6987541e-01   2.3480520e-01   9.1636245e-02   1.2841864e-01   4.0800254e-02   2.9670422e-02  -2.1281468e-02  -2.4628743e-01  -5.2191375e-02   9.2856795e-03  -7.2879712e-02  -1.0265663e-01  -1.8083108e-01   1.1881654e-01   2.5911640e-02  -7.5973039e-02   2.7651914e-02   7.9229742e-02   1.9750275e-01   1.6332583e-01  -7.4326276e-02  -1.0393469e-01   5.7289240e-02  -2.5407439e-01
  -1.4736722e-01   1.8046962e-01  -1.7712972e-01   2.0807738e-01  -7.4605009e-02  -8.7328353e-02  -2.0040836e-01  -1.4698096e-01   3.2749643e-01  -1.3676128e-02   1.3530459e-01  -1.4684560e-01  -8.8132341e-02   5.5408563e-02   2.4172340e-01  -7.2584733e-03   1.3944943e-01  -2.7300779e-01  -1.8023624e-01  -5.6057995e-02   1.7922325e-01  -5.8557675e-02  -3.3947070e-02  -1.0076429e-01  -8.9439184e-02   3.3532695e-02  -1.1161708e-01   1.0258573e-02  -1.0054708e-02   3.1601865e-02   2.8569009e-01  -7.8620251e-02  -2.5296915e-01   5.9446321e-02  -5.1379283e-02  -1.6983083e-01   7.9409630e-02  -5.6885688e-02   8.4526249e-02   7.6031176e-02  -2.9121597e-02  -4.8675432e-02   2.5457018e-02   1.4197612e-02  -2.5260822e-01   2.0906955e-01  -9.5622656e-02  -4.7926324e-02   2.1885089e-01
  -1.5389126e-01  -2.4246126e-01   1.2292459e-01  -2.8871677e-02   6.7779252e-02   1.0720285e-01   1.2262618e-01  -2.0717122e-01  -2.1429354e-02  -1.8284494e-02  -1.8732946e-01  -4.6518646e-02   8.8683939e-02  -1.3682132e-01   2.2755326e-01   2.2257735e-01   1.9592701e-01  -4.4885652e-02  -1.4249337e-01  -2.4625717e-01   9.9667571e-02   1.0635231e-01   1.6340768e-01  -6.2730927e-02  -3.0043293e-01   1.4440574e-01   1.2974471e-01  -2.1938539e-01   6.1201119e-02   1.1389037e-01  -2.8548269e-01  -8.0538499e-03  -4.6822062e-02  -1.3983034e-01  -1.3543595e-01   2.2479370e-02   1.1590707e-01   6.1637958e-02  -3.1607338e-02  -1.0304948e-01  -2.2469698e-02  -2.8181264e-02   2.8291076e-01  -8.1726937e-03   5.2980389e-02  -1.3524658e-01  -5.3448247e-02   2.5328848e-02   1.9634454e-01
  -1.4979530e-01  -2.2201652e-01   1.6471239e-01   6.6016748e-02   1.6054211e-01  -5.7520566e-02  -9.4151632e-03  -2.5991692e-02   3.0661535e-02  -9.8779466e-02  -5.9750871e-02   1.0043012e-01  -1.3251365e-01   1.1914419e-01  -1.5670167e-01  -3.4030605e-02   7.4151540e-02  -7.8649813e-02   2.8442281e-01   1.0697178e-01   7.1871927e-02  -2.3847885e-01  -9.1682751e-02  -1.1690036e-01  -3.4865381e-01  -1.3672147e-01  -1.7493735e-01  -2.2510945e-01  -6.7832025e-02   1.2583329e-01   9.0103021e-02  -6.6203598e-02   1.0991871e-01  -9.9856035e-02   3.6295668e-02   1.8029703e-01  -3.4788469e-01   8.6909874e-03   2.0158277e-01   7.6074510e-02  -1.2179930e-01  -7.7592443e-02  -1.6305329e-01   3.2269794e-02  -1.3908391e-01  -1.3044175e-01  -3.4259204e-02  -1.6029280e-01   8.6042418e-02
  -1.4564780e-01  -8.2074005e-02  -4.0415468e-02   1.8214020e-01  -1.5086107e-01  -1.5211166e-01  -6.1529510e-02  -1.2740016e-01  -1.8221992e-01   1.7596880e-01   1.1272464e-01  -1.2642556e-01   1.7638187e-01  -3.6143399e-02   1.1576062e-01  -1.2737251e-01  -6.2805202e-02   6.7886117e-02  -1.6311565e-01   2.9290440e-01  -2.5343930e-01   5.8857664e-03   2.5259041e-02   2.4648925e-01  -9.1800907e-02  -6.0154641e-02   1.7965400e-01  -1.2308303e-01  -2.4113915e-01   6.3822063e-02  -4.9590251e-02   8.4991186e-02  -2.1733501e-01  -1.6996510e-01  -8.9274297e-02   1.9173388e-01  -2.5075022e-01   4.9976368e-02  -1.3473475e-02   2.1366532e-03   1.2027048e-01   1.6468718e-01   4.5463648e-02  -1.6115763e-01  -1.6489878e-02   1.9137808e-01   9.3804944e-02  -1.9135979e-01   9.1743238e-03
  -1.4331100e-01   4.6119226e-02  -5.3765955e-02   6.2715989e-02  -4.2310884e-02  -3.7474748e-02   5.9565105e-02  -6.1621973e-02  -1.9743981e-02  -2.7277023e-01   9.9341193e-02  -4.8803161e-02   3.6098022e-02  -1.7171451e-01  -1.8783898e-01  -1.8730526e-01  -2.5294748e-01  -2.9594896e-02  -2.3087891e-01  -3.1353504e-01  -8.6769855e-02  -2.4497404e-01   5.2344089e-02   1.6576543e-01   4.6372070e-02   2.3108974e-01  -9.9268555e-03   4.9284904e-02  -9.7346828e-02   1.2914127e-01   3.5569512e-02  -1.7919399e-02   1.7454319e-01  -1.3725110e-01   2.1769130e-01  -7.8977540e-02  -8.0526482e-02  -1.1139278e-01   7.5959728e-02  -9.1867660e-02  -2.4341519e-01   3.8077792e-02  -7.5726006e-02  -2.8327811e-01   9.2166894e-02  -9.2303250e-02   6.1789714e-03   1.3792163e-01   2.3007502e-01
  -1.2137743e-01  -1.9955618e-02  -4.3956679e-02   2.9024007e-01   8.3518323e-03  -1.0270047e-01  -5.1599035e-03   4.1826986e-02   1.6008180e-01   1.2669199e-02   1.5609926e-01   1.3641611e-01   3.5931256e-02  -9.6256136e-03  -1.0179185e-01   2.3713881e-01  -1.4408031e-01   2.0084415e-01   4.0480683e-02  -6.5429312e-02  -7.9732074e-02   1.0930310e-01   5.0719603e-02  -6.2870302e-02   1.2890313e-01   2.6525048e-02  -1.7150260e-01  -4.4231567e-02   1.8553539e-01  -8.1320794e-03  -1.3022772e-01  -1.9207643e-01  -2.0396202e-01  -8.2988875e-02  -1.5723701e-01   1.0370522e-01   3.2545284e-02   8.2041057e-02   2.1005170e-01  -2.0713139e-01   1.4688774e-01   3.4885523e-01  -2.4708739e-01   5.9750195e-03   8.3576365e-03  -1.4540779e-01  -3.2355033e-01   1.0778314e-01  -4.8246091e-03
  -1.3000664e-01  -1.1758209e-01  -9.2444026e-02   1.6364679e-01   9.7612627e-03  -7.4215734e-02   2.4552004e-02   2.2293458e-01  -1.4000090e-01   1.4718177e-01  -1.4807291e-01   5.2211447e-02   1.2058193e-01   8.7238723e-03   2.4167549e-02   1.4690804e-01  -3.8696788e-01  -7.1383461e-02   3.0805608e-03  -1.6303864e-01   3.4242351e-01  -4.0859739e-02   1.5691082e-01   1.9759103e-01   1.7919375e-02  -2.2579512e-01  -1.2070268e-01   1.0942984e-01   7.4635142e-02  -2.6531141e-01  -6.3422480e-02   1.4694704e-01  -3.9019796e-02  -3.6396149e-02   9.6376930e-02  -5.5613393e-02  -3.5683132e-02   2.9262455e-01   5.1082699e-03   2.0522976e-01  -1.5681250e-01   2.9990671e-04   8.5125442e-02   9.4376066e-02  -8.5022646e-02   7.1127073e-02   4.8538084e-02  -1.0657815e-01   1.4449654e-01
  -1.5280165e-01   4.0427653e-02   2.5844535e-01   1.4000854e-02   1.3465435e-01   5.3048622e-02   1.4157773e-01   9.8844967e-02  -1.5657237e-01  -1.3426400e-01  -1.2389073e-01  -2.0819553e-01  -1.4091508e-01   1.3744569e-01   7.9683724e-02   1.5472036e-01  -1.5026808e-01  -3.9382431e-02  -2.2436187e-02   4.3282915e-02   2.9655935e-01   1.3561891e-01  -9.2033119e-02  -4.4914379e-02   5.0149144e-02   2.5878097e-01   4.3990789e-02   2.1243656e-01  -2.6764973e-01   7.9323529e-02   8.1074399e-02  -2.6512910e-01  -7.1558489e-04  -1.3745382e-01  -7.7649063e-02  -3.4404716e-02   4.1070205e-02   6.2697080e-02  -3.4610963e-02   1.6711751e-01   2.6940768e-01   3.0267401e-02  -1.7800790e-01  -2.6685672e-01   3.9784816e-02   5.3285252e-02   9.3888269e-04  -1.2238419e-01  -1.2517535e-01
  -1.5003682e-01  -5.4172042e-02  -1.6349859e-03  -3.6744432e-01  -7.4872880e-02  -2.4078621e-01   6.9760768e-02  -1.2518736e-01   2.0784306e-02   9.4707272e-02   1.3328834e-01   8.6299366e-02  -2.7462532e-01   1.3017094e-01  -9.6409439e-02  -9.9033227e-03  -1.1523780e-01  -3.8288606e-02   2.8215733e-03  -1.3096699e-01  -1.9238559e-02   1.8804330e-01  -7.8749298e-02  -1.2331592e-02  -4.3974283e-02   5.6489929e-04   5.9860263e-02   2.2032137e-01  -1.0668234e-01  -9.1025255e-02  -2.5677533e-01   1.3139864e-01  -2.7513312e-03  -8.0557372e-02  -4.8864679e-02   1.2507939e-01  -1.5442258e-01  -6.4887898e-02  -1.5653457e-01  -4.6139478e-02   3.9522417e-02  -1.2253906e-01  -1.1527192e-02  -8.3801526e-03  -3.9422923e-01   1.3328051e-01  -2.1880227e-01   2.5552465e-01   7.6033310e-02
  -1.4620929e-01   8.9667285e-02   3.5922211e-02   1.6529746e-01   1.7487846e-01   2.1873279e-01  -1.3033181e-01  -6.2340153e-03  -1.9633154e-01  -8.4449182e-02  -1.1108039e-01   1.8699172e-01  -9.7364558e-02   9.3331927e-02  -2.6861390e-02  -7.2206343e-02   8.6511688e-02  -6.0504219e-02   5.7133650e-02  -1.5572027e-01  -3.6296537e-01   3.4075292e-01  -1.4581681e-02   6.8258829e-02  -6.2326049e-02   2.3500626e-03  -1.1031312e-01   1.3125398e-01   1.1426637e-01  -1.5009081e-01  -3.4394939e-03  -2.1845126e-01  -3.7345659e-04   1.5445833e-03  -3.5096625e-02  -8.2889800e-02  -5.9390726e-02  -1.9451509e-01  -2.5288110e-01   6.3189687e-02  -2.2511493e-01   2.3444125e-01   6.2732364e-02  -7.9725247e-03  -1.4656639e-01   5.2736030e-02   8.9958108e-02  -2.3367043e-01   8.6099881e-02
  -1.2706201e-01   5.5914440e-02  -8.7231265e-02   3.6025705e-02  -1.2827906e-01   3.3860453e-02   1.5734153e-01  -2.3659989e-01  -2.7451863e-01   4.0976405e-02  -1.6558995e-01  -1.1898761e-01   1.0864674e-01   3.9842147e-02   3.7007929e-02   3.7837304e-01   3.3125769e-03  -4.8949231e-02   6.4959112e-02   2.0578137e-01  -2.5871850e-01  -3.1568953e-02  -1.9757693e-01  -6.0667804e-02   2.7141836e-02  -1.5453988e-01   1.1625653e-01   8.1924444e-02   8.6670836e-02   6.9725276e-02   1.4919405e-01  -7.6661142e-02   1.2286064e-01  -3.8826915e-02   1.7906290e-01  -1.0885952e-01   6.0156410e-02   5.2469536e-02   7.9003732e-02   9.9446455e-02  -2.4185707e-01  -9.7603141e-02  -4.6695196e-02   2.0579221e-02   7.3112155e-02   1.3240365e-01  -3.8187927e-01   1.7027524e-01   2.4809443e-02
  -1.3573795e-01   6.7792392e-02   8.2825665e-02  -6.2267339e-02  -2.3797185e-01  -1.1167154e-01  -4.3773195e-02   1.0102752e-01   4.2306461e-02   8.0725544e-02   5.3298675e-02   7.6993545e-02   6.3955346e-02  -1.6594611e-01   1.2081622e-01   1.7155812e-01  -1.1890525e-01  -2.5170370e-01   6.9610074e-02   6.2271632e-02   1.1861839e-01   2.2887025e-01  -1.7295859e-01   1.3831258e-01  -2.2832945e-01  -8.9781372e-02  -1.6409726e-01   1.0942737e-02   1.6744734e-01   1.2612593e-01   1.9841927e-01  -1.1101633e-01   1.3521178e-01   2.0516847e-02   1.6701447e-01   9.5419720e-02  -8.0921694e-02  -4.5575310e-02  -2.4816515e-01  -4.2455536e-01   1.0998964e-01  -8.3202646e-03  -5.0988134e-02  -1.8594322e-02   1.6849564e-01  -1.5192350e-02   2.2548000e-01   8.2102581e-02   1.4556545e-02
  -1.4774224e-01   5.5726016e-02  -1.5582179e-01   1.8130405e-01  -3.8175749e-02   1.3000503e-01   3.8484623e-01   8.3729151e-02   1.3742983e-01   3.4122559e-02  -8.6152312e-02   1.1690231e-02   2.3692014e-01   1.0094346e-01   5.3625070e-02  -3.5155418e-02   1.1001328e-02   1.4334146e-01  -5.6561404e-02  -1.7230694e-01  -7.4790182e-02   3.1218862e-02   1.2076299e-01  -2.7563649e-02  -2.8711045e-01  -1.7054990e-01  -9.6284971e-03  -1.2596034e-02  -2.5133809e-01   8.0034621e-04  -7.3962344e-02  -1.6974878e-02  -4.8843924e-02   2.3819690e-02   4.8662558e-02  -1.1006948e-01   4.7224683e-02  -2.4650483e-01  -4.3228071e-02   5.1058513e-03   4.7045718e-02  -1.5910566e-01  -3.4952055e-01   1.5367220e-01  -1.0286267e-01   5.4370106e-02   1.7945356e-01   1.6740912e-01  -2.4663251e-01
  -1.5010978e-01  -4.7589290e-02  -2.5958931e-02  -1.1542938e-01  -1.1637654e-01  -1.9153679e-01   5.9006153e-02  -2.2953299e-01   1.7947132e-01  -2.1057908e-01  -2.5049673e-01  -1.9288632e-01   1.0316785e-03   3.6036703e-02  -3.7368127e-02   9.9086041e-02  -1.4976714e-01  -1.1707744e-01   1.5934371e-01  -2.7894963e-02   1.2172853e-02  -5.8172592e-02  -1.5732470e-01   2.3694061e-02   2.6121028e-01   3.3462171e-02   5.0401504e-02  -2.1348546e-01  -9.8239128e-02  -1.1806251e-01   2.3348914e-02   9.9285406e-02  -1.7618488e-02  -1.2490996e-01  -9.0233796e-02  -2.1135258e-01  -5.9322535e-02  -1.4555893e-01  -6.3490632e-02  -7.3301301e-02  -5.5520285e-02   3.3660049e-01   9.7935928e-02   3.0203992e-01  -5.7823167e-02  -1.1159139e-01   1.7946002e-01  -7.9649772e-02  -2.2089026e-01
  -1.3822293e-01  -3.1567632e-02  -1.5425950e-01   3.3519537e-03  -1.9009253e-01   2.4205241e-01   6.2487649e-03  -1.0535392e-02   2.4473908e-02   3.8252666e-03  -2.6356978e-01   3.3997110e-03  -6.2770646e-02  -1.9634738e-01  -7.4189556e-02  -1.6404636e-01  -1.4503286e-01   6.2225739e-02   1.0798366e-01  -1.8046235e-02  -3.3267157e-02   6.2391384e-02  -4.2890735e-02  -7.2249513e-02   2.3642664e-03   3.5779878e-01   1.4240786e-01   1.3158752e-01   1.8498964e-01  -5.1453950e-02   3.2769834e-02  -3.0780080e-02   1.0990879e-02  -2.2135491e-02  -4.9638407e-02   2.0151438e-01  -4.5327397e-02   6.0871039e-02   3.4205020e-01  -1.9595919e-01   7.1906287e-02  -2.2060098e-01  -5.0818139e-02   2.5004728e-01  -5.0928294e-02   2.9925647e-01   6.9313304e-02  -2.0389753e-01   2.1037788e-02
  -1.5139161e-01   1.7537970e-01   1.1683859e-01  -2.4720364e-03  -9.6804859e-02   9.9296288e-02   2.7370466e-01   3.9180621e-02  -2.1387570e-02  -9.8606090e-02   1.3794340e-02  -1.6813963e-01  -2.2487729e-01  -7.7587350e-02  -2.5849953e-02  -1.0328586e-01   5.2504407e-02   4.0351824e-02   1.5040263e-02   3.9374455e-01   2.0397080e-02  -2.9659933e-01   3.1881810e-01   1.3907640e-01  -1.8451217e-01   6.0501873e-02  -2.4472399e-01   1.2060081e-01   2.0267618e-01  -1.2109925e-01  -3.6421913e-02  -9.9049775e-03  -2.1812371e-02  -8.6691841e-02   9.8660302e-04   8.4375573e-02   1.9260002e-01   7.9071995e-03  -1.1784747e-01  -7.4064373e-02  -5.0365238e-02   1.6103289e-01   1.7989009e-01   2.6506309e-02  -1.7293763e-01  -1.2128461e-03  -4.6831577e-02   1.0416058e-01  -1.2635211e-01
  -1.4709555e-01  -8.2689248e-02  -1.5855395e-01  -2.9856787e-01  -1.0195157e-01  -2.2891444e-01   3.2130646e-02  -1.3669388e-01  -2.0075398e-03  -9.7118180e-03  -9.4586019e-02   9.4954566e-02   1.1368950e-01   1.3229558e-01   1.1036721e-01   4.4185598e-02   2.0712691e-01   1.7551903e-01  -1.0593183e-01  -1.3102876e-01  -8.9530933e-02  -4.9407537e-02  -5.7335642e-02   3.3463895e-02  -1.1157544e-01   5.3227054e-02  -2.1133499e-01   3.6017224e-01   8.2481764e-02  -8.2334338e-02   1.2132674e-01   3.0833422e-02  -1.6774882e-01   6.3438233e-02   2.2083310e-01   1.1629346e-01   5.7458005e-02   1.8768045e-02   2.1457316e-01   9.5779980e-02   6.9515860e-02   4.3964628e-02   5.2766180e-02  -1.4956036e-01   6.9545998e-02  -2.9420564e-01   8.4423108e-02  -2.5769731e-01  -1.6140641e-01
  -1.5839870e-01  -1.2860258e-01   3.1450920e-01   1.6473574e-02  -2.2418915e-01  -6.0485701e-02   1.1408979e-01  -2.9341069e-02  -7.7316202e-02   2.7006078e-01  -4.3338430e-02   5.0700259e-02  -4.0500465e-02  -7.9979821e-02   3.1657585e-01  -1.7733862e-01   2.5417581e-01   5.9383817e-03   4.3845747e-02  -7.7868925e-02   9.4364322e-02   4.3868944e-02   2.3673385e-01  -2.1542224e-02   3.9077000e-01  -2.6134019e-02  -1.7897228e-01   1.2834073e-02   1.0514062e-02  -4.2612142e-02   5.9698634e-02   5.0412788e-02   1.8169444e-01   5.7517977e-02  -1.5518148e-01  -8.6755580e-02  -1.8145235e-01  -1.6667681e-01   1.4543091e-01  -3.0782781e-02  -1.7561208e-01   7.2446925e-03  -1.7652270e-01  -8.6934762e-02   7.3536944e-02   6.9671023e-02  -5.5636168e-02   2.2606795e-02  -2.3152084e-02
  -1.3080619e-01   1.8816374e-02  -2.5455320e-01   1.2268988e-01   2.8166551e-01  -1.3346830e-01   1.2499644e-01  -8.2132285e-02   7.6225738e-02  -7.1999485e-02   5.8261238e-02  -1.4561207e-01   2.8770545e-02  -1.7832389e-01   7.8917027e-03  -6.2934893e-02   1.2495781e-01  -6.3770138e-03   2.1288939e-01   1.9092493e-01   8.2882865e-02   2.4797100e-01  -3.2535964e-02  -1.3339009e-01   7.6538275e-02  -2.2448991e-03  -1.6625559e-01   3.2141386e-02  -1.9689136e-01  -2.9643486e-01  -1.0570026e-01   1.8888641e-01   1.6123749e-01  -7.1062391e-02   1.4486386e-01   2.1881871e-01   1.5296685e-01  -1.8582947e-01   1.5811456e-03   3.2098941e-02   6.0857253e-02  -5.7525926e-03   1.2323477e-02  -3.1924131e-02   2.6948212e-01   4.8435731e-02  -7.4250352e-03  -2.2762839e-02   2.8094591e-01
  -1.4339857e-01   1.7080399e-02   1.5648382e-01  -2.3589304e-01   6.5627862e-02   2.5584784e-01  -1.8968488e-02   2.8644767e-01   2.5055377e-01   8.9190324e-02   1.8226963e-01   3.9145689e-02   2.6786275e-01  -1.5404946e-02   2.3170083e-02   2.1464021e-01  -4.4083868e-02  -1.2344858e-01  -7.6186835e-02  -2.7247200e-02  -1.3161963e-01  -1.4992066e-01   2.3548335e-02  -7.2743600e-02   2.6960228e-02   2.1601218e-01  -2.1822617e-02  -5.1381176e-02   7.7464945e-02  -9.9450423e-02   9.4239298e-02   1.9474860e-01  -5.5516983e-02  -1.9241717e-01   8.1698799e-02   1.2331729e-01  -1.8821113e-01  -2.4029422e-01  -1.4311983e-01   2.3225253e-01   3.5867905e-02   3.0147421e-02   2.5287207e-02   8.6064218e-02   1.3022988e-01   1.2110476e-01  -2.2756199e-01  -1.1970225e-01  -5.1138903e-02
  -1.2835641e-01   3.0567792e-01  -4.8423470e-02   1.0670453e-01  -4.3305793e-03   1.8458844e-01   5.2091806e-02  -1.5046189e-01  -3.2387759e-02   9.3647143e-02  -1.4386910e-01   2.8618408e-01  -8.6611638e-02  -2.9072017e-02   6.6193139e-02  -6.2623617e-02  -1.7576049e-01  -2.1769054e-01   2.3778730e-01  -2.3668986e-03   2.8190246e-02   2.4051305e-02   4.9049415e-02   9.1564080e-02   1.9185649e-01   3.7843370e-02   1.7191332e-02  -1.1660395e-01  -1.4038037e-01   1.5197100e-01   4.9760018e-02   1.4097564e-01  -3.5270956e-01   7.9338972e-02   8.4646919e-03   2.4761590e-01   2.6280187e-02  -6.1069602e-02  -3.5494695e-02   7.4562104e-02  -2.6952793e-02  -2.1044815e-01   1.2232478e-01  -1.3936837e-01   2.4602846e-02  -3.3964205e-01  -7.9454941e-02   8.5232534e-02  -1.0630235e-01
  -1.5063187e-01   7.4134532e-02   2.7398885e-02  -3.1586793e-01   1.4916102e-01   2.5912007e-01   9.7403353e-02  -3.1659158e-01   3.3171997e-02   6.9195868e-02   2.4506324e-01  -7.3274667e-02  -7.2197810e-02  -4.4138971e-02  -9.5095959e-02   1.1777868e-02  -2.8680461e-03  -9.3065064e-02   6.0486485e-03   4.9008938e-02   1.0928784e-01   7.8504644e-02   8.2186152e-02   1.3435851e-01   3.0829121e-02  -7.8290720e-02   3.0980315e-02  -1.0819042e-01   1.0196773e-01   1.2140551e-01  -2.1111928e-01   3.4590331e-02  -1.5660215e-01   2.5966028e-01   2.0830492e-01  -1.1457278e-01   1.3071581e-02   1.9039334e-01   5.5813488e-02   3.3326700e-02  -7.7047484e-02   1.7375483e-01  -3.7431667e-01   3.9433125e-02   9.0775049e-02   1.1301408e-01   1.1197467e-01  -1.9049063e-01   5.5765154e-02
  -1.6904390e-01   4.4818747e-02   1.3302274e-01  -9.7623590e-02  -1.3165908e-01  -1.4059822e-01   1.1579726e-01   6.7791005e-02  -7.1108436e-02  -1.1052264e-01   2.3321611e-01   1.0097079e-01   2.2444939e-01  -1.3189505e-01  -2.0964200e-01  -2.7064924e-02   2.3239743e-03  -2.7448813e-02   3.5666571e-02   6.7187185e-02  -1.0760804e-01   1.8769635e-01  -1.9619600e-01  -1.3930758e-02  -1.0706371e-02   8.3902937e-02  -1.9595651e-01  -1.4807347e-01   9.1148816e-02   4.7215053e-02   4.4151110e-02   9.2631253e-02  -3.4018008e-02  -1.1156073e-01  -3.9779650e-01  -9.8104884e-02   3.0727647e-01   1.5529580e-01   9.4765762e-02   2.7374913e-01  -1.4618976e-01  -2.1361443e-01  -2.6366411e-02  -5.6528962e-02  -7.7944175e-02   6.2460796e-03   2.2503588e-01   1.7408148e-02   1.7519506e-02
  -1.3049263e-01   1.1545748e-01  -2.1574027e-01  -1.6039793e-01   3.6683561e-02   5.3065101e-03   5.5700421e-02   3.2003133e-01   1.9842105e-02  -1.7943314e-01  -8.7435105e-02  -9.1961735e-02  -1.5530905e-01  -5.4303828e-03   6.2922371e-02   8.1885379e-02   5.4310064e-03   2.9857049e-01  -9.2929608e-02   7.7022045e-02  -6.3160157e-02   2.3346967e-01   1.0581222e-01  -3.9849549e-02   7.8969621e-02  -4.4814586e-02  -1.3266253e-01  -3.0711973e-01  -7.5167919e-02   1.1676706e-01   9.7313337e-02   1.8619164e-01   1.1465055e-03   5.4547166e-02   5.0816084e-02  -2.1557917e-01  -1.6084424e-01   1.4909584e-01  -5.2458641e-02  -2.4973338e-01  -8.2981146e-02  -1.7645732e-01   7.2506724e-02  -1.7141891e-01  -1.0581899e-01  -2.0075698e-02  -1.9246039e-01  -2.4734698e-01  -2.4805879e-02
  -1.3920068e-01   1.6886513e-01  -2.3778071e-02   6.3913623e-02  -1.0603291e-01  -1.0435572e-01  -1.4323795e-01   2.4868470e-01  -1.1952790e-02  -4.6527565e-02  -1.5721699e-01  -5.0102436e-02   1.3742702e-01  -6.3690179e-02  -1.9439280e-01   7.0476971e-02   3.0803653e-01  -3.9870612e-02   1.6521539e-01  -6.9372764e-02   1.2634711e-01  -9.1496250e-02   4.9224496e-02  -1.3986361e-01   2.9015462e-02  -7.2427181e-02   2.5734803e-01   2.7161753e-01  -1.6135514e-02   3.7303282e-01  -1.1622750e-01   2.9108315e-01   2.4655505e-03   2.6228778e-02  -6.3159679e-02   1.4657780e-01   1.1617489e-01   1.0417840e-02  -1.3849389e-01  -5.7910455e-02  -1.3875448e-01   2.3633856e-01  -1.4782327e-01  -5.7812509e-02  -1.0509529e-01   3.5188478e-02   4.8255230e-03  -1.0786713e-01   5.0289275e-02
  -1.2220916e-01  -1.8504622e-02  -3.2831102e-02  -3.1165356e-02  -8.0247295e-02  -1.3157847e-01  -3.9483020e-02   1.0979756e-02  -3.7418513e-01   1.0793735e-01  -1.8553334e-02  -2.3888732e-02  -3.7826112e-02   1.7424475e-01  -1.4625493e-01   7.0325035e-02  -6.7577648e-02   1.2312563e-01   1.8648161e-01  -3.4774984e-02  -5.4653740e-03  -1.6206404e-01   1.8332509e-01  -2.8334666e-01  -3.5726084e-02   1.6931728e-01   3.0410310e-02  -2.2871677e-01   2.0940490e-01  -6.5817625e-02   1.0392792e-01   7.3958999e-02  -2.0633803e-01   1.4741966e-01   9.2344050e-02  -1.9128613e-01   1.2639660e-02  -2.5849108e-01  -8.7173176e-02   1.5694337e-02   2.9056175e-01   2.2670769e-03  -2.8799289e-02  -1.0583053e-01   3.0728033e-02   6.5729377e-02   1.8421639e-01   1.0761098e-01   2.6741353e-01
  -1.4323007e-01   3.1163551e-01  -6.6859293e-02  -2.3007484e-01   2.3241459e-02  -1.0588492e-01   5.0123815e-03  -1.3873105e-02   9.2193634e-03  -4.2728213e-02  -5.3933906e-03   1.7351575e-02   1.9123930e-01   1.1576372e-01   1.2057045e-02  -2.1988916e-01   6.7361663e-02   3.9174892e-02   6.8197052e-02  -3.2121917e-02   6.1178584e-02   9.8433368e-02   2.8696621e-01   1.2754077e-01  -6.9493328e-02  -6.5463098e-02   3.4913366e-01  -7.8293372e-02   4.1125840e-02  -1.7146915e-01   3.0610385e-01  -2.2492245e-01   1.9067019e-01  -9.5777282e-02  -1.6030798e-01   5.5484141e-02  -6.8942165e-02   1.7894374e-01  -3.0245670e-02   7.8750477e-02   1.0849876e-01   4.6266017e-02  -9.2341571e-02   1.7287247e-01   5.6314131e-02  -2.1202074e-01  -1.4161570e-01   4.3936158e-02   1.8795978e-01
  -1.4404985e-01   1.1777360e-01   1.9715130e-01   4.3660535e-02   6.8658377e-02  -1.5144336e-01  -3.4020632e-01  -7.4893426e-02   3.3474840e-02  -1.3507875e-01  -6.2719194e-02   1.2367853e-01  -1.2638869e-01  -1.0745869e-01   4.1889411e-01  -3.9932597e-02  -1.9556640e-01   3.1994742e-01  -1.2631135e-01   1.2785831e-01  -6.6187628e-02  -6.2563136e-02  -3.2881384e-02  -1.9955083e-01  -6.6174364e-03   4.7946505e-02   7.6409393e-02  -2.7451308e-02   9.4168563e-02   6.2144813e-03  -1.2292942e-01   9.0644601e-02   3.2644535e-02  -1.0518328e-01   1.7994630e-01   6.3599980e-02   1.1428750e-01   7.6768840e-02  -1.7035180e-01   1.4869292e-01  -1.2040436e-01  -9.2899776e-02  -2.6351315e-01   1.8166818e-01  -4.7837684e-04  -7.0767308e-02   1.2230197e-01   6.9541101e-02  -1.1338715e-02
  -1.4592315e-01  -2.6479623e-01  -2.3973268e-01  -3.2123681e-02   1.7152461e-01  -6.8609306e-02  -2.7630189e-02   1.4342897e-01   1.8305235e-01   3.7385489e-02  -1.1358295e-01   1.4728334e-01   2.0506840e-01   1.9150878e-02   1.5423923e-01  -1.3651301e-01  -4.0180920e-02  -2.4507499e-01   8.0684427e-02   2.9923232e-01  -2.1455440e-02  -9.3647367e-03   2.9723067e-03   6.7356572e-03   2.5918954e-02   2.0831302e-01   2.0473419e-01  -6.5889548e-02   2.0045917e-01  -4.5203259e-02  -1.5394802e-01  -1.1856771e-01   1.5300968e-01   1.7533622e-01   6.0801731e-02  -1.4770923e-01   3.2634257e-02   1.9867370e-02   1.4698787e-02   4.0269606e-02  -2.9074697e-02   6.3680776e-02  -5.2611250e-02  -3.5866818e-01  -2.2494626e-01  -3.5649479e-02   5.4572773e-03   1.3296302e-01  -1.5093433e-01
  -1.4310183e-01  -7.9652862e-02   1.0511590e-01  -5.5477522e-02  -1.1522829e-01   4.5320502e-03  -7.9652734e-02   9.1943585e-02   2.7863922e-01   8.0111177e-02  -1.8432648e-01  -9.4204551e-02  -1.0107245e-01  -1.3571059e-01  -3.4636468e-02  -3.2620250e-01  -4.0101814e-02   1.5731702e-01   3.1602724e-01  -1.2691879e-01  -1.0778773e-01   1.0238117e-03  -1.4592937e-01   3.2201518e-02  -1.9953634e-01  -1.2511367e-01  -3.4494394e-02   5.8745180e-02  -4.0329351e-02   4.9474217e-02  -5.0433331e-02  -6.3900777e-02  -2.0088960e-01   1.9824551e-02   2.0765846e-02  -2.6414005e-01   3.5239140e-03   1.6505302e-01  -9.3314927e-02   1.7627248e-01   6.3562289e-02   7.9447741e-02   1.3008981e-01  -1.1949467e-01   3.5100609e-01   1.4677651e-01  -1.8667631e-01   1.4631054e-01   1.2708367e-02
  -1.5679271e-01  -1.7807583e-01   2.2646314e-01   4.0875360e-02  -5.6891367e-02   6.3691746e-02  -1.2394273e-01  -1.1866640e-01   2.9997392e-02  -2.5648337e-01   7.5338937e-02   4.3907377e-02   1.1662923e-01  -1.8896714e-01  -1.2341352e-01   1.1123264e-01   2.2922887e-02   3.7181400e-02   2.4990747e-02  -4.2891536e-02  -7.8772817e-03  -1.8758569e-01   2.0333891e-02  -3.0319651e-02   3.3817204e-02  -1.7151333e-01   1.7257573e-01   2.4907630e-02  -1.6421631e-01  -4.5542647e-01   1.1122657e-01  -6.1752194e-02  -1.0560335e-01   3.1689071e-01  -8.3018792e-02   6.9894864e-02   1.1841353e-01   4.5720221e-02  -1.8701428e-01  -2.3891960e-01  -5.0196235e-03  -2.0626173e-01  -6.5559663e-02  -1.8459569e-01  -4.5230788e-02   3.4121484e-02  -1.0842452e-01  -1.3027951e-01  -7.6985832e-02
  -1.2402855e-01   1.2458902e-01   5.8556080e-02  -6.5719639e-02   2.6252381e-01   4.6807526e-02  -1.4286445e-01  -1.0686324e-01  -1.3423483e-01   1.4378755e-02   3.8439064e-02  -2.8634574e-05   1.4761578e-01   5.6506287e-02   8.1420439e-02  -1.1511030e-01  -2.8735237e-02   2.2285486e-01   1.0887401e-01  -2.4430019e-01   2.0343041e-01  -5.2554915e-02  -1.7975874e-01   1.9563022e-01  -7.8406211e-05  -1.6827683e-01  -2.8955483e-02  -2.1523507e-01   1.4550628e-01   7.5972690e-02   9.0123167e-02   6.7153249e-02   1.5703645e-01  -9.5560433e-02   6.3478266e-02   1.3605145e-01   2.3897476e-01  -1.7386787e-01   1.6342124e-01  -9.2686852e-02   9.5610614e-02   8.7381577e-02   1.5670908e-01  -1.3999826e-01  -1.6849301e-01   3.1244511e-01  -1.0142868e-01   4.3247814e-02  -2.5289235e-01
  -1.5834192e-01  -1.3328099e-01  -3.0053092e-01  -5.9831609e-04  -2.9235969e-02  -6.7403004e-02  -5.9247806e-02  -1.3284118e-01   3.9328778e-02   3.0413957e-01   6.0760076e-02  -1.9937582e-02  -1.5106971e-01  -2.0256550e-01  -2.0145260e-01   7.5972651e-02  -1.3406780e-01   2.0200669e-01  -1.2298612e-01  -6.6006829e-03   1.4279756e-01  -6.0894847e-02   7.6894789e-02  -5.1191047e-02  -1.3812884e-02   3.1449494e-02  -3.6983633e-02  -4.9368523e-02  -1.3111104e-02   2.0190379e-01   7.2259704e-02  -2.5479809e-01   2.3960581e-01   1.7307570e-01  -2.0031945e-01   1.1661598e-01   6.4537292e-02  -1.7422148e-01  -2.9306758e-01   2.3393271e-01  -1.0389549e-01  -2.8719204e-02   7.1604566e-02   5.2782731e-02   8.3584755e-02  -4.4516277e-02  -6.1683044e-02  -1.7813729e-01  -1.7038839e-01
  -1.2958697e-01  -1.0709297e-01   2.6188177e-02  -4.1455627e-02   1.4780117e-01  -4.0368214e-03  -9.1458998e-02   1.4064229e-01   8.3067123e-03   8.9333049e-02   1.2005562e-01  -9.2971586e-02  -9.4224445e-02  -3.9880080e-01   1.7172521e-02   2.2471711e-01   1.7462152e-01   3.1307695e-02   2.0753140e-01  -8.9056406e-02  -2.3096139e-01  -2.4900040e-02   1.5182770e-01   1.6615584e-01   2.0652380e-01  -4.2299985e-02   4.4178727e-02   4.9892576e-02  -1.7678168e-01   1.1707025e-01   1.0976000e-01  -1.9615749e-01  -7.7593904e-03  -6.7178582e-02   2.4272038e-01  -5.5141387e-02   2.3167161e-02   7.1851190e-02   1.2608553e-01   1.1234091e-01   2.0712081e-01  -6.6115713e-02   1.0606035e-01   1.4225748e-01  -3.0327422e-01  -7.3761755e-02   2.0100581e-01   1.3940117e-01   3.5985455e-02
  -1.4490127e-01  -1.0446582e-01  -7.1589163e-02   2.8399558e-02  -2.0867401e-01   1.0761783e-01   1.2496052e-01   2.3191280e-01  -4.2185412e-02  -1.4189504e-01   8.6188778e-02  -1.8812019e-01  -1.9613752e-01   2.2051052e-01   2.3456263e-01  -4.3110248e-02  -2.7640164e-02  -1.2468529e-01  -3.8888674e-02  -2.1815340e-01  -2.2798936e-01  -8.2947285e-02  -1.6955485e-01   8.8908809e-04   7.5847948e-02  -5.7221510e-02  -1.1407804e-02  -2.0106218e-01  -6.2763374e-03   8.2601259e-03  -3.2250235e-02   2.6161896e-02   1.9222810e-01   3.5191773e-01  -3.1138510e-02   3.7612787e-01   1.4358722e-01   1.5694494e-01  -1.0019349e-02   1.4956664e-01   1.1112270e-01   1.5199369e-01   3.9190927e-03   5.2282410e-02   2.0561909e-02  -2.5471993e-02   3.1847493e-02   5.4118628e-02   1.0157902e-01
  -1.3650211e-01  -6.9981838e-02  -1.5699660e-02   1.2986033e-01   6.5689574e-02   5.4536476e-02  -3.6987536e-01  -9.2990751e-02  -4.8204727e-02   1.3867932e-01   1.5811680e-01  -2.8867872e-01  -6.0687886e-02   2.2497152e-01  -9.5731948e-02   2.9095853e-02  -3.6948154e-02  -1.7120468e-01   1.0354859e-01  -1.0119228e-01  -1.4303288e-01   1.4576242e-01   2.7501832e-01  -5.4675789e-02  -1.7207022e-01   1.7372491e-01  -6.0923986e-02   6.6928800e-02  -6.6693390e-02  -6.3223524e-02   8.6690052e-02   2.7821817e-01   1.6466374e-01  -4.4767863e-02  -2.9291139e-02  -5.8710886e-02   4.9511582e-02   2.0420390e-01   7.5425247e-02  -1.0920097e-01  -7.4990449e-02  -8.1625155e-02  -3.0612179e-02   7.6193400e-03   1.3251498e-01  -9.9618466e-02   1.6246191e-02   1.2616433e-01  -3.5632680e-01
  -1.5213821e-01  -4.2846835e-02  -3.2039619e-02  -2.2213488e-01   1.5506831e-01   2.2617218e-01  -2.1107658e-01   3.5590744e-02  -4.7751247e-02   3.2954569e-02  -6.6502409e-02  -2.6779156e-01   2.0364612e-01   8.1161863e-02   9.7092478e-02  -9.4594227e-02  -2.4347553e-01  -2.1864049e-02  -4.0994419e-02   1.4306456e-01  -8.8711861e-02  -1.3621020e-01  -3.2806764e-02  -6.6064933e-02   1.0337760e-01  -2.9020973e-01  -1.9133395e-01   2.4596110e-01  -6.9686492e-03   1.4775196e-01  -1.4297359e-01  -7.0672948e-02  -2.0147905e-02   1.8353792e-02  -3.1278525e-01  -6.1580121e-02   2.2217942e-02  -1.8988598e-01   8.3386738e-02  -1.7404988e-01   7.9960354e-02  -1.2537381e-01   1.2132266e-02   4.8640499e-02  -1.6528450e-02  -2.1916226e-01   3.1205368e-02   1.3991652e-02   2.3307957e-01
  -1.2931865e-01  -1.3196562e-01   5.2658460e-02   2.0820807e-01   1.2039639e-01  -1.5803614e-01   1.5501197e-01  -1.2599427e-01   2.1719795e-01  -2.5400286e-01   1.2637028e-01   1.2749341e-01  -3.2051419e-02   3.2261750e-01   7.0404362e-03   5.7694827e-02   3.9303196e-03   3.3622939e-02   1.0412542e-01   1.8081364e-02  -9.4424096e-02  -4.7524523e-02   1.8144838e-01   2.2195939e-01   2.0038848e-01  -6.5873466e-02   9.2337418e-02   1.7826815e-01   2.5258714e-01   2.7794510e-01  -2.9240505e-02   5.1885326e-02   6.6877708e-02  -1.0738616e-02  -3.9568829e-02  -5.4331394e-02  -3.0406218e-02  -3.1549257e-03  -1.3089327e-01  -1.0592497e-02   1.6162902e-01  -2.9654248e-01   1.4160594e-01   7.2322881e-02   1.8683476e-01   1.7140883e-01   6.1615238e-02  -1.3158252e-01   2.9184748e-02
  -1.4472882e-01   2.2719265e-01  -1.5765817e-01   1.0477225e-01   1.3039798e-02   1.1535316e-01   7.7854783e-02   7.4781606e-02   8.2313449e-03   2.5700861e-01   2.3737368e-01   2.0325415e-02  -2.2595367e-01   3.6873323e-02   1.2208252e-01   1.3234017e-01   1.6108903e-01   1.0289028e-01   1.2567455e-01  -7.7891074e-02   3.4391918e-02  -2.9431981e-01  -3.4660461e-01   7.8935591e-02  -2.1883129e-02   2.1661209e-02   2.1283654e-01   3.5893524e-02   7.9790346e-02  -2.3371812e-01  -1.7980374e-01   1.3090904e-02   9.9802918e-02  -2.0399961e-01  -1.6337480e-01  -1.9708257e-01  -9.3244675e-02   4.9885332e-02   5.3075486e-03  -1.2467295e-01  -3.4183803e-02  -9.5837284e-02  -7.3343752e-03  -1.3086356e-01   8.4632077e-02  -1.7333419e-01   1.5389182e-01  -1.1272703e-01   1.3025448e-02
  -1.4401849e-01   6.0066073e-02   1.2826922e-01   4.9769465e-03  -1.0483306e-01   7.4690681e-02   4.8164621e-02  -1.9792603e-02   9.3138608e-02   9.4850825e-02   2.7726959e-02   3.8873921e-01  -1.6058253e-01  -1.4900578e-02  -7.6497934e-02  -6.0348023e-03  -1.7784163e-01  -1.2329604e-01  -1.8087962e-01   1.0021750e-01  -9.8295481e-02   2.1256954e-02   1.0460554e-01  -2.8031103e-01  -7.8270763e-02  -2.4385191e-01   1.4234937e-01   3.8592895e-02  -1.8452001e-01   2.5266003e-02   3.8945542e-02   1.3266325e-01   2.7729919e-01  -4.5604915e-02   7.3102993e-02  -2.0174171e-01   2.3111655e-01  -2.4936147e-02   2.5772097e-01  -2.6020450e-02   2.2714800e-01   1.9457458e-01   1.9460328e-01  -3.8961602e-02   1.5981536e-02  -4.9919988e-03   1.0514632e-02  -1.7703459e-01   3.6643534e-02
  -1.1479083e-01  -4.1305678e-02   7.5001082e-02   2.1224540e-01  -2.1316117e-01   1.5244790e-01  -4.6243156e-02  -9.2254718e-02   1.0397943e-02   4.4022785e-02  -4.9091322e-02  -2.0017512e-01   8.8959862e-02  -2.8037975e-03  -2.6098283e-01  -2.3405509e-01   1.6131277e-01  -4.7849296e-02  -2.1126718e-01  -6.2675990e-03   1.0364739e-01   1.3472725e-01  -1.4754734e-01  -8.1782616e-02   1.8682350e-01  -1.3105620e-01  -3.5234517e-02  -8.7956439e-02   2.5877275e-01  -3.9211906e-02  -1.2443648e-01   1.4527001e-02   7.2731478e-02  -1.8704806e-01   2.8997972e-01  -3.6259118e-02  -5.8284468e-02   5.4706872e-02  -1.6979300e-01   1.1698226e-01   2.9804471e-01  -1.5721396e-01  -2.7012527e-02  -1.7679030e-02  -1.7380004e-01  -2.5767829e-01  -1.0237723e-01  -7.3020911e-02  -5.0923912e-02
  -1.6268973e-01   2.6115679e-01   1.0611013e-01  -2.9457968e-02   1.1818600e-01  -3.5914232e-01  -1.3591518e-01   2.0202185e-01  -9.1337432e-02   7.6037789e-02  -2.1382515e-01  -2.7711976e-03  -7.2503337e-02   2.0185727e-02  -1.7762454e-01   1.3128532e-02   1.3414824e-01  -2.6171582e-01  -2.4611480e-01  -6.4589243e-03  -9.9112705e-02  -1.0471587e-01   6.8573572e-03   1.5907884e-01   1.2571178e-02   1.8277806e-02  -5.2206563e-02  -1.6264266e-01  -4.8721245e-02  -8.2381760e-02  -3.4246544e-01  -2.0795281e-01  -4.2767801e-02   1.2257401e-01   4.3142612e-02  -9.4808997e-04   6.2341050e-02  -9.4107801e-02   1.6443912e-01  -4.6446137e-02   3.3771481e-02  -1.9045596e-01  -4.0806398e-03   1.5377170e-01   2.0864865e-01   1.0312555e-01  -9.0278478e-02  -5.7774227e-02  -1.1717881e-01
  -1.4080102e-01   1.3388411e-01   1.7328670e-01   8.7742685e-02   3.3367432e-01  -1.4222301e-01   2.9098007e-01  -2.2538340e-02   3.4519068e-03   2.1963184e-01   8.4670277e-02  -7.7665757e-02   1.9082142e-01   8.4048346e-03  -3.9282498e-02  -1.7119195e-01  -5.3377562e-02   3.4790174e-02  -9.4928026e-02  -6.8162941e-02  -5.5264063e-02  -4.9579389e-02  -1.3772379e-01  -4.1037602e-01   9.6302403e-02   7.2468436e-02   7.0362194e-03   8.8247660e-02   4.4702813e-03   5.3172410e-02   1.0672940e-01  -8.1041630e-02  -6.6480212e-02   1.9093604e-01   8.0203268e-02   6.5733422e-02  -1.7441891e-01   2.8352722e-01  -8.7930822e-02  -1.8422342e-01  -1.2295697e-01   5.1436283e-02   2.7036594e-01   1.0642147e-01  -4.8128762e-02   2.3724172e-02   1.0036019e-01   5.0032308e-02  -5.8900400e-02
  -1.1650316e-01  -1.9686297e-01  -1.9747535e-01  -1.6256383e-01   3.4382619e-02   1.3810171e-01  -6.0411402e-02   4.4856011e-02   4.3641765e-02   4.7636206e-02  -1.2514928e-01   1.6334052e-01  -1.2965897e-01   2.0159451e-01  -1.1953714e-01  -2.7470625e-02   1.6386710e-01  -5.5743248e-02  -1.7076554e-01   2.3745632e-02   2.0064560e-02  -9.0321821e-02   5.5605485e-02  -1.3644699e-01   2.3588997e-01  -1.5672859e-01  -4.3453024e-02  -9.9336466e-02  -6.2091103e-02  -3.1751636e-02   1.3919961e-01  -1.7296967e-01  -1.7309965e-01  -4.1094471e-01   2.5567384e-02   1.7500894e-01   1.5123329e-01   1.7930179e-01  -1.2271301e-01  -1.3259921e-01  -1.4407889e-01   7.4258238e-03  -6.3774751e-02  -8.9676924e-02   1.5796001e-01   1.9845359e-01   2.1909519e-01   1.9540287e-01  -4.2269980e-03
  -1.6011595e-01  -2.4314798e-01   1.6060522e-01   6.5820308e-02  -2.1307297e-02   6.3682268e-02  -2.7315570e-02   1.5143307e-01   8.3265504e-03   1.8338125e-01   7.0940185e-02   6.5167555e-02   1.2911194e-02   2.7106690e-01  -9.3825862e-02  -9.1198603e-02   6.1681738e-02   2.0165546e-01  -5.1265133e-02   1.9256864e-01   1.4387502e-01   9.4096385e-02  -1.9811544e-01   2.8977660e-01   9.2996465e-03   2.4145408e-01   1.1624981e-01  -5.8207401e-04  -2.0260859e-01   4.0601657e-02   1.2711009e-01   4.4197510e-02  -8.5200918e-02   9.9909551e-02   1.6612246e-01  -7.9909942e-02   2.7375151e-01  -1.1730545e-01   1.0674627e-02  -1.5184214e-01  -1.8296540e-01   2.2086107e-02   4.0805434e-02   2.7066036e-01  -1.8896467e-02  -1.6551490e-01  -1.1458961e-01   2.0974312e-02   2.0054545e-01
  -1.4338061e-01  -2.9607417e-02   9.6634518e-03   7.2857343e-02   2.7201248e-01   7.8110648e-02   5.1904989e-03  -4.0350905e-02   3.3636612e-02  -2.5751245e-02  -2.5902258e-01   6.1277328e-02  -1.6755679e-01  -1.5660561e-01  -1.4537341e-01   1.0230296e-01   1.2007287e-01   6.0809270e-02  -3.4223460e-01   7.6059622e-02   1.0631302e-02   2.7465598e-02  -1.5064081e-01   1.9473188e-01  -4.6032150e-02  -3.6991712e-02   2.5216452e-02   7.0963938e-02   1.3914505e-01  -4.9639428e-02   2.5405490e-01   3.4863848e-01   9.9708398e-03   1.8881598e-01  -2.3642186e-01  -8.8281588e-03  -2.1749036e-01  -3.3311738e-05   5.3156036e-02   9.6857899e-02   1.6924595e-01   9.6903150e-02  -8.3032792e-02  -4.3333564e-03   5.7718429e-02  -1.6693559e-02   8.8454648e-02   3.2646729e-01   2.8212184e-02
  -1.4952298e-01   5.1531493e-02  -1.8792347e-01   2.5514721e-04  -1.0562420e-01   1.5767961e-01  -1.5421033e-01  -1.0986229e-01  -2.2298131e-01  -1.9474153e-01   7.4785888e-02   3.3189392e-01   2.0605103e-01   9.7475151e-03   5.1181268e-02  -1.6530535e-02   1.7746060e-01   2.2482303e-02   3.6516019e-02   5.4883024e-02   1.3919885e-01  -1.6223327e-01  -5.8253500e-02  -6.3369757e-03   3.7276956e-02   2.0148826e-01  -2.9859842e-01   3.5632036e-02  -2.7084002e-01   6.2606472e-02  -1.6440813e-01  -1.5507787e-02   1.4459656e-01   8.9070188e-02  -2.4437606e-02  -1.6128295e-01  -1.7690032e-01   2.2936416e-01  -1.3026825e-01  -3.5391127e-03   2.1320533e-01   7.4017071e-02   8.9982550e-02   2.0573720e-01   2.8220714e-02   1.1202261e-01  -8.9073504e-02   1.2876634e-01  -3.1238911e-02
  -1.3626989e-01   1.6823623e-01   8.3629393e-02   1.2910089e-02  -2.2273066e-01   1.3333649e-01  -1.6124386e-01   1.7324760e-02   1.8002746e-01  -1.3682634e-01   6.8184102e-02  -7.0615739e-02   6.3465424e-02   1.7172121e-01  -1.1523292e-01   1.9697985e-01   1.8395835e-02   2.2947296e-01  -1.2738634e-02   1.2933089e-01   1.7992655e-01   1.9244667e-01   6.8230145e-02  -6.6325524e-02   2.4159430e-02  -6.7599290e-02   9.9649622e-02  -1.1602726e-03  -1.3507875e-02  -6.6818568e-02  -1.7809473e-01  -1.7520329e-01   2.5133999e-02   1.4671010e-01   7.6094443e-02   1.2399155e-01  -2.5997885e-01  -1.1439882e-01   2.5486669e-01   1.5092124e-01  -1.9946900e-01   4.1146381e-03   2.9687844e-01  -1.3196622e-01   4.7668394e-02   3.4726796e-02   2.4892428e-01   2.2984637e-01  -8.0130995e-03
