  -1.3367259e-01   4.1836536e-02  -2.4237995e-01  -1.2012509e-01  -1.6468681e-01  -1.1030128e-01   3.0900152e-02  -8.4116748e-02  -8.6576798e-02   5.3170277e-02   2.0761502e-01  -2.6876732e-01   1.6253107e-01  -9.2103944e-02  -2.6280644e-01  -1.2091897e-01   1.9016969e-01  -1.1309166e-01  -1.1937235e-01   1.2756631e-01  -5.3103441e-02   5.6381011e-02  -1.0613150e-01   9.0499035e-03   4.0180213e-03   2.5411300e-01   2.8804086e-02  -1.2813861e-01   1.4339795e-02  -3.0214411e-02   2.4724333e-01  -1.8792485e-01   1.4756583e-01   4.2419882e-03  -3.3928133e-01   8.8674158e-02   5.9786673e-02  -8.5329229e-02  -2.4773792e-01   3.7235828e-02  -4.5494764e-02   5.0620173e-02  -1.1375168e-01  -5.6199834e-02   1.1213237e-01   8.5736531e-02   1.3812170e-01   5.8622651e-02   2.4053416e-01
  -1.3291014e-01   1.2434390e-01  -2.4714190e-02   3.8407511e-02  -3.5026303e-02  -5.7985353e-02   1.2049748e-01  -1.6819126e-01   8.9784519e-02  -4.3876844e-02  -1.8005398e-01   1.5856956e-01  -1.5628178e-01  -9.2460680e-02   1.2608810e-02   1.2520927e-01   1.5016423e-01   3.0848438e-02   4.8587891e-02   1.4459271e-01  -3.6722453e-02   6.8816875e-02   2.8127540e-01   8.5326590e-02  -2.5731555e-02  -1.4349340e-01   1.4272107e-01  -5.7429732e-02  -2.1136133e-01  -1.1834404e-01  -9.2752324e-03  -2.9171811e-01  -2.3149892e-01   5.8899101e-02  -3.7687954e-01  -1.0218832e-01  -5.5108359e-02  -3.0231876e-02   1.6309740e-02   3.1048090e-01  -1.3747537e-01   1.5324544e-01  -3.9032802e-02   1.3323334e-01  -1.8224754e-01   2.9708537e-02  -2.3637935e-01  -6.8038927e-02  -8.1121574e-02
  -1.1475155e-01  -7.3660817e-02  -4.3246406e-02   1.2098434e-02   5.6078107e-02  -9.6779098e-02  -2.7296816e-01   2.3268536e-02   1.4188621e-01  -8.3445859e-02   1.6113199e-01   2.4573418e-01  -1.1018368e-01  -1.3394765e-02   1.2487907e-01  -9.9664057e-02   1.1038637e-01  -3.7563653e-01  -1.2128802e-01   2.5723005e-03   7.1543995e-02  -3.6118588e-02   6.1985329e-02  -1.2057206e-02  -3.2682706e-01   2.3973576e-01   2.0107403e-01  -7.2407629e-02  -3.6866752e-02  -5.7146749e-02  -2.5761151e-01  -1.1538182e-01  -1.0156619e-02   3.1858466e-01   1.8611663e-02   8.7402248e-02   7.4392203e-02   3.3809686e-03   8.3597514e-02  -2.4191245e-01   3.9162541e-03   7.6918715e-03   6.1828500e-02   4.4440909e-02   1.9520830e-02  -1.3790870e-01   2.5568151e-02  -2.1983983e-01   1.1383231e-01
  -1.4600020e-01  -4.9260032e-02  -4.2380876e-01  -3.6315289e-02   1.0675194e-01   3.7793525e-02   1.7246766e-01  -1.2639755e-01   1.4774777e-01  -8.5809552e-02  -1.3312949e-02   9.5927328e-02  -5.9648783e-02   5.4331002e-02   1.6317479e-01   7.7258513e-02   4.9517623e-02   1.4571571e-02   4.9315673e-02   5.1796929e-02   6.0830911e-02  -5.8827994e-02  -3.7329695e-01  -6.1473415e-02  -1.3408731e-01   5.2561929e-02   2.6086919e-01   1.2563671e-01   1.7377137e-01   2.1964829e-01  -1.1558177e-02   1.4066868e-01   2.8142313e-03  -1.6446422e-01  -3.9185043e-04   2.3574840e-01   1.3112657e-01  -2.8075510e-02  -1.0247252e-01   9.9350935e-02  -1.8876472e-03   6.2717990e-02   5.8162143e-02  -1.3556162e-01  -2.2151388e-01  -9.2499049e-02  -2.2764979e-01   1.6918691e-01  -1.1546492e-01
  -1.3823574e-01  -5.2256600e-02   4.0813204e-02   4.3794494e-02   7.5206532e-02   4.7878460e-02   2.1757677e-02  -4.0976022e-02  -1.2636111e-01  -1.2286255e-01   1.7202167e-01   1.2172026e-01   4.5862423e-02  -2.9520283e-02  -1.2503536e-01   1.6599235e-01  -7.5183665e-02  -2.3348285e-01  -2.4897601e-01   9.7062959e-02   7.2654119e-02   2.7958170e-01  -6.8950147e-02  -1.4102775e-01   1.9736104e-01  -3.3442875e-01  -1.0633934e-01  -1.3973136e-01   2.3657277e-01  -1.1813814e-01  -2.9149459e-03   4.4624377e-02  -5.0872571e-03  -3.0040408e-02  -8.4886994e-02   1.5089859e-01  -1.3361168e-01   1.9512209e-04  -1.4788978e-01  -2.3285897e-01   6.7093176e-03   2.7410050e-01   6.8292293e-02   2.3201736e-02   1.3212139e-01   4.7320623e-04  -1.3293935e-01  -1.2634314e-01  -3.0546364e-01
  -1.3522673e-01  -6.4599801e-02  -3.6940419e-02   3.0056337e-02  -2.6811027e-01  -6.4018984e-02  -1.1516315e-01   2.1978372e-01   2.5705418e-01   3.0162732e-02  -2.8562310e-01  -2.2321551e-01   1.3293294e-01  -6.5765202e-03   2.8293584e-01  -7.6559277e-02   1.3604106e-01   5.5992298e-02  -5.2319881e-02   7.7335491e-02   4.3562478e-02   1.5327104e-01  -4.4310389e-02   4.7082488e-02  -8.5737581e-02   1.8547482e-02  -1.4900237e-01  -7.6231506e-02  -6.2172065e-02  -2.6437912e-02   1.7868724e-02  -1.9124797e-02   8.2623687e-02  -7.3686719e-02   5.5098307e-02  -1.5398949e-01  -2.9942879e-01  -4.0510933e-02  -1.3544077e-01  -1.9718697e-01  -1.6727522e-01   7.9406639e-02  -1.5844218e-01  -2.7357610e-01  -1.3119284e-01  -2.3457042e-01  -4.4176939e-02  -9.2290259e-02  -1.7420237e-01
  -1.4861602e-01   2.2685598e-01  -1.6132038e-01  -1.3412928e-01   3.2731270e-02   8.0662928e-02  -1.8669921e-02  -5.1450861e-02  -5.8438611e-03  -2.5003232e-02  -8.8742676e-02   1.5538578e-02   2.0206746e-01   7.4933243e-03  -1.1359431e-01   1.9839488e-01  -6.8665267e-02   1.6849968e-01  -2.6767218e-01  -2.4326784e-01   7.3900262e-02   8.2834452e-02  -1.0731885e-01   1.1762878e-01  -6.0239403e-02  -1.0959110e-01   1.5902105e-02   1.2665558e-02   4.8323103e-02   1.1912048e-01  -2.9212255e-02  -2.9472346e-01   1.1818162e-01   6.9963556e-03   2.1573184e-01  -8.5617134e-02   1.8198618e-01  -1.4530012e-02   1.8918923e-01   1.2086114e-02  -2.7340133e-01   1.1746798e-01  -2.5265815e-02   2.5518506e-01  -9.4609840e-02  -1.7612858e-01   3.2780382e-01  -8.5032631e-02  -4.3722830e-02
  -1.2398781e-01   1.4765272e-01  -5.0166262e-02   1.7179045e-01  -1.2577529e-01   1.2469504e-01  -4.8868161e-02   5.7049552e-02  -1.3538475e-01   2.0647704e-01   1.0281077e-01   4.4075791e-02  -1.9430744e-01  -1.6433781e-01  -1.9746491e-01   6.6997414e-02   1.7728293e-01   1.0095310e-01   1.1891979e-01   1.0088453e-01   2.1887587e-01  -1.6330247e-01  -4.8328408e-02   6.6960483e-02  -3.0690024e-02  -4.0988491e-02  -3.1827357e-02  -1.1261509e-01  -3.1039169e-01   1.8744924e-01  -1.7045805e-01   2.1805721e-01   3.2966004e-01  -1.0508821e-01   3.0427191e-02   2.1956429e-02   1.0163872e-02   2.9725228e-01  -6.5150433e-02   9.2787333e-02  -5.7458175e-02   1.1754653e-01   9.8268113e-02  -1.9796728e-02   1.4365023e-01  -8.9587751e-02  -4.8059866e-02  -2.4015696e-01  -4.5550557e-02
  -1.2825872e-01  -9.1724257e-02   3.3486929e-02   2.1603774e-01  -6.9429540e-02  -8.2946248e-02   9.0785225e-03   1.7208449e-01   1.4133951e-01  -1.2035356e-01  -6.9697267e-02  -1.1342930e-01  -1.6010428e-01  -3.3082191e-01   2.8232964e-02   2.7425638e-01  -2.4240490e-01   9.2357000e-02   8.7533688e-02  -1.5722686e-01   9.7287203e-02  -1.2399168e-01  -2.5187918e-01  -1.1385371e-02   7.5676381e-02   7.4124971e-02  -1.6159059e-01  -1.0553448e-02   1.5990705e-01  -9.2813453e-02  -7.8294426e-02  -2.3737219e-01   5.4943702e-02   6.1502059e-02  -2.6473305e-01  -6.1434345e-02   2.1978983e-01   1.8071026e-01   4.9429444e-02  -1.8562643e-01   6.7624250e-03  -1.3151867e-01   2.9690023e-02  -5.7366494e-02  -7.6694331e-02   2.5433400e-01  -6.8352725e-02  -4.2332070e-02   5.8411145e-02
  -1.3560660e-01  -1.7490897e-01  -1.5044322e-01  -1.1092373e-01  -1.7608515e-01   7.3537521e-02   1.5581783e-01  -1.8264650e-01   7.4982611e-02  -3.0533437e-01   1.7959723e-02   1.1634276e-01   1.3761037e-03  -3.7340852e-02  -2.0995810e-01   1.0365641e-01   1.2405856e-01   1.7423150e-01   9.7899135e-02   5.8196787e-02   8.6376310e-02  -2.0925182e-01   1.3059356e-01   1.4111311e-02   1.0939276e-01  -1.0660157e-01   1.2184820e-01   6.7914430e-02  -3.0093406e-03   5.7826332e-02  -3.4289007e-02  -2.0057023e-01  -1.1023907e-01   2.6950524e-02   1.2360020e-01  -8.4069461e-02  -2.4542152e-01   6.8067494e-02   5.9873617e-02  -2.6812802e-01   6.5569658e-02  -2.2662651e-01  -4.1030154e-02  -1.4648651e-01   3.6130505e-01  -1.7491200e-01   1.5584663e-02   1.3891632e-01   5.7319400e-02
  -1.3477322e-01   6.1549131e-02  -2.2966916e-01  -6.5171337e-02   4.0747726e-01   1.1799373e-01  -1.6018700e-03   1.0921910e-01   4.3875533e-02   1.5301831e-01  -1.9773840e-02  -3.1422191e-02   1.0885736e-01   9.1418835e-02  -9.9268629e-02   6.7210356e-02  -4.9120593e-02   3.9632206e-02   3.1421824e-01  -6.1161938e-02  -2.9177011e-03  -9.8365484e-02   8.9690220e-02   7.1285016e-02   7.4155721e-02   6.1980284e-03   1.9165117e-02  -1.4532454e-01   3.0728020e-02  -3.7155971e-01   1.0177486e-01   9.1036988e-03   1.3242687e-01   1.4610317e-01  -9.3686086e-02   1.1450426e-01  -3.0703316e-01   1.1502939e-01  -8.1216635e-02  -7.9302551e-02   6.7942700e-02  -1.5035999e-01   2.0618816e-01   4.1490251e-02  -2.5585827e-01  -1.5148984e-01   1.4107220e-01  -3.0279491e-02  -1.6825829e-02
  -1.4853090e-01  -1.6615479e-02   1.1306152e-01   2.0307108e-01  -2.8611360e-01   1.6112845e-01   4.6106793e-02  -7.2776077e-02  -2.6281220e-01  -1.6076582e-01  -4.8605628e-02   1.3574040e-02   9.8913303e-02   1.8534043e-01   1.4003309e-01   9.6939403e-02  -1.0190620e-01  -1.9790907e-02   1.5439852e-01  -6.7075237e-02   1.6073810e-02   1.5895541e-01   1.3194141e-02   2.1718346e-01  -5.9458044e-02   1.2849096e-01  -7.2287891e-02   7.5441478e-04   1.5450474e-01  -9.1856769e-02  -1.2996218e-01  -2.0359946e-01   1.9339306e-01   7.9739713e-02   5.4036369e-02   1.9211376e-01   1.9868211e-02  -1.5378088e-01  -1.0507788e-01   3.4308919e-01   3.2067322e-01  -1.0046783e-01   3.2899531e-02  -6.1104604e-02   6.5864408e-02  -1.9614573e-01  -3.2460405e-02  -1.0889607e-01  -6.2990289e-03
  -1.5280953e-01  -6.4752091e-02   2.5081817e-03   3.9869286e-01   1.0111928e-01  -4.1423703e-02   1.8035668e-01   1.7194065e-02  -2.1153721e-02   1.2339105e-01   1.8047780e-01   1.1494515e-01   5.8315896e-02   2.3496833e-01  -1.3642582e-01   1.2111615e-02   1.6867767e-03   1.6152561e-01  -1.5913883e-01   2.2157958e-01  -1.2701672e-01   1.2936172e-01  -1.6175753e-01   7.7627989e-02  -1.3870562e-01   2.2392574e-01  -1.3323869e-01   1.8143999e-01  -8.4909811e-02  -5.0161362e-02  -2.8133607e-01  -9.7340832e-02  -1.6218446e-01  -1.0460170e-01   7.4745769e-02  -2.1661122e-01  -2.0814609e-01   4.6973468e-02  -1.1720203e-01  -8.3253761e-02  -3.0574686e-02   1.6135058e-02   1.2542300e-01   1.0270294e-01  -8.3477509e-02   1.3882718e-01   8.5158842e-02   1.5710316e-01   6.5727749e-02
  -1.4240638e-01   2.3587009e-01   2.4205899e-01   3.7967741e-02  -1.3442562e-01   1.7730667e-01   1.5378622e-01  -5.2288820e-03  -5.6685099e-02   1.6988663e-01  -2.9239918e-02   8.2608133e-02   6.8567150e-02  -2.5075554e-02   2.9098803e-02   1.8788975e-01   1.9660542e-01  -7.6689186e-02   1.8272729e-02  -4.1239010e-02  -8.2991912e-04  -2.3302296e-01  -1.4962560e-01   1.0560409e-01   7.8684376e-02   3.0424479e-01   3.6378501e-02  -2.1719660e-01   2.8907132e-01   5.0476175e-02   2.5434592e-01   1.9780350e-01  -3.0290162e-01   1.0094522e-01   4.4687493e-02  -1.7976344e-01  -5.9135740e-02  -1.3220038e-01   1.1043896e-01  -1.1484490e-01  -4.5084639e-02   8.1669749e-02   8.4712789e-02   7.2828127e-02   3.6328209e-03  -8.5698944e-02  -1.3304950e-01  -6.6443361e-02   6.9083416e-02
  -1.4763119e-01  -3.3265023e-02   8.5230527e-02  -2.9952583e-01   6.9823283e-02   1.1215733e-01   7.6353196e-02  -1.7250967e-01  -7.5920408e-02   6.9516068e-02   2.0896879e-01  -1.3506812e-01  -8.7715929e-02   1.1878311e-01   6.4741554e-02  -1.2549018e-01  -1.6967916e-01   3.1153746e-01  -1.4997363e-01   1.1673986e-01   6.8719293e-02   9.7346593e-02  -1.5039666e-02   9.4253126e-02  -3.1106504e-02   6.5630641e-02  -8.9640655e-02   1.3808133e-01  -8.0081934e-02   5.9240625e-02   5.4354846e-02   8.5082701e-02  -1.9206293e-01   2.7917271e-01  -1.8733008e-01  -7.7647954e-02   1.8156312e-01   5.8209103e-02  -8.7101843e-04  -3.9997227e-02  -3.5036279e-02  -1.8190183e-01   1.2204203e-01  -2.8315638e-01  -2.7761899e-02  -6.0377931e-02  -4.5682205e-03  -3.2053466e-01  -2.1115667e-01
  -1.4483084e-01   3.6543786e-02   8.9656864e-02  -1.2721723e-01   1.4856843e-01  -1.5594518e-02   2.9665392e-02  -2.0827098e-01  -8.7975103e-03   1.2150913e-02  -1.6058082e-02  -1.8912537e-01  -2.8715425e-02  -1.6685695e-01   8.5755658e-02  -4.3406443e-01   1.2767518e-01   2.1158251e-02   1.4619759e-01  -1.0021552e-01   1.3092765e-01   5.7609312e-02  -1.3264071e-01  -3.0774099e-01   6.3984301e-02   1.4442489e-01  -1.5086320e-02   6.5650615e-02   2.5344738e-01  -1.0267617e-01  -2.2023080e-01  -1.4356156e-01   6.7715274e-02  -1.4657139e-01  -2.3516121e-03  -2.4249413e-01  -1.3220285e-01   1.0646421e-01   1.1371145e-01   1.5278581e-01   3.8432899e-02   4.0876695e-02   8.2869949e-02   2.3963853e-01   1.5385669e-01  -8.3182235e-02  -9.4521090e-02  -4.5697749e-02  -1.1352093e-01
  -1.3315461e-01  -1.8570262e-01   1.7719162e-01  -1.8308250e-01  -2.1696866e-02  -2.4939353e-02  -1.0703297e-01  -2.0237834e-01   1.1602739e-01   1.3480393e-01  -2.2895278e-01   7.9947310e-02   1.5047634e-02   3.7696760e-02   1.7461263e-01   2.5292759e-02  -1.9256923e-01   1.7935744e-01  -1.5148973e-01   1.3286230e-01  -2.4629772e-02  -2.5111581e-01  -1.3888593e-01   6.7613618e-02   7.2599334e-02   3.5363359e-03  -1.1291563e-01   8.9526662e-02  -7.1017987e-02  -1.8056246e-01  -1.3128068e-02   8.9592067e-02   7.0962790e-02   1.7305491e-01  -3.0332796e-02   2.2206286e-01  -1.1674031e-02   1.3742129e-01  -2.1354811e-01   2.4262979e-02  -3.8280638e-02   2.8121481e-01  -5.3646378e-02   2.6144615e-01   1.9176985e-01  -1.1711014e-01  -4.3848873e-02   1.6634966e-01   2.3361058e-01
  -1.4177367e-01   2.9859905e-01  -1.0976754e-02   4.9972374e-02  -1.8394725e-01   4.0231417e-02  -1.6627885e-01   9.8250257e-02   2.2633213e-01  -2.7569597e-02  -1.6965666e-01   9.5620837e-02   1.6223964e-01   2.5495499e-01  -1.1363017e-01  -6.1501854e-02  -3.1823500e-02  -8.4775110e-02   8.8598824e-02   2.5697771e-01   2.3614368e-01   9.0257758e-02  -3.9883683e-04  -1.5288036e-01   6.6621581e-02   1.3007329e-01  -2.3941724e-02   7.5335458e-02  -7.8653848e-02  -1.7404611e-01   9.6967891e-02   6.4120272e-02  -7.9468052e-02  -3.5209375e-02  -1.6668533e-02   1.4187331e-01   2.6035660e-01   9.1900109e-02   8.2476170e-02  -3.6305326e-03  -8.3830256e-02  -2.7524122e-01   4.5109167e-02   1.4677792e-01   1.9036516e-01   1.1960686e-01   6.9394322e-03   1.6003728e-01  -2.7728782e-01
  -1.5314630e-01   6.1431778e-02   1.8751373e-01  -2.3991473e-02   1.2626049e-01   1.4471750e-01  -1.7478567e-02   7.6100581e-02   1.6091641e-01  -2.5381773e-01   1.4169095e-01  -1.0292661e-02  -2.4058583e-02  -9.7038493e-02  -1.0394320e-01   1.6377518e-03  -1.3071077e-01  -1.1907481e-01  -2.5337331e-01  -2.5987876e-01   1.1971002e-01  -1.6857789e-01   2.6773717e-01   1.4123665e-01   4.2957584e-02   2.4105508e-01   7.4365805e-02   1.5074122e-01  -1.2987292e-01  -2.9152510e-02   4.1651756e-02   1.3045501e-01   1.4971215e-01  -1.7167750e-01  -8.1089306e-02  -2.3212501e-01   4.2854812e-02  -6.7201748e-02  -2.8732744e-01   5.6324237e-02   1.0090653e-01   5.4045298e-02  -4.2875319e-02  -1.1796717e-02  -8.0306294e-02  -1.1762830e-01  -4.7395392e-02   2.4376347e-01  -1.9808308e-01
  -1.2927330e-01  -5.9775134e-02  -6.2139956e-02  -2.6480393e-01  -1.8504638e-01  -2.9026302e-01  -2.1566226e-01   6.5482657e-02  -5.9883061e-02  -9.1973532e-02  -8.7174944e-02   8.5858099e-02  -1.4566022e-01   6.4914824e-02  -1.2166603e-01   1.4827030e-01   1.3448840e-01   1.2162755e-01  -1.0092044e-01  -1.4544222e-01  -1.6635514e-01   1.0057995e-02  -2.0736541e-01  -3.0895054e-02   2.2459254e-01   1.6155477e-01   1.2022456e-01  -1.1390713e-01  -1.0742120e-01  -1.1649698e-01  -1.7786094e-01   1.8941362e-01  -7.3697247e-02   3.7482330e-02   1.3312831e-02  -3.7421764e-02  -1.4402631e-01  -3.7121942e-02   1.2368790e-01   1.7382323e-01   2.8438603e-01   8.7832964e-02   5.5324609e-02  -6.7378670e-02  -7.3281647e-02   1.8318980e-01   2.2932669e-01  -1.3844221e-03  -2.2561712e-01
  -1.2898716e-01   2.8630471e-01   1.2678696e-01  -2.0560970e-03   1.9155476e-01   2.2445677e-02   2.5467776e-02  -1.9908459e-01   1.2682376e-01   4.2612924e-02  -1.7295819e-02  -1.3089792e-01  -2.9404740e-01   1.4128999e-01   4.8491832e-02   1.5979257e-02   1.2353102e-01  -9.7172409e-02   5.5549923e-02  -9.0477883e-02  -1.7478199e-01  -9.5796411e-02   2.9206213e-02   5.7431361e-02   2.2757032e-03   1.6749792e-02  -2.5287548e-01  -6.7669894e-02  -8.1972125e-02  -1.0686172e-01  -5.3820241e-02  -2.1117058e-01  -1.4988777e-01  -3.2346990e-01   8.8124690e-02   2.8141013e-01   1.3563660e-01   1.2797944e-02   7.7895356e-02  -1.3604467e-01   7.4190712e-02   1.8411201e-01  -4.2736150e-02  -3.3348170e-01   9.9966379e-02  -2.8675154e-02   1.6474370e-01   3.9584023e-02   4.4653833e-03
  -1.5555971e-01  -1.0401136e-01   2.1419832e-01   3.6637587e-02   2.5333633e-01   2.4291092e-01  -9.1086715e-02   9.0524206e-02   5.6474910e-03  -1.9907048e-02  -1.0886646e-01  -5.8838914e-02   8.0444720e-03   9.2150160e-02  -1.5192411e-01  -2.0385104e-02   2.4553909e-02   1.5259596e-02   9.8682910e-02   3.0861809e-02   1.4441624e-02   9.0489893e-02  -1.8869389e-01   1.6595266e-01  -9.7409310e-02  -2.4487715e-02   1.4857175e-01   1.1473607e-01  -5.1311472e-02   1.2505988e-01  -5.0486803e-02   7.0012667e-02   2.1628647e-01   7.8307969e-02  -3.0420934e-01   7.8433684e-02  -1.7907331e-01  -2.8018239e-01   4.2280451e-01  -4.2953751e-02  -8.1993175e-02   8.6177583e-02  -2.4222514e-01  -7.7126398e-02   1.6166495e-01   1.3224784e-01  -2.3593070e-02   1.0124961e-01  -1.3415269e-02
  -1.5434291e-01  -1.1095249e-01   1.6298462e-02  -4.5702635e-02   9.5502010e-02  -3.4799973e-01   7.6436209e-02  -6.8605168e-03   9.8886977e-02   2.8772141e-01   6.1698004e-02   1.3219396e-01   2.3306948e-01   2.2682808e-02   4.7385443e-02   1.1865958e-01  -4.9251829e-03   2.2833607e-02   2.1559847e-01   1.1008165e-01  -9.0610327e-03   1.7822128e-01   2.3632122e-01   1.0607437e-01   2.3796774e-01   6.5148467e-02   6.3141158e-03   7.6948014e-03   6.7288822e-02   2.1787668e-01  -8.8354790e-02   4.4939612e-02   1.0569379e-01  -1.2340744e-01  -1.1821486e-01  -1.2554398e-01   2.9613365e-01   2.5696615e-02   1.2599647e-01  -1.7937287e-01   2.9481691e-01   9.3365403e-02  -1.6937563e-01   4.5927921e-02  -7.5715064e-03  -2.0100679e-01  -6.4340182e-03  -1.7104804e-03   5.3129106e-03
  -1.4068591e-01   1.7898341e-02  -1.1387601e-01   3.0573860e-02  -9.8111105e-02   2.4713597e-01  -2.7933112e-01  -3.3030433e-01  -5.6243579e-02   3.2562229e-02   8.4986060e-02   1.2024201e-01  -3.0215731e-02  -2.4438474e-01   1.0499462e-01   9.0394690e-02   1.1081083e-02   9.0472586e-02   3.1724286e-01  -8.7853521e-02  -5.8053786e-02   2.4548496e-01   2.9380426e-02  -8.6827874e-02  -2.4590112e-01  -1.2350929e-03  -5.9140938e-02   1.7035598e-01  -7.4496827e-02  -8.8061537e-02   2.3319764e-01   1.2411659e-01  -3.2145902e-02   4.1560975e-02   1.0992409e-01  -1.5349505e-01   2.2973014e-02  -4.2777790e-02  -1.1647932e-01  -1.9196201e-01   1.4871083e-01   1.3757530e-01  -1.5687693e-01   7.5220012e-02  -5.1340800e-02   2.2435544e-01   1.3126189e-01   5.8095118e-02  -3.9633392e-02
  -1.3050362e-01  -2.5554689e-01   1.6995066e-01  -1.6542971e-01  -1.1416337e-01  -1.6393939e-02   1.4974566e-01   1.2359579e-01   7.2061856e-02  -2.4789406e-02   3.0736650e-01   3.7327198e-03  -8.1166985e-02   2.1574826e-01  -2.5621415e-02   9.6040915e-02   3.2323142e-02   3.0196384e-02   1.5260701e-01  -9.9077217e-02   2.7603614e-01   1.7689233e-01  -2.7527504e-02  -4.3795804e-02  -4.8445415e-02  -6.9995400e-02   1.4870635e-01  -8.9913857e-02  -2.0793714e-02  -4.0483481e-01   6.5620930e-02   7.9515559e-02   2.8318890e-04  -1.7312241e-01   1.7862369e-01  -6.9456656e-02   1.2603783e-01   7.0658863e-02   9.4292344e-02   1.3246051e-01  -2.4323300e-01   1.0246411e-01  -1.1415594e-01  -8.7209306e-02  -8.4094150e-02   2.1948483e-02  -4.5247166e-02  -6.8726925e-03   2.7480292e-01
  -1.6964982e-01   6.8518850e-02   9.8065272e-02   9.1112576e-02  -7.4136052e-03  -6.6579901e-02  -1.7086191e-01  -1.6493659e-01  -5.5068400e-02  -5.2807621e-02  -7.3105918e-02  -4.7728405e-01  -1.8942084e-01   3.4097128e-02   1.0201058e-01   1.0953059e-01   7.3322455e-02  -1.1311183e-01  -1.1698965e-01   2.2202690e-01  -6.5915184e-02   1.2801253e-01   1.2106364e-02   2.2585185e-01   7.6577111e-02  -2.3946468e-01   3.6120609e-01   3.1655442e-02   4.4182765e-02  -1.5817153e-02   2.3188175e-02   1.0880402e-01   8.3471924e-02  -3.8748694e-02   1.0850809e-01  -1.2738786e-01   6.4666934e-02   7.1547662e-02   1.4032499e-02  -1.2732250e-01   8.1565532e-02  -1.7576442e-01   2.6102293e-01   1.3413324e-01  -7.1908774e-02  -2.5939246e-04  -6.8803901e-03   1.1064414e-01   1.5394642e-01
  -1.3328763e-01   1.6807899e-01  -1.3923405e-01  -1.5221915e-01   1.0084380e-01   9.8562879e-03   3.0501498e-01   2.5998244e-01  -1.1650817e-01   2.5227175e-02  -1.4531856e-01   9.2857744e-02  -2.6777871e-02  -3.1209206e-02   1.7182473e-01   3.3128310e-02  -1.2118214e-01  -2.1917322e-01  -1.3909207e-02  -6.4750809e-02  -2.4036066e-01   9.5515366e-02  -2.1146968e-01  -2.4229298e-02  -2.2081448e-01  -1.8778852e-01   2.1362678e-02  -6.2882416e-02  -1.9304084e-01  -1.3290617e-01  -1.7953707e-02   1.0430512e-01  -1.8884899e-02   2.7895302e-02  -7.8356075e-02  -3.1908865e-01   1.0347228e-01   6.2809725e-02  -8.7013320e-02   3.8144465e-02   1.2350297e-01  -1.1712349e-01  -6.9357745e-02  -2.5505453e-02   3.8346980e-01  -9.2467366e-02   2.6174318e-02   4.9874297e-02   6.6505331e-02
  -1.5902057e-01  -2.0530496e-02   6.0165047e-02   1.4177920e-01   2.4764453e-02   1.0115858e-01  -1.3859956e-01   1.4461958e-01   1.2320343e-01  -1.5765147e-01   6.9050154e-02   2.1271105e-02   4.1395679e-01  -2.2442277e-01   2.5931630e-02  -1.5406985e-01   2.6539524e-02   3.3626630e-02  -9.4732482e-03   7.4441833e-02  -1.6302719e-01  -3.0592312e-02   7.4767116e-02   4.6847912e-02  -4.7444526e-02  -1.4889051e-01   8.0533343e-02   3.7293556e-02   1.3302284e-01   2.3630008e-02   3.7156769e-02   7.1799536e-02  -2.0264166e-01   3.9322773e-02  -2.2178800e-02   2.2014793e-02   6.0856586e-02   3.5289347e-01   1.4973368e-01   2.8015404e-01   5.3850706e-02   2.4500253e-01   2.0824511e-01  -2.9348452e-01   3.9815752e-02   1.3888803e-02   1.6723681e-01   5.5552311e-02   1.0184052e-01
  -1.4302651e-01   2.3526889e-01   1.3495268e-01  -2.0705744e-01  -1.1287915e-01  -2.4448269e-03  -8.4512292e-02   1.1874155e-01   1.0485139e-01   1.9030820e-01   8.4938909e-02  -6.3469637e-02  -6.6338769e-02   1.3502880e-01  -1.7503152e-01   1.4510239e-01  -4.3947889e-02  -1.4760246e-01  -2.9682865e-02  -1.2187828e-01   5.4874694e-02   1.2381985e-01  -1.1376315e-02  -2.8429213e-01  -7.6709789e-02  -1.1885754e-01  -1.2251740e-01   2.1145090e-01   8.6851743e-03   3.0217620e-01   1.6508106e-02  -1.5561452e-01  -1.9949579e-02   2.2580789e-01   2.9097114e-02   3.4225426e-02  -2.3994769e-01   1.9981824e-01  -9.9150445e-03   9.0311896e-02   2.1096595e-01  -1.7415063e-02  -3.0645104e-02  -6.6063533e-02  -1.7712426e-01  -3.6179278e-02  -2.1857457e-01   1.6841475e-01   2.0949509e-01
  -1.4784324e-01  -1.8100279e-01   1.1108278e-01   1.8946961e-02  -9.6712215e-02   3.4853561e-01   1.2212391e-01   1.5701368e-01   2.8628158e-01   1.6050394e-01   6.9139657e-02   1.3694849e-02  -1.0451519e-01  -9.5343915e-02  -4.4918934e-02  -1.5279501e-01   2.6710241e-01  -5.3594076e-02   4.8555267e-02  -1.3794795e-02  -2.1175210e-01  -6.3431450e-03  -6.9643053e-02  -7.4653470e-02   2.7043215e-01  -2.2987207e-01   1.0819357e-02   2.0249485e-02   1.3081147e-02   6.3842594e-02  -1.9615553e-01  -2.7443531e-02  -4.9460455e-02   1.5936318e-01   5.3046360e-02   7.2811167e-02   2.0840092e-01  -2.1136721e-01  -2.4141726e-01   4.9752201e-02  -2.1166721e-03  -1.5689928e-01  -7.3597666e-02   1.4404082e-01  -1.2267651e-01  -7.7957526e-03   2.2087282e-01  -2.6139737e-02  -4.4573148e-02
  -1.4287683e-01  -1.6521709e-01   1.1389661e-01   7.3889695e-02   1.0365025e-02  -2.0601109e-02   1.0996520e-01  -3.8795541e-01   2.3925130e-02  -3.9928687e-02  -6.8067985e-02   1.0676700e-01   1.6775641e-01  -2.7362445e-02   2.5960133e-02  -9.1927871e-02  -1.7870231e-01  -3.4865454e-01  -2.7225584e-02   9.2435767e-02   1.7809648e-01  -1.2970500e-01  -2.0844676e-01  -1.0767379e-01   8.2431365e-02  -9.0143888e-02  -1.5507634e-01  -2.6480255e-01  -3.2972968e-01   1.2051366e-01   1.1280029e-01  -5.1281573e-03   7.6581848e-02  -1.9611653e-02   4.2544317e-02  -1.3373732e-01  -6.0949005e-02  -3.3879756e-02   1.5068474e-01   9.2254792e-02   6.4491023e-02  -1.4921135e-01   2.8478665e-02  -9.8096864e-02  -2.6746916e-01   3.3370694e-02   1.7303386e-01   1.8248294e-02   3.5347583e-02
  -1.4014296e-01   2.1732613e-01   2.1194213e-01  -8.6604027e-02  -1.5750167e-01  -1.8815224e-01   8.3348082e-02   1.3200495e-01   4.3545249e-02  -4.6833117e-02   9.0547110e-02   2.5502021e-01   3.1272157e-02  -1.7889253e-01  -1.4158214e-02  -2.3013026e-01  -7.3157479e-02   2.1923877e-01  -5.2779611e-02   6.7820307e-02  -7.6715396e-02  -9.2288238e-02  -8.9174268e-02  -1.1198396e-02  -1.5593433e-01  -1.8495361e-01   9.0924722e-02   1.6903041e-01  -3.7305802e-02  -9.0956404e-02   1.7814099e-01  -2.9506985e-02   1.2980557e-01  -3.0372333e-01  -5.5051619e-02   1.8715991e-01  -1.0067036e-01  -2.5710699e-01   5.6837984e-02  -1.6708712e-01   1.7518782e-01  -1.0156483e-01   1.7690508e-01   9.2597037e-02  -1.3767049e-01  -1.7743528e-02  -8.4546990e-03  -2.0784283e-01   1.1744144e-01
  -1.4663724e-01   3.8173780e-02   5.9955496e-02  -7.5014763e-02  -1.7022470e-02  -1.2144364e-01  -1.7573399e-02   1.3779564e-01  -3.3713817e-01  -1.4948913e-02   8.9214638e-02  -6.0547745e-02   3.9395592e-02   1.2992899e-01   1.8423037e-01   2.9032765e-02  -1.6065045e-02  -2.1430078e-01   1.6224376e-01   1.7040363e-01   1.1100361e-01  -4.1673707e-01   5.6499554e-04   4.4226289e-02  -6.2651785e-03  -1.2081978e-01   1.0657397e-01   2.9285530e-01   1.3017825e-01   4.8901793e-02  -3.3243462e-02  -1.0596377e-01  -1.0750900e-01  -4.7615659e-02  -1.9096323e-02  -2.6909169e-02  -8.5405877e-02   1.1612029e-01  -1.3268192e-01   3.1589958e-03  -8.7130627e-02   4.4826364e-02  -3.3271955e-01   5.0639932e-02  -1.0228354e-01   1.5447036e-01   2.5330983e-01  -1.1736940e-01  -1.8274306e-01
  -1.3895817e-01  -1.9070128e-01   1.0805755e-01  -9.4231012e-02  -1.1927367e-01   4.3895086e-02   1.8896826e-02  -2.0552268e-02  -2.8218447e-01  -8.7777243e-02  -1.9099055e-01  -1.0485403e-01   1.8554976e-01   1.7151574e-02  -2.9016795e-01  -1.2640694e-01  -7.4846580e-02  -1.0539050e-01   1.5666858e-01  -2.0734186e-01  -3.6880700e-01   1.5997138e-02   4.9773960e-04  -1.2548173e-02  -8.0843243e-02   1.0371542e-01   7.2691268e-02  -1.6922525e-02  -1.9203331e-01   3.9724887e-02  -9.5846347e-02   1.8173183e-02  -1.3100841e-01  -1.2237365e-01   2.1531866e-02   1.6270276e-01   1.3068917e-01   2.2246204e-01  -2.2374044e-02  -2.3623323e-01  -1.6869203e-01  -1.6637003e-02   2.6741820e-03   1.0696558e-01  -1.8400439e-01  -7.6240332e-02  -2.7549784e-01  -3.9809571e-02  -7.9581345e-02
  -1.2571544e-01  -1.6055423e-01   3.6027136e-02   5.3709180e-02   2.2957645e-01  -3.5827858e-02   5.0823695e-02  -2.0817208e-02  -4.2294764e-02   1.8386595e-01  -3.5326739e-01   5.1855956e-02  -3.3882822e-02  -2.7154440e-01  -1.7482738e-01   8.5134476e-02   1.1585719e-01  -5.3670884e-02  -2.7749878e-01  -1.7478708e-02   1.8280561e-01   1.6074653e-01   8.6381394e-02   2.6182210e-02  -7.6993220e-02   1.1653472e-01   4.7317922e-02   1.5793861e-01   1.0966680e-01  -6.6465742e-02   1.0035106e-01   9.6002603e-02  -1.6348325e-01  -1.4170477e-01   1.6215839e-01   1.8925285e-01  -5.8882987e-02   1.1167238e-01  -6.5845064e-02   1.4929067e-01   9.5109326e-02  -2.7972412e-01  -2.5016236e-01  -6.8021958e-02   3.1642864e-02   5.0787798e-02   5.4139704e-02  -2.3742736e-01   9.5629430e-02
  -1.4891905e-01   2.2158115e-01   4.0153266e-02   2.0480127e-01  -4.7071220e-02  -2.2057197e-01   2.3143118e-01  -1.0104193e-01   8.8854209e-02  -1.3130939e-01   1.6586560e-01   3.7403603e-02  -1.0882333e-01  -6.5628801e-03   1.5134136e-01  -2.3738150e-01  -8.4202118e-02   1.1633586e-01  -3.8160121e-03  -2.3853472e-01  -6.1779753e-02   1.6868169e-01   4.3376886e-02   1.5249631e-01   6.6087926e-02   1.5855491e-03   8.2273376e-02  -2.1360776e-01   5.1563241e-02   1.3077737e-01   4.3477057e-02   2.0046608e-01   3.2003554e-02   2.0966251e-01   2.0995092e-02   2.2950816e-01  -1.8533258e-01   2.5857376e-01   3.0583495e-03  -2.1832575e-02  -1.2898858e-01  -1.2332537e-01  -3.1572450e-01   1.1924563e-01   9.5219312e-03   7.7180385e-02   8.2741719e-02   1.0237068e-01  -5.3665498e-02
  -1.3153342e-01   1.2796071e-01   1.4543458e-02  -1.3867993e-01   8.3303952e-02   3.7907858e-02   4.4854683e-02   6.8551834e-02  -1.4447254e-02   1.5577083e-01   1.1859850e-02  -1.5725071e-01   1.8902799e-01  -1.8862547e-01   1.3233603e-02  -2.3245393e-02  -2.5799928e-01   1.5180443e-01   1.4148267e-02   1.3701043e-01   1.3949299e-01  -6.3035769e-02   1.1962876e-01  -1.8636485e-02  -8.3835263e-02   1.6376143e-02   2.2661473e-01  -3.6235764e-01  -7.0505491e-02   2.3837073e-02  -2.7839978e-01  -1.3244306e-01  -8.6666677e-02   6.6364550e-02   3.2194052e-01   8.3377317e-02   6.7056243e-03  -2.3201644e-01  -1.2281953e-01  -2.6326496e-02   9.8381586e-02   6.5931501e-02  -5.3974150e-02  -9.3424495e-02   4.3448962e-02   3.3174465e-01  -1.7738773e-01   9.6616614e-02  -5.1344105e-02
  -1.4343282e-01   1.0004032e-01  -8.9518977e-02  -4.0012047e-02  -1.2082351e-01  -4.0208783e-02   2.5433204e-01  -1.2669853e-01   1.0285639e-01  -9.5026667e-02  -1.9286448e-01  -2.9600667e-02  -8.4748907e-02   2.9478937e-02  -1.6882345e-01   4.4464934e-02  -1.7149287e-01  -1.0626480e-01   2.7718437e-02   1.6189336e-01  -2.1076819e-01  -7.2850250e-02   3.1803198e-01  -2.1163495e-01  -6.2179774e-02   7.6642673e-02  -1.0762983e-01   1.4404504e-01   2.5885123e-01  -5.2809398e-02  -1.7583814e-01   2.9373029e-01   2.9323651e-01   1.2114836e-01   7.3877753e-02  -8.3969891e-02   5.9810773e-03  -1.2264721e-01   7.1415770e-02   1.8862048e-02  -1.9746995e-01   1.0729335e-01   4.9270597e-02  -1.3851274e-01  -6.1803181e-02   1.4126463e-01   9.5481739e-02  -1.5093863e-01   1.1283264e-01
  -1.6968728e-01  -1.6992545e-01   4.5953577e-02   1.4320202e-01   7.5457667e-02  -1.2535981e-02  -6.1807459e-02   1.3885335e-01  -1.2538167e-01  -9.7434884e-02   6.1895467e-02  -1.4011613e-01  -1.8208224e-01   3.6352763e-02  -4.3245521e-02   7.9112707e-02   1.0689041e-02   2.4349441e-01  -1.1043712e-01   2.1159457e-01  -1.1421246e-01  -1.5230511e-01   1.3257961e-01  -3.8812269e-01  -3.1537501e-01  -9.6082619e-03  -1.0656965e-01  -3.1063654e-01   8.7021810e-02   3.9795975e-02   1.7707731e-01   2.3502277e-02  -1.3776906e-02   1.6360084e-04  -1.9432416e-02   1.8592184e-02   1.0930378e-01  -2.7420250e-02   1.3384533e-01   7.9293792e-02   1.2579124e-01  -4.8200853e-02  -1.7033100e-01   1.6521052e-01  -6.2160108e-02  -2.6453250e-01   7.6353838e-02   1.4717306e-01  -1.2875779e-01
  -1.4193386e-01   9.7066015e-03   2.0020178e-01   7.9345394e-02   1.3656502e-01  -3.5980703e-01  -9.2333168e-02  -1.2639113e-01  -1.6116164e-01   7.6793956e-02   4.6480244e-03   6.4779682e-02   2.0550188e-01  -3.4630702e-02   5.3554089e-02   1.5059292e-01   3.1939199e-01   8.8851008e-02   5.9082589e-02  -2.5975155e-01   3.8667458e-02  -7.1756445e-02   3.6093275e-02  -1.3737647e-01  -1.2489351e-01  -1.6794445e-01  -8.9143187e-02   5.6046781e-02   1.5880080e-03  -1.5545928e-02  -8.0872315e-02   7.3916795e-02   7.7207002e-02   1.4583170e-01  -4.4641574e-02   2.5578210e-02   9.2961147e-02  -2.1221837e-01  -1.8381638e-01   3.9742714e-02  -2.9349175e-01  -2.0373793e-01   1.9790264e-01  -1.8932903e-01   9.8106590e-02   9.3908217e-03  -3.4016554e-02   2.0992085e-01  -6.6075142e-02
  -1.3895995e-01  -1.9414992e-01  -5.6439121e-02  -2.3981446e-01  -8.0996328e-02  -1.3298480e-02   1.0701366e-02   1.1037238e-01   4.7017161e-03   1.5268155e-01   2.2246062e-01   2.4377285e-03  -1.1959254e-01  -2.9379534e-01   1.7922278e-01   1.5146648e-01  -1.0904109e-01  -2.0345272e-01   4.5087114e-02   1.0573400e-01  -1.5292960e-01   8.1930996e-02   1.2030251e-01   2.0578785e-01  -2.9087677e-02   1.4460362e-01  -2.1641565e-01   5.0345810e-02  -7.7437241e-03   1.0023040e-01   7.4902812e-02  -5.9305434e-02   1.1497323e-02  -1.3165894e-01   1.0254574e-01   1.6287313e-01  -1.7565087e-01  -3.7310886e-02   2.1127428e-01   1.6023450e-01  -2.5143161e-01  -1.4637382e-01   2.2932617e-01   1.2662866e-01   1.1398488e-01   2.0640847e-02   1.6194833e-02   1.8837023e-01  -1.7742465e-01
  -1.4647482e-01   8.3561137e-02  -2.9230850e-01   1.9509452e-01  -1.3305288e-02  -5.5789465e-02  -1.6716756e-02   5.4307872e-02  -6.5466533e-02  -9.1373086e-02   1.4520466e-01  -2.9636662e-01   1.0610138e-01  -1.1382559e-01   6.9424726e-02   3.5909851e-02  -8.2689500e-02  -2.8933851e-02  -9.2127276e-03  -1.1510120e-01   1.2931299e-01  -5.2098569e-02   2.5403251e-02  -1.1272089e-01   2.0848637e-01  -3.1514205e-02  -1.5655187e-01   2.2133012e-01  -2.6954086e-01  -9.7074954e-02  -1.3692390e-01   2.4007716e-01  -3.1519226e-01   4.2096126e-02  -1.9080858e-02   1.3855195e-01  -3.5348956e-02  -2.9127366e-01   1.8383611e-01   2.6091018e-02   1.7541272e-02   5.0404028e-02  -7.6612005e-02   1.2614625e-01   1.8672425e-02  -1.9627488e-01  -8.2343319e-02  -9.3489743e-02   1.9794451e-01
  -1.3320911e-01  -8.5547826e-02  -1.0881337e-01   4.9478265e-02  -5.9341156e-02  -2.5217678e-02  -3.4345627e-01  -1.0592049e-01   2.2337779e-01   1.3685147e-01   3.5103877e-02   1.1792099e-02  -3.4211097e-02   2.3290492e-01  -1.1591966e-01  -2.7108618e-02  -3.0057627e-01  -1.1152792e-02   7.2927183e-02  -2.0185661e-01  -6.0346638e-02  -9.1823090e-02   3.3779805e-02   6.9302044e-02  -1.1829966e-01  -1.5359084e-01   1.8926875e-02  -1.9867357e-01   1.9924881e-01   1.8663705e-01  -5.7029305e-02   8.6811851e-02  -2.0422366e-01  -2.9715648e-01  -1.8209149e-01  -1.2269867e-01  -1.0572060e-01  -1.1179364e-01  -1.6655007e-01   1.3870118e-01  -9.3449645e-02  -1.4146752e-01   1.4119334e-02   5.9357351e-02   1.8722817e-01   2.9912012e-02   1.1006711e-02  -2.0845293e-01   9.7837030e-02
  -1.4730106e-01  -1.5915298e-01  -1.9934057e-01   5.5024763e-02   2.6074219e-02  -1.3186589e-01   7.1725145e-02   1.7740074e-02   1.4458812e-01   3.3779010e-02   3.2454645e-02  -9.9393108e-02   4.3414116e-02   1.7049125e-01  -1.1208705e-01  -1.6884690e-01   1.9966432e-01  -5.3762096e-02  -8.1888134e-02  -1.3327276e-01  -3.0281713e-02  -2.2356018e-01   1.9042979e-02   2.7682014e-01  -1.2815808e-01  -1.7755384e-01  -2.4282064e-01   5.8366262e-02   1.7952039e-02  -7.8638822e-02   2.3735534e-01  -4.3032684e-02   1.0735476e-01   1.6179286e-01   2.3326742e-01  -7.8610613e-02   9.9801064e-02  -4.9309488e-03   1.2448001e-01   4.8064171e-02   2.1061802e-01   8.4112909e-02   5.9783966e-04   1.2100919e-01   6.3651191e-02   2.6919516e-01  -3.1859553e-01  -1.1537625e-01  -1.6749614e-01
  -1.5928950e-01  -1.1529157e-01  -1.4746099e-02   2.7669945e-01   4.5696836e-02  -1.3960813e-01   2.9824776e-03   1.1693918e-01  -6.2437674e-02   1.5690406e-01  -1.0568599e-01   3.8100378e-02  -2.2071055e-01   5.3470428e-02  -3.5009867e-02  -1.2526648e-01  -2.4434530e-01  -5.9071138e-03   9.0112156e-02  -9.5108118e-02  -4.4972296e-02   4.1472710e-02   6.5054553e-03  -1.9434121e-01   2.3378028e-01   1.0550374e-01   3.0413433e-01   1.3561685e-01  -1.2169732e-01   9.5912332e-02   3.7781056e-01  -2.2532136e-01   1.4451296e-02   1.3688816e-01   1.8659414e-01  -2.9901291e-02   8.9916645e-03  -1.0931946e-01  -6.2967100e-02   2.7879988e-02  -1.1120909e-01   2.1557993e-01   1.7278065e-01  -1.3536503e-01   1.7273168e-01  -7.8786591e-02   5.6713176e-02  -6.1219175e-02  -7.4516227e-02
  -1.5098394e-01   3.8493612e-02  -1.7204427e-01   6.9789268e-02  -4.0231966e-02   2.4743050e-01  -1.8045250e-01  -3.7492688e-02  -1.8472527e-01   1.9666882e-01   9.7484661e-02   1.9790198e-01   6.5263632e-02   9.9889717e-02   2.8601809e-01  -2.8052316e-02   3.8504057e-02   7.1660449e-02  -3.2165785e-01  -7.2047857e-02  -2.1976948e-01  -1.1580034e-01   1.3150049e-01  -1.7299724e-01   2.8055755e-01   1.6323905e-02   8.4117720e-02  -1.0583854e-02   9.5723056e-03  -1.3515604e-01  -1.7557434e-02  -8.9891538e-02   2.1563287e-01  -1.3298671e-01  -3.6222095e-02  -5.4879754e-02   8.4869144e-04   9.1801777e-02   1.8549509e-01  -2.4372571e-02  -7.0561687e-02  -1.9451692e-01  -1.5495834e-01  -1.5419611e-01  -4.6829315e-02   1.3084292e-01  -2.3954042e-01   1.4906123e-02   9.7825680e-02
  -1.5784033e-01  -1.4737269e-01  -1.1596669e-01  -6.0418132e-02  -1.1937741e-01   1.3880455e-01   1.7042295e-01   1.4520236e-01  -2.0536276e-01   3.4165443e-02  -2.4395907e-01   2.7662218e-02  -9.1915217e-02   1.5023745e-01   1.8455451e-01  -1.7657304e-01   1.0268669e-01   2.8827305e-02  -9.3685991e-02  -2.0581389e-01   3.3636922e-01   5.8270857e-02   2.7266690e-01  -1.9442153e-02  -5.9438108e-02  -3.3151863e-02  -7.7804601e-02  -7.6552172e-02   1.4747144e-02   1.7408527e-01  -1.8584310e-02   4.4799632e-02  -7.7038605e-02  -7.5204371e-02  -2.2376048e-01   8.3974320e-02   1.3602163e-02   9.4766383e-03   1.4208392e-02  -1.8157262e-01   9.2275193e-02   1.3580932e-01   2.9529183e-01   8.4583055e-02  -2.8010470e-02   2.1305940e-01   1.9534118e-01   1.5753502e-01   1.3009153e-01
  -1.4154260e-01   9.7802130e-02  -1.1300234e-01  -7.5250500e-02   9.3026526e-02  -6.5988593e-02  -2.5520605e-01   1.2737758e-01  -2.5863178e-01  -1.3394284e-01  -9.7693255e-02   2.5157244e-01  -2.4389763e-01  -9.5044637e-02  -1.8078361e-01  -3.1954637e-01  -5.1105376e-02   1.0067097e-02   8.2915413e-02   1.7062487e-01   8.6979825e-02   7.0155183e-02  -6.2451528e-02   2.5823899e-01   1.6162303e-01  -6.8689048e-02  -2.5932002e-01  -6.9910606e-02   1.7421576e-01   1.6979392e-03  -2.9407956e-02   8.9899359e-03  -7.4671055e-02   6.4654058e-02   1.2222403e-01  -1.3606103e-01   1.1811315e-01  -1.0570197e-01  -4.9486846e-02   2.0792592e-02  -1.1421687e-01  -1.6983735e-02  -8.5150957e-02  -1.2129191e-01  -1.6334861e-01  -1.2292623e-01  -1.1379930e-01   2.1668974e-01   1.7992221e-01
  -1.4509207e-01   1.6362910e-02   6.2290008e-02  -1.2870873e-01   3.0960127e-01   2.6175472e-02  -6.8026724e-02   1.3461436e-01   5.1960934e-02  -4.4887435e-01  -1.7731859e-02   2.8191467e-02   7.2945945e-02   1.2531008e-01   1.8811692e-01   1.4399952e-01   1.6199814e-01   9.0574090e-02   1.0634407e-01   1.0518229e-01  -9.3016493e-02   9.7495870e-02   1.2105854e-02  -1.0340186e-01   1.6709389e-01   1.5681073e-01  -1.4278659e-01  -7.3085108e-02  -1.4214280e-01   2.8798949e-01   1.2281719e-01  -2.9396905e-02   6.1217566e-02  -6.0837439e-02   1.1532051e-01  -2.4064040e-03  -2.4943670e-02   5.3941231e-03  -1.8201173e-01   4.7447613e-02  -5.8660894e-02  -3.5365834e-02   5.0611779e-02   1.4492985e-01   6.9711254e-02   2.1288137e-01  -8.0749238e-02  -2.8752856e-01   2.2123241e-01
