  -1.5343622e-01  -7.4944317e-02   5.0777982e-02  -8.6089973e-03   1.1894108e-01  -7.5606080e-02   1.0114109e-02  -4.3213951e-02  -1.1274619e-01  -1.4832960e-02  -4.5164069e-02   2.2188567e-02  -3.4204880e-01  -2.7384553e-01   8.1720380e-02  -2.5644208e-02  -1.2388158e-02   1.6940727e-01   3.1343015e-01   3.1019937e-01  -5.0622281e-02   1.5489556e-01  -2.2931419e-02   9.9428273e-02  -2.3563420e-02   1.3765882e-01   1.2127212e-01  -2.2116075e-03  -5.5504358e-02  -1.1853365e-01   1.9729120e-01   2.4589531e-01   1.9164846e-01  -1.1614535e-01   1.7125201e-01   6.2289147e-02   4.7970386e-02  -4.9537573e-02   2.2934316e-01   1.7255790e-01  -7.5654842e-02  -5.5682377e-02  -2.2409007e-01   2.1897519e-01   1.8065620e-02  -2.8285848e-02  -1.6474880e-01  -1.1877947e-01  -2.5007642e-02
  -1.3555111e-01  -2.4282280e-01  -2.1298798e-01  -1.7029134e-02  -5.7423636e-02   7.1795666e-02   5.4069093e-02  -3.1800385e-01  -7.9399000e-02  -1.1321481e-02   6.2046037e-04  -9.6909409e-02   1.4027590e-01   1.1732695e-01   1.5520888e-01   7.7329271e-02  -1.8542115e-01  -8.6423935e-02   9.9703771e-02  -1.6877193e-01  -1.8847086e-02   1.2383548e-01  -1.2431868e-01   1.4328672e-02  -1.4620763e-01   7.8308107e-02  -1.6884975e-01   2.3129179e-02  -2.9093081e-01  -9.8089910e-02  -2.8686131e-02   8.6372427e-02   1.7266536e-01   7.8003122e-02  -1.9774224e-01   6.0067670e-03  -5.9925971e-02  -4.0014061e-02   6.2601357e-02   9.7095251e-02   9.0897478e-03   2.4976623e-01   1.4413086e-01   1.2218085e-01   3.4041215e-01  -1.5674497e-01  -6.4699059e-02   1.9228905e-01  -2.0271264e-01
  -1.3307079e-01   1.1210178e-01   1.3124268e-01   2.9847408e-01  -1.1992959e-01   1.5937617e-01  -6.3663924e-02   2.2804662e-02  -3.5443550e-02   8.0634354e-02  -7.4940939e-02  -6.3915479e-02   3.5906458e-02  -3.4117353e-03   7.6985371e-02  -3.5828730e-02  -2.1908886e-01   1.3913311e-01   1.1045201e-01   7.5197111e-02  -9.8525326e-02  -8.1074546e-02   6.4225659e-02  -2.1224468e-01   2.2665834e-01  -1.6407988e-01  -3.4893511e-02   1.4513252e-01   7.3496524e-02   8.1432666e-02   2.7587341e-01   1.7497816e-01  -1.2216393e-01   6.8414973e-02  -3.8072265e-01   1.6108729e-01  -2.4673126e-01   6.5938279e-02   1.1255148e-01  -1.0358198e-01  -4.8942658e-02  -6.7898152e-02   1.7703154e-02   1.2766690e-01   1.4865963e-01   2.7775500e-01   1.2620129e-01   3.7064120e-02   6.1616177e-02
  -1.5193838e-01  -2.9552870e-01   1.1574595e-01   2.2145861e-01  -9.9625588e-02   2.1749696e-02  -1.4253833e-01   2.0697395e-01  -1.2678138e-01  -1.6418241e-01  -5.3202007e-02   5.9095211e-02  -1.2140928e-01   7.9041911e-02   2.7977740e-01  -1.3713962e-01   4.8893800e-02  -2.6613577e-02  -2.1034930e-02  -7.4768517e-02   1.0237798e-02  -9.4313662e-04   4.7078448e-02  -1.1374959e-01  -1.7299532e-01   2.3190649e-02   2.2378100e-01  -8.1219032e-02  -5.3126604e-02  -7.4919939e-02   1.7568531e-02  -5.2186185e-01   4.2259784e-02  -2.3105854e-01  -1.3395213e-01  -1.4090255e-01  -5.0599730e-03  -3.2414881e-02   1.8772673e-01   4.2234470e-02  -1.3761469e-02  -1.4252725e-01   1.6089655e-02  -5.6477385e-02   8.0165241e-02  -2.8558433e-02   8.1277493e-03   9.2089256e-02   1.5076923e-01
  -1.4409116e-01  -1.8473117e-01  -5.0643889e-03  -1.2056890e-03   5.0430882e-02  -1.6700533e-01  -3.3747951e-01  -4.1690053e-02   6.5520493e-02  -7.9222875e-02  -7.2017404e-02  -1.5032540e-01  -3.8349892e-02  -9.1943503e-02  -5.3312765e-02   1.1816546e-01  -4.0797316e-01  -4.2381197e-02  -1.8247619e-01  -2.3100624e-01   9.9058867e-02  -2.0869479e-02  -2.7912020e-02  -1.1764822e-01  -1.3677665e-02  -7.4706723e-02   9.0716467e-02   6.2628318e-02   1.2657831e-01  -5.6745120e-02   1.5736439e-02   1.1782787e-01  -1.3557358e-01   1.8571987e-01   1.3126249e-01   1.9459887e-01  -1.4008119e-02  -1.3043547e-01  -9.5612637e-02   1.0458791e-01  -6.1252633e-02  -3.4339929e-01  -1.1917712e-01  -4.5684091e-02   1.7387092e-03  -3.3886094e-01   2.0064376e-02  -4.7943564e-02   4.6037734e-02
  -1.3016160e-01  -1.1346475e-01   1.9623406e-01   1.9726372e-01  -1.0619042e-01  -1.5383615e-02  -7.1747124e-03   6.8624308e-02   1.8873833e-01   5.9696426e-02   2.0828111e-01   2.8431483e-01   3.7421312e-02  -2.7300772e-02  -1.3571865e-01   1.1721574e-01  -1.0347045e-01  -1.4673628e-01   7.0087108e-02   1.6967946e-01   9.0127751e-02   2.0154226e-01  -1.3703012e-01   5.2170597e-02   1.0015218e-01  -1.7001584e-01  -2.6045532e-01   1.7114123e-01   8.9945748e-02  -2.1280251e-01  -1.7256205e-01  -6.1503428e-02  -1.9382058e-01  -7.5309237e-02   7.9460131e-02  -2.5141866e-01  -1.5812947e-01  -9.0084533e-02  -7.1900881e-02   6.1671004e-02  -2.7977748e-01   6.9186983e-02  -2.0907683e-02  -1.5256986e-02   5.5192014e-02   2.7213115e-02  -2.7728037e-01   1.8057081e-02  -4.1133143e-03
  -1.3730902e-01   2.9001598e-01  -7.1917998e-02   5.0361600e-02   2.3552781e-01   2.2244636e-01  -6.6922883e-02  -2.0084913e-01   8.6545756e-02  -2.1081610e-01   1.8218479e-01  -4.7373609e-02  -1.7187717e-01   2.0105925e-01   1.5023722e-02  -1.4044346e-01  -3.0187611e-02  -7.8815471e-02   1.1676676e-01   5.2236866e-03   1.3430263e-03   1.5339403e-01   9.8453340e-02  -1.5431371e-01  -9.8557055e-02   1.0616037e-01  -2.8422679e-02  -9.5406208e-02   4.6978286e-02   2.1988390e-01  -3.1025439e-02   7.6462727e-02  -1.3104957e-01  -3.7690000e-02   1.6467835e-01  -4.5965723e-02   8.1642598e-02  -9.8156103e-02   7.4594516e-02   4.6422885e-03  -2.1075262e-01  -2.5439676e-01   3.6120238e-01  -4.0312265e-03  -7.5558728e-02   6.3731761e-02  -1.0363022e-01   2.5576592e-01  -3.0503756e-02
  -1.5756574e-01   1.7264885e-01   1.9542515e-01  -1.9119669e-01   1.4145976e-01  -2.2055370e-02   1.4048240e-01   2.2257511e-01  -2.4236320e-01  -1.3628544e-01   2.1765419e-02   4.5487838e-02   5.8503866e-05   1.3146580e-01   1.5083758e-01  -1.0279636e-01  -7.2665072e-02   7.0408998e-02  -1.6684557e-01   3.2390163e-02   5.3926006e-02   7.0854480e-02   1.4007073e-01  -9.4471951e-02  -1.5411826e-01  -1.7684690e-01  -1.3629748e-01  -4.4282514e-02  -5.6039120e-02  -1.3339364e-01  -4.3572159e-02   4.4124433e-02  -3.5375852e-03  -2.1283887e-01   6.4766780e-02   3.3055326e-01  -2.4826293e-01   1.1101350e-01  -2.2709222e-01   2.2870740e-01  -4.7132177e-02   8.7832268e-02  -1.1265175e-01  -1.4618688e-01  -7.1405792e-04   2.6818304e-02   3.9410756e-02   7.8458556e-02  -2.9224927e-01
  -1.3702976e-01   4.1636123e-02   2.1304422e-01  -1.4360602e-01   2.8895875e-01   6.7948829e-02   6.7601965e-02  -1.2225900e-01   1.1982371e-01   1.1038408e-01   3.5412535e-02   4.8802240e-02   2.1552078e-01  -3.3335824e-02   7.8379126e-02   2.5645474e-02  -2.2731222e-01  -6.5309223e-02  -1.6530982e-01  -2.8968392e-02   1.7489961e-01  -5.1616447e-02  -2.2558390e-01   1.1883302e-01  -2.6622505e-01   7.9250964e-02   3.8255899e-02  -2.1289576e-02  -2.1244818e-01  -3.2727062e-02  -6.8361172e-02   8.3681935e-02   9.2056735e-02  -1.9879848e-01  -1.4045141e-01   2.9501992e-02   4.5327015e-02  -1.7885211e-01   3.3535036e-02  -1.3277529e-01  -4.8141577e-02  -7.9284791e-02  -7.8832007e-02   5.3438445e-02  -1.0193107e-01   3.2641763e-01   8.2324662e-02  -1.2853121e-01   3.5026918e-01
  -1.3767277e-01   1.1703585e-01  -3.8026214e-02  -8.8473738e-02  -1.4503244e-01   3.1499495e-01   1.2005446e-01  -7.4169326e-02   9.5135584e-02   1.5380756e-01  -2.0266107e-02  -2.2527129e-02  -1.6168241e-01  -1.1020280e-01   1.0283414e-02  -2.6673235e-01   1.6039843e-01   4.9354028e-02  -1.1075681e-01  -1.1221378e-01   6.5807409e-03  -3.0315738e-01  -2.7263701e-02   1.0895720e-01   8.5829425e-02  -5.3925431e-02   1.5460147e-01   7.0148798e-02  -1.7194711e-01  -3.1770895e-01   2.1764650e-01  -2.0643464e-03  -2.0791077e-02   4.5824115e-03  -9.2274299e-02   1.1575232e-02  -5.8097682e-02  -1.4063187e-01  -2.8036270e-01   7.4862153e-02  -1.4640484e-01  -4.9259005e-02   2.0590202e-01  -4.0277478e-02  -5.2907506e-02  -2.0318330e-01  -2.4727591e-01  -7.7457441e-02   6.7908356e-02
  -1.3351511e-01  -1.8220955e-02  -1.2703430e-01  -8.2154288e-02   6.2630428e-03  -5.8412513e-02   7.4060926e-02  -2.1996909e-02  -1.2394305e-03  -3.7495570e-02   3.0027101e-01   3.9408057e-01  -5.0694615e-03  -7.8362784e-02  -1.4294528e-01   4.2156326e-02  -1.2644270e-02  -1.9457742e-01   1.3163249e-01   7.0725362e-02   1.3515774e-01  -1.3573542e-01   2.5611202e-01  -6.7883935e-02  -1.1517407e-01   2.0739154e-01   1.9131958e-01   2.3655952e-01  -1.7519081e-01  -2.3165590e-03   2.0697000e-01  -3.2315714e-02  -3.2961597e-01  -4.8971030e-03   1.6880416e-02   5.9270767e-02   2.4670111e-02  -2.3703155e-02  -2.9478931e-02  -3.0561717e-02   1.2663681e-01   4.3167173e-02  -1.3486979e-02  -3.6936977e-04   1.7643005e-01  -5.0156887e-02   3.3040956e-01  -5.9098007e-02  -6.1615524e-02
  -1.1574698e-01  -1.8485622e-01  -8.1881816e-02  -1.5902190e-01  -8.9533908e-02   1.7165365e-01  -3.6634633e-02   2.1831346e-01   9.4488361e-02  -3.4398987e-02  -4.7523094e-02  -5.2501081e-03   1.4848971e-01   4.1523084e-02  -2.5317220e-02  -2.1670584e-01   6.2009461e-02   1.7903561e-01  -6.3817371e-02   2.6075985e-01   2.6627588e-01   1.7150285e-02  -5.1075889e-02  -3.0604920e-01   8.9060035e-03   3.2782479e-01  -2.2202459e-01   8.6898927e-02   2.7624784e-02   2.5468347e-01   1.1845666e-02  -3.6146299e-02   8.4370576e-02   2.0969298e-01  -1.2714184e-01   8.5039434e-02   1.3002201e-01  -1.9086769e-01   2.6998416e-02   4.8304138e-02  -1.7029673e-01   8.0447360e-02  -1.0102026e-01  -1.4793811e-01  -4.1181804e-02  -3.9430527e-02  -9.0641150e-02  -1.7251978e-01  -5.9963393e-02
  -1.1808284e-01  -1.4118912e-01  -9.3345376e-02  -1.5116390e-02   1.7133737e-01  -1.4764883e-01   2.3224472e-01   2.9043921e-01   7.0218225e-02   7.1976020e-02   5.1064216e-02   2.9391667e-02  -1.2962594e-01  -9.5903516e-02   2.2774881e-02  -3.7011384e-02  -1.1853077e-01  -1.3405825e-01  -8.4862887e-02  -1.8718905e-01  -2.1177295e-01  -1.0118884e-01   7.4921121e-02   4.4272251e-02   1.4604071e-01   2.6584822e-01  -6.3133603e-02  -2.1233877e-01   1.0552586e-01   1.8711183e-01  -4.8852107e-03   1.7833303e-01   9.4960843e-04  -1.8970074e-01  -2.1290195e-01  -2.0455870e-01  -2.9747198e-01  -1.6859440e-01   1.2335588e-02  -2.0778733e-01  -5.2218859e-02   1.0383112e-02  -1.5251652e-02   6.5686044e-02  -1.5035694e-01  -1.6740435e-01  -1.6131404e-02   4.0997064e-02  -1.6411101e-01
  -1.5313079e-01   1.5349322e-01   1.3673462e-02   1.2933333e-01  -1.4579493e-01   2.5762595e-02  -3.5582727e-02   8.2604929e-02  -1.9539384e-01   2.2784549e-01  -2.8280237e-02  -4.1351008e-02   2.4392859e-01   4.9464164e-02   6.8177829e-02  -1.2547609e-01  -3.0607718e-02  -3.9055273e-02  -2.4196111e-01   1.5412199e-01  -3.3156968e-01   3.5040435e-01   6.8070908e-02  -5.7874311e-02  -5.0152612e-02   1.7669976e-02   1.9253935e-02   7.3300507e-02  -2.7713557e-01   3.4095341e-02  -6.5908084e-02   1.6375167e-02  -9.8722367e-02   2.6856715e-02   1.3422269e-01  -1.6142104e-01   9.6405935e-02  -2.7275882e-02  -4.7662933e-02  -5.9601562e-02   4.0167868e-02  -1.2511943e-01   6.3441493e-02   2.6993960e-01  -1.3205026e-01  -2.0493547e-01   1.1260383e-01  -2.7264754e-01  -5.9115213e-02
  -1.3712518e-01  -5.6989670e-02  -1.5757425e-01   1.7995094e-01   2.5957361e-01   3.1670936e-01  -1.9338806e-02  -3.5653434e-02   1.1001303e-01  -1.2574367e-01  -5.2135970e-02   9.7504486e-02  -6.2521384e-02  -1.8271701e-01   3.0184475e-01  -1.0916208e-01   1.3120873e-01  -3.5802425e-03   1.2239926e-01  -1.7224213e-01   1.3117315e-01   2.0188799e-01   9.4098981e-02   1.5658822e-01   5.7144367e-02  -2.2061541e-01  -2.0913524e-01  -4.2159042e-03   1.1136249e-01  -7.7141252e-03  -9.3779828e-02   6.5284956e-02  -1.1235672e-01   8.2376030e-02  -1.3619354e-01  -7.9633919e-02   1.3088392e-01   4.0972642e-02  -1.0672336e-01   8.7345262e-02   1.4944589e-01   1.2152693e-01  -1.7738596e-01   3.0625943e-03  -1.8310727e-01  -1.2126083e-01   2.7274428e-01  -1.3420973e-01   7.1972943e-02
  -1.3670402e-01   2.2653395e-02  -6.2288383e-02   6.9399709e-02  -1.8055436e-03  -3.6931786e-02  -1.7491542e-02  -1.9903289e-02  -1.5855019e-01   1.3789138e-02   9.6052665e-02   3.8398112e-02   1.0456746e-01   4.1061126e-01  -3.9526370e-01  -1.6066715e-02   9.9294198e-02   2.7647373e-01   1.1563121e-01   2.0648599e-02   1.2917078e-01   3.6825231e-02  -9.7393946e-03   6.7130592e-02  -2.8041210e-02  -8.6324063e-02  -1.0160865e-01  -3.8032969e-01   9.4412425e-02  -2.4298281e-01   1.5073767e-01   3.7880587e-02  -4.3562941e-02  -3.8635951e-02  -1.3305083e-01  -3.2125065e-02   5.2261099e-03  -3.0006833e-01   2.2902322e-02  -3.4111295e-02   1.9218537e-01  -8.0772342e-02  -1.3032538e-01   1.0391180e-01  -4.6598943e-02  -1.3859792e-01   6.9672294e-02   3.6325817e-02   8.5078685e-02
  -1.6969792e-01  -1.8750981e-01   2.2587612e-01   2.9512753e-03   1.6520076e-03  -2.1339017e-01  -1.8027942e-01  -1.8268936e-01  -1.1786822e-01   1.4732299e-01   1.7138007e-02   4.5902158e-02  -8.2955130e-02   1.0259899e-01   6.4145713e-02  -2.0107378e-02   1.9656988e-01  -1.6430316e-01   2.1495056e-01  -1.7828029e-03  -9.6379465e-02  -1.3311529e-01   1.4658345e-01  -4.7519453e-02  -3.8170427e-02   9.5762299e-02  -3.4035007e-01  -2.4335180e-02   3.6205445e-03   7.6563520e-02  -4.8099867e-05   6.1480334e-02   1.7735944e-01   9.2878893e-02   8.2786945e-02   6.8848262e-02  -2.3429852e-01   3.6519234e-02  -1.5151417e-01   7.3295396e-02   1.5381158e-01  -4.5159655e-02   2.9210902e-01  -1.5221136e-01  -1.0726889e-01   3.0419619e-02   2.7424903e-02  -2.6942660e-01   2.4117146e-01
  -1.2797330e-01   1.3686833e-01   2.1465894e-02   1.7706947e-01  -1.5859163e-02   3.3156095e-01  -8.9846298e-02   8.8401124e-03   5.1760936e-02  -7.7976983e-02   1.4451946e-01   6.7282188e-02   7.9404838e-02  -1.3987211e-01  -3.7201334e-02   3.7711274e-01   2.3627992e-02   1.2048649e-01  -6.5297246e-02   1.0097748e-01   5.5554647e-02  -1.9022908e-01   7.6894383e-02  -1.8300317e-02  -2.6563211e-01   1.3320757e-01  -6.0819774e-03  -2.2912097e-01   4.1932863e-02   1.0062875e-02  -8.2907007e-02   1.1435160e-02   2.1208115e-01   5.5269228e-02  -2.6006157e-02  -9.3539155e-02  -1.3771646e-01   3.7428717e-01  -7.7394013e-02  -1.6811875e-01   4.7530545e-02  -1.6506203e-01  -7.7797915e-02   5.7772810e-03   1.1848844e-01  -1.6545580e-01  -1.4277107e-01  -1.5624424e-01  -1.1735267e-01
  -1.4315494e-01   3.8550684e-02   3.5507838e-02  -2.3218869e-01   1.5984946e-01   1.1208602e-01   7.1479203e-02   1.9844203e-01  -2.2555052e-02   1.8427797e-01   6.0001011e-02  -3.7336308e-01  -1.9297095e-02  -2.7800033e-02  -1.1167375e-01   2.7971651e-01   9.1727812e-02  -1.2540489e-01   5.1249729e-02  -1.6644220e-01  -8.8167105e-02   4.6327095e-02   5.0862496e-02  -3.2037474e-02  -1.0610445e-01  -1.7354548e-02  -2.3294789e-01   2.5008921e-01   1.6257966e-01  -4.5230500e-02   2.5403352e-01  -1.7872922e-01  -8.8177466e-02  -1.0260742e-01  -1.1388073e-01  -1.4194430e-01   2.1485387e-01   1.2549919e-02   9.8460149e-02   1.9257705e-01   1.6940941e-01  -1.5325362e-01  -2.1949330e-03   1.7931419e-02   8.7846087e-02   1.0956805e-01  -1.2742117e-01  -8.7570485e-02  -9.4514526e-02
  -1.3777472e-01   1.7989063e-01  -3.0185511e-02  -1.5410614e-01  -3.4925162e-02   1.3139674e-01  -2.4327313e-01   2.4699309e-02  -5.8633975e-02   4.2943038e-02   1.1562797e-01  -3.7704893e-02   1.8813928e-01  -7.4095226e-02  -5.8937091e-02  -7.7948713e-02  -1.1311489e-01   1.4387478e-02   2.6573771e-01   7.0429295e-02  -1.4682703e-01  -4.5800220e-02  -1.8747821e-01   2.7398606e-01   1.1494851e-02   7.9407382e-02   3.9158088e-02   2.1774426e-01  -2.2356449e-02   1.2462826e-01  -7.8709486e-02  -2.2785147e-01  -7.0784790e-03   5.6464277e-03  -3.0144365e-02   1.2564505e-01  -2.7700541e-01   3.8280709e-02   1.7089570e-01   3.0355418e-02   1.6680877e-01   5.1239962e-02  -1.2490998e-01  -1.3123020e-01  -3.4025178e-01  -2.0567844e-01  -3.8614353e-02   2.7057341e-01   4.5618727e-02
  -1.4604212e-01  -8.6960162e-02   2.3513009e-02   4.4675071e-02   2.3821945e-01  -8.7837446e-02   3.2888751e-01   3.0685408e-02   1.2060709e-01  -1.2339238e-01  -3.3269444e-01  -2.0400924e-01   1.4041669e-01  -1.4605702e-01  -2.1198769e-01  -1.5212402e-01   1.7164735e-01   9.3046630e-02   1.0493168e-01   1.6526480e-02   1.2849179e-01  -2.3582026e-03   8.0385689e-02  -1.2726844e-01  -6.0764810e-02  -5.3802968e-02  -2.0367330e-02   1.2106766e-01  -1.6971254e-01  -1.3701296e-01  -2.1130802e-01  -5.4399741e-02  -1.7057698e-01   1.3557265e-01   1.5889264e-01   3.8471285e-03  -2.6729644e-01   1.0276413e-01   1.9209539e-01  -2.1535905e-01   1.2287492e-01  -1.1331083e-01   8.2926515e-02   4.7724792e-02   7.9840764e-02  -6.1434399e-02  -7.0516633e-02   5.0123445e-02   7.4871142e-02
  -1.4111500e-01   5.1800910e-02  -1.8289773e-01  -5.4649676e-02   2.7345877e-01  -1.3744523e-01  -6.4799097e-02   5.6540981e-02   7.1140785e-02   2.4305320e-01  -9.8455743e-02   1.1388082e-01   1.1192893e-01  -9.4511034e-02   1.2108842e-01  -3.1819081e-02  -9.9054819e-02   1.5914600e-01   7.1731440e-03   1.7615412e-01  -3.5611994e-01   1.7771251e-02  -7.9978697e-02  -5.3009833e-02  -8.0777817e-02   1.1319564e-01   3.9280728e-03  -2.5467831e-01   1.6311347e-01  -2.6003487e-01   7.2420000e-02  -7.4207317e-02  -1.9290505e-01   1.7583034e-01  -8.0354986e-03  -2.3211871e-02   1.4318990e-01   1.4615618e-01  -4.5511485e-02   6.0649530e-03  -1.0236076e-01   1.3479794e-01   1.0099091e-01  -3.1934140e-01   1.8368337e-01   2.6123828e-02   2.5080126e-02   1.1432213e-01   1.5019206e-01
  -1.3805215e-01  -4.0584048e-02  -8.9028789e-02   1.1988479e-01  -9.7502347e-02  -3.7001670e-02  -1.1068885e-02   2.1211718e-01   2.8900070e-01   2.8374318e-02  -1.5211800e-01  -1.1725073e-01  -1.3233298e-01   3.7346172e-01  -3.0964366e-02  -6.3526846e-02  -1.9266870e-01  -1.5763086e-01   6.8277399e-03   2.3862471e-01   2.3904418e-02  -1.3262336e-01   2.1846176e-01   2.9375977e-01  -1.4289698e-01  -1.0628259e-01   1.2272500e-01   7.6580244e-02  -1.5300365e-01  -2.1055635e-02  -7.4722349e-02   2.7008129e-01   7.0977301e-02   8.4172069e-02  -6.8915180e-02  -1.4658096e-01   1.2008005e-01   1.0253646e-01   8.8521342e-02   1.1052891e-01   1.4045069e-01  -1.4339000e-02  -2.8774514e-02  -2.6243262e-01  -6.4073572e-02   8.7183599e-02  -3.2845838e-02   1.3282828e-03  -7.6734421e-02
  -1.3572777e-01   2.1881318e-02  -6.9951241e-02  -5.0149750e-02  -2.8596054e-01   8.3884294e-02   3.0592459e-01   1.7681327e-01  -1.4337142e-02  -1.5397517e-01  -3.1622948e-02  -5.7874802e-03  -5.2884811e-03   2.4961580e-02   8.1209160e-02   2.1301522e-01   4.2234618e-02  -6.8618157e-02   5.8285587e-02  -2.7359000e-02  -1.5012176e-01  -1.9324977e-01  -1.9952927e-01  -8.9108581e-02  -3.1996549e-01  -1.0613766e-01   3.4884708e-02  -6.3982201e-02   1.8841117e-01   3.8109266e-02  -9.3638951e-04   9.4564449e-02  -4.3712380e-02   2.4523384e-01   2.0636057e-01  -3.7378781e-02  -1.0389106e-01  -1.2399978e-01   9.9513663e-02   2.3700819e-01  -1.5916886e-01   1.3067204e-01   4.0490313e-02   1.9336543e-01  -1.5363246e-01   2.6994455e-02   2.1814400e-01   2.5973335e-02   2.1686147e-01
  -1.3302689e-01  -2.4742735e-02  -2.2505311e-01  -9.3583095e-02  -3.8602702e-02   2.2822582e-02  -9.1391926e-02  -1.6681650e-01  -3.4768012e-01  -9.0489876e-02   8.0017065e-03  -3.7737729e-02   6.8646075e-02  -2.4565257e-01  -1.0391513e-01  -3.1987803e-02  -1.6559453e-01   6.5065646e-02  -8.8345835e-02   6.5998543e-02   2.6572443e-02  -2.4275886e-01   1.5664338e-01   4.8348551e-02   5.9050256e-02  -2.6592676e-01   2.2518812e-02  -1.4770047e-01   4.6052944e-02   1.1281067e-01  -2.3009037e-01  -1.9596900e-02  -1.6995133e-01  -1.4582761e-01  -8.6968289e-03  -1.3088634e-01   7.1138493e-03  -1.3772457e-01   2.6732559e-01   1.0001324e-01  -7.4182373e-03   1.4627699e-01   1.6041900e-01  -1.2874472e-01   1.1508471e-02   1.6038899e-01  -1.3340212e-01  -3.1410425e-01  -8.7820064e-02
  -1.3170744e-01  -1.8203287e-01  -3.7385817e-05  -1.2930314e-01   6.7099136e-02  -5.2575136e-02   1.2325976e-01  -7.0282232e-02   2.0058707e-01   2.2314708e-01   1.9852750e-01  -7.7339558e-02  -7.0901661e-02   1.5146924e-01   2.9350965e-01   6.5149335e-02   4.6993234e-02   2.5473096e-01   9.0796944e-02   2.1153596e-01  -3.3821319e-03  -8.8633630e-02  -1.6641076e-01   3.3943806e-02  -7.5380670e-03  -3.6589196e-01   1.4378212e-01   8.5929608e-03   5.5695076e-02   3.4990845e-01  -4.7186021e-02  -1.3087659e-01  -7.3657866e-02  -5.4752159e-02   1.2338313e-01   5.7929218e-02  -1.3895063e-02  -1.2771596e-01  -1.6086514e-01  -1.8929420e-01   1.4006622e-01  -7.2127570e-02   2.7409642e-02   6.0582726e-02   1.7547088e-01  -1.0400873e-01  -4.9027293e-03  -4.2324142e-02  -1.3174171e-01
  -1.4074987e-01  -1.4262615e-01  -4.7675669e-02  -2.4893797e-02  -1.6614191e-01   1.3234997e-01   3.2629940e-01  -3.4375765e-02  -1.2748959e-01   1.9351313e-01   3.3366870e-02  -2.0106507e-02   2.8051184e-02   9.4980992e-02  -1.1169923e-02   6.4151604e-02  -8.8681364e-02   1.1151497e-02  -8.9063003e-02   1.9458764e-02   1.1949473e-01   7.6724936e-02   2.0861898e-01   2.7342237e-01   2.3963231e-01   1.3358726e-01  -7.5351377e-02   2.8860276e-03   1.9651798e-01   4.2208611e-02  -1.3954104e-01  -1.9861610e-02   1.3839107e-02  -1.8365112e-01   8.2577034e-02   3.0175304e-01   1.5948286e-01   2.5817251e-01   1.4122601e-01  -3.5744041e-03  -1.9038968e-01  -1.2923988e-01   7.8241859e-02  -1.4584628e-02   8.5547814e-02  -1.6596962e-01   9.2228768e-02   7.7664185e-02   2.9397132e-01
  -1.4630597e-01   2.0725007e-01   1.1333993e-01   2.1059305e-01  -1.8253915e-02  -1.2162217e-01  -8.8394906e-02   4.8319671e-02   6.4719476e-02   2.6001827e-01   1.9006504e-02   7.9679992e-02  -2.4672716e-01  -1.3345230e-01  -2.0512551e-01  -3.8404269e-02   2.1314498e-01   9.0984679e-02  -2.3133761e-01  -2.4713401e-01   1.6869949e-02   3.4483367e-02  -1.2809681e-02   7.1711416e-02  -1.8597688e-01  -9.1088994e-02  -1.0487907e-01  -5.7503498e-02  -2.0835057e-01   3.6914779e-01  -2.6877104e-02   2.7179589e-02  -3.9016166e-02   6.3451073e-02  -7.0858441e-03   1.2041291e-01   4.2455964e-02  -4.6626394e-02   1.9970293e-01   1.2375293e-01  -4.8276846e-02   2.0539086e-01  -1.2925580e-01  -6.9490590e-02   2.3184794e-01  -9.0764477e-02  -5.0862938e-02   1.2566053e-01   1.1543060e-01
  -1.3002339e-01  -7.0750293e-02  -3.5134809e-02   1.8675401e-01   1.2475601e-01  -1.0287108e-01  -2.1239816e-01   1.9006467e-01  -2.1968372e-02  -1.5115170e-01  -2.6620039e-02  -5.6314619e-04   2.1418509e-01   1.1095681e-01   8.7358309e-02   8.0090649e-02   9.8671465e-02   8.8125033e-02   6.4612103e-03  -1.4601763e-01   3.2935872e-02  -2.1876571e-01  -3.0114749e-02   1.8194744e-01  -2.7310498e-02  -5.4893274e-02  -1.2154886e-01   1.5816518e-01  -3.6477014e-02  -3.9806353e-02   3.0507382e-01   6.5940614e-02  -1.1034809e-02  -1.4013853e-01   2.5276207e-01   1.4757661e-01   2.0551337e-01   6.2923366e-02   9.9360944e-02  -3.3474302e-01  -2.3491353e-01   2.5360881e-01   1.6619648e-01   9.1370455e-02  -1.4836229e-01  -3.6718471e-02  -7.6130872e-02  -4.3847025e-02  -1.1189518e-01
  -1.3790302e-01   3.2533700e-01  -2.1341170e-01   2.4025995e-01  -5.7116165e-02  -2.4447506e-01   9.2200446e-02   9.6218161e-02  -1.0579604e-01   1.3128164e-01   1.0033065e-01  -6.8681500e-02  -9.5070017e-02  -7.2226513e-02   4.3082727e-02   1.6661186e-02  -6.7549034e-03  -4.8499180e-04   2.5133851e-01  -8.6731737e-02   7.9061399e-02  -1.0783592e-01  -1.0224300e-01  -2.0405052e-01  -1.6263923e-02   9.0943874e-03   3.0055846e-03   2.1539568e-01   7.0040260e-02  -1.9219052e-01  -3.8524025e-01  -3.3691061e-02   2.9150099e-01  -6.4944482e-02  -1.1273766e-01   1.0377409e-01   2.0495746e-01  -1.6429350e-01  -7.7377539e-02  -1.4307354e-01  -6.2823665e-02  -7.8843128e-02   6.6194985e-03  -1.0874386e-01  -8.7558130e-03  -9.0805122e-03   1.1531787e-01  -4.9864652e-02  -8.0804101e-02
  -1.4917837e-01   3.4462692e-02  -2.4108005e-01  -1.8909314e-01   1.3853797e-01  -2.8793799e-02  -1.4487397e-01   2.1133844e-01   2.0708211e-01  -9.5667715e-02   1.5950517e-01   1.4919327e-01   7.7265004e-02   1.1246916e-01  -1.4200361e-01  -3.9043147e-02  -2.1875752e-02   1.4143461e-01  -6.0178122e-02  -1.6272916e-01  -5.8223245e-02   1.5687563e-01   8.9311531e-02  -1.5772579e-01   2.0240677e-01  -1.3037564e-01   2.2582633e-01   1.3477936e-01   3.6445656e-02   1.0742008e-02  -5.2883679e-02   3.5020575e-02   3.6573385e-01  -6.5842859e-02   3.6239895e-02  -5.2972098e-02  -1.3011062e-01   1.5163472e-01  -8.7565783e-03   1.6696519e-01   7.8205592e-02   1.4273750e-01   1.4464877e-01   2.1237898e-01   1.1741822e-01   4.7524272e-02  -7.0523030e-02  -1.0849970e-01   2.7843826e-01
  -1.5171434e-01   1.0039437e-01  -4.4716959e-04  -1.7941948e-01  -7.0837376e-02  -2.0663280e-01   1.2220095e-01  -1.8799548e-01  -6.9058019e-02  -1.7635453e-01   1.1548725e-01   5.0790215e-02  -2.8658597e-01   2.7062760e-03   9.0575087e-02   3.4967300e-02  -1.1880034e-01  -5.0736993e-02  -2.8068173e-01   1.8494396e-01   4.7329284e-02  -5.5357798e-04   1.0540612e-02  -2.1140904e-01   2.1879960e-02  -1.6246432e-01  -1.9151138e-01   8.2871250e-02  -1.4240837e-02  -6.9637689e-02   1.4090338e-01  -6.5453959e-02   4.4211993e-02   1.3039604e-01  -1.6574456e-01  -1.0558529e-01   1.4763974e-01   1.8334874e-01   1.1525012e-01  -2.8561968e-01   1.5442499e-01   1.3216522e-01  -5.9208058e-02   4.4106356e-02  -2.4246236e-01  -1.5571087e-01  -1.5963703e-01   1.3389102e-01   1.8968130e-01
  -1.6904617e-01  -1.1569340e-01  -8.6557322e-02   2.6854556e-02  -1.4322549e-01  -3.6279292e-03  -7.4805176e-02  -1.1275417e-01   3.4031808e-02   5.9026405e-03  -2.8637166e-01   1.8334512e-01   4.1467957e-02  -1.1390539e-01  -6.0887404e-02   3.1988287e-02   1.0310177e-02   2.6336901e-01  -9.4304831e-02   1.6356464e-02  -8.2119872e-02  -2.1729239e-01   9.0445149e-04  -1.0863010e-01  -1.2373429e-02   1.1399781e-01  -1.7591919e-01   1.5389022e-01   1.3280560e-03   8.5118968e-02  -9.2486875e-02   1.1456396e-01  -3.0649365e-02  -3.3216465e-01   1.1146276e-01  -1.5917895e-01   1.6332684e-01   2.1245128e-02  -2.7219138e-01   1.5034803e-01   2.1896352e-01  -1.1993371e-01  -3.1717910e-02   1.3753053e-01  -7.9151594e-02   1.4583574e-01   2.1455181e-02   3.8786829e-01  -1.0608778e-02
  -1.4585536e-01   1.3830510e-01   3.0448201e-02   2.1438277e-01   1.1412269e-01   2.0694550e-02   1.7434629e-01   1.3184553e-01  -1.3801684e-01  -3.0417066e-01  -2.5372266e-02   1.3061533e-02   6.4996172e-02   6.5342239e-02   3.0952277e-02   5.3685513e-02  -5.9417481e-02  -2.3819862e-01   2.3667960e-03   5.5266405e-02  -5.5894132e-02  -1.3080617e-01  -3.5089407e-01   2.9038017e-02   4.0008375e-01   1.0629972e-01  -1.4747449e-02  -1.2366233e-01  -1.6979819e-01   1.5120354e-01   5.3477711e-02  -2.7780422e-02  -5.1803856e-02   3.3571336e-02   1.1570571e-01   7.3936608e-02   1.4660682e-01  -3.1972387e-02  -1.3833630e-01   1.3784345e-01   2.8266799e-01  -2.3315663e-02  -5.8939931e-02  -8.1935419e-02   2.1412096e-01  -1.5760697e-02  -1.8091077e-01  -8.1965233e-02   1.3240979e-01
  -1.6285981e-01  -6.7951107e-02  -2.8629523e-02   2.2086185e-02  -6.6543520e-02  -7.1993612e-02  -2.3378740e-02  -8.0162815e-02   2.9874161e-02  -1.6984094e-01   5.4459070e-02  -3.4521903e-01   8.2733931e-02  -6.6449323e-02  -2.8838150e-02   3.5765908e-01   1.9964800e-01   2.1286203e-02   8.5513892e-02   7.7158154e-02  -1.2615275e-01   1.7165195e-01   3.0287543e-01  -4.1945760e-02   7.8962736e-02   2.7190789e-02   2.0556560e-01  -6.0088652e-02  -2.1458865e-01   6.8535443e-02  -3.6958221e-02   5.3138638e-03  -9.1483306e-02  -6.9234338e-02  -1.3758251e-01   6.2686268e-02   2.8811541e-03  -1.3892623e-01  -3.1296887e-01  -4.9078489e-02  -2.0914664e-01   1.8557366e-01  -1.7578984e-01  -1.3507398e-01  -1.2238851e-01   7.9836269e-02  -8.0639945e-02   9.8950410e-02   2.0243929e-01
  -1.3890456e-01   1.3189928e-01  -6.9627536e-02  -6.5175677e-03  -2.4210460e-01  -4.6270719e-02   1.8361244e-01  -2.1196284e-01   9.7442348e-02   1.0821559e-01  -1.4684388e-01   4.8446056e-02   9.0220284e-02   1.1712831e-01   4.5963527e-02  -1.2844478e-01  -2.1316887e-01   2.8999949e-02   2.4120206e-01  -3.6680578e-01   7.3868524e-02   1.2901771e-01   2.9456977e-02  -1.5100359e-01  -3.6937682e-02   3.7865681e-02   5.6882787e-02  -9.6972288e-02   4.1586774e-02   1.1813387e-01   2.3188531e-01  -9.7822180e-02  -1.5926933e-02  -1.0929864e-01   2.5188846e-01  -1.5273455e-01  -5.1416915e-02   1.6130595e-01  -3.1173316e-02  -8.8323514e-02  -1.8841944e-02   6.6368565e-02  -3.0363491e-01  -2.0294392e-01  -7.0122296e-02   9.0467945e-02  -1.5721796e-01  -2.0243154e-01  -2.9056259e-02
  -1.6404757e-01   2.0588998e-01  -2.9875452e-03  -1.2173437e-01  -8.2334396e-02   2.8555000e-02  -1.0744317e-01  -2.6141630e-02   1.7354383e-01   1.4512815e-01  -2.6248437e-01   1.7619711e-01   3.8234665e-02   1.6985305e-02   2.7478794e-01   3.8634619e-01   1.7879666e-01  -7.9540760e-02  -1.3703553e-01   1.8757694e-02   1.9708410e-01   9.5822600e-02   8.5843149e-02  -5.5939778e-02   2.9638042e-01   5.5057018e-02   5.2332727e-02  -1.1175972e-01  -3.2459140e-02  -1.4601414e-01   2.3875966e-02  -2.1264655e-02   5.0119480e-02   1.9804057e-02   1.1768832e-01   5.0052834e-02  -1.3029352e-01  -2.6615182e-01   3.0235251e-01   8.8993194e-04   1.3779309e-01  -2.2786334e-02   9.7016460e-02  -8.4559821e-02  -5.1307863e-02   3.1339487e-02   5.7899685e-02   6.9120137e-02  -1.6325623e-01
  -1.4663528e-01   3.2949159e-02   2.3694953e-01  -1.9546217e-01  -6.3267480e-02  -4.2106881e-02   2.6993930e-02  -6.0563832e-02  -2.0819109e-02  -2.8827591e-01   4.1618537e-02   1.1493839e-02  -1.5821475e-01   9.5316362e-02  -4.2488691e-02   8.3730694e-02   1.9079832e-02   4.0606731e-01  -2.2714498e-02  -1.7518817e-01  -1.5638339e-01   3.8232668e-02  -1.5318157e-01   2.0519592e-01   1.8443160e-01   1.1323575e-01  -4.9276750e-02   1.5503725e-01  -1.4655856e-01  -2.7281960e-02  -7.2617406e-02   1.3896675e-02  -2.5516144e-03   1.1964221e-01  -3.8207067e-02  -2.8350094e-01   1.1066350e-02   5.1669010e-02   6.6873435e-02  -4.9352932e-02  -1.7222820e-01  -1.2554609e-01   3.9974612e-02  -2.3458427e-01   1.0087117e-01   3.0676238e-02   3.3080205e-01  -1.2720776e-01  -1.0479114e-01
  -1.3857771e-01  -1.6479686e-01   9.1418171e-02  -1.3549347e-01   9.5086293e-02   6.1659901e-02   5.0390999e-02  -1.4211361e-02  -3.1173562e-01   6.0033037e-02  -9.8289225e-02   3.7433016e-01   1.4858964e-01   9.7498439e-02  -2.4044885e-02   2.2539841e-02   2.4803964e-01  -1.4250171e-01   6.5777203e-02  -1.6307540e-01  -1.2491184e-01   3.4346218e-02  -2.0301410e-02  -2.8080064e-02  -1.7781409e-02  -1.7130866e-01   2.6976904e-01   1.0509050e-01   9.3757181e-02   9.3136003e-02  -9.9727824e-02   2.2766370e-01   3.4713512e-02   2.4319634e-01  -1.7356146e-01   2.2837126e-02   1.5717332e-01   4.2451274e-02   3.1337670e-02  -1.0917571e-01  -9.0902988e-02  -2.0733471e-01  -1.2381277e-01  -7.6854036e-02  -5.0443344e-02   5.8536362e-02  -2.7053672e-01   1.1254744e-01  -9.9629028e-02
  -1.3058794e-01  -1.2129356e-01   1.2297345e-01   1.3564593e-01  -1.9540596e-01  -1.6671626e-01   1.6195620e-01  -7.7647640e-02   3.1402655e-01  -1.4728411e-01   1.6962746e-01   4.3033842e-02   1.3752832e-01  -2.0946255e-01  -1.0611025e-01  -4.6970576e-02   4.8764808e-02   7.0693721e-02  -4.7315850e-02  -6.0925826e-02  -9.7420424e-02   1.9775252e-01  -1.5079810e-01   4.3328440e-03  -6.5928072e-02   6.5463436e-03   1.1254421e-01  -1.4496356e-01   7.8369514e-02  -2.6170914e-02   5.0717052e-02   1.4193087e-02  -2.6091634e-02  -6.6396287e-02  -2.1005461e-01   3.1271655e-01   1.5116841e-01   1.0892750e-01   9.1976939e-02   1.5438594e-01   1.9624410e-01  -5.6016022e-02   2.8843140e-01  -6.6870486e-02  -2.4980502e-01   6.9786695e-02  -4.3900654e-02  -9.5281023e-02  -2.3522401e-01
  -1.6668029e-01   2.5097306e-02  -1.3022122e-01  -1.6106934e-01  -1.8012906e-02   2.9880513e-02  -1.4989082e-01  -1.6216231e-02   9.7708703e-02  -3.3302759e-02  -3.4414330e-01   1.0336344e-01  -3.2508862e-01   1.5135286e-01  -2.0784188e-01   5.8158851e-02  -3.7073065e-02  -1.5398247e-01   7.5444099e-02   1.7305926e-02  -1.0080226e-01   1.8525534e-02  -1.1569144e-01   1.0062379e-01  -5.9143100e-03   4.3573579e-02  -5.4204326e-02  -1.2026750e-01  -3.5188631e-02   1.5215695e-02  -1.6822229e-01  -3.1144944e-01  -1.3637702e-01   2.1445611e-02  -1.4535247e-01   2.7362166e-01   1.2264887e-02   1.2420964e-01  -1.3743985e-01  -1.2095258e-01  -1.3407913e-01   3.7830889e-02  -2.7468581e-02   3.3876089e-01  -2.4751478e-02   1.5424068e-01   9.7456101e-03  -1.9486556e-01  -1.3058890e-01
  -1.4193116e-01  -9.7935304e-02  -1.4947680e-04   2.3674870e-02   1.0991306e-01   1.2440534e-01  -2.1035208e-02  -2.1990712e-01   9.6231599e-02   1.6923874e-02  -6.7819568e-02  -9.1585486e-02   5.4530344e-02  -2.5647590e-02  -2.8704608e-01  -8.5551191e-02   1.5538520e-01  -3.2564645e-01  -9.1546255e-02   1.9317556e-01  -1.3982472e-01  -7.3856368e-02  -1.8357609e-01  -2.0378941e-01   1.0269285e-01  -2.2179018e-01   2.7932179e-02  -3.7453757e-02   3.2440678e-02   1.5240723e-02   1.4533882e-01  -1.0302155e-02   2.7739554e-01  -2.4376509e-01   6.8583560e-02  -5.4160478e-02  -2.3190778e-03   8.1614619e-02   8.6863293e-02   1.4570869e-03  -1.9735127e-01   2.0365992e-02  -1.3514704e-01  -1.7562568e-01   1.8493761e-02  -1.3605372e-01   3.6807197e-01   3.1654578e-02  -1.2199715e-01
  -1.5526896e-01  -5.4888624e-02   2.2881578e-01  -2.2623029e-01  -1.2781028e-01  -1.9688801e-03  -1.4343822e-01   2.3674374e-01  -5.8883136e-03   1.5358353e-01   1.6613525e-01  -1.3511414e-01   4.8503406e-02  -1.9512226e-01  -2.8695912e-03  -1.2195194e-01  -7.6925412e-02  -9.2993185e-02   2.5135440e-01  -8.7786007e-02   2.2663150e-01  -9.7839098e-02   1.2147102e-02  -9.8162523e-02   1.9271728e-01  -1.0181822e-01  -5.5673680e-03  -3.7466137e-01  -2.3709741e-01  -3.8043632e-02  -7.4817970e-02   5.3796138e-02  -5.2576492e-03   1.4057264e-01   8.0207493e-02  -1.3085772e-01   2.2278594e-01   2.0529950e-01  -3.6202565e-02  -2.2746854e-02  -4.1919019e-02   1.0733148e-02   5.0576734e-02   1.7292989e-01  -3.7741300e-02   6.6190845e-02   1.2053518e-01   2.1195664e-01  -6.9381175e-02
  -1.4444866e-01   1.3916664e-01   1.4710633e-01  -1.3106681e-02  -3.3851503e-03  -2.0090567e-01  -6.5391474e-02  -2.4569300e-01   1.9332788e-01  -9.2690027e-02   1.5802271e-01  -1.2785601e-01   2.1198735e-01   1.2710679e-01   1.9861183e-01  -2.4235254e-01   1.9798349e-01  -8.4421559e-02  -1.1045779e-01  -1.0329938e-02  -1.0615197e-01  -2.8017869e-01   1.6673624e-01   7.5123879e-02   7.9220127e-02   1.6896722e-01   8.2761211e-03   1.3424296e-02   2.3938238e-01  -1.0972442e-01  -1.6335492e-01  -3.3768767e-02  -7.5092932e-02   7.3452178e-02  -3.6719670e-02  -2.2420126e-02   3.4596047e-02   1.7339574e-02   1.1858422e-01   1.5413726e-01  -6.8925199e-02   2.7257367e-02  -3.1586561e-01   2.8623069e-01   1.4639650e-01   1.9181614e-02  -6.3153085e-02  -2.4814536e-02  -8.0560543e-02
  -1.3134842e-01   1.3285066e-01  -3.1440439e-02   5.3916987e-02   8.1637752e-02  -2.7488054e-01  -3.2037602e-02  -5.5829485e-02  -1.8303629e-01   7.8095717e-02  -1.6228710e-01  -1.1077475e-01   4.9767499e-02   3.2410547e-02   3.1196162e-02   4.0570668e-02   1.1998893e-01  -2.0111897e-02  -3.6133274e-02   1.1456126e-01   4.5024857e-01   8.4295699e-02  -2.3484103e-01   1.0436811e-01  -2.7939128e-02   1.0380584e-01   2.3871473e-01   5.5286051e-02   1.6702125e-01   1.5767265e-01   1.0865102e-01   4.6113225e-02  -1.1289691e-01  -3.8835669e-02  -2.1259839e-01  -2.5517561e-01  -1.3084335e-01   2.5158277e-01  -1.5464866e-01   2.0134816e-01  -1.2171443e-01   6.1728026e-02   1.9120238e-01   8.0251754e-02  -5.4950035e-02  -9.6144572e-02   5.5017583e-02  -3.7422243e-03  -2.6909722e-02
  -1.4597080e-01   1.0150389e-01   3.2020335e-01   3.5633231e-02   4.4964560e-02   2.1216868e-02   1.0518562e-01  -3.6343973e-02  -2.3960139e-02  -8.7098298e-02  -1.9945124e-01   4.7453596e-02   7.8932030e-02  -1.6520756e-01  -1.4564539e-01  -6.0341765e-02  -2.3983792e-01  -2.5304616e-02   1.6230063e-02   5.4940517e-02   7.1634799e-03   6.5632555e-02   2.7252275e-01   2.1620735e-01  -4.9635067e-02  -2.1015323e-02   8.7246766e-02   3.1667493e-02   2.6858799e-01   1.0923876e-01   1.0803602e-01  -2.3350982e-01   3.2546565e-01   2.0734304e-01   4.5345235e-02  -6.8695724e-02   1.1987758e-01  -2.7407544e-01  -2.0305432e-01  -8.5169398e-02   5.5668897e-02   1.8432816e-01   1.5205237e-01   6.7673774e-02   1.1142086e-01  -2.8708804e-02   5.0333643e-02   1.0543874e-01  -8.4976522e-02
  -1.4721037e-01  -8.9302419e-03   6.2048860e-02  -1.3831923e-01  -2.6253199e-01   1.5014569e-01  -2.0199567e-01   8.4741651e-02  -6.0333746e-02  -9.4724319e-02   1.2373417e-02  -1.6973136e-01  -1.2334022e-01  -5.6199624e-02   2.4806059e-03  -1.6913115e-01   1.3024065e-01  -1.4366901e-01  -7.3052150e-02  -1.4446199e-02   1.7310023e-02   2.0621340e-01  -1.7305572e-01   3.2957895e-02  -1.2071689e-01   1.2436865e-01   9.9465539e-02   3.1840819e-02   2.9671131e-01  -1.0605567e-01  -9.1207574e-02   3.0431436e-01  -1.2077659e-01  -1.6070103e-01   9.3907819e-02   2.6745089e-02  -4.3057920e-02  -4.5085517e-02  -5.2530851e-02  -3.5361053e-01   2.5194822e-01   1.8187638e-01   2.3982789e-02  -9.6189303e-02   2.6714195e-01   6.6226324e-02   5.5158857e-03   1.3291329e-03   7.2760380e-02
  -1.3483067e-01  -4.3889052e-02  -4.1011473e-01   2.3540876e-02  -1.1243271e-01  -1.4895820e-01  -5.4349073e-03   3.8732611e-02  -6.7726523e-02  -5.8724357e-02   1.6019510e-01  -3.5096372e-02   5.0658500e-02  -1.8333626e-01   3.6592261e-02  -1.3416115e-01   1.2053553e-01  -8.3990899e-02  -1.8795207e-01   3.6013650e-02   6.8390243e-02   1.2165731e-01  -2.2032412e-02   2.9443607e-01  -1.8239678e-02  -7.3084541e-02  -1.5867749e-01  -4.1130817e-02  -3.3918095e-02   1.5993574e-02   2.0725231e-01  -1.1286485e-01   1.7084627e-01   2.1464723e-01   1.0880373e-01   7.8237499e-03  -1.8196935e-01  -1.7047126e-02  -1.0105520e-01  -8.3405010e-02  -5.9079945e-02  -3.3960547e-01  -9.5935871e-02  -1.3358927e-02   6.5940772e-02   3.7676370e-01   3.5028657e-02   1.2003493e-01  -4.4312583e-02
  -1.3996976e-01  -2.3601869e-01   2.9532378e-02   2.6125656e-01   1.9486398e-01   1.8735860e-01   4.9669915e-02  -1.0091391e-01  -1.5691835e-01   2.3190688e-01   2.0219619e-01  -1.2954297e-01  -2.1228654e-01   1.2354652e-01  -1.0006982e-01   3.3708905e-02  -5.6292557e-02   9.8296496e-02  -2.2613735e-01  -7.2869438e-02   4.2727286e-02  -2.6976608e-02  -6.5451828e-02  -9.3724296e-02   1.1261312e-01   2.0220594e-01   2.0224872e-01   7.4708447e-02   4.5111021e-02  -1.2776382e-01  -7.8151911e-02  -9.7251342e-02  -3.2180729e-03   2.3039326e-01   2.2059409e-01   1.0130540e-02  -6.7305604e-02   4.5240840e-02  -1.0772337e-02   2.9922456e-02   1.2014906e-01   2.4024385e-01  -5.5510158e-02   1.7195501e-02  -2.3773006e-01   2.7399524e-01   2.8214140e-02   5.0256546e-02  -1.5342038e-01
