  -1.4913515e-01  -2.2965224e-02  -2.1780261e-01   4.5783750e-02  -6.1538251e-02   1.5760260e-01  -7.9606720e-02   5.8604548e-02  -8.1687664e-02   8.1504563e-03   2.2656955e-01  -2.4522011e-02  -1.2864365e-01   1.7487293e-01   1.5233474e-01   1.1445393e-01   2.3467624e-01   2.2912774e-01   2.3183823e-01  -1.7372136e-01   1.3373883e-01  -8.0503622e-02   2.6844642e-02   2.2465615e-01  -2.2015165e-01  -1.5509780e-01  -4.9791170e-02  -3.5741412e-02  -2.8538572e-02   9.4580790e-02   1.7133379e-01   3.3247515e-02  -1.3654035e-01  -1.0265347e-01  -6.2836274e-02  -1.5743771e-01   1.9329923e-01  -8.5464517e-02  -1.4761725e-01   4.4035199e-02   1.7073929e-01   3.6232880e-01   3.6104387e-02  -7.7481201e-02   8.5084340e-02   1.3621234e-01   6.1386504e-02  -7.8481808e-04   2.0003670e-01
  -1.4947505e-01  -4.6718076e-02  -1.4371681e-02  -2.3384440e-01  -3.7059442e-02  -8.5653424e-02  -4.5560060e-02  -1.9707199e-01   1.4859752e-01  -1.6494388e-01   3.2735165e-01   3.3363687e-02  -9.4372551e-02  -7.5711924e-02  -1.5876328e-01  -9.9203016e-02  -1.0711082e-02  -2.7988964e-01   1.4083416e-01   1.3102103e-01   2.0720724e-01   1.1102997e-01   1.1854990e-01   2.7201060e-03  -1.7208262e-01   3.4998676e-03   1.6585279e-02  -5.3438349e-02   2.6889962e-02  -7.6311407e-02  -2.4272446e-01   2.2361813e-01   1.7932345e-01   1.5678193e-01   7.4562784e-02  -4.1700389e-02   1.6139127e-01  -2.3568690e-01  -1.8068296e-01   1.8668600e-02  -2.2001424e-02  -1.4827855e-01   5.4110473e-02   9.3164660e-03   1.2754247e-01   2.9155564e-01   4.8569614e-02   1.1683352e-01  -9.6561582e-02
  -1.3600384e-01   2.1411576e-01   1.6869820e-01  -1.2635753e-01  -2.6201857e-01   7.1554899e-02   7.6231010e-02   7.8072923e-02  -1.4235253e-01  -4.4865074e-02   2.2574603e-02  -1.7085486e-01   2.0016121e-01  -8.7287280e-02  -1.3614059e-01   8.0296484e-02   2.0014377e-01   2.3198159e-02  -6.5181532e-02   2.7379255e-01  -1.7384439e-01  -1.3261938e-02  -5.0470460e-03  -1.9537769e-01   1.6867809e-01   7.4534606e-02   9.2615446e-02  -1.5859128e-01  -1.2097352e-01   1.7796039e-01   1.1641601e-01   8.6465201e-02  -1.4603418e-01  -1.6845028e-01  -6.0636308e-02  -1.1444452e-01   3.3359155e-01  -1.3847632e-01   6.0757394e-02  -4.8066609e-02  -2.0486123e-01   1.5009632e-03   9.8807394e-02   3.2968154e-02   3.8391007e-02   9.9101111e-02   2.0610896e-01  -2.1675109e-01  -3.0369159e-02
  -1.1621660e-01  -1.4908005e-01  -3.8757485e-02   7.9589106e-02  -1.5191356e-01  -1.2919741e-01   1.0228365e-01   2.7439475e-01   2.6211100e-02   9.7247077e-02  -1.0840741e-01   1.1203289e-01   2.8751316e-01  -1.6135927e-01   7.5883318e-02   4.7898153e-02  -2.4567787e-01  -2.3277363e-01  -1.1236634e-02   1.0116215e-01   2.6939941e-01  -1.0801339e-01   1.4837875e-03   1.2351438e-02  -2.8033835e-02   8.6319875e-03  -8.1040889e-02  -1.4158456e-01   2.9684894e-01   1.8124380e-01  -8.4407709e-02   6.4196224e-02   1.5149243e-02  -3.4685904e-01  -2.0373411e-02  -1.3862641e-01  -1.0466107e-01  -6.9873341e-02  -6.5295981e-02  -1.5293222e-01   1.6866912e-01   7.0735995e-02  -2.5721860e-01   3.3129622e-02   6.1590502e-02   1.7974676e-02   1.1186698e-01   3.9961942e-02   9.0107175e-02
  -1.5410029e-01  -1.2350121e-01  -5.0401208e-02  -4.0126714e-02   3.0211661e-01  -3.1620379e-02  -7.9256986e-02   8.3289839e-02  -3.5975655e-02   5.1761420e-02   1.2102168e-01  -1.2712215e-01   1.7034336e-02  -3.7803698e-01   1.0240967e-01  -3.7989333e-02   1.9955837e-01   2.8876046e-01   1.2618093e-01   2.1419022e-01   2.5182615e-01  -1.7463562e-01   1.2400652e-01   3.5391880e-02   5.3576148e-03  -2.1828131e-02   1.3844391e-02  -9.7684072e-02   4.8235783e-02  -2.1099666e-01   3.2893989e-02  -1.4939286e-01  -1.7466311e-01  -4.9259424e-03   4.1648257e-02   6.3068665e-02  -1.0879667e-01   8.1707274e-02   1.1395870e-01   2.4545984e-02  -8.0883520e-02  -3.2076417e-01  -1.0270861e-01  -2.0349126e-01  -1.0661955e-01   4.5771427e-02   1.8495453e-01  -8.3376450e-02  -3.2426120e-02
  -1.5844849e-01  -2.0250929e-01  -3.8798909e-02   1.9381610e-01  -5.1804428e-03   5.3980598e-02   2.2440539e-01  -1.4615615e-01   3.0021114e-02   1.6783091e-02   1.5181618e-01   1.3300156e-01   7.0333390e-02   7.0966384e-02  -6.6280259e-02   1.4301818e-01   4.7062582e-02   3.3903993e-01  -3.1334533e-01   1.9360251e-01   2.2525332e-01   1.5357309e-01  -5.7182924e-02   3.8618117e-02  -1.6719222e-01   3.0795300e-01   1.5970450e-01   8.9655265e-02  -5.8188685e-02  -1.2645791e-01   9.5623799e-03   2.3336373e-02   3.6228641e-01  -1.1258451e-01  -5.5423932e-02   1.5349360e-02   9.1767405e-02  -1.6455225e-02   9.8083471e-02   1.5441059e-02   1.6453261e-02   4.2519183e-02   2.6157778e-02   1.7215086e-01  -2.4380304e-02  -1.6779923e-01   9.8128373e-03  -8.4695667e-02   3.0629495e-02
  -1.6098814e-01  -6.3376284e-02   8.5585540e-02   1.7186733e-01   1.4546836e-01  -4.0380869e-02  -3.8157049e-01  -2.5564468e-01   8.8279908e-02   1.6827154e-01  -2.7681958e-01  -1.9922392e-01  -1.3536390e-01   4.6105640e-02   4.7815435e-02   8.6324927e-02   1.7897157e-01  -7.5295743e-02  -1.0213470e-01  -2.1348254e-02  -7.4123544e-02   4.9757355e-02   7.1383804e-02  -3.5714359e-02  -1.9552491e-01   8.7944500e-02   8.8388961e-02   8.5453595e-03   1.0004591e-01   1.1351467e-01  -3.3153829e-02   1.5278842e-01  -1.3776498e-01  -4.2094512e-01  -2.7255255e-02   8.1289795e-02   5.2580176e-02  -1.6741727e-01   4.3705150e-02   9.3004234e-02  -6.5451620e-02  -1.6283748e-01  -2.2215316e-02   3.2465045e-02   6.2916561e-02   1.7872269e-02  -2.0594694e-01   1.6785814e-01  -2.5199619e-02
  -1.5016017e-01  -1.8770821e-02  -1.4239046e-01   4.6831278e-02   9.6942088e-02  -3.7407197e-01  -9.5216187e-02   4.5017595e-02  -1.9128284e-01  -9.9946315e-02   9.1963112e-02  -2.7574323e-01   2.3695907e-02   7.5488720e-02   3.3540184e-02  -2.0016265e-01  -1.2954859e-01   1.4946469e-01   4.2750088e-02  -1.8347021e-02  -1.3910771e-01   1.9480582e-01  -1.4214342e-01   4.3911537e-02   2.3435582e-01  -2.0909909e-02  -7.5004136e-02  -1.7395883e-01   1.0978686e-01  -1.4609315e-01  -1.0781263e-01  -1.0552219e-01   7.4426085e-02  -1.1775075e-01  -2.3343182e-01  -7.5563008e-02   1.1527791e-01  -7.3792686e-02  -1.0248672e-03   9.8552033e-02   1.9881151e-01   1.1693262e-01   1.0833257e-01   9.7778943e-02  -4.7857264e-02  -1.0781549e-01   8.9547483e-02   1.6336710e-01  -3.4117225e-01
  -1.4226449e-01   9.9765722e-02  -2.1803981e-01  -2.7376438e-01   2.6934415e-02  -1.1488373e-01  -5.0162380e-02  -3.9843774e-02  -6.0877165e-02  -2.1871315e-01  -1.0006396e-01   3.2133112e-02   2.1559286e-01   1.4961284e-01  -1.3424712e-02  -2.0767356e-02   1.5444271e-01   5.6160203e-02   1.1524086e-01  -3.8073193e-02   3.5011157e-02  -1.7262435e-01   7.6138180e-02   1.5493326e-02   2.1554165e-01   1.6773724e-01  -5.7601371e-02   3.4085324e-01   1.1790200e-02   1.1150316e-01  -3.1318836e-02   5.4219423e-03   1.0155915e-01   2.9481743e-02   3.3147719e-02   1.0604960e-01   1.1931160e-02  -3.0766282e-01   2.8462026e-01  -3.7519734e-02   2.4815953e-01  -5.9928566e-02  -2.0308143e-01  -6.2611705e-02  -5.0891642e-02   4.9405728e-03  -2.6747066e-01  -1.4304962e-01   7.1110385e-02
  -1.3920398e-01  -5.4852664e-02   6.0990342e-02   1.8970426e-01   1.3452471e-01   7.7686641e-02   9.1105198e-02   1.6313453e-01   6.4289246e-02  -1.2718602e-01  -1.2924686e-02  -5.6104173e-02   1.6794100e-01   4.7602242e-02  -2.4769406e-01   1.7471238e-02   2.0126761e-01   8.4744521e-02   1.2381086e-01   8.5366627e-02  -1.7459840e-01   1.1338282e-01  -1.6102670e-01  -7.4875670e-02   7.3202921e-03  -1.6516050e-02  -5.2274254e-01  -8.2688042e-02   8.3755279e-02  -3.8424097e-03  -3.7294328e-02   2.2984082e-01   1.8458500e-01  -2.3049926e-02   3.4476605e-04   8.9725125e-02  -9.1294433e-02   6.8851133e-02  -2.1570124e-01   7.6059862e-02  -1.1892742e-01  -3.4993773e-02   2.8979661e-02  -1.8044927e-01  -1.9433654e-01   5.2676390e-02  -1.8235953e-01   4.6813404e-02   2.0846109e-01
  -1.5647136e-01  -1.3764569e-02   1.4371011e-01  -2.1574471e-01   6.4750987e-02   1.7978384e-01   2.0759693e-01   1.7556981e-01   1.2161284e-01   2.1209516e-01   4.6786712e-02  -2.1865511e-01  -2.2799370e-01   3.8201801e-02   1.8070668e-01  -1.1808421e-02   1.1012746e-02   1.8041772e-01  -5.6882983e-02  -9.2639443e-02  -9.4721597e-02   3.9804630e-02  -1.1035132e-01  -3.5949570e-03   1.1338656e-01   3.2703234e-01   4.8641245e-02  -1.3453600e-01   8.7197952e-02   1.4919184e-01  -1.2743005e-01   6.9207927e-02  -5.8848271e-02   1.7990316e-01   1.5661116e-01  -1.7663391e-01  -2.5684003e-01  -1.9377333e-01   4.5933620e-02  -1.2724742e-01   1.0153757e-01  -1.9483013e-02   4.8357069e-02   1.8108811e-01  -1.2317188e-01   1.5415198e-01  -2.5051595e-02   1.9798426e-01   7.3034385e-02
  -1.4612088e-01  -1.5873850e-01   1.9384659e-01  -2.1643809e-02   9.7541919e-02  -1.6830571e-01  -9.5712675e-02   1.2024459e-01   1.7230669e-01   6.2036034e-03  -1.4470426e-01  -1.1279213e-01   1.6076137e-01   2.5691781e-01   1.0558553e-01  -4.4102563e-02  -1.3808704e-01   9.3458709e-02  -8.6987942e-02  -1.8711091e-01   9.1341983e-03  -3.4678667e-01  -1.0582566e-01   8.8159949e-02  -1.8535914e-01  -1.6691154e-02  -9.3275390e-02   2.3396238e-02  -1.2950584e-01  -1.0320229e-01   1.6524578e-02   2.0180005e-01   6.2515816e-02   1.6761188e-01   1.1210014e-01   1.8670347e-02   1.6526450e-01  -1.0941025e-01  -6.8078640e-03  -3.1944147e-01  -2.1763895e-01   2.6546100e-02   8.3955221e-02  -1.4617628e-01   9.0559871e-02  -1.2538833e-01   1.8886867e-01  -1.0000109e-01  -1.7675108e-01
  -1.4687451e-01   6.9536550e-02  -5.8941027e-02  -1.2936862e-01  -3.0491008e-02  -6.6767819e-02  -2.5123164e-02   3.1848104e-01   1.2913820e-01  -3.7243590e-02  -9.5720590e-02  -2.8860353e-01  -1.8386374e-01  -2.9917763e-02  -1.0515904e-01   2.5401234e-01   1.3337693e-01  -2.0405508e-01  -5.6579990e-02   1.3896335e-01  -4.0541153e-02  -4.3994933e-03  -1.9513121e-01   3.2176961e-01  -5.9190282e-03  -5.4092202e-03   8.8937496e-02   2.1982038e-01  -1.5725426e-01  -8.6849215e-02   1.5664569e-01  -1.6949414e-01   1.9153586e-01  -3.5940232e-02   1.7307587e-02  -4.2245377e-02  -7.4384861e-02   1.6068559e-01  -2.6322259e-01   4.3779348e-02   6.5071486e-03  -6.8246710e-02  -2.1793485e-01   1.3119201e-01   1.3199811e-01   3.0033996e-02  -5.8863046e-02  -7.0977000e-02  -1.3868301e-01
  -1.4917639e-01  -2.1076889e-01   2.5335297e-02  -1.2616772e-02   1.0037221e-01  -3.1728895e-02  -9.7224320e-02   2.2914663e-01  -2.1277665e-01   2.5846658e-01   6.9618444e-03   1.9763379e-01  -5.9687140e-03   1.9772490e-01  -3.1837991e-01  -1.1057613e-02   1.0488160e-01  -1.9839604e-02  -1.1839059e-01  -4.2185601e-02   1.1651671e-01   2.9441040e-02   6.5441733e-02  -1.7640014e-01   1.3245950e-01  -1.1637756e-01   2.8102058e-01  -7.7212668e-02  -2.2150413e-02   6.2232658e-02  -2.0047450e-02  -2.4092754e-01  -2.3723904e-04   9.5979607e-02  -1.0356525e-01   2.6778711e-01  -8.4071742e-02  -1.7137675e-01  -2.0015358e-01  -1.3876338e-01  -1.1091006e-01   1.6693290e-01  -3.9813638e-04  -1.0825922e-01  -7.0460160e-02   1.9661911e-01  -1.3751562e-01   2.3901219e-02  -9.7010905e-02
  -1.4213954e-01  -3.2176702e-01   1.9551580e-01  -1.4195930e-01  -2.1340121e-01   1.1185777e-01  -7.4361866e-04  -3.1903226e-02   5.4902256e-03   1.3982580e-01  -1.3604837e-01  -7.8210357e-02   6.9578220e-02   2.9509818e-02  -1.2180137e-01  -4.0117044e-02  -1.6107834e-01   1.5331455e-01   2.1840403e-01   5.6309948e-02  -2.9400050e-01   1.0261793e-01   2.0796020e-01  -3.3026704e-02  -5.1685178e-02  -2.3591162e-01   6.2247595e-02   1.0178878e-01   5.9031548e-02  -6.3439418e-02   2.3023084e-01  -1.2623128e-01   2.1884233e-01  -2.9512015e-03   3.8898420e-02   3.4560460e-02  -3.0359297e-02  -4.9565082e-02   3.5393430e-02   4.1710172e-02   3.0009143e-01  -2.2373769e-01   1.1342294e-01  -4.4957143e-02   1.7839224e-01  -3.4163726e-02   1.5037211e-01   7.1013017e-02   1.7083837e-01
  -1.5031899e-01   1.3823358e-01  -1.2709976e-01  -9.2930063e-02   3.2886912e-01   2.1738317e-02   5.4582082e-02  -1.7671070e-01  -1.2430083e-01  -5.7685784e-02  -1.0568591e-01  -9.0484112e-02  -1.2075452e-02   4.5401650e-02   2.5736666e-01   8.4202716e-02  -2.8991875e-01  -1.9284717e-02   2.8371624e-02   2.4614831e-01  -2.9539764e-02   1.8358531e-01   2.2768686e-02  -4.0728170e-02   1.4159540e-01  -7.0230827e-02   7.8271482e-02   5.5212252e-02   1.7567379e-01  -3.3722798e-02   1.6844553e-01   7.5353123e-04   1.6397611e-01  -4.9950326e-02   2.6077588e-01   9.5237973e-02  -3.1339813e-02   3.3546664e-02  -5.7455890e-03  -8.3669559e-02  -2.9738628e-01   3.1455495e-01   1.7894266e-02  -1.1087401e-01   1.6928683e-01   1.6356914e-01   2.6944642e-02   4.4992663e-03   1.6776752e-01
  -1.4894183e-01  -4.4333414e-02   2.4865932e-01   8.9151361e-02   1.8230731e-01   1.6224378e-01   4.6044951e-02  -6.0059532e-02  -8.4964942e-02  -3.4327587e-02   2.4217005e-02   8.3723269e-02  -2.6935592e-01  -6.3022301e-05   2.4354668e-02  -3.4350243e-01   1.2345322e-01  -1.6979793e-01  -7.4597953e-02   1.6190734e-01   9.8783420e-02  -1.8223016e-01   8.5875922e-02  -2.8931435e-02   1.2846377e-01  -3.6719001e-02  -1.6631067e-01   2.0338818e-01   2.2470188e-01   2.3147702e-01   2.1290553e-01  -7.1368094e-02   6.3515796e-02   1.1683359e-01  -4.8403679e-02  -1.7278041e-01   8.1187824e-02  -1.2611319e-01  -1.4539698e-01   1.2413435e-01  -2.0699508e-02   6.8363288e-02  -6.4379799e-02   8.8736100e-02   2.2646277e-03  -3.5070411e-01   8.2365844e-02  -3.2304141e-02  -9.1534168e-02
  -1.4534524e-01   1.5947652e-01   7.1377596e-02   7.4823225e-02  -5.8671211e-03   1.2204735e-01   3.1245577e-01  -8.8344483e-02   1.9852558e-01   1.9674092e-02  -1.5045202e-01   4.9303414e-03  -4.4210797e-02  -3.2808380e-02  -1.4453616e-01  -3.0074813e-02  -1.3712372e-01   9.0426503e-02  -1.3668015e-02   1.7402557e-02   6.0885989e-02  -3.1648918e-02  -1.4823821e-01   9.7916215e-02   4.1503994e-02   3.7107791e-02   1.7254884e-01   1.8576389e-02   1.3765838e-01  -1.6010657e-02  -9.3931138e-02   9.3255502e-02  -2.1060099e-01  -1.0028100e-02  -6.5861882e-02   5.0829254e-02  -4.6787719e-02  -1.8939319e-02  -7.4385361e-02   2.4112216e-01   2.3751834e-01   7.1114799e-02   1.1831081e-01  -4.9647693e-01   2.0769238e-01   3.4983323e-02  -1.0752230e-01  -1.8713055e-01  -2.6631201e-01
  -1.4447392e-01   2.1762642e-01   6.0869375e-02   6.3350398e-02   5.7304785e-02   2.4585545e-01  -2.2549001e-01   1.3128729e-02   3.3242336e-02   1.4896167e-02  -3.1989383e-02   1.6340051e-02   2.3399633e-01  -1.6572953e-01   3.2295809e-03  -1.4614183e-01  -1.0421968e-02   1.3577260e-01   2.3008759e-01   2.2451108e-01  -7.6533305e-02  -4.8718121e-02  -1.2351893e-01  -1.0307024e-01  -2.9571619e-01  -1.0449144e-01   9.0681173e-02  -7.6082741e-02  -1.8538744e-01   1.4810777e-01  -2.8215013e-01  -1.1635740e-01   6.9922179e-02   1.0630839e-01   1.8146552e-01   1.1070646e-01  -7.4815122e-02   3.4904535e-02  -1.9774009e-03  -2.3476468e-02   1.3257463e-01   2.5232715e-01  -1.0608854e-01   2.2718579e-01   7.3185652e-02  -1.5706817e-01  -1.0444858e-01   3.1048452e-02  -1.7465705e-01
  -1.3768043e-01  -4.7424102e-02  -1.4431703e-01   1.6536653e-01   2.7839125e-02  -2.1312950e-02   1.1768879e-01   6.3660646e-02   2.3442516e-02   1.0728798e-01   1.7723084e-01  -1.4607111e-01  -6.1281913e-02  -1.9624062e-01  -5.2291328e-02  -6.1020443e-03  -6.4209238e-03  -1.6012573e-01   9.7204024e-03  -8.5370680e-02  -1.8663599e-01  -1.2783623e-02   1.6569568e-02  -6.8286418e-02  -1.1762106e-01   8.8735819e-02   4.9417885e-02   3.6745817e-01   2.0296839e-01   2.1443760e-01  -9.6685356e-02  -6.7142082e-02  -2.8763266e-02   4.1380987e-02   6.6720273e-02   2.0403452e-01   3.6119960e-01   3.1491233e-01   1.0926054e-01  -2.8560531e-01   1.2163218e-01   3.0080235e-02   1.2907743e-01  -8.8992216e-02  -2.0346207e-01   7.8248457e-02   6.1468246e-02   6.0193763e-02  -3.8311448e-02
  -1.5145377e-01   2.3299758e-01   7.5309041e-02  -1.5195353e-01  -2.0372070e-01  -1.6323397e-02  -2.2649330e-01  -1.8148048e-01  -5.0892995e-02   1.4553133e-01  -1.3226299e-01   1.7445971e-01   2.8164673e-02   1.0487758e-01  -5.5947636e-02   1.4411862e-01   3.8887070e-02   5.6361966e-02  -6.8085817e-02   1.3219743e-01   1.2984978e-01   3.7593560e-02  -2.5836517e-01  -1.4933341e-01   8.9774640e-03   1.2608554e-01  -1.2016249e-01   9.6815850e-02   1.8508917e-01  -3.2048310e-01   8.0810675e-02  -5.2226609e-02  -1.9523838e-01   1.8609224e-01   2.5951849e-02  -6.4092027e-02   1.3940093e-01   1.3261455e-01  -1.3772310e-01  -1.0310927e-01   1.4233855e-01   8.4275440e-03  -1.5146917e-01  -9.4101428e-02  -1.2523645e-01  -6.1108893e-02   1.3494123e-01   3.1809795e-01   7.3365361e-02
  -1.3439111e-01   1.5701258e-02  -3.2036117e-01   2.9833148e-02   3.0555861e-02   1.7975828e-01  -1.0944937e-01  -1.5019884e-02   2.5436239e-01   1.3071209e-01   1.1745467e-01   3.2993336e-01   1.5470149e-01   2.8166897e-02   1.1887945e-01   2.0347205e-01   1.4789435e-02   2.7923356e-02  -1.1483717e-01   8.8408532e-02  -2.0324029e-01   2.1112755e-01   4.5494379e-02   2.1310265e-01   1.6366704e-01  -1.9485150e-01  -1.3752320e-01  -2.0438256e-02   7.3371189e-02   1.5827522e-01   1.0277125e-02  -8.5084763e-02  -8.4483273e-02   8.5510743e-02  -1.4318763e-02  -1.8282823e-01   1.8264356e-04  -1.1186145e-01   6.1757420e-03  -1.8251024e-01  -1.1360809e-01  -2.5057066e-01   1.1409078e-01  -2.7885109e-02   6.0214581e-02  -1.1790047e-01  -4.9363111e-02   3.3711420e-03  -2.5959651e-01
  -1.4414167e-01  -1.5529229e-01  -3.7544593e-02  -2.3585078e-01   1.2665934e-01   7.5249122e-02  -1.5667091e-01  -1.4689147e-01  -3.0629731e-02  -1.7260443e-01   1.6257793e-02  -9.4727766e-02   4.2264468e-02  -3.8259318e-01  -1.2350145e-01   2.8403512e-01  -7.2211979e-02  -1.4444861e-01  -1.2446641e-01  -2.0650581e-01  -5.3537221e-02  -1.3741726e-01  -1.6760256e-01  -1.2343960e-01  -8.3270948e-02  -9.1342976e-03   6.7091749e-02  -1.2366342e-01   9.1001957e-02  -1.9306221e-02  -1.3144466e-03  -1.0147464e-01   5.9052875e-02   1.2516708e-01  -2.7626144e-01  -2.0842719e-01  -8.4860805e-02  -4.6040060e-02   2.2565270e-02  -4.0034466e-02  -2.6552661e-03   1.5311190e-01   2.2218445e-01  -6.5215767e-02  -1.1621164e-02  -2.2386807e-01  -1.5147011e-01  -9.6218115e-02   2.0310983e-01
  -1.4372383e-01   1.2865903e-01  -1.1597244e-01   2.2181738e-01  -1.7682768e-01  -9.3436984e-02  -2.6783396e-03  -1.7755433e-01  -4.6292942e-02   2.3352871e-01   1.6324581e-01   9.9037245e-03  -2.5721839e-01  -4.8330683e-02  -1.0804339e-01   3.0906463e-02  -3.4504816e-01   7.6789851e-02   1.5808888e-01  -7.0839209e-02  -1.8196463e-01  -2.2516056e-01  -7.8977882e-02  -1.9099340e-02  -3.0490325e-02   2.0654190e-01  -1.9657534e-01  -1.6695288e-01  -3.3004300e-02   2.4111395e-02   4.0158581e-02  -2.3827650e-01   7.8479119e-02   5.3170394e-02  -4.1132844e-02   8.7261037e-02   4.7787276e-02  -1.8491398e-01  -2.9683198e-02   2.3745445e-02  -1.8759143e-01  -1.2699493e-01  -2.8388473e-01  -3.6667520e-03   7.2913436e-02   3.9803592e-02  -6.9503418e-02  -2.0186763e-01   8.8865864e-02
  -1.6021989e-01   6.6233323e-04   1.7816997e-02  -5.3886680e-02   2.2892806e-01   2.3154759e-01   4.1177986e-03   5.3380782e-02  -2.2530462e-01  -1.6100653e-01  -2.5449209e-02   8.0901752e-02  -2.8704452e-02   8.6042607e-02  -8.3172855e-02  -1.4199288e-01  -3.2073298e-01   2.1111785e-02  -1.5778509e-01   6.8866895e-02  -3.4457156e-02  -1.9577066e-02   3.3309574e-02   1.0691161e-01  -5.7890868e-02   5.8134319e-03  -1.3736894e-01   1.1658636e-01  -1.2555126e-01  -1.8019763e-01  -9.9965718e-02   4.8217023e-02  -3.6440734e-01  -1.3231130e-01  -1.6057014e-01   4.4017515e-02   5.7136122e-02   7.3715256e-02  -1.5531483e-01  -1.8468647e-01   1.4852921e-01  -1.9645800e-01   8.5865067e-02   3.0971396e-01   6.4502831e-02   1.6002356e-01  -9.3086850e-02  -1.7815011e-01   1.4316826e-01
  -1.2630299e-01  -6.6454720e-02  -1.4292378e-01  -4.8516393e-02  -9.1210161e-02  -1.5016401e-01  -3.8032375e-02   9.2579244e-02   3.0156269e-01  -2.1127391e-01  -1.1395043e-01   8.0520537e-02  -4.1933189e-01  -6.3122801e-02  -4.1156075e-02   1.3264598e-02  -1.8555188e-01   2.0693805e-01   7.5254655e-03   1.5618726e-01   1.3253938e-01   8.0122780e-02  -4.4053749e-02  -3.6755918e-01   3.5869864e-02  -1.8854360e-01  -7.6973723e-02   1.0710296e-01  -3.1839975e-01   2.2153463e-01   7.3058073e-02   1.2573834e-01  -8.4153336e-02  -7.3905034e-02  -1.4606172e-01   1.9245485e-02  -8.4458741e-02   1.6802256e-02   1.0936671e-01  -9.3929579e-02   1.3711412e-03   5.7692271e-02  -1.8432520e-02  -4.3957461e-02  -9.6639306e-02  -3.4766396e-02   6.6081573e-02   8.7722045e-02   7.2320505e-04
  -1.5713321e-01   1.1115825e-01  -3.3897319e-02   5.5049238e-02  -3.1641264e-01  -4.6217013e-02   3.4117170e-02   8.3449038e-02   7.8663036e-02  -2.4177060e-01  -1.3295449e-01   9.0176133e-02  -2.8219828e-02  -1.4602238e-01   1.3499526e-01  -3.5698775e-01   1.4913772e-01   1.0778757e-01  -1.8438673e-01  -8.5816893e-02  -2.2220209e-01   6.1338366e-02   2.0247135e-01   1.6215835e-02  -2.4515195e-01   4.4672391e-03   6.4752616e-02   1.3153582e-01   1.7686019e-01  -2.5949181e-01  -6.0034748e-02  -1.8960752e-01   1.7311702e-02  -5.1804884e-02  -8.4561342e-02  -1.4988624e-01  -1.7301412e-01  -9.5737995e-02  -5.0336866e-02  -1.1756340e-01  -2.3954237e-01   1.2746588e-01  -3.4416763e-02  -7.7513472e-02  -6.7824636e-02   1.4888171e-01  -6.8883846e-02  -1.1247182e-02   1.5678971e-02
  -1.2751397e-01   6.8950294e-02  -9.2499163e-02   1.1638109e-01  -1.5502934e-01   1.1785698e-01   1.9592445e-01  -1.6937974e-02   1.4245971e-02   8.6788113e-02   7.3819342e-02  -2.8797031e-01   2.6866796e-01   3.4056158e-02   2.5858884e-01  -8.4097762e-02   9.6466941e-03  -1.5051957e-01   6.9360638e-02  -7.1964032e-02   2.9564640e-01   3.5550234e-02  -9.9499673e-02  -1.8024601e-01   7.2235795e-03  -1.1895469e-02  -7.6963812e-02   1.9951285e-01  -1.6832763e-01  -1.1738092e-02   7.6375607e-02  -1.4754849e-01  -8.2104440e-02   9.4741863e-02  -2.9230422e-01   1.8755774e-01  -1.1070743e-01  -9.9240357e-02  -4.5296141e-02   4.3195358e-02  -1.7160060e-01  -1.5106993e-01   1.7817840e-01   4.1809953e-02   2.1490989e-01  -5.8189759e-02  -8.0525440e-02   2.5162411e-01   6.0015612e-02
  -1.4674801e-01   7.5129483e-02   1.8277858e-01  -4.3701443e-02  -6.5699902e-02  -1.9789406e-01   2.2521764e-02  -1.6771608e-01   1.1687370e-01   3.3867877e-02   2.2066710e-01  -6.3149439e-02   3.6536951e-02  -1.6278926e-02   1.3519190e-01  -1.3434514e-01   1.5505650e-02  -8.2490728e-02  -3.2666539e-01   1.2774778e-01  -7.9711852e-02  -2.2785455e-02   8.0467825e-02   3.0502221e-01   1.5317364e-01  -1.6828891e-01   4.3660885e-02  -1.5915670e-01  -2.9343512e-01   9.5425855e-02  -1.2928349e-01  -7.2754733e-02  -3.5962166e-02  -4.3535077e-02   4.6634977e-02   1.8010167e-01   1.8722145e-02   2.8322611e-02  -9.8198203e-02  -5.2330854e-02   1.4728842e-01   4.9851727e-02  -6.3263322e-02  -2.2001682e-01  -1.2920655e-01  -1.7807024e-01  -7.5326335e-02   1.0002836e-01   3.6778905e-01
  -1.3071253e-01   7.8453919e-02   9.8233076e-02   7.8860506e-03  -7.5800656e-02   6.8677838e-02  -2.4528363e-01   1.2674824e-01   2.7955639e-01  -7.9462855e-02   1.9250352e-01  -1.6996715e-01   7.0631633e-02   1.1153178e-01  -3.8512540e-02  -2.9171735e-02  -8.2126623e-02  -4.3801112e-02  -1.4428387e-01  -1.3009019e-01   1.1087491e-01   2.7885637e-01   1.0899710e-01  -8.2105906e-03  -1.9924866e-02  -3.6918820e-02  -1.4026697e-02  -1.4168432e-01   2.9950707e-01  -4.1034237e-03   2.1866564e-01   1.0516031e-01  -1.1934487e-01   2.1583940e-01  -8.6625248e-02   2.9488514e-01  -5.0692660e-02   8.6813696e-02   2.1390202e-01   1.2384850e-01   3.2151515e-02   8.6528687e-02  -1.9377042e-01   1.6570140e-01  -1.4016126e-02  -9.7941068e-03   4.9950443e-02  -2.9539762e-01   3.2961479e-02
  -1.5429044e-01   1.3762664e-02  -1.5606171e-01  -2.8509225e-01   3.4313472e-02   3.9859970e-03   1.1324824e-01  -2.4964246e-02  -1.1952733e-01   3.4328650e-01  -2.8956907e-02  -1.0575216e-01   6.7777014e-02   1.0913871e-01   2.9930085e-02  -1.2895844e-01  -7.0390605e-02  -3.2106024e-02   1.0292151e-01  -9.3007424e-02  -1.4551660e-03   2.0236978e-01   2.6914275e-01  -1.2374151e-01  -1.3724890e-01   2.7422810e-02   5.9088694e-02   7.4328114e-03  -1.4584893e-01   5.7985773e-03  -7.2869302e-02   2.4303145e-01   1.9850365e-02   3.9096151e-03  -1.3757636e-01  -2.7103966e-01   2.7701462e-02   2.7193272e-01  -1.2061103e-01   6.1937974e-02  -1.2012728e-01  -1.7577334e-02  -2.5173258e-01  -1.2619820e-01  -1.6306593e-01  -2.4549256e-01  -1.3280525e-01  -1.6380240e-01  -5.9476502e-02
  -1.3897855e-01  -1.5630197e-01  -2.0153804e-01  -1.5074256e-01  -5.0837373e-02  -1.1182079e-01   2.0983698e-01   1.7209572e-01   1.1259085e-02  -3.6685853e-02  -1.1473587e-01   1.1574400e-01  -4.1987839e-02   7.3607407e-02   2.3897086e-01   1.3623820e-01   3.1880164e-02  -7.9738933e-02  -1.8857751e-01   1.1638294e-01  -1.3642095e-01  -2.2018281e-01   1.1847904e-01  -2.1780502e-01  -1.5926347e-01  -3.7901323e-02  -1.0280035e-01  -2.1685542e-01   5.6251800e-02  -8.9358366e-02  -2.2757553e-02  -8.1577112e-02  -1.2092750e-01   1.2622784e-01   2.0676554e-01   1.7579161e-01   2.2959677e-01   3.8108060e-02  -1.9972582e-02   4.2904049e-01   4.4002965e-02   1.7567639e-04   9.8019029e-02   1.3982121e-01   1.1178094e-02  -4.3888526e-02  -1.6256658e-01   4.0479021e-02  -3.8257167e-02
  -1.3869149e-01   1.4358309e-01   6.9127489e-03   6.1094301e-02   1.3951648e-01  -6.1287011e-02   1.9359506e-01   3.3008742e-02   2.9402663e-01   6.1894847e-02   8.0315084e-02   1.0891662e-01   1.5892186e-02   5.0283318e-02  -1.3505017e-01  -6.7158330e-02   1.1881398e-02  -2.1588442e-01   3.1158183e-01  -1.0350073e-01   2.0359019e-02   7.3959600e-03  -8.8102683e-02  -6.8577648e-02   3.0869790e-02  -9.8225352e-02   1.9544912e-01  -5.1112495e-02  -3.9763217e-02  -3.4099211e-01   2.2561669e-01  -6.6918827e-02  -1.1934923e-01  -2.6136648e-01   2.2012990e-01  -6.6543538e-02   4.3442267e-02  -1.8400077e-01   6.2043545e-02  -7.7689901e-02   1.7928878e-03   1.6578935e-02   1.3934645e-01   1.7323936e-01  -2.8470661e-01  -1.9745565e-01  -8.9817123e-02  -5.3952369e-02   8.0756878e-02
  -1.1991123e-01   2.0963744e-01  -3.5016699e-02  -1.5305719e-03   2.5605745e-01  -1.8890364e-01  -4.3528273e-02   5.6870222e-02   3.8971855e-03  -7.0645630e-02   2.2174495e-01   2.2734444e-01   1.2544080e-01   2.0221322e-01   5.2705288e-02  -9.8306967e-02   4.7248448e-02  -2.9316704e-02  -1.0578924e-01  -1.1965119e-01  -2.0695606e-01  -8.2889913e-02  -2.3512770e-01  -2.2668729e-01  -1.8930297e-01   3.4182667e-02   2.2919802e-01   4.5899793e-02   4.4623999e-03   2.0682601e-01   8.4928652e-02  -9.7253038e-03   7.6818097e-02  -6.4086976e-02  -5.8469542e-02  -1.1344887e-01  -2.0352539e-01   1.3218765e-01  -4.5900520e-02   2.0305023e-01   7.2162664e-02  -2.5278604e-01  -1.8417039e-02  -6.3337601e-02   1.2264032e-01   1.0808936e-01   2.8897753e-01   6.7460796e-03   1.4194790e-01
  -1.3605583e-01  -2.0895241e-02  -3.5842011e-02  -1.7845099e-01  -2.3196063e-01   3.7758723e-01  -2.1722693e-01  -4.1146373e-02   1.5332619e-02  -6.7895537e-02  -1.5482041e-02   6.7894272e-02  -5.2164177e-02   1.2197903e-01   1.7945381e-01  -7.7285396e-02  -1.2964158e-01  -6.1207944e-02   5.2372798e-02  -9.4017760e-02   1.0838681e-01  -1.9797032e-01  -1.2117210e-01   7.5081656e-02   1.6659171e-01   4.3524099e-02   4.6916803e-02  -5.5794105e-02   2.6927967e-02   3.3562658e-02  -9.6174270e-02  -3.7473690e-02   2.7138604e-01  -2.9278179e-01  -9.2825235e-03   1.7455764e-01  -2.8452572e-02   1.7183940e-01  -5.5674481e-02   1.5730414e-01  -1.0746030e-01  -8.5805178e-02   1.8724858e-01  -4.9645088e-02  -3.8129498e-01   6.7844639e-02   1.1652320e-01  -6.3296374e-02  -1.1920960e-01
  -1.4049878e-01   2.1619730e-01   1.1465254e-01   1.3862632e-01  -3.5948858e-02  -8.7726580e-02   2.7683464e-02   2.4706760e-02  -2.2209783e-01  -1.4600701e-01  -4.2314977e-02  -2.7094339e-02  -5.9232535e-02  -5.7400811e-02   6.8887045e-02   3.9040070e-01  -2.1164308e-02   3.5703494e-02   1.0108162e-02  -2.4985668e-01   8.0434241e-02   1.9110220e-01   2.7207730e-01  -8.7239029e-02  -1.9918453e-02  -2.0652948e-02  -5.6679192e-02   1.2705510e-01  -3.0015878e-02   4.7649762e-02  -2.0825792e-01  -2.5501577e-02  -2.0080882e-02   7.2078908e-03   2.2776437e-01   1.1135974e-01  -1.6403292e-01  -1.9401518e-01  -2.8507889e-01   2.8775567e-02   7.5418114e-02  -9.1670463e-02   1.0083371e-01   6.6676099e-03  -1.2298680e-01  -2.2006245e-01   2.6984871e-01  -1.5127969e-01  -4.9681103e-02
  -1.5112985e-01  -1.7058288e-01   8.4612727e-02   1.6328730e-01  -1.0146436e-02  -3.1291265e-02  -1.5720066e-01   4.8372063e-04   1.7789994e-01   1.7931063e-01   7.5520258e-02   5.7733806e-02  -2.5738545e-02   1.0644195e-01   6.9243580e-02   9.1470204e-02   1.2575907e-01  -1.6899167e-01   9.7648378e-02   8.0324128e-02  -9.7042602e-02  -7.1390709e-02   1.0871161e-01  -1.4305868e-01   3.0694663e-01   9.3066582e-02  -1.0642177e-01   2.0031450e-01  -1.1925575e-01  -2.4639443e-01  -3.8584119e-01  -3.3878559e-02  -4.7749079e-02  -3.6831620e-03  -4.9606881e-02  -1.7434077e-01  -1.1982599e-01   1.4275393e-01   1.4779620e-01   1.2900345e-01   5.2661556e-03   2.4725063e-01   7.0701699e-02   3.8958955e-02   2.0297459e-01   9.1811201e-02   1.5213315e-01  -2.0368301e-01   1.1706720e-01
  -1.3232533e-01   2.2371893e-01   1.8736396e-01  -2.4631399e-02  -1.4176711e-02  -2.3784466e-01   1.1212267e-01  -1.3194834e-01  -2.4296293e-02   1.8218250e-02  -1.5196758e-01   1.5402368e-03  -9.6203495e-02   2.4834781e-01  -2.2432262e-02   8.1354737e-02   1.1416647e-01  -2.1628160e-02   1.1778944e-01   1.1097504e-01   2.2921927e-01  -3.5794036e-02   1.2535079e-01   7.3718725e-02  -1.6355746e-01  -8.7789576e-02  -1.5334503e-01  -2.1689940e-01   1.1059199e-01   1.6730380e-01  -3.1114101e-02  -2.5654586e-01   1.2577827e-01   4.4182353e-02  -1.2091217e-01  -1.1978197e-01  -9.3789089e-02   2.8673921e-01   2.0721245e-01  -1.9968357e-01   4.5960649e-02  -8.7723306e-02   2.9840951e-01   7.9964741e-02  -4.0148482e-03   1.1868722e-01  -1.5013351e-01  -1.3365487e-01  -2.9919850e-02
  -1.4972666e-01  -6.6523121e-02   2.2803345e-01  -3.3209935e-02   1.3432176e-01   4.0551453e-02   9.2021594e-02   9.1705482e-02  -1.4246662e-01   1.2201691e-02  -1.7117816e-01   2.5793811e-01  -2.9749157e-02  -1.1051954e-01   1.6993731e-01   6.5820380e-02  -1.9087206e-02  -2.5415389e-01   1.2144380e-01  -3.2647472e-02  -6.9884497e-02   3.0582821e-01  -1.4491641e-01   2.3148779e-01  -1.9725088e-01   8.7591763e-02  -1.1274208e-01  -9.0586085e-03  -2.4093109e-01   3.1461974e-03   3.1371130e-02  -8.1455831e-02  -6.5059543e-03   8.2186212e-02  -2.1563767e-01   7.7847325e-02   1.0896575e-01  -1.6498410e-01   3.3520137e-01   1.4820389e-01  -2.1622616e-02   6.7954025e-02  -1.2281785e-01  -1.2750277e-01  -1.6256404e-01   1.2264193e-01   1.6522248e-01   4.2564644e-02  -4.7910494e-02
  -1.3661848e-01   1.5572946e-01  -1.5923201e-01  -5.7160322e-02  -9.7633284e-02  -1.6358475e-01  -7.9049336e-02   8.0206013e-02  -1.6704843e-01   3.5268584e-01  -1.5562546e-01   1.7560223e-01  -1.1350335e-01  -3.3711335e-01  -3.3733203e-02  -2.3705372e-01   1.4759583e-01   3.8407996e-02  -9.9448647e-02  -1.4719606e-01   9.3596618e-02   5.6507208e-02  -1.8501534e-01   1.2177115e-01   8.7832977e-02  -1.1433805e-01  -8.3994426e-02   2.4562348e-02  -8.0977384e-03  -2.7596078e-02   4.6554747e-02   3.2903466e-01   1.4518241e-01   4.5173937e-02   1.0917973e-01   1.4575672e-01  -2.8173184e-02   1.0401148e-02   7.0132365e-02   3.9850724e-02   1.2586255e-02  -1.3822500e-02   2.7372797e-01   1.5578492e-01   1.8167208e-01  -1.9190617e-02   2.2476811e-02  -1.4168449e-01   1.2472024e-01
  -1.3648004e-01   2.0892938e-01  -1.4568021e-01   2.1276583e-01   1.0101975e-01   1.4471686e-01  -5.2787683e-03  -2.7616368e-03   2.4973518e-02   5.5510387e-02  -1.5529675e-01  -1.5295242e-01   1.2960043e-01  -2.5197669e-02  -3.2440749e-01   7.5728898e-03  -1.6760764e-01  -1.4831622e-02  -2.7065629e-01  -1.2524183e-01   1.1567374e-01  -1.7431494e-01   2.4741138e-01   6.9408225e-02   4.8673545e-02  -1.6528832e-01  -4.4365219e-02   8.3610071e-03  -1.6008588e-01  -1.5817135e-02   3.2381573e-02  -1.7168660e-02   1.1268465e-01   1.2052885e-01   9.5305965e-02  -2.7178703e-01   4.3950243e-02  -2.4834344e-02   2.0815937e-01   2.3768381e-01   1.1844199e-02   2.9320072e-02  -2.1945710e-02   3.4233157e-02  -1.6515069e-01   2.2732045e-01   1.2712769e-01   2.6381531e-01   1.3863052e-02
  -1.4547337e-01  -1.7021232e-01   1.2833907e-01   5.7062173e-02  -3.2108822e-02  -2.5950384e-01  -6.0522226e-02  -8.1892890e-02   1.3355344e-01  -1.1421006e-01  -1.5603017e-01   1.3694125e-01   2.1574528e-01  -1.3094603e-01  -1.6438070e-02  -2.1172269e-02  -1.1705177e-01   2.0238960e-01   2.3461635e-01  -9.7615661e-02   6.5331393e-02   4.9500666e-02   1.8061780e-02   2.1226554e-01   1.7288374e-01   1.7916378e-01   1.8703758e-01   1.0330839e-01  -3.2518184e-03   2.5498027e-01   5.9720207e-02  -4.0273311e-02  -1.8603515e-01   1.7605246e-01   2.6715991e-02  -9.0943982e-02   1.2550949e-01   1.7197390e-01  -2.4012397e-01   2.2407394e-01  -2.1581314e-01   5.6002965e-03   7.0987243e-02   2.1310575e-01  -8.3336829e-02   9.6311613e-02  -9.7393555e-02   4.4415748e-02   1.0623643e-01
  -1.4131193e-01  -1.1946669e-01  -2.0010714e-01  -5.3839225e-02  -9.0855937e-02  -9.3302664e-03   2.4948932e-01  -2.6150393e-01  -1.0757541e-01  -7.4638350e-02  -6.1021315e-02  -3.0226311e-02  -2.8418582e-02   1.4189996e-01  -2.3702415e-01   6.1335358e-02   1.3431638e-01  -5.4652654e-02   1.0337522e-01   7.3162378e-02  -1.5622532e-01  -1.7147469e-01  -5.5485716e-02   2.3306732e-01  -4.5629493e-02  -1.4180788e-01   1.0107399e-01  -1.8978021e-02   1.3025513e-01   3.3838826e-02  -1.2965997e-01   1.8554737e-01  -2.0777352e-01   5.4357574e-02  -1.0648495e-01   2.0147358e-01  -3.0136950e-01   3.2121109e-02   1.1488884e-01  -2.5047440e-02  -1.9625737e-01   7.6729333e-02  -1.1540599e-01   1.9396260e-01  -4.1877421e-02  -1.4377351e-01   3.0301453e-01   1.3147194e-01  -1.3274081e-02
  -1.2021849e-01   7.3137636e-02   1.7925839e-01   1.4674169e-01  -1.1040601e-01   5.3405629e-02  -3.1391733e-02   3.1165263e-01  -2.2633371e-01  -1.4146988e-01   1.3341460e-01   4.8280913e-02  -1.6079159e-01   8.6996294e-02   3.5223242e-02   1.1772453e-01  -1.0149240e-01   7.0698276e-02   9.3377680e-02  -3.8214436e-03   5.1824449e-02  -2.2335415e-02  -9.7046143e-02   5.0034272e-02   8.4734753e-02  -2.4614648e-01   2.6590376e-01   4.5476040e-02   1.6378657e-01  -7.0513999e-02  -2.4900085e-01   1.5296934e-01   4.0579926e-02   5.4818308e-02   1.0894867e-02  -1.2377868e-01   1.6445825e-01   5.0594776e-02   2.6600888e-01   4.5274785e-02  -1.9733647e-01  -2.0524970e-01  -9.4077773e-02  -7.3115872e-02   1.1393388e-01  -1.7578053e-01  -2.5543976e-01   1.6842998e-01   1.4605745e-01
  -1.2971477e-01   5.6995590e-02  -7.4125399e-02   3.0048131e-01   5.8194256e-02   1.0451530e-01   5.1005690e-02  -6.2219853e-02   3.3792924e-02  -1.4517376e-01  -2.1564606e-01   8.1263917e-02  -4.9794789e-02  -7.0224221e-02   2.2591450e-01   4.5064602e-02   1.4568835e-01  -9.3283047e-02   1.1248323e-01  -5.5733572e-02  -9.6018595e-02  -1.0551847e-01   1.6248174e-01  -8.9679329e-02   2.1989764e-01   6.9767207e-02   2.3601835e-01  -2.9681672e-01  -8.1467797e-02  -1.2483497e-01   1.2730706e-01   2.3861590e-01   2.0059704e-01   2.1161571e-01  -2.4233783e-01   8.1194999e-02   8.7692111e-02   1.0207067e-01  -1.4812379e-01  -2.3658244e-01   2.2817105e-01  -9.2401851e-02  -1.3522977e-01   5.3620604e-02   2.9019473e-02   6.5515463e-02   1.6570735e-02   3.2074308e-02  -1.0948817e-02
  -1.3037955e-01  -3.0123276e-01  -4.4577462e-02   1.1287784e-01  -9.1821438e-02   6.9550394e-02   1.0379048e-01  -2.6961587e-01  -1.0371311e-01  -1.3774749e-01  -1.0181285e-01  -1.1369310e-01   6.3760047e-03   3.6234485e-02   4.9610879e-02  -1.2593485e-01   1.4589926e-01  -6.0882465e-02  -1.1088255e-01  -2.2026768e-01   1.0870467e-01   1.9827657e-01  -3.4998195e-01  -1.4830731e-01   7.8899871e-02  -2.4623785e-01  -2.0608195e-02  -9.2800029e-02  -7.1861922e-02   5.3597157e-02  -6.5908892e-02  -1.5362249e-01  -6.6419743e-02   3.0048500e-02   3.4709878e-01  -1.7111712e-01   6.2929361e-02   7.5039295e-02   3.7065473e-02  -6.8789249e-02   5.2341271e-02  -1.2547035e-01  -2.4054742e-01   7.4500711e-03   2.9798846e-02   1.3556796e-01  -1.5145451e-02  -2.1665365e-01  -3.4650398e-02
  -1.2747832e-01  -1.1683046e-01   1.1128494e-01   1.7755817e-01  -1.9201504e-01  -1.1867385e-01  -9.6955182e-02  -8.6534195e-02  -2.7598771e-01   6.4407840e-03   2.6837993e-01   1.7189401e-03   7.1104619e-02  -4.2213735e-02   1.2435584e-01   8.9931348e-02  -1.0484188e-01  -1.0771110e-01  -2.6580471e-02   1.7585735e-01  -8.1996467e-02  -1.1943443e-01  -1.2582102e-02  -5.6100648e-03  -5.6985563e-02  -8.1538073e-03   8.4360975e-03   1.1481049e-01  -1.0515406e-01  -3.9067472e-02   3.3591962e-01   2.7728327e-01  -8.7440965e-02   7.5428934e-02   1.2940080e-01  -1.0728458e-01  -3.3909738e-01   2.4090677e-02   6.1892862e-02   7.9881531e-03   1.0784693e-01   5.6909980e-02   9.7809256e-02  -3.4712029e-02  -1.9587516e-01   1.5062497e-01  -2.5390839e-01  -2.2626555e-02  -2.6963734e-01
  -1.4928884e-01  -7.7719525e-02  -1.6383768e-01   4.4208992e-02  -7.7848867e-02   8.4989274e-02  -1.3367569e-01   1.4042308e-01  -1.1878493e-01  -2.1460307e-01  -6.1685686e-03   4.3407122e-02  -6.0926974e-02   6.9658756e-02  -2.0895942e-01  -1.5436044e-01   1.1749609e-02  -1.5949024e-01   4.4730753e-02  -4.7919083e-02   4.7299936e-02   1.1368804e-01   1.3955012e-01   7.2612336e-02   8.7504604e-03   4.6039823e-01  -3.3769902e-02  -2.1970618e-01  -1.5473740e-01   4.4757158e-02   1.2796849e-01  -8.0024378e-02  -1.0885604e-01  -4.1699692e-02   2.7738262e-01  -9.9066013e-03  -9.9800992e-02   1.7124070e-01   1.2234223e-01  -7.8815182e-02  -1.9369038e-02   1.3967942e-03   1.2723986e-01  -2.0473157e-01   2.7102921e-01  -2.4578440e-01   2.7701695e-02   1.7193072e-01   1.1489878e-02
  -1.5576055e-01   5.1840749e-02   2.7885358e-01  -2.2125921e-01   6.1694260e-02   2.3961217e-02   1.7367799e-01  -1.0540988e-01   3.2929258e-02  -3.4229072e-02   2.1214206e-01   1.7507353e-01   3.3885626e-02  -1.7010026e-01  -3.8059516e-02   1.1703355e-01   6.3362869e-02   1.3754215e-01  -3.8398703e-02  -3.7231482e-01  -3.4459116e-02  -8.5130697e-02   1.2704866e-01  -6.6019408e-02   1.3593449e-01  -5.8120747e-02  -1.9184963e-01   9.4767482e-03  -4.2376305e-02  -4.5953297e-02   9.2424675e-02   2.4304524e-03   4.4501234e-02  -2.7885739e-01   1.0999962e-02   1.1682871e-01   5.2568748e-03   2.1280371e-01   5.7383867e-02  -4.2655826e-02  -5.7672707e-02   1.0675720e-01  -1.9607657e-01   1.0419159e-01   2.5318603e-01   6.0875803e-02  -9.7312893e-02   2.4380949e-01  -2.6398791e-01
