  -1.3723345e-01   2.7291839e-02  -5.4764107e-02   5.2448894e-02   2.0665104e-01   2.1105994e-01  -2.1449437e-02   1.5252207e-02   6.5243390e-02   1.3306796e-01  -3.6857952e-02  -1.0682777e-01  -1.0815027e-01  -1.8071941e-01   3.0038445e-01   1.5948590e-01   4.4859022e-04   2.2217647e-01   2.4770435e-01  -9.0134904e-03   2.5134817e-01   1.3681880e-02  -2.3137162e-01  -2.0974089e-02   9.2377712e-02   3.2404348e-02   9.1318882e-02  -5.4692884e-02  -1.8028781e-01  -1.0094974e-01  -3.3056904e-03  -1.2416797e-01   2.1174316e-01   6.5674890e-02   1.1401811e-02   1.2646317e-03   2.3794920e-01   4.1788164e-02   1.2287727e-01   4.3673584e-02   1.4719067e-01   6.3204168e-02  -5.9044899e-02   3.7464273e-01  -7.6384768e-02  -1.3301020e-01   2.7413949e-02   2.2410190e-01  -1.2705100e-01
  -1.4550826e-01   5.1719976e-02   2.5259783e-01  -1.0332357e-01   1.2895050e-01   3.5735364e-02   7.3828821e-02   2.6171332e-02  -2.4601256e-03   1.0962586e-01   7.5706428e-02   2.7086185e-02  -1.2844295e-01  -2.0303157e-01  -8.0718764e-02  -1.3699976e-02   6.1650406e-02  -2.0995376e-01  -8.5190155e-02   1.2195158e-01  -8.5165129e-02   3.3001379e-02  -4.3766930e-01  -1.1930601e-01  -3.0993614e-01  -1.2234667e-01  -1.0970451e-01  -2.0980002e-01  -4.5691076e-02   5.6679335e-02   2.2658180e-01  -1.5273055e-01   5.7354812e-02  -2.3164619e-01  -1.5548887e-04  -2.1119805e-01  -8.7956405e-02  -7.1217947e-02  -1.0373409e-01   3.8364917e-02   2.7446662e-02   5.3851379e-02  -7.7761654e-02  -1.2196496e-01  -8.5015998e-02   1.7298300e-01  -1.1798132e-01   1.8377743e-01   1.6587740e-01
  -1.3909468e-01   6.0148882e-02  -7.4873226e-02   1.2846849e-01  -2.4114000e-01   1.6136358e-01   1.7684058e-01  -2.2284369e-01  -2.7523931e-02   2.8729439e-01   1.6161121e-01   3.4804925e-01   2.9249297e-03   3.3274594e-02   1.4933747e-02   9.9476268e-02   1.5496952e-02  -1.4077754e-01  -1.2120105e-02   8.1848981e-02  -1.2163125e-01   1.6028707e-01   1.0740192e-01   7.7107262e-02  -2.0088461e-02   2.4800064e-01  -1.3963473e-02   6.4796864e-02   1.3114125e-01  -1.1196560e-01  -1.7026147e-02  -7.4082272e-02   1.3972593e-01  -7.3453299e-02  -1.9190247e-01  -1.1086667e-01   4.5676618e-02   3.2856221e-02  -2.2815296e-01  -1.4643361e-01   2.6205194e-01   1.2787466e-01   2.0130419e-02   2.4566374e-01   6.6727526e-02   5.0337644e-02   1.1685717e-01  -1.6437578e-01   1.3112848e-01
  -1.4183326e-01  -1.0100441e-01  -2.2192237e-02  -5.6511305e-02  -7.7348216e-02   4.7533691e-02  -3.6975298e-01  -6.6682957e-02   1.4655040e-01   8.8655721e-02   2.6297997e-03   1.3213485e-01  -4.1787359e-02   8.2695956e-02  -2.1547730e-01  -2.5428729e-01   3.4104986e-02  -2.4498385e-02   3.5212357e-02   8.8604502e-02  -8.6033986e-02  -7.8745107e-02   6.9317795e-02  -1.5794139e-01  -9.4006524e-02   4.6167596e-02  -1.9551767e-01   1.2984742e-01  -1.7997785e-01   2.6662956e-01  -2.1906224e-04  -2.4772820e-02  -4.0438088e-02   4.2310496e-02  -2.0083696e-01   2.2062753e-01  -1.3745470e-01   2.4521165e-01   2.1379105e-01  -2.0454565e-03   7.9578152e-02   7.7224770e-02  -2.5218898e-01   2.5990505e-01  -6.7153301e-02  -1.4487867e-02  -2.2816877e-01   8.1200587e-02  -4.1920152e-02
  -1.3969647e-01   2.5834522e-01   9.5737685e-02   1.1522729e-01  -1.3444058e-01  -4.3807607e-02  -9.0806696e-02   1.0837767e-01   5.3477173e-02   4.8671013e-02  -1.1071050e-01  -2.6344288e-01   7.6343225e-02   2.2438697e-01  -3.2077154e-01  -8.0094049e-03   1.0265589e-01   1.6019418e-01   1.7364176e-01  -1.9907180e-01  -2.2842869e-01   1.3218257e-01  -6.9477474e-02  -4.0678099e-02  -2.1453923e-01   6.7368084e-02   1.5436048e-01  -1.3309025e-02  -3.3050960e-02  -1.6726068e-01  -9.2358524e-02   1.0605567e-02   3.2039615e-03   9.4941743e-02   3.0316943e-02  -6.6977409e-02   1.2542868e-02  -5.5644515e-02  -9.4847347e-02  -1.8367834e-01  -2.3941100e-01  -2.0760889e-02  -1.0596525e-01   1.9193910e-01  -2.4127507e-01   1.2310190e-01   2.5020462e-01   7.8451114e-02   5.0352430e-02
  -1.5726084e-01  -1.3137754e-01   1.7569420e-01  -2.4085368e-01  -2.3282989e-02  -2.5409027e-01   1.3683160e-01  -4.8455765e-02   1.2537720e-01  -7.3078160e-02   1.1270931e-01   7.0423567e-02  -1.7803759e-01  -1.0254676e-01  -8.9302362e-02   1.4808342e-01  -1.1685054e-01   5.9483626e-03   3.6696424e-02   9.2958777e-02  -2.3102758e-01   2.4139387e-01   1.1479570e-01  -6.9385641e-02   2.5831327e-01  -1.7586494e-01  -1.0366156e-01  -1.7081323e-01   1.8718769e-01  -3.0856993e-02  -1.9740608e-01   7.2832758e-02  -3.7990762e-02   2.4757383e-01   1.7464027e-02  -2.3516818e-02  -2.5908936e-02  -3.8333038e-02  -1.7510542e-01   1.6927132e-01   1.8870234e-02   7.2517253e-02  -2.0385024e-01   8.6678435e-02  -1.4427422e-01  -2.1464407e-01   4.5905109e-02   1.6595891e-01  -1.5712939e-01
  -1.3560405e-01  -8.9307635e-02   2.2323223e-01  -7.4506453e-02   4.0963115e-02  -1.0730959e-01   3.9334936e-02   1.7481060e-01  -2.0687915e-01   1.2755922e-01   7.9132899e-02  -2.9970738e-02   3.5513903e-01   1.0839538e-01   2.9835946e-02  -3.6571317e-02  -1.8772175e-01   7.7488047e-02  -8.9002062e-02  -1.3886496e-01   1.2748675e-01   2.5657774e-02  -1.9045631e-01   2.0988433e-01  -1.9572458e-01  -8.3215691e-02   4.5814213e-02  -9.4162952e-02   7.4511139e-02  -6.0990512e-02  -2.7134185e-01   1.5509649e-02  -6.6608981e-02   1.1454190e-01  -4.2193492e-01   1.5191304e-01  -6.4950413e-02  -4.1950546e-02   3.2059036e-02   1.6508630e-01   7.7377172e-02   5.6151635e-02   5.1416219e-02   1.0133577e-01   2.7915401e-01   5.6523820e-02  -5.5716049e-02   4.4902114e-02  -1.9511814e-02
  -1.3160901e-01  -1.5870069e-02  -1.9046923e-01  -8.5621393e-02   1.2974066e-01  -4.3627354e-02  -7.7438138e-03   1.5765838e-01   2.4354785e-01   1.5110664e-02  -1.7963578e-01   6.0174915e-02  -3.0762406e-02   2.2331426e-01   1.5769554e-01   9.6834961e-03  -1.9540762e-01  -2.0072939e-02   1.8316312e-01   1.7788114e-01  -1.8045979e-01   1.4035983e-01   2.8260646e-02   8.6634242e-02  -5.2177261e-03   9.5562503e-02   6.4957934e-02  -1.3185332e-01  -1.8018768e-01  -2.0468040e-01   1.6960623e-01  -4.8406719e-02  -7.2619880e-02   1.6569327e-01  -1.7417892e-01   2.9033448e-02  -4.2221488e-03   2.8328474e-01  -1.2891565e-01  -1.1421905e-01   8.7053642e-02  -2.6743664e-01   3.8614003e-02  -3.0814003e-01   1.3989019e-01   3.5007784e-02  -5.0209065e-02   1.7031982e-01   1.4717898e-01
  -1.4838287e-01  -1.8449449e-02   6.4058063e-02  -6.6895494e-02   3.2422028e-01   7.2659202e-02  -2.3996779e-01   6.7919645e-02   9.7282098e-02   4.2334337e-02  -3.4358127e-01   9.0371279e-02  -3.0286243e-02  -1.8754570e-01   4.4094593e-03   1.8343791e-01   2.3494228e-02  -1.6758387e-01   1.1229456e-02  -1.9022805e-01  -1.6013645e-01  -8.6136409e-02  -1.0859634e-01  -1.1719695e-02  -1.1368159e-01   2.7000832e-01  -1.3038793e-01  -7.8702284e-02   8.7824508e-02   1.5084466e-01  -8.2845750e-02  -1.7404590e-02  -1.2547218e-01   7.1924517e-02  -3.0011582e-03   1.5395550e-01   7.7951456e-02  -8.0755483e-02  -1.6148554e-01  -3.7376581e-05   8.1201228e-03   3.1363937e-02   8.6851229e-02  -5.2093269e-02   2.2669349e-02  -1.4377967e-01   1.7914316e-01  -4.0386994e-01  -1.4710028e-01
  -1.4491218e-01  -1.3641775e-01  -4.9066238e-02   3.8378380e-02  -5.3759231e-02   4.7948950e-02  -1.5810287e-01   2.0461918e-01   1.0950077e-02  -1.8306815e-01   1.2561928e-01   1.8536495e-01  -2.4384788e-02   1.7713244e-01  -9.8238797e-02   1.1110990e-01   2.9450512e-02   1.3942518e-01  -2.2896649e-01   2.1533616e-01   4.9240869e-02  -1.6072863e-01  -5.0007796e-02   2.3344892e-01   8.9700166e-02  -3.3175591e-03   2.7385773e-01  -1.4752773e-01   3.4072630e-02   3.2637929e-01   2.0018682e-01  -1.3849443e-01  -1.2211999e-01  -1.6348675e-01  -1.0947763e-01  -1.2169985e-01   8.1019552e-02  -8.7807354e-02  -6.9559678e-02  -3.6106267e-03  -8.4086520e-02  -1.3872287e-01  -6.8470238e-02   1.2592842e-01  -2.5683911e-03  -1.4962788e-01   3.2039735e-01   8.7995159e-02  -5.8127567e-02
  -1.4427419e-01  -2.9645958e-02   3.6473589e-02  -1.1818254e-01  -1.8495166e-02   2.2332544e-01   6.1351917e-02  -5.8017281e-03   1.9013136e-01   1.4119198e-01   1.5544433e-01   1.4770988e-01  -4.1017013e-02   4.2411160e-02   1.3465852e-01  -1.8987069e-01   1.5188899e-01   8.4237183e-02  -8.0259629e-02  -1.2337975e-01   1.1625889e-01  -2.4988610e-01   2.5872094e-01  -1.0912186e-01  -2.2524544e-01   1.2711573e-01   1.7987950e-01  -3.0809417e-01  -1.2975727e-01  -6.3900365e-02  -8.3690189e-02   3.3517013e-01  -2.6007519e-02   7.5897321e-02   2.2068043e-01   3.4360003e-02  -8.3210399e-02  -5.4840835e-02  -1.9696984e-01   2.5972141e-01  -9.6106207e-02  -3.0155149e-02   4.0170554e-02   1.6644491e-02   1.5733280e-02  -4.2564871e-02  -2.3441760e-02   6.6847761e-02   1.2875945e-01
  -1.3224655e-01   1.0941581e-01  -1.7248142e-01  -5.6464067e-02   8.5842466e-02   6.8128446e-02   2.3618926e-01   1.5339783e-01   7.3195444e-02  -1.3739205e-01   1.0518258e-01  -1.7814099e-01  -2.5185601e-01   2.6284448e-01  -4.9694815e-02   2.2144304e-01   1.0159147e-01  -2.1986443e-01  -1.1908808e-01  -4.7682091e-02   2.5988054e-01   1.1405644e-02   2.2265815e-01  -9.6167037e-02  -1.7781964e-01   5.8003543e-02  -2.6965750e-01  -5.6287913e-02  -7.9018516e-04  -2.0668405e-02  -2.2539063e-01  -1.1452227e-01  -2.1062197e-01  -1.0803793e-01  -1.4116746e-01   5.5897548e-02   1.8054679e-01  -6.2443256e-02   2.0760375e-01  -8.8472982e-02   4.7173018e-02   1.4355594e-01  -6.9666104e-02  -7.3854624e-02  -1.3772922e-02  -2.1828613e-02   6.5912441e-02   1.0086058e-01   5.9677234e-02
  -1.2490845e-01  -1.3321659e-01  -6.9268507e-02   7.9813024e-02  -2.5353464e-02  -1.9921253e-01   9.9767653e-03  -2.4496603e-01   5.1165237e-01  -4.4974158e-02   5.2727354e-02   3.5324445e-02   2.9567837e-02   1.5432459e-01   5.0695862e-02   4.5585487e-02  -1.9186128e-02  -7.5504482e-04   4.6520276e-03  -1.3913103e-01   1.0808480e-01  -1.1548017e-01  -2.6512724e-01   1.8724499e-01  -4.2027109e-02   1.8823776e-01  -1.0027398e-01   8.6573879e-02   3.4776963e-01   2.1451642e-03  -2.6981399e-02   6.5534537e-02   1.5365023e-01   3.1618523e-02   6.2231497e-02  -2.0756732e-01   6.0600159e-02  -1.8118274e-02   2.1303040e-01   1.1691566e-01  -1.3945750e-01  -1.1072547e-01  -1.1986356e-01  -4.4470178e-02   4.6399901e-02   1.8217063e-01  -8.7568026e-02  -1.3413726e-02  -3.4238093e-02
  -1.2980188e-01   9.6816124e-02  -2.4173756e-01   1.7341766e-02   2.4539595e-01  -1.3554577e-01  -1.2033449e-01  -3.5776518e-02  -4.0117843e-03  -1.4591167e-01   4.8993678e-02   1.9833784e-02   2.0149669e-01  -2.5636238e-01  -7.8710129e-02   5.6306449e-02  -5.8109298e-02  -1.8335662e-01  -9.1717986e-02  -5.3351781e-02   1.3448690e-01   2.1175298e-01   1.3783818e-01   3.4748841e-02  -1.3641101e-01   4.4796773e-02   9.2634912e-02   3.2070820e-01   6.9535243e-02   5.4139182e-02   2.2499113e-01   1.9852262e-01  -1.5713084e-02   9.3690467e-02  -4.3083322e-02   3.6067953e-02   1.1518975e-01  -1.6116157e-01  -2.0154770e-01   1.1560450e-03  -1.6457764e-01   5.2831630e-02   1.5401094e-02   1.5507139e-01   2.4045150e-02  -1.2661077e-01  -1.5143006e-01   2.7793280e-01   2.3805449e-01
  -1.5708238e-01  -2.2814091e-01  -5.8573555e-03   4.6294917e-02  -7.8343759e-02  -3.1029650e-01   1.1790203e-01   2.0497362e-02  -4.9894719e-02   1.2680098e-01  -4.3325029e-02  -4.1138230e-03  -1.8986384e-02   1.8239019e-01  -4.0324384e-02  -1.3282325e-02   1.3719371e-01  -1.0054802e-01  -9.0206302e-02  -3.9685023e-02   7.9697587e-02   3.5864387e-02   5.3972846e-02  -2.3865042e-02  -4.8639892e-02  -2.3306229e-02  -1.6336575e-01  -5.1713060e-02  -1.9108352e-01   1.0771535e-01   8.0415033e-02  -2.3688285e-01   1.5701197e-01   9.4433129e-02   2.4159725e-01   1.4526412e-01   1.1681596e-01  -1.2092962e-01  -2.0711405e-01  -1.3332190e-01  -4.1224040e-02  -2.0684520e-01   3.7728193e-01   2.0026008e-01   4.5205832e-02   9.7651471e-02  -1.8460514e-01   6.4366137e-02  -2.7752469e-01
  -1.4703969e-01   4.0291742e-02  -1.1155004e-01  -8.8314182e-02  -2.4443331e-01  -1.0692678e-01  -1.1766681e-01  -4.4026591e-02  -8.0905308e-02  -1.9591114e-01  -7.8843441e-02   1.9896426e-02  -4.7592438e-02  -6.8210310e-03   6.7662516e-02   1.0014403e-01  -6.9200323e-03  -5.6198194e-02   2.8726856e-01   7.1957321e-02   2.0223504e-01  -1.6529871e-01  -1.6174624e-01  -2.6600089e-01  -6.4611434e-02  -1.7540417e-01   1.4910860e-01   5.4348823e-03   1.6867785e-01   2.8143958e-01  -2.4107340e-01  -3.3243582e-02  -4.5305064e-02   1.8063862e-01   1.4729039e-01  -9.0931752e-02  -5.2384734e-02   2.0557079e-01  -1.5947648e-01  -1.2089467e-01   9.0837364e-02   1.4929461e-01   1.6665247e-01   8.6663497e-03   1.9768422e-01   1.0551319e-01   7.8057596e-02   2.1389731e-02   2.3687044e-01
  -1.5644646e-01  -2.9467407e-03  -1.3906385e-02  -6.9569785e-02  -5.7193673e-02  -9.8711850e-02  -3.9752782e-02   3.7774968e-02  -1.7889654e-02  -2.1226112e-01   2.6554209e-01  -2.5387086e-01  -1.4640075e-01  -9.5909405e-02   2.8158783e-01   1.4956077e-01   3.3798029e-02   2.2761724e-01  -3.1510475e-01  -1.2596273e-01  -3.7954566e-01  -7.5024140e-02   2.1803171e-02   4.6276685e-02  -2.3327894e-01   6.2256066e-02   8.4850005e-03   2.0735284e-01  -3.3677968e-02  -7.9564565e-02   1.6793026e-01  -7.3193950e-02  -6.5241002e-02   1.0943152e-01   1.0562164e-01  -3.2371446e-02  -1.6187969e-01   1.8942323e-01   8.0588712e-02   1.4208807e-02   1.8960081e-01   9.1161586e-02   1.1875879e-01   1.0862340e-01   7.0276255e-02   8.2077425e-03   4.8907519e-03  -8.0036286e-02  -1.4835251e-02
  -1.2770402e-01  -6.2321225e-02   5.4794533e-02   3.5146795e-01  -3.0904307e-02   1.6058703e-01   7.1917261e-02   1.6096879e-01   1.5446275e-01  -2.7591203e-01   1.1068392e-01   4.5822842e-02  -2.4136060e-03  -1.3490691e-02   1.2840350e-01  -8.9298097e-02  -1.0168363e-01   7.0173871e-02  -9.2554397e-02   2.9635141e-01   4.4218504e-03   1.8910247e-01  -1.2933892e-01  -1.0813727e-01  -1.2232929e-01  -1.4285228e-01  -8.9094866e-02   1.1242268e-01  -1.2168496e-01  -3.0022202e-02  -2.4921858e-01  -3.9456163e-02   2.0197561e-01   1.9747664e-02  -4.0162648e-02   1.2833219e-01   6.2945323e-02   5.0415085e-02  -1.2538033e-01   6.2330217e-02  -3.1413464e-01  -2.2076270e-02   2.9952422e-02  -2.2975816e-02  -9.2692207e-02  -1.2967916e-01  -9.2688625e-02  -3.3660973e-01   1.0958858e-01
  -1.3830582e-01   6.8231568e-02   1.2862929e-01   9.0035880e-02  -1.5962001e-01   1.3391240e-02   3.3412706e-01   1.7263695e-01   1.0371430e-01  -3.0698661e-02  -1.8917400e-01  -6.3366166e-02  -1.3287237e-01  -1.0605418e-01   7.9812848e-02   4.2825922e-03  -2.8758837e-01  -2.4635491e-01  -8.4745026e-02  -1.1002352e-01   1.7335718e-02  -7.3336713e-02   4.6354572e-02  -2.1754846e-01   1.6335099e-01   7.3406274e-02   2.3654198e-01  -4.4882851e-02  -7.1116485e-02   1.6037485e-01   2.5526612e-01   1.8622068e-01   8.1413928e-02   1.1160854e-01  -1.9646735e-01  -8.3557160e-03  -1.8743404e-01  -8.0562712e-02   2.0035293e-01  -1.4983036e-01  -1.5240241e-01   5.3963014e-02  -4.5575884e-02   1.5158564e-01   1.0673909e-01   1.1359300e-01  -1.1886959e-02  -8.6373098e-02  -1.1881290e-01
  -1.3318942e-01  -3.6759728e-02   4.7261752e-02  -4.2771068e-02   1.2456120e-01   8.4271450e-02   7.3097566e-02  -1.9236283e-02   1.8467678e-01   2.1049709e-01   6.6532656e-02  -5.0325893e-02   1.6869009e-01   2.1892424e-02  -1.9664639e-01   5.0361044e-01   1.8518205e-01   9.0343554e-02   6.5474006e-03   1.6031922e-01  -5.6477184e-02  -1.7620232e-01  -2.8677555e-02   9.9874582e-02   2.1769942e-01  -9.9881537e-02   3.0392318e-02   1.8014118e-01  -1.9885370e-01   3.8369203e-02  -1.0905894e-01   1.9822902e-01   8.3378681e-02  -1.1007140e-01  -2.7599490e-02   8.4641752e-02  -2.6973439e-01   4.8410159e-02  -1.7262793e-03  -1.3543833e-01  -1.2691528e-01   1.8929888e-01   2.0682323e-01  -1.3619350e-01   1.7294703e-03   2.2991720e-02  -8.8589469e-02   5.9144915e-02   1.2148081e-02
  -1.4820714e-01   1.0310569e-02   8.5685233e-02   5.0036701e-02  -1.3739835e-01  -1.0203797e-01  -7.2685038e-02   1.6661566e-01   1.9894374e-02  -1.2219275e-01  -2.3573088e-01   3.1466679e-01   4.0174878e-02   5.0814574e-02   2.6148451e-01   4.5648764e-02   2.9756019e-01  -1.5272104e-01  -2.2447264e-02  -9.1170010e-02  -1.2074740e-01   1.0871896e-01  -4.1531454e-02   4.0871854e-02   3.7529811e-03  -1.0289975e-01   3.1139874e-01   8.7715243e-02   4.6962300e-02  -1.5796327e-01  -1.9097703e-01   2.6691758e-02  -8.8321514e-02  -2.3942427e-01   1.2148288e-01   9.2550680e-02  -4.3036214e-02  -1.8404012e-01   1.9734390e-01  -1.1610655e-01   1.9197045e-01  -3.1035037e-02  -9.6944267e-02  -1.9631750e-02  -1.1690471e-01  -1.0513671e-01  -2.7386263e-01   8.4552122e-02  -5.6940570e-03
  -1.4673793e-01  -2.6371730e-01  -1.6485679e-01  -2.7274686e-02   7.4357961e-02   1.1053081e-01  -1.0297836e-01   8.2766853e-02   4.8030689e-02  -8.7823456e-02   8.2740909e-02  -4.9756927e-02   1.2819202e-01  -1.9817058e-01  -1.5569417e-01   4.4941785e-02  -1.0788539e-01   1.0515870e-01   4.7076707e-02  -1.0144763e-01   1.8822170e-01   7.5225118e-02   2.3550869e-01  -8.6410940e-03   2.1124615e-02   3.5520274e-03   1.1627214e-01  -1.9547234e-01   1.1479316e-01  -6.4812070e-02  -2.0564660e-03  -3.1231952e-01   1.2325542e-01   1.0606258e-01  -1.5110624e-02  -2.9320988e-02  -3.2310516e-01  -1.8901600e-01   7.9933767e-02  -1.0318997e-01   1.8814213e-01  -6.0322540e-02   1.6161006e-02  -7.7767419e-02  -3.2857118e-01   2.1514402e-01  -1.0547861e-01  -1.8443001e-01   1.2698576e-01
  -1.4244504e-01   6.0535121e-02   1.6257996e-01   2.7695280e-02   2.1169949e-01   1.3947741e-01   9.0338437e-02   5.0470491e-02   1.2984494e-01   1.7685277e-01  -1.1123312e-01  -1.8505301e-01   1.5819066e-01   2.2334446e-01  -7.2641287e-02  -7.0216793e-02  -2.4595179e-01   1.8397818e-02   1.4651813e-02   2.1357537e-01  -4.6258741e-02   1.2257362e-01   1.4072817e-01  -1.3759607e-01   3.4596439e-02  -3.7457315e-02   1.1693941e-01   2.1412559e-01   1.3011785e-01   1.4588928e-01  -1.3488948e-02  -7.1182718e-02  -2.7656088e-01  -1.3995194e-01   2.9852925e-01  -2.3864600e-01   4.8707869e-02  -2.8756770e-02   6.2641511e-02   2.4106396e-01   2.2174779e-01  -5.6860610e-02   1.2063560e-01   1.5776748e-01   4.3350754e-02   3.2721991e-03  -1.1244390e-01  -1.0750335e-01   2.3041147e-02
  -1.5066369e-01  -1.3529037e-01   1.0283781e-01  -5.4787601e-02  -1.5672213e-01   1.1221349e-01  -9.5552825e-04  -8.2317094e-02  -4.5282103e-03  -2.1438854e-01   4.6979918e-02  -7.3489902e-02   1.5928903e-01  -1.2011625e-01  -2.6965018e-01  -1.5253510e-01   1.6380408e-01  -9.8694191e-02  -2.1785052e-02   2.0583237e-02  -1.8008475e-04   2.0325575e-01  -8.7895309e-02  -8.4592313e-03   1.3899241e-01   3.7985839e-01   1.5244865e-01  -3.1292863e-02  -2.7891924e-01  -6.5110006e-02  -6.0052118e-02  -1.4654265e-01   3.1974758e-03   1.4482928e-01   9.5221342e-02  -1.8189200e-01   1.4556520e-01  -6.6735278e-03   1.6029655e-01   7.2450060e-02   1.8069321e-02   2.2625511e-01   6.3602704e-02  -2.3477838e-01   2.7554485e-01  -1.4032407e-01  -8.9737397e-03   5.6684323e-02  -7.5380292e-02
  -1.3451475e-01  -3.9786784e-02   2.6197462e-02  -6.9139069e-04   8.6508364e-02   3.1006830e-01   4.5618629e-02   1.6007731e-01  -2.1532082e-01  -1.0812411e-01   2.0842512e-03  -1.9983746e-03  -6.0706707e-02   2.0386659e-01  -7.2470884e-02  -5.0276810e-02   1.8260693e-02  -9.2736194e-02   9.7628165e-03  -2.0119456e-01   9.5948742e-02   2.5126721e-01  -1.0665892e-01   2.4368467e-01   2.1556661e-02  -3.7086471e-02  -2.1715691e-01   5.3339279e-02   7.9987692e-02   1.7449652e-01   4.2436995e-02   3.0919558e-01   2.7763218e-01   7.5846064e-02   2.7103318e-01  -4.9202517e-02  -2.5885135e-01   1.6240944e-01  -1.3793214e-03  -1.1559753e-01   1.7613316e-01  -1.4121713e-01  -1.0413242e-01  -2.7208624e-02   5.2840542e-02  -1.3511069e-01   8.1627657e-02   4.8556556e-02  -2.0995751e-02
  -1.5324887e-01   2.6058570e-01   1.6345741e-01  -1.2396455e-01  -1.1905809e-01   1.9557895e-01   6.8235792e-02  -1.8033175e-01   1.9857865e-02   2.8634017e-02  -9.9230987e-03   2.2660326e-02   3.0109476e-01  -1.1383318e-02   1.7403769e-01   8.1763946e-03  -1.2189128e-01   2.1557302e-01  -1.0512559e-01  -8.9062233e-02  -8.6514882e-02  -1.5952509e-01   1.0381329e-01   3.1677797e-02   3.1921263e-02  -1.1408729e-01  -1.9301648e-01  -4.3228232e-02   4.3830260e-03   2.2135143e-01   2.5751066e-02  -1.8517834e-01   1.3707396e-02   1.7895596e-01   7.0732902e-02  -2.9990893e-03   2.2150746e-01  -1.7301700e-01  -8.3470891e-04  -3.6412936e-01  -4.3939495e-02  -7.2981031e-02  -2.0684433e-01  -1.8558108e-01   2.7961669e-02  -1.4822790e-01  -1.6233050e-01   5.2135428e-02   8.1710984e-02
  -1.5995158e-01  -2.2373554e-01   1.1870187e-01  -1.3223533e-01  -2.6955118e-01   8.6071151e-03  -1.4691810e-02  -1.7103064e-01   3.8150488e-02  -1.2184320e-01  -2.1672323e-01   4.5534572e-02   1.7476877e-01  -1.2709631e-01  -7.6939383e-03   9.1792081e-02  -1.5371261e-01  -1.7457519e-02   7.3724108e-02   1.1504931e-01   2.0991606e-01  -2.7090898e-02   2.2573907e-02   5.3976572e-02  -1.7284873e-01  -1.4617957e-01  -2.9280433e-01   3.3003851e-02  -1.8008097e-01  -3.3807841e-01   1.8536512e-01   1.6185744e-01  -2.2909799e-01  -1.4272160e-01   8.3359844e-02  -3.8694152e-02  -5.2431145e-02  -2.3670688e-02   1.2936175e-01  -5.9690367e-02  -8.0243957e-03  -9.7357043e-02   5.4597080e-02   1.4885357e-01  -3.2917489e-02  -9.3703844e-02   2.8118220e-01  -5.8631420e-02   4.3855432e-02
  -1.6152824e-01   1.2536864e-01   4.1682942e-03   3.2291043e-01   9.1552625e-02  -2.0573810e-01  -1.3079646e-01  -9.9479706e-02   1.9914247e-01   8.0810158e-02  -2.2693220e-02  -3.2548739e-02  -1.8248853e-01  -1.7023135e-02  -1.7586248e-01  -1.0295946e-01   1.5249649e-02   9.9601066e-02  -9.5252336e-02  -9.4491419e-02   1.1059482e-01   2.3906767e-02   6.9143025e-02   8.5384796e-02   7.4536801e-02  -3.7723099e-01   4.7805738e-02  -7.2101164e-02  -1.4655999e-01  -9.1515399e-02   1.1934434e-01   1.6473439e-02   5.4679522e-02  -1.1952222e-02   9.1976592e-02   1.5209137e-01   3.5423423e-02  -1.3341782e-01  -6.1797253e-02   3.4775802e-03   2.7542481e-01   1.8207634e-01  -1.9958364e-01  -1.2050686e-01   3.5563447e-01   3.3948954e-02   1.4527695e-01  -1.6009075e-01   7.2291780e-02
  -1.4509419e-01   2.0428880e-01  -1.8668873e-01  -1.4723749e-01   1.0823050e-01  -1.3775287e-01   1.5790366e-01   2.4436886e-01  -8.7189431e-02   4.6046971e-02  -1.8408803e-01   2.6207609e-01  -5.5716361e-02  -4.4075872e-02  -1.3838831e-01  -2.6344469e-01  -1.0471650e-02   2.3788766e-01   2.0194360e-02   2.9743676e-01   7.9754494e-03  -1.7662465e-01   5.0273751e-02   1.2028078e-01  -1.7366418e-01   1.8704341e-02  -7.9788419e-02   5.2801211e-02   1.9113767e-01  -1.4677443e-01   4.5614725e-02  -4.0190773e-03   1.8357992e-01   1.0322885e-01   8.3025059e-02  -1.1547901e-01  -4.4777554e-02  -5.0975064e-02   1.8285561e-01  -6.6701024e-02  -6.4343252e-02   3.1333283e-01   1.2520291e-01  -3.9650555e-02  -1.5010424e-02  -9.3265558e-02   6.9449100e-03  -1.7645395e-02  -1.7278613e-01
  -1.5287682e-01  -8.4677960e-03  -1.9968746e-02  -1.1984748e-01   1.3087150e-01   1.7375169e-01   1.9463789e-01  -2.3674647e-01  -3.7015225e-04  -2.0249307e-01  -7.3951363e-02  -1.1063609e-01  -8.1060484e-02   4.7207796e-02  -2.0130957e-01  -1.9442748e-01   2.3622995e-01   1.6687111e-01  -5.7662615e-02  -5.5352461e-02  -8.0364013e-03  -6.2846664e-02  -1.8051098e-01  -1.7483470e-01   2.0272216e-01  -5.2380784e-02   6.0997929e-02  -7.3415854e-02   3.3767521e-01  -2.1447260e-01   1.4085164e-01  -1.4747186e-02  -9.2696929e-02  -1.2350765e-01  -1.8373666e-01   2.3836144e-01  -9.2900249e-03   9.0664523e-02  -7.1755856e-02  -1.2024237e-01  -1.6306242e-02  -1.6151058e-01   1.5807623e-01   1.5462489e-01   1.1278502e-01  -1.4675734e-01  -1.5053083e-01  -5.7558439e-02   8.1577985e-02
  -1.5128592e-01  -1.5620460e-01  -7.7483104e-02   1.2897956e-01   1.3032928e-04  -1.0264894e-01   8.0716052e-02  -1.5091069e-01  -9.9674731e-02   2.5635367e-01   5.9022515e-02  -1.7270395e-01  -2.2689256e-01  -9.4316330e-02   1.8444044e-01  -1.8131151e-01   1.6068763e-01   7.5077825e-02   2.9084610e-01   5.0568738e-02  -1.0145635e-01   1.8759456e-01   1.2164601e-02   2.3791830e-01  -4.0322580e-02  -2.1314403e-03  -1.8603922e-02  -6.8594187e-02  -3.5125183e-03   2.7478416e-01  -2.3175338e-02   4.7569071e-02  -2.3938563e-01   2.1717803e-02  -1.0255555e-01  -5.8516235e-02  -1.3533758e-01  -2.1479599e-01   2.2568735e-01  -8.4361172e-02  -1.8712616e-01  -2.3915643e-02   1.3796708e-01  -4.2999927e-02   1.2711408e-02  -2.0791215e-01   2.0372418e-02  -6.6009537e-02   2.2206988e-01
  -1.4163536e-01  -2.0078064e-01  -1.9499279e-01  -9.0006112e-02  -6.4549694e-02   1.8716405e-01  -9.2511838e-02  -1.1459989e-01  -1.7954866e-01  -1.1325702e-01  -2.0935330e-01  -1.7420136e-01  -6.7012457e-02   3.1173994e-02   3.6386793e-02   5.2125740e-02   2.5318347e-02   1.3942579e-01  -9.2847044e-04   1.9303369e-01  -2.5245170e-01   2.5704069e-02   8.0983600e-02  -1.0761026e-01  -8.9135141e-02  -5.2783669e-02  -1.9439933e-02   1.8399642e-02   9.7313497e-03   7.5783259e-02  -6.9305823e-02   3.0744255e-01   2.3949295e-01  -8.9957469e-02  -1.6614474e-01  -2.2899232e-02   2.3172193e-01  -3.4405765e-01  -1.3511472e-02   1.1619867e-01   1.0709926e-01  -5.0201549e-02  -5.2245494e-02  -8.8398371e-02   1.0872058e-01   3.3801021e-01  -1.1241122e-02   5.7240231e-02  -1.1851601e-01
  -1.3859825e-01   1.6423037e-01  -1.8250859e-01   2.8661953e-01   3.4577687e-02  -1.4736151e-01   2.4989965e-01  -3.2842780e-01  -1.3940501e-01  -1.7991153e-01  -7.5995814e-02  -5.7293426e-02   2.3909292e-01   2.5057205e-02   1.5343917e-02   5.3653304e-02  -1.3851549e-01   2.4138749e-03   9.7325686e-02   6.7463189e-02  -7.1388303e-02  -7.6201014e-02  -1.4044752e-02  -1.9749780e-02  -1.4449461e-01   1.8672349e-01   4.0685276e-02  -1.9261985e-01  -5.0534263e-02   1.4687181e-01  -1.7971636e-02  -6.5692456e-02   3.3122741e-02  -2.1293086e-01   8.3296271e-02   2.6085375e-01  -2.5735353e-01   7.2111675e-02  -3.4457947e-02   2.0251921e-01   1.0230809e-01   2.0018166e-02  -1.0807195e-01  -9.7919349e-02  -1.2495180e-01  -1.2888352e-01   7.0041459e-02   1.3828603e-01  -1.7875700e-01
  -1.5370249e-01   2.7549119e-01  -2.7923590e-01  -2.2579674e-01   9.4362690e-02  -7.6378511e-02   1.2073255e-01  -6.9656987e-02   1.5047001e-03   7.0552171e-02   1.4370870e-01   1.3521899e-01   1.1158147e-01  -2.1199618e-01  -1.2625098e-02  -5.5427691e-02   1.8013906e-01   2.4876949e-02  -9.1101747e-02  -3.1747735e-02   8.3202295e-02   1.8302456e-01  -7.1735738e-02  -1.1093304e-01   3.5576357e-03  -1.5912835e-01   7.7988928e-02   8.8519257e-02  -2.1432839e-01   7.8941739e-02  -1.7551711e-01   4.1030306e-02  -1.2135011e-01  -1.4575264e-03  -6.8182562e-02  -1.7660141e-01  -4.9133113e-02   1.1572640e-01   7.6701444e-02   2.3155524e-03  -3.4951245e-02  -3.9903500e-01  -1.0533069e-01  -6.2984849e-03   4.2121088e-02   1.5679428e-01   1.3325874e-01  -2.1459090e-01  -2.7321395e-01
  -1.4824883e-01   7.4206826e-02   2.4559381e-01   1.8727545e-01  -1.2883918e-02  -9.1428117e-02   3.8264950e-02  -1.2278877e-01  -1.4898557e-01  -5.8722064e-02  -1.8761964e-01  -4.2671869e-02  -2.8552033e-01  -8.8494203e-02  -1.1892080e-01  -4.3073469e-02  -1.4763451e-02   7.8775896e-02  -1.2716252e-01   2.4351334e-02   2.1879045e-01  -2.4124162e-01   3.1255619e-02   1.8976544e-01   3.5368395e-02   1.4016284e-01   2.8090621e-02   2.1442567e-01  -1.3161125e-01  -7.1221477e-03  -1.5242865e-01   1.0529780e-01  -9.3751839e-02   1.5035699e-01  -2.1579678e-01  -2.2843566e-01   4.6778611e-02   7.9158432e-02  -1.9437583e-01   2.9766270e-02   2.1180910e-01  -1.8752464e-01   4.0866481e-02  -1.3363264e-01  -3.0676832e-01  -2.5424956e-03  -1.6194244e-01   3.2918913e-02   1.3955453e-02
  -1.2128461e-01  -2.3286500e-01   9.5998059e-02   1.5220104e-01   3.3220259e-01  -2.5482058e-01  -2.8653710e-02  -8.0416577e-02  -2.6451098e-01   4.5744063e-02   3.1957436e-02   2.1380501e-01   7.2868651e-02   7.1462676e-02   2.2308159e-03   3.7441200e-02  -1.0242284e-01   1.4263561e-01  -1.6771949e-01  -1.1535872e-01  -7.9677596e-02   1.0779347e-02   6.6418089e-02  -3.2402027e-01   8.0998401e-02   7.4055894e-02   1.0961565e-04  -1.5456803e-01  -4.6019681e-02  -1.2607093e-02  -6.6073874e-02   1.6675181e-01   8.9415729e-02  -9.9299762e-02   5.7268941e-02  -1.4534086e-01   2.0819016e-01   2.3982744e-01   2.5944854e-01  -1.9834718e-01  -6.9259263e-02   1.6923340e-02   1.9262044e-02  -2.0818028e-02  -6.3263217e-02   3.3782096e-02   1.0640316e-01   3.7898239e-03   2.3414153e-01
  -1.2763941e-01   2.9214862e-02   7.1180480e-02   1.8654303e-03  -1.2504922e-01  -2.1110149e-01  -6.3985251e-02   2.6524325e-01  -1.1034019e-01   1.3679065e-01  -6.2189154e-02  -3.2817843e-01   1.2727602e-01  -2.0701934e-01   3.1029573e-02   9.5356964e-02   2.4692522e-01  -5.4507501e-02   2.9989794e-02   2.2749967e-01   8.6288196e-02  -9.9844195e-02   2.1447807e-01   2.2100687e-02   6.6272399e-02   1.7725975e-01  -8.6670557e-02  -1.2776837e-01   1.6975192e-01  -5.6484481e-02   1.7457682e-02   1.9073192e-03   1.8367225e-01  -1.6397276e-01   4.0248606e-02  -3.8349603e-02   2.3997580e-02   2.1124868e-01  -5.2493301e-02   5.1123843e-02  -6.3609288e-02  -1.9341648e-01  -3.2407172e-01   5.8543847e-02   1.9547371e-01  -8.7115421e-02  -1.2125467e-01  -1.4341224e-01   1.1765377e-01
  -1.2205546e-01  -2.4216911e-01  -1.4608926e-01   9.0001435e-02   6.9367210e-03   8.2150846e-02   1.3270649e-01   2.0342341e-01   5.2304642e-02   5.2831874e-03   1.4334982e-01  -5.1937012e-02  -1.2917069e-02  -2.9475269e-01  -5.5590421e-02  -2.5739042e-01  -2.3344448e-01  -2.6205767e-02   1.3376372e-01  -1.7276479e-01  -1.5108763e-01  -2.0442641e-01  -1.5032303e-02   1.6049671e-01   8.3157355e-02  -3.6443756e-04  -3.1470053e-02   1.0097462e-01   1.0974768e-02  -3.6823515e-02  -2.1985064e-01   1.7286934e-02  -2.0634819e-01  -3.1998414e-01   1.3828575e-01   2.3716900e-02   1.3368540e-01   1.1218522e-01  -2.0913490e-01  -2.4755177e-01  -3.5612224e-02   6.5839257e-02  -9.7825850e-02   7.7993583e-04   5.9042545e-02   1.5519744e-01  -1.4854791e-02   1.5635007e-01  -1.3981494e-01
  -1.5301525e-01   1.6740578e-01  -1.7054390e-01   4.7663508e-04  -1.8112946e-01   1.2139472e-02  -2.0122928e-01   1.2171506e-02   1.3888101e-01   1.0190941e-01  -1.4904526e-02  -2.1165826e-01   1.4355345e-01  -5.3616365e-02   3.8845771e-02  -1.7691344e-01  -5.9312649e-02  -2.7605987e-01  -1.9340333e-01  -1.0052718e-01  -1.0424450e-01  -3.4499263e-02   1.2416547e-02   8.3936381e-02   1.4496334e-01  -2.3501335e-01  -3.7480036e-02  -2.1524840e-01   6.3753920e-02   2.5352761e-02  -4.5764851e-02   9.7280922e-02   1.9059275e-01  -1.0579953e-01  -1.3193512e-01  -9.3816412e-02   1.6226759e-01   1.7323891e-01   9.6550835e-02   1.0105531e-01   8.9365385e-02   5.4882276e-02   3.9171520e-01  -5.3903322e-02  -2.7082385e-01  -1.7205007e-01   7.7621190e-02   4.7247903e-02  -4.5542487e-04
  -1.6615079e-01  -1.6753170e-01   5.9266793e-02   1.4627379e-01   2.9091773e-02   1.6319093e-01   1.2737148e-01  -1.9014130e-02  -1.0370721e-01  -9.9949952e-03  -1.4112297e-01   1.1640118e-01   7.7448210e-02   3.2476095e-02   5.6505048e-02   6.8616776e-02   2.4833394e-01  -4.1891359e-02   1.9665580e-01  -2.6225003e-01  -3.7283879e-02  -2.6313530e-02   2.6125769e-01   2.1995212e-02  -8.0000929e-02  -3.1565414e-01   2.1054224e-02   1.2561301e-01   8.5459753e-02   1.0662502e-02   2.3652462e-01  -2.1286225e-01  -2.3760014e-02   6.5694020e-02  -1.4853177e-01  -1.6149766e-01   8.7845306e-02   2.8461178e-01  -4.1662015e-02   2.8755956e-01  -2.1718965e-01   1.5097503e-01  -6.7827849e-02  -1.2890804e-01  -2.2099338e-02   6.8037820e-02   6.7834070e-03   7.3166628e-03  -1.4451906e-01
  -1.3611540e-01   1.1155010e-01   1.7617570e-01  -1.9526638e-01   1.1155616e-01  -3.8078707e-02  -2.2750045e-01  -1.4671137e-01  -8.1669666e-02  -7.2560974e-02   1.8344512e-01   1.1416551e-02  -2.0884336e-01   1.1678721e-01   1.4511478e-02  -2.7665432e-02  -2.3906609e-01  -1.3578609e-01   2.3701046e-01  -1.1496987e-01  -1.7722824e-02  -1.3253470e-01   1.8954527e-01  -4.4604098e-02  -3.6164634e-02  -9.1311877e-03   1.0248656e-01   1.8046113e-01  -6.2284311e-02  -1.3710032e-01  -1.0873827e-01  -1.9200544e-01   3.2089126e-01  -2.8820596e-01  -8.8362794e-02  -1.0658202e-01  -1.4521852e-01  -1.3560901e-01   4.0530440e-03  -2.3346340e-03  -1.6692658e-01  -1.6078467e-01   8.1387896e-02  -4.5890475e-02   1.8287720e-01  -2.0934676e-01   3.7183886e-02   1.4131304e-03  -7.9562513e-02
  -1.4710157e-01   1.4919992e-01   1.4887552e-01   2.5259085e-01  -6.8286680e-02   1.6657851e-02  -2.9046704e-02   2.5332220e-01  -5.1692586e-03  -1.2241408e-02   2.8376183e-01   1.6005776e-01   7.0821796e-02  -1.3390920e-01  -3.6687029e-02  -8.0259872e-03   1.0466667e-01   1.9165788e-02   2.3230666e-01   1.1371312e-02  -7.2889488e-02  -1.2502049e-01  -1.0415090e-02  -2.3161449e-01   1.5319682e-01   9.1020906e-02  -2.3409034e-01   1.5263233e-01   1.3841772e-01  -2.6442473e-02   1.1841539e-01   4.0711099e-02  -4.8743074e-02   1.1961420e-01  -3.3264905e-02   1.9445862e-01   3.5856700e-02  -1.7542962e-01   1.5838483e-01   1.6738328e-01   1.5445264e-01  -2.6196199e-01   1.9534073e-01  -1.4845983e-01   1.1753212e-02   9.8986499e-02   2.1285126e-01   1.8497345e-01   3.3146357e-02
  -1.4387414e-01   1.2509808e-01  -1.4365863e-01   1.0169109e-01  -1.2450146e-01   2.0250599e-01  -1.3858681e-01  -9.5603847e-02  -2.7816062e-01   1.5352672e-01  -3.0975538e-03   1.0358736e-01  -2.3667604e-01  -7.6561605e-02  -2.0242233e-01   2.5104309e-01  -2.3467174e-01  -1.1581836e-01  -1.2947104e-01   4.3954257e-02  -7.8580095e-02  -2.6117300e-02  -6.5820542e-02   1.6669870e-01   2.1851337e-02  -5.4844188e-02   7.9118823e-02  -1.2881567e-01   7.6800743e-02  -1.6977689e-01  -5.9256540e-02  -7.6096371e-02  -1.3912112e-01   1.5578621e-01   2.4910607e-01   1.6721781e-01   6.9837438e-02   7.7904879e-02   2.2806952e-01   1.6331288e-01  -2.6045153e-01  -1.4689834e-01  -8.3491112e-04   2.6415144e-02   8.7711220e-02   1.0545886e-01  -1.9898987e-01   1.9494515e-02   3.9497893e-02
  -1.3644798e-01  -1.6866920e-01  -2.0533740e-01  -1.2880179e-01  -1.2258073e-01  -9.4263608e-02   5.5203179e-02   7.7688648e-02  -1.7307567e-01   2.1693746e-01   2.3927635e-01  -9.3659692e-02   3.3575479e-02   2.2697029e-01  -5.2478823e-02   3.6407349e-02  -9.7379590e-02  -9.0996429e-02   1.2259118e-01  -4.9729024e-02   4.8945409e-02  -1.5612932e-01  -2.6666583e-01  -1.7720093e-01  -1.4344445e-02  -1.8603756e-02   1.5054915e-01   1.6872862e-01  -4.4096856e-02  -9.6211533e-02   2.2856257e-01   1.2015156e-01  -3.4563880e-02   7.7388032e-02   2.3505209e-02   7.1250979e-02   1.7467122e-01  -9.3958238e-02  -7.0241452e-02   3.3253603e-02   9.3284750e-02   6.1824391e-02  -2.0525613e-01  -2.0729751e-01  -2.2652209e-01  -2.6193303e-01  -9.1886014e-02  -2.8521083e-01  -4.2202747e-02
  -1.3609416e-01   1.0574928e-01   1.6473176e-02   2.2325079e-01   5.3456358e-02   6.1525600e-02  -3.5340897e-01  -6.3010408e-02  -9.7589573e-02  -5.9265300e-03   1.6095162e-01  -5.7994015e-02   4.8533778e-02   1.3496950e-01   2.3138900e-01  -2.2320879e-02   2.1201479e-02  -1.5066039e-02  -1.7421018e-02   1.3516529e-01   1.5886842e-01   9.8385615e-02  -6.6884160e-03  -1.3577951e-01   1.1224872e-01   6.0022404e-02  -1.2518261e-01  -1.7282347e-01   1.3003058e-01  -1.7649341e-01   9.0775734e-02   1.3787612e-01  -2.6181296e-01   1.9342630e-02  -4.1560196e-02  -2.0440830e-01  -1.8152133e-01  -4.4015015e-02  -1.5562598e-01  -2.0115426e-01  -1.1606081e-01   1.8753453e-01   8.6061688e-03  -5.7322392e-02   1.8534070e-02   8.4848752e-02  -1.5493285e-01   1.6770303e-02  -4.0707148e-01
  -1.4478338e-01   4.9911666e-02   2.4476231e-01  -1.8502829e-01   2.2441357e-01  -2.1087293e-02   1.5217452e-02  -1.5928486e-01  -7.1193240e-02  -1.3300675e-01   1.5805221e-01  -7.9997766e-02   5.4006910e-02   7.6357626e-02   1.6263861e-01  -1.7937934e-01   1.0000776e-01  -3.0222008e-01   8.2659885e-02   2.6787929e-01   1.6874836e-02  -7.0218582e-02   6.3359966e-02   2.8150009e-01   9.0520815e-02  -4.6256087e-03   1.5968204e-01   2.6795965e-02   3.9432466e-03  -1.5090212e-02   4.7689058e-02   2.1155116e-02   2.5414384e-02   1.3027022e-01   1.0358787e-01   2.9298483e-01   1.5009823e-01   7.0318549e-02   7.0391312e-02  -8.6141028e-02  -2.6721398e-02   9.5732955e-02  -6.0311507e-02   5.3821711e-02  -1.9686968e-01   3.4971039e-01   1.8089763e-01  -1.1720094e-01   2.6728881e-02
  -1.4774900e-01   2.3608413e-01  -5.4496705e-02  -1.7918451e-01  -7.5647369e-02  -1.1674490e-01  -7.6648306e-03   1.2060321e-01  -8.2818554e-02  -2.1195648e-01  -5.2371298e-03   1.3148253e-01  -2.1211882e-02   1.1701484e-01   3.6823872e-02   2.6388934e-02  -6.0055307e-02   1.9158469e-01   1.7833242e-01  -2.1043652e-01   4.1306844e-03   8.0519938e-02  -4.8385644e-02   1.4315677e-01   3.2179879e-01   1.2164797e-01  -2.3010340e-01  -1.0969004e-01  -2.2804487e-01   8.3135697e-02   1.1527094e-01   3.8067142e-02  -6.3411310e-02  -2.2949571e-01  -1.1678299e-03  -3.3593605e-02   4.7394211e-02  -5.1456573e-02  -9.2136078e-02   2.5357402e-01  -7.1132316e-02   1.7441567e-01   5.4848432e-02   1.2342209e-01  -6.3901375e-02   2.0348944e-01  -2.1492491e-01  -2.0384602e-01   2.0719227e-01
  -1.3410938e-01  -9.0415278e-02  -1.8007431e-01  -3.4647180e-02   3.4701249e-02   1.9817081e-02  -1.7441879e-02  -4.6066048e-03  -1.0234007e-01   1.5620227e-01  -2.2923290e-01  -5.5304738e-02   2.9596473e-02   1.0662203e-01   2.1427047e-01  -1.7286599e-01   4.2419185e-02  -8.7442334e-02  -3.0565303e-01  -9.9663059e-03  -8.0055903e-03  -1.0582656e-01  -1.2545950e-01  -1.1151034e-01   3.2285616e-01   4.9995600e-02  -1.4278307e-01   2.3408844e-01  -5.2394060e-02  -1.2907404e-01  -1.2528628e-01  -2.4851649e-01   1.6665384e-03   8.6232864e-02   4.6290165e-02  -1.6415873e-02  -2.7852587e-01  -1.4992185e-01  -1.1510353e-01   1.5366814e-01  -1.4532568e-01   5.4231043e-02  -1.5508190e-01   4.8103483e-03  -1.2190497e-02   4.7543888e-02   2.6684971e-01   1.5626405e-01   2.1364946e-01
  -1.2339974e-01   7.6012417e-03   1.4817317e-01  -1.8067893e-01  -2.1091484e-01  -1.6924915e-02  -7.2451456e-02  -8.8570440e-03   4.5896281e-02   2.1609337e-01  -6.8085342e-02  -7.2393711e-03  -1.5200943e-01  -7.5684539e-02   7.6936133e-02  -1.2898888e-02  -1.0402666e-01   2.7224379e-01  -1.4509591e-01  -4.5987701e-02   2.6728106e-01   3.6577754e-01   3.4320738e-02  -6.6513103e-02  -3.4482798e-02   1.5326676e-01   1.1199918e-01   1.6849711e-01   1.8105386e-01   1.2264739e-01   7.3017702e-02  -2.8974881e-02   2.3521290e-02  -2.3830894e-01   3.1368723e-02   3.2067370e-01   4.8253569e-02   1.6331801e-01  -4.0975584e-02   7.8670295e-03  -1.0165275e-01   8.0776793e-02   6.3341238e-02  -2.9892875e-01  -9.6303492e-02   9.3590771e-02   1.3005787e-01   9.2963205e-02  -8.5634910e-02
