  -1.5881298e-01   1.1306171e-01   1.9500214e-02   1.1586138e-02  -2.2476474e-02  -1.9397741e-01  -4.5752754e-02   2.0513771e-01  -1.9971477e-01   1.3837335e-01   2.9155980e-02   1.5810312e-01  -2.5722778e-01   2.9199694e-01   9.5356663e-02  -1.9976499e-01  -1.5656895e-01  -2.4432533e-02  -9.0461381e-02  -5.6019384e-02   1.1869500e-01  -2.9087238e-01   1.5078816e-01   2.2901583e-01  -1.3685886e-01   4.9918652e-02  -7.5146066e-02  -1.2044320e-02  -2.5238711e-01   1.3462033e-02  -1.6770370e-01   8.3747604e-02   1.0312148e-01   3.9371629e-02   2.6141975e-01  -1.2779961e-02   6.2095583e-02   1.8900548e-01   1.6313797e-02   2.0695077e-01  -1.1074083e-02  -1.6926892e-01  -6.5709500e-02   1.4287513e-01  -7.1419603e-02   1.6520461e-02  -4.2837214e-02  -4.9867243e-02  -1.7594998e-01
  -1.4910503e-01  -1.4856049e-01   5.4606668e-02  -1.3848842e-01  -6.0368786e-02   1.7297634e-02   3.2354473e-01  -1.3527338e-01   1.4199531e-01  -2.1419000e-02  -1.5632828e-01   1.1344670e-02  -8.3506675e-02   1.3723363e-01  -1.6766185e-01  -8.8518907e-02   2.1400407e-01   4.5459885e-02  -2.1016904e-01  -1.0074997e-01  -1.1906135e-01  -9.1761501e-02   4.5881000e-02  -2.6784417e-01  -5.7841257e-02   1.6452507e-01  -6.7277844e-02  -2.3435107e-01  -1.8845782e-01   3.9781323e-02   2.2113325e-01   2.1155162e-01   1.5617958e-01  -5.5673696e-02  -5.5840215e-02  -9.3600362e-02  -2.2683421e-01   8.5983214e-02  -1.4418668e-01   2.0142679e-03  -2.4277759e-01  -9.9234672e-02   5.4523373e-02  -1.5637492e-01   1.6640154e-02   4.8528220e-02   3.1938887e-02   2.0094155e-01  -1.4551725e-01
  -1.5050449e-01   7.2994140e-03   7.4783561e-02   4.5512205e-02   1.7949552e-01  -1.5765502e-01   8.3103573e-02   1.2832258e-02   7.9903363e-02  -1.6497045e-01   8.3195137e-02  -8.8422924e-02   7.2296278e-02  -8.6244654e-02  -1.6179567e-01  -1.7943052e-02   1.2241363e-01  -5.6984312e-02  -3.0423580e-01   5.9740863e-02  -2.5075563e-01  -6.7261484e-02   6.0944320e-02  -1.0278717e-03   1.3802482e-01  -1.9882928e-01  -3.0306616e-02  -6.8494299e-02  -1.2696137e-01  -4.0920670e-01  -7.4131904e-02  -2.3585008e-01  -1.9749584e-01  -2.5651149e-01  -9.5169629e-02   2.0361316e-01   1.4393431e-01   1.5131177e-01  -4.0252213e-03   6.1953148e-02  -2.4120003e-02  -1.1277553e-02  -1.6741334e-01   2.5995214e-01  -1.2007659e-01  -3.5771439e-02  -6.6589876e-02   6.0555876e-02  -2.6907150e-02
  -1.5774630e-01   1.0018469e-01  -8.8868267e-02  -7.5892928e-02   2.4012595e-01  -1.0590543e-01  -1.4771973e-02  -9.8309911e-02  -1.2743373e-02   1.9163819e-02  -1.4610465e-01   9.9113498e-04  -2.1870355e-01  -8.2446394e-02   1.3664042e-01   8.8260290e-02   7.7648285e-02   3.7622265e-01  -5.1301908e-02   1.4573072e-01   7.8324320e-03   1.1588780e-01  -3.5905424e-02  -7.4192980e-03  -4.3238617e-02   1.5294977e-01  -4.7293957e-02  -7.8467193e-03  -1.9896427e-01   2.2120885e-01   1.3002497e-01  -1.8823413e-01  -1.1400422e-01  -3.5709075e-02   5.3401742e-02  -1.0299146e-01   1.5546948e-01  -2.4999550e-03  -1.6849626e-01  -1.1089481e-01   4.3119729e-01  -1.2278094e-01  -1.3310114e-01   1.9889069e-02  -2.9128378e-02   1.0389686e-01   1.2232763e-01   2.3317449e-01   1.4935275e-01
  -1.5753675e-01   1.5814500e-02  -6.0668033e-02   9.1128495e-02   4.2953895e-03   9.9800508e-03   1.7650192e-01   6.4875369e-02   2.7614523e-01   1.0820332e-01  -2.7663318e-01  -1.2634113e-02  -3.6084737e-02  -6.8316990e-02   8.9994963e-02   1.5424799e-02   8.4880581e-02  -9.3674286e-02   1.7935301e-01  -1.8162666e-01   2.2128277e-01   1.8252059e-02  -3.0262227e-02  -1.5989839e-01  -2.8030985e-02   2.1662838e-01   3.6438960e-02   8.9070768e-02  -9.5555615e-02  -1.1843917e-01   1.9694992e-02  -3.8717288e-01   1.5042051e-01  -8.7909508e-02   1.4834469e-02  -1.1854991e-01  -4.1252187e-02   6.3354462e-02   1.1528504e-01   1.6403197e-01  -1.0117005e-01  -6.9543361e-02  -1.7125101e-01   5.9331144e-02   5.0788555e-02  -9.9102619e-02  -9.7031508e-02  -3.6000184e-01   2.6700517e-01
  -1.4241683e-01   8.4373156e-02  -1.0587111e-01   1.2527452e-01  -1.9511364e-01   1.2079221e-01   1.5660592e-01   1.5462076e-01  -8.7795127e-02  -6.5192373e-02   2.0281404e-01  -1.8984641e-01   1.4727379e-01  -1.3920864e-01  -2.1604930e-01  -3.8622172e-02   2.8948293e-02  -6.3177535e-02  -1.0832490e-01  -4.2280127e-02  -1.1865521e-01  -2.0211396e-01  -3.7800944e-02  -1.6493578e-01   4.7326374e-02   2.7133099e-01   1.3288572e-01   1.1035859e-01   6.8403924e-03   1.8056442e-01  -1.5573117e-01   1.3694571e-01   9.9563674e-02   1.3518765e-01  -2.5720526e-03   1.1898307e-01   1.1726823e-01  -1.3192127e-02   1.9889815e-01  -8.6212141e-02   1.8595885e-01  -1.1287882e-01  -3.8175896e-01  -2.4204413e-02   8.9666434e-02   1.8048886e-01   2.0755499e-01  -3.3710876e-02   3.4837798e-02
  -1.4511509e-01  -1.0928499e-02  -2.2105972e-01   3.0912987e-01   7.9132226e-02   1.0972935e-01   1.3220048e-02   4.0204895e-03  -2.8210129e-01  -2.6964424e-02  -2.4619965e-01  -1.2738939e-01   2.0464077e-01   1.8683698e-01   1.1848140e-01   3.1198892e-01   6.2538022e-02  -1.2959895e-01   1.8009368e-01  -1.9341324e-01   8.6053824e-02  -6.6740660e-02   3.3596367e-02   1.0233479e-02  -6.3960069e-02  -2.6362591e-02   5.3491739e-02  -3.7703693e-02  -5.3640597e-02  -3.9953031e-02  -7.7948935e-02  -2.3045675e-04   3.3286491e-02  -3.1436733e-01   4.6605094e-02  -5.6035813e-02   1.8375356e-01  -5.3456767e-02  -3.6560982e-03  -1.2260945e-01  -1.0932929e-01   8.9121547e-02   3.1217099e-02   2.6300759e-02   1.5061508e-01   7.9874596e-02   2.5192048e-04   3.3503385e-01  -1.6594366e-01
  -1.1534337e-01   1.7615173e-01   2.5798906e-01   6.9240311e-02   6.7217079e-02   2.3711896e-01   2.0945942e-02  -5.5551889e-02   8.7499102e-03   4.7973179e-02  -3.1878257e-02  -1.0184736e-01  -2.2012924e-02  -1.5555022e-01   1.1119448e-01   5.9220366e-02   9.7916626e-02  -1.1771184e-01   3.1826464e-02  -8.1481145e-03  -1.2863036e-01  -3.6917675e-01   3.5100942e-01   2.1003788e-01   7.9189290e-02  -8.1841406e-02   1.6653498e-01   6.5251998e-02  -1.2299285e-01  -3.1526164e-02   2.7105901e-01  -5.5719397e-02  -8.5749175e-02   4.5825652e-02  -1.0317503e-02  -9.9229443e-02   3.6752682e-02  -2.8388606e-01  -3.8091064e-02  -6.5381570e-02   2.9791802e-02  -1.8065962e-01   1.8115450e-01  -1.6532478e-01  -9.7491701e-02  -6.8980106e-02   1.7672195e-01  -1.8373599e-01  -5.8162019e-02
  -1.2133288e-01   9.4748564e-02  -2.8209515e-02  -3.6746769e-02   7.9886179e-02  -2.1720294e-01  -4.3386106e-02   5.1276664e-02  -7.4839491e-02   3.7265948e-01   1.2380911e-01  -5.7630230e-02   1.3044340e-01   3.1880580e-01   1.5563785e-02   1.2547302e-01  -4.5665781e-03  -2.2605402e-02  -1.1887142e-01  -2.3189348e-01  -2.1865364e-02   9.6258077e-02  -2.0231922e-01  -3.4268306e-02  -1.3333513e-01  -1.2420312e-01  -3.0937196e-02   1.3189079e-01   6.7755229e-02   2.6140871e-03   2.2267252e-01  -1.4482526e-01  -1.7714286e-01   7.8982796e-02  -1.8570301e-01   1.7249022e-01  -1.9044952e-01  -6.3846228e-02   2.7778388e-02  -2.6562243e-01  -6.0262888e-02  -2.5119771e-01  -8.4149981e-02  -1.2074397e-01  -7.1406388e-02   1.8152966e-01  -3.3685449e-02  -1.5282049e-01  -8.2804444e-02
  -1.4939249e-01   6.2563191e-02   1.5916357e-01  -9.6010311e-02  -1.0011895e-01  -7.7247135e-02   1.4661856e-01   3.9489681e-01  -1.2085479e-02  -2.2339807e-01   2.5645911e-01   7.9983839e-02  -2.0276187e-02   9.2712226e-02   1.4844005e-01   1.7762863e-01  -1.3115877e-01   8.5381722e-02   7.1609723e-02   9.9531415e-03  -4.4801388e-02  -9.3287410e-03  -3.3254607e-02  -1.4873788e-01  -1.2238466e-01   8.7708653e-02   1.3364054e-01   1.4434644e-01   8.3510895e-02  -1.9867067e-01   9.1969059e-02   1.8754743e-02   1.6007274e-01  -8.8095840e-02  -1.9970418e-01  -1.7884256e-01  -1.4311056e-01  -2.5783800e-01   4.9304807e-02   1.1870732e-01   1.6279961e-01  -4.8492924e-02   1.5072193e-01   1.3393699e-01  -1.1197664e-01  -4.8259102e-02  -1.4286447e-01   2.6143740e-01   8.6223112e-02
  -1.6987483e-01  -1.2207355e-01   3.8002095e-02  -2.3379080e-01   5.9939653e-02   4.5522594e-02   5.8391369e-02   1.4549365e-01   2.4448525e-01   4.3432916e-02   1.4892594e-01   5.1466467e-02   2.2487653e-01  -3.8508478e-04   5.2196537e-02  -3.9082666e-02  -2.6349345e-01  -3.7238528e-02  -1.3864101e-01  -2.0205591e-01   2.2501585e-01   1.2595866e-01   8.6141966e-02   1.8730107e-03   2.6642675e-02  -2.4306564e-03   1.7569137e-01   1.1366149e-02   3.4415679e-02  -1.5231498e-01   1.4041703e-01   1.1122924e-02  -1.6497129e-01  -6.6202551e-02   3.1288228e-01  -1.0620663e-01   7.8781965e-02   2.4952042e-01   2.1026357e-02  -9.6949476e-02   1.2320755e-01   1.7767979e-01   7.3020261e-02  -1.0729353e-01   1.4802331e-01  -4.1409596e-02   3.6459593e-01   5.2738341e-02  -7.6492120e-02
  -1.5014049e-01  -1.4598537e-01  -6.0364202e-02  -3.8963823e-01  -8.0618768e-02   1.6700933e-02  -3.2914004e-02  -1.3482792e-01   9.2425781e-02  -9.6667703e-02  -2.7175921e-01  -8.9320630e-02   9.5081722e-02   1.0003915e-01   8.3686238e-02   1.0916713e-02  -2.0612967e-02  -5.4537414e-02   4.7401036e-02   5.4087784e-02  -1.7300674e-01   6.4409058e-03   2.5958876e-01   6.6505153e-02  -2.0300321e-01   2.0299342e-01  -9.7887087e-03  -2.0995784e-02   2.5363377e-01  -1.0134278e-02  -2.7282004e-01  -9.5862581e-02  -1.7743618e-01   9.5407088e-02   1.9338877e-01   1.6204362e-01  -1.0741377e-01  -1.6638403e-01   2.2361965e-01  -1.4283148e-01   2.8037550e-02  -1.7789640e-01  -3.5475873e-02   7.7417129e-02  -8.9808229e-02  -1.4347088e-01  -1.1121168e-01   9.6357580e-02  -5.9462876e-02
  -1.3537025e-01  -1.3972933e-01   9.0484003e-02   4.7815047e-02   1.0041252e-01  -7.0811901e-02   9.3575854e-04   3.7406781e-02   7.5160413e-02  -1.4315252e-01  -2.1093594e-01  -3.6702593e-04   3.2069124e-01   1.6724085e-01  -1.3448876e-01   1.7699514e-02  -9.1033396e-02   2.7600775e-01   8.6966502e-02   1.2134818e-01  -1.7010770e-01  -4.3180183e-03  -3.0889808e-01   4.0743202e-02   8.6611567e-02   4.1934349e-03   2.9927702e-02   7.1585975e-02  -2.2594346e-01  -1.2542573e-01  -3.7747919e-03   1.5523628e-01  -3.8534091e-02   1.7425997e-01   1.3991295e-01  -5.4488882e-02   1.6855743e-01  -1.7244182e-01  -1.9543348e-02   1.4914624e-01   1.2335111e-01  -6.7005845e-02   6.5464433e-02  -1.4790310e-01   2.1312374e-01  -3.3270025e-02  -2.0688366e-01  -2.6743099e-01  -1.9032211e-01
  -1.3146465e-01   5.7105063e-02   4.6346901e-02   3.0127516e-02  -1.9863254e-02   3.5346103e-01   8.9070581e-02  -5.6702521e-03   5.3844648e-02  -5.2981400e-02   1.6209282e-01   1.0436323e-01  -9.5589728e-02   3.1836978e-01  -4.8538540e-02   2.8693378e-02   3.8060063e-01   1.1796823e-01   1.1865118e-01  -4.3195690e-02   1.3024744e-02   1.6000259e-01  -5.1936727e-02   6.7310807e-02  -1.1292528e-01  -2.3972494e-01   1.9586854e-01  -1.8630297e-01  -6.7663179e-02  -8.7173154e-03  -2.5187626e-01  -2.3587064e-01  -1.2210421e-02   2.3957287e-01   2.7855796e-02   6.8905691e-02  -1.3643790e-01  -2.3365700e-02   1.9003067e-02   1.7226958e-01   1.2550471e-01   1.9922607e-01  -5.1197996e-02  -5.5632735e-02  -6.9886276e-02   4.8049195e-02   1.5437207e-01   1.0426289e-03  -8.5827235e-02
  -1.4971385e-01   1.4485827e-01   5.4069512e-02   1.4012151e-01  -7.0616219e-02  -1.1526952e-02   7.0574196e-02   1.2519951e-02  -1.2340686e-01  -1.1951741e-01  -1.4023315e-01   2.1186689e-01   5.7364467e-02  -2.1128106e-02  -3.3273367e-02  -1.3515642e-02  -3.9507765e-03  -1.3249114e-01  -3.4281068e-01  -1.3729418e-01   1.1433289e-01  -1.2911611e-01  -1.2308131e-01   6.6328381e-02  -3.4353285e-02  -7.6858101e-02  -3.5322886e-01  -1.3628769e-01   1.0824402e-01   9.2286028e-02   2.4237454e-02  -9.4277602e-02   3.1219141e-02   3.0998784e-02  -2.6401623e-02   1.6775157e-01  -1.2796090e-01  -1.1537705e-01   5.4459037e-02  -3.2139629e-02   2.9582556e-01   1.2255149e-01   8.9402531e-02  -1.6091236e-01   2.3527956e-01  -4.0133589e-01  -2.2699450e-02   3.1733135e-02   1.4999443e-01
  -1.5297503e-01  -1.5502369e-01   2.1822819e-01   3.1593549e-02  -1.1420476e-01  -1.8745845e-01   1.2612934e-01  -1.6316889e-01  -1.3807925e-01  -7.7049878e-02  -1.1425440e-01  -1.2041104e-01  -1.4695261e-01  -1.2057951e-01  -8.5682703e-02   1.2879930e-01   9.9215486e-02   1.0497436e-01   1.3789402e-01  -2.9256148e-01   6.8511246e-02  -6.0266510e-02  -1.8023820e-02  -1.2708383e-01  -2.2546917e-01  -2.2163568e-01  -2.8925017e-02   2.4504441e-01   1.1100281e-01   8.7801642e-02   4.2174489e-02   2.2007147e-01  -2.9272786e-01   1.4671186e-01  -1.1923407e-02   6.2814592e-02   1.8581915e-01   1.8197873e-01   1.2277907e-01   2.4073541e-01   1.8014197e-03   3.7553920e-02   1.3048778e-01   8.0730387e-02  -1.0358633e-01  -8.8198939e-03   9.0772649e-02   8.3741817e-04   1.5255189e-01
  -1.2939905e-01   8.5809814e-02  -7.0466700e-02   3.6169716e-01   1.5423770e-01   7.5406681e-02   1.2581362e-01  -1.3871833e-02   1.5538408e-01   2.9176259e-01   1.4364158e-02  -2.3921446e-02   3.0473774e-01  -1.3576558e-01   1.4783794e-01  -8.2158484e-02  -4.5161029e-02   7.4316670e-03  -1.3509429e-01   1.1749606e-01  -1.3350780e-01   1.5416706e-02  -1.3459937e-01  -6.8138459e-03  -9.1122162e-02  -3.3097411e-02   9.0489519e-02  -8.2075012e-02   2.1491422e-01   1.0012146e-01  -8.1540435e-02   1.0265879e-01   1.0255042e-02   1.0774593e-01   2.6876014e-01  -6.1558518e-03  -1.1074351e-01   6.8864304e-02  -1.3036989e-01   2.2052319e-01  -5.9494820e-02  -1.5752147e-01   1.7842728e-01   6.9770270e-02  -2.6815735e-01  -1.9125145e-02  -6.0310947e-02   1.8653689e-01   1.8485761e-01
  -1.6175833e-01   1.2864938e-01   1.8410102e-02  -1.4611759e-01  -1.7592226e-01  -7.2849031e-02  -3.0459988e-01  -1.6141867e-01   9.6037232e-02   9.8091462e-02  -1.0252413e-01  -8.6378805e-02   1.6208874e-01   4.1373872e-02  -2.6414213e-01  -8.6189464e-02  -8.4809345e-02   1.9195931e-01   1.9977501e-03   1.0360514e-01   1.3884532e-01  -1.2605878e-01  -1.3543203e-01  -6.5398218e-02  -3.8636998e-02  -1.9763441e-01   2.9312380e-02   1.3774660e-01   4.1011697e-02   1.1732419e-01  -1.5393743e-02  -1.1290680e-01   3.1147230e-01  -2.7318078e-01  -3.0755133e-02  -3.7574017e-03   1.5643139e-02  -1.8922926e-01  -1.5853563e-03   1.2789984e-01  -9.4814002e-02   3.1057251e-02  -4.9679827e-02   7.2546528e-02  -2.0153290e-01  -1.7303235e-01   3.3094132e-01   6.7952679e-02  -9.8585032e-02
  -1.3053495e-01  -2.5253448e-02   3.1185708e-01   1.2318545e-01  -4.8428962e-02  -2.1522594e-03   1.4522633e-01   2.4408210e-02   5.2038487e-03   1.6275741e-01  -1.6212609e-01   2.0000212e-01  -6.9911062e-02  -1.2457458e-01  -1.7594962e-01  -6.5483517e-02  -1.8369865e-01  -9.2565661e-02   1.3719994e-01   5.4085103e-02  -3.1843594e-01   1.7420386e-01   4.5502753e-02   5.2992941e-02  -7.1107983e-02  -2.3245164e-01  -1.1932998e-01   1.8539590e-01  -5.8565263e-02   4.7746417e-02  -2.4616297e-01  -4.3435968e-02   1.1554767e-01  -1.4878915e-01   3.8231557e-02  -2.7685611e-01  -1.4269362e-01   1.0845145e-01   1.1168012e-01  -3.1937001e-01   9.6084535e-02   8.8487196e-02  -6.1985439e-02  -1.0457516e-01  -2.0036488e-02   1.6372969e-01  -2.4560089e-02   3.0902970e-02  -4.1252728e-03
  -1.2697558e-01  -1.3396726e-01  -2.4659706e-01  -1.3891759e-02  -1.3291672e-01  -1.8187565e-01  -1.6593600e-01   2.3832928e-02  -1.3148052e-01  -4.0687325e-03   1.2685725e-01   1.6293156e-01   2.3796207e-01  -3.1907927e-01   2.7280513e-02   8.4416455e-02   1.6908537e-01   8.8491016e-02   4.4631405e-02   8.3903261e-02  -1.2478851e-01   1.1303729e-02   1.9765147e-01   1.5159946e-01  -1.1550844e-01   9.5961852e-02  -1.3229457e-02   1.8786125e-01  -2.1040202e-01   2.7153069e-02   1.0115948e-01  -2.1346915e-01   7.9263778e-02   1.7098508e-02  -3.2133749e-02   1.3930303e-01  -2.2925336e-01   1.9754834e-01   1.1286441e-01   2.3068765e-01  -4.3952963e-02   9.8489735e-02   1.5015051e-01  -2.7063328e-01   6.3076942e-02   9.8006244e-02  -3.2824124e-02   6.9549899e-02  -7.9571455e-02
  -1.4308608e-01   2.6476163e-02   1.6957436e-01  -8.9330849e-04   9.4564116e-02  -4.7127017e-02  -6.6676227e-03   1.9165213e-01  -4.5464869e-02  -1.3344688e-01  -8.6640464e-02  -2.1709377e-01   1.5833367e-01   2.6779090e-02   5.9178665e-02  -1.5917081e-01   2.4318972e-01  -1.3140985e-02  -1.1922966e-01   9.3081384e-02   3.8398872e-01   9.2228319e-02   1.3998600e-01  -1.2403425e-01   1.7768753e-01   9.8382688e-02  -7.7566477e-02   2.3668605e-01  -1.8996713e-02   1.1733113e-01  -2.4875127e-01   2.1255789e-02   4.4622177e-02   5.7336622e-02  -8.8897031e-02   3.7664258e-02  -1.2063982e-03   9.7943649e-02  -1.8395165e-01  -2.1312561e-01   3.7520836e-02   1.3113463e-01   2.0882680e-01  -1.2200315e-01  -3.0505646e-01   5.0053984e-02  -1.5936049e-01  -8.2856357e-02  -1.0836898e-01
  -1.2046928e-01   4.0192149e-02   4.4278415e-02  -9.3347906e-02  -9.0716486e-03  -1.6695574e-01  -1.6775047e-02   1.5460854e-01  -3.1425955e-01  -1.7135133e-01   2.2247797e-03  -2.4282564e-01  -3.9694195e-02  -7.8848423e-02   2.0375567e-01  -1.2421921e-01  -8.2436724e-03   8.8014468e-02   1.9261320e-01  -6.4536559e-02  -2.0609408e-01   1.1207165e-01  -1.9207476e-01  -6.8131118e-02   1.9719872e-01  -8.1811398e-02   8.5187669e-02  -4.1973248e-01  -3.7151509e-02   8.6230509e-02  -1.4287713e-03  -5.2724863e-02   1.1856349e-01  -1.1990917e-01   1.5229928e-01   7.0263238e-02  -1.0455806e-01   1.2572518e-01   1.7857903e-01  -1.2746461e-01  -9.3593725e-02  -1.0176277e-01   1.9293878e-01  -5.4928361e-02  -6.2954414e-02  -8.6568323e-02   1.8325699e-01  -1.8271326e-01   1.1721890e-01
  -1.6988760e-01  -4.7140270e-02  -5.7636110e-02  -1.4737460e-01  -7.9671523e-02   1.8568120e-01  -1.8414767e-01  -1.8522527e-01   3.2496175e-02   1.1716615e-01  -1.5500424e-02   2.1836883e-02  -2.0992282e-01  -3.7422246e-02   1.4236272e-01   1.9897275e-01  -1.6789041e-01  -1.1721972e-01  -3.2528931e-01  -5.8861721e-03   2.7000527e-02  -1.3389803e-02  -1.7410907e-01  -1.3359737e-01   2.0531916e-01  -1.8456738e-02   1.4135941e-02  -3.4421650e-02  -1.0420724e-01  -1.2440030e-01  -2.9479612e-01  -1.9799684e-02   3.9271230e-02   2.7186673e-02  -1.5135691e-01  -6.2612376e-02   1.9256503e-01  -1.6342551e-02   2.3705013e-01   1.3550413e-01  -1.5621241e-02  -1.0850926e-01   2.6656656e-01  -2.4227619e-01  -3.7890494e-02   2.4795652e-01  -5.3343364e-02   3.8905648e-02   9.7887178e-02
  -1.5678602e-01  -2.5007940e-01  -5.7455851e-03  -1.6405419e-02   2.0210794e-01   1.5827561e-01  -1.4631658e-01   1.0111273e-01  -8.9495605e-02  -2.0139657e-01  -3.4794703e-02  -3.5233433e-02  -2.7808783e-01  -1.1955097e-01  -1.5302927e-01   3.8218120e-02   6.3608643e-02   6.2383011e-02  -2.5779254e-01  -1.2836097e-01   5.1202960e-03  -3.8816344e-02  -2.0512834e-01   2.8201450e-01   3.7585145e-02  -9.0873679e-03   2.5825979e-01   2.5567706e-01   2.2767026e-01   1.0989523e-01   1.9997631e-03  -6.8129059e-02   9.9651428e-02  -5.7103708e-02   1.5612003e-01  -3.1770309e-02  -2.3035642e-01  -1.2577071e-02  -1.6862414e-01  -5.9787717e-02  -1.8727783e-01  -8.4636339e-02   4.6424668e-03   1.2973263e-01   1.9088821e-01   6.0464964e-02  -7.8632496e-02  -3.5701810e-02   3.0650442e-02
  -1.4335319e-01   2.0212512e-01   2.9132708e-01   2.3497870e-02  -4.3747674e-02  -3.1708028e-01  -4.6406899e-02  -2.3283424e-02   1.7822375e-01   1.4409066e-01   1.0855292e-02  -5.6104701e-02   4.0001600e-02  -1.0649753e-01   1.5040628e-01   2.7471059e-02   2.0578825e-01   1.7704616e-01  -9.2371055e-02   2.9679390e-02   1.1641206e-01   5.1499341e-02   2.1957745e-02   2.8702092e-01   1.8063110e-02   8.7634579e-02   9.3156059e-02  -1.6124074e-01   1.3275586e-02  -5.0904099e-02  -1.0054517e-01   1.6063200e-01   3.7465473e-02   1.4196677e-01  -7.4272381e-02  -4.7168152e-02   4.2893252e-02  -1.6698995e-01   2.0128218e-01  -1.0640103e-01  -2.9863522e-01   2.0529118e-01  -1.0967709e-01   7.6203388e-02   2.9918396e-01   1.0123326e-01  -9.9963386e-03   1.4426962e-01   1.0806754e-01
  -1.4956161e-01   6.5160574e-02  -1.8515329e-01   1.3619270e-01  -2.7967856e-01   2.4798166e-01  -1.0649027e-01   1.0327084e-01   8.2364266e-02  -8.7862753e-02  -9.3394559e-02   9.3133603e-02  -3.0301755e-02  -6.6340171e-03   2.8528266e-01  -2.8730899e-01  -4.7986591e-02   2.5870312e-01  -1.0713190e-01   8.8932983e-03  -1.4660552e-02   1.9187484e-01   1.7505735e-01  -1.1494379e-01  -8.6337149e-02  -2.4106447e-01   7.4986601e-02   1.1307484e-01  -1.3098650e-01   1.0457577e-02  -4.0435258e-03   2.5808528e-01  -2.2462101e-01  -2.2120944e-01  -1.5066042e-01   1.4322901e-01  -5.5621357e-02  -5.0780311e-02  -4.7031852e-02  -6.1687181e-02  -9.3807269e-02  -1.1796640e-01  -8.2912338e-02   2.9687891e-02   1.5481695e-01  -3.9094163e-02  -4.5742536e-02  -1.1242050e-01   8.6656895e-02
  -1.3465166e-01  -1.0255094e-01  -2.2779318e-01  -1.3736274e-01   8.3222629e-03   6.6224818e-02   3.6721036e-02   3.0600062e-01   2.2773440e-01   3.6735940e-02   1.8926660e-02   4.7714528e-02   4.2009151e-02  -1.4931021e-02  -6.7068305e-02   1.7199130e-01  -1.3534489e-02  -1.4647462e-02   2.0538406e-01   8.7489786e-02  -6.6722688e-03  -2.2524783e-01  -4.7978806e-02   3.9825963e-02   1.8115959e-01  -2.0505938e-01  -3.0312066e-01   2.0539337e-02  -1.9019081e-01   1.4868146e-01  -1.0022278e-01  -2.0007903e-02  -7.7441800e-02   2.9408054e-01  -1.3614801e-01  -1.3403228e-02  -9.1384486e-03   6.0977045e-02  -8.9925110e-02  -1.8854345e-01  -1.9585510e-01  -8.7803067e-02   1.5054345e-01   2.6201258e-01   9.0435249e-02  -8.0871464e-02   1.6072815e-01   1.0825167e-01   1.4196318e-01
  -1.6655494e-01  -3.7728076e-03   7.0003273e-02  -3.4123640e-02   1.2355487e-01   8.8400109e-02  -2.9244262e-01   2.0509018e-01   7.6941459e-03  -1.4722265e-01   6.0208921e-02   1.9685282e-01   8.1285561e-02  -8.6092359e-02  -3.8999430e-02  -5.6820058e-02   1.6515084e-01  -1.6581945e-01   5.4279209e-02  -7.0761227e-02  -9.5682478e-02   1.1260172e-01  -1.0400785e-01   5.6762502e-02  -2.7329935e-01   2.2816057e-01  -3.5234642e-01  -1.6809338e-01   1.4038253e-01  -9.1439269e-04  -3.4013409e-02   9.8288612e-02  -1.7226680e-01  -1.4068733e-01  -7.3086850e-02  -2.0107268e-01   1.8408621e-01  -1.2477102e-01  -1.2656635e-01   1.3061396e-01  -1.4987227e-01  -4.0127268e-02  -7.3672086e-02  -9.1174588e-02  -1.3324845e-01   1.5639936e-01   2.0361310e-01  -1.5510992e-01   3.2231681e-02
  -1.2813057e-01   2.2852832e-01  -2.1888142e-01   9.0832138e-02   7.7671729e-03   2.5281856e-03   7.6382918e-02  -9.6652598e-02   1.0259562e-01  -8.9645688e-02   2.3443040e-02  -2.0948587e-01  -1.7331445e-01   1.7965630e-01  -2.0875602e-02  -1.5430177e-01  -8.1094854e-03   1.8250770e-01   1.4045140e-01   2.2473514e-01  -4.4156914e-02  -2.4861408e-01  -2.1968748e-02   7.6402750e-02  -7.0888239e-02   5.3912506e-02  -2.1007742e-01   1.0207214e-01   3.8781832e-01  -3.3468662e-01   3.3595032e-02  -1.1449862e-02   1.4722094e-02  -4.1287951e-02  -3.4689129e-02  -4.1831242e-02  -5.3654403e-02   2.1952400e-01   9.7658052e-03  -6.7032269e-02   3.9258946e-02   9.0744899e-02   1.8488780e-01  -1.6211810e-01   1.5617526e-01   1.9929898e-01   9.6079742e-02  -7.1098935e-02   3.7162927e-02
  -1.5155495e-01   3.7124073e-01   4.0720546e-02  -1.6594260e-01   1.9887159e-01   1.3878993e-01   8.3014744e-02  -7.7560650e-02  -2.7625059e-01  -7.9973089e-02   2.2057543e-02   2.3803300e-01   4.3077404e-02  -9.2055401e-02  -2.9943959e-02  -1.0277757e-02  -1.2079969e-01   3.3021687e-02  -5.8185924e-03   1.7803099e-01   4.3340209e-02  -2.1970224e-02   5.3102410e-02  -4.0258528e-01   5.5019161e-02  -5.2265907e-02  -3.8866909e-02   6.2921236e-02   7.6133442e-02   1.1473982e-01   1.2893709e-01  -1.5290518e-01  -1.4255531e-01   1.3830112e-01   2.0234296e-01  -3.6281210e-02   3.1034221e-03  -5.4441520e-02   1.0772640e-01   5.4449826e-02  -3.1776412e-01   1.4874570e-01  -4.2907641e-02   1.2004041e-01   1.2968402e-01   1.1633700e-01  -1.3170899e-01  -2.3021935e-02  -1.2415529e-01
  -1.4194925e-01  -2.2516244e-02   2.9056195e-01  -1.4666815e-02   3.1889657e-02   1.7975892e-01  -5.8140520e-02  -1.7276415e-01   5.3101440e-02  -2.5638892e-02   5.6636891e-02   1.8821893e-01   5.8207823e-02   2.3875342e-02   3.7662958e-01   1.6337439e-01  -1.8932261e-02   9.1803072e-02   1.5040145e-01  -8.2636504e-02  -1.2935167e-01   3.2533130e-03  -4.7638110e-02   2.6970044e-02   2.2933843e-01   9.0831467e-02  -1.4833323e-01   1.1815964e-01   1.9884518e-01   6.8203503e-03   5.0474953e-02   5.7749079e-02   2.8372153e-01   3.7642374e-02  -1.2760818e-01   2.5152973e-01   9.3124554e-02   3.2610803e-01  -1.2201116e-01   1.3127529e-02  -1.5174095e-02  -1.0855089e-01  -2.3615325e-01   2.1907259e-02   1.0707980e-02  -1.2841740e-01   2.8250759e-02   3.1932827e-02  -1.8721741e-01
  -1.4919696e-01  -1.2345682e-01  -2.8936656e-01  -8.6749300e-02  -1.3498874e-01  -1.5303841e-01   1.8238376e-01  -1.1042741e-02  -1.2948666e-01   5.2509614e-02   5.7044876e-02   1.6257064e-01  -1.0024367e-01  -2.2245865e-01   1.1170185e-01   1.2437843e-01   2.0964173e-01  -5.1084238e-02  -5.6699248e-02   1.9871213e-01   1.1140466e-01   1.4400939e-02  -6.9381409e-02  -2.9651875e-02  -1.0590940e-01  -2.5956015e-01   7.5877823e-02  -4.4699004e-02   1.4954019e-01  -2.4780262e-01   1.6681622e-02   1.2401550e-01   1.8300877e-01   1.2956337e-01   1.2858306e-01  -1.6125392e-01   2.1833180e-01  -8.1559401e-02  -1.2999254e-01  -2.1671374e-01  -2.7939963e-02  -4.4989334e-02  -1.9704857e-01  -1.3727206e-01  -1.4735200e-01  -1.8775670e-01  -3.5712081e-02  -1.4192463e-01  -1.2774857e-01
  -1.3211725e-01  -2.6701205e-02  -5.2538864e-02   9.0940600e-02   2.3335330e-01  -1.3427822e-01  -7.0953176e-02  -3.2274930e-01   4.3000258e-02  -2.2285408e-01   3.8845914e-01  -6.6518235e-03  -1.0351511e-03   2.4105167e-01  -1.9261551e-02  -1.4425073e-01  -7.9543622e-02  -1.3524981e-01   7.3102737e-02  -3.2733991e-02  -8.9161154e-02   5.4996178e-02   9.8504686e-02  -5.6942769e-02  -1.2232027e-01   1.5397894e-02   8.4683359e-02   1.6850948e-01  -1.7489099e-01   1.0319000e-01  -9.8817138e-02  -2.5980347e-02   9.4581128e-02   6.3279776e-02   2.4936817e-03  -7.8272584e-02   1.5355527e-01  -2.2262880e-02  -4.7782289e-02  -1.3815676e-01  -1.9348480e-01  -4.0243959e-02  -8.9222338e-03  -2.1467530e-01   6.1443173e-02  -2.8696239e-01  -4.4728580e-02   6.8190759e-02   3.2780067e-01
  -1.4072423e-01  -2.4463001e-01   1.5145295e-01   1.1120224e-01  -3.9156533e-03   2.6258577e-01  -9.8292016e-02  -4.4328378e-02  -1.0031248e-01   4.4508084e-02   1.8507592e-01  -2.5616422e-01  -2.7970043e-02  -1.4688788e-01  -4.9834688e-02  -1.6465976e-01  -9.7330874e-02   6.3458171e-02   1.6314997e-01   1.2858076e-01   3.4135515e-01  -3.6154393e-02  -1.3793016e-01   6.3188569e-02  -1.8103190e-02  -2.1516639e-02  -2.1980308e-01  -1.1438679e-01  -1.1838725e-01  -1.5558231e-01   1.5630540e-01  -3.6775058e-02  -1.4924980e-01   4.4179634e-02   3.1402938e-02  -8.4377621e-02  -1.6591894e-01   1.7482108e-03   2.2331810e-01  -2.4974654e-02  -2.5496162e-02  -1.4417144e-01  -2.4279886e-01  -1.0863509e-01  -7.2889821e-02  -9.2337219e-02  -1.8936523e-01   2.4774345e-01  -5.7169722e-02
  -1.4215564e-01  -8.7553818e-02  -2.6275549e-02   2.0340540e-01   2.4985732e-01  -6.3709028e-02   8.2599988e-02  -6.6146609e-03  -1.1589034e-02   1.2976681e-01  -3.1783363e-02   1.8137618e-01  -2.5882595e-01  -1.0581587e-01  -1.4881968e-01  -9.8447296e-02  -4.8782875e-02  -1.0501649e-01   1.6075144e-01   1.2480904e-01   1.0985491e-01   2.5267301e-01  -3.7625410e-03  -7.3718316e-02   2.8670063e-02   2.1032351e-01   3.8194259e-02   7.5843800e-02  -5.2453760e-02  -1.9283587e-01  -1.7085633e-02   1.2920744e-01   5.1690023e-02   1.7879412e-02  -4.8239514e-02   4.4004080e-01  -2.3343774e-02  -2.4430738e-01   1.0074792e-01  -3.2835931e-02  -5.7259696e-04  -7.2735619e-02   2.2030563e-01   8.9609538e-02   3.0901120e-02  -6.0326052e-02   2.9380824e-01   3.1465093e-02  -1.6199895e-01
  -1.4784857e-01  -1.1498119e-01   1.3705025e-01   9.8484622e-02  -1.5048771e-01  -2.0260937e-01  -1.7325855e-01  -1.2217650e-02   6.6854909e-02  -5.6653186e-02  -6.9477551e-03  -2.6610710e-01  -6.0404591e-02  -3.7701892e-02   1.1354032e-01  -3.5350880e-02  -1.0716989e-01  -3.3433622e-01   3.4708996e-02   1.4295408e-01   6.4839534e-03   9.7800976e-02   1.3129030e-01  -2.3129485e-01  -7.9845448e-02  -1.8492129e-01  -8.7654608e-03  -1.2814685e-01   7.4916164e-02   4.6648391e-02   1.9233979e-03  -1.7486225e-01   7.1550513e-02   1.8536730e-01   6.2327654e-03  -3.9145280e-04  -5.7801134e-02  -6.7535857e-02  -3.6149861e-01   1.7887976e-01   1.2788419e-01  -1.0085284e-01  -3.9965330e-02   5.7430420e-02   3.5702367e-01   1.8599449e-01   5.0195949e-02   2.3894472e-02  -1.3214527e-01
  -1.4926614e-01  -1.4954372e-01  -1.0206186e-01  -4.5510429e-02   1.7167144e-01  -1.0590525e-01  -2.6066669e-01   1.0957382e-01   1.0045988e-01   1.7693581e-01  -6.6878577e-02   1.1434156e-01  -9.0028135e-02   1.4694196e-01   7.9813904e-02  -2.3859527e-01   2.9592885e-01  -2.3046359e-01   1.3106058e-01   3.2805573e-02  -1.3949950e-01  -1.9181721e-01  -2.1218456e-02  -1.6707265e-01   2.9794354e-01  -1.0472670e-01   1.2518513e-01   5.4247720e-02   1.3735105e-01   1.1379185e-01   1.8226249e-01   1.7843364e-01  -6.8096315e-02  -7.4410112e-02   9.9012941e-03  -6.4002869e-02  -3.1779171e-02  -2.7282330e-02   2.3131700e-01   8.3420325e-02   2.1151402e-01   2.1169657e-01  -1.1162019e-01  -2.7853093e-02   3.7773565e-03  -2.1368535e-02  -1.3113837e-01   1.1184532e-01   4.4164564e-02
  -1.1821806e-01  -1.7758751e-01  -7.2042666e-02   1.6705413e-01  -2.5240614e-03  -1.1298099e-01  -3.3832364e-02  -1.2496282e-01  -1.6263443e-01   1.6849278e-01   1.8787343e-01   6.9419931e-02   2.6847181e-02   4.7877603e-02  -1.3536888e-01   1.4146127e-01  -3.6783273e-02   3.2327717e-01  -5.8943168e-03  -1.7359363e-01   1.7430791e-02   1.8112484e-02   3.5812140e-01  -1.1998498e-01   3.7648243e-01   9.2198755e-02  -1.2273353e-01  -1.2272356e-01   1.8932259e-01  -4.7601887e-02  -2.1770982e-01   1.4191933e-02  -1.1685824e-01  -4.7356769e-02  -1.4676525e-02  -2.6376358e-01  -1.9714006e-01  -1.4359587e-01  -1.0005576e-01   8.4385743e-02   5.0319026e-02  -4.4069214e-02  -2.7888598e-02   5.9620310e-02   3.0008681e-02  -8.8101370e-02   5.3571048e-02  -1.6572185e-01   8.2740917e-03
  -1.2995860e-01  -8.3112423e-02   5.5038352e-02   1.0782051e-01  -6.1030127e-02  -1.1620715e-02  -1.7643995e-01  -1.1341467e-01  -1.8530852e-01  -1.6893021e-01  -2.6057603e-01   2.3055103e-01   1.5868136e-01   1.7398086e-01  -9.9028445e-02   1.1187084e-01  -1.6322937e-01  -9.9986257e-02  -2.8799233e-02   2.4848889e-01   1.2774461e-01  -6.8495353e-02   5.1854366e-02   4.8236086e-02   3.3966186e-03   8.1473688e-02   2.6467969e-01  -1.6162855e-01  -3.4088432e-02  -1.5696280e-01   1.5560017e-01   9.6166205e-02  -1.9296066e-02   1.9063608e-01  -1.7425907e-01  -1.2082039e-02  -1.8073554e-01   1.9776310e-01  -4.0729996e-02  -1.1761931e-01   2.0707695e-02   5.6310603e-02  -1.0955706e-01   1.1746615e-01  -1.8744042e-01   1.3295565e-01   1.2970484e-01  -8.0167638e-02   3.2358286e-01
  -1.3818013e-01  -2.9968628e-01   1.0012752e-01  -6.4797420e-02  -6.8743563e-02   5.9571391e-02   2.4322513e-01  -1.2759614e-01  -1.0399595e-01   1.9440850e-01   1.9512065e-01   1.0652372e-01   1.1129318e-01   3.5906053e-02   5.5273271e-02  -1.6269068e-01   1.4954988e-02   8.1489212e-03   1.7531082e-02   2.4078292e-01   6.9820584e-02  -1.6810077e-01  -9.7883349e-02   8.1118084e-02  -1.5731501e-01   1.0086507e-01   1.4588508e-01  -1.4533413e-01   8.6445774e-02   2.7036818e-01  -2.1922603e-02  -1.6211956e-01  -8.9449539e-02  -2.5467704e-01  -2.7360134e-01   1.2623195e-04   2.0816109e-01   4.2028925e-02  -4.5270175e-03  -6.3700518e-02   5.5469256e-02   4.0509841e-02   2.1376434e-01   2.0469309e-01   1.5607472e-01   1.5633513e-02  -9.7580907e-02  -1.8358569e-01  -4.8603804e-02
  -1.2071050e-01   1.6621415e-01  -1.9137167e-01   1.0549311e-02   1.2361829e-01  -1.1283769e-01   9.5069515e-02  -2.3521208e-01   1.1845891e-01  -1.7493639e-01   3.6144968e-02  -1.0883545e-01  -4.6160886e-02  -1.3476589e-01   1.9637942e-01   8.6114206e-02  -1.4368043e-01  -1.8595831e-01   9.6509461e-04  -1.7341571e-02   4.1320006e-03  -1.6719675e-02  -2.1583333e-01   1.0733530e-01  -2.0938529e-02   5.6267939e-02   5.4234752e-02   3.0670314e-02  -1.3617081e-01   1.3968457e-01  -1.2957887e-01   1.7657557e-01  -1.9798009e-01  -2.3325083e-02  -2.2133307e-01  -2.1913782e-01  -3.5218717e-01   3.8852915e-02   4.1547791e-02   7.3257438e-02   6.9624388e-02   1.6159508e-01  -8.9452079e-02   1.1903763e-01  -9.3897441e-02  -1.2473276e-01   8.1669049e-02  -1.3864319e-01  -3.5271144e-01
  -1.2435255e-01   5.5016270e-02   3.6132796e-03  -1.2223043e-01   2.8677348e-01   5.0048669e-02  -7.2282751e-02   1.8539458e-01   1.0612147e-01   1.4338044e-01   3.7420795e-03  -1.1928086e-01  -1.1314516e-01  -1.4312080e-01  -1.7012245e-01   2.5327037e-01  -2.4062645e-01   1.1688774e-01   1.2053095e-01  -7.5808654e-03   1.9634470e-02  -1.5977471e-01   1.6140571e-01  -8.0511529e-02  -2.2526208e-01  -6.7159356e-02   1.3045754e-01  -2.7026686e-01   2.2769520e-02   8.3775249e-02  -1.0821419e-01   1.6892625e-01   6.1360359e-02  -1.0783904e-01  -1.1929630e-01   2.7777403e-01  -2.2308677e-02   6.4517740e-02  -1.4699233e-01   2.5372284e-02   2.7465958e-02   2.0383306e-01  -1.1702391e-01  -2.5648788e-01  -8.1907706e-03  -6.3308626e-02  -2.3886867e-01  -1.0965861e-01   5.8731005e-02
  -1.2522231e-01   6.9013441e-02   3.6858450e-02  -1.0563419e-01  -5.3122817e-02   1.4928238e-01  -4.3550494e-02  -1.0210535e-01  -1.3996590e-02   1.0465378e-01   1.8244164e-01  -2.0224330e-01   1.2226809e-02   1.3615216e-01  -6.9464677e-02   3.4377750e-01   1.8970587e-01  -1.5539156e-01  -7.6925115e-02   2.3971899e-01  -4.4983704e-03   2.3308870e-01   7.4144591e-02   4.3165536e-02  -4.0080249e-02   2.3050178e-03  -2.2223193e-01   7.8027475e-02  -1.4718207e-01   2.4657587e-02   1.5034533e-01   2.8509302e-01   1.3620240e-01  -2.0509536e-01   2.7599942e-01   3.6592335e-02  -9.8043763e-02   4.7610010e-02   8.8514193e-02   2.4923119e-02   1.2590344e-01   3.6238197e-02   7.9108559e-02   2.4961885e-01   8.1487218e-02  -1.8399084e-02  -6.6518654e-02  -2.2866155e-01   1.6193748e-01
  -1.4613339e-01   7.2360036e-02  -1.5430210e-01  -2.5865806e-01   8.8894684e-02   1.1550983e-02   1.7224057e-01  -2.3387116e-01  -2.2933104e-02  -9.7855705e-02   4.1253453e-02   6.9613038e-02   1.8705235e-01  -1.3154671e-01  -4.7716197e-02  -2.5746600e-01  -5.7957802e-02  -6.5764267e-02   1.8777619e-01  -3.2481930e-01   1.4280294e-01   3.5115034e-02   5.5140379e-02   2.2968231e-01   1.1983790e-01  -1.8317695e-01  -7.9314477e-02  -7.3470030e-02  -2.2928616e-02  -6.0714791e-02   4.0614674e-02   1.1966476e-01   2.1532184e-01  -8.3163050e-03  -3.0708664e-02   1.0230586e-01  -1.4942237e-02  -1.8313980e-01  -1.0794261e-01   5.3801140e-02   1.7174053e-01  -6.0434896e-02   1.8465459e-03   1.2064068e-01  -4.3695442e-02   3.7726296e-01  -1.6653080e-01   1.2659127e-02   1.4542045e-01
  -1.3974155e-01   3.8240313e-01  -3.9037680e-02  -4.3784458e-02  -1.7846280e-01   1.5413101e-02  -1.4117077e-01   7.0353318e-03   1.8019943e-02   4.9015967e-02  -1.0905411e-02   6.3322001e-02  -2.3251384e-02  -6.9910022e-02  -3.7380630e-01  -8.0845637e-03   1.1310751e-01  -1.0842964e-01   1.5627202e-01  -6.2249836e-02   4.2983708e-02   2.1494496e-01  -4.8639454e-03   8.6593745e-02   9.9227796e-02   8.7482739e-02   2.2738202e-01  -9.4680189e-02   9.1814635e-02   5.0782278e-03   2.3617992e-02   2.8790554e-02  -1.1571390e-01   2.2046902e-02  -1.2357950e-01  -1.4094093e-01   1.1671460e-01   2.9000709e-01  -5.5734944e-02  -1.4625234e-02   8.1607069e-02  -3.2615037e-01   1.5801111e-01   1.1792504e-02   1.1269247e-01  -2.1979505e-01  -2.2329728e-01   1.2227690e-01  -1.2730111e-01
  -1.4935799e-01   4.5595642e-02   3.6218063e-02   7.5615736e-03  -3.8864925e-01  -1.0267625e-01   1.7044003e-01  -9.0832524e-03   6.2069306e-02  -1.5796770e-02   5.9313995e-02   5.9880161e-02  -1.4366690e-01   8.4006645e-02  -2.4344079e-02   1.0299341e-01  -9.9260296e-02  -1.2165817e-01   1.5256132e-01   8.8871160e-02  -4.6157153e-04  -1.7795506e-02  -1.6223326e-01   1.5191077e-01   2.9576545e-01   1.4614177e-01   2.0183081e-02   5.1193750e-02  -1.9251342e-02   9.4703734e-02   2.4260585e-02  -6.0394595e-02  -3.0386162e-01  -1.8896241e-01   2.3755224e-01   2.2040546e-01  -5.5159243e-03  -1.4965344e-01  -3.0131577e-01   5.3572066e-02  -1.4501886e-01   1.5855635e-01  -9.4200848e-02  -2.2236211e-01  -1.4990032e-01   6.5637981e-02  -7.0571500e-02   7.1559308e-02   1.0924725e-01
  -1.4336652e-01   1.1514584e-02  -4.2738023e-02  -3.9099516e-02  -1.6903291e-01   1.5086236e-01  -1.9500257e-01  -5.7770143e-02  -1.5636123e-01   2.5108849e-01   5.8429872e-03  -1.4874227e-01  -5.5992502e-02  -9.3273724e-02   2.2796424e-02  -1.7428372e-01  -5.0409747e-02   3.4310783e-02  -1.2104890e-02  -2.4677766e-01  -2.7205565e-01  -1.6003186e-02  -1.1626609e-01  -8.4128591e-02  -9.5392351e-02   2.3492371e-01  -1.3590040e-02   3.5893720e-02  -1.5485136e-01  -2.3796270e-01   5.6274162e-02  -5.2738570e-02   3.0366275e-02   2.2557695e-01   3.4896728e-03  -1.5334025e-02   5.6542250e-02  -3.9962114e-02  -2.5247755e-01  -1.6119756e-01   3.7217292e-02   4.1814242e-01   9.6446975e-02   2.3749510e-01  -6.7774731e-02  -1.2895117e-01  -9.5773160e-02  -4.9033147e-04   5.3910979e-03
  -1.4212965e-01  -5.2672070e-02  -1.3405911e-01  -6.5285309e-02   5.8700516e-02   8.0236118e-02   2.3337394e-01   1.6158015e-01  -1.7198338e-01   8.5916778e-02  -1.5873390e-01  -2.4462941e-01  -4.3817011e-02   1.4429172e-01  -4.3067840e-02  -7.6797816e-02  -1.9133056e-01  -4.5171958e-02  -1.3029292e-01   1.0325564e-01  -1.2979169e-01   3.4881689e-01   1.7317269e-01   2.8096950e-01   1.2625543e-01  -2.1059478e-02  -6.0631428e-02   4.6299973e-02   1.1936768e-01   1.2441384e-01   1.9285278e-01  -3.9604274e-02   7.9973946e-02   1.4248456e-01  -2.6971761e-01  -9.2211118e-02   1.8779779e-01  -1.8277907e-02   7.4455931e-02   2.8102835e-01  -1.2418103e-01   1.3979173e-01  -1.2420723e-01  -8.1662075e-02  -5.7347658e-02  -1.2023195e-01   5.6616414e-02   3.2297965e-02   1.7048909e-02
  -1.3918109e-01  -6.8526532e-02  -1.0654646e-01   3.2914041e-01  -1.2719657e-01  -4.4729541e-02  -1.1083740e-01  -1.1964968e-02   3.3611635e-01  -2.3608657e-01   8.3825052e-02   5.3229725e-02  -1.2452510e-01   1.8383421e-02  -7.3458907e-02   8.5804169e-02  -1.3349038e-01   9.3364565e-02  -7.0236882e-02  -1.1745563e-01  -1.1146974e-02   5.9404659e-02   1.1813601e-01   1.6049227e-02  -4.5564935e-03  -9.0985331e-03  -6.6120599e-02  -1.8925639e-01   7.2424739e-02   2.2743398e-01   2.7550465e-01  -1.1404854e-01   1.2264670e-01   8.7044288e-02   9.2027735e-02   2.8184677e-02   1.8658664e-01  -3.4235152e-02   2.3815102e-01  -1.8319469e-01  -3.6026258e-03   1.0749089e-01   1.1378015e-01   1.3229760e-01  -2.4472051e-01   1.3712910e-01  -1.8597758e-01  -9.6619652e-02  -2.1536300e-01
