  -1.4703777e-01  -6.6845761e-02   3.6570238e-02  -6.0279524e-02  -3.3207207e-03  -1.9660656e-01   1.1355878e-01   5.5837378e-02   2.1557883e-01   1.3300239e-01  -2.7345710e-03   2.2305555e-01  -1.0005321e-01   9.0881774e-02  -1.2967989e-01   2.1610698e-02  -9.8585538e-02  -1.6286621e-02  -4.0438079e-02  -1.7476218e-01  -1.3954321e-01   1.8953747e-02  -1.3892215e-01   2.8967953e-01   2.1690532e-01   6.4834244e-02   2.1729819e-01  -1.9429458e-01  -3.0122521e-03   8.4839700e-02  -6.2967146e-02  -1.7182420e-01  -6.9614995e-02   6.0988286e-03   1.6331919e-01  -1.2514732e-01   6.5891565e-02   1.1875011e-01   2.1104221e-01  -2.7349828e-02  -1.7890795e-01   2.7835635e-01   1.7970162e-01   1.9322492e-01   7.8459052e-02   2.8403982e-01   1.5760439e-01  -1.2621672e-01  -7.0632934e-02
  -1.3506034e-01  -2.7770163e-02  -2.3589320e-01  -1.4757368e-02  -1.4096992e-01  -1.0333067e-02   1.1745359e-01   2.6312122e-02   1.2971250e-01  -7.8534633e-02  -1.8784573e-01   1.9713118e-02   3.2271809e-02  -3.1371881e-01   1.6465525e-01  -1.2393708e-01   5.1855227e-02   9.7237976e-02   2.4144227e-01  -1.4791751e-01   1.1660401e-01  -1.8483548e-01   1.3226073e-01   1.6986312e-01  -8.1201543e-03   8.7553868e-02  -1.5096288e-01   1.6327105e-01  -1.1491159e-01   3.9093558e-02   1.3341212e-01   1.2742047e-02  -5.3498508e-02  -1.9523451e-01   2.0358608e-01   2.6243847e-01   2.2760419e-02  -8.5970898e-02   1.8910540e-01  -8.5340623e-02  -1.9570290e-01  -1.7543628e-01   1.5048635e-01  -1.7848891e-01   2.7349783e-02   9.0699511e-03   1.6196630e-01   9.7552061e-02  -2.2659259e-01
  -1.4716076e-01   6.1783767e-02  -7.4919392e-02   1.1812841e-01   1.1178114e-01  -5.9924853e-02  -3.3477620e-02  -1.0618142e-01   8.5886196e-02   8.5011600e-02  -1.4801971e-01  -1.6443494e-01  -9.8496937e-02  -2.8170538e-01  -6.0884112e-02  -1.2126581e-01   3.3826030e-02   1.5600966e-03  -2.5797733e-01  -7.7736756e-02  -2.4309527e-01   2.3339089e-01  -1.7363293e-01  -9.0070911e-02  -5.4969695e-02  -1.4015091e-01  -2.7620938e-01  -2.8777491e-02   7.3234448e-02   1.0855710e-02   2.0972332e-02   2.2322474e-02  -3.0322501e-01   5.7799701e-02   1.2733206e-01   1.7030580e-01  -1.0379730e-01   5.5868312e-02   2.9407551e-01   1.8627652e-01   6.5264023e-02   4.3100941e-02  -1.6020308e-01  -8.0390999e-02  -1.9626031e-01   1.1418489e-01  -6.5056855e-02  -4.7872312e-02   2.2754747e-01
  -1.3737142e-01  -2.4872135e-01   2.3841047e-02  -9.8159604e-02   8.5831231e-02   1.6347058e-02   2.5777593e-02   1.2403795e-01   1.7366888e-01  -1.2426447e-01  -8.8644022e-02  -1.5144112e-01  -7.9715162e-02   8.8463268e-02  -3.4916450e-02   4.3975922e-02   4.2889596e-02  -1.2729729e-01  -1.3501842e-01  -6.3098556e-02  -2.9907057e-02  -1.8480205e-01  -4.3691922e-01   2.4997455e-02  -2.3853940e-01  -3.2290063e-01   1.8078554e-01  -2.9594573e-02   2.1577159e-01  -8.4973983e-02   2.2505605e-01   1.8544344e-01   2.0077775e-01  -3.6665214e-02  -3.5428320e-02   3.3708652e-02   1.9481634e-01  -9.6902020e-02  -5.0781081e-02  -2.1489906e-02  -5.7644131e-02  -1.8316036e-01   6.9434279e-02  -5.7736781e-02  -2.0175790e-02   1.0489913e-02   1.8606233e-01   1.0656751e-01   7.3032816e-02
  -1.3452118e-01  -8.7744996e-02   8.9990933e-02  -1.2642756e-01   1.3421474e-01   1.0680418e-01   2.0367124e-01   3.6825571e-01  -1.5552041e-01   6.6420887e-02   3.4444680e-02   8.6183784e-03   8.7869330e-02   2.4280315e-02   3.6073518e-01   1.0842824e-01  -9.4583541e-03   9.2540417e-02  -1.9564849e-01   8.8924482e-02   2.3102817e-02   2.8276840e-01   8.8286196e-02   2.4534174e-01  -7.3653530e-02  -2.4825172e-01  -5.5145837e-02   1.2520358e-01  -1.5779735e-01  -1.7125202e-01   3.6382715e-02  -1.1486853e-01  -1.5528256e-01  -1.4134477e-01  -2.5533545e-02   4.1794174e-02  -6.8199007e-02  -1.3234918e-02  -1.4548421e-01   1.5726057e-02  -1.9545231e-02  -1.3214819e-01   1.0644561e-02   2.0924880e-01  -1.0431048e-01   1.2457577e-01  -1.7396723e-02  -1.9014554e-01  -9.1579953e-02
  -1.6711030e-01  -9.3543333e-02  -8.1081929e-02   1.8148617e-01  -2.0434896e-01   1.9669095e-01   6.8101794e-03  -1.0704906e-01  -9.7814353e-02  -1.1592966e-01   8.1067234e-02  -2.5033391e-01  -9.4847422e-02  -1.7768221e-01   1.2748641e-01   3.4444094e-02  -5.6217104e-04  -3.0582245e-01  -8.3465212e-02  -8.7038986e-02   1.5965229e-02  -8.4122710e-02  -3.1869402e-02   1.2264298e-01  -2.3445800e-03  -5.4832001e-02   1.1727905e-01  -1.7317673e-01  -1.1559425e-01   3.5244909e-02  -3.0696286e-01  -3.2274880e-01  -1.8941564e-01   4.1978691e-02   2.4959623e-03  -2.1497462e-01   7.5693489e-02  -1.7041544e-01  -2.0921601e-01  -1.1575320e-01  -5.8948819e-02   7.7929013e-02  -1.7457802e-01  -2.1351017e-01  -9.3757923e-02  -3.9887788e-02   1.2602217e-01   4.9660776e-03  -5.1905615e-02
  -1.1873917e-01  -1.0104425e-01  -1.5548459e-01   5.9709161e-02  -3.5435037e-02   1.8352876e-01   1.0989042e-03  -2.2728328e-02   3.4602813e-03   1.3505283e-01  -9.7906970e-02   1.9550241e-01  -7.2600917e-02  -5.9898520e-03  -1.8881266e-01   2.4513222e-01  -1.9186210e-01  -2.0604029e-01   5.9045549e-02   1.6018215e-01   1.6837339e-01  -6.1863982e-03  -1.9964230e-01  -9.9878879e-02  -7.1439424e-02   4.2960100e-02  -5.9378231e-02   2.2217487e-01  -1.0197851e-01  -1.4089382e-01  -8.3282917e-02  -6.7763941e-02  -1.0815823e-01   2.6578173e-01  -6.5034604e-02   8.5260602e-02  -1.6409868e-01  -2.4590824e-01   1.9696214e-01   4.7720529e-02   1.6471427e-02  -1.3826648e-01  -1.4838379e-01   2.8582129e-01   3.0044979e-01   3.9799967e-02   7.2006622e-02   7.0352264e-02  -9.8733302e-02
  -1.3793504e-01   5.6899471e-02   3.9675966e-02  -3.5964821e-02   1.4687445e-01   2.3082662e-01   1.2696672e-01  -3.1528996e-01   8.0672610e-02  -6.3752119e-03   1.0101480e-01  -1.7250414e-01   1.6317563e-02   1.2867369e-01  -1.4611970e-01   1.3020604e-01  -1.1759068e-01   6.2519198e-02  -1.8230000e-01   3.5259440e-02   3.1932160e-01   5.5727797e-02   6.0227404e-02  -5.9613567e-02   2.8944118e-01  -3.3780605e-02   4.8234235e-02  -1.9100790e-01  -1.1558067e-01  -1.8713753e-01   4.5161550e-02   9.7728415e-02   3.3380141e-02  -2.0711709e-01   1.3306505e-01   6.2158915e-02   2.2639063e-01   6.5603453e-02   2.7141343e-01  -5.3828146e-02  -6.3200945e-02  -1.2225911e-01  -8.2923955e-02   1.0398003e-02  -8.5367748e-02  -2.4119849e-01  -4.6587477e-02  -1.7214589e-01  -1.1742978e-01
  -1.4308569e-01  -1.1981543e-01   1.7056569e-01   2.7666671e-01   8.9319626e-02  -1.5421519e-01   4.0327261e-02  -4.4270466e-02  -3.5179470e-01   9.0870985e-02  -2.5647097e-01   1.5156702e-01   1.3990833e-03   3.4427041e-02   2.1398854e-03  -1.8978364e-01  -4.3764332e-02  -2.3196044e-02  -4.7629734e-02  -2.8985596e-01   8.3356797e-02   5.9717807e-02  -3.0436273e-02   1.1361599e-03  -8.4748851e-03   1.6289802e-01   6.8988022e-02  -1.0071094e-01  -1.9788193e-02   1.6575070e-01   1.9027183e-01  -1.8794249e-01   1.9987323e-01  -6.6836180e-02  -3.1097891e-01   8.2107468e-02   8.4160902e-02  -6.4642385e-02   1.2128785e-01  -6.5103082e-02   2.3157529e-01  -1.7284967e-01  -1.7538562e-01   2.3450373e-02  -9.7690699e-02   6.2128479e-03   3.5631922e-02  -6.8835526e-02  -1.2902995e-01
  -1.4440253e-01   1.2936215e-01   3.9486234e-01  -1.0174291e-01  -1.6596562e-01  -5.5505002e-03  -1.1456860e-01   2.1226474e-02   8.5080357e-02  -2.2214853e-02  -1.4934130e-01   7.6426092e-02  -1.4465382e-01   9.0331094e-02  -4.2021566e-02   4.2437260e-02  -6.9370589e-02  -1.8416319e-01   2.6366966e-02   1.6476255e-01   1.7187766e-01  -1.6321091e-01   4.7260289e-02   2.5667955e-01   1.4480778e-01  -7.9526730e-03  -2.2643255e-01   2.3205956e-01   5.3167972e-02   1.0609254e-01   1.3083420e-01   4.8246570e-02  -1.2661539e-01  -1.5376677e-01  -1.9174993e-01   1.3947849e-01   7.3173686e-02  -2.9586653e-02  -7.9787908e-02   1.0955792e-01  -4.4583986e-02   2.8423729e-01  -1.8354939e-01  -5.4568818e-02  -7.7296229e-02  -1.1685549e-01   1.5663812e-01  -8.5886349e-02   2.1078306e-01
  -1.2538695e-01   9.4923003e-02  -1.5236566e-01  -4.7224617e-02   2.0535540e-01  -3.7830796e-02  -4.2335370e-03   1.9292656e-01   7.3302800e-02   3.9892864e-01  -6.7064656e-02   4.8237316e-02   7.9130846e-02  -8.4926868e-02   1.8899023e-01  -1.9786691e-01  -4.1033467e-02  -2.0836595e-01  -1.4295763e-01   1.5256237e-01  -5.2553750e-03   5.4079118e-02  -1.0481985e-01  -1.1561359e-01   1.1944351e-01   2.0231178e-01  -1.1393876e-02   1.1898734e-01  -1.3098490e-01  -1.0609834e-01   4.5571463e-03  -5.0495803e-03   2.0178152e-01   1.0481290e-01   6.4871806e-02  -2.3443581e-02   3.3484319e-01   1.8932027e-02  -1.0676442e-01  -3.5268553e-02  -1.0310306e-01   2.2781538e-01  -4.9912448e-02  -4.2760510e-02  -1.2136178e-01  -1.6925785e-01  -7.1031484e-02   3.0917257e-01  -5.2856270e-02
  -1.3377855e-01  -1.6994327e-01   7.0576711e-02   3.5251318e-02   7.5577958e-02   8.8137996e-02  -1.7633011e-01  -9.0215034e-02   6.8691897e-02   3.1114982e-01  -1.4167661e-01   5.3379437e-02   5.9175902e-02  -1.1030080e-01  -1.8266207e-01   1.8278403e-01   2.6902716e-02  -6.5243375e-02   9.5374340e-02   2.1118466e-01  -3.3927055e-01   3.5255464e-02   2.0405161e-01  -4.9022023e-03   6.2366404e-02  -3.2032914e-02   2.8794775e-02  -9.4961964e-02   7.5119826e-02   1.8301328e-01  -1.8600201e-01   3.0435330e-02   3.1676781e-02  -1.9805205e-01  -2.2172098e-02   4.0488626e-03  -9.5967701e-02   2.5911308e-02  -1.3493882e-01   9.6599564e-02  -1.3017543e-02  -2.7886422e-01   2.0961741e-01   1.0163511e-01  -2.4712221e-01  -2.0739269e-01   2.3585062e-01   6.2420922e-02  -8.5549894e-02
  -1.4832857e-01  -2.5379697e-02  -1.4933186e-01   5.3222984e-03  -4.2915289e-02  -6.8705003e-02  -2.4631074e-02   1.4593418e-01  -2.0699354e-02   1.0997940e-01   1.2950727e-01   1.1431993e-01  -3.7160795e-01  -4.3687168e-02  -2.1411057e-01   2.8984113e-02   3.1285774e-01   1.3414125e-01   3.0951265e-02  -4.1330633e-02   2.8081343e-02   1.6160917e-01   7.7214398e-02   3.8991459e-02  -1.2074949e-01   4.0665188e-02   6.0187253e-02   1.8748878e-01  -7.6495594e-02  -5.6499355e-02   1.8589858e-01   1.5198856e-01  -2.9550267e-02  -6.8010172e-02  -5.8577008e-02  -5.2119268e-01  -3.0933784e-02   1.6515480e-02   9.5568459e-02   7.0949140e-02  -8.5057459e-02  -3.6208552e-02  -1.8374934e-01  -1.6633176e-01  -2.1057655e-02  -1.9623167e-01   4.3821784e-02  -9.8013334e-02  -8.0310038e-02
  -1.3055683e-01   7.4025678e-02   6.9617831e-02   2.3666482e-01   1.7259268e-01  -4.1616414e-03   2.1314752e-02   1.1297564e-01   3.2247064e-03   2.7289822e-02   1.7402375e-01   1.9560415e-01   2.8881951e-01  -7.3838682e-02  -1.5836631e-01   6.7255574e-02   1.2925791e-01   1.8840566e-01   4.1044559e-02  -1.2556566e-01  -1.5625225e-01  -1.8435106e-01   1.4654027e-01   1.3285790e-01  -1.1485756e-02  -2.4087165e-01  -1.2051276e-01   6.7490304e-03   5.4513956e-02  -1.1940632e-01  -9.4912923e-02  -1.0952096e-01   1.4967626e-02   8.6519939e-02   1.4136683e-01   6.7107134e-02   2.5154556e-01   1.2701793e-01  -4.2592751e-02  -9.3685810e-02   8.8363802e-02  -3.7609805e-02  -3.0654161e-01  -1.4426550e-02   3.1991377e-01  -1.4298499e-01   1.6175420e-01   6.6921343e-02   1.6929251e-01
  -1.5347488e-01  -1.2679581e-01   2.4590180e-02  -8.9174036e-02   7.4553340e-02   2.0078889e-01   3.5245285e-01  -9.8139045e-02  -9.5477193e-04   3.3461610e-02  -8.2060293e-02  -2.3105132e-01   8.3714519e-02   1.8823977e-01  -1.0091031e-01   1.4446166e-02   1.9478987e-01   1.0321611e-01   1.7790886e-01   9.1814116e-02   9.7934037e-02   8.1296992e-02  -3.0778302e-02  -1.3738260e-01  -1.4102527e-01   1.1096741e-01  -2.6380733e-01   5.0658834e-02  -4.6785908e-02   1.0414139e-01   5.3352168e-02  -1.2164545e-01   4.8948753e-02   1.5716287e-02   6.6534958e-02  -1.4980946e-01  -5.8607413e-02   1.5555572e-01  -6.0446317e-03  -1.7317331e-01   2.8561400e-01   2.5884827e-01   7.7562319e-02   1.7690909e-02  -6.5497172e-02   1.4896149e-01   3.2448924e-01   1.4566673e-01   5.6572595e-02
  -1.2874443e-01  -8.9062962e-02   1.4780510e-01   3.2256989e-02  -7.6182298e-03   5.2155251e-02  -3.1068235e-01  -1.1941783e-01   3.4965547e-03  -1.7451617e-01  -8.9598585e-02   8.1186295e-02  -1.6420307e-01   1.4834626e-01   1.3969601e-01   7.7734519e-02   1.0592102e-01   4.7432652e-02   1.4225002e-01   7.4594048e-03  -1.1229739e-01   3.5432911e-01  -1.1431526e-01  -1.6130095e-02  -7.0837885e-02  -6.7846972e-02  -7.9915932e-02  -7.7618638e-02  -5.1205827e-02   5.5321224e-03  -9.5317506e-02   1.7099799e-01  -1.4816893e-01  -5.1063246e-03  -5.8809765e-02   1.7064281e-01   1.8139963e-01   2.5490188e-01  -5.2986598e-02  -1.7002792e-01  -5.1970381e-02   1.1607400e-01  -6.7810807e-02  -6.6253063e-02   2.0070181e-01   3.2219387e-02  -9.2347424e-02   2.1290947e-01  -4.0825911e-01
  -1.4624525e-01   3.3005706e-02   5.5749559e-02  -1.7414139e-04   7.6415544e-02  -4.2571204e-01   2.4425433e-02  -7.9638496e-02  -2.0064303e-01   7.1490904e-02   2.4158283e-01  -3.0964454e-02   9.9721552e-02   4.5754014e-02  -1.2351112e-01   2.0451035e-01   1.3071730e-01  -1.4182415e-01  -2.6958253e-02   2.6994618e-01  -9.1032991e-03  -2.3383673e-01  -5.6338427e-02  -1.2007862e-01  -2.6710380e-01  -3.4708844e-02  -2.4992143e-02   6.0807658e-02  -6.6574006e-02   1.2403335e-01   4.8244465e-02  -1.0935790e-01  -6.0544267e-02  -5.3621350e-02   5.7426346e-02   1.5360895e-01  -8.0763041e-02   3.2026655e-02   9.4370515e-02  -3.3122317e-01  -2.5777011e-01   3.8653012e-02  -1.3797359e-02  -5.7481547e-02  -1.5127070e-01   5.5740794e-02  -1.7895714e-01  -9.9430705e-02  -1.1634944e-01
  -1.5074938e-01   3.2565759e-01  -4.0477156e-02  -1.2064547e-01   1.2280911e-01  -6.7932984e-02  -2.1250992e-01   1.0335051e-01  -1.9515383e-01  -6.6279914e-02   4.7398032e-02  -1.9373972e-01   5.3883847e-02   1.1207731e-01  -8.1284539e-03   1.2683817e-01  -6.5915628e-02  -1.2981849e-01   1.1154797e-01  -1.1378040e-01  -1.7528832e-01   1.3715497e-01  -1.9689861e-02   1.9685492e-01   1.8969002e-01   2.1783171e-02   7.7339250e-02   1.3491681e-01   1.0539618e-03   6.6647698e-02   6.5431608e-02   1.8175098e-01  -6.8479903e-02   1.1174395e-01   1.7201118e-01  -4.9321116e-02  -1.5810199e-03  -3.3780787e-01   1.3664153e-01  -2.8264447e-01   3.5269303e-01  -4.1229333e-02   1.6462478e-01  -4.4563207e-02  -6.9984940e-03  -7.3454403e-02   7.2342553e-02   7.4015030e-03   1.2821157e-02
  -1.2551824e-01  -8.6243214e-02  -1.2836289e-02  -3.3763046e-02   3.5867434e-02   2.3216201e-02   2.3621199e-02   1.5201171e-01   4.1922515e-01  -2.4529205e-01   8.1004673e-02  -3.9880491e-02  -1.8051280e-02   2.4721368e-01  -1.4216264e-01  -1.1302533e-01   1.3696656e-01  -1.1753979e-01  -3.3468395e-02  -1.2936257e-01  -1.8467806e-01  -1.2699602e-01   2.0647486e-02  -2.0831199e-03  -8.0353429e-02   3.4467768e-01  -8.2718549e-02   1.1037450e-01  -1.6376951e-01   4.8993881e-02  -4.9735132e-02  -1.5554404e-01  -1.6957318e-01   3.0824047e-03  -5.7568078e-03   8.5004162e-02   1.2726144e-01   2.6551752e-03  -1.1053889e-01   4.5966946e-02   1.9126883e-01  -2.1738664e-01  -2.7604252e-02   1.7711076e-01  -1.1839990e-01  -1.1308219e-01  -2.9771998e-01  -9.9847275e-02  -4.8031958e-02
  -1.0970474e-01  -1.0013404e-01   4.4801688e-02  -1.0991864e-01   1.9218361e-01  -3.7520602e-02   2.1717266e-02   4.6852800e-02  -1.3095321e-01  -8.1636015e-02  -1.4998666e-01   7.6478466e-02   1.3467185e-01   7.2790610e-02   6.6840725e-02   1.4940387e-01   9.1467310e-02   2.2605703e-01  -1.3499105e-02   7.3414268e-02  -1.5444022e-02  -1.9536414e-01  -1.5228389e-01   1.3152872e-03   6.7856169e-02   1.2610141e-01   8.6341674e-02  -1.6512912e-01  -2.6327725e-01   8.8585553e-02  -1.9619093e-01   1.1111212e-01  -1.5745689e-01  -3.3023447e-01  -3.8670982e-02  -1.3699409e-01  -5.1638008e-02  -2.4745428e-01   1.2180363e-01   2.3208732e-01   1.0970949e-02   4.2263463e-02  -8.1131211e-02  -1.4251699e-01   1.1114260e-01   7.7799023e-02  -1.9062439e-01   3.1719016e-01   1.9931964e-01
  -1.5231936e-01   8.5307413e-02  -1.5016038e-01   1.7663212e-01  -1.3429847e-01  -6.5829351e-02   4.5904917e-02   2.5462571e-02   9.1565120e-02   7.0796138e-02  -1.4366243e-01   1.7399247e-01  -1.6266431e-02   2.5215858e-01   8.4573700e-02   1.5338537e-01   2.3291175e-01   3.8741794e-02  -2.7082329e-01  -7.5276932e-02   3.3875763e-01   6.2854976e-03   1.6782409e-01   1.7294808e-01  -1.4537452e-01   4.7093690e-02   5.7914031e-02  -5.2964085e-02   2.7339981e-01   2.3219283e-02  -3.3639730e-01   2.2691243e-01   8.9207823e-02   1.4381983e-01   1.4283741e-01   1.3949769e-01  -1.2954384e-01  -3.3347306e-02  -2.1056275e-02  -1.5821381e-02   1.0823244e-01   3.0838638e-02   1.3332982e-02  -3.8494115e-02  -2.0388068e-01   1.7702096e-02  -5.4769325e-02   9.1088432e-02   1.1650235e-02
  -1.5483270e-01   1.4373716e-01   3.5130931e-03  -8.3047196e-02   2.8163491e-02   1.3694507e-01   2.2845577e-01  -6.3208273e-02  -1.8830167e-02   1.1473920e-01  -1.4856877e-02  -1.6585174e-01  -9.7989835e-02   1.1694632e-01  -2.1609127e-02   6.7379306e-03  -2.2977644e-01   2.4602902e-01   4.3800703e-02  -1.0299180e-01  -3.2747372e-01  -9.1831850e-02   1.3435972e-01   8.6852966e-02  -2.3656265e-01   7.3806106e-02   1.0989287e-01   1.1567567e-01   5.8294741e-02  -2.0055832e-01  -2.1336083e-01   1.0510108e-02   5.2854469e-02   1.2938003e-01  -4.4528540e-01   1.4667570e-01   1.4143538e-02  -4.4352893e-02   1.5505357e-01  -7.9912816e-03  -1.5896193e-01   1.3526257e-01   9.5142732e-02  -1.8775314e-01  -5.7765499e-03  -8.4991792e-02  -5.0071006e-02  -2.7694108e-02  -2.1073144e-02
  -1.3043090e-01  -1.0635833e-01   1.2497441e-01   1.6346314e-01   1.7670170e-01  -2.6323195e-02   5.9333724e-02   9.6910241e-02   1.8314582e-02   8.3551899e-02   3.6152786e-01  -6.6863675e-02   8.1473159e-04   7.9780515e-02   2.9013306e-01  -1.8390575e-01  -1.5598791e-01  -2.8173212e-01   1.2499775e-01   4.4762109e-03   9.1151470e-02  -1.4081063e-01   1.2586323e-01  -7.9770336e-02  -1.0180584e-01   5.3965542e-02   1.5785432e-01  -4.3225079e-02  -1.0541119e-02   1.0199622e-01  -1.5382235e-02   3.0198285e-01  -2.0956837e-01   4.9876777e-02   9.4038673e-03   1.3779470e-02  -1.4172338e-01   2.4513960e-01   1.9052296e-01   2.5840020e-01   1.2960174e-01  -2.9526814e-02   1.5707375e-02  -7.9708429e-02   1.0722470e-01  -2.5389484e-02   1.9287378e-01   9.0515776e-03  -4.8272453e-02
  -1.5571841e-01   8.7896528e-02   8.2233866e-02  -4.6629541e-02   2.2310377e-01   1.2860140e-02   1.5899834e-01   8.5765707e-02  -1.7334027e-01  -1.2750875e-01  -1.5089451e-01   4.8034368e-02  -1.2283835e-01   5.4435936e-02   1.4068722e-03   9.3912151e-02   1.0436001e-01  -2.3884272e-01   3.9983659e-01  -1.3973079e-01  -1.4056501e-02   2.6450718e-02  -1.3903962e-01  -1.3408394e-02   1.6734889e-01   5.2237446e-02  -6.3469605e-02  -1.0695778e-01   1.5483684e-01  -2.7888168e-01  -4.7917908e-02  -1.4549912e-01   1.7361254e-01   6.4621751e-02   2.0580234e-01   5.5056648e-02  -2.8996996e-01   1.5232812e-01  -1.1901922e-01   1.8506566e-01  -1.7303621e-01  -5.0999292e-02  -2.2167694e-02  -1.4075225e-01  -5.1766279e-02  -1.2621396e-01  -1.5656728e-01  -7.6355879e-02   4.3538905e-02
  -1.4992670e-01   8.3309649e-02  -1.8902734e-01   5.4767423e-02  -1.7526569e-01  -3.4077031e-01   1.0453667e-01   1.0135856e-02   8.3763714e-02  -3.8380290e-02  -2.1543930e-01  -9.1469704e-02  -1.1320089e-01   2.8276434e-02   8.0953095e-02  -9.7801155e-02  -1.3980639e-01  -8.5879649e-02   9.3550510e-02   2.3253694e-01  -9.7178370e-03   1.5889911e-01   6.2957158e-02  -1.0367430e-01  -1.8876092e-02   5.0867772e-02   1.4669998e-01  -5.0277386e-02   3.0486225e-02  -2.1954102e-01  -1.3963380e-01   6.3478551e-03  -4.6914476e-02  -3.1942616e-01  -7.0906696e-02  -3.0249523e-02   2.8869388e-02   1.8257455e-01  -5.6153661e-02  -2.6448308e-01   1.1326732e-01  -1.7190106e-01  -4.7678946e-02   8.0627539e-02   2.4416375e-01  -2.4879579e-02   4.7005497e-02  -5.4294531e-02   3.4859867e-01
  -1.5686129e-01  -2.0161110e-01   2.3915448e-01  -1.1776952e-01  -2.2067209e-02   1.6783375e-01  -2.2690365e-01   7.9204716e-02   5.9987334e-02   2.0173301e-01   1.0626544e-01   2.1983862e-02  -2.2068165e-01  -1.0462124e-01  -8.0687895e-02  -2.0149386e-01   1.7597663e-01  -1.1677211e-02  -6.7469184e-02  -9.0496166e-02   6.4470480e-02  -1.3888175e-01   1.9842335e-01  -2.1560979e-01   1.8180079e-01  -1.3548320e-01   1.3145260e-01   1.0712980e-01  -1.0322689e-02  -2.3959021e-01  -7.3926380e-02  -1.0404878e-01   9.4438199e-02  -1.1181196e-01   3.0587092e-02   1.3389812e-01  -1.8446952e-01  -8.1010413e-02   5.3516646e-02  -2.3656614e-01   1.8060920e-01   5.9681518e-02   1.0840679e-01  -1.1700897e-01   8.1606960e-02   2.5159922e-01  -1.7132266e-01   4.5664495e-02   6.7826328e-02
  -1.2815588e-01   2.4024785e-02   1.1913783e-01   2.3082846e-02  -1.6936160e-01   1.2169523e-01  -5.1276075e-02   1.3918110e-01   1.9345557e-01   1.7536104e-01   6.4187974e-02  -9.2991029e-04   2.2638495e-02  -3.1476884e-02   1.9679724e-01   2.1016867e-01  -1.1292547e-01   7.3465069e-02   2.2525001e-01   4.6933601e-02   1.0096486e-01   1.9759473e-01  -6.7500586e-03  -1.1639773e-01  -2.4345354e-01  -4.2660589e-02   3.8130300e-02  -1.1239149e-01   2.2179156e-01   2.8300381e-01   1.0574453e-01  -3.1381054e-01   9.2874768e-02  -5.5198630e-02   1.3705215e-01  -4.3460245e-02   1.7815656e-01  -1.4130970e-01   1.9540659e-01   9.4576688e-02   7.2686916e-02   2.9216373e-02   8.4526023e-02  -1.1938183e-01   1.2114945e-01  -1.4038210e-01  -2.8973841e-01  -8.3450366e-02   1.1843955e-01
  -1.3106661e-01   1.1465735e-01   2.6971565e-02  -6.0602695e-02  -9.1134268e-02   1.3125383e-01   1.7865242e-01   1.2267061e-01  -2.5943178e-01   1.8936987e-01  -9.0166539e-02  -9.9300617e-02  -2.0387162e-01  -1.4165022e-01  -1.2663233e-01  -1.3905491e-01  -1.2212467e-01   1.0458556e-01   5.4133919e-02  -3.2283222e-03  -9.6206013e-03  -2.9488886e-01  -3.4044259e-02  -4.3643829e-02  -4.5217156e-02   1.8659161e-02  -1.1882206e-01  -1.9420645e-01   2.5169446e-01   1.1130002e-01  -3.4465867e-03   2.7835259e-01  -1.9099798e-01  -5.1584680e-02   1.6844698e-01  -8.0864256e-02   1.4546998e-01  -1.4346419e-02  -2.3186035e-01  -5.2099556e-02   6.4384905e-02   9.5965032e-03  -5.5184654e-02   2.8155144e-01   8.7426666e-02   5.4392525e-02  -2.3801234e-01  -5.9483575e-02  -1.9751963e-01
  -1.4036392e-01   2.7068386e-01   2.4979954e-02  -5.5344880e-03   1.3465885e-01  -7.8182913e-02   1.6834881e-01  -1.8032955e-01   9.7181110e-02  -1.9737480e-01   1.1200191e-01   1.1386712e-01  -6.7219000e-02  -1.5519529e-01  -2.2527108e-02  -1.9612115e-02  -7.8223075e-03   2.2033690e-02  -2.7147177e-01   2.2264921e-01  -8.9723777e-02   4.6479232e-02  -4.0861560e-02  -5.4001139e-02  -1.0470942e-02   7.4605073e-02   1.0633193e-01   1.2885906e-01   2.0187450e-01   1.6598645e-02   3.1912404e-02  -1.5555326e-01   1.3246506e-01  -2.0480568e-01   5.8781948e-02   4.3164694e-02  -9.5430239e-02  -1.3500503e-01  -1.9874699e-01   2.4586089e-01   2.4306418e-01   7.0170466e-02   2.3644664e-02  -1.5631948e-01   2.3409157e-01   7.1625979e-02   1.0522701e-01  -1.5472146e-02  -3.5648979e-01
  -1.2166152e-01   1.9735218e-02   7.7641639e-02   8.1357495e-02   7.1629904e-02  -7.9680434e-02  -1.2408426e-01  -1.9023488e-01  -6.3850980e-02   1.4435026e-01   2.4246737e-01  -1.8446019e-01  -1.5357302e-01  -7.2749114e-02  -9.8385803e-02  -6.9148744e-02  -1.0036919e-02   7.8898934e-02  -5.8633791e-02   7.1083790e-02   2.1169465e-01   6.8291116e-02  -1.0315404e-01   4.5402303e-01  -6.2528489e-02   1.7230777e-01  -2.1974120e-01  -8.0314387e-02  -6.0593978e-02  -4.6479095e-02   5.3427771e-02  -9.8122830e-02   6.7844933e-02   1.0254539e-01  -6.9660558e-02  -1.2808708e-02   1.0357299e-02   9.1597701e-02  -1.4482900e-01   9.1576033e-02  -3.8850984e-02  -2.6430136e-01   3.0971161e-01  -5.4720460e-03   1.7357421e-01   8.0139902e-02  -1.1875934e-01   2.3085108e-01   1.7620280e-01
  -1.4924691e-01  -1.7166455e-01  -6.7135372e-02   1.2145583e-01  -1.0568623e-01  -2.5397614e-01   6.1664763e-02   1.9994185e-01  -1.4805571e-01  -2.3904691e-01   2.6191808e-01  -1.3813803e-01  -2.5076415e-01  -5.3135212e-02   5.3007776e-03   1.3097586e-01  -9.3781238e-02   2.2213574e-01  -1.0804156e-02  -9.1869948e-02   5.2368441e-02   4.1167972e-02  -1.6535479e-02  -2.5375377e-01   2.9483826e-01  -8.9674908e-02  -1.1832555e-01   1.5160983e-01   5.7896636e-02   1.1165524e-01  -1.7112018e-01  -6.0647995e-02   1.1102675e-01   3.2304372e-03  -5.9439277e-02   1.3989142e-01   8.4803027e-02  -3.5596399e-02   2.5438495e-02   1.3797305e-01  -3.2294819e-02   1.0572219e-01   1.3047770e-01   2.4514986e-01  -1.1191157e-01  -1.7358803e-01   8.7757522e-02   1.9851243e-01   2.6149963e-02
  -1.5509844e-01  -1.2018357e-01  -2.5101097e-01   1.7875558e-01   4.4459872e-02   7.6157986e-02  -3.7146945e-02  -1.2198523e-02   1.1520664e-01  -5.1699030e-03  -4.7709150e-02  -1.6015721e-01   1.2027954e-01   1.7582625e-01   2.8719265e-04  -5.4187922e-02  -1.4042737e-01   1.6057661e-01   2.9806548e-02   1.4722749e-01  -3.2832511e-02  -6.6444482e-02   6.1929298e-02   1.5987364e-01   2.9326155e-01  -1.2140789e-01   1.9741845e-01   9.8450953e-02   2.2773288e-01   1.4359805e-01   3.4922565e-01  -1.2678667e-01  -1.0569697e-01   5.6415417e-02  -7.5988867e-02  -4.3232064e-02  -3.0531615e-01   1.2034404e-01  -7.6641184e-02  -8.8244389e-02  -6.6000201e-02   3.8769992e-02  -2.1675010e-01  -9.7026971e-03  -2.2977974e-02   1.4386166e-03  -2.2650083e-01   2.2839285e-01  -6.7228724e-02
  -1.4915738e-01   4.0060480e-02   3.9207145e-01  -8.1587793e-02  -5.3163043e-02  -1.4613477e-01  -3.1449717e-02  -1.2150808e-02   1.1668483e-01  -5.1095758e-02  -8.2506597e-02   5.5156885e-02   3.0673591e-01  -1.3754059e-01  -9.4560297e-02  -1.5002606e-01  -2.1309913e-01   2.3312874e-01  -3.0374057e-02  -1.5229159e-01   2.2663443e-01   1.0086102e-01  -1.7959356e-01  -1.7015671e-01  -6.5290500e-02   5.7699877e-02   1.2287687e-01   1.5736218e-01   8.3685322e-02  -1.0570634e-01  -1.1488528e-01  -1.5770802e-02  -2.7745235e-01   1.4492772e-01   6.3654535e-02  -2.2003823e-01  -1.4525695e-01   1.6749254e-02  -1.2633711e-01  -1.1417212e-01  -1.0306626e-01  -1.1068684e-01   8.2678141e-02  -4.6548546e-02  -1.2059319e-01  -1.7966425e-01   5.9232947e-02   8.6682640e-02  -6.0627306e-02
  -1.3050040e-01   5.7770243e-02  -6.2101320e-03  -1.3731890e-01  -4.6169592e-01   5.7372769e-02   2.6693874e-02  -5.6088163e-02  -3.9334581e-02   5.4953829e-02   1.5921967e-01   1.6428404e-01   1.3493359e-01   2.3425662e-02   1.5490354e-01   7.4535736e-02  -1.4120702e-01  -1.8395010e-02  -8.0871700e-02  -2.0085109e-02  -2.0186730e-01  -1.5784342e-01  -2.8218864e-01   5.8651784e-02   1.2794799e-01  -5.8887635e-02  -2.1723741e-01   8.1968970e-02  -7.3878765e-02  -2.8592670e-02  -7.7005544e-02   5.9471012e-02   2.5732324e-01  -5.9119190e-02  -1.5636764e-02  -1.7514835e-01  -1.0223604e-01   3.1341174e-01   1.5023934e-01  -1.8754818e-03   2.2011259e-01  -1.8795778e-01  -8.7708591e-02  -1.0502239e-01  -1.2456697e-01   5.1802680e-02  -9.6298180e-02   4.1353631e-02  -7.8684525e-02
  -1.2222829e-01  -1.1015334e-01  -5.2091488e-02  -3.1522211e-01   1.3767992e-01   1.3635983e-01  -3.7521068e-02  -6.5895714e-02  -1.2452893e-01  -3.3007661e-01   9.1212150e-03   1.9704662e-01  -3.8738964e-02  -1.6539368e-01  -6.4665275e-02  -1.1199138e-01  -2.3763020e-01  -1.8884347e-01  -1.9507566e-01  -7.9347642e-02  -1.8476200e-02   7.9601861e-02   2.6780903e-01   1.1134550e-01  -2.7641160e-01   8.2596935e-04  -2.7383835e-02  -2.9641138e-02   3.8152808e-02   1.7178434e-01   1.6159725e-03  -9.4641865e-04   1.8111412e-01  -5.6711782e-02   1.0223155e-01  -8.6008817e-02  -1.3541082e-01   1.1179227e-01   1.2880661e-01  -1.3950628e-01  -8.0321713e-02   1.1190180e-01  -4.9932411e-02   1.8669139e-01   2.9796684e-02  -1.8211502e-01  -8.9039083e-02   2.0235413e-01   1.4938958e-01
  -1.4215109e-01  -2.6343238e-01   2.8405703e-02  -1.1043343e-01  -1.6857860e-01  -1.0362496e-01   5.2294857e-02  -1.1299003e-01  -2.4926728e-01  -1.8964317e-02  -2.6763858e-01  -1.6335552e-01   1.8443481e-01   1.3795736e-01  -7.4211075e-02  -4.3346616e-02   8.4484724e-02  -1.2434106e-01  -1.7783662e-01   3.8039000e-02  -6.7719183e-02   3.5719906e-02   2.2688741e-01  -5.3792395e-02   1.1080195e-01  -6.2591445e-02   3.8864971e-02   2.7916024e-01   2.2785101e-03   1.0034551e-01  -2.6147249e-02   2.3662236e-02   7.7050577e-03   2.3113460e-01   1.6097260e-01  -8.3510066e-02   2.2748383e-01   8.3227561e-02   9.4204362e-03   2.6564868e-01  -9.1320160e-02  -6.8905204e-02   1.4600020e-01  -1.5719493e-01   2.8805771e-01   4.1890930e-02  -1.2144466e-01  -1.5591115e-01   5.3285936e-03
  -1.4125817e-01  -3.6734445e-02  -4.2747256e-02   2.1112831e-01   2.1039544e-02   7.4778058e-02  -2.6474473e-01   1.9469201e-01   2.5527746e-02  -4.0769156e-02   4.7140593e-02  -1.5160554e-01   1.0704055e-01   1.4809840e-01  -1.9332937e-01  -9.8996958e-02  -3.3679332e-01   1.0951945e-01   3.8078662e-02  -8.5085926e-03   3.8691600e-03   1.1702957e-01  -1.1186176e-02  -3.7737199e-02  -1.1854655e-01   1.3559320e-01  -1.2053308e-01   5.0232553e-02  -1.3354008e-01   5.8163581e-02  -1.2292926e-01   1.5300750e-01   3.2831320e-01  -1.6176123e-01   2.0723239e-01   1.2569004e-02  -8.1164207e-02  -9.9098575e-02  -1.5293529e-01   4.7842536e-02  -2.0623214e-01   4.0398427e-02  -1.8431090e-01  -1.1792496e-01  -1.4620384e-02   2.9939086e-01   8.7883898e-02  -2.2353120e-01   4.0830360e-03
  -1.5218232e-01  -2.7453982e-01  -5.5290703e-02  -9.7140397e-02   1.5070028e-01  -1.6314427e-02  -9.7679488e-02  -4.6271883e-02   7.3978581e-03  -1.7784312e-01  -4.0757367e-02   1.6756624e-01  -1.2473496e-01  -2.4323888e-01   1.6227709e-01   3.0194103e-02  -7.0057398e-02   2.9024137e-01   8.7897649e-02   3.6687377e-01   1.3803584e-02  -1.2724244e-01  -5.0452758e-02   7.3042591e-02   6.6231020e-02   1.5639791e-01   7.9531458e-02  -9.7294052e-02  -3.8160796e-02  -6.7882058e-03  -8.4134372e-03   7.3702510e-02   5.8369193e-02   3.8912902e-01   3.1949146e-02   4.2957394e-02   9.6611140e-02   3.5845889e-02  -3.5508801e-02  -9.4511761e-02   1.9233269e-01   1.4012002e-02  -3.4755115e-02  -1.1580803e-01  -1.4797342e-01   1.6624825e-03   2.5362084e-02  -3.4789153e-01   9.8303379e-02
  -1.5637166e-01   5.5481521e-02   8.5238614e-02  -1.7361278e-01   2.0476004e-02  -3.1871168e-01   1.0188875e-01  -1.7560697e-01   3.0113116e-01   5.0853803e-02  -3.8446490e-02  -1.2359633e-01  -2.7025661e-03  -1.4643042e-01   6.3715264e-02   2.2780460e-01  -8.7858565e-02  -6.3375071e-02   1.5149886e-01  -1.9176297e-01   3.0798146e-02   1.7999674e-02   3.0560399e-01  -6.7057277e-02   2.6363151e-03  -1.9249887e-01  -5.6504746e-02  -1.5536819e-01  -2.2299986e-01  -4.6501556e-03   1.0860653e-01   1.3945001e-01   1.6655576e-01   2.0265738e-01  -1.0237426e-01  -1.0384161e-01  -1.1125328e-02  -1.3367867e-01  -1.7441579e-01   9.8821182e-02   6.0877638e-02  -2.6949796e-02  -2.2248036e-01   9.0602729e-02  -3.6333560e-02   2.2726799e-01  -8.6997154e-02   1.1002302e-01  -7.3312853e-02
  -1.6604494e-01   2.8977125e-01   2.6002245e-02   4.4417010e-02  -1.4163600e-01   2.2440671e-01   1.7171684e-02   7.9454909e-03  -1.2774344e-01  -5.7490087e-02   2.3348343e-02   2.0570313e-01  -1.6338070e-01   9.7103166e-02   3.1493428e-02   1.8381223e-01  -3.6669892e-02   7.0851625e-02  -1.4129857e-01  -5.5263828e-02  -1.0959451e-01  -1.7723530e-02   1.0359796e-01  -2.8327699e-01  -8.7159135e-03   1.4516606e-01   2.0938895e-01  -5.5381980e-02  -1.8334127e-01   7.3518333e-02   3.2419043e-01  -3.6825050e-02  -1.2960387e-01   1.3083944e-01   1.1580343e-01   1.3155907e-01   7.3244666e-02   1.2429947e-01  -1.7281217e-01   1.3360132e-02  -1.5778224e-01  -1.8345994e-01   6.7844999e-02  -5.5020226e-02  -8.2721808e-02   1.9192566e-01   1.5763920e-01   1.5688148e-01   2.4620083e-01
  -1.3199480e-01   3.0951137e-01  -6.6321853e-02  -3.4565316e-01   4.3418924e-02   4.4634593e-02  -2.1177281e-01   7.6160364e-02   2.4672932e-02   5.0009557e-02  -4.5683844e-02  -2.1805285e-01   2.3879001e-03   1.6398266e-02   1.1296434e-01  -1.8476116e-01   2.9038575e-01   1.2643696e-01  -3.4036622e-02   6.6381791e-03   1.2141844e-01  -6.3795511e-02  -1.1336506e-01  -6.6505493e-02   4.4785354e-02  -5.5603580e-02   1.0204144e-01  -7.4418309e-02  -4.6159805e-02   3.2296509e-01  -1.8776816e-01  -1.4135387e-01   1.2767924e-01   1.1805211e-01  -1.3479348e-01   7.6583517e-02  -1.2912582e-01   1.2008087e-01   7.6053808e-02   5.1982467e-02  -1.4783261e-01  -1.5692273e-01  -1.8669476e-01   1.8150876e-01   1.6561160e-01  -4.7588815e-02   1.8244992e-01  -1.2710141e-01  -2.9581378e-02
  -1.4889281e-01   1.0541316e-01  -7.0679404e-02   8.2796827e-02   3.5603338e-02   1.0124884e-01  -8.9873125e-02  -3.6826568e-01  -9.1638251e-02  -4.9281763e-02   9.6013032e-02   7.5454224e-02   9.3717389e-02  -6.1972765e-02   6.9470028e-02  -1.3395431e-01   1.2750021e-01   2.2582707e-03   3.2421700e-01  -2.4189222e-02   4.3271420e-02   1.1059342e-02  -7.8507132e-02   6.8914094e-02  -1.0657262e-01  -1.0773836e-01   2.9051995e-01   3.5405340e-01   4.8251268e-02  -6.5275168e-02  -8.8610132e-02   2.2383600e-02   2.7130612e-02  -1.3387921e-01   3.7891844e-02  -4.5979722e-02   2.3151507e-01   7.1601003e-03   6.5558714e-03   1.8067914e-01   3.8757101e-04   6.1833233e-02  -1.6101047e-02   3.2737699e-01  -2.5490144e-01   2.1405406e-01  -1.0501029e-01  -9.7690205e-03   1.1943498e-01
  -1.5265820e-01  -1.1724125e-01  -2.0899046e-01  -1.9166494e-01  -1.4730226e-01  -1.5148043e-01  -1.9723064e-01  -2.4115034e-01  -1.0098539e-01   1.4380979e-01   9.8117537e-02   1.3226677e-01   1.7448256e-02   3.4731576e-01   1.1280203e-01  -2.3885221e-01  -5.2718004e-02   1.2623967e-01   2.3872663e-02  -7.0728722e-02  -6.4493396e-02  -6.1561852e-02   3.2663185e-03  -5.9363901e-02  -1.2908848e-01  -1.0627532e-01  -1.3341265e-01  -2.2129689e-01  -5.0010612e-02  -2.2864591e-01   1.6350735e-01  -1.3084858e-01  -1.0690386e-01  -2.3948729e-02   1.5138047e-01   8.6587261e-02  -9.2351682e-02  -2.3655791e-01  -1.4049163e-01   1.6161421e-01   5.0755403e-02   1.3880005e-01   2.2497099e-02   5.6793057e-02   2.6909618e-03  -2.4639211e-01   1.4478793e-01  -5.3787237e-02  -9.3274457e-03
  -1.5212700e-01   1.5657419e-01  -2.1798465e-01  -3.5966487e-02   6.4304276e-02   4.6962402e-02   8.4914749e-02   1.4302105e-01   1.3806287e-02  -1.3611681e-01   5.5066226e-02   2.9502518e-01   8.8511423e-02   8.9827107e-02  -2.6033908e-01  -2.7613662e-01  -6.4970383e-02  -1.1686701e-01   1.3294334e-01   1.4588772e-01   1.6114604e-01   8.9491791e-02   4.0267476e-02  -8.3406088e-02   9.1550587e-02  -3.6876721e-01  -1.6004143e-01  -1.7341793e-01  -2.7236626e-02   1.2499604e-01  -9.6928785e-02  -1.2807984e-02  -1.0609011e-01   6.7575251e-02  -2.8586909e-01  -5.6020564e-02   1.3540243e-01  -5.8107452e-02   9.0177557e-04   2.2048240e-02   5.1911896e-03  -8.3879961e-02   2.3157276e-01  -2.2856547e-01  -1.1358216e-01   1.4700666e-01  -6.7918947e-02  -6.2682461e-03  -2.1357658e-02
  -1.6214253e-01   1.4358535e-01   1.7005942e-03   3.9088878e-01   4.9642063e-02   8.0798365e-02  -4.3390441e-02  -4.4653014e-02   9.6588446e-02  -5.6734263e-02  -2.1344533e-01   1.1967882e-02   1.2592862e-02  -6.9384590e-02   9.5064314e-02   2.8040107e-02   5.1916051e-02   8.4624770e-03  -9.7672521e-02  -6.4662413e-02  -1.0142741e-02  -1.7118866e-01  -9.8265547e-02  -5.8372093e-02  -4.7286996e-02  -2.1202581e-01  -3.4247778e-02   2.1059995e-02  -3.6968814e-01   5.8762696e-02   8.5757583e-02   1.0523822e-01   1.2061769e-01   2.0647224e-03  -5.3727887e-02  -1.2090347e-01  -1.9794878e-01   7.2777014e-02  -7.7661983e-02  -4.8933349e-02   2.4858959e-02   2.4080320e-01   3.7302375e-01   1.5027856e-01   1.4890561e-01  -2.4245635e-01  -1.3327982e-01  -2.0834549e-01   2.5179133e-02
  -1.5829813e-01   5.4894097e-03  -1.8671007e-01  -9.8396577e-02  -1.5941602e-01   7.1139278e-03  -2.4694797e-01   2.3324574e-01  -9.9215315e-02  -6.9420973e-02  -1.7425404e-03  -1.4146461e-01   3.3251897e-01  -2.5268182e-01  -2.2582319e-01   2.2321327e-01   6.8803155e-02  -7.2569126e-02  -1.6524142e-02  -6.2904862e-02   1.2702888e-01  -6.0290840e-03   3.5646029e-02   8.2504475e-03  -8.4433172e-02   1.7998397e-01   1.2647779e-01  -1.9476941e-01   4.9675703e-02  -2.5743015e-01   1.6177129e-01  -1.0877166e-02  -6.3096517e-02  -6.8161070e-02  -2.1752601e-01   1.1573815e-01   2.7566746e-02   2.2765121e-01   9.8152681e-03   1.9379319e-01   1.5183679e-01   2.3656757e-01   8.7858349e-02   4.0617875e-02  -2.3834991e-02   4.1574669e-02   1.4194886e-02  -2.9463535e-02  -8.9716389e-02
  -1.4864426e-01   6.2833083e-02   2.7648901e-01   1.9836825e-01  -2.3979586e-01   4.7445452e-02   5.4529172e-02   8.1499566e-02   1.6732640e-02  -2.1605522e-01   3.3736676e-02  -5.2928301e-02   1.3609828e-01  -7.1390473e-03   6.5993440e-02  -2.2911013e-01   2.3843334e-01  -2.7821117e-02  -4.5697212e-03   3.2740327e-01  -1.8281983e-01   5.7752991e-02   1.1463345e-01   1.7067866e-02   3.8586002e-02   1.0669506e-01  -5.8650404e-02  -2.4498803e-01   8.2314988e-02  -2.1379666e-01   1.0809608e-01   7.8615547e-02   1.3524072e-01   1.4270731e-01  -1.0165931e-02  -1.1563517e-01  -3.4170086e-02  -2.6892635e-01   2.6901183e-01   5.6237088e-03  -1.9100084e-01  -1.5296137e-02  -1.3494291e-02   2.2234406e-01  -2.7382207e-02   3.6361343e-02   3.0480531e-02   1.0684732e-01  -4.4630959e-02
  -1.2656540e-01  -1.7809390e-02  -1.2159372e-01   1.2754937e-02   2.3574047e-01   3.9374386e-02  -1.9719425e-01  -1.1789516e-01   5.1441218e-02  -3.5712415e-02   3.0294100e-02   7.0314927e-02   8.0845572e-02   3.5578815e-02   3.0358780e-01   1.7135876e-01   2.3726860e-02  -5.1449140e-02  -1.0921401e-01  -1.7030874e-01   2.9063818e-03  -1.2991368e-01   7.7623087e-02  -2.0168082e-01   1.1018212e-01   1.9285323e-01  -3.4829192e-01   4.7125594e-02   3.8216682e-01  -6.8031809e-02   2.3025257e-02  -6.2881720e-03  -8.4085873e-02  -8.2830193e-02  -2.1907264e-01  -2.9331199e-01   7.1630869e-02  -4.9697009e-02   9.2591316e-03  -1.1810007e-01  -1.8701460e-01  -6.2386613e-02   1.0402158e-01   4.8261314e-02   8.3111525e-02   1.7998791e-01   5.8175794e-02  -1.4695192e-01   4.4324925e-02
  -1.3937096e-01  -1.7111846e-01  -5.4303386e-02  -6.8072185e-02  -1.2842167e-01   9.5677559e-02   2.6556572e-01  -1.2307866e-01   3.0374419e-02   1.0229561e-01   2.7458129e-01   1.1432198e-01   2.1193233e-01  -1.4027420e-01  -2.0411400e-02  -2.5973459e-02   1.8582362e-01  -7.5182963e-02   2.0955770e-02  -1.4180099e-01  -5.7554374e-02   2.8462640e-01  -1.7458944e-01  -9.6020211e-04   1.5833765e-01   1.4498164e-01   4.9465972e-02  -2.1070656e-02   3.0908153e-02   1.9264754e-01   4.7453979e-02   3.0185563e-01   9.5863838e-03  -3.1229156e-02  -1.5813004e-01   2.3498325e-01  -1.1472929e-01  -1.6453365e-01  -2.2346493e-01  -1.3492327e-01  -1.2062343e-01   6.9554946e-02  -4.2745117e-02  -2.0746212e-02   1.6341511e-01  -9.6517833e-02  -6.2818201e-02  -1.5202936e-01   1.9108302e-01
