  -1.3881929e-01  -1.4596234e-01  -2.5040561e-01  -2.9194660e-02   1.6416500e-01   8.3085998e-02  -2.3744095e-01   2.1162216e-02   1.3955335e-01   1.8200506e-01   5.9042659e-02  -1.0316055e-02  -3.0697622e-01  -5.0303126e-02   2.9809590e-02   3.6599575e-02   1.1664430e-01   1.3231618e-01   9.1879969e-02   9.3680290e-02  -6.3511880e-02  -2.4849546e-01  -1.1770526e-01  -5.6400023e-04  -1.5128468e-01   1.6152622e-01   4.6528844e-02   9.2034559e-02   9.2281054e-02   1.3321601e-01   5.9073502e-03   1.9543342e-02  -2.0641340e-01  -3.9074100e-02   9.0700454e-02  -2.1691292e-02   1.8117558e-03  -1.7787247e-01   3.8822313e-01  -2.3863996e-02  -1.6006534e-01   9.3229867e-02   5.0239035e-02  -2.1939097e-01   9.3345658e-02  -1.2018742e-01   1.0521647e-01  -6.0144788e-03  -2.8416142e-01
  -1.3783859e-01   7.9235483e-02   4.8491998e-02  -2.5506093e-01  -2.2968932e-01   1.4302493e-01   6.1903480e-02  -2.4695733e-01  -1.5538639e-03   1.9099828e-01   5.6488707e-02  -3.5291353e-02  -1.8767873e-01  -2.5921544e-01  -2.9169163e-02   1.4907181e-01   1.6337555e-01   1.5645100e-03  -1.7948930e-01  -9.3605544e-02   2.5305706e-01  -3.2592994e-02   1.1485887e-02  -1.1960565e-01   9.8612109e-02  -2.4249603e-01   1.0175857e-01  -1.5921645e-02   5.5825601e-02   7.6230166e-02  -3.1751354e-01  -9.6288876e-02   3.9200501e-02  -6.4109171e-02  -1.8237245e-02  -1.9767419e-01  -1.2631445e-01  -4.8738625e-03  -2.2322824e-01   2.2932910e-01  -1.4282343e-01   9.3362538e-02   6.8528352e-02  -9.3680104e-03   1.3109358e-02  -1.6506722e-01   1.3139115e-01   1.2182674e-01  -2.5150282e-02
  -1.4733747e-01   1.0554913e-01  -1.5280035e-01   2.5900469e-01  -3.4669732e-02   6.1762060e-02   2.2841843e-01   3.2361895e-02   8.7690563e-02  -1.4801540e-01  -2.3121878e-01   3.0124810e-02   2.1893808e-02  -3.1682472e-01   7.7161676e-03   2.6027347e-02   8.4628849e-02   3.2026359e-01  -1.5128086e-01   1.3196228e-01  -8.0616172e-02   1.0517475e-02   2.0278971e-01  -8.6877502e-02  -1.5930766e-01  -5.7327785e-02  -2.6008692e-01  -1.1558118e-01   1.4780718e-01  -1.2770200e-01  -7.8094740e-02  -2.0171021e-01  -1.1504181e-03   2.5317701e-01  -4.7443882e-02  -2.0126148e-02   9.6152396e-02  -1.8909097e-02   5.4284213e-02  -1.4127289e-01  -7.7361040e-02   1.5799947e-01   1.3852740e-01   2.0679447e-01   1.2809862e-01   1.1324498e-01  -5.0860573e-02   1.0480340e-02  -9.4343636e-02
  -1.5617536e-01  -8.1147194e-02  -1.4222557e-01   2.6081472e-03   3.9132509e-01   2.8553512e-01  -1.3207222e-01  -5.3597342e-02   3.2447569e-02  -9.9460192e-02  -4.7053167e-02   1.6310274e-01   1.3952110e-01   5.4787051e-02   4.4340217e-02   8.6074715e-02  -1.1106784e-02  -5.2639249e-02  -9.4536637e-02  -2.6121271e-01   5.6437873e-02   1.0680790e-01  -5.2725691e-02  -9.8593805e-02   1.4562513e-01  -5.2817500e-02  -9.2255243e-02   1.5864373e-01  -8.5961216e-02   6.8452846e-02   2.4867923e-02  -2.6770040e-01   1.5446313e-01   9.4220497e-02  -4.1062422e-02  -6.0613811e-02  -1.3467787e-01   1.7577434e-01  -4.5195263e-02  -9.7475094e-02   3.7403958e-01   1.4350556e-01  -8.5263588e-02  -1.1522883e-01   9.4804852e-02   3.5687377e-02   2.4576365e-01  -4.4423826e-02  -1.4372542e-01
  -1.2624628e-01  -1.7433581e-01   1.3923001e-02  -6.8796931e-03  -8.2269676e-02   1.3324893e-01   9.8250289e-02  -2.0004558e-01  -1.1228796e-01  -1.9130410e-01   8.6424042e-02   2.2577864e-02   1.3232245e-01   3.2934539e-01  -1.5385918e-02  -1.5899837e-01   6.4776765e-02   2.4023149e-01   8.7793880e-02   1.3046048e-01   3.3979620e-01   9.2593983e-02  -1.0290989e-01   3.1213939e-02  -5.8732822e-02   4.0161334e-02   4.7833884e-03   4.3221300e-02  -2.7491641e-01  -1.1189424e-01  -9.5531278e-02  -9.9758613e-02  -9.1628026e-02   1.1124303e-01   9.1907768e-02  -2.4331128e-01   1.6569009e-01  -1.2628945e-01   1.0407732e-04  -3.0587269e-02  -8.9211245e-02  -2.8985912e-01   1.1250317e-01   8.7945425e-02  -1.9544866e-02  -1.0020208e-01   5.8914429e-02  -2.0253621e-01  -1.8479487e-01
  -1.4443154e-01  -6.9577532e-02  -1.6382663e-01  -5.2408021e-02   4.6390904e-02  -2.9725589e-01   1.5714286e-01   2.5331905e-01   1.9815075e-01   1.0621243e-01   2.1306573e-01  -2.1908056e-02  -1.2115007e-02   8.4617221e-02  -1.4678031e-01  -2.3412192e-02  -1.5568524e-01   8.0917338e-02  -1.2824415e-01   3.3492739e-02   1.3432084e-01   1.0266571e-01   5.5202330e-02   1.2319132e-01   2.2384444e-01  -6.2438179e-02   1.1130695e-01   1.6057078e-01   1.1632399e-01  -1.6669116e-01   1.5022978e-01  -1.8326113e-01   1.2285143e-01   1.1464199e-01   2.4933436e-01  -3.3332313e-02  -1.5390902e-01  -1.3217321e-01   7.4572137e-02   6.2641757e-02  -1.6088853e-01   1.8250453e-01   8.1802257e-03   9.5679569e-02  -1.6339251e-01   4.5987259e-02   2.2590312e-01  -1.7073175e-01   1.8746140e-01
  -1.4147214e-01   7.9823638e-02  -1.5996878e-01   1.6908543e-01  -9.1136925e-02  -2.9381252e-02  -4.5417725e-02   2.0712425e-01  -2.2854694e-01  -8.3802350e-03   3.1526931e-03   6.6541273e-03  -3.6911918e-02  -2.3906434e-01  -1.5211464e-01   1.1297474e-01   7.0497616e-02   4.9554013e-02   5.8746927e-02  -8.5118315e-02  -6.0515654e-02   4.7796132e-04  -2.3393630e-01   1.0591135e-01   2.3378105e-02   1.3595112e-01   3.2505600e-01   1.3430409e-01   8.4830940e-03   3.2952844e-02  -1.2775609e-01  -6.5836513e-02  -1.8500304e-01  -1.0710491e-01   3.3535293e-02  -2.6716701e-01   8.7846690e-02   3.3209641e-02  -2.0724365e-01  -2.3365696e-01   1.0901698e-01  -3.2211615e-02  -9.7234319e-02  -1.3703148e-02   2.2031511e-01   4.8975341e-02  -1.2243433e-01  -2.8979706e-01   2.6309109e-01
  -1.6269313e-01   8.1057602e-02   1.4678927e-01  -1.0244649e-01  -1.2226216e-01  -1.8638030e-02  -2.1669909e-01   1.2070894e-01   8.9697209e-03  -1.5638176e-01  -4.9378348e-02   1.6920718e-01   1.0599853e-02  -6.9507539e-02   4.9020371e-02   5.9937440e-02   2.7715014e-01  -2.0787143e-01  -1.8956941e-01   7.9535069e-02  -2.4814917e-02   1.7459036e-01   5.8369756e-02  -2.5494110e-01   2.0261792e-02   2.1089665e-01   1.2933989e-01  -3.2562065e-01  -1.9085131e-01   1.2570282e-01   1.2095740e-01   1.1925883e-01   4.6963705e-02   1.8712904e-01   3.3211195e-01  -4.9730536e-02  -1.8771870e-01  -8.7065445e-03   1.7989738e-01  -1.7898155e-02  -7.7010036e-02  -5.3078877e-02  -1.1149586e-01   1.4748533e-01   8.4495606e-02   3.3691993e-02   5.7728992e-02  -9.1827901e-02   8.8216867e-03
  -1.4558129e-01   1.3239123e-01  -1.8922036e-01   1.8589461e-01   3.8331846e-02   9.7099512e-02   1.5715031e-01   4.3817878e-02   3.7981381e-03   8.2742094e-02   1.5146013e-01   4.8937724e-02  -1.3785526e-01  -1.8186681e-02   2.4687000e-01   1.4754743e-01  -2.1917876e-01   7.6281934e-02   1.0851122e-01  -8.3689587e-02  -4.5412598e-02  -1.1522738e-01  -5.9877102e-02  -2.4136267e-01   4.8838342e-01   2.8829697e-02  -1.1994535e-01  -1.3005164e-01  -1.3903868e-01  -1.8143474e-01  -8.2098886e-02   3.3799216e-01   6.2495217e-02  -2.8824122e-02  -9.0799993e-02   3.1571692e-02  -1.0326400e-01  -1.3330291e-01   6.3928950e-03  -6.7195222e-02  -5.5648812e-02  -2.5379990e-01  -2.1765042e-02   7.5237245e-02   4.9469862e-02   3.1292903e-03   1.0184737e-02  -2.5847666e-02  -4.0245068e-02
  -1.2907483e-01   1.0312938e-01   4.6581831e-02  -1.2434831e-02  -9.1000645e-02   9.7962952e-02  -9.8843763e-02   1.1984933e-03  -2.8021933e-02   2.4227434e-01  -6.3746485e-02  -3.2854105e-01   1.2289857e-01   2.8932135e-02  -1.1172467e-01  -2.9162550e-02   9.0164241e-02  -1.1909989e-01  -9.0044513e-02   4.6521396e-02  -2.1441986e-02   3.4423764e-01  -2.0832518e-01   8.8777718e-02   2.4555106e-01   2.3845804e-01  -7.5611299e-02  -2.7258875e-02   7.5056180e-02  -9.6273250e-02  -4.9316289e-02  -1.5049254e-03  -9.5370308e-02   2.2188229e-01  -2.0146546e-01   3.3079421e-02   5.8585146e-02  -3.8169717e-02   7.4087103e-02  -3.4877326e-01  -1.4405237e-02   1.0377778e-01   6.6378835e-02  -4.4015062e-02  -2.4640256e-01  -2.1663954e-01  -7.0318362e-03   1.9747338e-01  -4.6334281e-02
  -1.3847959e-01   1.6040009e-01   7.7220008e-02  -1.9681471e-01   1.1803790e-01   2.2084770e-01  -9.2513930e-02   3.8038349e-02   1.5010180e-01   1.7808561e-01  -1.3601850e-01   2.6281226e-01  -5.7249813e-02   1.0703891e-01   1.7905589e-02  -1.4038105e-01  -1.4735068e-01  -7.5055159e-02  -7.5994032e-03  -3.0116194e-02  -3.0262530e-01  -8.3448643e-02   8.7541870e-02   2.7849583e-01  -1.0541734e-01  -5.1077547e-04   1.2415692e-01  -2.4321883e-02  -3.0814886e-02  -3.8743969e-01  -2.0532468e-01  -1.0923723e-01   2.4554413e-02   2.0482610e-02   1.3316746e-01  -2.5912501e-01   5.5873872e-03  -5.9616545e-02  -3.6286192e-03  -1.0504208e-02  -1.2709676e-02  -1.4122137e-01  -1.4427771e-01   1.3795323e-01  -6.2161311e-02   5.1909539e-02  -1.1693046e-01   2.1670292e-01   1.3125933e-03
  -1.3223265e-01   1.0988673e-02   2.4313486e-02   1.1871502e-01   1.6336104e-02   8.7375401e-02   2.0116726e-02   2.1085293e-02   7.6987545e-02  -1.4185339e-01  -1.1814905e-01   4.8988508e-03   1.0337627e-01  -5.5519077e-04  -3.3601606e-01   5.3520135e-02   6.4979821e-02  -1.3525554e-01   5.8445033e-02  -1.2901127e-01  -1.8600819e-01   2.8276970e-02   2.2207840e-01  -1.1131604e-01   2.5066498e-01   1.1158291e-01   1.0610964e-01   2.2724162e-01  -1.5507012e-01   3.3571215e-02   2.0312282e-02  -3.6112837e-02   1.0833354e-02  -3.1035485e-01   1.4508532e-01   1.6847020e-01   3.3716322e-01  -2.1097997e-01  -3.5438332e-02   2.0062032e-01  -5.4392322e-02   1.0501401e-01   1.8766149e-01   1.6781266e-01   4.0157150e-02  -1.7436692e-01  -4.0367181e-02   9.7040135e-02  -1.4737151e-01
  -1.3622219e-01   3.3527684e-02   1.8369519e-01  -6.6309618e-02  -2.2458507e-02   1.5410822e-03  -1.8888771e-01   2.1112546e-01   1.6060511e-01  -4.4515241e-02   1.4898822e-01  -2.6941902e-01   2.1148983e-01  -9.9529493e-02   2.0345258e-01   5.3837205e-02   7.9607142e-03   9.2655287e-03  -2.5903906e-02  -3.7572862e-02   5.9458733e-02   1.4281076e-01  -1.8877278e-01   1.8845278e-02  -2.2400591e-01   8.2382068e-02  -4.9485249e-02   1.3083060e-01   1.3318115e-01  -1.8480437e-01  -3.5013150e-03   5.1856109e-02   1.3854824e-01  -9.5756314e-02  -2.0917284e-01   1.0888019e-02  -7.7986386e-02  -3.6744769e-01  -7.0467935e-02   2.7242981e-01   1.1922982e-01  -4.3084470e-02  -2.8247831e-03   1.3757087e-01   2.7791349e-01   1.2861624e-01  -1.2299849e-02  -5.7226437e-02  -1.4808578e-01
  -1.3707153e-01   2.1852601e-01  -8.2548943e-02  -1.0915358e-01   3.4900554e-02   6.4600672e-02   1.5353405e-01   2.5565754e-01  -1.4377011e-01  -3.8444273e-02  -2.7514031e-01  -1.7049061e-01  -8.5560180e-02   1.3764623e-01   4.2861182e-02  -3.4973399e-02   4.6895263e-02  -1.4049474e-02  -1.4395971e-01  -1.7906768e-01  -2.2802819e-03  -1.1208114e-01  -8.7753514e-02   1.3163238e-01  -1.8309035e-01  -2.2437022e-01  -5.3156167e-04   3.3238065e-02  -1.6370743e-01   1.6382075e-01   1.4865976e-01   2.1226424e-02   5.1314875e-02  -1.8192577e-02  -1.9000862e-01   1.0716942e-01   9.9866065e-02  -2.1552287e-02   1.7081565e-01  -2.0021165e-02  -1.1677145e-01  -2.1179737e-01  -4.0509104e-02   1.4747547e-01   1.0622948e-01  -2.1174430e-01   3.6084432e-01   6.0903397e-02   2.1847327e-01
  -1.3831838e-01  -7.2189547e-02  -1.5023721e-01   6.1347419e-02   8.9920287e-02   4.1723813e-02   2.4416865e-01   2.2788002e-02  -2.3924822e-02   3.9541925e-01   1.7254343e-01   6.2015381e-02   1.0720658e-02  -1.1946516e-02   1.2135435e-01   3.7167864e-02   4.4515090e-02  -3.8366731e-01   8.4251354e-02   2.5828715e-01   2.7888043e-02   1.5060622e-01   8.6881207e-02  -4.2780528e-02  -1.7321452e-01  -5.5930686e-03   7.3333786e-02   1.4475194e-01  -8.7847909e-02  -2.1645448e-02   1.4456979e-01  -6.7121213e-02   1.2424550e-02   1.7653449e-01   2.7596240e-03   9.1952443e-02   2.4531168e-02   2.3331234e-01  -6.4541782e-02   8.8371401e-02   1.8072326e-02  -1.3950782e-01   2.3988857e-01   4.9513799e-02   3.1085224e-01  -1.1813154e-01  -1.6311034e-01   5.0087225e-02   1.9477556e-02
  -1.3167105e-01  -6.4139640e-02   4.4823244e-02  -2.3390770e-01  -9.9491140e-02   2.3107560e-01  -4.7319789e-02   1.2348670e-01  -1.7715614e-01  -1.2171218e-01   2.9592692e-01   7.9498979e-02   2.6258620e-02  -5.0474994e-02  -5.0108593e-02   4.2942986e-02  -3.1520186e-02  -1.9259544e-01   1.5778525e-01  -2.1303483e-01   1.1731437e-02  -1.6565848e-02   1.9650084e-01  -3.6070636e-02   5.2241243e-02  -1.8808021e-01  -2.1541818e-01  -1.3060765e-02   2.2692711e-01   2.2636763e-02   1.9650533e-03   1.7795334e-03  -1.4397854e-01   1.2556460e-01  -1.3554829e-01  -1.3351836e-01   1.9319321e-01  -3.1917130e-02   3.9826104e-01   6.0630067e-02   6.0503459e-02   2.9180717e-02   9.8946139e-02   3.3355870e-02  -1.0249822e-01   4.0620857e-02  -1.9083637e-01  -1.7734147e-01   1.9801031e-01
  -1.3415254e-01   5.7393392e-02   2.8901100e-01   1.0894038e-01   1.8693894e-01   7.4128581e-02   1.8266829e-01  -3.0044272e-02  -7.4726943e-02  -5.5066677e-03   8.6131426e-02   4.3712414e-02   2.7834026e-01  -2.5814771e-01  -3.3512304e-01  -1.0748417e-01  -1.9770948e-01  -3.5286287e-02   1.5249703e-02   1.7655254e-01   1.3523879e-01  -1.6728088e-01  -1.3066497e-01  -1.5501620e-01  -5.7960351e-02   1.3104981e-01  -1.3337387e-01   4.3178690e-02   1.6161837e-01  -5.8278825e-02   7.2830454e-02   4.4108939e-02  -1.5762224e-01  -1.5188592e-01   5.4454284e-02  -8.8551088e-02  -1.3935941e-01   1.6502329e-01   1.4596892e-01   5.5425456e-02  -8.8359672e-02  -1.1644812e-01  -2.5600649e-01  -6.5168969e-03   4.6967512e-02  -1.2103160e-01   1.8170627e-01   1.4827481e-01   3.2528125e-02
  -1.4714161e-01   2.4875892e-01   6.2419167e-02  -1.1553280e-01   5.2441796e-02  -2.5349872e-01  -3.1689356e-02  -9.8942772e-02   2.2978773e-01  -7.7314272e-02   1.3505941e-01   9.1382798e-02  -2.8732787e-01   1.0149414e-01  -1.1975599e-01  -5.4707810e-02  -6.0606848e-03  -3.9197777e-02   1.7185530e-01  -9.8977708e-02   2.0743377e-02  -1.3455223e-02  -2.4569198e-01  -4.0876611e-01  -2.2146728e-01  -4.2290948e-02   5.2487134e-03   9.1329291e-02   6.3064206e-02  -3.2572197e-02  -8.3413230e-02  -1.0622024e-01  -1.5540476e-01   7.1605257e-02  -2.2346839e-02   2.3190403e-01   7.8682930e-02   5.3514663e-02  -1.0913174e-01  -1.7167283e-01   1.8145390e-01  -4.5694016e-02   4.4009017e-02   2.7308007e-01  -1.6927295e-01   2.5181720e-03   1.1069145e-02  -6.9606297e-03   7.3857685e-03
  -1.3164311e-01  -1.9644747e-01   2.8590502e-02  -1.1651843e-01  -1.2117858e-01   7.9967882e-02  -1.1203320e-01   1.3901940e-01  -1.7198848e-01   4.4320359e-02  -8.8322858e-02  -6.9072885e-02  -1.5499877e-01  -5.9539409e-03   1.1407638e-01  -3.2203624e-01  -3.5995691e-01  -6.0986234e-02  -1.3607066e-01  -1.3105818e-02   1.5939825e-01  -2.2889678e-01   4.2454024e-02  -5.0165846e-02   8.0705046e-02   4.2740683e-01  -1.7711776e-02  -9.9999137e-02   1.9238545e-02   1.0042186e-01  -1.5103616e-01  -2.2483605e-01   8.1531605e-02  -3.2532759e-02  -7.0113825e-02   2.0689716e-01   8.1617657e-02   1.7903051e-01  -9.3859551e-02   4.5643912e-02  -6.3354493e-02   7.7632508e-02   9.4710474e-02   1.5663682e-01   5.6719817e-02   1.2750995e-01   1.2943013e-02  -7.8034114e-02  -1.0015975e-02
  -1.4751283e-01   2.1498003e-02  -5.8408909e-03  -1.1519297e-02   4.0717550e-02   1.2431843e-01   1.6227705e-02  -1.2715981e-01   1.0402408e-01   2.8144375e-01   6.2772221e-02   1.6736463e-01   1.2100432e-01  -1.8924002e-01  -2.2761581e-02  -8.3743866e-02  -6.8115791e-02   8.8382137e-02  -1.5442729e-01  -1.0025940e-01  -4.2311539e-02   1.7059685e-01  -2.5921806e-01   1.5938926e-01  -9.8276382e-02  -8.4533384e-02  -2.0556531e-01  -2.4215256e-01  -2.9505561e-01   7.4517687e-02   7.4441846e-02   7.4555881e-02  -2.3500086e-01  -1.5163229e-01   1.3375878e-01   2.3792642e-01   1.8069880e-01  -7.6561425e-02  -5.9908637e-02   1.2836430e-01  -9.2418467e-03   8.4081006e-02   1.1710788e-01  -9.8611407e-02  -1.1041524e-01   2.5757765e-01   5.4394603e-02  -1.6578235e-01   1.4822874e-01
  -1.4158864e-01  -7.2994449e-02  -1.5934281e-01  -1.9788783e-02  -4.0081480e-03  -3.6128949e-01   1.9294130e-01   1.0934696e-01   8.4466238e-02  -4.6040387e-02  -8.9564039e-02   2.0220198e-01   4.0372028e-02  -3.3411920e-02   9.6768006e-02  -2.9392966e-01   1.2011024e-03  -5.5219119e-02  -1.6140645e-01  -2.8337031e-01  -8.8051453e-02   1.9780570e-01  -5.8317758e-02  -1.3305796e-01  -9.4607057e-02   1.4665183e-01  -1.6223957e-01   4.8043273e-02  -8.5273895e-03   1.4330087e-01  -3.3266325e-02   5.7050044e-02   4.5674217e-02  -1.5849412e-01  -1.7131503e-01  -3.4638111e-01  -5.4356134e-02   3.5262864e-02   1.9117209e-02   9.9067978e-02  -9.6355386e-02  -6.9026588e-02   4.4866040e-02  -1.9892954e-01  -1.3105436e-01  -1.6654742e-01  -2.1626243e-01   4.1122500e-02  -1.0526984e-01
  -1.4381485e-01  -3.9332444e-03   2.7169495e-01   9.4759781e-02  -2.4453841e-02  -1.5856650e-01   1.9458362e-03   6.9273329e-02  -8.8904881e-02   1.7203262e-03   7.7197942e-03   3.5081296e-01   9.6695397e-02  -9.6249481e-02   2.5650738e-01  -8.4612327e-02   1.2117840e-01   4.3166960e-02   1.8736438e-02   2.5472835e-01  -3.8843306e-02  -1.4680873e-01  -2.0985599e-01   2.2074839e-01   1.4840874e-01  -1.4344598e-01   8.5368675e-02   1.9764587e-01  -1.7979935e-02   1.0503621e-01  -2.1193845e-01   1.9805987e-01   1.8360043e-01   3.2439178e-02  -7.0146156e-02   5.7929773e-02   1.0581285e-01   9.8681595e-02   1.5827180e-01   3.1957092e-03   1.5125692e-01   2.4716892e-01   1.0754000e-01   1.6571255e-01  -1.1857345e-01  -1.4407683e-01   7.4884807e-02  -5.3255316e-02  -7.7413314e-02
  -1.3930458e-01  -1.7895385e-02   1.2411529e-01   3.0749249e-01  -2.8431111e-01   4.6515671e-02  -1.9777882e-02   1.4139314e-01   1.4394722e-01   2.6129513e-02   1.3913900e-01  -2.2283214e-02  -1.7678037e-01   2.1185183e-01  -2.1825926e-01  -2.2256510e-01   1.7895234e-01  -1.1034442e-01  -7.6984471e-02  -1.7528763e-01   8.4596328e-02  -3.7322380e-02   1.0981558e-01   1.5864892e-01   4.6425324e-03  -1.0649190e-01  -1.6377287e-01   1.3678514e-01   3.9501791e-02   1.9907541e-02  -8.8371500e-02   2.5992313e-01  -3.8318467e-02   6.1805476e-03   8.2769206e-02  -3.0553449e-02  -7.2516679e-02   1.7309390e-01  -4.0195457e-02  -1.2808306e-01   3.5912327e-02  -3.9004902e-02   5.9133796e-02  -1.0313173e-01   1.8688869e-01   3.3540317e-01   1.4715753e-01   1.5495170e-01  -1.3769108e-01
  -1.3689602e-01  -3.9664272e-02   1.6769305e-01   5.0179194e-02   9.3266635e-02   1.8202976e-01   1.5465454e-01   5.9022288e-02   1.4476070e-01   3.9179642e-02  -1.9458230e-01   1.4553284e-01  -4.5128472e-02   1.7103513e-02   8.4151884e-02  -8.1737102e-02   2.2282217e-01  -1.2298953e-01   9.1720783e-02   1.8043548e-01   1.7547030e-01  -1.5030646e-01   2.0688448e-01  -5.3130461e-02  -1.2393796e-02   1.2612918e-01   2.0070622e-02   5.5217688e-03   1.2299677e-01   9.5607634e-02   1.0018101e-01  -3.5966523e-02   8.1752216e-03  -1.3117175e-01  -1.4951194e-01   5.1725028e-03  -1.5521575e-01  -4.0309394e-01  -1.9690209e-01  -1.8920473e-01   1.2402269e-01  -8.7160452e-02   1.4871362e-01  -1.9871384e-01  -2.2727123e-01   6.7248224e-02   4.5887071e-02  -9.8653414e-02   2.6823239e-01
  -1.3670031e-01   2.8022936e-02  -1.4997862e-01  -2.3662233e-01  -2.2472454e-01  -1.1625602e-01   4.8993402e-02  -6.6651583e-02   8.1682522e-02   1.8791724e-02   2.3536193e-02   6.5333167e-02   2.8700594e-01  -1.8202257e-01   1.2808981e-02  -1.3341074e-01   2.5364455e-01   1.5135671e-01   2.5956590e-01  -3.8448215e-02  -5.6294712e-02  -6.9929497e-02   4.8305197e-02   2.1276647e-02   1.9571226e-01   2.7251442e-02   2.1349544e-01   5.7596752e-02  -3.3060352e-02   6.6417123e-03   5.2195044e-02  -2.2802949e-01   4.1235769e-02   3.4159747e-02  -1.8555853e-01   2.4996314e-01   7.6025445e-03   1.0555985e-01   1.3629922e-01   9.6061433e-03  -4.9661622e-02  -2.7193594e-01  -1.5482570e-01  -1.5323306e-01   6.2532101e-03   3.0143773e-01   5.1243832e-02   1.5167881e-01  -7.1209559e-02
  -1.4903105e-01   6.6373860e-02  -9.8632848e-03  -4.0418001e-02  -1.1048933e-01  -1.3077524e-01  -7.4896377e-03  -3.9449523e-01  -1.7394100e-01   5.8679849e-02  -2.4544556e-01  -8.0439901e-02  -1.4315297e-01  -1.6134812e-02   1.9056575e-01   1.7854979e-01  -4.2826183e-02   2.1396602e-02   9.1555704e-02  -8.1535954e-03   6.1086435e-02   1.5467740e-01   4.0416587e-02   1.4852493e-03  -4.6194256e-02   2.3648485e-01  -1.8071898e-01   3.1130475e-01   7.8048087e-02  -9.9616028e-02   1.0259737e-01   9.2003304e-02   1.5654453e-01  -1.6789161e-01   2.2899051e-01  -1.3930979e-01   9.7263535e-02   5.5340009e-02   2.2603581e-01   2.0639707e-02   1.2041365e-01  -1.8094043e-02   5.1277673e-02   2.6060655e-02  -1.8853713e-02   2.3148873e-01   1.2406027e-01   9.3814113e-02   2.2312115e-01
  -1.4591535e-01  -1.9329824e-01  -5.1661455e-02  -9.6770530e-02  -4.3506063e-02   3.2141176e-01   1.5794291e-01   1.1975325e-01   1.6956826e-01  -6.0325308e-02  -3.0809092e-02  -1.5725207e-01  -1.8385635e-01  -1.6471279e-02   9.5637346e-03  -2.2683620e-01   9.4093987e-02   2.7978912e-01   2.4976275e-01   4.9462142e-02   8.2081301e-02   1.9649624e-01  -8.3681900e-02  -4.0344565e-02  -1.4062000e-02  -5.1744626e-02   3.6293996e-02  -3.3454372e-02  -4.3929401e-02   3.4600611e-02   1.0557387e-01   1.6786757e-01   1.7121965e-01  -1.1948372e-01   1.2732765e-01   6.3132947e-02  -4.7849116e-02   1.4931957e-01   5.4696438e-03   3.4926014e-02   1.3072417e-01   2.2392761e-01  -2.8949525e-01   9.0963216e-02  -3.1004642e-03  -1.4267688e-01  -2.8266699e-01   1.1543458e-01   1.5778732e-01
  -1.5555906e-01  -1.9102962e-01   2.4605454e-01   1.2583385e-01   8.8132484e-02  -9.0284654e-02  -2.0229540e-02   6.7094693e-02   3.9022945e-02   7.0008468e-02  -3.3408644e-01  -4.7301419e-02   7.0213021e-03   6.3776907e-02   2.7867398e-02   1.4658646e-01   6.4249479e-02  -1.3697908e-02   3.7744341e-01  -2.5358784e-01  -7.7891366e-03  -1.3642936e-01  -2.7593589e-01   2.0487758e-02   1.2464986e-01  -5.6489025e-02  -3.7315775e-02  -1.8546550e-01   1.5472515e-01  -3.9319974e-03   1.8192683e-01  -6.7716721e-02  -2.7999403e-02   2.9574307e-01   9.8213656e-02  -1.2870398e-01   4.8160437e-02   1.0030403e-01  -1.6970069e-01   2.3870281e-01  -2.0212144e-01   1.6063490e-03   1.2603582e-01  -1.3238394e-02   3.7816346e-03   4.5694025e-02  -2.4872740e-02   2.5593174e-02  -7.8448007e-03
  -1.6984657e-01   5.3321955e-02  -8.9699174e-02   3.3545779e-02  -2.0731007e-01   6.5675471e-03  -8.8308681e-02  -9.6014754e-02  -1.4633708e-01   2.4501561e-03  -2.1422631e-02   3.5605985e-01   1.0489881e-01   2.4045009e-01   9.3371273e-02   5.6647247e-02  -2.4558504e-01   2.2264214e-02   1.8451310e-01  -9.5654607e-04   7.2750003e-02   2.4366429e-01   6.3883661e-02   5.6459159e-02  -5.7152799e-02  -8.8339973e-02   9.1890858e-02  -1.0490578e-01   2.3371597e-01   1.3929588e-01   1.8747490e-01   1.6945278e-04  -1.7936782e-01  -1.6988231e-01  -1.3980875e-01   5.4207189e-02  -1.2196845e-01  -1.3576745e-01  -1.1260281e-01  -1.5378596e-01  -2.0947975e-01   2.5245211e-01  -1.0681632e-01   1.3100927e-01   1.8806841e-01  -3.6386009e-02   7.5895595e-02   1.4897836e-01  -9.6034836e-02
  -1.3511399e-01   2.6590545e-01   8.1315754e-02  -5.8559626e-02   1.4159996e-01   2.9266520e-02  -1.0664315e-01   3.5636777e-02  -1.7707910e-01   2.7257531e-03  -1.3031013e-01  -1.0689257e-01   2.2732739e-02   1.3135437e-01   1.4310257e-01  -1.0604647e-01   2.0511305e-01   3.3619573e-02   2.3906243e-02   3.1634784e-02  -5.4127451e-02   4.8798048e-02   1.4799898e-01  -5.9440066e-02   4.5975382e-02  -9.7840406e-02  -1.3801296e-01   2.2045953e-01   1.7645459e-02  -2.4392705e-01  -6.5504307e-02  -2.0148869e-03  -1.7943659e-01  -1.5033722e-01   4.3061881e-02   2.0426430e-01  -2.2172117e-01   2.3947202e-01  -8.1132490e-02   6.1488553e-02  -3.1775659e-01   9.7784261e-02  -5.7720768e-02  -1.3814447e-01  -4.0829846e-02  -3.4953844e-02  -1.3499848e-01  -4.0535734e-01  -7.4794040e-02
  -1.4590976e-01  -1.1989372e-01  -2.0249848e-01   7.1674241e-02  -5.4709608e-02  -7.9082593e-02  -1.7119691e-01  -7.5496141e-02   1.2176603e-01   3.6816035e-02  -1.7247931e-01  -7.0748053e-02   2.1458557e-01   9.3974957e-02   5.5561203e-02   7.4890610e-03   3.7587910e-02  -7.2780742e-02  -2.7711861e-01   1.3447588e-02   1.9033797e-01  -1.6232889e-01  -8.6614340e-02   1.2955151e-02   9.5640165e-02  -2.6349474e-01   4.3017425e-02  -1.9066638e-01   3.4084013e-01  -8.0473098e-02   1.7410224e-02  -2.2294485e-02  -2.7682693e-02  -2.7638031e-01   2.2490638e-01   1.1921567e-01   2.2531336e-02   8.0766249e-02   1.1223357e-01  -9.3854245e-02   2.0830394e-01  -2.5950641e-01   6.9130009e-02   8.7309676e-02   7.9070074e-03  -1.4013866e-01  -2.3841561e-01  -2.5997692e-02  -8.8027086e-03
  -1.4549865e-01   3.1520345e-01  -7.5200280e-02   1.9058857e-02   1.1821923e-02  -9.7829805e-02   1.1993527e-01   1.5382315e-01  -3.9383133e-01   5.7507666e-03   1.3778474e-01  -9.7112645e-02  -5.5056746e-02   5.8756919e-02   7.1524405e-02  -2.9488249e-02   9.5783060e-02  -3.0522334e-02  -3.5421783e-02   4.5805804e-02   1.5758911e-01  -2.3319459e-01  -2.4250528e-02   2.0773714e-02  -8.2162514e-05  -1.8389001e-02  -2.8349797e-02  -1.3454071e-01  -1.2801187e-01  -4.8213525e-02   2.6259150e-01  -1.4972741e-01  -5.7493442e-02  -2.0454960e-02   1.5082965e-01  -8.8840473e-02   5.2977295e-02  -1.4176648e-01  -7.1792982e-02   1.1778594e-01   2.6241480e-01   2.0283511e-01  -7.6687081e-02  -1.0279173e-01  -1.6580243e-01   1.1094598e-01  -1.6965930e-01   2.5362111e-01  -2.6646849e-01
  -1.5776824e-01  -3.2892894e-01   1.3546605e-01  -1.4644279e-01   2.1820342e-01  -1.6004782e-01   8.7783508e-02   9.6549901e-02  -1.7249500e-01  -1.1233058e-01  -1.1800205e-02  -1.2877877e-02  -1.1575435e-01  -3.6095866e-02  -1.5685454e-01   2.4411168e-01   2.4124283e-02  -5.3476053e-02  -5.2070868e-03   1.4580244e-02   7.4942997e-02   8.7102814e-02  -3.0902163e-02  -2.1061982e-02  -1.0725437e-01  -1.2467493e-01   1.3357715e-01  -2.0585668e-01  -1.8609976e-01  -3.1412024e-01  -1.0522169e-01   2.7974416e-02   1.3538001e-01  -2.7623402e-01  -1.6985564e-01   6.7909276e-02  -3.4132386e-02   6.3101007e-02   1.2495929e-01  -2.7164083e-01  -1.3129732e-01   8.9087617e-02   1.6955148e-01  -9.4112349e-02   2.4722811e-02   1.9341276e-01  -3.6179415e-02   1.2451796e-01  -6.5726240e-02
  -1.4922470e-01  -7.0624716e-02   7.5331116e-02   1.4890322e-01  -2.2748223e-01   3.1184879e-02  -1.7086085e-02   2.3305188e-01  -3.6482650e-03   9.9389876e-02  -3.9224928e-02   1.1312700e-01  -2.3989861e-02   1.8844001e-01  -6.3302087e-03   3.1958256e-01  -1.2222837e-01   3.7112308e-02  -9.1533174e-02   1.6716199e-01  -3.7538902e-02   9.5615518e-02   3.5179214e-03  -2.1657946e-01  -1.3886171e-01  -4.9696661e-02  -6.6293688e-02   3.6668453e-02   5.3250901e-02   2.6298885e-03  -1.9493693e-01  -1.1909120e-01   1.6747143e-01   5.4882940e-02   3.1627592e-02   1.4132589e-01   3.2334267e-01  -5.6571789e-03  -3.0058514e-02   1.1453157e-01  -1.1436250e-02  -9.9312392e-02  -3.6434275e-01  -3.8337384e-01  -1.3660235e-01  -4.3606055e-02   2.7574004e-02  -2.7796758e-02   3.6745764e-03
  -1.3033994e-01   2.6820845e-01   1.2888986e-01  -2.5883945e-01  -8.0040389e-02   2.2423885e-02   1.2928871e-01  -2.8190696e-02   1.3990306e-02  -7.6699822e-02  -7.3298418e-02  -1.1606689e-01   1.9100276e-02   2.6603089e-03  -1.3819526e-01  -1.1837919e-01  -3.4193706e-01   9.8367922e-02   9.0299755e-02   1.0606599e-01  -1.9932870e-01   5.0667191e-02  -1.7002728e-02  -2.5441992e-02   1.7096063e-02  -1.1020202e-01   1.3054340e-01  -1.0484555e-01   1.2081593e-01   1.2730655e-01   4.7448696e-02   9.8501464e-02   2.1625204e-01   6.4984914e-02   1.7395253e-01  -2.8121729e-02  -2.3632989e-02  -4.8539992e-03  -2.0844126e-04  -1.1238872e-01   1.5464260e-01  -3.0226001e-02   3.3149034e-01  -3.7180265e-01   1.9855467e-01  -5.0898990e-02   1.8611839e-02  -1.8468364e-01  -1.6583933e-01
  -1.4440050e-01  -4.5964243e-02   5.2561154e-02  -2.8595909e-01  -1.0070931e-02  -2.1868590e-01  -1.4010332e-01   4.6000004e-02   1.5226704e-01   8.2710783e-02   1.2433653e-01  -3.4591613e-02   1.7231122e-01  -9.3741232e-02   2.0953187e-02   1.8828803e-01  -3.3592654e-04   8.2311005e-02   9.8524694e-02  -4.7241775e-02   7.5607349e-02  -2.4765622e-01   2.4270526e-01   1.5199060e-01  -3.7697722e-02   6.2740176e-02  -3.8613546e-01   3.3031432e-02  -1.9350622e-01   8.8703523e-02   6.9714995e-02   8.0603378e-02   7.8426193e-02   9.7875879e-03   1.1957457e-01  -4.1747673e-02   1.2779557e-01   3.4748417e-02  -2.7660890e-01  -3.4932159e-01  -4.7436572e-02   2.0670096e-02  -1.1126106e-01   2.2338810e-02   1.1142688e-01  -2.3028798e-01  -4.8370599e-02   3.7651700e-03   8.0780612e-03
  -1.5939382e-01  -3.5753977e-02  -2.3339497e-01   1.5965098e-01  -1.1773891e-01   8.4616147e-02  -1.1889143e-01  -1.1987108e-01  -6.6058023e-02  -2.1758066e-01   2.8514985e-01  -3.2949059e-02   5.3984955e-02  -5.0506989e-02   5.3652367e-02  -8.1922379e-02   1.2920612e-01  -8.8042464e-02   1.0434961e-01  -3.7021095e-02  -2.4584743e-01  -9.5286310e-02   5.7032029e-03   6.1843798e-02  -2.1937161e-01   1.2147474e-01   3.3888068e-02  -2.3018935e-01   1.2212243e-01  -2.7747747e-01   8.4891310e-02   5.4451238e-02   2.2836780e-01  -6.9295404e-02  -2.2577229e-03   1.5244920e-02   2.7796863e-02   1.5427174e-01  -1.9737440e-01   7.4623701e-02  -3.3394606e-02   4.7195669e-02   1.2644917e-01  -8.4494371e-02  -2.0692194e-01  -2.2225995e-01   3.2917447e-01  -2.2336112e-02   1.0799141e-01
  -1.4330281e-01   1.8515977e-01  -2.2225398e-01   1.1374891e-02   2.4803380e-01  -7.1174274e-02  -6.8941229e-02   5.1855025e-03   1.9387910e-01  -1.4299314e-01  -1.4467203e-01  -1.1953124e-01  -1.0403920e-02  -1.3011438e-01  -2.4463749e-02   3.2758013e-02  -1.3016328e-01  -2.0354951e-01   1.4952101e-01   1.2881206e-01   3.4863626e-01   1.2804248e-01   2.1570150e-01   1.9439491e-01  -3.0999879e-02   7.7618537e-03   1.6861956e-01  -1.2490943e-01   2.8382804e-02   1.0203223e-01  -1.5208675e-01   2.9887661e-01  -7.1652787e-02   7.5907516e-02  -1.1946585e-01  -7.4584555e-02   2.3007191e-01   1.3641176e-01  -5.0423994e-02   1.4856957e-01  -7.0041366e-03  -3.4805816e-03  -1.3451832e-01  -1.6149142e-03  -1.6852778e-01   1.2787790e-01   7.5888474e-02  -8.4417480e-02  -1.4603153e-01
  -1.4239314e-01  -5.2516010e-02  -6.0481570e-02   1.3496713e-01  -1.0398176e-01  -9.4526908e-02  -1.0188481e-01  -2.3906923e-01   1.2270902e-01   1.5146493e-02  -4.7937930e-02  -2.5849592e-01   2.3760505e-02   6.3068249e-02  -4.1543451e-02  -1.7745899e-01  -7.4483321e-02  -3.2151984e-01   9.6718215e-02   2.7514481e-01  -2.0734934e-01  -1.4699471e-01  -9.5746405e-02  -1.3218345e-01   6.5992851e-02  -2.7432715e-01  -1.1336204e-01  -4.9554071e-02  -2.5174590e-01   9.4035494e-02  -6.3030591e-03  -1.8597432e-01   1.1059665e-01  -7.8724425e-02  -1.6111408e-01  -2.4549523e-01  -1.7112040e-02  -1.1362444e-01   7.8474801e-02  -4.1801039e-02  -8.3785305e-02   1.8732715e-01  -1.9813159e-01   4.4810876e-02   7.3465244e-02   1.3239485e-01  -2.1731834e-02  -1.3883242e-01   8.2757556e-02
  -1.4530329e-01   1.3313596e-01   1.8242610e-02   4.7967379e-02   1.3537632e-02   2.3200286e-01   1.5283696e-01  -1.5294263e-01   1.3459022e-01  -1.1996778e-01   1.6844606e-01  -5.3654624e-02   9.7923022e-02   1.4728439e-01  -1.6914302e-02   3.1003278e-01  -4.4165102e-02  -7.0471701e-04  -2.0492594e-01  -6.2902554e-02  -4.3089453e-02  -1.8398354e-01  -1.6029484e-01   1.2668793e-01  -1.2449937e-01   1.4732933e-01   1.3336057e-01   1.4410946e-01   3.1076028e-02   2.7974096e-01   1.0964319e-01   1.9548145e-02   2.1872488e-01   6.0065581e-03  -5.5443143e-02   4.6534576e-03  -1.0361867e-01   1.2980438e-01   1.8570369e-02  -8.0095490e-02  -2.9113498e-01  -9.5967153e-04   3.5049931e-02   9.9972735e-02  -2.2635126e-01   1.9050202e-01  -3.1529279e-01  -4.1200433e-02  -6.0414533e-02
  -1.2771113e-01   8.1800144e-02   1.1421339e-01   9.2804283e-02   1.5859417e-01  -2.2976077e-02  -3.2678066e-01   1.3983705e-01   6.9603681e-02  -2.0008578e-01   1.9306228e-01  -7.2216453e-02  -1.1621535e-01   3.9816468e-03   1.4147454e-01   2.9357576e-02  -6.7615524e-02   2.4146918e-01  -3.2319392e-02   2.7249988e-01  -8.5474719e-02   1.7603355e-01   6.3347117e-02   2.7333792e-02   1.6673704e-01  -9.4895965e-02  -5.2180824e-02   3.0845132e-03  -5.5572281e-02   2.1479028e-01   3.9195592e-02  -2.1749390e-01  -1.3954773e-01  -1.3722125e-01  -3.6521468e-02  -1.3331704e-01  -1.4479718e-03   1.7006050e-01  -6.3039484e-02   9.0264145e-02  -6.1846547e-02  -2.1362339e-01   2.4731689e-01  -4.8579635e-02  -3.6091440e-02   2.2651402e-02  -2.1506598e-02   3.1686867e-01   2.2044359e-01
  -1.5393275e-01  -2.5160997e-01  -4.1677613e-02  -7.4016014e-02  -1.4392759e-02  -1.4484807e-02  -5.2930279e-02   6.1887394e-02  -2.2078049e-01   2.8713055e-01  -7.2329726e-02  -1.1321541e-01   4.0355488e-02   2.4289153e-02  -1.9781871e-01   7.9612268e-02  -7.7406215e-03   2.1152183e-01  -2.2743112e-02   9.9416998e-02  -3.0229076e-01   2.5008182e-02   1.9399968e-01  -1.0619368e-01  -8.2868183e-02  -7.4125571e-02   1.9981496e-02   2.7164707e-02   2.7723703e-02   1.6397160e-01   8.2080400e-02   1.8064262e-01  -7.3472907e-02  -1.2923515e-02  -1.0966576e-01  -1.0879222e-01  -1.7884032e-01   5.8804768e-02  -1.3255922e-01   8.3379223e-02   2.1719279e-01  -1.6151944e-01   6.5132532e-04   3.0300945e-01  -2.9234886e-01   1.1095529e-01   1.1209480e-01  -1.2043846e-01  -2.1411164e-01
  -1.3673140e-01  -1.1647732e-01   3.3146882e-01   2.2408031e-01  -1.1470492e-01  -3.4270158e-02   7.5355521e-02  -1.3187283e-01   1.4635815e-01   8.8398482e-03   5.3493742e-02  -1.8500942e-01  -5.4156443e-02  -1.7079052e-01   3.2349785e-01  -8.5663938e-03  -2.0522999e-01   3.7321961e-02  -1.0749450e-01  -2.6363107e-01  -2.3273141e-02  -9.0225624e-03   2.6162903e-01  -7.7289920e-03  -7.0613382e-02  -6.8445029e-02   3.4771731e-01   4.7455594e-02  -1.5847828e-01  -9.7288136e-02   1.9640618e-01  -7.0958825e-02  -2.6499744e-01   4.4360654e-02  -2.8162124e-02  -4.1596444e-03   2.8735433e-02   5.5061120e-02   1.1299696e-01  -1.1350864e-01   9.7629320e-02   2.8517680e-02  -9.7200881e-02  -7.5088603e-02  -8.7274124e-02  -1.4999894e-01   2.6738200e-02  -6.7088737e-02  -8.2705997e-02
  -1.5712758e-01  -1.1208079e-01   9.6715181e-03  -7.1306750e-02  -3.5055320e-02  -1.0783010e-01   3.5819107e-01  -7.1877879e-02   4.3374856e-02  -2.4055101e-01   2.7049755e-02  -1.0682101e-01  -8.5121154e-02   1.2056776e-01   5.6542325e-02   2.0724016e-01   3.3125050e-02  -1.3846433e-01   5.7936666e-02   5.3317274e-02  -2.1636172e-01   4.5779745e-02  -1.2752410e-02   3.3625488e-01   5.8349331e-02   1.5821658e-01  -1.7067057e-01  -1.4272092e-01   3.3585001e-02   1.2562951e-01  -3.0624914e-01  -1.5305470e-01  -2.8464358e-01  -3.0061298e-02   8.5076552e-02   1.6270195e-01  -2.5311531e-01  -3.0746388e-02   2.6798834e-02   1.3347545e-01   2.0669243e-01  -2.9271739e-02  -1.0788453e-01   1.5013817e-02   7.2244900e-02  -8.7696902e-02   5.0336990e-02  -2.1342508e-02  -1.5466258e-02
  -1.3270325e-01  -5.2185654e-02   2.9406483e-02   1.3976171e-01   3.4582245e-01  -9.9571632e-02   4.6981859e-03  -1.3784361e-01  -2.5930855e-01   9.7548293e-02   1.6371252e-01  -1.7961698e-01   1.7882570e-01   4.5257836e-02   1.0266029e-01  -2.0887864e-01   4.9874951e-02   6.1429154e-02   4.0225926e-02  -1.9562639e-01  -6.5483118e-02   5.3213194e-02   1.3883843e-01  -9.5805879e-02  -1.0389518e-01  -7.2869897e-02   1.2286328e-01  -4.2848089e-02   1.2566415e-01   2.4447108e-01  -3.6488512e-01   6.2254181e-02   1.3454981e-01   1.4879190e-01   2.3975195e-01   1.2443879e-01   3.1654930e-02  -2.4153058e-01  -1.0400625e-02  -9.2624369e-02  -1.1751872e-01  -1.0970613e-02  -8.3455651e-02  -5.3821775e-03   4.0174338e-02   6.5328344e-02  -4.4577924e-02   1.5583101e-01   1.5835173e-01
  -1.4636714e-01  -2.4724074e-01  -1.6255492e-01  -1.8310862e-01  -5.1033387e-02   3.0000031e-02  -5.9581030e-02  -6.0941548e-02  -9.2603807e-02  -3.3545262e-01  -1.2113440e-01   2.6016570e-02   1.2552035e-02  -1.1403837e-01   2.2892965e-02  -5.3818385e-02  -1.3860290e-01  -1.1071313e-01  -2.2461178e-01   1.2665287e-01  -8.0567877e-02  -1.0814180e-01  -1.2719644e-01  -6.2381831e-02   2.2491056e-02  -1.2938207e-01   2.4316944e-02   3.2814015e-01  -3.1658505e-02  -1.1603457e-01   7.9885695e-02   2.7281658e-01  -2.3434530e-01   3.1767180e-01   5.3226188e-02   1.2644382e-01  -4.3018863e-02  -1.4416742e-01  -2.2818976e-01   2.7214007e-02  -6.2004325e-02   1.4947511e-02  -7.7337849e-03  -1.3659815e-01  -1.6797462e-02   5.8132179e-02  -7.0856556e-02   2.1231052e-01   1.0019978e-01
  -1.5108324e-01  -2.4432687e-02   1.3931634e-01   5.6084105e-02   1.6338470e-01  -1.1187617e-01  -8.8041178e-02  -2.9802441e-01  -1.3218876e-01  -2.2608934e-02   8.3426788e-02   1.2932491e-01  -3.9230048e-01  -8.8749786e-02  -2.2275494e-01  -1.0592127e-01   8.8631917e-02   5.1293469e-02  -1.8801251e-01   1.1198071e-02  -1.9622349e-02   9.5469362e-02   3.5330254e-02   2.4659358e-01   1.4735906e-01   7.6537863e-03  -6.0732806e-02  -5.5741278e-02   1.4127273e-01  -1.8446753e-02   2.6250269e-01  -3.2278829e-02   2.0617565e-01   1.0994031e-01  -2.0647202e-01   1.2574847e-01   1.0729729e-01  -1.1955345e-01  -6.1594970e-02   7.4409279e-02  -1.1928712e-03  -1.9544116e-01  -2.2903095e-01  -7.3939868e-03   1.4577130e-01  -1.0179977e-01  -1.4683386e-01  -1.4826808e-01  -5.9861481e-02
  -1.3603912e-01   6.3932416e-02   1.5291605e-02  -7.6704440e-02   7.9055406e-02  -1.1193644e-01   2.0984375e-02  -1.3675151e-01   1.1283541e-01   8.6688444e-02   1.8401223e-02   1.0480179e-02   1.4319181e-01   3.8647434e-01  -1.0028801e-01   5.1326862e-02   1.0820025e-01   2.4559362e-01  -1.9730011e-01   2.7938321e-02  -2.2799346e-02  -1.8968112e-01   1.1146498e-01  -1.3775400e-01   4.7423816e-02   1.9441592e-01   1.4546451e-01  -1.3524845e-01  -2.1507579e-02  -1.1372400e-01  -2.0478378e-02   1.9105533e-01  -1.4534230e-01   9.3361439e-02  -2.7419469e-01  -8.5442352e-02   9.8264030e-02   1.0199675e-01   5.1986406e-02   2.0412159e-01   1.5271955e-01   2.5275419e-01   3.4687853e-02  -8.7221782e-02   2.4869228e-01  -2.5050754e-03  -3.3015214e-02   2.5692516e-02   2.9033301e-01
  -1.1986595e-01   9.2576848e-02  -8.0383938e-02   2.3355725e-01  -1.4239157e-01  -6.7417864e-02  -2.6563693e-01  -2.4990714e-02  -5.7629982e-02   2.8205321e-02  -1.2285110e-01   7.1092999e-02   3.4637613e-02  -6.5785873e-02  -2.6377706e-01   5.8332920e-02  -1.7423189e-01   8.1605087e-02   1.6556294e-01  -1.0300841e-01   1.9533871e-01  -5.2903770e-02   7.7343795e-02   1.0784007e-01  -1.6402936e-01   9.2381559e-03  -3.0098607e-02   3.3751659e-02  -2.9625917e-01  -2.7357345e-02  -1.2760205e-01  -3.5854125e-02   1.1521740e-01   1.5799636e-01  -7.1900472e-02   1.6816895e-01  -4.2735086e-01  -7.9185752e-02   1.6792963e-01   1.5274337e-01   1.0854542e-01  -2.1330218e-02   1.3965392e-01  -6.8566096e-02  -7.7551638e-02  -1.7831744e-01  -2.0439320e-01   3.7818505e-02   1.3771552e-01
