  -1.2913097e-01   1.0970455e-01  -1.7640887e-01  -1.4638178e-01   5.5176712e-02  -6.4820072e-02   2.1970956e-01   2.0966938e-01  -1.6017181e-01   1.2511363e-02  -2.0311280e-02  -2.8406038e-02   7.3148783e-02  -2.0057847e-01  -2.0716308e-01   3.0722061e-02   2.1559764e-01   2.4318366e-01  -8.2411085e-03   9.2635025e-02   1.8325516e-01  -2.7904532e-01   1.8733373e-01  -5.2503255e-02  -1.9729502e-02   2.4018135e-02  -2.8217310e-01  -6.2560926e-02  -1.8903691e-01   5.2826455e-02  -6.6871847e-02  -4.2497718e-02  -1.4190956e-01   9.0506118e-02   6.0579501e-02   6.9030765e-02  -7.0109796e-02   1.7265573e-02  -1.0634350e-02  -2.2250702e-01   3.3372488e-01  -2.6758695e-01  -1.1444970e-02  -4.9216751e-02   5.8138245e-02   7.2872410e-02   3.2733940e-02   1.7887683e-02  -1.5067736e-01
  -1.3779475e-01   2.0506370e-01   1.5776520e-01   1.8965647e-01  -1.8048988e-01  -1.6319260e-01   2.0400915e-02   1.9061183e-01   3.0800422e-02  -2.6441704e-01   9.2096539e-02   1.2459063e-02  -5.4658026e-02   2.5722587e-01  -3.2778331e-02   9.8020109e-02  -4.6983797e-03   2.1041520e-02   8.4108632e-02   1.6985465e-01   1.0347436e-01  -7.7766907e-02  -3.2877425e-01  -1.6512043e-01   1.3066267e-01   2.0933867e-01   8.1957453e-02  -3.2486329e-02  -4.5839857e-02   4.2635812e-02   1.5716902e-01   7.6635251e-03  -6.9726517e-02   7.1192200e-02  -2.2238785e-01   1.3117730e-01  -7.7498000e-02  -6.4134414e-02  -8.7898839e-02  -1.0667130e-01   7.4726367e-02  -3.0594911e-02  -2.1536515e-02  -1.6136815e-01   1.3802925e-02  -8.1503227e-03   2.1843669e-02   2.9362351e-01   3.3341816e-01
  -1.3464990e-01  -4.9874915e-04   2.8748396e-01  -1.5149593e-01   5.3425711e-02  -7.8831800e-02  -1.0118947e-01  -1.8296013e-01   8.3886822e-02  -1.2896421e-01  -7.9393992e-02   1.3522338e-01   2.2541397e-01   2.1013216e-01  -1.2207258e-01  -2.1050303e-01  -2.6070581e-02  -2.0350514e-01   1.9489158e-01  -4.3973385e-02   3.4455616e-03   1.9514999e-01   1.5398512e-01   5.5550939e-02  -5.1892811e-02   5.9323196e-02   1.1986895e-01  -1.2795128e-01   7.5788734e-02  -1.0762190e-01   1.4840662e-02   2.3088918e-02   1.4554294e-01   5.7687740e-02   4.5562828e-02  -3.0206499e-02  -2.4406853e-01   2.2264394e-01  -9.9557928e-02  -8.3435232e-02   4.0313490e-01  -1.3993111e-01   1.4858312e-01  -1.5882591e-01   5.4770007e-02   3.5919596e-03  -1.1709111e-01  -5.4735211e-02  -1.2838920e-01
  -1.4959838e-01  -5.2888764e-02  -1.1984798e-01  -4.6087616e-02  -3.1263629e-01  -3.1960174e-02  -4.2714259e-02   1.7641491e-02   9.0195576e-02  -4.8581237e-02  -2.2880974e-01  -1.3162284e-01   4.1068672e-02  -1.9127586e-01  -1.1417436e-01  -2.2849172e-01   3.1873202e-02  -1.4278664e-01  -1.3499066e-01   6.2764674e-02  -1.7009287e-01  -1.1680256e-01  -9.1014586e-02   7.3260970e-02   2.6178518e-01   1.6503607e-01  -2.6783222e-02  -3.3851491e-01  -3.1793556e-02  -1.7889970e-02   5.8226655e-02  -3.5180566e-02   2.2764778e-02  -7.4673530e-02   2.3017178e-01  -2.7081048e-02   5.0066502e-04   6.8325708e-02   7.9097802e-02  -7.4091469e-02   5.0268048e-02   3.0034644e-01   2.5830396e-01   1.4252070e-01  -6.8772870e-02  -1.1936511e-01   2.7529514e-01   7.2337249e-02   3.0502795e-02
  -1.5894069e-01  -7.1546613e-02  -1.5521350e-01   2.0132690e-01  -8.6469833e-02  -9.0104810e-03   2.3708225e-01  -3.1462627e-01  -2.1705770e-02  -2.6266883e-01  -1.0581658e-01  -1.1217630e-01  -4.5772207e-02   6.2413778e-02   3.8744070e-02  -3.6209244e-02   5.9085708e-02   1.2820145e-01  -1.2595570e-02  -3.7925837e-01   7.4942116e-02  -1.6012610e-01   1.0579056e-01   1.0933357e-02  -1.8203213e-02   1.6112235e-01  -4.7414057e-02  -1.4501902e-01   2.6755473e-01  -7.1424942e-03  -1.5566788e-01   7.8400558e-02  -9.4013633e-02  -4.4839491e-02  -2.9397132e-01   1.3517395e-01   1.1671536e-01   1.7970060e-01  -6.6785129e-02  -1.1314220e-02  -1.4644926e-01  -1.0518727e-01   1.3794627e-01   1.0301367e-02  -1.6174636e-01  -5.8107256e-02  -1.7174782e-01  -7.2165091e-02  -1.3406650e-02
  -1.3397990e-01   1.0141858e-01   1.8450127e-01  -1.2173536e-01  -1.4878395e-01  -2.0679282e-01   1.0278697e-01   9.4736457e-02  -5.1513852e-02   2.4527376e-01   2.6678262e-03  -9.7155453e-02   3.9508326e-03   3.6150994e-02   2.1649014e-01  -1.4083129e-01  -2.2350223e-01  -8.7477793e-02  -1.2917170e-01  -1.6002451e-01  -2.1229755e-01   6.1980389e-02   3.1394971e-02   1.4309801e-01   1.8930734e-01  -9.2099354e-02  -2.3809658e-01   7.7084980e-02   1.8527184e-02  -6.4867204e-02   7.8549545e-02  -2.2315091e-02  -1.0090737e-01   7.9287851e-02  -2.4868059e-01   1.9115886e-01  -2.8498974e-02   2.8612618e-02   1.6287940e-02   3.4569289e-02  -5.3128916e-02  -2.3721184e-01   7.2097018e-02   2.5378055e-01   3.9790101e-01   5.6124762e-02   2.3353071e-02   3.1463436e-02  -9.3422635e-03
  -1.4272787e-01  -6.9240772e-03   7.9913895e-02   1.1958218e-01   1.2668649e-01   2.1903192e-01  -1.1856187e-02   1.0883101e-01   1.1356718e-01   8.6179074e-03   5.4302676e-03   1.0388862e-01   3.2848655e-01   3.9267279e-03   1.1119873e-01  -1.2697478e-01   1.0478102e-01  -1.0594342e-01  -1.3944274e-01   1.5966533e-01  -1.2187107e-01  -2.6605815e-02   2.0257976e-01  -3.2511831e-01   3.2795942e-02   2.5675943e-03  -1.0475105e-01  -7.2861856e-03   8.4571246e-02  -2.2794353e-01  -1.4083806e-01  -3.0160164e-01  -1.1324824e-01   9.8561160e-02   1.1101989e-01  -8.2804394e-02   2.3792506e-02  -4.5506004e-03   5.8408273e-02  -8.1330011e-02  -2.6990407e-01  -1.7515477e-01   2.1272546e-02   2.3485512e-02  -5.2654480e-02  -2.3237042e-01  -1.9502107e-01   1.8064030e-01   1.6409622e-01
  -1.4608363e-01  -1.1147211e-02   6.7875629e-02   2.1313587e-01   1.2434892e-01   2.0699685e-01   9.4583378e-03  -8.8645900e-02  -1.8974370e-01   3.7966516e-02   1.3057587e-01   1.4428268e-01   1.2324301e-02  -1.3744504e-01   1.4815027e-01   9.5417667e-02  -8.0423603e-02  -2.6090880e-01   3.7188383e-01  -1.5214811e-01   1.2021727e-01  -1.7467383e-01   7.7084075e-02  -1.0014741e-01   1.2150480e-01   7.4999200e-02  -2.9574163e-02  -1.2100669e-01  -6.5558083e-02  -1.6151528e-01   1.4937406e-01   1.8030785e-01  -8.0706710e-02  -4.5611748e-02   2.9832081e-01   1.5963873e-01   1.2676647e-01   1.1916291e-01  -9.2034202e-02  -6.2298735e-02  -6.3533769e-02   1.9999579e-02  -1.1346145e-01   4.8497436e-02   1.8252007e-01   2.0117339e-01   2.0127516e-01  -7.4183216e-02   1.1680316e-01
  -1.4440803e-01   4.4205370e-03   2.4946417e-01  -3.0960534e-02   2.0320864e-01  -9.6490717e-02   2.4627566e-01   1.0754772e-01  -1.3264549e-01  -1.1319121e-01  -9.8957279e-02  -4.2269780e-03  -1.3907028e-02  -2.2377403e-01  -2.7696810e-01  -2.1713776e-02  -9.5358395e-02   7.9097654e-03  -9.1937269e-02   6.6706041e-02  -1.6465608e-01  -1.4855413e-01  -1.6534005e-01   2.0985011e-02   1.7514243e-01   3.7719901e-03   2.0231097e-01   1.3155769e-01   4.5233937e-02  -1.8700080e-01   1.6192818e-01  -1.9531032e-01   6.6670500e-02   2.1330370e-02  -4.6293194e-02  -1.7193119e-01   2.9748219e-01   9.5084171e-02  -5.8089663e-02   1.7331262e-01  -1.0654919e-01  -3.0665769e-02   5.8775277e-02  -1.9615272e-01  -6.7242474e-02   2.4695382e-01  -8.5553868e-02  -1.7621435e-01  -1.0230777e-01
  -1.3344064e-01  -1.4964180e-01  -6.2344104e-02  -6.8749175e-02   4.0124290e-02  -1.5653048e-01   4.7948668e-02  -6.7904672e-02   2.1075546e-01   1.5316332e-01  -1.1393936e-01  -4.9002062e-02  -2.8129597e-02  -1.1613988e-01  -2.4754028e-01   1.3435060e-01  -9.1111147e-02  -7.5304043e-02   1.6102454e-01   4.8272354e-02   1.0539868e-01   2.3704029e-01   1.1654995e-02  -2.1584250e-01   2.1640789e-02  -2.1531641e-01   1.0262511e-01  -1.1989781e-01  -3.3466166e-02  -7.2164334e-02  -2.3113909e-01   1.3732930e-01   1.1150552e-01   2.3105439e-01  -8.3447330e-02   2.7065192e-01   6.7439867e-02  -1.6336346e-01   1.5650063e-01  -1.6032551e-01  -2.3009789e-01  -2.3785580e-02   1.7343588e-01  -5.2489158e-02  -5.5664211e-02   2.6347291e-01   5.2378793e-02   2.0810990e-01  -4.8113004e-02
  -1.4258974e-01   2.6071829e-01  -6.8053322e-03   1.7010495e-01   1.2239848e-01  -1.0086657e-01  -2.2005610e-01  -1.2941913e-01  -8.7684123e-02   1.1776760e-01  -7.0347505e-02  -5.2653919e-02   1.8196912e-02  -2.2636877e-02  -2.0378800e-01  -2.1103661e-02  -3.2422001e-02   2.5642024e-02  -1.5820169e-01  -1.4678893e-01  -1.4762372e-01  -1.6239844e-02   1.0985607e-01   1.1978359e-01  -1.7849321e-01   1.4212387e-01  -6.8473252e-02   8.3169535e-02  -2.3574191e-01  -1.8171502e-01  -5.7546291e-02   1.6737841e-01  -2.6372117e-01   1.9646395e-01  -4.1420666e-02  -6.7101991e-02  -2.5698119e-01  -1.7936475e-02  -1.2167866e-01   5.8033334e-02  -2.3280735e-01   2.3915067e-01  -4.0760255e-02  -3.1773500e-01   4.1408017e-02  -5.5256576e-02   1.1788802e-01   6.6100173e-02  -6.3233896e-02
  -1.4195610e-01  -1.8648940e-02  -6.5970139e-02  -8.3881213e-02  -2.0001352e-01  -8.3278314e-02  -1.1369977e-01   2.0988900e-01  -2.7115971e-01   7.7293600e-02   1.6350704e-01   1.4810130e-01  -9.5330765e-02   1.0025250e-02  -1.3307242e-01  -1.6556957e-02  -2.0712403e-01  -1.4329391e-01  -7.3638091e-02  -6.7562511e-02   1.4664379e-01   1.7504028e-01  -8.1856911e-03   2.0885648e-02  -2.1693689e-01   2.6012252e-01  -9.1678436e-02  -2.8351563e-01   3.2416568e-02   1.9704479e-01  -7.1396348e-02   5.1803056e-02  -5.4999959e-02   3.3177810e-04   2.0468943e-01  -1.9556609e-01   1.7227739e-01  -1.3676640e-01  -3.7949969e-03   1.8427563e-01  -1.2599283e-01  -1.6184750e-01   1.4942502e-01  -5.3483151e-02   1.8181861e-02   5.4513750e-02  -3.0412304e-01  -5.4684430e-03   5.4832827e-02
  -1.4371824e-01  -1.1402243e-01  -2.6524468e-02   2.7956712e-01  -3.0508161e-01  -1.0877939e-01   1.4892891e-01  -1.8025881e-01  -1.8703746e-02   4.8627778e-04   2.5332705e-01   1.4335500e-01   6.4244386e-02   1.0452114e-01  -1.6526767e-01  -8.3601124e-02   1.7354751e-01  -1.0098983e-01   1.8580423e-03   1.8467493e-01  -2.3510351e-02   4.5458981e-02  -6.3862128e-02   9.5087778e-02  -1.4725392e-01   1.6088841e-01   2.6159445e-02   2.6687993e-01  -5.4303631e-02  -1.5310170e-01   6.5184913e-02   3.9090930e-02   5.3829544e-02   8.1367411e-02   3.1955350e-02  -3.1819231e-02  -2.7023819e-03  -1.3694244e-01   3.0637483e-01  -4.6635391e-02  -6.4695914e-02  -2.1778991e-01  -7.2128031e-02   1.6705471e-01  -5.9249919e-02  -4.4549299e-02   2.1293740e-01  -2.1814409e-01  -2.0532303e-01
  -1.2786409e-01   3.3899093e-02   7.7218832e-02   8.4800266e-02   2.4873964e-01   1.3496550e-01   2.1440142e-01   6.4659685e-03   2.4509590e-01  -6.5478116e-02  -1.8624326e-01   1.8366451e-01  -2.8716136e-01   1.1404761e-02   2.4809712e-02   3.0924161e-01  -1.9340726e-01  -1.9957919e-01  -3.2726079e-01  -3.9135902e-02   9.4025162e-02   1.9803491e-01  -1.1121921e-01  -5.9681320e-02  -4.6949403e-03   2.2575247e-01  -6.4806279e-02  -4.8204051e-02  -1.7933642e-01   5.1878057e-02  -1.3383258e-01  -7.4028329e-02   2.4649407e-03  -3.1979410e-02   1.5850811e-02   2.5919409e-02   1.6852240e-02   5.0298838e-02  -3.4565797e-02  -2.5050109e-02   1.4190235e-01  -5.5898022e-02  -6.9202437e-02   1.1214398e-01   5.5623204e-02  -2.2810061e-01   1.3292953e-01  -5.1302919e-02  -2.0828082e-01
  -1.3458024e-01  -6.1858142e-02   1.5764469e-01   4.6863675e-02   1.5700788e-01  -2.0575982e-01   5.9954316e-02   8.7825428e-02   1.0065787e-01   4.3726364e-02  -7.6274713e-02  -2.8916372e-01   1.6777178e-01   1.9033506e-01   2.8210758e-01   1.9182338e-01   4.6439034e-03  -1.0771545e-01   1.2141825e-01   2.8074404e-01  -1.9006446e-02  -1.8685586e-01   9.8432927e-02   2.8572929e-02  -2.2922671e-01   4.9785447e-02  -1.0076685e-01  -6.2531834e-02  -7.6562531e-03   7.6551856e-02  -1.2394138e-02   1.5390573e-01  -1.2388020e-01  -2.5595486e-01  -2.9049668e-02  -3.5463536e-02   1.9329393e-01  -6.2449171e-02   2.6937588e-01   7.5221905e-02   2.7702614e-02   1.5860990e-01   2.0171733e-01  -1.8490741e-01   7.5822398e-02  -4.5159479e-02  -6.9022972e-03  -8.4703340e-02  -1.4970191e-01
  -1.4851400e-01  -2.1238840e-01   1.1977620e-01  -6.0095802e-02   1.5868242e-01   1.8335736e-01   4.9028136e-02  -1.0772828e-01  -1.4157303e-01   8.4150099e-04   9.2970355e-02   1.2835884e-01  -2.5714993e-01   1.7337905e-01   3.0586400e-02  -3.4130952e-02   2.6266818e-01   1.8321694e-01  -1.0039439e-02   1.0346571e-01  -4.1086350e-02  -6.1764211e-02  -1.1535530e-01   3.6391637e-01   1.7460102e-01   4.4571444e-03  -7.0667581e-03   8.0033688e-02  -1.1639554e-01   4.0991169e-02  -1.3068045e-01   2.2454460e-02   1.3605707e-01  -1.0855493e-01   1.9394504e-01   1.1675519e-01  -8.9996538e-02  -3.4858629e-02  -1.4274343e-02  -9.8817680e-02  -2.0159188e-01  -5.9728753e-03   2.8892700e-01  -1.0639896e-01   2.0366323e-01  -4.9673521e-02  -1.4474303e-01   2.4660340e-01  -4.7155790e-02
  -1.4302957e-01  -2.0858745e-01  -5.0534651e-03   1.2820195e-01  -9.9026361e-02  -8.4245895e-03   2.9299055e-01   1.1103276e-01   7.6665634e-02   3.3532916e-01  -1.0426422e-01   1.4013943e-01  -9.9872175e-02  -1.2589774e-02   1.5108849e-01  -1.1195304e-01   2.0237956e-01  -6.6601609e-02   3.8230126e-02  -1.5459251e-01  -1.4571548e-01  -1.6620899e-02   1.6546451e-01  -9.6056338e-02  -1.8487276e-01   1.3108904e-01  -7.7805944e-02   1.5504881e-01   3.9832287e-02   1.6513367e-01   1.8919544e-02  -4.3841649e-02   3.1405100e-01   1.2408471e-01  -8.5752299e-02  -1.4685128e-01   4.5418174e-02  -4.8981181e-02  -2.0654752e-01   7.7795458e-02   1.7529052e-01   1.7555710e-01  -1.6280876e-02  -1.8760982e-01  -2.3645656e-02   1.2185425e-01   1.1468885e-01   1.5724946e-01   1.7122519e-01
  -1.5569294e-01  -7.8353454e-03  -4.7750524e-02   7.8694421e-02   1.8068483e-02   7.2104730e-02  -6.7579367e-02   1.1783473e-01  -1.7342852e-01   6.6068733e-02  -2.0577007e-01  -9.1335554e-02   2.1017775e-01   2.7550243e-01   2.5660682e-01   5.1464070e-02  -4.6140970e-02   3.6594776e-01  -1.0254195e-01  -1.2459867e-01   6.7735293e-02  -2.4519597e-02  -1.7342030e-01  -1.6407204e-01   1.9522907e-02   9.1864250e-02   3.2306829e-01  -8.0139041e-02   3.0819303e-02  -5.8194949e-02  -1.8504610e-01  -1.8757187e-02   9.3814489e-02   1.4192601e-01   1.5890314e-01  -1.5260202e-01  -1.6376105e-01  -6.2951770e-02   2.5867200e-02   1.0684093e-01   1.2640332e-02  -7.4595703e-02   5.0262264e-02   1.6043378e-01   7.7055223e-02   2.5192670e-01   1.9709712e-01  -6.4918554e-02  -1.4117979e-01
  -1.5246224e-01  -3.3145788e-02   3.0761196e-01   3.6750565e-02  -6.0110095e-04  -1.0842506e-01  -6.0765758e-02   2.9003573e-01   4.8132091e-02  -3.2648447e-02   1.0889882e-01   2.0234642e-01   2.0073739e-01  -1.2062368e-01  -1.0645108e-02   1.0938800e-01  -4.3297790e-02   1.9529514e-01  -1.0975472e-01  -1.9151750e-01   1.4460373e-01   5.2894226e-02   3.0593931e-02   2.2354164e-01  -1.3809635e-01  -7.5440209e-02   1.0111427e-02   2.1233603e-01   2.6822195e-01   9.4056766e-02   1.4338725e-02   3.1921209e-02  -1.1854437e-01   8.9210994e-02   1.9041975e-01   2.7873522e-01   6.9824667e-02   9.5801015e-02  -4.9134837e-03  -1.1004126e-01   3.2218482e-02   2.4640970e-01   9.7453578e-02   1.5389993e-01  -2.6580880e-01  -7.6049583e-02   7.7314319e-02   4.5514438e-02  -1.0263134e-02
  -1.4923910e-01   2.2626351e-01  -1.1151649e-01  -2.3842231e-01   1.7896302e-01   5.0721891e-02   3.2042985e-02  -1.6222887e-01  -2.6379199e-02   9.8815337e-02  -1.8293663e-01  -9.9998450e-03   5.4230602e-02   1.4336460e-01   1.6048728e-01  -7.4600760e-02  -1.4620446e-01  -3.4564696e-04  -3.0592380e-02   1.3447061e-01  -9.0917900e-02   7.2757996e-03  -1.4567500e-01   7.4796981e-02  -2.0786691e-02   1.6971038e-01  -2.5250983e-01   6.9270146e-02   4.7691424e-02   1.6757151e-01   2.4748997e-01   1.0015503e-01   1.9156880e-01   9.7047729e-02   1.1948828e-01   9.1514673e-02  -3.9302587e-02  -1.2704693e-02   4.5864282e-02  -2.8783461e-01  -1.7263061e-01  -6.9879641e-02  -1.1926355e-01  -1.1760021e-02  -3.9223042e-01   1.5336470e-01  -7.7871740e-02  -1.4692160e-01   1.0961398e-01
  -1.4384161e-01   1.3015604e-01   1.5476208e-01   2.4939990e-01   2.1799695e-01   9.7925593e-04  -2.9775413e-02   1.9418247e-02  -2.3255092e-02   9.8728721e-02  -1.8948916e-02  -2.8320490e-01  -9.5226724e-02   1.3061646e-01  -3.3834941e-01  -2.7676601e-01   1.4402979e-01  -2.1497512e-02   7.2769762e-02  -9.0433604e-02  -1.3247734e-01   5.8767727e-02  -2.4045345e-01  -4.7589360e-02  -9.8536433e-02  -1.8107238e-01  -1.0659764e-01  -7.6705431e-02   1.3961534e-01   2.3359959e-01  -2.6983325e-01  -2.0545252e-02   1.5425024e-02  -1.0106704e-01   1.5182259e-01   5.3256852e-02   1.0758946e-01   3.0054806e-02   8.2938740e-02  -9.6264555e-03   1.0692242e-01   4.3100344e-03  -2.7689657e-01   1.4057808e-01   9.5631158e-02  -2.0755169e-02  -8.6314652e-03  -7.0383734e-02   1.3523021e-01
  -1.4523153e-01  -1.5310890e-01  -1.5242049e-01   1.4773279e-01   2.6576410e-02   3.0787812e-02  -6.0017097e-03  -5.4919407e-02  -7.1161740e-02   3.5553968e-01   1.4028632e-01   2.1369149e-01   2.1998786e-01  -4.2549065e-02  -2.4633476e-02   1.2541407e-01   3.6851873e-02   1.1254622e-01  -2.9427792e-02   1.0223631e-01  -3.1188155e-02   2.1013519e-01  -3.6835407e-01  -8.5515975e-02   8.2498663e-02  -1.8255807e-01  -1.6582540e-01  -1.3296870e-01  -4.9605236e-02  -2.5302699e-02   4.6475120e-02   2.5312060e-02  -1.5229984e-01  -2.3212032e-01  -2.4537560e-01  -8.9201915e-02  -1.1451741e-01   3.0512122e-01  -8.6393213e-02  -2.2027719e-02   8.7217809e-02   6.5116488e-02   1.5816915e-01  -6.6156898e-02  -9.7020922e-02   8.5383591e-03  -4.8971882e-02  -1.5355019e-01   3.9423604e-02
  -1.4326060e-01  -5.2306718e-02  -1.2057659e-01  -6.2781739e-02   1.3827532e-01   2.9934821e-01   5.0984358e-02   6.6540753e-02  -9.9366177e-03  -3.8881451e-02   1.7862675e-01  -2.0076879e-01  -9.6433519e-03   2.1765091e-01  -1.8524025e-01  -1.9291219e-01  -2.2979803e-01   1.6812021e-01  -1.0251979e-01  -1.5121588e-01   4.9704706e-02   1.8533594e-01   2.1034645e-01  -1.0521199e-01  -3.3107641e-02  -6.2599580e-02   7.1545203e-02   1.3661715e-01  -1.4374612e-01  -4.2738906e-02   3.2821330e-01   1.5962914e-01  -1.2336332e-02  -1.7407157e-01  -7.0697665e-02  -1.1359536e-01   2.1740956e-01   3.2950798e-02   1.3364275e-01  -5.7321570e-02   9.5125052e-02  -5.3774501e-02   1.6523679e-01  -1.3199568e-02  -4.1901191e-02  -7.9415907e-02   2.1535675e-01   1.9925344e-01   8.4809062e-02
  -1.3411075e-01   1.1333208e-01  -7.8060000e-02  -3.6465404e-02   8.0524846e-02  -1.1417005e-02   5.9869980e-02  -1.4211099e-01   1.2210495e-02  -3.3989307e-02   1.5019947e-02   1.0573303e-01  -5.7728999e-02   1.4387127e-01   1.3315252e-01  -1.2744887e-01   2.3725382e-01  -1.2648877e-01  -1.2899131e-01   2.4974337e-02   2.7754860e-01  -3.0987979e-03  -5.6822810e-02   1.4708640e-01  -1.9451862e-01  -3.6053261e-01   7.5212534e-02  -3.2847544e-01   2.5901958e-02   8.4802140e-02   3.3375953e-01  -2.8557699e-01  -1.4721926e-01   2.6960891e-01  -5.3376274e-02  -3.5884961e-02   1.2834594e-01   1.0797260e-02   5.4374521e-03   8.4793956e-02  -8.4967663e-02   9.2561125e-02  -4.8909756e-02  -9.0043243e-03   6.0844053e-02   5.3340571e-02   1.2137886e-01   9.6216807e-02  -1.2605161e-01
  -1.2358055e-01   1.4190736e-01  -1.0490117e-01  -7.9667136e-02   2.1627615e-01  -1.5463519e-01  -1.0362406e-01  -1.8126043e-01   1.5011005e-01  -3.9165617e-02   2.4980877e-01   1.5165575e-01  -1.7548684e-01  -2.7782776e-02   1.8131330e-01  -1.9397847e-01   1.7160534e-02   1.0681946e-01   6.2970897e-03   1.4485106e-01   1.9977985e-02   2.7660612e-02   3.8682976e-02  -5.4370648e-02   3.0401319e-01   5.0487912e-02  -1.1529896e-01   8.2687872e-02   1.1063866e-01  -5.8197228e-02  -2.3788394e-01   1.2647597e-01  -1.4749920e-01   1.7287368e-01   4.8676390e-02  -3.4673352e-02   1.4568427e-01  -9.8055587e-02   5.0616298e-02   3.8667839e-01   2.6337227e-01   1.1702092e-02   1.2167453e-01  -3.0244598e-03  -1.6002560e-01   5.2837115e-02   1.2522988e-01  -3.2690303e-02   1.1025833e-01
  -1.3704071e-01   3.3009010e-02  -8.5583389e-02  -2.4311430e-01  -6.3604217e-02   7.6523090e-02   5.5047844e-02   1.1994572e-01  -1.3746248e-02  -1.4347283e-01  -1.7536201e-01   1.8059303e-01   1.9072313e-01   7.3234827e-02  -1.0694559e-01  -8.3516521e-02   1.8610972e-01  -1.8245145e-01  -2.1126646e-01   1.0455353e-01   2.0894433e-01  -4.1672671e-02   2.0742973e-02  -3.5359155e-02  -1.4311882e-03  -2.6743021e-02  -1.6428310e-02   1.4875639e-01  -2.3290776e-02  -3.4096375e-02  -1.0762036e-01   3.5048639e-01   9.9300870e-02  -2.1994139e-01  -1.1095709e-01   1.1397670e-01  -6.2877672e-02   2.1645272e-01   8.0666281e-02   3.4049634e-01  -1.2975421e-01   1.2029506e-01  -2.5527074e-01   9.6716559e-02   1.0059136e-01   1.5354018e-01  -4.3398317e-02   9.9868242e-02   6.4203193e-02
  -1.3123670e-01  -1.6489485e-01  -3.4942980e-03   1.7702380e-01  -1.2931765e-01   1.9597937e-01  -3.8399558e-01   9.0144492e-02   3.6030712e-02  -1.3305901e-01  -2.0767543e-02  -1.2724392e-02  -7.8706837e-02  -5.5551591e-02   1.2749421e-01  -9.9621294e-02   4.4858807e-02   8.2563084e-02  -9.7841489e-02  -2.6833518e-02  -1.0821613e-01   1.3948183e-01   9.9256759e-02  -4.7014576e-02   1.0248319e-01   1.0859342e-01  -7.7161931e-02   9.1384508e-05  -2.0447793e-01   9.6028206e-02   7.1270599e-02  -1.9546518e-01  -1.0544942e-02   4.7728047e-02  -1.1686137e-01   3.1085140e-01   1.1832195e-01   5.1239800e-02   2.5791038e-01   6.6911014e-04   1.3716752e-01   1.0174357e-01  -1.7291854e-01  -2.0300055e-01   5.0388751e-03   2.8960154e-01  -2.1142990e-01  -1.0333133e-01  -1.9540680e-01
  -1.3839329e-01   6.1379055e-02  -8.1782943e-03   9.4407975e-02  -2.7764797e-03   6.0666265e-03   2.4918009e-01  -1.5088329e-01   2.3076043e-01  -1.4481901e-01   1.8984866e-01  -1.1980143e-01   1.1853729e-01  -2.7199170e-01   3.1105843e-02   1.7031061e-01  -4.9371836e-03   1.6448570e-01  -7.5055254e-02  -1.0628306e-01  -1.7586470e-01   4.1892637e-02  -5.4303679e-02  -8.9133966e-02  -3.9857019e-02  -9.5030934e-02   4.9933482e-03  -1.0155337e-01  -3.5468641e-02   1.1669426e-01   2.8536882e-01   1.8976156e-01   1.2958066e-01   1.1577454e-01   2.5315235e-01  -2.1267482e-02  -2.7877066e-01  -5.1563201e-02   1.7016593e-01   2.4481538e-01   5.6222482e-02   2.1152557e-02  -2.2649204e-02   2.7394807e-02   1.5353333e-01  -2.1317940e-02  -3.1596861e-01   7.4332409e-02   3.8167409e-02
  -1.3655250e-01  -4.8685563e-02  -2.2550814e-01   1.9344686e-01   1.8508493e-01   1.3968514e-01  -1.1378549e-01   2.1360705e-01   4.5102792e-02  -1.2178331e-01  -1.7906095e-01  -7.9706184e-02  -2.7941037e-02  -2.8793378e-01   3.0395514e-02  -1.3856385e-01   1.6616176e-02  -1.1574007e-01   4.3219211e-02   1.2569342e-01   2.4060126e-01   1.3512832e-01  -3.1203077e-02   1.5823645e-01   2.8825174e-02   2.2785279e-02   3.8377786e-02   1.7959513e-01   3.3424230e-01   8.1517022e-02   1.0727545e-01   8.6985245e-02  -2.9057698e-03   7.1008845e-02  -1.5221326e-01  -8.9399121e-02  -2.0991989e-01  -1.8853351e-01  -8.0646621e-03  -1.0123850e-01  -2.3125096e-02  -5.7734769e-02   1.7452820e-01  -6.3295317e-02   2.7600548e-01  -5.0878148e-02   1.7511886e-02  -2.3823029e-01   1.1383436e-01
  -1.5504814e-01  -1.4047880e-01  -3.1860274e-01  -9.6637343e-02   7.9798493e-03  -2.2353134e-02   6.8390088e-02   2.6173862e-01   1.0954206e-01  -4.0349778e-02  -9.0214625e-02  -7.9001192e-02  -2.1787811e-02   1.8209741e-02   1.0794479e-01   7.2833996e-02   2.8120000e-02   3.0386949e-02   2.1405859e-01   6.5758268e-03  -2.7092622e-01   1.7689762e-01  -9.8448224e-02   3.6105281e-01  -1.4010913e-01  -1.3330129e-02   1.6157646e-01  -9.7433588e-02  -2.6045321e-02  -3.0996085e-01  -2.7408035e-02   5.8340620e-03  -1.3760381e-01   1.0418970e-02   1.1742546e-01   1.5877802e-01   8.0490169e-02   6.8177087e-02  -9.1053072e-02   1.3885243e-01   6.3252878e-02  -2.3023768e-01  -2.5859408e-01  -1.1370230e-01  -1.0528021e-01  -1.3779393e-01   2.0394286e-02   5.7562924e-02   1.1506464e-01
  -1.3759500e-01   5.6292322e-02   6.9064589e-02  -2.5729602e-01   1.7229649e-02   7.5848218e-02   9.0569737e-02  -1.0157551e-01  -3.0461254e-01   1.6356219e-01   5.1357342e-03  -1.1853610e-02   6.9783637e-02  -6.6932459e-02   5.8046441e-02   1.0827594e-01   2.2738735e-01  -1.8781157e-01  -1.0778130e-01  -2.5410922e-01  -4.2578998e-03   5.4746322e-02  -5.3569355e-02  -4.2257579e-02   1.4946895e-01   3.4448119e-02   2.8576810e-01  -6.7555133e-03   1.9671172e-02  -9.1887336e-02  -2.4685744e-02   2.6739784e-02  -1.2935104e-01  -5.2672546e-02  -1.2576172e-01   7.1078302e-02   1.7209208e-02  -4.1328131e-01   2.3191114e-01  -1.3165978e-01   2.2456978e-01   1.4236588e-01  -9.4586313e-02  -7.9941786e-02  -7.2480465e-02  -1.9190285e-01  -1.3483331e-01  -9.0514501e-02   1.2206151e-01
  -1.3186523e-01  -1.5366862e-01  -7.3703166e-02  -3.2302402e-02   8.2762881e-02  -5.8980313e-02  -1.2330506e-01  -3.7359771e-02   4.1079431e-02  -1.7617786e-02   5.1289204e-02   2.4275369e-01  -1.0852821e-01   9.8341549e-02  -1.5318035e-01   6.8017514e-02  -2.3275326e-01   2.4185297e-03  -1.7437551e-01  -5.0015312e-03  -1.7427839e-01  -3.7646643e-01   1.5075154e-01  -3.8877198e-02  -1.5765389e-01  -1.6501650e-01   6.5377552e-02  -1.2730419e-01   1.1667333e-01   3.7353295e-02   3.2543622e-02  -2.0234056e-01   6.2210451e-02  -2.5336555e-01  -3.1562426e-02   2.3544078e-01  -2.8892229e-01  -2.0258835e-01   7.0355980e-02   1.0372976e-01   2.2032696e-02  -1.1130553e-01   2.5278077e-02  -7.0829420e-02  -1.0965560e-02   6.4251212e-02   1.7756935e-01  -1.6780586e-01   2.3405784e-01
  -1.3631800e-01  -8.0079790e-02  -8.0036805e-02  -1.8918873e-01  -6.8452634e-03  -1.7191233e-01  -4.3411383e-02   1.3643616e-01   3.7810400e-02  -1.9191280e-01   2.1899438e-01  -1.1499666e-01  -2.8522570e-02   6.0428739e-02   6.5408370e-02   1.5015951e-02   7.8208115e-02  -9.2883368e-02   7.3115640e-02  -2.9739040e-01   6.2063095e-02   8.5643422e-02  -1.5429009e-01  -2.1444888e-01   1.4721439e-01  -6.5569188e-02  -3.2266537e-01   7.7488797e-02   1.9796096e-01  -1.0972076e-01   2.5842047e-02  -1.3389985e-01   1.2142951e-01  -2.0573641e-01   1.1207497e-01  -9.8460630e-02  -1.6223058e-01  -1.1891423e-01  -8.0555669e-02  -2.7908437e-02  -1.6407325e-01   4.7760325e-02  -1.3688006e-01  -2.4783072e-01  -2.9956504e-02  -4.4612679e-02   1.6387882e-01   3.0758652e-02  -3.3431662e-01
  -1.1735294e-01  -1.0498277e-01   4.6903236e-03   2.1830625e-02  -1.5341104e-01   6.0511953e-02  -2.0428078e-01  -1.3677505e-02   1.6871467e-01   2.2851406e-01   3.8065010e-02  -1.9069767e-01  -6.0735017e-03   2.1631519e-01  -1.6210405e-01   3.3323762e-01   1.4229943e-01  -1.0052163e-01  -2.2343344e-01   6.3160596e-02   1.1308516e-02  -1.3403031e-01   1.8817680e-01   4.1253612e-02   3.5578098e-01  -8.9591027e-02   8.9623537e-02   2.0913081e-02   1.8887916e-01   1.6841443e-01   1.1339552e-01   1.9726793e-01  -2.4669343e-02   1.7126510e-01   1.1179958e-01  -6.5416546e-02   1.1725049e-01   7.7411148e-02  -2.3439727e-01   4.8940526e-03  -1.8334286e-03  -1.9206041e-01  -1.2004324e-01  -1.1215599e-01  -1.2964224e-02  -6.7110415e-02  -1.7442590e-02  -1.1060082e-01  -4.5499306e-02
  -1.4999111e-01  -1.1971534e-01   8.2381996e-02  -1.3945167e-01   3.8217557e-02  -4.4761015e-02   9.3670577e-02  -1.3959042e-01   3.0331613e-01   1.0933333e-01   2.2377929e-01  -1.2258656e-01   1.0270683e-01  -1.5775251e-01   3.5050001e-02  -1.7687728e-01  -5.3206706e-02   6.3178434e-02   2.7858566e-03   7.9118324e-02   1.1829374e-01   3.9530318e-02   6.8738827e-02   1.0261711e-01   2.6429269e-02   2.7682492e-01   2.7747662e-01  -1.5584782e-02  -4.8577819e-02   2.2206009e-01  -7.1767895e-02  -1.4533356e-01  -2.9865887e-01  -2.7028291e-01  -4.6056020e-02  -9.7483412e-02  -1.1919982e-01  -5.8776293e-02  -1.9444793e-01  -1.2287291e-01  -1.2664585e-01   2.8504263e-03  -2.4797838e-01   8.3566524e-02   1.4374824e-02   2.3895076e-01   7.2046762e-03   7.1697902e-02  -1.8144117e-02
  -1.4864292e-01   6.9126524e-02   1.6859655e-01   9.8815776e-02  -1.5347936e-01  -4.7039805e-02  -3.6448943e-02  -1.5228870e-01  -1.9548593e-01  -3.0949761e-02  -2.9881246e-01   2.4365903e-02  -2.4161281e-01  -1.1270213e-01   4.2891511e-02   2.2812505e-01   1.9714393e-03   8.6369275e-02   8.6763803e-02   9.0499556e-02   2.5528263e-02   2.0870701e-01   2.2396288e-01   8.3008216e-02   7.7681678e-02  -1.3327116e-01  -8.4432999e-02   4.6951285e-02   1.8998318e-01  -8.4826813e-03   3.6460582e-02  -8.9430370e-02  -1.3798004e-01  -2.1167228e-01   5.6187768e-02  -3.1020715e-01  -1.5089092e-01   9.4018131e-02   2.6813736e-01   1.0665011e-02   3.2127596e-02  -1.2309778e-01  -1.3293952e-01   3.4935738e-03  -1.3994592e-01   1.3333101e-01   8.5994075e-02   2.6992029e-01   9.6115268e-02
  -1.4836260e-01  -2.7344415e-01   8.6366387e-02   1.4734128e-01   7.0435515e-02  -1.4489928e-01  -1.7552920e-01  -1.0392962e-01  -6.5344991e-02   4.8321315e-02  -2.0884640e-01   5.5987114e-02   1.7193462e-01  -1.2891503e-01   3.7726166e-02  -1.7322991e-01  -2.3895838e-01   5.8285431e-02   1.0773992e-01  -4.2027387e-02   2.3133633e-01  -2.1322721e-01  -1.0151316e-01   8.6476509e-02   1.3020908e-01  -1.2266213e-01  -6.5500685e-02  -1.2428571e-03  -2.4703261e-01   8.0980932e-02   6.5938896e-02   7.7884368e-02   1.6031214e-01   7.1021458e-03  -9.7944148e-02  -7.0105215e-02   6.8688841e-02  -2.1848640e-01  -6.8000288e-02   1.4037689e-01   4.3669034e-02  -1.3523810e-01  -2.1856916e-01   5.3260299e-02  -1.4518456e-01  -3.2655782e-01  -8.2210300e-02   1.9224622e-01  -1.0630107e-01
  -1.5254264e-01  -3.4361598e-02  -5.6186829e-03  -1.4875127e-01   9.9426446e-02   5.1147551e-02  -3.1304739e-01   5.4097356e-02   2.2391778e-01   6.3679966e-02  -8.8108946e-02   5.0940878e-02  -2.1033853e-01   2.7765529e-02  -1.2228227e-01   1.2250835e-01   2.2128389e-01  -3.1260128e-02   2.0220482e-01  -1.4825798e-01  -1.0531868e-01  -2.2232370e-01  -1.3804659e-01  -1.0253338e-01  -1.7681883e-01   1.2460953e-01  -5.1417095e-02   1.0327064e-01   2.7830950e-03  -1.7246559e-01   2.0815022e-01   2.3054823e-02  -1.3187018e-01  -4.1387432e-04  -1.2915431e-01  -1.6796827e-01  -3.3206972e-03  -6.0901151e-02  -1.9022569e-02   5.1449554e-03   5.4782068e-02   5.1522332e-03   1.3282294e-01   4.4813704e-01  -3.9907946e-02   1.1256422e-01  -2.0685428e-01   9.8047525e-02  -9.6289429e-02
  -1.6706343e-01  -2.8632051e-03   4.2326898e-02  -9.5045720e-02   5.2131275e-02  -2.9594296e-01  -1.9047359e-01  -1.3971462e-01  -1.2618672e-01  -4.9735333e-02  -2.8166342e-02  -2.2276471e-01  -2.3878054e-02  -1.2505054e-01   5.5564157e-02   1.2637815e-01   2.6899247e-01   8.2414948e-02  -3.0530100e-02   3.2675352e-02   1.3441474e-01   2.3426808e-01   1.2357807e-01  -1.5785955e-01  -1.0138714e-01   7.6117662e-02   4.6230369e-02   1.0251696e-01  -2.6476513e-01   1.3513881e-02   9.7777097e-02  -2.0911218e-01   2.1791951e-01  -9.0379724e-02   5.5169850e-02   1.6171062e-01   6.5416508e-02   1.2433591e-01  -1.9484430e-01   1.2067352e-01  -1.1338713e-01  -7.3819495e-02   1.2842561e-01   1.3604526e-01   3.5976719e-02  -1.5297650e-01   8.3322911e-02  -2.1012357e-01   2.7978548e-01
  -1.3860853e-01   2.2317916e-02  -1.4544316e-01  -1.0455796e-01   1.1997006e-01  -8.8831203e-02  -1.6033984e-01  -2.4715064e-02  -1.5145399e-02  -2.5986175e-01   1.8032115e-01   1.5922594e-01   2.2708203e-01  -5.0464796e-02   2.4262942e-03   2.4200477e-01  -1.3479141e-02  -1.8473878e-02   5.5364356e-02  -1.1567732e-01  -2.4049087e-01  -4.4996639e-02   3.3670922e-02   1.8968156e-01   4.1470713e-02   5.1901540e-04   5.1743423e-03  -4.2186224e-02  -6.7490149e-02   2.2485349e-01  -2.0128016e-01  -3.3814511e-02   2.1045947e-01   1.4055518e-01  -2.2052184e-01  -3.2156035e-01   2.0004649e-01   1.2207833e-01   1.6179281e-01  -2.3278504e-01  -4.1483009e-02   4.2069143e-02  -1.0006676e-01   6.3723303e-02   1.9738980e-01   2.9178852e-03   1.4112391e-01   4.7590282e-02   1.3024657e-01
  -1.3458834e-01  -2.1984814e-01   1.6126988e-01  -1.7204968e-01  -3.7640402e-02   3.4133832e-01   9.2156728e-02  -6.0946249e-02  -2.0068784e-01  -7.3674867e-02   1.3091037e-01  -2.4859875e-01   3.1900565e-02   5.3740962e-02  -1.5063555e-01   1.6056828e-01  -1.4976726e-01   5.0419037e-02   1.5121853e-01   2.5065668e-01   2.5772783e-02   5.0567736e-02   5.4041423e-02   6.9594188e-02  -4.7398619e-02   9.7867279e-02  -2.5172679e-01  -1.1106163e-01   1.1437196e-01  -7.8325207e-02  -6.5483426e-02  -1.4084636e-01   3.8966388e-02   2.7814384e-01  -1.9954903e-01   3.3260629e-02  -1.3640124e-01  -7.8561819e-02  -1.1418368e-01   2.1204585e-01   2.8794234e-02   2.5923662e-01  -1.0328470e-01   1.5827575e-01  -3.5762803e-02  -4.8456912e-02   7.3433300e-02  -4.9824830e-02   2.0615951e-02
  -1.5688797e-01   1.2108719e-01   2.9422832e-01  -2.6104204e-02  -2.4437045e-01   1.6654497e-01   2.5274410e-02   1.3315072e-01   2.3557198e-01  -1.3326088e-01   2.5549530e-02   1.5366615e-02  -1.3011870e-01  -3.3825141e-02   1.3083593e-01  -7.7197536e-02   5.3739930e-02   1.2003924e-01  -3.9431460e-02  -4.0677631e-02   7.0790160e-02  -1.1900629e-02   4.1956377e-02   9.0516075e-02  -5.6968507e-02  -3.0404835e-01  -9.7907657e-02  -1.6938157e-01  -2.6613496e-01  -1.9505437e-01  -1.5564044e-01   2.0506652e-01   8.0772212e-02  -5.5354763e-02  -6.2464178e-02  -2.2489241e-01   2.1540703e-02  -1.8036578e-01  -1.3325562e-01  -1.5195307e-01  -7.0304245e-02  -1.9262532e-02   7.5352645e-03  -2.6522528e-02  -1.1569883e-01   8.0599976e-02  -6.9459266e-03  -3.4696633e-01   1.5272907e-01
  -1.5885808e-01   3.4785424e-01  -1.1213272e-01   1.2912084e-01  -4.4196305e-02   6.6546816e-03  -1.2126347e-01  -7.2456726e-02  -4.3845204e-02   1.3887707e-01   1.5523940e-01  -1.0680103e-02  -3.1387794e-02  -1.3477780e-01   4.6324604e-02   3.3424001e-02  -7.6938185e-02   1.1377907e-01  -1.2985487e-01   2.2801693e-01   4.1916814e-03  -7.8643025e-03   8.1897778e-02   4.7604241e-02  -1.1299247e-01   3.2166044e-02   8.5535316e-02  -1.1804707e-01   2.6051010e-01  -2.9455129e-01  -1.3350474e-02   1.8046667e-02   3.8345735e-01  -2.2736569e-01  -8.4287264e-02   9.5438632e-02   1.8082308e-01  -8.4877472e-02  -1.9458041e-01  -1.2326496e-01   1.2166492e-01   9.3286688e-02  -9.4809139e-02   6.2332475e-02   9.8748946e-02  -1.8987248e-02  -1.0309738e-01   1.9002415e-01  -2.1595942e-01
  -1.5003831e-01   1.6257102e-01  -6.9390936e-03  -1.0615626e-01  -2.3586406e-01   3.0731680e-01  -1.0801177e-01  -1.5989664e-01   9.5311300e-03   1.3715858e-02   7.8794297e-02  -2.0393644e-01   3.7205075e-02  -2.1119556e-01   1.1735746e-01   4.5514311e-02  -1.1313986e-01  -2.4835344e-01   3.8884473e-03  -3.3530051e-02   4.0036231e-02  -1.9844843e-01  -2.7869165e-01   3.2151295e-03  -2.3063404e-01  -1.4276113e-01   7.2388595e-02   3.0546443e-01  -4.9973798e-02   1.3701112e-01  -2.1814425e-01  -1.2659243e-01  -7.4892971e-03   1.7972043e-02   2.9867017e-02   4.5463378e-02   3.5883691e-03   1.4844389e-01  -1.6359244e-02   9.4130350e-02   1.0523300e-01  -2.0253065e-01   1.9869032e-01  -1.6919065e-01  -8.6676219e-02   1.5889716e-02   8.5718909e-02   1.4320310e-01  -3.0093054e-02
  -1.4666188e-01  -3.0707896e-01  -2.9897483e-02  -1.7103793e-01  -9.4777161e-02  -1.7219335e-01  -7.9695143e-03  -1.0141964e-01  -1.3616032e-01  -8.9315439e-02  -8.7352256e-03   1.5934114e-02  -2.8152491e-01  -3.0097634e-02   1.3571179e-01  -1.3813953e-01  -1.8383115e-01   8.0618643e-02  -1.3099225e-01   1.7996103e-01  -4.8022937e-02  -9.2745965e-02  -7.9007774e-02  -3.0115689e-01  -1.8303379e-01  -1.2295769e-01   1.0951354e-01   1.2397877e-01   8.7466788e-02  -7.3173156e-02  -3.2205942e-02   1.7159862e-01  -1.5853014e-01   1.7189774e-01   1.1577134e-01  -8.1450826e-02   3.3871785e-02   2.2231940e-01  -2.4715428e-02  -2.8940780e-01   5.4022955e-02   1.6280834e-01  -1.6744940e-01  -2.3932231e-02   1.9534660e-01  -1.4415730e-01  -1.1276673e-01  -5.9243186e-02   2.3093373e-02
  -1.3054500e-01   6.0266633e-02  -9.2081923e-02   1.6483884e-01   1.2551248e-01  -8.0417188e-02   7.2754881e-02   2.5836412e-01  -2.5821668e-01  -1.0406929e-01   1.8741361e-01  -9.2768483e-02  -1.6130079e-01   1.3672797e-02   1.2474911e-01  -5.7967760e-02   3.6616837e-03  -2.9538907e-01   4.0890179e-02   9.7427210e-02  -1.8512284e-01  -5.7478518e-04   2.0423659e-01  -4.7201529e-02   9.7426216e-02  -1.7680573e-01   2.2641173e-01  -1.9937779e-02  -1.5719736e-01   1.8506974e-01  -5.8178230e-02   9.2037696e-02   3.3569455e-02   1.9966747e-02  -1.0042869e-01   8.8595402e-04  -2.7028079e-01   8.9092339e-02  -1.1758465e-01  -1.4914095e-02  -3.3913513e-02   4.1799536e-02   7.5331433e-02   2.3336556e-01  -3.4697482e-01   4.4587807e-03  -9.4960025e-02   2.5202528e-02  -2.0839200e-01
  -1.3039682e-01   1.9557293e-01   3.4776615e-02  -1.2315386e-01  -1.5504356e-01   1.6088076e-01   2.2198153e-02  -4.0083002e-02  -3.4811624e-02  -8.9330346e-02  -1.8777760e-01   2.7867349e-01   5.3219410e-02  -3.2902759e-02  -4.6340543e-02  -3.1767616e-02   4.3804848e-02   2.0014395e-01   2.8140730e-01   1.0674570e-01  -3.0705149e-01   1.2678228e-01   5.1842119e-02  -2.2590030e-01  -4.4022000e-03  -5.8626043e-02   8.2068500e-02   1.6689079e-02   5.5703408e-02   3.4144290e-01   6.4360979e-02   8.5021588e-02  -1.6193300e-01  -8.1009813e-02  -3.9619725e-02   1.1253941e-01   1.3399603e-01  -1.7514490e-01  -1.9509551e-01   9.7375146e-02  -1.3814428e-01  -2.6948629e-02   3.2690726e-02  -2.6661138e-02   1.1041800e-01  -2.0662573e-01   1.4042210e-01  -8.4351211e-02  -2.5000622e-01
  -1.5085592e-01   2.2732476e-01  -4.3149077e-02  -9.3384021e-02  -8.1561121e-02   2.3069762e-02   4.8332350e-02   1.5958612e-01   1.5545877e-01   3.0427682e-01   6.0777188e-02   5.4874408e-02  -1.9024977e-01   4.0975049e-02  -4.7368448e-02  -4.7316030e-02  -1.1107668e-01   1.3941169e-01   3.1090464e-01  -6.0563816e-02   2.2045716e-01  -1.4375005e-01   8.7524010e-02  -3.0889076e-03   1.2709351e-01   7.4116413e-02   1.6540025e-01  -3.2540431e-03  -2.0196309e-02   6.2972556e-03  -2.1883147e-02  -1.7185240e-01   1.4494745e-01   6.0296517e-02  -5.2869864e-02  -2.2931531e-02  -1.1839966e-01   3.0142204e-01   3.3337305e-01   7.3263979e-02  -1.5964942e-01   1.2368892e-01  -5.9303576e-02  -8.4086663e-02   2.7603755e-02  -2.9456406e-01  -8.8757522e-02  -1.7077971e-01  -1.9399861e-02
  -1.5654955e-01   9.7648698e-02  -3.0593904e-01   1.0948947e-01  -1.4239174e-01  -7.6203171e-02   1.3788286e-01  -9.5169167e-02   5.2187964e-02  -8.2354812e-02  -1.3217720e-01   3.0521851e-02   1.1748012e-01   2.7253950e-01  -9.9513023e-02   9.5250267e-02  -2.0411292e-01  -6.7340745e-02   1.1022602e-01  -1.6386629e-02   8.0765663e-02   3.3118815e-02   8.8344039e-02   8.4862893e-02   1.3038175e-01  -1.8977470e-01  -5.4196519e-02   3.0924397e-01  -1.4860335e-01  -3.1002915e-02  -7.3374860e-02  -2.7065898e-01  -1.0065731e-01  -6.4953043e-02   2.0368558e-01  -3.3992153e-02   7.0447987e-02  -1.6461672e-01  -1.6346470e-01  -4.0253903e-02   1.1096122e-01   2.9166136e-01   6.6713330e-02   1.0207209e-01   1.0215576e-01   1.0055756e-01  -2.7564181e-01  -7.8156029e-02   6.6843597e-02
