  -1.4069642e-01   1.5102367e-01   8.4824868e-02  -1.9572731e-02   1.8765650e-02  -2.1283068e-01  -8.5055590e-04   3.6029542e-02  -7.2314416e-02  -1.3530954e-01   1.8113724e-01   2.2816971e-01  -1.9381872e-01   1.5901251e-01  -1.5332792e-01  -1.6438453e-01   3.4489262e-02   1.5328492e-01   2.2683814e-01  -5.5047936e-02  -1.5224592e-02  -2.1961358e-01  -1.8272452e-02  -1.1480741e-01   7.9020717e-02  -2.6911659e-01   4.2131562e-02   4.8661698e-02  -5.3640139e-02  -1.6367904e-02   2.1794533e-01   1.5223801e-01  -1.6209094e-01  -7.1258557e-02   1.0454914e-01  -3.0581885e-01   2.7864573e-01  -1.5624237e-01   9.4646770e-02  -6.3198105e-02   3.7899812e-02  -2.4663679e-02  -2.0687872e-01  -1.4173737e-01   1.0279872e-01   9.0800019e-02  -1.9516773e-01   7.1406640e-02   7.4484920e-02
  -1.4775115e-01   9.9010850e-02  -4.3513681e-02   7.2717530e-02  -3.2459319e-02   3.6224020e-02   2.0946083e-01  -1.8665544e-01   3.9643788e-02  -2.4862403e-01  -2.3076261e-01   5.6111289e-02   2.3285927e-01   9.8231759e-03  -3.1810664e-02  -8.4892372e-02  -3.6010854e-02   3.5092859e-02   2.0694824e-03   4.0602081e-01   1.2649057e-01  -2.6741781e-01   3.7358103e-03   1.0288602e-01  -2.0431091e-01  -2.4178333e-01  -5.9254320e-02   3.3065059e-02  -5.8847129e-02  -1.3576933e-02  -8.2769433e-02  -4.6401015e-03   2.4437390e-02   1.2864813e-01  -2.1634366e-01  -1.2508552e-01   1.9867583e-01   5.8710001e-02  -4.3060077e-02  -1.5913951e-01   8.5519026e-02  -1.4546872e-01   1.4197305e-01   4.9716562e-03  -2.1904944e-01  -1.0249619e-01   1.9379159e-01  -4.8973563e-02  -1.4199878e-01
  -1.5096765e-01   1.7614765e-01  -1.0847087e-02  -6.2777573e-03   3.8818690e-02   1.9676611e-01  -3.9416747e-02  -2.1662792e-01   1.2724075e-01   1.1042123e-02   2.6319257e-01   2.5114266e-01  -4.8017141e-02   1.2211543e-01  -3.7503407e-02   7.6760349e-03  -8.6047026e-02  -1.5701221e-01   1.3497721e-01  -5.6663314e-02  -2.2855128e-01   9.4462885e-03   6.2404245e-02   1.5162901e-01  -2.7740872e-01   2.3018981e-01  -3.2345861e-02   1.1170774e-02  -4.5638942e-02  -1.3566182e-01   2.6125258e-01  -2.1068902e-02   1.5624592e-01   5.5660277e-02   2.0786783e-01  -2.7228552e-01  -1.6348806e-01   1.3099706e-01  -9.0539794e-02  -3.1929399e-02  -9.5762429e-02   2.4430033e-01   7.2859019e-02   4.2777682e-02  -1.2600786e-01  -1.2005280e-01   1.7761462e-01  -2.1012690e-03  -3.4453230e-02
  -1.5507797e-01  -1.3804276e-01   3.0568957e-03   1.1442067e-01   6.9742624e-02  -7.1930736e-03  -6.1550175e-02  -6.0977875e-02   1.9674528e-01  -2.3692724e-01   1.0736767e-01   2.0508162e-01   5.9449302e-02   7.9510123e-02   7.0229405e-02  -7.7806113e-02  -8.0315461e-02  -2.9386848e-02  -2.0654835e-01  -2.9720977e-02   2.1769599e-02   1.2319326e-02   9.1532668e-02  -1.9244824e-01   2.6677934e-01  -5.2865253e-02   1.9900746e-01   4.5883766e-02  -3.3688034e-01   4.9963225e-02  -1.7981780e-01   4.2650324e-02  -2.0496157e-01  -3.4939438e-01   1.5944281e-02  -5.5420447e-02  -1.5264027e-01   1.9542714e-01  -9.2045007e-03   1.2333727e-01   7.7457213e-02   5.2750581e-02   1.5956409e-01   1.5636389e-02   7.9874704e-02   8.7478897e-02   2.3878383e-01  -2.2029337e-01   3.3471850e-02
  -1.3794997e-01  -4.5264908e-03  -5.2603330e-02   6.1171619e-02   3.9803874e-02   1.4456967e-01   1.5579255e-01  -8.2702857e-02   4.4869839e-02  -8.8341406e-02  -2.0199737e-01  -2.3176522e-01   8.9562132e-02   4.1229630e-01  -3.9685564e-02   1.1803132e-01   2.1770697e-02   3.0875315e-01   3.2330471e-02  -3.6772128e-02  -3.6832446e-02   8.1128955e-02  -3.8634943e-02   1.3698335e-01   1.9921978e-01   6.1985018e-02   6.4083939e-02  -2.6473665e-01   1.4148864e-01  -1.0200043e-02   1.8541345e-01   4.0140374e-02  -6.9915847e-03   7.8899575e-03  -6.2951708e-02  -4.6976651e-02   5.8368172e-04  -4.5312019e-02  -1.4385416e-01  -1.0956452e-01   8.0632860e-02   1.6232548e-01  -6.3563862e-02   2.2813573e-01   4.8088100e-02   9.6091097e-02  -7.6571507e-03  -2.4142195e-01   3.5057459e-01
  -1.2263952e-01   8.0820784e-02  -1.8166120e-01  -1.4749878e-01  -1.3357826e-01   1.1234525e-01  -5.5625092e-02  -2.2488882e-02   4.1209420e-01   8.6742690e-02  -1.2488710e-02   2.2828192e-01   3.3108637e-02  -1.3861564e-01   2.2319478e-02   2.0650747e-02   2.2670659e-01  -6.9675153e-02   1.3023723e-01   1.7897561e-01  -2.0220488e-01  -1.3178335e-01  -3.8523536e-03  -6.2376972e-02   1.9245404e-01   2.3216228e-03   1.1183961e-01  -3.2425734e-01  -1.3594742e-01  -7.7019413e-02  -7.6305291e-02  -1.1191381e-02   2.1714062e-02   1.1877598e-01   6.7293099e-02   3.0245524e-01   1.1349507e-02  -1.3489074e-01   1.7493197e-01  -5.8778447e-02  -4.4652431e-02  -6.3252283e-02   1.8466121e-02  -7.1657574e-02  -1.6967104e-01   2.9811531e-02  -1.3141248e-01   6.9746296e-02   2.4504710e-01
  -1.5570674e-01  -5.4491148e-02   2.0446836e-01  -1.5509889e-01  -1.2337754e-01   7.7983916e-02  -1.7243098e-01  -1.6246209e-01  -1.9242167e-02   3.2252062e-02  -8.3662314e-03  -1.0375457e-02   2.0886913e-01   1.7827439e-01   4.1859319e-02  -2.9810269e-01  -2.8237537e-01   3.0185887e-02   1.0114564e-01   6.1184023e-02  -1.3396563e-01  -5.6521098e-03  -1.9656190e-01   7.2865407e-02  -2.1379719e-01   4.0108876e-02  -1.2195715e-01   3.4075345e-02  -3.9188005e-02   1.4303898e-01  -1.9499974e-01   8.8191764e-02  -2.2359290e-02  -8.4056817e-02  -1.1836238e-01   2.6155903e-01   2.5016106e-02  -2.3902041e-02  -8.7586779e-02   1.8273430e-01   3.2925785e-02   1.2175501e-01  -2.5814685e-01  -1.2242819e-01   1.1453820e-01   1.4967017e-01   1.0155047e-01   2.5613094e-01   1.8155344e-01
  -1.4854007e-01  -7.2071510e-02   1.7356417e-01  -1.4035716e-02   8.4269748e-02   1.6309848e-01   1.4532327e-01   3.8954067e-02   7.0698596e-02  -3.0475378e-01   1.8172172e-01  -9.0354449e-02  -1.5058833e-01  -2.0191256e-01   7.8753550e-02   6.8538834e-02   1.4451861e-01  -7.3853596e-03   1.1035206e-01  -5.0030969e-02  -8.2845728e-02   1.5896347e-01  -1.3603541e-01   1.6452152e-01   4.6242667e-02   8.7144030e-02  -2.8929324e-01   2.1940899e-02  -8.6447571e-02  -6.8235833e-02  -1.1555775e-01  -1.8968115e-01   4.8621141e-02   7.4633070e-02   4.3773874e-02  -6.9848123e-02   3.2442969e-01   1.7691287e-01  -7.6026311e-02   1.4998512e-01  -1.1647271e-01  -2.6410485e-01   6.3072412e-02   7.6471871e-02   5.7583943e-02   3.4510185e-01  -1.1231824e-02  -1.4639256e-02   9.2362920e-02
  -1.4508448e-01  -5.7946675e-02   2.7484251e-01   6.2788384e-03  -2.4507949e-01  -6.1230722e-02   2.6879622e-02   1.1809261e-01  -3.4324517e-03  -1.0987678e-01  -1.3698393e-01  -6.1186934e-02  -3.8917619e-02   1.2714252e-01  -1.0185700e-01   8.4984207e-02   2.2397323e-01  -1.6856996e-01   7.7378590e-02   4.2694986e-03   4.1280613e-02  -1.2906166e-01   3.3481067e-01  -9.9942802e-02  -2.6995774e-01   1.5518742e-01   7.7083187e-02  -1.1095472e-02  -2.9312868e-02  -1.6754603e-01  -1.1803036e-01   1.7327790e-02  -1.0674158e-01   9.3397778e-02   1.8621622e-02  -9.5518493e-02  -3.1274223e-01  -1.8007560e-01   6.4630269e-02   1.6111530e-01   1.0133930e-01  -2.3012077e-01  -1.7618063e-01   2.7336552e-01   5.4874079e-02   1.1437760e-01   6.2892228e-02   2.5746142e-02   2.7920384e-02
  -1.5152134e-01  -4.0047559e-02   7.5594861e-03   2.1820660e-01  -3.7559176e-01  -8.6429377e-02   3.2998542e-02   1.1660194e-02   3.6187571e-02  -8.7769526e-02  -9.7032382e-02  -3.7123634e-02  -1.5084207e-01   1.6017798e-01   3.3643043e-01   2.3070859e-02   1.5507176e-02   3.1994256e-02  -1.2370816e-01   6.1074358e-02   1.6576116e-01   9.4495378e-02  -2.4014245e-01  -6.0748072e-02   2.1062360e-01   9.0351257e-02  -1.0879752e-01   3.3793857e-01  -1.4882192e-01  -1.4463752e-01   2.2007998e-02  -8.2934732e-02   1.4349276e-01   1.1454145e-01   8.8670484e-02  -9.1844960e-02  -5.2987506e-02  -1.9044178e-01   5.3177149e-02  -3.1108739e-02  -1.3361539e-01   1.0175612e-01   7.5868369e-04  -9.5758973e-02  -8.4800952e-02  -2.1071500e-01   3.5548334e-02   1.9911876e-01   1.6201383e-01
  -1.4719426e-01  -1.0895371e-01   1.8210488e-01   1.2184714e-01  -3.3461052e-02   6.0934621e-02   9.8010505e-02   3.6447384e-01  -1.6106780e-01   2.4147824e-02   7.2462607e-02  -1.3615432e-01  -1.4960524e-02  -1.5635243e-01   1.3652880e-01  -1.7872245e-01  -7.6466226e-02   1.4532069e-01   1.4876764e-01   2.0679399e-01  -2.4832697e-01  -1.8159636e-01   7.4823931e-02   5.3630389e-02   8.7994599e-02   9.6157297e-02   1.9508554e-01  -9.5122970e-02  -1.2466261e-01   1.8795421e-01   4.9770143e-02   8.2443979e-02  -4.8425205e-03   2.3770879e-02   2.5205537e-01   1.2613430e-01   1.2591713e-01  -7.6315436e-02  -1.7749335e-01   2.1012807e-03  -1.0943956e-01   6.4135445e-02   9.1751221e-02   2.0375353e-01   9.7361057e-02  -2.9822653e-01   9.1490690e-02  -1.9731379e-02  -1.4131816e-01
  -1.5011466e-01   3.0826541e-01  -7.6250662e-02   1.4359373e-01  -1.2015968e-01   1.3785065e-01  -9.2247782e-02   2.6010267e-01   4.6184235e-02  -1.2279050e-01  -1.4774934e-01  -4.5769604e-02   1.6109342e-01  -1.3827585e-01  -1.9012658e-01   3.8510432e-02  -1.5793747e-01  -1.2643465e-01  -2.1277488e-01  -1.8786167e-01  -2.0529591e-01  -1.4477917e-01   1.0140406e-01   9.3660497e-02   1.1691068e-01  -3.5954125e-02   7.1799846e-02   2.4742991e-01   1.8264195e-01   1.1678384e-01   1.4561289e-01  -2.2834235e-02   1.4430443e-01   5.4542916e-02   5.6411774e-02   3.4634454e-02  -6.6062489e-02  -9.6132530e-02  -1.1053666e-01  -5.2549604e-02   6.3996609e-03  -1.7997304e-01   4.7311317e-02  -2.9220035e-01   1.5196746e-01   1.9682175e-01   1.3108161e-01  -2.7833524e-02   1.1063375e-01
  -1.5915797e-01  -5.5728293e-02   5.1598750e-02   2.8697160e-01  -3.2806380e-02   1.6733428e-01   1.1695559e-01  -2.0539481e-01  -8.1850076e-02   2.1184311e-01  -1.3018223e-01   1.8567123e-01  -6.9101144e-02  -7.5613862e-02  -1.4822231e-01   1.9171021e-01   1.7454923e-01   3.9066819e-02   8.3104899e-02   4.3765970e-02  -2.2734723e-01  -1.2046074e-02  -1.3606279e-02  -1.3607503e-01   1.6531505e-01  -5.6335018e-02  -2.4032298e-01   2.2111839e-01   8.5351667e-02   2.3373332e-01  -1.3804247e-01   2.9183757e-01   2.1051144e-01  -9.6673636e-02  -3.7196296e-04   1.2409602e-02  -6.3663579e-02   1.5129304e-01   1.7392063e-02   1.3209032e-01   9.0186875e-02  -1.9333597e-02  -2.2119701e-01   7.3782626e-02  -6.7749520e-02  -8.4784229e-02  -1.3840391e-01  -1.1960789e-01  -9.0129942e-02
  -1.2998413e-01   8.5060041e-02  -1.0998274e-01   1.6185168e-01   2.8129005e-01  -9.5063200e-02   3.6213131e-02  -9.9929406e-03  -2.8802131e-01  -1.4547749e-02   9.5980850e-02  -1.7077517e-01  -1.3858228e-01   1.0818104e-01  -1.2227080e-01   1.0906380e-01   1.8755675e-01   4.6979346e-02  -1.9149832e-01   2.4372502e-01  -8.9688114e-02  -7.6038405e-02   9.5826927e-02  -1.5826381e-01  -1.8125252e-01   1.6039691e-02   1.8005546e-01   5.7572728e-02  -1.1143170e-01  -2.9318916e-01  -8.6258836e-02  -1.2472703e-01   2.2303753e-01  -1.0781942e-01   7.0366704e-02   2.9522413e-01   9.6830339e-02   1.1032767e-01  -1.0250865e-02  -2.5175109e-02  -4.8888309e-02   1.7850609e-01  -1.2846542e-01  -1.6929171e-01  -2.7528141e-02   1.4356021e-01   6.3979563e-02   7.8023879e-02   1.0119926e-01
  -1.3526170e-01   1.2474136e-01  -1.2375271e-01   1.5416227e-01   2.0893173e-01   5.5724838e-02   1.1369084e-01   1.6194753e-03  -2.3257073e-02   1.3710796e-02   2.4648814e-01  -3.9470614e-02   9.7029936e-02   1.5610375e-01   1.4099098e-01   6.3009380e-02  -9.0373108e-02  -1.8507160e-01   1.3246738e-01  -7.9716684e-02   1.5225828e-01  -7.4782024e-02   1.9320542e-05   1.8641814e-01   1.9245663e-01   9.0359362e-02  -1.2468610e-01   5.1930237e-02   1.7326025e-01  -2.7394563e-01  -1.9251593e-01   1.9570693e-01  -3.6667393e-01   1.3450815e-01   1.3866383e-01   2.4573844e-01  -3.5666314e-02   2.9186834e-02  -3.8074051e-03  -8.7466575e-02   1.5112253e-01  -1.6671594e-01  -1.5743795e-01  -9.2678175e-02   4.7059725e-02  -1.8307870e-01   4.9815586e-02   4.8737645e-03  -9.3731645e-02
  -1.4519252e-01   1.8853884e-01  -1.0643493e-01   8.5822013e-02  -1.0232668e-01   2.2041447e-01   1.1102242e-01  -8.7259819e-02  -6.7652519e-02   8.2476670e-02   2.9642457e-01   6.4739787e-02  -5.3082348e-02  -1.1492116e-01   1.8311340e-01  -1.7139266e-01   1.8110588e-01   9.9164750e-02  -2.1724142e-02   1.4526538e-01   3.1450902e-01   2.0879713e-01   1.3222111e-01  -6.4934805e-02  -1.7702786e-01  -2.6700550e-01  -1.1629238e-02  -6.1871643e-02   1.3955565e-01   1.4019491e-01   4.2964422e-02  -3.0005542e-02   6.0574508e-02   1.5210151e-02   4.6400702e-02   6.5334108e-02  -1.8323603e-01  -1.5435078e-01  -1.7793986e-01   1.3900043e-01   1.9259205e-01   1.1960168e-02   1.9481011e-01  -1.1649030e-02   2.5893834e-01   3.9185192e-02  -9.4481158e-02  -2.6671953e-03   1.2199233e-01
  -1.4444388e-01  -5.4496126e-02  -4.0455018e-02  -1.4395275e-01   1.9238240e-02  -2.2237513e-01  -9.5550024e-02  -7.4778173e-03  -1.2064415e-01   5.6481350e-02  -1.6766467e-02  -3.5872181e-02   7.4579132e-02  -6.6870532e-02   3.8690468e-01   1.0201070e-01   1.6931397e-02   1.5890480e-01   1.0606336e-01  -2.7054993e-01  -1.6460080e-01  -1.2421742e-01   2.8688993e-01   8.3696432e-02   1.3724670e-02  -3.3516253e-01   2.2063082e-02   9.1265888e-02   9.6325208e-02  -1.3572566e-01  -7.7394228e-03   1.8579904e-01   8.6668899e-02   8.3429197e-02  -1.1807146e-01  -7.2599253e-03  -6.9272454e-02   2.9358548e-01   1.0338558e-03   7.3699842e-02  -6.0196687e-02  -6.7599283e-03   1.9241475e-01   1.0719892e-01  -1.1933628e-01   3.5326639e-04   4.0989105e-02   1.9737658e-01   2.1900143e-01
  -1.4196850e-01  -1.6130259e-01  -2.8945558e-01   9.2698367e-02  -6.0263200e-02  -1.8654316e-01  -9.9937013e-02  -1.3886916e-01   1.1414741e-01  -2.5197436e-02   1.0674527e-01  -2.8948541e-01   1.2041467e-01  -1.8433400e-02  -1.5031283e-01  -1.0008665e-01  -7.0640149e-02   1.4587447e-01   6.5985079e-02   1.2032556e-01  -2.5212178e-01   1.6542505e-01   2.9665902e-01   9.8961574e-02  -6.3854370e-02  -7.5782305e-03  -3.2950573e-01   6.7931960e-02  -1.2447183e-01  -6.5831689e-02  -9.6003404e-04  -4.8317338e-02  -6.2654798e-02  -9.4900241e-02  -5.1026473e-02  -3.7214567e-02  -9.1950429e-02  -1.6542864e-01   2.1582024e-01  -8.4748653e-02  -1.8210687e-01  -6.2822854e-02   7.4098246e-02  -6.6982394e-02   2.3118920e-01  -9.6005975e-02  -1.6296475e-01  -1.1854159e-01  -8.5158866e-02
  -1.1801607e-01   1.5508716e-03  -1.9198175e-01  -1.7016947e-01   8.8870166e-04   2.2059395e-01  -1.8634530e-01   1.4494223e-01  -1.6309839e-01   4.6891675e-02  -8.7414652e-02  -4.4645743e-02  -2.2526530e-01   1.3293636e-01  -6.5972079e-02  -8.0760955e-02   1.7277891e-02   1.1529215e-01   2.2009811e-01   6.3990140e-02   5.1958950e-02  -1.8448074e-01  -2.5894954e-01   1.4087989e-02   1.3035879e-02   1.4175852e-01   8.7650069e-02   3.2042006e-02   7.8980034e-02  -1.6900576e-01  -3.1586800e-01   1.6336574e-01   6.6605363e-02  -1.2380331e-01  -1.2352745e-01  -1.8024219e-01  -2.2028918e-01  -1.8882592e-02  -9.0063725e-02   1.0818965e-02  -1.5720219e-01  -8.9438109e-02   3.3604738e-01  -1.3102386e-01   2.1422839e-02   9.6927606e-02  -1.3492416e-01  -9.6658854e-02  -1.1380910e-01
  -1.5781851e-01  -2.3121788e-01  -1.1495523e-01  -1.9518310e-01   9.2692827e-02   1.8306073e-01  -2.4293490e-01   1.9030392e-01   8.8668465e-02   1.4054966e-01   4.3276351e-02  -6.5735691e-02  -3.3197539e-02   9.7495688e-03   6.0736115e-02   5.4312058e-02   1.2893407e-01   2.9721085e-02  -7.8620542e-02   1.0119050e-01   1.8717431e-01   6.1331660e-02   2.1637424e-01  -1.3218132e-03  -4.6549676e-02   1.2158370e-01   5.0476606e-02   1.0931003e-01  -2.0802993e-01   2.0708791e-01   2.1985829e-02   1.0586958e-01  -1.4567432e-02   3.3755523e-01  -1.2688501e-01  -2.1810272e-01   1.2143628e-01   1.9583360e-01  -1.0838288e-01  -1.3297342e-01   8.7624064e-02   2.2057066e-03  -2.9486490e-01  -2.4981971e-01   4.3239968e-02  -8.0327094e-02   1.4435244e-02  -9.7449312e-02   8.4139994e-02
  -1.2772369e-01   1.3070621e-02  -9.8556456e-02   1.5444919e-02  -8.9842126e-02  -1.1897234e-01   1.1045414e-01  -1.3020364e-01  -1.4599762e-01   1.4094616e-01   2.5434977e-02   1.7473151e-01   2.6437642e-01  -8.1841041e-02   2.4259964e-01   4.1854991e-03   1.0448070e-01   3.2977181e-01  -1.3999409e-01  -1.6787659e-01  -2.3277189e-01   9.8202602e-02  -1.0881661e-01  -7.8286133e-02  -1.0916006e-01   2.7163941e-01   1.9588873e-01   4.8455855e-02  -1.0543047e-02  -3.6425954e-02  -8.9249103e-02  -4.3817374e-02  -1.5714842e-01   1.9459103e-01   3.2956309e-02  -9.1525477e-02   8.3453400e-02  -1.8311702e-01  -8.6050872e-03  -5.3106496e-02   1.3551897e-01  -1.6727429e-02  -6.9865474e-03  -7.0129442e-02  -7.3163182e-02   2.9151288e-01  -1.9788624e-02  -1.1052522e-01  -2.9223797e-01
  -1.5680540e-01   4.6063884e-03   2.1880919e-01  -1.8030445e-01  -2.2322521e-02   5.1778844e-02  -1.4897670e-01   5.0050039e-02  -5.8015341e-02  -2.2435022e-02  -7.6538582e-02   1.7802420e-01   7.2585871e-02   6.3537906e-02  -2.9864928e-01   1.4412460e-01   1.5866320e-01   2.1172000e-01   6.1783472e-02   6.3005037e-02   8.0084414e-02   1.1544298e-01   9.7504922e-02   3.1641681e-02   1.7286815e-01  -1.1647240e-01  -9.2017750e-02   1.7280306e-01   1.1737170e-01  -8.1338342e-02   9.1134290e-02  -2.5930020e-01  -3.1238512e-01   1.7711102e-01  -1.7488099e-02   2.1828130e-01  -6.4455739e-03  -6.6168055e-03  -7.1545445e-02   2.4652951e-01  -1.6582055e-01   2.6083353e-01   1.5271503e-01  -1.0070062e-01  -8.2447059e-02  -8.5990112e-02   7.0248149e-02  -3.7257981e-02  -1.6821295e-01
  -1.4462119e-01   3.4470465e-02  -1.5212234e-01  -8.4326955e-02  -9.6502288e-02  -1.0025687e-01  -3.4545892e-01  -3.4908959e-02  -2.3246311e-02  -1.5412407e-01   1.9168605e-01  -2.6431103e-01   2.8904473e-02  -2.1833449e-01   5.3135180e-02  -2.8348424e-02   1.1040991e-01  -1.2670356e-01   2.2535442e-02   1.4169735e-01  -1.4981224e-02  -3.0039309e-02  -1.9423960e-01  -4.1864895e-02   2.1347033e-01  -4.8392392e-02  -3.0615719e-02  -3.9314083e-02   7.3704694e-02  -1.1390673e-01   2.9229575e-01   5.5116381e-02   6.0087842e-02  -1.0842146e-01  -1.6907805e-01  -1.2171384e-02  -8.2614637e-02  -7.5252103e-02  -1.7733340e-01   1.2274552e-01   2.0808259e-01   5.6887830e-02  -2.3869058e-01   1.9303144e-01  -2.1538669e-01   9.6161634e-02   1.0620825e-01  -4.4059293e-02  -2.5542573e-01
  -1.5088502e-01   9.3638243e-02   2.2998310e-01   2.8362590e-01  -1.1167764e-01   7.7875689e-02  -2.9200296e-01   3.2708648e-03   1.4723660e-01   2.0196947e-01  -7.1779130e-02  -9.9425185e-02  -1.4112542e-01  -2.0945474e-02   2.5116929e-02  -1.9838497e-02  -2.6871091e-01   1.4554881e-01   4.5942558e-02  -4.5330206e-02   1.8638489e-01   1.1434209e-01  -4.4647377e-02  -2.0774749e-01  -1.4902560e-01  -1.6254780e-01  -1.6533315e-02  -1.1867979e-01  -4.4048969e-02  -1.2529252e-01   1.1308845e-01   9.8712173e-02  -3.7928729e-02   1.1354681e-01   1.2090968e-01   1.7859707e-01   2.1518741e-02   2.0386131e-01   1.1554036e-01  -2.5669195e-01  -1.4481248e-01  -1.0669902e-01   1.1834902e-02   8.8242578e-02  -9.0794633e-02   2.3763372e-01   7.6136085e-03  -1.6786405e-01  -1.5298828e-01
  -1.5516643e-01  -2.2819193e-01  -2.1689413e-01   1.2257373e-01  -2.2001724e-02  -7.7781426e-02   1.1124033e-01   2.7918809e-02   2.8036691e-02  -2.6443125e-01   1.7333115e-01   1.3123491e-01   4.8971680e-03  -8.4085728e-02  -3.6858050e-03   1.3015153e-01  -2.3680650e-01   1.9345571e-01   1.7444142e-01  -7.7924907e-02   2.6884427e-01  -1.9513174e-01   1.2437189e-02  -3.7676341e-02  -6.9236645e-02   1.3322206e-01   1.3647883e-01  -1.1291080e-01   2.6137075e-01   2.4893685e-01   1.6122697e-02  -2.0632448e-01   1.4647781e-01   2.5563274e-02  -5.8220347e-02   8.3740685e-02  -1.5075996e-01   6.9248050e-02   1.7559546e-01   1.3579460e-01  -2.3610534e-01  -1.9715867e-03  -2.2511470e-01  -6.1002858e-02  -9.7759725e-02   2.4545656e-02  -8.7447771e-03  -8.9772248e-04  -3.7629613e-02
  -1.4288785e-01   1.9976525e-01   1.1299923e-01  -9.5902545e-02   3.2700400e-02   1.9906182e-01   1.7977154e-01   4.6685010e-03   4.0511674e-02   1.0489717e-01   5.5366701e-02  -3.1221996e-01   8.8513090e-03  -1.6323685e-01  -2.7093590e-02  -1.6285460e-01  -5.2191812e-02   5.2391258e-02  -1.8419726e-02  -3.0599388e-01   4.7905221e-02  -3.1129549e-01  -6.6532607e-02  -1.3004148e-01  -2.5785108e-02   4.8839067e-02  -5.4463658e-02   1.0207870e-01  -1.8875972e-01  -6.1974417e-02  -1.8317414e-03  -2.1838991e-01  -1.0656606e-02   3.4451717e-02  -1.7005985e-01  -2.2461279e-03  -1.5209810e-02   5.0614335e-02   3.2427424e-01   1.3878043e-01   2.3050201e-01   2.1638989e-01   2.4304138e-02   8.4766659e-03  -6.0942639e-02  -1.7228167e-01  -1.4939810e-01  -1.9043716e-01   6.2368027e-02
  -1.2128569e-01  -7.3582891e-02  -2.5277513e-01  -7.3335784e-02   7.9782458e-02   1.6073777e-01   1.2396166e-01   2.0082425e-01   1.1059369e-01   1.9008398e-01  -5.3425622e-02   8.8636566e-02  -1.1156699e-01  -7.8706865e-02  -1.2769609e-02  -5.1854121e-02  -1.9020495e-01   3.6836072e-02  -2.4034418e-01   1.2703727e-02   6.6844871e-02   3.6515544e-03   1.4776824e-01  -1.0429446e-01  -1.5644567e-01   8.0782077e-02  -1.6842394e-01   1.5587202e-01   1.3873112e-01  -9.9050927e-02   6.9279673e-02   1.2899163e-01  -2.2869685e-01  -2.7414587e-01  -7.8817949e-03  -1.5941630e-02   2.4724323e-01  -2.3254844e-01  -7.7263225e-02   1.4102192e-01  -1.2876032e-01  -6.2104242e-03  -2.4626288e-02   2.3459276e-01  -3.2126929e-01   6.1837581e-02   4.1773100e-02   6.2196100e-02   1.4687323e-01
  -1.5822294e-01   8.6518990e-02   2.1082427e-01   1.9263324e-01   1.5110488e-01  -2.5324325e-02   7.3524105e-02   2.7654250e-01  -1.5199654e-01   9.1188095e-02  -4.9790303e-02   1.4192352e-01   1.4250162e-01  -1.8421505e-01   6.1232576e-02  -2.9487571e-03  -1.7420251e-01  -1.3530909e-01   2.3466444e-01   1.3110304e-01  -4.6316887e-02   3.5915793e-01   9.7719510e-02  -4.3862187e-02   1.1856496e-01   3.2902950e-02   7.4107020e-03  -1.8858743e-01   2.7366875e-02  -1.5289471e-01  -7.4974186e-02  -1.2718306e-01   2.4641432e-02  -1.2511306e-01  -3.6244295e-01  -2.3138519e-01  -9.4497574e-02  -7.7364715e-02   5.2107234e-02  -1.0571407e-01   4.9540052e-02   1.0480707e-01  -6.1527515e-02  -1.6693453e-01  -1.3221580e-01  -3.9338514e-04  -3.1245084e-02   4.4054014e-02   1.1342209e-01
  -1.4689194e-01   2.0417234e-01  -5.3138260e-02   5.2198066e-02   6.3535942e-02  -2.5154139e-01  -9.7842525e-03   1.6339360e-01   4.0993561e-01  -1.8110249e-03  -1.3695660e-04   1.9579656e-03  -2.1960527e-01   1.3849905e-01   2.3070601e-02   3.1662033e-01  -1.3732301e-01  -1.1129857e-02  -2.8582629e-02  -7.3528093e-02  -8.6409117e-02   2.7870363e-02  -4.4411964e-02  -5.8437510e-02  -1.2787259e-01  -4.6233332e-02  -9.2759525e-03  -9.4557716e-02   4.3876970e-03   7.0216131e-02  -2.2562234e-01   2.6889744e-02   1.0786334e-01   1.0857009e-01  -2.3642611e-01   1.5535044e-02   1.7798176e-01  -1.0397785e-01  -1.8143253e-01   1.5310189e-01   1.3732921e-01   1.9717107e-01   7.8733166e-02   8.4024964e-02   2.2690802e-01  -8.9119249e-02  -4.5395454e-02   8.7709239e-02  -2.4357014e-01
  -1.2889529e-01  -2.7808694e-02   1.8500438e-02   2.8113267e-01  -1.9821860e-01   5.4282770e-02  -1.2140534e-01  -1.5476215e-01  -9.2298595e-02   2.1036041e-01   1.2700716e-01  -1.6015430e-01  -5.9041191e-03   1.2146573e-01   1.4740388e-03   6.9398665e-02   1.2858765e-01  -2.6534604e-01  -1.3480096e-01   3.7146306e-02  -1.9031970e-02  -2.2828802e-01   6.6875250e-02   4.9099478e-02   8.5505465e-02   9.6984778e-02   4.6390219e-02  -1.6227615e-01   1.5199047e-01   2.5294287e-01  -1.7084431e-02  -1.8342543e-01  -3.0985404e-01  -7.0551268e-02  -1.3993534e-01  -1.7315904e-01   1.7568839e-01   1.4716197e-01   2.7332899e-02  -5.2683407e-02  -1.0654590e-01   9.4204764e-02   1.8732696e-01   6.8835430e-03  -2.8351843e-02   1.1638023e-01  -1.2906873e-01   2.8795998e-01  -1.3466467e-02
  -1.4087505e-01  -1.1734176e-01   5.0445896e-02   1.5037793e-01   2.9694295e-01  -1.6135272e-01   7.1444326e-02  -2.8921177e-02   1.7401589e-01  -1.5062964e-02  -2.3209016e-01  -3.1709618e-02   1.4474262e-01  -2.2783464e-02   5.0297014e-02  -1.2611412e-01   2.2383860e-01  -1.4799588e-01   1.7719436e-01  -1.3651773e-02   1.5148116e-01   1.5284907e-02  -1.0037874e-01  -7.5472875e-02  -1.0957765e-01   2.8218942e-01   5.7307236e-02   1.1034335e-01  -3.6671183e-03   3.8279751e-02   4.2925956e-01   2.7786470e-01   7.7515898e-04  -2.3448733e-02  -9.5708486e-02   1.5047356e-01   3.0284747e-02   2.6830198e-02   5.0625674e-02   1.6172215e-01  -1.9905320e-02  -4.7877920e-03   2.6605694e-01  -1.3677032e-01   1.0329908e-01   6.4394596e-02  -8.9368292e-02   8.6399746e-02  -1.7687283e-02
  -1.6503510e-01  -1.0214671e-01  -9.7182509e-02  -1.8826084e-01  -5.9760316e-02   9.7042412e-02  -6.1539713e-02   1.6150136e-01  -1.8808263e-01  -3.1377216e-01  -1.2869329e-01   9.1047784e-02  -3.8860449e-02   5.6282214e-02   5.9293850e-02  -5.6116986e-02   1.9926383e-02  -9.7567688e-02  -1.2388838e-01   1.7542326e-03  -1.0918709e-01   9.9388339e-02  -5.5275016e-03  -3.0916166e-01  -4.4514203e-02   7.2653592e-02  -2.7482473e-01  -1.9465538e-01   2.7853793e-01   3.4257262e-02   4.3706313e-03   7.4763519e-02   2.2009930e-02   4.1423316e-02   1.5641952e-01   2.7010230e-02   9.3405697e-02   1.3642496e-01   3.4443981e-01  -1.8396047e-01   2.4612865e-01   1.7445622e-01   1.3668584e-01   1.7349111e-02   1.3028256e-01  -5.2296543e-02   8.5702822e-02   8.1876171e-02  -7.6608062e-02
  -1.2842168e-01  -6.6269356e-02  -5.5059506e-02  -3.6365249e-02  -1.3178232e-01  -2.4879895e-01   1.5440836e-01  -5.4537720e-02  -1.6551459e-01   1.7120871e-01   8.8190205e-02   7.0193475e-02  -3.5402501e-01  -5.0940840e-02  -3.4319566e-01  -9.0139870e-02  -2.0710446e-01   7.4683215e-02  -1.0831453e-01   5.0377330e-02   3.1693376e-02   9.2663356e-02  -6.8116178e-03   2.4202599e-01   1.5543828e-01   1.6208704e-01   2.4787067e-03  -9.8002256e-02  -1.4144130e-01   3.9825104e-02   1.0408982e-01   1.1994294e-01   2.3905326e-02   2.0390590e-01  -1.2174332e-01   1.0039130e-01  -6.9329239e-02   8.3629974e-02   1.0248635e-01   6.7345857e-02   2.9413913e-01  -1.4392630e-01   1.9320410e-01   4.3948584e-03  -7.8866955e-02   7.0369521e-02   1.9988200e-01   9.9475679e-02   9.0170709e-02
  -1.5235239e-01  -9.0895945e-03   1.3592912e-01  -7.0952994e-02   1.5355331e-01  -1.1264033e-01   1.2824142e-03  -3.0008767e-02   9.3864855e-02  -2.9828201e-02   1.0353557e-01   1.3525363e-01   1.3669718e-01  -1.6316557e-01  -1.6557987e-01  -2.3464257e-01  -3.1730597e-02  -3.7482942e-02  -3.4309133e-01   1.3029128e-01   6.0759132e-02  -2.2670965e-02  -1.1023956e-01   5.3254410e-02   1.1649030e-01   4.3267875e-02   1.1737958e-01   1.4848987e-01   1.9404779e-01  -1.3661018e-01  -1.2899349e-01   8.4085253e-02   8.4588356e-02   2.2981996e-01  -5.8215002e-02  -6.6992874e-02  -1.1405861e-01   9.4361288e-02   2.6951412e-03  -1.8353468e-01  -2.0103564e-01   1.2148927e-01  -6.4471584e-02   3.7688080e-01   1.9746149e-01   1.5320258e-02  -2.9898081e-01   6.4544344e-02   6.5828626e-02
  -1.4783091e-01  -9.1420592e-03   3.1324228e-02   9.6500923e-02  -4.1782859e-02  -1.8108373e-01  -1.4893869e-01   1.5462135e-01  -4.7877944e-02  -1.7693383e-01   3.3474504e-02   2.7689370e-02   1.1955954e-02  -1.6567913e-01  -1.2227767e-01   1.1400599e-01   2.1826101e-01  -1.4791883e-02  -9.1193462e-03  -1.9430012e-01   9.7207940e-02   5.8315240e-02  -1.8075573e-01   3.4556933e-01  -3.0046707e-01  -3.1924065e-02  -4.7376728e-02   2.9411870e-02  -1.0546399e-01   2.1416400e-01  -1.6796780e-01   1.1393446e-01  -1.2630591e-01  -1.7760388e-01   1.1038429e-01   1.1606812e-01  -6.8732823e-02  -7.6270962e-02  -3.5918243e-02  -2.8169596e-01   1.0226775e-01   1.9761306e-01   6.5621963e-02   2.1373967e-02  -2.6017089e-01  -6.8365494e-02  -1.2235179e-01  -1.1755233e-01   1.8201057e-01
  -1.2756860e-01  -7.1008466e-03  -7.3199569e-02  -2.8851759e-01  -2.7920000e-01  -7.2393233e-02   2.8690251e-01   9.8929959e-02   5.0708621e-02   1.8087580e-01   7.1731734e-02  -2.7542630e-03   1.7380494e-01  -3.4330511e-02  -1.0080341e-01   2.6935844e-01  -3.5105412e-02  -9.0454301e-03   2.0309356e-01   6.1153840e-02   6.9249913e-02   1.9279908e-02  -1.3105180e-01  -1.5953237e-01  -3.2621778e-02   3.4209313e-02   3.5268464e-02   1.9841080e-01  -7.4538739e-02  -4.9754280e-02   1.3573601e-01  -1.3793014e-01  -5.1873122e-02  -2.9782955e-01   3.9632710e-03   7.7024503e-02  -2.7486427e-02   2.7683600e-01  -1.5711593e-01  -3.2471945e-01   6.2127415e-02  -7.2336778e-02  -8.3631837e-04   8.7615094e-02   2.1770194e-01   1.4064126e-02  -6.6261645e-03   1.1603270e-01  -9.3571212e-03
  -1.5275741e-01  -7.5514728e-02   9.4802763e-02  -4.4795270e-02   3.2257751e-02   1.0767854e-01  -2.0709123e-01  -2.7184652e-01  -1.3732006e-01  -8.7293733e-03  -1.1560424e-01  -4.0258856e-03   1.6713465e-01  -2.9238462e-01  -7.9677214e-02   3.9851339e-01  -2.0691818e-01   8.7960360e-02  -1.0897358e-01  -8.0772312e-03   2.1114916e-01  -6.8200591e-02  -8.2170796e-03   5.4039146e-02   1.1382452e-02   6.9046422e-02   6.7014934e-02  -2.1260585e-01  -1.1436147e-01  -2.0308607e-01   7.3739782e-03   1.0884399e-01   7.0804264e-02  -1.1740273e-01   2.2872571e-01  -1.5299728e-01   1.6050511e-01  -1.5244174e-01   4.1708844e-03   1.5662777e-01   8.7067616e-02  -5.5369271e-02   5.1867655e-02  -5.6447105e-02   1.9368584e-01  -1.7138371e-01  -9.1899209e-02   1.4281785e-01   6.1621245e-02
  -1.4066568e-01  -1.5142031e-01  -9.8918199e-02   3.3271149e-02  -7.3958817e-02   1.0118747e-01  -9.5526820e-04  -6.5852409e-02  -1.4692194e-01  -9.2106466e-02  -2.7872106e-01   2.7188039e-01  -2.0873452e-01   3.7534528e-02   1.2057646e-01  -1.9244494e-01  -3.3598902e-02  -1.4136127e-01  -9.5499933e-02  -2.4443669e-01  -1.5946797e-02  -5.3872356e-02   1.3827526e-01   1.8091499e-01  -5.9653391e-03  -3.1768569e-02  -1.6483710e-02  -1.1380211e-01  -1.6826016e-01  -1.6541057e-01   1.5793376e-01  -2.2897937e-01   3.0031037e-02  -8.9467807e-02  -1.6517252e-01   2.2547098e-01   2.3055957e-02   5.3596331e-02  -2.7204613e-01  -8.7248751e-02   3.0983056e-02  -5.6832725e-02  -1.3795230e-01   1.0946880e-02   9.8829302e-02  -8.2099218e-02  -3.2605017e-01  -3.4548288e-02  -1.9083078e-01
  -1.2802590e-01  -4.9253077e-02   3.6305843e-01  -2.1468960e-01  -8.7283836e-02  -1.7830537e-01   1.1994775e-01  -1.5683886e-01   9.2973330e-02   1.0455181e-01   1.3155934e-01  -1.6489880e-02  -1.4353945e-01  -4.8568106e-02   1.1602413e-01  -1.6449973e-02   1.3897164e-01  -1.0634178e-02  -2.0329214e-01  -5.1649785e-02   3.3145322e-02  -1.3838094e-01   8.1285625e-02  -3.1391326e-03   2.5861464e-02   9.8482758e-02  -1.1479763e-01  -1.6537699e-01   2.7688449e-01  -4.1823682e-02  -5.7951238e-03   1.0559859e-01   1.2375464e-01  -2.0611939e-01  -1.3637774e-01   5.3350025e-02   5.6606968e-02  -1.2434719e-01  -8.5431120e-02  -1.6987896e-01  -1.9125552e-01  -5.4373304e-02  -9.4438768e-03  -2.9645679e-01   3.5802515e-02  -1.1912337e-01   2.1782607e-01  -3.0935650e-01  -7.0876230e-03
  -1.2865271e-01  -2.0122105e-01   6.5827802e-02  -1.0341482e-01   1.6392196e-01  -2.1619676e-01   4.1724235e-02  -1.5317877e-01   1.3290723e-01   4.9856451e-02  -1.4143783e-01  -1.7733960e-01  -7.7399228e-02  -6.7486338e-03  -1.6081696e-02  -1.1516427e-01  -1.9749563e-01  -1.2632386e-01   1.1662230e-01   6.2115393e-02  -1.3592947e-02  -3.5260821e-02   9.8498583e-02  -1.6479329e-01   8.1089541e-02  -3.2016642e-02  -2.8966044e-02   6.2716602e-02   1.6253445e-01   8.3898935e-02  -1.2912756e-01  -2.4431793e-01   3.2384853e-02   8.0065671e-02   4.1468530e-01  -8.7282072e-02  -9.1580045e-02  -3.2780639e-02  -3.1000726e-01  -4.3952667e-02   2.5211606e-01   2.6529987e-02   9.9139439e-02  -1.4008387e-01  -2.4960587e-01   9.4748932e-02  -2.0795195e-01  -2.6993361e-02   3.9234709e-02
  -1.3849146e-01   5.1698934e-02  -5.1673928e-02  -7.2988609e-02   1.0128173e-01   1.1435376e-02   1.3016020e-01  -3.7233448e-02   1.5384113e-01   9.8633523e-02  -3.3339564e-01  -9.3326264e-02  -2.8253485e-01  -2.0594016e-01   1.5689690e-01  -1.5958831e-02   7.1076031e-02   3.9854668e-02  -4.8465955e-02   1.5149662e-01  -7.8574022e-02   5.8395849e-02  -1.3514529e-01   3.3368509e-01  -6.2316004e-02  -1.7337052e-01   1.6143610e-01  -4.7788384e-03   1.2002961e-01   1.6331875e-02   2.4152394e-02  -8.0673733e-02  -2.4374720e-01  -1.3250348e-01   1.6107638e-01  -1.4979580e-01  -1.8221307e-01   1.1424408e-01   2.3931097e-01   6.2956733e-02  -2.7037593e-02   1.0759735e-01  -2.3362458e-01  -8.7515249e-02   1.7473906e-01   5.5209178e-02   1.6449240e-01   8.2550474e-02  -1.1532104e-01
  -1.3708689e-01  -1.1644580e-01  -3.2222224e-02   5.2407841e-02  -2.4424998e-02   1.0304603e-01   9.0718566e-02   7.2439102e-02   1.8169234e-01   8.1156319e-02   1.9550336e-02  -1.3167151e-01   1.7108065e-01   9.3613535e-02  -2.7680889e-01  -2.8285858e-01   2.4320526e-01   1.1119355e-01  -1.0705544e-02  -3.4871473e-01   1.2912728e-01   1.8953076e-01   3.3938517e-02   4.0211779e-02   8.3413231e-02  -1.2648934e-01   1.1177865e-01  -1.4446837e-01   2.1436201e-02  -8.8884905e-02  -1.5139088e-01   1.4767498e-02   2.4921631e-01  -1.1542449e-01   1.0943668e-01  -9.5289271e-02   8.8155913e-02   1.7753294e-02  -1.7067899e-02  -2.2213095e-02  -4.6799488e-03  -5.5689275e-02  -5.6671342e-02  -4.0303690e-02  -1.2368473e-01  -1.0398757e-01   1.6912097e-01   3.5254987e-01  -2.4176573e-01
  -1.1809247e-01   9.6816050e-02   2.5222156e-02  -7.3042249e-02   3.7518314e-01   4.8783739e-02  -2.1745800e-01  -1.7128582e-01  -6.1149002e-02   8.8400485e-02  -6.1673342e-02   8.5023947e-02  -1.0952159e-01   1.8609167e-02   8.0809528e-02   2.7555170e-02   6.2619731e-02   6.9466625e-02   1.4844922e-01  -8.3291203e-02   9.4342022e-02  -7.1348095e-02   7.6514929e-02  -1.0083850e-02   1.3810599e-01   8.9765422e-02  -6.1458861e-02   1.7468375e-01  -6.9164365e-02   2.4887818e-01  -3.2871159e-02  -2.5139407e-01   1.0826554e-01  -6.9054097e-02  -7.7348192e-02   8.0973385e-02  -1.9782149e-02  -3.1489962e-01   1.1988295e-01  -3.2371684e-01   3.0078053e-02  -1.2960330e-01   3.8040184e-02   2.8468909e-01   8.8530372e-02   4.0602253e-02   2.7554983e-01   1.5726408e-01  -2.3212973e-02
  -1.4076752e-01   5.1667164e-02  -2.0688740e-01  -1.1602777e-01  -1.5577356e-01  -7.2686416e-02   9.5103778e-02  -1.8309635e-01  -2.0454896e-01   4.0070147e-02  -1.1444216e-01  -7.2334010e-02  -7.4032486e-03  -6.7002910e-02  -6.2746418e-02  -5.0658104e-02  -4.8239169e-02  -4.3314910e-01   2.3581887e-01  -1.3810383e-01   1.2310391e-01   1.9090431e-01   5.4355329e-02  -3.5909491e-02   5.2820768e-02  -9.6539806e-02   2.2368979e-01   6.1083619e-02  -4.0866178e-02   5.3635536e-02  -1.5037330e-01   1.0038205e-01   4.6045168e-02   1.3719618e-01   4.5900180e-02   1.8003852e-02   2.8120924e-01  -1.0732691e-01   5.6033204e-02   5.8781627e-02  -2.5653468e-01   2.0875867e-01  -2.1451118e-02   1.0560787e-01   8.1712164e-02   6.8525201e-02   1.4448988e-01  -2.7913768e-01   3.1413892e-02
  -1.4962121e-01  -4.0470588e-01   5.1168621e-02   2.5126152e-02   1.2660051e-01   1.5465678e-01   6.9074676e-03  -2.7556146e-02  -2.5529002e-02   3.9601128e-02   1.6818542e-01  -2.5185523e-02  -4.3516579e-02   1.0548508e-01  -6.5461763e-02   1.3147302e-01  -4.1498730e-02  -1.7109202e-01  -7.4492190e-02  -6.4396823e-02  -2.6935036e-01   1.0009765e-01  -3.3844051e-01  -1.0978235e-01  -1.8337638e-01  -3.3510665e-01   2.5149619e-01   6.8518279e-02   9.1732634e-02  -3.1385922e-02   1.1859454e-01  -9.8910006e-02  -7.5188485e-02   1.1989625e-01  -1.3771876e-01   2.2711120e-02  -3.5328274e-02  -1.8988473e-01   7.5825436e-02  -1.4179883e-02   2.7641290e-02  -2.4962147e-01   7.8025123e-02  -6.0827482e-03  -9.0538430e-03  -2.0476751e-01   4.1567033e-02  -5.8065353e-02   8.9694542e-02
  -1.4560827e-01   2.8607030e-01  -5.2586633e-02  -2.9056263e-02  -1.5523699e-02  -2.3180550e-01  -2.5347411e-01   5.0265714e-02  -3.3796213e-02   1.0236621e-01  -6.8295243e-02   6.9901676e-02   7.7851235e-02   1.6340657e-01   3.7275464e-02  -1.3931242e-01   5.8676649e-02   2.7920442e-02  -3.4747136e-02   7.2627082e-02  -6.0538998e-03   1.6998055e-01  -7.8363136e-02   2.9874906e-02  -6.6567724e-02   1.5017534e-01   1.1195440e-01   4.4700991e-03   1.5861193e-01   6.6754913e-02  -2.4962473e-02  -2.3927846e-01   5.7830652e-02  -1.4602291e-01   9.7689133e-02  -2.9416124e-02   1.8613552e-01   2.3771194e-01   8.6015741e-02   2.3956985e-01   4.0594909e-02  -3.8127210e-01  -3.3353445e-02   1.0512742e-01  -4.0399374e-02  -3.2661668e-01  -6.5531412e-02  -2.0337635e-01   1.4143820e-01
  -1.4508066e-01   3.9397877e-02   1.5331893e-01  -2.5302391e-01   3.6166653e-02   7.5590861e-02   1.1093024e-01   1.2540686e-01  -4.0766108e-02   2.7800622e-02   1.1832775e-01  -3.5244363e-02   1.2384648e-01   3.3020802e-01   1.5570667e-01   1.6067473e-01  -1.1325478e-01  -1.3809100e-01  -1.5328070e-01   1.4319959e-01   7.0750455e-02   8.0104231e-02   1.0727208e-01   2.7268278e-01   8.3649365e-02  -1.0576751e-01   6.2735250e-02   5.4558982e-02  -1.1771356e-01   1.5454994e-01   9.0677415e-02   9.0620346e-02   2.3277306e-01  -1.2452031e-01   9.6054422e-02   6.3982858e-02  -1.8018689e-02  -9.8230485e-02   2.8933730e-01   6.4354253e-02  -3.4381201e-03  -3.8033572e-02   4.9514554e-02  -3.1573855e-03  -1.8225674e-01   1.9764562e-01  -2.8185180e-01  -3.6887876e-02  -2.6908078e-01
  -1.3159404e-01  -4.0463917e-02  -1.2598604e-01   2.1477129e-02   1.4922408e-01  -1.9400776e-01   5.0731398e-02   2.1424251e-01  -1.3593029e-01   2.8730044e-01  -5.4304960e-02   1.0657866e-01   2.1588847e-01   8.7414759e-02  -4.2498973e-03   8.1552241e-03   6.9954419e-02  -1.1753561e-01  -1.2281535e-01  -4.7107088e-02   7.8110583e-02  -2.1973732e-01  -2.4466407e-01  -3.7168643e-02  -4.8734136e-03  -1.7170490e-01  -4.0673584e-01  -2.8680558e-01  -2.1755607e-01   4.0431530e-02   4.9021544e-02  -1.1256640e-01   4.4364129e-02   1.2177267e-01   1.4666875e-01  -1.1599043e-01  -1.7817199e-01  -1.9519907e-02  -7.6609015e-02   1.3164654e-01  -1.7696217e-01  -7.5170389e-03  -3.9617055e-02   3.1721431e-02   9.9812958e-02   1.0286659e-01   1.4534554e-01  -1.0183019e-01   2.6832650e-02
  -1.4075121e-01   3.3450991e-01  -3.1722898e-03  -1.8387771e-01   1.1538498e-01   1.2343853e-02   1.5267712e-01  -1.5090720e-01  -1.2641990e-01  -2.2485902e-01  -5.4681185e-02  -1.8196874e-01  -7.3343104e-02  -2.6256641e-02  -2.8275054e-02   4.6102051e-02  -3.3027793e-02   2.3032319e-02  -1.3859331e-01  -8.6210735e-02  -7.5419871e-02   1.9051510e-01  -2.5296276e-02  -2.7185553e-01   3.0184714e-03   3.5251475e-02  -7.1857995e-03  -1.5990658e-01  -1.8542140e-01   2.5089873e-01   2.6069173e-02   1.4553368e-01  -2.0767123e-01   7.1327769e-02  -4.4195358e-02   4.9355870e-03  -2.2830178e-01   3.5284744e-02  -1.6018548e-01  -2.6327129e-02  -3.0462207e-01  -1.8949011e-01  -6.1393624e-02  -5.5700605e-02  -1.6481297e-01  -1.6163154e-01  -1.0608901e-01   2.0270186e-01  -3.6204660e-02
