  -1.2709661e-01   1.0081117e-01  -8.5296958e-02  -1.8435881e-02   3.8138778e-01   1.6301578e-01   7.9181893e-02   5.9943580e-02   3.5356752e-02  -5.2353302e-02  -1.3279087e-01   1.1072014e-01  -1.2948901e-02   8.1014364e-02   2.0598583e-01   4.7926925e-02   1.9918505e-01  -1.3879945e-02   7.8292924e-02  -2.3713496e-01   1.4419799e-02  -3.4509888e-02  -3.8235266e-02   2.2016858e-01  -1.0541071e-01   1.0434682e-01  -1.2521432e-01   2.7741347e-01   2.1636152e-01   2.0342895e-01   1.9050395e-02  -1.6055676e-01   1.3366125e-02  -7.7368247e-02  -2.5952249e-02  -1.6950807e-01  -3.3629839e-03  -5.9994658e-02   7.5056281e-02   2.3206039e-01   2.0891336e-01   1.2250760e-01   1.7330319e-01   2.5842682e-02   5.5308956e-02  -3.1146881e-01   9.6600973e-03   1.6447389e-02  -1.6684279e-01
  -1.5435415e-01   3.1077156e-01  -4.2863751e-02  -1.3996261e-01  -7.9779383e-02   1.2629609e-02  -1.3810920e-01   6.3496134e-02   4.3495199e-02   2.2862132e-01  -8.2428508e-02  -1.1577993e-02   8.4266320e-02  -2.4800000e-02  -2.0285238e-01  -1.4629204e-01  -8.2352522e-02  -2.0543589e-01   4.2451362e-02  -4.4353721e-02  -8.7031819e-02  -4.2433582e-01  -5.6896101e-02   2.2973612e-02   1.2275635e-01  -4.8485681e-02  -1.4515696e-01  -1.0128339e-01   1.5157937e-01  -1.2083075e-01   3.8048972e-02   1.5701957e-02  -5.9952358e-02  -1.6064243e-01  -5.6669203e-02   3.7366643e-02  -1.5124395e-01   9.3724605e-02   2.1317296e-01  -2.6234364e-02   1.5325160e-02   5.4038595e-02  -8.2768301e-02   1.8211555e-01   1.0814322e-01  -7.9815331e-02  -8.3111250e-02   4.1782292e-01   1.0242479e-01
  -1.4598052e-01  -1.6050595e-01   1.6329767e-01  -1.9284367e-01   5.8749929e-02  -2.4722699e-03  -1.3475190e-01  -2.7567710e-01   1.0468534e-01   6.9630301e-02   8.4068561e-02  -6.5468186e-02  -1.9554694e-01  -2.1378121e-01   1.1586886e-01  -6.0890388e-03  -5.3162066e-02   2.8320769e-01   1.1500480e-01  -8.8056503e-02   8.9805652e-02  -1.7790977e-01  -1.2139043e-01  -7.6126837e-02  -6.7274360e-02   1.6579146e-04   1.0466535e-01   2.1804820e-01  -5.6544637e-02   1.1152400e-01   2.4894964e-01   1.0962188e-01  -1.4606014e-01   6.0452997e-02   4.3621745e-02   3.3427127e-02  -1.0349286e-02   2.7988951e-01   1.8498016e-01  -2.8291654e-04  -1.3125979e-01  -1.6674238e-02   2.1288605e-01   2.0193205e-01  -1.2837921e-01   2.0038709e-01  -8.3235049e-02   5.0435979e-02  -1.9898894e-01
  -1.3191311e-01   8.1547832e-02   6.1010821e-02   1.0214493e-02   1.9497114e-01  -1.6098523e-01   1.8475191e-01   9.5767611e-03  -9.4567855e-02  -1.5695605e-01  -2.2293427e-01  -2.8500268e-01  -3.9942387e-02   7.9920195e-02   2.2051444e-01  -2.4125568e-01  -2.1445116e-02  -1.6143500e-01  -2.4486111e-01  -1.4664157e-02   1.5708630e-01   1.2898568e-01   1.9479572e-02   7.1198426e-02   7.8468216e-02  -1.2526384e-01   6.8089997e-02   1.6491547e-01  -8.6836128e-02  -4.9417462e-03   1.1010170e-01  -8.6959431e-03  -5.2543605e-02  -1.9931485e-01  -3.4025995e-01   1.5879272e-01  -3.1188269e-02  -5.5906375e-02   2.3462436e-01  -3.9114041e-02  -1.3790326e-01  -2.9520401e-02  -1.0555930e-01   9.2776886e-02   7.1310572e-02   1.7051353e-01  -1.3954335e-01  -1.4390212e-01   1.7208760e-01
  -1.4343499e-01  -2.0469793e-03  -2.3512213e-01   1.7879530e-02  -7.9908620e-02  -4.6191011e-02   1.3381121e-01  -2.8872011e-02   6.7572325e-02  -1.1756638e-01   1.2837249e-01  -1.1875680e-02  -7.9918543e-02  -2.0603547e-01   1.5907055e-01   1.0301509e-01  -3.3929997e-02   1.4318466e-01  -2.4518670e-02  -6.3905798e-02  -4.3231956e-02  -1.2148306e-01   5.5493446e-02  -1.5804993e-01   1.1970749e-01  -2.0471258e-01  -1.3080278e-01  -2.3751666e-01  -3.9736871e-01  -2.0409566e-02   1.7078494e-01  -6.5977003e-02   9.7094008e-02  -8.8088771e-02  -7.8676284e-02  -3.8547570e-02  -9.1344824e-02  -1.8808048e-01   8.5155378e-02   2.0539151e-01   2.2810028e-01   5.3655504e-02  -1.0413816e-01   2.3017238e-01  -2.6822761e-01  -2.1752253e-01   1.3972338e-01  -7.2331426e-02   5.8387141e-02
  -1.3381109e-01  -8.2182343e-02  -1.3927862e-01  -1.8770494e-01  -1.6313103e-01  -1.3376665e-01  -3.0935684e-02  -1.4726317e-01  -7.5539809e-04  -5.3382547e-03  -9.6014860e-02   2.6166590e-01  -1.1671014e-02  -2.4076612e-02  -6.9109709e-02  -1.1501360e-02   7.6847148e-02  -2.9586267e-01  -1.4146161e-01  -1.5456720e-01  -1.5324296e-01   1.0740172e-01   2.9364155e-02  -1.3640773e-01  -1.5520955e-01   2.7854709e-01   2.5313335e-01   2.0366103e-01  -8.1298750e-02  -3.2818972e-01  -3.1208854e-02   1.1774211e-01  -3.4645349e-02  -8.5193913e-03  -1.7331365e-01   8.2815105e-02  -1.2616875e-01  -1.7301777e-01  -4.7888119e-02   7.9272660e-02  -8.7579180e-02  -2.6623086e-02   7.0648317e-02   1.4606152e-01   2.3495708e-02  -6.6660444e-02   2.4970151e-01   3.3293251e-03  -2.1757510e-01
  -1.5409182e-01  -3.4658403e-02  -1.6555627e-01  -1.8154418e-01   1.4752661e-01  -1.7880299e-03   1.9873770e-01   2.2612728e-01   1.1125786e-01   9.0998226e-02   3.4832266e-01  -1.5775294e-01   3.3515771e-02  -2.2938205e-02  -1.5982340e-03  -2.7149541e-03   2.0821170e-01   8.4074221e-03  -2.4733347e-01   3.1243463e-01  -2.4300735e-01  -3.3652626e-02  -1.6801023e-01  -1.5500996e-01  -6.7903370e-02   5.5824265e-02  -3.6612352e-02   1.4175150e-01  -3.6299785e-02   9.8748554e-02  -1.6992165e-01   1.3818340e-01   2.6318873e-01  -4.1079339e-02  -1.4071778e-02  -1.5984382e-02  -1.1820334e-01   7.9566786e-02   3.4139228e-02  -4.4424515e-02  -1.8073799e-01  -1.3138397e-01  -2.8773796e-03  -1.1443207e-01  -7.9207920e-02  -1.0862319e-01  -2.0152680e-01   4.8233126e-02  -1.0959659e-01
  -1.3218273e-01  -1.1111061e-01   8.9967520e-02   1.5385593e-02   1.5332020e-01  -1.0448810e-01  -1.0726359e-01  -1.8076523e-01   1.5380535e-01  -1.8163862e-02   1.9976924e-02   1.1814728e-01  -2.2982623e-01   3.4751522e-01  -6.4103999e-02   1.2088411e-02  -9.5039993e-02  -1.0355069e-01  -6.1638118e-02  -1.0284467e-01  -2.1940689e-01  -1.3311718e-01   1.5322338e-01   5.1102040e-02  -1.5466462e-02  -2.9376961e-01  -2.9263794e-01   1.5731960e-01  -1.4006521e-01   1.6708445e-01  -2.2831154e-01   1.9905580e-03   8.7145581e-02  -4.3177373e-02   1.3014297e-01   8.3515380e-03  -9.5133676e-02   2.8632439e-02  -1.1652389e-01  -1.4534442e-01   4.1118692e-02  -8.6418741e-02  -2.4019231e-01   8.9458008e-02   1.0088528e-01   1.8204637e-01   1.8027139e-01  -7.4523152e-02  -1.3085855e-01
  -1.3851525e-01   7.3141190e-02   1.0043152e-02   1.2172610e-01  -2.7424724e-01  -2.7591891e-02   1.7362456e-01   1.2874285e-01   3.5272450e-01  -1.8506780e-01  -9.0797684e-03  -2.3778808e-02   1.2620799e-01   1.1059723e-01  -2.7515074e-01  -1.1144663e-01  -8.8389943e-02   2.2574343e-01  -2.9152312e-01  -5.8868400e-02   8.8812076e-02   8.2663920e-03   3.8051173e-02  -4.6431695e-02  -8.4723231e-02   5.4907971e-02   2.4487560e-02   2.1441874e-01  -4.7731875e-02  -4.2088739e-02  -2.4701965e-03  -1.1111178e-01  -2.2847393e-01  -2.5432656e-01   1.9047092e-01  -1.2345407e-01  -9.3016725e-02   1.7015381e-01  -3.9432967e-02  -3.6692401e-03   9.6810812e-02   2.9026443e-01   1.0893232e-01  -9.0901725e-02  -5.0261697e-02   4.2963231e-02   8.9923654e-03  -6.2551123e-02   2.4540235e-02
  -1.3488766e-01  -8.5464420e-02   1.0335761e-01   1.4426447e-01   1.1359368e-01  -2.0349587e-01   6.2021740e-02   1.8264425e-01   5.4166299e-03   1.6623325e-01  -3.1703868e-03   5.0665044e-02   4.1238007e-02   1.6540939e-03  -1.4673705e-01   1.3561885e-01  -3.3078636e-01   1.2686032e-01  -8.2420627e-02   4.1598981e-03   1.1384178e-01   2.0926110e-02  -1.6413854e-01   2.2336322e-01  -2.6166607e-01  -1.1808708e-01  -9.3440447e-02   8.7897893e-02  -1.0203533e-01  -1.8917147e-01   3.6355202e-01   4.0879392e-02   7.1473048e-02   9.7625128e-02  -1.3761162e-01  -1.7205677e-02  -4.2219691e-02  -8.6100233e-02  -5.3278960e-02  -3.1561304e-02   1.0086428e-01  -3.2794038e-01   4.4796100e-02  -2.2142784e-01   9.8514943e-02  -1.1945220e-01   8.4026475e-02   1.7073148e-01  -4.8105280e-02
  -1.4452807e-01   5.0673258e-02   1.1078847e-01   2.7406801e-02  -6.5077811e-02  -7.5762879e-02  -3.8902460e-02  -2.2728406e-02   1.2596924e-01  -1.0970996e-01  -6.7321300e-02  -1.6260552e-01  -3.3066682e-01  -2.3694346e-01  -1.1168977e-01   1.2067233e-01   1.8254867e-01  -2.2300456e-01  -1.0099381e-02   9.7901800e-02  -3.0902523e-01   8.1051723e-02   5.0685177e-02  -1.2232307e-01  -1.1622038e-01  -4.8730496e-02   1.3816985e-01  -4.1961903e-02   2.1924632e-01   1.6620972e-01   1.9472211e-01   5.5088754e-02  -1.1288862e-01   4.7974690e-02  -3.6419959e-02  -6.1744950e-02  -5.7262186e-02  -1.2396278e-02  -7.6788101e-02   1.2990161e-01   4.1967668e-01  -9.1751166e-02  -8.6493545e-03  -1.7188090e-01   9.0989891e-02   1.6514585e-01  -8.1047718e-02   1.4321248e-02   1.7753666e-01
  -1.3369284e-01   6.6889230e-02  -1.6793636e-01  -1.3771364e-01  -2.2846616e-03  -8.7614900e-02   2.1428060e-01  -1.6949527e-01  -2.2777070e-01   6.2501664e-02  -2.5205827e-01  -1.1687734e-01   6.7108287e-02  -4.6977092e-02  -2.1163801e-01   1.7112808e-01   3.4219047e-03   1.9987679e-01   9.2833645e-02   2.5560655e-01   1.7163575e-01  -1.6629204e-01   6.9306021e-03   2.4154560e-02  -4.1715937e-02   4.9594871e-02   1.9641000e-01   9.5757884e-03   1.7241101e-01   2.1898102e-01  -9.7302199e-02  -2.5479646e-01   5.2064561e-02  -4.1631609e-02  -4.5663676e-02   1.3723099e-01  -1.8172895e-01   1.0525322e-01  -3.4918749e-02  -1.0780504e-03   2.9038565e-02  -7.9284865e-02  -2.2304889e-01  -5.9631354e-02  -6.6680803e-02   4.1345175e-02   3.3487850e-01  -8.5480836e-02  -1.0521571e-01
  -1.5949705e-01  -5.3265727e-02  -1.0482741e-01  -1.6937334e-01   7.8540938e-02   6.6031877e-02   1.9744834e-02   9.6525012e-02   2.3194049e-01   3.6394891e-02   3.7469267e-02   3.3142479e-01  -3.4807901e-01   7.4116281e-02   1.8236922e-01  -4.1482833e-02  -1.5456692e-01   1.4333856e-01   1.6419732e-01   1.6241185e-01  -1.7053158e-02   2.1133768e-01  -1.7359242e-01   5.2246070e-02   2.4675024e-02   1.4785343e-02   4.6713889e-02  -1.4215291e-01   1.7487458e-01  -2.4972507e-01  -7.7889684e-02  -1.6194194e-01  -3.5780795e-03  -1.3050785e-01   1.5129656e-02   1.4848978e-01   1.6710383e-02  -8.3608946e-02   2.3945014e-01   1.3345866e-02  -1.7101344e-02   1.6608781e-01  -1.4130012e-01  -2.4093542e-01  -5.0849274e-02   1.8798930e-01   5.0518373e-02   5.5650353e-02   7.8681883e-02
  -1.4936155e-01   1.9619005e-01  -2.3339111e-01   3.0230904e-02   4.4452023e-02  -2.4976326e-01  -5.9141618e-02  -1.0277101e-01  -1.1651386e-01   1.1575146e-01   8.2675423e-02   4.7144452e-02   5.3343187e-02   1.9752688e-02  -5.9095668e-04  -1.5214775e-02  -1.7851436e-01  -1.7778270e-01  -9.5574493e-03   1.4907605e-01  -1.3294167e-01   2.0184826e-01   1.9346165e-01   1.8633049e-02   1.5905492e-01   2.3180589e-01  -1.1629036e-01  -6.7539640e-03  -1.2010960e-01   8.9366027e-02   3.0901048e-01  -2.6363306e-01   1.4438511e-01   4.8485259e-02   2.5168569e-01  -1.9859260e-01   1.3242517e-01   1.8142407e-01   1.0864772e-01   1.6508837e-01  -1.5129293e-01   2.4041065e-02   1.3372024e-01  -2.7961851e-02   1.2128516e-01   1.6397640e-01   9.6539053e-03  -6.2760269e-02  -2.5726271e-02
  -1.4957722e-01   2.1272961e-01  -1.5775388e-01  -1.8970952e-02  -2.6854345e-01   1.2384129e-02   2.3890310e-02  -4.5374049e-02  -6.5313684e-02  -1.2393399e-01   3.9145741e-02   2.0069872e-01  -7.9999008e-02   3.6120393e-02  -2.0115846e-02  -1.4351043e-01   4.4323598e-01   4.2151696e-02   3.6729401e-02  -1.3167436e-01   1.5790957e-01  -4.8403658e-02  -2.4420063e-02   5.2362661e-02  -3.4584456e-01  -2.7737179e-01   5.0952994e-02  -4.0601979e-02  -8.5123139e-02  -4.5653861e-02   1.4021151e-01  -2.2446104e-01   1.3339401e-01   1.3341583e-01   5.7698842e-02   8.0268495e-03   2.0849349e-01   4.7298532e-02  -2.0611048e-02  -1.2791158e-01  -1.2411096e-01  -1.0406972e-01  -1.4700389e-01  -3.3059688e-02   1.0328813e-01   3.1481770e-02  -2.1745246e-01   3.1585667e-02  -6.3454967e-02
  -1.4945718e-01   6.8110702e-02   2.5161706e-02  -2.0866354e-01  -4.1979338e-02  -1.2028158e-01  -7.2871977e-02  -3.3012291e-01   5.2859051e-02  -1.7509239e-01  -7.5232712e-02   1.2874567e-01   2.2988168e-01  -5.1341844e-03   1.5900039e-01   2.9396970e-02  -1.1303119e-01  -7.6391361e-02   1.3324460e-03   8.6421210e-02   3.8196003e-03  -9.8019886e-03  -2.4184949e-01  -1.1029876e-01  -2.4886841e-02  -2.5230252e-01  -8.0188863e-02  -7.0708151e-02  -5.7041716e-02   3.8875357e-02  -2.5091493e-01   2.5194598e-02  -5.0123380e-02  -8.6340470e-03  -9.9258155e-02   9.7373531e-03   1.0183993e-01   2.2519109e-01  -6.3510899e-02   9.2574133e-02  -1.4701499e-02  -8.0148609e-02   3.3421052e-01  -2.5938954e-01   1.1868983e-01  -2.2205701e-01   6.4042328e-02  -7.0729162e-02   2.7994764e-01
  -1.4669260e-01   2.6056096e-02  -3.3239613e-02   2.9839929e-01   5.3513591e-02   9.1262087e-02  -1.2407107e-01   1.9781720e-02  -1.8354458e-02  -2.0874241e-01   3.1959794e-01   4.5118359e-02   1.9895011e-03  -1.5897489e-01   1.1678540e-01   2.7306098e-01   1.4373624e-01  -1.4878102e-01  -1.3244987e-02   1.5877198e-01   1.2008080e-01  -3.0699131e-01   2.3856397e-01   1.6972357e-01   2.7479888e-02   4.6785078e-02  -6.5593417e-02   8.6800769e-02   1.6954570e-01  -3.1066078e-01  -9.0821546e-03   1.6053249e-02  -9.4100129e-02  -1.1028052e-01  -9.0824292e-02  -4.3789646e-03   9.6409291e-03   1.3287157e-01   9.6556063e-02  -1.7165701e-01  -8.5233816e-02  -8.8854428e-02   8.4490175e-02  -6.1587087e-02  -3.4193750e-02   6.5306540e-02   1.9927038e-01  -1.8714151e-01   6.3986092e-02
  -1.3833508e-01  -2.1752823e-01   4.6066239e-02   2.5676795e-02  -2.7891591e-01   1.2046644e-01  -1.0218527e-01   1.6101845e-01  -1.3702927e-01  -6.7443046e-02   1.2179600e-01  -2.2691825e-01   1.3832543e-01  -1.3205974e-01   1.5771700e-02  -1.6987808e-01  -7.7246986e-02   7.2433676e-02   6.0621434e-02  -2.4728674e-01  -3.1143050e-01   2.0400265e-01   6.8225148e-02   5.8677137e-02   1.9193156e-01  -2.6082490e-01   4.4935039e-02   4.8398451e-02   1.7708753e-01   1.5090252e-02  -6.8373249e-02  -2.3751214e-01   5.2798005e-02  -3.2922086e-02  -1.1590908e-01   7.1714725e-02   4.5450278e-02   1.0079134e-01   1.9342500e-01   1.7537239e-02  -1.9132688e-02  -1.0414100e-01   3.5274529e-02  -1.2275272e-01   8.5553043e-02  -7.8136357e-02   1.8226451e-01   3.2337153e-02  -2.7294618e-01
  -1.1711882e-01   2.0088252e-01   7.8180876e-02   1.6562304e-01   8.9695864e-02   4.7753577e-02   8.0723158e-02  -1.2179445e-01  -1.6250193e-01   1.2684080e-01   3.5767012e-01   2.6426817e-02   8.0006616e-03   1.4604280e-01  -1.8875226e-01   2.5406117e-02   9.1890920e-02   6.9382580e-02   7.9770442e-02  -5.4984850e-02   5.9177800e-02   1.1166339e-01  -1.5175398e-01  -2.8664568e-01   7.7509682e-02   1.8389600e-01  -1.4406631e-01  -5.7895819e-04  -1.8297723e-01   6.7010343e-02  -1.2361565e-01  -1.4527725e-01  -2.8109206e-01   7.4575831e-02  -2.5480592e-01   2.3669069e-01   7.2062744e-02  -1.0640304e-01   1.2247979e-01  -1.0786927e-01   2.6567203e-01   5.5696842e-03   9.6442690e-02  -2.2099037e-02   1.5794146e-01   9.3097465e-02  -1.4542899e-02   1.4940706e-02  -1.0025182e-01
  -1.3929101e-01  -1.9615014e-01   6.9182378e-03  -1.4260136e-02  -6.2504616e-02   1.7188420e-02  -2.5221702e-01  -1.4924965e-01  -2.3272408e-01  -6.9415025e-02   1.5596623e-01   6.8954394e-02  -4.1597575e-02  -1.3670036e-01  -1.5773385e-01  -3.3806099e-01  -7.1549340e-02   3.3998394e-02  -1.4684614e-02   9.6614720e-02   1.0108827e-01   8.3356275e-02   3.8531242e-02   2.7642610e-01  -2.7099390e-01   2.5970883e-01  -5.7310344e-02  -1.2701882e-01  -6.8268719e-02   2.3273147e-01  -1.1378324e-01   1.5457425e-01   7.1064657e-02  -3.7948849e-01   1.0735684e-03  -8.1370431e-02   3.7434785e-02  -8.6596267e-02   1.0735569e-01  -3.4728127e-02   1.5599679e-01  -6.0946048e-02  -6.4372123e-02   1.4315644e-02  -4.0612639e-02  -1.0579856e-01  -6.5679850e-02  -3.2333147e-02   9.6778162e-02
  -1.3448507e-01  -1.5050487e-01  -1.9024312e-01   8.0857097e-02   1.6128770e-01   9.4210254e-02   7.4329818e-03   2.6885306e-02  -6.4380801e-02  -1.1891416e-01  -2.0654887e-01  -2.7952166e-01   5.7084480e-02   2.0043752e-01  -4.4016725e-02  -1.2087774e-01  -5.5700269e-03   1.4768092e-02   7.7118421e-02  -9.7819023e-03  -1.6104383e-01  -9.8885511e-02  -1.5640034e-01  -1.0442466e-01  -1.6921775e-01   1.4571690e-01   2.4561018e-02  -1.3004326e-02  -9.3029076e-02  -2.6808358e-01  -1.0764023e-01   8.2571171e-02  -9.7308914e-02   2.5068002e-01   1.3393149e-01  -2.0680218e-01   3.5078426e-01   1.5984858e-01   2.3814451e-01  -2.2465139e-02   1.6663059e-01  -1.0153838e-01  -1.4849513e-01   5.6199711e-02  -1.2964650e-01   3.1850926e-02   1.4336265e-01   1.8318192e-02   1.1846174e-01
  -1.4006697e-01  -2.0099283e-02  -1.1114411e-01  -3.2692322e-02  -6.0665704e-02   3.7190838e-01  -8.8412357e-02  -1.5894848e-01  -5.8723281e-03  -2.8587867e-02  -1.1764839e-01  -7.6397043e-03  -4.3997432e-02   9.6744217e-02   1.0692805e-02   1.0415772e-01  -1.0170034e-01   6.8246853e-02  -1.8327563e-01  -4.9885996e-02   2.2475050e-02   1.3853280e-01   2.6979582e-01   6.2530228e-02   6.0211231e-02   1.8010213e-01  -2.1768403e-01   1.4237429e-02  -2.4990138e-02  -9.4661003e-02   3.0690184e-02   4.9408735e-03  -4.6314560e-02   1.5147261e-01  -1.5351002e-01   2.7855853e-01  -8.7737374e-02   2.9420532e-01  -1.8817814e-01   2.0619225e-01   1.9615136e-02  -1.3919824e-01  -1.8029099e-01  -1.2103770e-01  -1.8280788e-01  -8.9730913e-02  -3.1151667e-01   9.3428382e-02   1.4225082e-02
  -1.4855751e-01  -1.3133965e-01  -8.9846488e-02   2.8793464e-01   1.1975176e-01  -1.1749526e-01  -6.2296978e-02  -8.7179817e-02  -4.0689681e-02  -1.6703794e-01  -2.9460673e-01   6.8511953e-02  -3.8528856e-02  -1.8329063e-01  -5.2912448e-02  -6.4231569e-02   1.0277820e-01   2.2939212e-01  -1.0927576e-01   1.2807954e-01  -1.4702022e-01  -7.2089928e-02  -2.4570730e-01   4.7696101e-02   2.6538758e-01   5.4114428e-02  -7.6280115e-02  -1.7791397e-01   4.8263136e-02  -1.8672110e-01  -7.9044182e-02  -6.7212509e-02  -6.4238872e-02  -4.3491072e-02   1.7126973e-01   6.9210553e-02  -1.0541903e-01  -1.1271988e-01  -1.4411933e-01  -3.0802287e-02  -3.5496702e-02  -1.0180489e-01   1.0813059e-01   1.3506919e-01   2.4631017e-01  -1.8630583e-02  -2.7898716e-01  -8.7280182e-02  -2.3138470e-01
  -1.5866251e-01  -2.2647229e-01   4.8967206e-02  -2.7597795e-02  -1.4386024e-01   4.7018383e-03   9.1753796e-02  -1.4065499e-01  -4.6219270e-02   7.9845869e-02   1.2549338e-01   6.4852572e-02   7.5802602e-02   2.9796246e-01   2.3726741e-01   1.1384212e-01  -5.7067037e-04   1.1146217e-01  -2.1906864e-01   2.1588832e-01   6.3601660e-02  -1.4556498e-01   1.4593728e-01   1.8871068e-02   2.0179660e-01  -3.2136680e-02   3.0191059e-01  -3.4207555e-02   9.0988786e-02   4.0362695e-02   5.2201689e-02   6.4927935e-02  -6.2254737e-02  -6.3692955e-02  -1.0751256e-01  -2.3138461e-01   2.9382743e-01  -9.0904517e-02  -8.3816975e-02   8.2547484e-02   1.4318137e-01   5.2007059e-02  -1.0359045e-01   7.5611052e-02   2.4696361e-01  -1.3144998e-02  -7.5502291e-02   2.8349433e-01  -7.7572616e-02
  -1.3120555e-01  -5.0947543e-02   1.2390412e-01  -1.0135712e-01  -2.9799480e-01  -1.5863700e-01   6.3820873e-02   3.0240141e-01  -1.0986996e-01  -6.2127509e-02  -4.4414447e-02   1.1102457e-02  -1.0083534e-01   2.9670361e-01   2.4568406e-02   4.7960853e-02   1.9537927e-01  -7.5488803e-02   8.7421392e-02   1.0921924e-01   1.2421198e-01   1.9758526e-02  -9.6776292e-02   2.4517114e-01   5.2295266e-02   3.6735006e-02  -2.1435257e-01  -2.4865070e-01  -4.3906542e-02   7.6746513e-02  -7.2121764e-02   1.8610609e-01  -1.9056672e-01   1.6553614e-01  -6.3636400e-02  -9.9062096e-02  -2.0445095e-01   1.0255192e-01   1.1015872e-01   2.7555743e-01  -4.1868312e-02  -6.4523869e-02   1.6365932e-01   8.3345703e-02  -9.3585868e-02   1.2866608e-01   5.8510890e-02  -8.4765811e-02  -1.5544173e-01
  -1.4112320e-01   2.4739885e-01   4.2707337e-02   2.1559844e-01   1.4408719e-01   2.4980957e-01  -4.4846306e-02   3.5995605e-02   1.1762110e-01   2.9403015e-02  -1.1655919e-01   1.6954929e-02   9.0010165e-02   1.1866326e-01   2.1877874e-01  -1.5346801e-01  -4.6211562e-02  -1.0018529e-02   2.5148190e-03   8.7880719e-02  -8.4317048e-02   2.7657105e-02   1.8771070e-01  -7.5859162e-03  -1.5433708e-01  -2.1562028e-02   3.5559817e-01  -3.6416418e-01  -2.0961270e-01   1.2619875e-01   5.0389118e-02   1.7765641e-01   3.5477477e-02   2.4813248e-02   6.3558909e-02   1.0275725e-01  -2.3385867e-01   1.0223644e-01   4.8935038e-02  -1.8495589e-01   3.7091048e-02   6.2474927e-03   1.6877817e-01  -8.7037126e-02   4.4891277e-02  -3.5104577e-02   1.3707320e-01   4.5334664e-02  -2.2735966e-01
  -1.5133251e-01  -6.7500945e-02  -4.0572078e-03   1.5063003e-01  -1.2554176e-01  -6.8498622e-02   1.3356433e-01   2.0038161e-01  -1.9528040e-01  -7.0204346e-02  -1.0232911e-01   2.5691408e-01   1.0340264e-01   6.1974012e-02   2.2791539e-01   5.0552458e-02  -2.0088925e-01   4.8222291e-02   1.8769175e-01  -4.7368483e-02   2.4102077e-03   6.1897503e-02   1.2686015e-01  -4.6929406e-01  -1.6913870e-01   4.5963812e-02  -1.1872548e-01   7.0583964e-02   2.7922970e-01   9.8140708e-02  -2.2697410e-02   2.7527422e-02   7.8575207e-02  -1.1030471e-01   2.3885839e-02  -6.2156022e-02  -1.2889472e-01   5.0489700e-02  -4.5963730e-03  -1.7102770e-01   3.5559823e-02  -2.0933440e-01   5.2537283e-02   2.2743774e-01  -7.6264821e-02   7.2134948e-02  -1.6598965e-01   3.9427900e-02   1.1364203e-01
  -1.3646990e-01  -1.3459942e-01   2.5201582e-04   2.7710674e-02   1.7938496e-02   1.9523497e-01   1.1414423e-01   1.2423174e-01   1.3504636e-02   1.4270214e-01  -1.7532970e-02   1.9809053e-01   5.4703908e-02   5.6681569e-02  -2.1547948e-01   2.4774131e-02  -1.4640157e-01  -1.7992489e-01  -8.4104122e-02   7.6586579e-02  -1.8830440e-01  -1.4503040e-01  -8.6750462e-02   1.1445232e-02  -8.7963057e-02  -1.2103178e-01   4.0921000e-02  -1.1704919e-01   1.3746383e-01   2.1786330e-01   2.3413342e-01   2.7202662e-02  -1.9093534e-01  -4.2787799e-04  -1.8322889e-02   2.7914986e-01   3.3833800e-01  -4.4869083e-02  -9.7208273e-03   4.7891386e-02  -1.6719049e-01   9.4292893e-02   1.8357157e-02   1.5379906e-01  -9.2709684e-02  -1.2928927e-01  -4.7987114e-02  -4.1185189e-01   3.1666572e-03
  -1.5793003e-01   1.5608558e-01  -1.3403691e-01  -1.3624594e-01   1.3424098e-01  -1.5077643e-01  -2.1114697e-01   9.6902321e-02  -1.4834883e-02  -1.4647220e-01   1.1460787e-01  -8.4703431e-02   1.5778421e-03  -9.1833700e-03  -1.8870147e-01   3.3884909e-02  -3.1724690e-01  -4.1094211e-02   6.1717714e-03   2.4904421e-02   2.0291129e-01   4.5676799e-03   1.6894542e-01   2.3087446e-02  -3.6435202e-02  -2.0989722e-01   1.9703863e-01  -5.9231112e-04   1.4305739e-01  -9.3057164e-02  -2.6371728e-01   2.2446519e-02   1.1858572e-01   2.8627523e-01  -6.8999351e-02  -4.4997072e-02   3.9605071e-02  -1.4877723e-01  -2.9952308e-03   2.7613474e-02   1.7589871e-01   1.6399502e-01   1.3395935e-01   1.1257834e-01  -1.3279068e-01   4.3059365e-02  -2.9929207e-01  -1.2281891e-01  -2.0997052e-01
  -1.4619001e-01  -3.4731402e-02  -3.0717589e-01   1.9368153e-01   1.3213015e-01  -1.7077866e-01  -1.6765825e-01   4.5063449e-02   5.6302715e-02   6.2921441e-03   1.1912362e-01  -9.6185350e-02   1.6715545e-02   2.6322031e-03   1.4265990e-03   1.2972003e-01   7.5678927e-02  -1.7824183e-01  -3.3293722e-02  -2.2829155e-01   2.8456360e-01   2.8177358e-01  -2.4402390e-01  -6.5877042e-02   9.8427806e-02  -1.0957151e-01   7.6865347e-02  -1.1304030e-01   1.4317744e-01   1.5777600e-01   2.5788575e-02   2.0838196e-01  -1.4842231e-01  -1.7605552e-01   1.5089330e-01   1.0822049e-01   7.8349483e-02   1.5565922e-01  -1.9503008e-01   2.0908860e-02  -8.6738797e-02   1.1393462e-02  -1.6081706e-01   4.0463832e-02  -1.2081036e-01  -2.4589092e-02   1.3239892e-01   2.2789217e-01  -6.3343838e-02
  -1.3799591e-01  -6.6410309e-02   1.6900873e-01  -1.9345960e-01   1.3741310e-01   1.5420586e-01  -1.9454452e-01   2.6715976e-01  -3.4523761e-01   1.4716374e-01   3.8093308e-02   5.2870466e-02   7.3998360e-03  -2.8424431e-02   1.0790958e-01  -2.0380097e-02   3.7160727e-02  -1.0006705e-01  -2.3219516e-01  -1.1254016e-01   1.1262088e-01  -1.6150256e-01  -5.3042831e-02  -1.1686983e-01   4.5245505e-02  -6.1411744e-02   1.8290922e-01   4.3176978e-02  -1.8989983e-01  -7.9256641e-02  -6.0951891e-02  -2.6272923e-01  -1.3092781e-01  -7.3344696e-02   3.6970097e-01   3.0530791e-02  -1.2216713e-01  -7.4640297e-02  -1.4105450e-01   1.6177227e-01   9.2395301e-02  -1.2948587e-01   3.5621236e-02  -1.1949707e-01  -6.8341920e-02   1.2625860e-01   1.4191977e-03  -4.8156885e-02   1.4401629e-01
  -1.5087207e-01  -2.8667032e-01   1.0596555e-02  -1.6341438e-01   1.6180204e-01   2.4051370e-01   1.6354053e-01   2.8015692e-02   3.6108008e-02  -9.6118573e-02   1.3649298e-01  -5.9467825e-02  -6.3089097e-02  -1.7171053e-02  -2.3648081e-01  -5.2875704e-02   3.7007892e-02  -4.5801543e-02   1.0886158e-01  -6.0235961e-03   2.4446482e-01   1.6134816e-01   9.2613007e-02  -9.6890988e-02   2.5184872e-02  -4.3153152e-02  -6.7059297e-03  -1.1481078e-01   2.2373492e-02  -1.0272304e-01   1.0430293e-01   1.1056411e-02   1.2952339e-01   1.5212924e-01   6.7796184e-02  -4.3616340e-02  -2.3179633e-01   1.4671510e-01  -3.9416299e-02  -5.8988068e-03  -4.9780570e-02   1.1100395e-01   3.4022150e-02   2.3086527e-01   4.8073250e-01  -1.2216445e-01   1.0694650e-01  -5.0242689e-02   2.2711297e-01
  -1.5016047e-01   3.9746078e-02  -2.2085950e-02  -1.5145547e-01  -2.6529330e-02  -1.0689375e-02   2.8024000e-01  -3.9797626e-02  -3.4127559e-01  -1.8339620e-01  -2.2920516e-02   9.2444620e-02  -1.3362745e-02  -3.7658919e-02  -7.2362433e-02   3.0293588e-01  -2.6153135e-02   1.2231292e-02   5.7033992e-02  -1.7345862e-01  -2.0372361e-01   6.9500362e-02   1.8631500e-02   2.5896861e-01   1.7935562e-01  -2.8423469e-02   7.0866389e-02   1.0163078e-01  -1.3774931e-01   3.6799906e-02   3.0304965e-02   2.8017440e-01  -4.9357266e-02   3.7202275e-02   2.5013386e-01   8.4516051e-02  -2.6440328e-02  -3.9908243e-02   1.2559162e-01  -3.4326096e-01   2.1950964e-02   2.0240864e-01   3.6087194e-02  -1.3254845e-01  -4.8258457e-02  -4.7157132e-02  -1.1605175e-01   1.3357682e-01   1.1013657e-01
  -1.5754147e-01   3.4717205e-01   2.2554723e-01   9.2318696e-02  -6.8281552e-02  -3.4639451e-03   2.1384027e-01  -1.4150860e-01  -1.1909159e-01   2.9839926e-01   1.0497621e-01  -8.4571999e-02  -7.7170053e-02  -5.2398806e-02   8.1557321e-02  -1.1357984e-01  -2.6447698e-02   1.3579506e-01   9.1310702e-02  -8.1958625e-02  -1.2834016e-02   8.7474936e-02  -1.0755942e-02   1.2065663e-02   7.3815756e-03  -6.7774487e-02   5.0713678e-03   7.0717872e-02   1.5471610e-01  -2.8227501e-01  -9.9383652e-02   3.4893141e-01   1.1174743e-01  -1.0554886e-01   2.0259687e-01  -1.7813749e-02   7.1809552e-02   6.9897428e-02  -9.8927355e-02   2.7313246e-01   4.0262104e-02  -2.4604877e-02  -1.6302415e-01   3.4009300e-02   6.7107590e-02  -8.7577466e-02   3.0017691e-02  -2.8938946e-01  -4.2259626e-02
  -1.2489267e-01   2.5909097e-01  -2.3958214e-02  -2.7725114e-01   6.4137358e-02   1.2092152e-01  -1.8932823e-01   1.9012170e-01  -2.7899256e-02  -2.0342234e-01  -9.4737638e-03  -1.7207735e-02   1.2386086e-01  -1.2855416e-01   6.3495372e-02   8.8959240e-02  -7.9143201e-02   3.0254677e-01  -1.4245245e-01  -1.7002701e-01  -1.0445320e-01  -3.2078966e-02  -5.0214061e-02  -6.2903750e-02  -5.2850425e-02   1.6105659e-01  -1.6875159e-01  -1.3481064e-01   4.6436526e-02   1.0965614e-01   8.2052833e-02   1.8073299e-01  -5.5632400e-02   2.7416188e-02  -1.8694361e-01  -1.7189241e-01   1.0651469e-01  -1.4598323e-01  -1.9634095e-01  -3.8690954e-02  -1.8126118e-01   5.4868447e-02  -1.7495034e-01  -2.9651671e-02   2.2687352e-01   2.5721187e-01   1.8405204e-01  -9.1394062e-02  -1.0577816e-02
  -1.3653852e-01  -1.2427232e-01   2.2164099e-01  -5.7692625e-02  -1.3147836e-01   5.0263035e-02  -3.0473094e-02  -1.0007835e-01   1.6153818e-01   4.6118045e-02  -8.4381765e-02  -8.5064221e-02   3.1329753e-01  -4.3471871e-03   1.0364273e-01   1.9711640e-01   7.4770353e-02  -2.0457241e-01  -1.1631521e-01  -1.0764889e-01   1.4099698e-01  -8.1448141e-03  -2.3446735e-01   1.3404488e-02   8.0358833e-03   1.6800633e-01  -1.3375386e-01  -1.2685631e-01   5.6113644e-02  -4.7381894e-02   8.9924195e-02  -3.6451064e-02   4.7418214e-01  -1.4782946e-02   7.8954292e-02   1.4716562e-01   3.9770210e-02  -5.8455568e-03   1.0406829e-01  -1.3485676e-01   2.7757312e-01   1.5390921e-01  -4.2649077e-02  -2.3023209e-03  -3.9714814e-02   2.1500497e-01  -4.3377604e-02  -1.3013115e-01  -1.2183188e-01
  -1.4237231e-01   2.5283265e-02  -2.0569526e-01  -4.8634929e-02  -1.7910309e-01   2.2557377e-01  -2.8298360e-01  -1.7715412e-02   1.8470171e-02   3.5738021e-01  -2.0283760e-01  -1.8954353e-01   4.5645811e-02   3.7486292e-02   5.5253901e-02   1.5155756e-01   1.3618662e-01   7.8773004e-02   5.2648811e-02   2.9272704e-01   2.8033888e-02   2.8479889e-01   1.4929424e-02   3.0567884e-02  -4.3777606e-02  -2.1934114e-01  -1.6388954e-01   2.3839221e-01  -6.3616083e-02  -4.6015762e-02   2.5964330e-02   4.5803043e-02  -1.2189143e-01  -6.0757278e-02   3.5549315e-02  -8.5513183e-02  -3.5464217e-02  -2.4121048e-01  -5.7009675e-03  -2.1853346e-01   3.0242067e-02   5.8208878e-02   1.5370165e-01   1.3977429e-01   1.0352365e-02  -5.6468654e-03   3.7988827e-02  -8.3694350e-02   8.4205207e-02
  -1.4466429e-01  -5.5316372e-02  -6.2137219e-02  -4.8207561e-03  -6.8653780e-02  -7.7696100e-02   2.7052920e-01  -4.8646438e-02   2.0767067e-01   1.2415988e-01   1.4677753e-02  -1.1261136e-01   3.9290125e-02  -2.6464728e-01   1.7787394e-01  -1.4411117e-01  -3.6798079e-02  -2.7675516e-02  -1.4894045e-01  -7.7561450e-02   1.1975026e-01  -5.3629032e-02   2.4372429e-01   1.1268269e-01  -1.1649530e-01   9.4023489e-02  -1.8921735e-01  -6.9163028e-02   1.1402902e-01   1.2764317e-01  -2.2946542e-01  -1.4800850e-02  -1.5838667e-01   2.8956329e-01   2.4893715e-01   2.2566917e-01   1.2012406e-01  -3.0169269e-01   3.5696230e-02   5.2626244e-03  -6.9317288e-02  -1.1719297e-01   1.1993871e-01   9.4111308e-03   5.3273490e-02   7.4329947e-02   1.1534086e-01   1.8599970e-01   8.7980371e-02
  -1.2899975e-01  -8.7339232e-02   2.0340662e-01  -3.1295732e-02   4.7940267e-03  -3.0323569e-01  -9.6371162e-02   2.6681152e-01  -2.6520469e-02   6.9441265e-02  -1.1304698e-01  -1.6511461e-01  -1.0511924e-01  -1.2881588e-01   1.6216190e-01   1.3013847e-01   2.6430035e-02  -1.6582536e-02   2.0116995e-01   9.4894004e-02  -3.8395652e-02  -3.2440161e-02   1.6987117e-01  -5.0781754e-02  -2.0106597e-01   1.3605958e-01  -6.8531073e-02  -1.2992987e-02  -2.3125627e-01  -5.9702448e-02  -1.1633627e-01  -1.2521518e-01  -6.3047697e-02  -8.0823376e-02  -4.9878428e-02   1.9441007e-01   1.9941365e-01   1.9885872e-01  -1.8398959e-01  -6.7766023e-02  -3.5371355e-02   3.5634809e-01  -1.2095750e-01   3.2567572e-03   1.4929645e-01  -2.5163065e-01  -5.9352971e-02   4.7630775e-02  -8.4797134e-02
  -1.4761191e-01   5.5385030e-02   2.3195355e-01   2.0234732e-01   2.3876616e-02   1.8074874e-01  -2.9634793e-02   3.5086039e-02  -1.3315391e-01  -2.5378329e-01  -1.3204336e-01   9.2830555e-02  -4.3294318e-02  -7.5521626e-02  -1.6706652e-01  -1.2904323e-01   4.7717960e-02  -3.2728225e-02   3.3324690e-02   2.8976613e-01   7.8994749e-02   3.6980296e-03  -1.8965982e-02  -1.5498356e-01   8.0156794e-02  -1.0104481e-01  -1.1885113e-01   2.2466832e-01  -6.2787513e-02   4.8824551e-02   2.5667131e-02   1.1823438e-01   2.6631211e-01   5.0156090e-02   1.1008325e-02   1.2175114e-01   1.7354480e-01  -1.4529637e-01  -5.6238293e-02   2.4805717e-01  -1.3956638e-01   1.9321162e-01   8.6298825e-02  -2.6538008e-02  -1.4532048e-01   1.0019766e-01   2.0748476e-01   3.4474085e-01  -3.3734097e-02
  -1.5579939e-01  -6.0598207e-02  -3.7063713e-02   1.2290277e-01  -1.2319950e-01   6.6209693e-02   5.2670291e-02  -3.3463470e-02  -4.2256842e-02   7.6437159e-02   2.7278387e-02   9.7471747e-02  -3.0125546e-02  -1.8870370e-01   1.8828448e-01  -3.1323512e-01  -1.4195850e-01  -2.3834788e-01   5.5364654e-02   7.0748198e-02   1.0039937e-01  -9.1662530e-02  -2.1999291e-01  -3.9271126e-03   1.5608137e-01   4.6282530e-02  -4.3935611e-02   1.6314263e-01  -1.9342037e-02   1.0529091e-01   4.5543025e-02  -1.0460707e-02  -1.3079635e-01   3.3855363e-01  -1.1030479e-01  -2.8157090e-01  -1.9384822e-01   2.2447594e-02  -1.8353868e-01  -2.1268657e-01   3.0778211e-02   2.1449367e-01  -2.6502395e-01  -1.8864817e-01  -6.4452196e-02  -8.5261808e-02  -7.4152881e-03  -1.1236228e-01  -8.0495282e-02
  -1.4376030e-01  -3.4899191e-02   8.3537622e-02  -5.4095934e-02   1.7591396e-01  -2.4947899e-01  -5.0037709e-02   2.6347930e-02  -3.0394383e-02   1.8466829e-01   2.0135871e-02   1.3088583e-01   5.7379863e-02   7.0166303e-02  -4.8219635e-02  -2.7697487e-01   2.8794442e-01   2.3857132e-01  -1.1087354e-01  -6.8602480e-02  -1.3279338e-01   6.3710056e-02   1.3094007e-01   1.0085086e-01   1.6710194e-01   6.8364258e-03   3.3569792e-03  -8.5055088e-02   1.6542019e-01  -6.9618105e-02   9.0970582e-02  -3.2838469e-02   1.1496414e-01   1.4228235e-01  -1.8117483e-01   3.4881176e-02   3.3667991e-02   1.3167528e-01  -2.4508988e-01  -2.1039527e-01   1.1934300e-01   9.9499663e-02   1.7921275e-01   9.4571789e-02  -3.2009378e-01   9.9752710e-03   1.5400322e-01   4.9126407e-03   2.5995657e-01
  -1.6338150e-01  -5.1692079e-02  -1.5918040e-01   1.9125283e-01  -1.8795560e-01  -8.6778864e-02  -2.1633468e-01   2.2919413e-02   6.1500104e-02   1.1088513e-02   4.6547089e-02  -1.9898405e-01  -1.3719469e-01   3.0978092e-01   2.7132742e-02  -4.7379325e-03  -2.0108417e-02   1.3372933e-01   1.9764185e-01  -1.9684377e-01  -9.3410971e-03  -2.7456130e-01  -6.0193682e-02  -2.8793586e-02   9.0272710e-02   2.0354714e-01   1.6966142e-01   1.2330249e-01   2.1513776e-03   1.3192622e-01   5.2924258e-02   6.4779519e-02   2.3313331e-01   8.1007356e-02  -3.0920541e-03   1.9147464e-01  -1.0873712e-01  -2.2833217e-01  -2.9774747e-02   9.9196616e-02  -1.5729484e-01   3.6451657e-02   1.0210814e-01  -1.9017275e-01   1.0281876e-01  -8.8087837e-02  -3.8689234e-02  -1.2176888e-01   2.8937325e-01
  -1.4649764e-01  -1.0292136e-01   1.2934615e-01   1.1914650e-01   1.1764093e-01   1.2133293e-02   8.0687381e-02  -2.7656213e-01  -7.9594867e-02  -5.0574165e-03   1.6018224e-01  -1.8048734e-01   2.5902161e-01   9.6455159e-02   3.8452220e-03   8.3807879e-02   8.0009310e-03  -3.9636927e-02   1.5951347e-01  -3.9525424e-02  -2.2162576e-01   4.0048559e-02  -4.6606981e-02   8.5322893e-02  -3.1785883e-01  -8.0667660e-02  -9.8690044e-03  -1.6643201e-01   6.8911108e-02  -1.2196656e-01   1.1819446e-02  -1.9101035e-01  -1.2844500e-01  -4.0306586e-02  -4.6373893e-02  -1.4548362e-01  -2.4962902e-01  -1.9149543e-01  -1.4283715e-01   1.5853563e-01  -2.8144238e-01   2.3002325e-01  -4.1948080e-02   3.9390673e-03  -1.7248975e-01   1.5266128e-01  -1.3373977e-01   1.3137297e-01   5.9528938e-02
  -1.3988422e-01   1.8080794e-01   3.9140318e-01   9.5199867e-02  -4.8346602e-02  -1.8591213e-02  -1.6436417e-01  -5.3033721e-02   8.9908227e-02  -4.4793859e-02  -1.5750055e-02   2.1916289e-02  -1.5472899e-01   1.6853102e-02  -4.9110058e-02   2.2356587e-01  -1.8868954e-02   4.6937776e-02  -2.5504987e-01   1.3132835e-04   1.3239511e-02   1.8899179e-01  -9.4845162e-02  -2.2080211e-02   4.2702788e-02   1.2144179e-01   1.1822749e-01  -5.5163285e-02   7.2175764e-02   1.0091924e-01  -1.0902227e-01  -2.0768495e-01   1.2220780e-02   1.9408692e-01   6.5068827e-02  -1.7366281e-01  -2.6392285e-02  -6.0160039e-02   2.4982463e-01  -1.1233757e-01  -2.3366623e-01  -1.0865862e-01  -1.6964014e-01   1.9513117e-01  -1.1151597e-01  -3.6365418e-01   4.7019062e-02   1.9948400e-02   1.2819093e-01
  -1.3722565e-01   2.7620787e-02   4.1480626e-02  -9.3472358e-02  -3.3450766e-02   1.7558680e-01   2.2601522e-01  -4.6234578e-02   3.0655229e-02   5.7482967e-02  -1.0883501e-01  -2.1266533e-01  -3.6024301e-01   3.7620289e-02  -1.1444192e-01   1.6821032e-02  -9.8418343e-02  -1.6178328e-01   8.5016616e-02  -1.5378821e-01   1.0806389e-01  -5.7055132e-02   1.0047243e-02  -5.5503796e-02   1.2159566e-01   9.1318511e-02  -3.8388749e-02  -1.9620137e-01  -3.3657350e-02  -6.0161263e-02  -4.8939492e-02  -1.1903657e-01   9.5565227e-02  -2.5575763e-01  -1.1001232e-01  -2.6347145e-01   2.0921450e-01  -6.9372848e-02  -2.6275012e-01  -2.2381691e-01  -1.4391161e-01  -1.5507438e-01   2.9678268e-01  -9.9020627e-02  -1.6419946e-01  -6.9428030e-03  -1.0294809e-02   2.9704361e-02  -1.2331947e-01
  -1.2180074e-01  -1.1748650e-01  -5.7257990e-02   2.5265781e-01   4.4143930e-02   5.6237309e-02   5.0061135e-02   9.5877600e-02   9.1784936e-02   3.2228216e-01  -1.7836700e-01   2.2476022e-01   6.3614958e-02  -2.6413791e-01  -1.5271352e-01   1.7964502e-01   7.8603251e-02   3.2117840e-02   1.4969813e-02  -2.0385523e-01   1.1761448e-02   8.4986943e-03   6.3011560e-02   6.8834027e-02   4.2150834e-02  -5.4695775e-02   1.4918630e-01   7.1915178e-04  -2.2647532e-01   1.1308925e-01  -3.2530846e-01   5.9012396e-02   1.1420724e-01   5.4408037e-03  -2.4967934e-01  -2.1578045e-01   4.3653015e-02   1.3513023e-01   1.4570671e-01   1.6220997e-01  -9.8760448e-02   3.7591189e-02  -1.6391801e-02  -3.9951063e-02   6.7020550e-02   2.4973298e-01  -1.0728702e-01  -1.5794142e-02   1.5410904e-01
  -1.2948180e-01  -1.2113890e-01   1.3536618e-01  -1.3919843e-01   1.6028663e-01  -1.3757740e-01  -7.2922810e-02  -4.7641073e-02   1.5153930e-01   1.5309472e-02  -1.2160759e-01   5.8954307e-02   2.2682416e-01   2.7387961e-02  -1.6794815e-01  -5.7401178e-02   2.1641395e-01   1.8556005e-02   1.9268420e-01  -2.7983756e-02   1.4581643e-01  -7.6530011e-03   3.1609930e-01  -2.6226419e-01   1.7697138e-01  -3.0724980e-02  -8.3174924e-02  -5.1338596e-02   1.4569914e-02  -2.7142530e-02   1.4121191e-01   1.4440517e-01  -1.4668631e-01  -5.6729888e-02   7.6499860e-02  -1.0841298e-01   3.8395888e-03  -2.0277466e-01   2.1573296e-01  -4.6569480e-06  -9.8018812e-02  -1.0571427e-01  -1.6867020e-01  -3.7742075e-01  -8.7957678e-02  -1.4709356e-01  -1.0223937e-01  -1.1179955e-01  -1.4422296e-01
  -1.5226183e-01   1.1578742e-01   1.1015081e-01  -1.0180651e-01   1.7209478e-03   5.2155357e-02   4.4229009e-02   1.1420024e-01   3.1828902e-01  -1.6049153e-01   8.8144558e-02   4.2197774e-02   2.6938924e-01  -3.3782767e-02  -6.1256297e-03  -3.8865686e-02  -1.4241455e-02  -5.8653238e-02   4.1975476e-01   1.0173831e-01  -5.3987252e-02   8.5841265e-02  -5.5295108e-02   2.4625649e-01   1.9286112e-01   1.1849325e-01   1.9415360e-01   1.7295364e-01  -1.9135599e-01   3.8236562e-02  -1.9424742e-02  -9.0047079e-02  -4.9519355e-02  -4.7639249e-02   2.3775408e-02   6.3807145e-02   7.6660757e-02  -4.8978247e-02  -2.3539487e-01   1.0094488e-02   6.2816885e-02  -3.3780976e-01  -1.1977232e-01   2.4096992e-01  -5.2587576e-02   6.5508621e-02  -6.0423639e-02   1.2043537e-02   8.5217237e-02
