  -1.2181603e-01   1.7645447e-01  -2.9663492e-01  -3.3894827e-02   1.0754325e-01  -1.6307396e-01   6.6801246e-02   3.3763681e-02   7.3255641e-03   4.8877579e-02   1.9035483e-01   1.3300001e-01  -1.2245240e-01  -7.2530389e-02  -1.4554234e-02   1.8845270e-02   2.3520924e-02  -2.8186227e-01  -2.2446131e-01  -2.6275815e-02   1.9381217e-01   2.2817277e-01  -1.5717534e-01   2.2974374e-01   4.3446144e-02  -8.4772550e-02  -5.8236434e-02  -1.6037705e-01   6.3417938e-02   1.1083946e-01   1.4093913e-01  -2.0374819e-02   6.4057107e-02  -3.2504885e-01   1.0872452e-01   1.1462178e-02   5.0892728e-02   2.9324511e-02  -2.9535136e-01   2.1434467e-01   1.6045502e-01   1.3814709e-02  -6.6586673e-02   1.1741832e-01   1.1338480e-01   5.1306959e-02   1.3921103e-01   1.8328023e-01   4.4909767e-03
  -1.2154169e-01   3.4528130e-02  -1.6315435e-02   3.9472006e-01   1.3662017e-01  -1.0270644e-01  -1.2371537e-01   1.6829659e-02  -1.5034696e-01  -2.4224204e-01  -1.5092533e-01  -1.3538538e-01   7.0237343e-04  -1.4712646e-01  -2.7747457e-02  -1.4963509e-01   4.1042208e-02   2.0696220e-02  -2.3997028e-04  -2.9393797e-02   9.1088072e-02  -1.7855813e-02   2.6061407e-01   5.1664303e-02  -2.2294933e-01  -1.5564326e-01   5.5653358e-02  -2.1827220e-01   1.9362493e-02   1.7452151e-02  -1.4700776e-01   1.4841387e-01   4.7131141e-02  -5.3351872e-02   1.1139984e-01  -3.1248815e-02   8.9707768e-02   1.3525173e-01   7.6996640e-02   6.0477292e-02   1.1232519e-01   3.0378767e-02   7.1687304e-02   2.0298551e-01  -3.3223606e-01  -9.3900049e-03  -2.1524436e-01   1.1612471e-01  -2.8327634e-01
  -1.3758187e-01  -4.3836159e-03   5.9712324e-02  -1.4782670e-01  -1.2950134e-01  -5.9639715e-02  -2.7103015e-01  -2.0695859e-01   4.8029105e-03   1.5420519e-01  -1.6513068e-01  -2.3352714e-02  -2.7225481e-01  -2.1194401e-01   2.3458640e-01  -1.7486695e-01   1.2703276e-02  -6.4268253e-02  -9.8508662e-02  -1.8333996e-01  -8.4052954e-02  -1.4465957e-01  -1.8713303e-01   2.4818163e-02  -2.3344295e-01   1.0625224e-01  -4.0112740e-02   1.0034709e-01   4.6950155e-02  -1.8046644e-01   3.6433738e-02  -5.1593113e-02   1.1241989e-01  -1.6645925e-01  -6.3303784e-02  -5.2435963e-02  -3.8892009e-01  -1.7877141e-02   1.1923576e-01   1.4128114e-01   1.5796002e-01   3.4906046e-02  -4.5452294e-02  -1.5884558e-01  -9.5182696e-02  -1.7574441e-01  -3.3243367e-03   2.9806185e-02  -9.0086771e-02
  -1.4349560e-01  -1.9180548e-01   1.5980749e-01   8.2529228e-02  -8.3389618e-02   1.2002102e-01   8.0700498e-02   2.5375450e-01  -1.9012765e-01  -7.7827317e-02  -5.8156138e-02  -4.7669344e-02   8.1859604e-02   1.3277605e-01   2.6145946e-01   3.4613343e-04  -1.2296930e-01  -9.6170597e-02   4.6942606e-02  -5.7232113e-02   7.3140408e-02   1.7457731e-01  -1.1200388e-01   3.1011049e-01   1.5948225e-01  -6.4706912e-02   1.9684663e-01  -1.9200364e-01  -1.6833704e-01  -9.4414337e-02  -4.3392699e-02   2.0110041e-02  -7.7975859e-02  -3.1509362e-02  -9.7707323e-03  -1.0351539e-01  -5.5497482e-02  -1.6311122e-01   1.4607532e-01   1.5510848e-01  -1.8579760e-01   6.6319926e-02  -2.3190972e-01  -3.0626240e-02  -7.8601085e-02  -3.1493706e-01  -1.6947066e-02   1.2587046e-01   2.2403727e-01
  -1.6055096e-01   1.6548713e-01  -2.5004596e-01  -1.1636367e-02  -2.9105212e-01   3.1254688e-02  -2.7508813e-01  -9.4567078e-02   2.3730871e-01  -1.6167130e-01   1.1362099e-01  -1.1195239e-01   3.4687916e-02   8.3163012e-02   8.5377798e-02  -1.6894631e-01  -3.8151477e-02  -9.2781020e-02   1.3435103e-01   2.2341996e-01  -2.8813113e-01   1.1417069e-01   1.5081060e-01   1.1709270e-01   8.6997577e-02  -1.3930604e-01   3.6133886e-02  -9.7512326e-02  -1.0332895e-01  -1.1066312e-02  -9.0350604e-02   1.4949989e-01   1.1356762e-02   1.2321275e-01  -5.7033123e-02   3.0570342e-01  -2.3563525e-01  -9.8286117e-02  -1.2822602e-01  -1.7126229e-01   2.2040068e-02   4.8476690e-02  -9.5566171e-02   3.6246972e-02   1.1969490e-01   4.8511054e-02  -9.1392958e-02   9.8055155e-02   3.8479082e-02
  -1.3850167e-01   2.9008043e-02  -2.5381308e-01  -1.1869191e-02  -2.1528144e-01   2.3494549e-01  -1.4135496e-01  -9.2434761e-02  -8.5447474e-02   6.8398977e-02  -3.0682757e-01   1.4454375e-02   5.8717261e-02  -9.2238502e-02   3.5074627e-02   1.8883693e-01   1.9519897e-01  -6.0600683e-02   3.1023749e-01  -1.5552726e-01   1.0869786e-01   5.6877344e-02  -8.0156364e-02  -2.1494536e-01   8.7104133e-02  -1.4645511e-02   1.8970549e-02  -1.9637056e-02  -4.6538335e-02   5.5078647e-02  -3.5694927e-02   3.0191376e-01  -5.2070465e-02  -8.9396027e-02   1.2384390e-01  -5.5195212e-02   1.7073717e-01  -6.0247472e-02   1.2748983e-01   1.3525035e-01   1.0539289e-02   2.5157389e-01   2.5077399e-01   4.7426848e-02   1.8530892e-01   1.4434031e-02   1.8338006e-01  -1.6963315e-02   2.6270962e-02
  -1.4771645e-01  -3.4511545e-03   3.1228892e-01  -4.5111937e-02   1.0963179e-01   9.9093854e-02  -7.8552139e-02  -8.3958937e-03  -6.0806301e-02   8.3815386e-02   1.2437666e-01  -1.3712115e-01   4.0994549e-03  -2.7641565e-03  -2.4489345e-01   4.2568869e-02   3.1965379e-01  -1.7923589e-01  -1.7678346e-02   2.2128284e-02   1.8417876e-02   8.3392920e-02   1.7497031e-01   2.4311209e-01  -1.6415660e-01  -3.6534689e-02   1.3167334e-01   1.6074723e-01   8.2783343e-02  -5.3252082e-02   2.6764448e-02   6.0689749e-02  -2.2741242e-01  -6.6923882e-02   5.6568448e-02   3.2907170e-01   6.4562554e-02   1.1046919e-01   2.2659963e-01   1.7668460e-02   1.9401514e-01   1.1039059e-01  -2.0560030e-01  -3.5360169e-02   1.6070960e-01  -9.9153034e-03   1.1734998e-01  -2.3586469e-01   4.0812246e-02
  -1.3780193e-01   1.3587615e-01   5.8229844e-02  -2.1642345e-02  -5.1975998e-02   1.2400230e-02   1.5875385e-01   3.3600283e-02  -7.5981081e-02  -3.0901324e-01   2.3675004e-02   1.7947295e-01   1.3115059e-01  -1.5922105e-01  -1.6663412e-02   4.1438806e-02   6.4653146e-02  -2.0022162e-01  -1.0008326e-01  -2.7507103e-01  -3.5697881e-02   8.5532935e-02   8.9496677e-02  -2.4501949e-01   5.9901539e-03   2.5714464e-01  -5.8006933e-03   1.5605711e-01  -1.2281572e-01  -1.0925250e-01   1.1479778e-01   2.6625873e-02  -1.1369708e-01   1.9399606e-01  -3.3142302e-02   5.8334014e-02  -7.4775747e-02   1.1194739e-01   4.2474537e-02   1.4784137e-01  -1.0322176e-01   5.4996823e-02  -2.1037264e-01  -1.5083442e-01   4.8720201e-02   2.8180165e-01  -1.8193338e-01   3.4253456e-01  -5.5983387e-02
  -1.4833387e-01   6.8443529e-03  -2.7540521e-03  -3.0093108e-01  -8.3679015e-02  -7.1501216e-02  -1.2232950e-01   9.1811054e-02  -5.4146441e-02  -9.4265320e-02   7.6476019e-02  -2.5572021e-01  -8.3438600e-02  -7.8300476e-02  -3.8596564e-02  -4.7641762e-03  -3.2044267e-01  -1.1656172e-01  -3.0476077e-02   6.1761998e-02   4.0362983e-01  -5.7543280e-02   4.0265539e-02  -1.6706456e-01   6.4536252e-02   5.1121785e-02  -7.1919942e-02  -1.6953016e-01   9.2069811e-02  -8.7841810e-02   1.3523615e-01   1.0397995e-01  -1.4690544e-01   2.4686086e-01  -3.2738452e-01   1.8105959e-02   9.0324655e-02   7.2738361e-02   1.3312042e-01  -9.2913731e-02   1.3312895e-01  -1.0716510e-01   9.2831177e-03   1.3953034e-01  -8.3794050e-02  -5.1724403e-02   2.4794130e-01   3.2936220e-02  -2.4476495e-02
  -1.5805385e-01  -3.4890482e-01  -9.6616834e-02  -1.1352660e-01  -4.0023692e-03  -9.3256874e-02  -8.9463500e-02  -5.7481014e-02  -6.5093093e-02   1.8529608e-01   1.7308886e-02   5.6205014e-02   1.3639792e-01   1.1272563e-02  -4.5291234e-03  -4.8637087e-02  -6.5821858e-02   2.1865783e-02  -1.8588883e-01   1.0988567e-02  -1.4482635e-01   7.5894731e-02  -2.1475680e-01   7.6627739e-03  -7.1456023e-02   1.3773526e-02  -1.1137553e-01  -2.5537441e-01  -1.5395947e-01   1.6374115e-02  -2.3336935e-01   8.9083222e-04  -2.0073201e-01   1.3654365e-01   5.6764597e-03   6.3357932e-02  -6.7887206e-02   4.3252853e-01   4.3227184e-03   2.0735153e-01  -1.3545798e-01   3.4272409e-02   7.7959863e-02   1.2705127e-01  -2.3689133e-04   2.5134758e-01  -1.0071291e-01  -2.3464416e-01   7.9599829e-02
  -1.4943653e-01  -1.6253623e-01  -1.9674311e-01   1.0714918e-01   1.0960624e-01   2.3574760e-01   8.1496291e-02   6.5163395e-02   3.0316692e-01  -1.4267277e-01  -8.2846212e-02   1.6129558e-01   1.4810563e-01   3.8018240e-02  -2.1526982e-01  -4.5895534e-01   5.4267528e-02  -2.8019491e-02  -2.1237746e-01   6.6432985e-02   1.9560954e-01   7.2442646e-02   1.4672789e-02  -2.4613510e-02   1.0712297e-01  -5.8180372e-02  -2.3382715e-02   7.1877847e-02  -4.5840032e-02  -2.5022634e-01   1.4414057e-01  -4.8006107e-02   9.2794442e-02  -7.4014125e-02  -9.7121274e-03   2.2452609e-02  -8.1187127e-02   3.5012166e-02   1.9234186e-01  -2.6014968e-02  -5.1895943e-02  -9.0842084e-03   2.6077251e-01  -1.8167633e-01  -1.9571494e-02  -7.8822047e-02   1.0646822e-01  -9.0971737e-02   3.0970615e-02
  -1.3255647e-01  -8.9285165e-02  -1.6846336e-01   5.6676444e-02  -1.4639254e-01  -1.6349253e-01  -2.8220391e-02  -8.0819879e-02  -1.7014629e-01   5.1513369e-02   2.4904922e-01  -3.4800470e-02   2.0635671e-02  -2.6595982e-01  -1.7402683e-01   1.7938101e-01  -3.6609581e-03   2.3469942e-02  -2.9244806e-01  -9.3812225e-02  -1.0654122e-01  -1.2532541e-02   1.3313979e-01  -1.2472363e-01   2.2415994e-01  -5.9674791e-02  -8.6330476e-02   1.2809598e-01   1.7870851e-02   8.2283393e-02  -5.6024633e-02  -1.1016120e-01  -2.0286340e-01  -2.2796767e-01  -5.2213596e-02   7.3909769e-02   1.0198187e-02  -1.5296874e-01   9.4978759e-02  -2.3382632e-01  -1.6011253e-01   2.0499611e-01   1.1932869e-01  -1.5499577e-02  -1.8981323e-01  -2.7763694e-01  -1.4326050e-01  -1.5154499e-04   1.2211582e-01
  -1.2347578e-01  -9.4036387e-02   4.9255499e-02   4.8709365e-02  -1.3255708e-01  -7.5870718e-02   1.2564343e-01  -8.0186603e-02  -3.5585555e-02  -3.0820798e-01  -5.0526812e-03  -2.3130934e-01  -2.7709169e-01  -1.3514409e-01  -1.4326221e-01   9.8761164e-02  -2.2448445e-02   3.9916604e-01  -1.2650633e-01  -1.1374277e-03   7.2190643e-03   3.2968211e-02  -1.7434531e-01   8.1969505e-02  -1.1647359e-01  -2.9704495e-01  -8.9009053e-03  -5.8551588e-02  -3.2655849e-02   9.7722032e-02   1.7783457e-01  -1.3966339e-02   1.2955721e-01   7.3071523e-02   1.5601860e-01  -4.9903575e-02  -1.0329280e-01  -8.5703325e-02   1.6614454e-01  -2.4381754e-02  -1.0876280e-01   7.3965808e-02  -4.7464038e-02  -9.6577893e-02   1.6850983e-01   3.0230192e-01   1.7500817e-01   2.6945537e-02   1.1588908e-01
  -1.4581335e-01   5.9999863e-02   4.4003963e-02  -6.2669676e-02   4.1697639e-02   5.9014240e-02  -1.4086876e-02   3.1953767e-01   2.0163142e-01   9.4148521e-02  -1.9195027e-01   2.6574820e-02   1.3946407e-01  -4.1174937e-01  -1.4655675e-01   1.8137080e-01  -3.5613901e-02   6.3982069e-02  -4.6373199e-02   1.2881892e-01  -3.7118803e-02  -1.4394429e-01   3.5760784e-02   1.3012042e-01   1.1954243e-01   1.0677202e-02  -1.0075715e-02   2.4778837e-02  -2.7176093e-01  -1.7161317e-02   7.0201228e-02  -1.3259247e-01  -3.3794937e-02   1.0735054e-01   1.2113770e-01  -2.2287870e-01  -1.9388414e-01  -3.0958991e-02  -5.1557180e-02  -4.9794131e-02   1.1952409e-01   3.0097898e-02  -8.8161060e-02   2.9667384e-01   2.2533954e-01  -1.1020865e-01  -8.0210968e-02  -8.5569076e-02  -2.1624999e-01
  -1.4332124e-01  -2.0939910e-01   9.0293563e-02  -9.9431444e-02   1.0727887e-01  -1.2218774e-01  -7.8267256e-03  -1.8230557e-01   2.8179283e-01  -6.6939603e-02  -2.1684349e-01  -5.5498533e-02  -5.3512065e-02   4.7102839e-02   1.8522861e-01   1.0932542e-02   5.0210255e-02  -1.1117578e-01   1.7893601e-01   5.9371038e-02   1.2482100e-01   2.0764291e-01   1.7807940e-01   4.5575364e-02  -7.4898388e-03  -4.4224043e-02  -1.0274789e-01   2.4164860e-01  -7.2830747e-02   1.8539134e-01  -3.5185436e-02  -2.8474977e-01  -3.6216260e-01  -4.4579029e-02   1.0676931e-01  -1.3661207e-01  -5.9273949e-02  -6.8771697e-02  -1.1932727e-01  -8.2399211e-02  -6.6621195e-02   3.6657178e-02   3.0821154e-02   5.4536664e-02  -2.5971189e-01   1.7156077e-01   1.8952850e-01   1.1601634e-01   3.8505589e-03
  -1.3851328e-01   6.3501181e-02   2.1550585e-01  -1.8529212e-01   1.9456470e-03   5.0108949e-02   1.5413668e-01   1.5395990e-01   1.1345891e-01   8.1626824e-02  -1.2263065e-01  -6.6359667e-02  -1.5628556e-01   5.4372173e-02  -2.3393425e-02  -7.3092501e-02   4.9558333e-02   5.6076464e-02  -1.0564949e-01  -1.1632420e-01  -1.6659392e-01   2.6394174e-01  -2.6668142e-01   8.1639192e-03   1.1329559e-01  -2.0692098e-01   1.0932932e-01   8.0853882e-02   1.4993992e-01  -9.5316993e-02  -9.2024639e-03   3.4241957e-01  -1.6311143e-01  -1.2125688e-01  -2.1522380e-01  -1.0363219e-01   1.1318185e-01  -6.2852462e-03  -1.5226526e-01  -2.3050706e-01  -3.3123048e-02   5.9595858e-03   1.2644499e-01   7.4973414e-03  -6.0180457e-02   9.9201553e-02  -2.4132455e-01   7.5541364e-03  -2.7452642e-01
  -1.5230555e-01  -1.4610533e-01   3.8587778e-02  -2.8950351e-01  -6.1891583e-02   7.4453825e-02   1.1253131e-01  -3.8930970e-02  -3.0671094e-02  -2.3952238e-01  -5.4449662e-02   8.4377042e-02  -5.7573059e-02   2.1371973e-01  -5.7869892e-02  -4.8338915e-02   3.3248626e-01   1.9279391e-02  -7.3409420e-02  -8.2520052e-02   9.8639716e-02  -1.5956092e-02  -2.5545304e-02   1.1024483e-02   1.2131834e-01   1.1491688e-01  -2.8826859e-01  -1.1747380e-01   1.6214613e-01   1.8597076e-01  -2.6779460e-01  -1.6371157e-01   2.7589387e-01   1.1683165e-01  -5.1661307e-02   5.1842219e-02   1.1736585e-02  -2.3586924e-01   6.1224477e-02   1.2614185e-02   1.4404239e-01   1.0332616e-01  -1.0652811e-01   2.2932006e-01   1.2289343e-02  -7.9062816e-02  -1.8370738e-01  -6.8148239e-02  -1.0237695e-01
  -1.3313109e-01   4.6822285e-02   8.7043286e-02  -4.4063659e-03  -1.1055410e-01  -4.6939145e-02   6.6100844e-02  -4.6389841e-02  -1.4334207e-02   1.2685092e-01  -2.9175937e-01   9.9108952e-02   7.0529590e-02  -1.3321123e-01   4.4103244e-02  -2.7887932e-01  -4.9540441e-02   6.4678418e-02  -4.9178008e-02   1.8586910e-01   6.4148833e-03   6.1616211e-02   1.2790541e-01  -1.5387419e-01  -3.1648671e-01   7.2250081e-03  -1.9477322e-01  -6.0603158e-02  -2.0009842e-03   7.7019116e-02   2.0511705e-01   4.1238496e-02   2.8889941e-02  -1.2374835e-01  -1.2182762e-01  -5.0629864e-02   3.2892272e-01  -4.5190475e-02  -1.2027472e-01  -1.0685984e-01  -5.5075509e-02   7.8040186e-02  -2.8062838e-01   6.3547785e-02   1.2929498e-01  -5.8628889e-02  -1.7562214e-01  -5.2651480e-02   3.7880301e-01
  -1.1804965e-01   7.5647160e-02  -1.7660046e-01  -7.4281944e-04  -9.2369754e-02  -1.4624831e-01   1.6971822e-01  -7.8885509e-03  -6.2041281e-02   1.2599446e-01  -5.6258237e-02   2.4922537e-01  -1.2215513e-01   1.0908521e-01  -1.7474486e-01  -3.6547593e-02  -2.3806104e-01   4.9425636e-02   1.3311317e-01  -1.9593915e-01   1.7638244e-01   9.5451232e-02   1.0589748e-01   1.9867084e-01  -1.9101151e-01   2.1943757e-01   1.0019546e-02   9.2002338e-02   3.8350389e-02   9.5125279e-02  -1.8636794e-02   2.4245214e-01  -1.1765102e-01   1.8020692e-02   1.8073835e-01   8.2926191e-02  -2.2991559e-01  -1.9963033e-01   1.7071774e-01  -1.1839164e-01  -1.7215531e-01  -3.0656931e-01   3.4344764e-03   1.3882414e-01   2.1354570e-02   1.1958036e-02  -9.4243451e-02  -1.8464838e-01  -4.0234663e-02
  -1.4078168e-01   1.6885310e-01   2.7132718e-01  -3.5032735e-02   2.7951124e-02  -7.1453129e-02   1.6478817e-01  -1.6885075e-01   3.5069274e-02   2.3265806e-01  -6.2362974e-03  -4.5155180e-02   1.3172217e-01  -1.3688996e-01   1.0308218e-01   1.0633053e-01   1.0449924e-01   2.9873903e-02  -7.8848271e-02   8.7211532e-02   2.8337521e-01   4.5447638e-02   9.4870454e-02  -5.8112115e-02  -3.1753201e-03  -1.7661436e-01   1.8718559e-01   7.6768504e-02  -5.8971109e-02  -6.5655314e-02  -1.7667219e-01  -1.8929144e-03   2.8148154e-01   8.3608674e-02  -1.4828631e-01   2.3675660e-01  -1.7267526e-01  -7.6543918e-02  -6.4351821e-02   1.7245064e-01  -1.6394511e-01  -1.1914719e-01   3.2063136e-01   1.7087251e-01   2.2842339e-02   3.6770561e-02  -7.1251093e-02   1.2464394e-01   1.9725338e-01
  -1.3094743e-01  -1.5854802e-01   3.0584394e-02  -1.0356300e-01  -2.9360659e-01   2.5887952e-01   2.3688073e-01  -1.1591105e-02  -1.6517454e-01   1.0801482e-02   5.2627346e-03  -5.9034120e-02   1.0566268e-01  -1.9188444e-01   6.6065927e-02  -1.5535419e-02  -2.9973224e-01  -5.2068624e-02   8.8213611e-02  -2.5257709e-02  -1.8450634e-01  -1.6146383e-02   3.1468123e-01   2.5249793e-01   3.6068635e-02  -4.4917707e-02  -1.0628329e-01   5.9206036e-02   1.3909613e-01   4.0438672e-02   4.9610450e-02  -1.3543729e-01   1.4381954e-01  -1.1256974e-01  -5.5730019e-02   7.4036564e-02   1.5957355e-01  -1.2725097e-03  -1.3682895e-01   2.1915965e-01   5.8290247e-02  -1.1863626e-01   1.6007399e-01  -1.7083648e-01  -2.5029450e-02   1.4140554e-01   4.9408161e-02  -1.2172282e-01  -2.2538667e-01
  -1.4715961e-01  -1.8283586e-02  -7.4528620e-02   7.5820769e-02  -3.1614199e-02  -1.9717959e-01   2.8315762e-02   6.0788812e-02   3.8166376e-02  -5.1195125e-02  -1.3401688e-01  -1.0605427e-01   4.0831458e-01   6.2144625e-02   1.5871650e-01   5.8520100e-02  -5.1094419e-02  -1.9984227e-01  -1.8320689e-03  -2.1505076e-01  -1.2299037e-01   4.3622216e-03  -2.2818848e-01  -1.0907019e-01  -3.1369187e-02  -1.3333602e-01   1.6634247e-01   1.5777990e-01   1.2735932e-01   2.3855334e-01   8.9119193e-02  -1.3837638e-01   2.8795126e-01  -8.4500250e-02  -2.5152886e-02   1.0304319e-01   1.2307094e-02   1.8235855e-01   1.9796455e-01  -2.7666998e-01   9.8019672e-04  -1.7162711e-01  -1.4042158e-01   1.2581832e-01   1.2578851e-02  -1.0921481e-02   1.4216671e-01  -9.9348880e-02  -6.7659698e-02
  -1.3671701e-01  -4.1966325e-02   1.3384930e-01   2.5254640e-02  -9.4460373e-02  -3.2206138e-02  -1.9708085e-01   1.0638970e-01   1.0602553e-02   5.1420463e-02  -6.5324396e-02  -1.2630682e-01   8.9721573e-03   1.8792326e-01  -3.7072492e-01   9.7539074e-02   8.1447082e-02  -5.8899503e-02   1.0368476e-01  -1.7719890e-01  -8.8967950e-02  -7.3715488e-02  -3.6125110e-02   6.6263743e-02  -1.0808986e-01   2.7790820e-01   1.8794810e-02  -1.8062336e-01  -1.3624231e-01  -2.1310623e-01   2.4280841e-01  -1.2935759e-01   2.1200861e-01  -1.1292622e-01  -3.5661532e-02   1.0390363e-01   3.6352693e-02  -8.9077587e-02  -2.9929088e-01  -7.9054846e-02  -2.6665349e-01   9.0623829e-02   9.8841373e-02   1.2785518e-01  -2.2993451e-01   1.0609324e-01   1.2984695e-01   3.4202236e-02   1.5966822e-02
  -1.5534507e-01   2.4045832e-01  -5.9989341e-03  -1.5156133e-01   7.9052971e-03   2.2131755e-01  -2.8269263e-02  -9.7936511e-03   3.1571457e-01   1.4281336e-01   2.2047065e-01   9.3736979e-02  -2.7048116e-02  -8.3471052e-02  -8.0943882e-02   8.2019766e-02  -8.3648126e-02  -1.4381145e-01   1.1159297e-01  -1.8125480e-01   5.2230629e-02  -1.3862402e-01  -2.8547370e-02   1.4275284e-01  -2.2199878e-01  -1.6253365e-01  -1.5881677e-02  -1.9510485e-01   4.1696392e-02   3.6778488e-02  -2.5761724e-01  -1.5531525e-01   8.4131585e-02   9.7627937e-02   1.0032259e-01  -2.1663433e-01   2.2148390e-01   9.1822811e-02   2.0491256e-01  -1.7924654e-01  -1.4674787e-01   5.1168828e-02  -2.0302939e-02  -2.0995878e-01  -1.1152710e-01   3.8444773e-02  -9.8503468e-02   1.2194463e-01   1.0290136e-01
  -1.3461699e-01   9.9614338e-02   1.8332893e-02   7.0974091e-02   6.4543762e-02   7.8824289e-02   7.7192670e-02   1.8515768e-01   9.3865348e-02  -1.9943461e-01   1.7007880e-01   2.4480412e-01  -1.7114425e-01  -1.5241335e-01   1.7774166e-01  -3.8128421e-02  -5.4853345e-02   1.0064363e-02   2.4738026e-01   3.4168829e-02  -2.1605282e-02  -1.8738082e-01  -1.3652112e-01  -2.0487314e-01  -6.8298203e-03  -1.0776758e-01   1.3963284e-01   6.9812392e-04   2.9514580e-01  -5.9411894e-02   9.4476023e-02  -1.1143634e-01  -1.1922501e-01  -1.9073032e-02   9.9508737e-03   1.8799188e-01  -7.6946349e-02  -4.2165427e-02  -1.0494867e-01   1.7187962e-01  -1.4717969e-01   2.0832066e-01  -4.8265009e-02   2.2168124e-01  -1.8158350e-01   4.4006730e-02   2.7437214e-03  -3.6443412e-01   7.4917568e-02
  -1.5526468e-01  -1.7838290e-01   1.1128561e-02   1.6535417e-01  -2.7646986e-01  -9.4663650e-02  -2.7988679e-01   2.9812556e-01   1.1259109e-01   7.7256733e-02   1.1392818e-01   1.3168467e-01   8.1826034e-02   1.4918021e-01  -4.2142510e-02   9.2401427e-02   1.2589591e-01   2.5200509e-01   1.1078799e-01  -7.8117599e-02   1.7146634e-01  -1.4625401e-01   5.5167029e-02   3.2204003e-02   7.5194485e-02  -1.1606833e-01  -6.7733444e-02   1.8386550e-01   2.1859118e-01  -4.7906126e-02   7.1948059e-03  -8.8244486e-03  -6.4570593e-02  -1.2843606e-01  -1.1355592e-01  -1.2295756e-01  -2.5571728e-02   8.5104212e-02  -2.2205402e-02   1.2789113e-01   2.2993511e-01  -2.2652585e-01  -3.3705633e-02  -2.4545381e-02   3.1700893e-02   1.7993384e-01  -1.7453635e-01   1.7721087e-01   2.0208411e-01
  -1.3742691e-01   9.3946179e-02   1.2516295e-01   9.5170922e-02  -1.4325157e-01   5.7043747e-02   2.4313222e-01  -5.1002984e-03   1.2539996e-01   1.6313992e-01   1.7656827e-02   1.4290348e-02   1.2522885e-02   2.9827107e-01   1.4511325e-02  -3.0058301e-02  -1.5387320e-01  -1.4157076e-02  -2.7702981e-01   1.6267662e-01  -1.9798083e-01  -2.2038859e-01   1.2470031e-01  -1.4270078e-01   4.8633229e-03   2.0473709e-01   2.0761472e-01  -1.3557787e-01   7.0846902e-02   1.2721099e-01  -3.7905823e-02   6.1187052e-02  -8.6845032e-02  -1.6168892e-01   6.4868716e-02  -1.3834162e-01  -9.8174462e-02  -7.5889014e-02   2.2078978e-01   5.1811290e-02   2.1956610e-01   2.2469525e-01   6.0972848e-02   1.7164002e-01  -5.1915384e-02   1.8396632e-01   1.7961223e-01   1.6091089e-01   2.3515882e-02
  -1.2877256e-01   1.4015452e-01  -1.0927368e-01   8.1806360e-02  -1.1799730e-01  -7.9468920e-02   4.9506719e-03  -1.7538194e-01   1.5216988e-01  -2.0219550e-01  -8.0352355e-02   1.3209737e-01  -7.0307826e-02  -4.4282044e-02   1.5284933e-01   1.7631030e-01   2.6271608e-01   1.1013597e-01  -1.9082961e-01   1.0272913e-02  -1.6359602e-01  -2.0999388e-02  -2.7026767e-02   1.4998728e-01  -4.0133506e-02   1.6804352e-01   2.3975566e-01  -1.5888853e-01  -9.3024716e-02  -9.8002856e-02   3.8837181e-02  -1.4366450e-01  -2.0368039e-01   8.3421991e-02  -2.0082235e-01  -3.3774085e-02   3.2955102e-01  -9.6087698e-02   5.7361210e-02   7.9866795e-02   5.1251453e-02  -3.9213586e-01   1.0593097e-01  -3.0911377e-03  -2.1521566e-02  -8.6382541e-02   7.4949830e-02  -1.5816480e-01   1.1322173e-02
  -1.4632037e-01  -7.5882017e-02  -3.6103563e-03  -3.0511246e-01  -1.1506258e-01  -1.2142099e-01  -1.1240025e-02   1.7752157e-01  -6.6020513e-02  -1.0524795e-01   1.1242937e-01  -4.4012090e-02   1.0981712e-01   1.7835506e-02   1.5184122e-01   1.7753096e-02   1.2670686e-01   1.0882849e-01   4.7999938e-04   3.9091265e-01   1.6250091e-01  -8.7910542e-02  -4.3564817e-02  -1.5981065e-01  -1.7452557e-01   1.6276984e-01   1.5639072e-01  -5.5898938e-02   2.9322217e-02  -6.4684565e-02  -8.8291752e-02   2.7193111e-03  -2.1049304e-02  -2.5693060e-01   3.6882190e-01   8.2936707e-02   6.4321151e-02   3.8189340e-02  -4.8187919e-02  -8.8378060e-02  -2.0239618e-01  -9.1755516e-02   3.4494327e-02  -2.2590348e-01   8.6313685e-02  -8.1133875e-02  -5.1815889e-02   8.9497448e-02  -2.5149346e-01
  -1.5480658e-01  -2.7597294e-01  -1.9085994e-01   1.0610687e-01   1.5876109e-01   1.9213154e-01   1.0601801e-02   3.7471384e-02   4.5072090e-02   1.1537733e-01   1.2150111e-01  -1.5556752e-01  -1.4704850e-01  -1.8286105e-01   4.0136267e-02  -5.1152463e-02   6.8079073e-03  -5.3440152e-02  -9.4179007e-02   8.6363737e-02  -1.8658821e-02  -1.7228610e-01  -1.5276738e-01  -1.9085580e-02   7.7361570e-03   1.7091227e-01   8.1666446e-02   3.3237545e-01  -1.5273842e-01   3.1737375e-03  -2.2155790e-01   2.6277609e-01   1.7105320e-01   7.8797792e-02   3.5155786e-02   5.8081353e-02   2.3696862e-01  -2.0973175e-01  -9.2960354e-02  -5.9249130e-03   1.2936230e-02  -1.4922286e-01  -2.4913837e-01   7.8941022e-02  -1.8065853e-01   1.6255916e-01   8.4487574e-02   5.7713612e-02   7.0255004e-02
  -1.6276660e-01   3.9078052e-01   3.2919588e-02  -1.5406245e-02   1.8681418e-01   1.7836170e-01  -1.3192757e-01  -6.0107792e-02  -1.1810733e-01  -2.2507504e-01  -9.3987120e-02  -1.3874206e-01  -2.3344591e-02   1.9814540e-01   4.6769925e-02   4.4548095e-02  -1.0849056e-01   9.2386017e-02  -1.0450709e-01   1.6880503e-02   1.3228528e-02  -2.0838664e-01   4.4473436e-02   7.3559223e-02   1.6661200e-01   2.9709965e-02  -2.7899229e-01   1.8526372e-01  -9.6602345e-02  -1.8685473e-02  -1.9196595e-01   4.1425052e-02  -3.2529033e-02  -3.5215148e-01  -9.7567869e-02  -9.1471495e-02  -3.9769487e-02   1.9831697e-01   1.5718002e-05   5.9964695e-02  -2.7352219e-01  -1.2356045e-01  -7.7565436e-02   6.9125364e-02   9.9644555e-02   4.5313795e-02   6.4979052e-02  -1.2352439e-01   6.1029452e-02
  -1.5475471e-01  -6.6974500e-02  -8.5235100e-02  -5.0817300e-02   3.3036945e-01   6.1225233e-02  -9.7022558e-02   1.4018307e-02  -3.0244195e-02  -6.3291739e-02   3.1692119e-01  -1.1155461e-01   8.8614893e-02   4.2972077e-02   2.7480788e-01   1.8192388e-01  -1.7325715e-02   3.5531687e-02   8.8588086e-02   6.3996054e-02  -7.0509087e-02   2.5307154e-01   8.5294330e-02   4.1430088e-02  -1.7413405e-01   2.1891582e-01  -5.5727529e-02   2.5988507e-02  -2.9168312e-02  -4.1489414e-02   2.7563186e-01   5.4144067e-02   1.6952154e-01  -6.2651710e-02  -1.1582290e-01  -2.3927010e-01  -5.7984671e-02  -1.1607212e-01   1.8098339e-01  -6.9067747e-02   1.0465868e-01   1.0586639e-01   2.3798091e-01   6.1697166e-02   6.4168237e-02   1.3054660e-01  -2.4916251e-01  -1.3235488e-01   8.3829373e-02
  -1.2787998e-01   2.1826815e-02  -1.3403810e-01  -1.2601273e-01   2.6942034e-01   3.4044838e-03  -1.3771635e-01   1.7103026e-01  -1.6586636e-01   5.0821631e-02  -2.3171407e-01   1.6515304e-01  -2.5072043e-02   1.0140248e-01  -1.7790556e-01   2.0205848e-01  -9.7921151e-02  -2.0704042e-02  -4.4727956e-02   7.5599520e-02  -6.4645513e-02   9.3401468e-02   1.3734916e-01  -2.7067367e-01  -7.0603590e-02  -2.3318030e-01   1.6617201e-01  -1.4287408e-01  -1.0532653e-01   7.4132707e-02  -1.3980572e-01  -9.3376852e-02   4.7907135e-02  -6.6470282e-02  -1.8533241e-01   3.8267747e-02  -1.3383790e-01  -2.6948702e-01  -2.8997679e-02   7.3163509e-02   1.3965450e-01  -8.4963013e-02  -1.4116461e-01  -3.5147665e-01  -1.0530966e-01   1.4328915e-01   3.2841252e-02  -1.2961946e-01  -1.0606473e-02
  -1.3937322e-01  -1.0120590e-01   1.3493052e-01  -7.0981499e-04   2.1335154e-01  -2.2373173e-01  -7.0021534e-02   5.2002331e-03   2.9246615e-01   7.7068004e-02  -2.4870992e-02   1.7018731e-01   1.9519379e-02   4.1282013e-02   1.1591914e-01   1.5104347e-01  -5.3208964e-03   7.6623707e-02  -2.8344447e-02  -3.1609823e-03  -8.5844289e-02  -2.0390858e-01   1.0838890e-01   9.5453118e-02   1.4616802e-01  -3.2360891e-02  -2.4224257e-01  -9.7609951e-02  -1.5168104e-03   2.5047207e-01   2.5207083e-01   3.7237091e-01   8.9269138e-02   8.9658284e-02  -3.4663780e-02   2.1159924e-01   9.1179966e-02  -9.5349946e-03   9.6623712e-02   1.8270317e-01  -1.8556534e-01   8.0253050e-02  -2.2304210e-02  -2.1014588e-01  -5.0525831e-02  -1.5305763e-01   6.9184496e-02   6.4266541e-02  -1.6312956e-01
  -1.2736639e-01   1.2353354e-01   9.2504683e-02   5.4418814e-03   9.8843279e-02  -1.1968028e-01  -2.6619810e-01  -5.7708495e-02  -2.7242872e-01   1.7053744e-01   9.7188895e-02   8.9135298e-02   2.0542242e-01  -1.1293976e-01   9.4203868e-02  -3.4288576e-01   1.5036713e-01   6.4420279e-02  -7.9323372e-02  -6.4659793e-02  -4.1308662e-02   1.4601143e-03   9.8852755e-02   6.9081731e-02   2.4830160e-01   3.4657986e-03   6.5366860e-02  -8.6415307e-02   2.6609563e-01  -4.1252949e-02   1.0557855e-03  -7.8902091e-03  -6.9677282e-03   2.2191773e-01   1.2506169e-01  -2.7715333e-01   1.7419493e-02  -2.3743154e-01  -4.2740409e-02  -8.1851543e-02  -1.8015817e-01  -1.3166654e-02  -5.3757201e-02  -3.1085134e-02   6.9744939e-02   2.1647252e-01   2.3492877e-01  -6.4234568e-02  -7.4889857e-02
  -1.5368201e-01   7.3893369e-02   9.6947219e-02   6.1463844e-03   4.4836675e-02  -1.1031077e-01   9.4600482e-02  -1.9072380e-01  -1.4777640e-02  -3.6928254e-02   1.1877964e-01   1.2490331e-01   2.3343077e-01   5.8870399e-02   1.2618018e-01  -5.4989404e-02  -1.8834006e-01   3.3287708e-01   7.9089472e-02  -2.5875747e-01   1.9754967e-01  -8.4323353e-02  -1.0813209e-01   4.8276861e-02   5.1481009e-02   5.0606734e-03  -6.6689209e-04  -1.4967056e-02  -3.3187728e-01  -1.6904811e-01  -9.0446230e-02   1.6211370e-02  -4.3325946e-02  -5.9621147e-02   6.8511506e-02   1.6396082e-01   1.0464946e-01  -5.0226019e-02  -1.9146004e-01  -1.9092700e-01   3.9391501e-01   2.2009862e-01  -4.3606182e-02  -1.1901900e-01  -4.1088594e-02   2.1619634e-02   5.6498674e-02  -1.1492714e-01  -4.7411212e-02
  -1.5296476e-01   2.4601571e-02   6.0326228e-02   8.2729265e-02  -1.4949884e-01   8.8056318e-02   9.2869971e-02  -1.6889043e-01  -1.2799924e-01   2.0581727e-01   2.7180040e-01   2.2296773e-01  -1.4024182e-01   7.7432676e-02  -4.1988218e-02   1.4903303e-03   1.5114059e-01   8.4860087e-02   2.1020703e-01   1.8877748e-01  -5.3331945e-02   2.1100737e-01   1.6852572e-02  -2.1070818e-01   7.5124154e-02  -1.7117597e-01  -1.3027456e-01   1.3106001e-03  -2.7956791e-01  -9.1313436e-02   1.3563087e-01  -4.5118317e-02   1.3109894e-01  -4.9070258e-02  -6.5081044e-02  -1.2613701e-01  -1.1801838e-02   1.6981707e-01   1.7145703e-01  -8.0743589e-03  -4.0123714e-02  -1.5147847e-01  -2.2785735e-01   1.4970924e-01  -1.6299867e-01  -8.0537076e-02   1.4689584e-01   2.5702792e-02  -2.7453652e-01
  -1.3942270e-01   1.8247795e-01  -1.7299051e-01   8.0637693e-02  -3.8733742e-03  -9.7245529e-02   3.0911718e-01   2.0155367e-02  -2.0022207e-02   1.4454767e-01  -1.7748791e-01  -2.4981377e-01   8.8701985e-02   5.0850414e-02   4.7530512e-02   2.1415989e-01   1.4919123e-01  -4.9991071e-02   2.4550659e-02   1.4830906e-01  -4.9407150e-02   8.6272710e-03  -3.9788739e-02   1.8627143e-02   1.1429866e-01   1.0190252e-02  -3.1053133e-01  -6.6378484e-02   2.2392010e-01  -3.5284650e-01   4.8147702e-02   5.9879689e-02  -4.1685290e-03   1.8064389e-01   2.4305972e-01  -1.1050881e-02  -1.1211737e-01   5.0650891e-02  -2.2019508e-02  -2.8774920e-02   1.3010800e-01  -3.9885212e-02  -9.2190766e-02  -1.7866707e-01  -2.8102678e-01   9.6704996e-03  -4.0964026e-02  -1.1129640e-01   1.5779718e-01
  -1.3783871e-01  -1.1578369e-01   3.8910407e-02   3.0074103e-01   4.2679400e-02  -6.3053562e-02  -1.0436927e-01   6.1571619e-02  -3.1121188e-02   1.0341642e-01  -1.5372118e-01   1.5774750e-01  -3.6185518e-01   1.1196957e-01   1.8628759e-01   1.7120700e-01  -2.1491581e-01  -9.7071610e-02  -1.0848783e-01   3.6322928e-02   3.4634427e-02   1.0876809e-01   9.0227797e-02  -3.0960806e-02   7.4698189e-02   4.4882652e-02  -6.2391491e-02   4.6902878e-02   1.1723742e-01  -3.0238631e-01  -1.3912296e-01  -2.2273786e-01   1.1054097e-01   1.1497781e-01   6.0058816e-02   1.6936978e-01   1.8286077e-01   6.5649081e-02   4.8532568e-02  -2.1388582e-01  -5.1529949e-02   1.3565069e-01   5.1327088e-02   1.1581333e-02   3.4562946e-01   3.6314567e-02  -4.7520955e-03   6.1222784e-02  -1.2985060e-01
  -1.5292109e-01   1.2515453e-01  -1.2069613e-01  -2.2414447e-01   5.3444580e-02  -3.4332457e-02  -6.4166545e-02  -3.6583489e-02  -2.7268731e-01   5.8156967e-02  -1.5073407e-01   6.9078537e-02  -1.9313396e-01   1.5694684e-01  -5.3362435e-02  -1.3263929e-01  -2.3718804e-02   1.3379978e-02   5.9384276e-02   1.4149962e-01  -1.4906877e-02  -1.7883778e-01  -5.3665255e-02   1.7022845e-01   2.2802668e-01  -3.8704505e-02   2.6706130e-01   2.2562278e-01  -1.2361731e-01   1.6710964e-01   2.9041142e-01  -1.4726231e-01   5.9408362e-02   1.9244173e-01   1.3901829e-01   5.7309601e-02   1.5060584e-01   2.0337605e-01   7.0133423e-02   4.9382957e-03   9.0982059e-02   8.5593504e-02   1.4218946e-01  -9.6796604e-03  -1.4955885e-01   1.1034490e-02  -2.6937627e-01   9.1810823e-02   1.1908121e-01
  -1.5749464e-01  -8.7281292e-02  -1.2818321e-01   2.7264619e-02   2.4941233e-01   1.4535313e-01  -1.9602681e-03  -3.9710323e-01   4.1907861e-02   6.4201749e-02  -4.6185992e-02  -1.0252175e-01   2.0868113e-01   3.6823998e-02  -2.3805183e-01   6.0440694e-02  -1.9335424e-01   2.2130329e-01   1.5022067e-01   6.9968699e-02  -4.0350080e-02   9.8373229e-03  -1.8478964e-01  -8.2439833e-03  -1.3934761e-02   3.4231493e-02   1.1109858e-01  -2.9745649e-02   3.3077223e-01  -1.0659289e-01   6.5202829e-02  -1.4778668e-01  -1.5818734e-01  -1.1664899e-02  -6.8104104e-02   6.1209796e-02   1.8709087e-02  -8.7123293e-02   1.4889182e-03   1.7201642e-01  -5.9997763e-02  -1.8634582e-02  -1.7285748e-01   8.6088629e-02   1.3499592e-01  -1.4176681e-01  -1.2738253e-01   2.9316775e-01  -1.4695467e-01
  -1.2497066e-01  -1.0303944e-01  -5.9345091e-02   1.8536616e-01  -1.6578607e-01  -3.7433205e-02   6.5573016e-02  -2.4454205e-01  -2.8861079e-02  -7.0098293e-02   5.1020386e-02   2.5220867e-02   3.5679094e-02   1.7304263e-01  -6.9051096e-02   1.4969927e-01   3.7732519e-02  -2.3519303e-01  -9.2274100e-02   1.3096679e-01   2.5485830e-01  -1.8957074e-01   1.1624195e-02   7.8409811e-02  -1.2616443e-01  -6.0463534e-02   1.7949951e-01   1.2690528e-01   3.0720746e-02   6.7212257e-02   3.0414700e-02   1.3003196e-01   3.9925853e-02   1.6569574e-01  -2.0155624e-01  -3.4881225e-01  -1.1786419e-01   7.7567288e-02  -3.0046541e-01  -2.5046906e-02  -1.0511609e-01   2.1774693e-01  -8.4139036e-02  -1.6365402e-01   8.1660542e-02  -7.9328394e-02  -7.9601008e-02  -2.4082693e-01  -1.5153534e-01
  -1.3032424e-01  -2.9979061e-02   3.2303133e-02   2.1925323e-01   1.0904904e-01   3.0584358e-01   1.0576824e-01   6.8840972e-02  -2.5528704e-01   5.0573219e-02  -3.1063791e-02   1.2470153e-01  -1.4468535e-02  -1.1955258e-01   9.9578000e-02   1.3816825e-03   1.8537845e-01  -8.3037340e-05   7.6541410e-02   9.8270729e-02   3.8816747e-02  -1.6785977e-01  -1.8020805e-01   1.1281212e-01  -9.1238051e-02   1.0183190e-01  -1.4612706e-01  -1.8835423e-01   3.1624046e-02   2.7773022e-01   5.4073545e-02  -3.5522175e-02  -1.7493164e-01   2.3397313e-02  -2.1024080e-01   1.7038994e-01  -2.3704494e-01   6.9379870e-02  -1.0259764e-01  -3.7158439e-01   4.9203522e-02  -9.9799750e-02   1.6167218e-01  -1.1449877e-01   3.0064568e-02   3.1741873e-02   9.1325384e-02   2.1004500e-01   1.9530047e-02
  -1.5000207e-01  -3.4301059e-02  -2.8098252e-01  -1.2301222e-01   1.3072326e-01   3.0163825e-02   1.9911812e-01   1.9133004e-01   6.1841362e-03   1.1504619e-01   5.7164695e-02  -1.7747631e-01  -1.3841610e-01   1.2043991e-01   1.1671315e-01  -9.5687059e-02   1.6167373e-01   2.8602408e-01  -7.5650468e-03  -3.3318927e-01  -1.1395421e-01  -9.7215400e-03   3.5194530e-01  -9.2740958e-02  -1.5472843e-01  -3.0380622e-02   1.3690139e-01   2.7087309e-02   1.6105122e-02   9.6325298e-03  -2.5730510e-02  -3.3296677e-02  -7.7320066e-03   1.4007573e-01  -5.5683706e-02  -4.4885708e-02  -6.7293081e-02   2.2980475e-01  -2.1097871e-01   1.7092379e-02  -5.8684864e-02   6.2444120e-02  -3.0732729e-02   3.5613928e-02   1.3223556e-01  -2.6932945e-01   1.9320806e-01   8.5744621e-02   3.5679795e-02
  -1.4434967e-01  -1.0230741e-01   9.0637252e-02   1.0434262e-01   1.1114240e-01  -2.7409917e-01   1.8747372e-01  -8.7524158e-02   1.0104167e-01  -3.8036418e-04   3.1949895e-02  -2.0208580e-01  -2.0934708e-01  -1.5420094e-01  -1.3103304e-01  -1.7587011e-01   3.9202842e-02  -1.4736228e-01   3.6477587e-01  -4.8702992e-02  -2.4231522e-02  -8.2197807e-02   5.1045120e-02  -1.1930778e-01   3.4928288e-01   1.9406510e-01   1.3496169e-01  -2.3898438e-01  -5.9348216e-02   7.4411995e-02  -1.0341613e-01  -2.6024898e-02   6.0433124e-02  -2.0077851e-01  -7.3237500e-02  -1.0466477e-01  -3.2559648e-02   9.8135102e-02   2.6987603e-02  -8.7343347e-03   4.7001948e-02  -1.2140414e-01  -1.1694954e-02  -1.7926779e-01   2.2440166e-01   3.7665844e-02  -1.3800620e-01  -1.0282902e-01   1.0415269e-01
  -1.4411581e-01   1.0636239e-01   7.0013403e-02   1.9629534e-01  -2.9888015e-02   3.6160396e-02  -1.8480978e-02   9.2396739e-02  -8.0816229e-03   1.2762423e-01   1.4492057e-01  -3.0241799e-01  -1.7451286e-02   2.1759237e-01   3.9416092e-02  -1.6687875e-01  -1.4150538e-02  -1.7437087e-01  -5.5901010e-02  -1.3044666e-01   1.1235594e-02  -1.0196474e-01  -1.4828070e-01  -2.3719725e-01  -1.2130706e-01  -1.7092042e-01  -2.1063859e-01   2.4772803e-02  -2.0074728e-01   1.3834771e-01   1.2925619e-01  -1.7431828e-01  -2.1797962e-01   1.4674691e-01   1.5691175e-01   4.8061096e-02   8.3654818e-02  -2.9484240e-01  -3.9798180e-02   2.0471526e-01   1.1371654e-02  -1.5676040e-01   1.5130112e-01  -5.3119404e-02   1.6946169e-01  -7.5543764e-02  -1.7015733e-01  -7.5384573e-02  -1.4033600e-01
  -1.5802955e-01   1.5715113e-02   2.6296037e-01   8.2952070e-02  -3.6144255e-02   2.8011664e-01  -2.1350142e-01  -1.0209629e-01   8.4644669e-02  -9.2924451e-02   2.9328590e-02   2.5309220e-02  -6.2050139e-02  -3.0517008e-02  -6.0523572e-02   1.0107951e-01  -1.5249628e-01   7.8292819e-02  -1.5685739e-01  -5.8608471e-02   8.9029674e-04   3.0789624e-01   9.5634967e-03  -2.0540017e-01   1.1695500e-01   1.7500624e-01   8.2575870e-02  -4.4869098e-02   1.3018986e-01   2.4479603e-01   3.0478551e-02   7.9090717e-02   1.0275664e-01   1.1154615e-01   3.3868535e-01  -4.0343678e-02  -7.2042353e-02   1.7734210e-01  -2.4818778e-01  -1.3250697e-02   1.3005239e-01  -1.8830544e-01   1.9204636e-02  -7.8354006e-02  -9.6949989e-02  -2.3305353e-01  -5.4711613e-03  -1.0123006e-01   1.5712008e-01
  -1.3540492e-01  -1.7694402e-01   1.4344541e-01  -1.4567142e-01   1.3408236e-01  -1.3295712e-01   6.1517140e-02  -8.8949258e-02  -1.5387899e-01  -2.5196722e-01   5.2046971e-02   2.3192244e-01   2.3074301e-02   4.2353856e-02  -1.2542563e-01   2.6843804e-02  -5.9847450e-02  -2.4000630e-01   9.3374310e-02   1.3606497e-02  -3.1573599e-01  -2.0316826e-01  -6.0620818e-03  -4.3299253e-02  -1.3540568e-01  -2.4256718e-01  -9.6918965e-02   6.3450974e-02   3.9851892e-03  -2.2614861e-01  -5.8906223e-02   1.8124931e-01  -1.4028724e-02   3.9362510e-02   1.5602443e-01  -1.5267653e-01   3.2359035e-03  -4.7531047e-02  -9.9760876e-02  -5.8686050e-02   1.2602738e-01  -1.7450108e-01   2.1376301e-01   1.3936389e-01   1.2540011e-01  -1.7963610e-01   1.3584010e-01   1.5125428e-01   2.0465819e-01
  -1.6279016e-01   2.1784134e-01   4.0707052e-02   1.2919525e-01  -4.1960433e-02  -2.5562885e-01   1.1211439e-02   2.2384791e-01  -3.1064713e-02  -5.8780651e-02   4.0345124e-02   1.1457815e-02   4.7590898e-02  -4.6256120e-02  -1.9492544e-01  -1.0502065e-01  -7.7446293e-02   1.0139234e-01   1.6336441e-01   2.0481427e-01  -1.3348650e-01   2.5038913e-01  -2.2051851e-01   8.0975228e-02  -1.4137518e-01   2.1569044e-01  -1.0356161e-01   2.5699073e-01   3.3973308e-02   1.4389058e-01  -2.8017749e-01  -5.5670691e-02   5.6876504e-02   1.5581111e-01  -1.8249041e-01  -6.4328621e-02   7.0441696e-02   1.9169173e-02   2.7482201e-02   1.8549344e-01   4.3969555e-02   1.8728534e-01   1.6212585e-01  -1.4126804e-01  -2.6862951e-02  -1.6875181e-01   2.0831734e-01   4.5157886e-02  -8.1632268e-03
