  -1.5588072e-01  -3.9724802e-02   6.5738528e-02  -6.2374657e-02   2.3644153e-01  -7.2327206e-02   2.2188975e-01   1.0881752e-02   1.8487300e-01   2.4158365e-01   1.0154895e-01   1.0972922e-01  -2.4830770e-02  -1.4523639e-01   1.6551444e-02   2.0126633e-01  -1.5596273e-01   2.9926574e-01  -4.7990290e-02  -1.5398422e-01   3.0288940e-01  -1.7654448e-03   1.5154450e-02   1.0348013e-01   9.8261142e-02   1.1284402e-01   1.1723984e-01   5.9438350e-02   2.3328692e-02  -1.9115239e-01  -2.8778358e-01  -4.6074468e-02   4.1510214e-02  -2.1921474e-02  -8.4787112e-03   1.6587311e-01   2.5715055e-01  -1.1536224e-01   9.9636238e-02   1.4686570e-01  -1.0298037e-01   7.1288293e-02  -2.8132971e-01   3.9761976e-02  -6.5032599e-02  -1.3555116e-02   1.7488886e-01   3.9396748e-02  -8.6585527e-03
  -1.4443515e-01  -2.5951020e-01   2.2602342e-03   1.3107486e-01   8.7934313e-02   1.6666447e-01  -2.6111589e-01   2.0773501e-01   9.4640981e-03  -1.5803671e-01  -9.7671978e-02  -1.3095288e-01   1.3980840e-01  -8.4097918e-02  -1.9309574e-01  -3.5367735e-02  -4.9342036e-02   1.9628420e-01  -1.5122226e-01   7.8716790e-02  -2.7023996e-02   1.6159892e-01   1.1714103e-01   2.6958522e-02   1.0171818e-01  -1.2420107e-03  -1.0143353e-01   8.2975445e-02   6.5358529e-02  -5.7127767e-02   4.5114018e-02   6.3285631e-02   1.2131851e-01   1.1356613e-01  -1.7831565e-02  -3.9646287e-01   1.6444916e-01   5.4560192e-02   2.7133574e-01  -4.0469773e-02  -5.0997282e-02  -1.8309900e-01  -2.3872667e-01   1.4689845e-01   1.4224292e-01   9.3141038e-02  -1.4602233e-01   7.6634994e-02  -1.3129707e-01
  -1.2699277e-01  -1.5438981e-01   2.2335990e-01   7.5594088e-02  -1.7564063e-01  -9.0086177e-03   2.3647650e-01   1.2320105e-01  -1.7556336e-01  -2.7878449e-01  -1.7691550e-01  -1.5286439e-01  -1.2708004e-01  -1.0212806e-01   4.7256727e-02   2.3599720e-02   6.0240394e-02  -8.4054357e-02  -1.3539003e-01  -1.0452045e-01   2.5282731e-02  -1.1410660e-01   1.3115652e-02   2.2443713e-01   3.5563291e-02  -4.0907911e-02  -2.0385712e-01  -8.8373235e-02   9.0195248e-02  -1.1031729e-01   1.5805450e-01   1.6289605e-01  -4.5208589e-03  -1.4223577e-02   3.3402554e-02   2.8830555e-01   8.2132427e-02  -2.6568112e-01  -2.3984496e-01   2.3454778e-01  -1.3036296e-01  -3.7459948e-02  -6.7642585e-02  -1.9282950e-02   2.1015013e-01  -5.9832251e-02  -1.5625165e-01   9.2260989e-02  -5.6559734e-02
  -1.6071924e-01   6.5934424e-02   7.8859370e-02  -1.6800703e-01  -2.6488173e-01   1.4891553e-01   1.2783220e-01   7.1032350e-02   6.9011495e-02   9.5145109e-03  -6.9904563e-02   5.9723958e-02  -1.6240904e-02   5.8109902e-02  -1.0610127e-01   1.3064580e-01  -3.8929320e-01   1.2955711e-02   4.7428903e-02  -2.9965198e-02  -4.6212846e-02   3.3939011e-01   6.1092237e-02  -4.8425117e-02   1.3488441e-01   7.8926191e-02  -6.4170726e-02  -9.6642169e-02   3.7201503e-01  -4.2182878e-02   2.0818776e-01  -1.0641385e-01  -9.6130629e-02   3.1921746e-02  -3.1198177e-02  -8.7122974e-02  -1.0134666e-01   2.0880158e-01  -5.8046844e-02   9.5940566e-03   1.0577206e-02   3.0371953e-01  -4.1811631e-02  -1.4814706e-01  -1.1740436e-01  -1.5363400e-01  -6.1288160e-02   1.3386604e-01   1.1884138e-01
  -1.5926439e-01   1.0124104e-01  -5.6917604e-03  -6.5859677e-02  -2.1175153e-02   2.2305053e-01  -7.7397907e-02   1.9030831e-01  -1.0522813e-02  -1.2123168e-01  -1.8642099e-04   2.3712398e-01   1.5774982e-02   2.2156979e-01  -5.6417467e-02  -7.9527431e-02   1.2254728e-01   2.1763421e-01   3.0680307e-01   2.1063521e-01   1.9552080e-01  -1.6196291e-01   7.7506371e-02   1.9278828e-01  -5.2079078e-02   2.2257241e-01  -9.0920529e-02  -3.5115757e-02   2.0218608e-01   1.6305285e-01   1.0577448e-01   6.2240586e-02  -1.0095527e-01  -5.0452383e-02  -2.0218048e-01   7.9204949e-02   7.4874424e-02  -2.3313189e-01   8.7420060e-02  -1.0686225e-01   1.3529131e-01  -1.7379509e-01   6.1582444e-02  -4.5928637e-02   6.6068607e-02  -9.7239124e-02   2.3508921e-01  -7.6458692e-02   1.2915791e-01
  -1.3721491e-01   8.4815719e-02   2.5042552e-01  -1.7910132e-01  -2.6594651e-02   1.3549353e-01  -1.6576148e-01   2.7581813e-02   2.7149782e-01  -5.5263468e-02  -6.2746287e-02   1.5570217e-01   1.1698660e-01  -3.4210821e-01  -1.7920778e-01   7.6282271e-02  -1.3799397e-01   1.2148206e-02  -5.3443522e-02  -4.9374901e-03  -7.9428292e-02  -1.5960268e-01   1.4331762e-02  -1.4560965e-01  -5.5910012e-02  -6.1199040e-02  -1.1502949e-01  -1.7541634e-01  -1.1550511e-01   1.2386515e-01  -6.9620545e-02  -2.1784325e-03   1.0195599e-01  -2.1605425e-01  -2.4584802e-02  -1.2950596e-01   3.6085782e-02  -2.0680831e-02  -1.4068887e-01   3.3540497e-01  -2.9755764e-02  -4.7994149e-02   3.6831987e-01   3.4746697e-02  -1.0722649e-02   1.5297309e-01   1.3699679e-01  -5.7980989e-02  -6.6630690e-02
  -1.5328838e-01  -9.1931051e-02   4.1818585e-02   3.7953104e-01   1.2221365e-01  -1.5711795e-01  -8.9468473e-02  -6.7080101e-02  -8.4425555e-02   7.4591451e-02   1.6465210e-01  -3.1684035e-03   1.3247658e-01   1.1622351e-01  -1.4586527e-01   8.1390204e-02  -1.2751146e-01  -1.1933029e-01   8.4511702e-02   1.9559255e-01   1.4537025e-01   3.0277414e-02  -9.8205197e-02  -4.0259594e-02  -2.7541434e-01  -4.3848379e-02   1.5288958e-01  -1.6864670e-02   7.2959763e-02  -4.0960044e-02   5.0860238e-02   3.3741329e-01   8.3672189e-02  -8.4337688e-02  -1.5018631e-01  -9.8055409e-02  -1.9310307e-01  -9.3701449e-02  -1.1067207e-02   1.2352017e-01  -1.5400278e-01   2.6956775e-01   8.6019764e-02  -6.3020797e-02   1.2117125e-01  -1.0401426e-01   1.5847467e-01   2.3682595e-01  -1.2283599e-01
  -1.4999448e-01   1.7521082e-01  -1.1263595e-01  -1.4177370e-02  -1.3457440e-02   1.2349182e-01  -1.5729213e-01  -3.1003465e-03  -1.6295380e-01  -1.0170029e-01  -5.9564486e-02   6.3587620e-02  -1.5130209e-01  -4.4101730e-01   2.1862436e-01   1.9382384e-01   8.4754398e-02  -1.0486231e-01  -5.9819527e-02   8.1867092e-02  -1.9006906e-01   5.9006279e-03  -1.7017038e-01  -1.4824083e-01  -1.3283892e-01  -8.7733326e-02  -4.1847637e-02   8.2207033e-02   2.8294174e-01  -1.6673850e-01  -5.4199664e-02   3.4488537e-02   1.5463753e-01  -2.5195172e-03  -2.3453829e-01   1.6785882e-01  -1.2527772e-01  -5.8897249e-02   1.1541125e-01  -2.0368185e-01   2.1078326e-02   2.6045657e-02  -1.5533955e-01   1.8569228e-01  -1.1354489e-01   2.5402524e-02   1.7361589e-01   9.0633315e-03   2.3022245e-02
  -1.4224698e-01  -9.4481116e-02  -1.4539105e-01   2.1142975e-02  -7.2873215e-02  -7.2844384e-02   4.8857139e-01   2.3849660e-02   1.5021812e-01  -1.8338611e-02   3.2342694e-02  -1.3153467e-01   4.2589345e-02  -4.7282464e-02  -1.5650770e-01  -1.1129663e-01  -2.3354042e-01  -1.7968427e-01  -1.9696155e-01   1.2076391e-01   1.9031092e-02   1.5014862e-01   9.3593626e-02  -9.5769060e-02  -1.4527128e-01  -6.7992999e-02   1.3316669e-01   1.6756073e-01   2.8479862e-02   5.1674055e-02   9.7229977e-02  -9.1261603e-02   4.8479662e-02   9.3649122e-03  -8.4902040e-02  -1.2112485e-02  -4.8084862e-02  -1.8650399e-01  -4.0841300e-02  -1.7515470e-01   1.3020357e-02  -4.3067483e-01   1.1885658e-01   3.8546402e-02  -6.7700300e-02   5.1274982e-02   2.1782009e-01  -8.7512601e-02   2.2932903e-02
  -1.5505193e-01   1.5904573e-02   9.9367601e-02   1.5051665e-01   2.0353887e-02  -1.9760506e-01  -2.1766047e-01  -5.6954778e-02   7.6353645e-02  -6.6997626e-03   1.3763770e-01  -2.5048321e-01  -3.5185622e-02   1.2679148e-01   2.2088189e-01   9.4853503e-02   9.0253486e-02  -9.4079232e-02   4.8727315e-02  -2.6871010e-01  -6.7899011e-02   3.3040158e-01  -3.5632239e-02  -1.2451836e-01   2.6235022e-02   3.2185321e-01  -7.5679981e-02  -2.0803820e-01   1.0911945e-01   4.9922918e-02   1.4780851e-01  -2.1416145e-01  -8.7383981e-02   7.3815272e-02   2.6487614e-02   3.7927939e-02   2.0416478e-02  -1.6651926e-01   1.1389510e-01   1.6527119e-01   3.8820429e-02  -9.7471289e-02   6.0334490e-02   4.3790788e-02   7.2714617e-02   1.6255175e-01   2.4237873e-01  -1.6559640e-01  -1.2168967e-01
  -1.5583149e-01   1.9199978e-01   8.2507055e-02   1.4012004e-01   1.0796460e-01   1.1203666e-01   1.1226391e-02   7.4330331e-02   1.3104860e-01   6.8722252e-02  -2.4066507e-01  -3.2662859e-02   2.6073482e-01   1.3439320e-01   2.4672763e-01   1.6812889e-01  -1.8997750e-01  -1.5691149e-01  -5.8015873e-02  -2.2352191e-01  -1.5280124e-01  -1.3372813e-01  -1.2747903e-01   2.2864318e-01   1.1871615e-01  -1.0876991e-01   9.5985877e-02   1.0941771e-01  -1.7176690e-01   1.5512726e-01   6.3475796e-02  -7.9792389e-02   1.0438585e-01  -6.3530648e-02  -7.0567648e-02   3.9060249e-02  -4.7789399e-02  -1.5079684e-01   3.0644546e-01  -6.4594989e-02   2.0064216e-01  -4.4836018e-02   8.5560186e-02  -8.6053687e-02  -9.3381757e-03  -1.7565031e-01  -1.2683348e-01   2.0608253e-01  -2.3976848e-02
  -1.3919269e-01   1.9714879e-02  -3.0922236e-01   5.6464065e-02   1.3791167e-01   1.2493996e-01  -1.6918282e-01  -1.5310436e-01  -1.3232118e-01  -2.2091267e-02  -2.2496590e-01   1.0031154e-01   9.4061408e-02   1.8929600e-02  -6.4533339e-02  -1.7170339e-02  -4.3168124e-02  -5.2292036e-02  -2.3540678e-01   9.5751187e-02   1.6529853e-01   9.8826920e-02   5.9115781e-02  -8.5049189e-02  -4.9134522e-02   2.0422105e-01  -1.1391850e-01  -1.7409066e-01  -2.8537760e-01  -3.6412383e-02   1.1562098e-01  -5.5334838e-02   5.9868734e-02   2.0673739e-01   2.0118676e-01   7.7267609e-02   5.0130449e-02  -1.8662722e-01  -1.7757254e-01   1.0447628e-01   3.9727129e-02   5.0276772e-02  -2.1229398e-03   1.6582299e-01  -3.0190184e-01  -2.7572053e-01   2.1108136e-02   6.4165090e-02   1.5133251e-01
  -1.5859548e-01  -3.0559825e-01  -1.6129825e-01  -1.4377384e-01   5.1791718e-02   1.9146331e-02   3.8108931e-02  -2.0680069e-01   3.6045843e-01   1.0993400e-01  -5.6765617e-02   1.8551322e-02   1.0485295e-01   5.6051633e-02  -4.1398764e-02  -3.7676577e-02   3.1611171e-02  -5.7171451e-02   6.3122266e-02   1.7257780e-01  -2.5096674e-01  -7.4353675e-02  -1.8299145e-01  -1.4204561e-01  -5.3561741e-02   3.7003422e-02  -2.8210657e-01  -1.4327277e-02  -3.7504212e-02  -6.9150595e-02   1.2610586e-02  -9.0113665e-02  -1.4764440e-01  -1.5124063e-01   5.4787236e-02   1.0741879e-01   6.1305513e-02  -2.4437798e-01   6.6294557e-02  -2.1905555e-01  -8.9008439e-02   2.6094960e-01  -9.9748220e-02  -1.5526962e-02   2.8868830e-01   1.8733357e-02  -1.2682834e-01  -5.4899819e-02   4.3265419e-02
  -1.4921933e-01   3.0636399e-01  -2.1045123e-02   1.6470488e-03  -1.0949999e-01  -2.9636531e-01  -1.1626121e-01   1.1032283e-01   1.8667725e-01  -2.2045701e-02   9.2040607e-02  -1.4330805e-01  -7.0399382e-02   1.5294963e-01   1.1274049e-02  -1.3853164e-01  -2.2377556e-02  -2.6392311e-02  -8.7970289e-03   2.1992062e-01   3.1503115e-02  -1.5671355e-01   2.2061495e-01  -1.0179082e-01  -1.1215322e-01  -3.3111027e-03  -2.4369026e-01   6.0210792e-02   2.1097303e-01  -8.8843903e-02  -2.8763518e-01  -8.9554947e-02   2.3435878e-01   3.7355249e-03   1.8689566e-01   3.1015938e-02  -3.1877279e-02  -1.3320161e-01   5.2197895e-02   7.2323793e-02   6.9754439e-02  -3.9103212e-02  -5.1838170e-02  -1.5218820e-01  -2.0435873e-01  -2.9040674e-02  -2.6555779e-01   1.1338035e-01  -1.3098986e-01
  -1.3349579e-01  -1.0162710e-01   1.1648478e-01  -2.3616291e-02  -2.2438640e-01  -3.6022310e-03  -1.6967984e-01  -1.1403629e-01  -4.2716224e-02   3.9272137e-01  -1.4652389e-01   3.4763808e-02   3.9887014e-02   1.8411855e-02   2.2348089e-01   7.3731469e-02   3.7291736e-02   1.5951816e-01  -1.0423827e-01   2.1471305e-01   2.3063757e-01   2.0198558e-01   1.7569773e-02   2.7901252e-01  -1.1820883e-01  -2.0098990e-01   1.0314834e-02   2.4277327e-02   5.1914899e-02   1.7089490e-01  -4.4812622e-02  -2.2036851e-01   8.6371335e-02  -1.2580655e-02  -4.8022139e-03   1.0323453e-02  -1.0546916e-01  -5.5039345e-03  -3.0637034e-01  -1.2009025e-01   9.6932237e-02  -2.1004897e-02   2.1215979e-02   1.6195228e-01   1.3877697e-01   9.3928521e-02  -8.1628677e-02  -6.3457804e-02  -1.8319637e-01
  -1.4516015e-01  -2.8277610e-02  -9.2232490e-02  -2.4079470e-01   6.5479053e-02   2.8785667e-02   5.2886712e-02  -6.2761865e-02  -3.0138683e-01   1.1242161e-01   4.6142461e-02  -5.5482483e-02  -8.3450991e-02   2.3357026e-01   1.9684384e-01  -5.9737557e-02  -1.9802047e-01   2.2882320e-02   3.9159618e-02   1.7395019e-01  -3.3826420e-01  -8.0443798e-02   3.1250078e-02  -8.0221358e-02  -8.7507224e-03  -1.0503314e-01   1.2948124e-01  -1.8642506e-01   4.8549100e-02   3.1578591e-02   3.0388345e-02   7.7134084e-02   1.6822325e-01  -2.1777170e-01   2.1635164e-01  -1.0997469e-02   2.8649406e-01   1.6231019e-01   7.6452176e-04   1.8596024e-01   9.3249689e-02  -1.5058155e-01  -1.2151204e-01   9.2284485e-02   1.5717767e-01  -1.1137084e-01   2.1236171e-01   8.4310587e-02  -7.0423312e-02
  -1.1867352e-01  -1.5588413e-01  -5.3489712e-02  -9.6900173e-02   1.3053464e-01   6.5201557e-02   6.4623205e-02   1.0833819e-01  -7.5577257e-02  -1.6108367e-01  -8.7501511e-02   7.3929776e-02  -2.2061322e-01  -6.6287057e-02   6.3977635e-02  -1.5094062e-01  -2.7344365e-01  -1.8100094e-01   3.9065007e-01  -1.6953984e-01   4.8476244e-02  -4.1541296e-02  -4.0483482e-02   3.4076075e-02  -2.7308937e-01   3.5327963e-02   7.5235912e-02  -7.2492333e-02  -5.5687844e-02   6.1180333e-02  -2.9024694e-01  -1.9065957e-01  -2.2181569e-02   3.3884438e-01  -4.9419234e-02  -1.2415748e-01  -3.3507620e-02  -2.0284189e-02  -2.1656510e-02  -2.9352791e-04   2.0937968e-02   7.9682943e-02   5.9735339e-02   1.3376556e-01   1.0519566e-01  -1.0671198e-01  -1.3844797e-01  -8.0062024e-02  -2.5700426e-01
  -1.2022216e-01  -1.2533501e-01   1.5993627e-02  -6.0640215e-02   5.6742173e-02  -1.2076204e-01  -4.4336807e-02  -1.1975647e-01  -1.0975952e-01  -3.2782156e-01   2.1025058e-01   7.2244753e-02   3.3864890e-01   4.5047223e-02   3.5648926e-02   1.2978995e-02  -8.8666138e-02   1.4081329e-01   5.1679514e-02  -1.0303766e-01   3.3462776e-02  -1.2598198e-01  -1.1514938e-01   1.8229412e-01   4.6307499e-02  -3.9370630e-01  -1.7896703e-01  -1.6741850e-01   5.2721398e-02  -4.6595718e-02   2.5827107e-02  -1.7825180e-01  -4.5031069e-02   1.0773731e-01   2.2174303e-01   9.4517352e-03  -1.4267372e-01   3.9426085e-02  -1.0737751e-02  -1.8776513e-01  -1.6586749e-01  -4.7408857e-02  -5.4638815e-02  -1.2758557e-01  -2.2632581e-01   4.3749016e-02   2.4082862e-01  -2.4234398e-02  -6.8731509e-02
  -1.4053590e-01   4.0425024e-02  -8.3443728e-02  -1.2996809e-02   1.8146827e-01   8.8638477e-02  -9.5801984e-03  -4.4498205e-02  -5.6018172e-02   2.0484573e-01   1.4410059e-01  -8.3080476e-02  -3.7501296e-01   1.8416573e-02  -5.2667975e-03   1.1131604e-01  -3.8056291e-02  -1.4232273e-02  -1.8445220e-01   7.1069627e-03   2.0320572e-01  -1.8790430e-01  -4.5659541e-02   1.3679728e-02   6.5709181e-02  -2.4169025e-01  -2.0510845e-02  -1.7053794e-01   1.5132415e-01   6.8785380e-03   2.6726344e-01   3.7081957e-02  -3.9515283e-02   2.9117164e-02   3.1280604e-04  -1.3232207e-01   1.0666377e-01  -5.4510075e-02   2.3744728e-01  -5.2642598e-02  -1.8305547e-01   2.5293642e-02   2.8099022e-01  -4.6222775e-02  -7.6859737e-02  -7.2865265e-02  -2.4585128e-01  -3.4569777e-01  -7.3323206e-03
  -1.3590848e-01   8.1768971e-03  -8.9565902e-02  -2.7065923e-01   1.6212524e-01  -9.1384404e-02  -1.3381783e-01  -4.6529745e-02   1.5398855e-01  -2.6974795e-01  -3.1341749e-02   1.8413150e-01   6.7841262e-03   3.9429363e-02   6.9179756e-02  -4.9895694e-02   1.4437871e-01  -2.5453528e-01  -2.1941519e-01   6.4427189e-02   1.4329270e-01   1.6517994e-01  -7.3359587e-02   1.3095455e-01   4.2701717e-02  -8.9412130e-02   3.0416092e-01   1.6261486e-01   2.5918483e-01   3.0052853e-02  -9.9619820e-02   1.2500562e-01  -3.7627287e-01  -5.6912887e-02   2.1328037e-01  -9.5441194e-03  -4.0973762e-03   1.3705357e-02   4.9053190e-02   1.7545801e-01   8.2120112e-02  -2.0712655e-02   7.9081706e-02   9.3204473e-02   6.6057623e-02   5.8770821e-02  -7.6551378e-02   1.1919860e-01   2.7552888e-02
  -1.5743292e-01   9.3780797e-02  -2.7466005e-01   2.0348221e-03   4.8417007e-02   1.5712252e-01  -8.7919468e-02   8.9435896e-02   5.8464751e-02  -4.0703271e-02   9.7605418e-02  -2.9153618e-01   3.0618224e-02   1.9936067e-02  -5.8266984e-02   5.0634684e-02  -5.0580998e-02   9.8941027e-02  -6.9358046e-02  -9.2841175e-02   4.1643528e-02  -3.5801775e-01   1.5913459e-03  -9.5485849e-02   1.7070779e-02   5.3387169e-02   2.4924021e-01   1.1672779e-02   4.1337447e-02   2.7275276e-01   8.1968523e-02  -1.7493975e-01  -8.6629983e-02  -4.1459412e-02  -6.8685097e-02   1.4577952e-02  -3.2115363e-01   2.9685943e-02  -2.6271530e-01   1.6374356e-01  -8.9977206e-02   3.0749961e-02  -3.5880487e-01   1.0291102e-02   1.0875878e-01   1.4141531e-01  -6.8424390e-02  -3.3559127e-02   9.0368646e-02
  -1.4604610e-01   3.7059678e-02   3.9138777e-02   2.6895796e-01   7.1569812e-02   2.6638391e-01   4.5432428e-02  -1.9538862e-01  -9.5693006e-02  -5.8518552e-02  -1.7688529e-01   8.1308443e-02  -1.4309159e-01   3.2375475e-01  -1.4105206e-01  -8.4051245e-02  -1.6264306e-02  -1.3733634e-01  -2.1428832e-01  -1.2719033e-01   2.8487649e-02  -9.7570885e-02   2.2190036e-01   5.0339732e-02  -1.8277039e-02   1.0509346e-02  -1.1668340e-01  -2.3058742e-03   6.6181441e-02  -1.6886973e-01  -2.7194137e-01  -1.7697332e-01   2.6723832e-02  -9.8765673e-02  -3.7579692e-02   1.2313706e-01  -3.3534825e-02   2.5241891e-01   6.8183631e-02  -7.2170357e-02  -4.0782877e-02   9.6075097e-02   1.1984106e-01   3.4285935e-02   1.2215005e-01   3.3444719e-01   1.5779096e-01   2.3046110e-02   9.1821394e-02
  -1.3235794e-01  -2.5087485e-01  -3.7537231e-02   1.5125547e-04  -4.8635584e-02  -1.4767273e-01  -2.8254670e-01   3.1129714e-01  -2.1893416e-02   9.6287998e-02  -7.5817419e-02   3.0031685e-02  -7.2017305e-02  -1.4189224e-03  -4.6276002e-02   1.1868934e-01   1.8901419e-02  -1.0090440e-01   3.1548686e-03  -2.8324533e-01  -6.1796136e-02   1.3211932e-01   1.5694240e-01   5.9451647e-03  -2.5771776e-01  -1.2464162e-01   6.4401344e-02  -4.0422310e-02  -4.5554822e-02   9.4836970e-02  -1.8711099e-01   8.8588814e-02   4.4944417e-02  -1.7826555e-01   9.0175957e-02   6.4173871e-02   5.2364989e-02   2.9814033e-02  -4.9007513e-02  -1.3769386e-01  -1.0767121e-01  -9.7696246e-02  -4.6539244e-02  -2.6319632e-01  -7.5101012e-03  -1.3825284e-01   5.6151605e-03  -1.3764552e-01   4.4638485e-01
  -1.3746390e-01  -1.3399192e-01  -3.5395353e-01   4.6271743e-02  -4.1656347e-02  -7.3302326e-02   2.3351304e-02  -1.6944100e-01  -3.1543456e-03   9.5142104e-02  -1.2690522e-01   1.0548269e-01  -5.2521645e-02  -1.3134160e-01   1.5203613e-01  -2.2583914e-02   1.3819969e-01   1.3451133e-01  -2.7482590e-02  -1.5733898e-01   5.0477449e-02  -5.6361422e-02   9.8970852e-02  -1.2117311e-01   1.6596453e-01  -5.8791915e-04  -1.5477731e-01  -2.6804962e-02   2.0504217e-02  -1.5024630e-01  -8.9918442e-02   2.7072710e-02  -1.7228249e-01  -5.6013830e-02  -2.3099277e-01  -1.6701427e-01  -1.6783197e-01   1.3190270e-01  -5.6012693e-02   1.2146787e-01   1.0759546e-01  -2.5714236e-01   1.0072216e-01  -3.7323374e-01   1.1638516e-01  -2.3313669e-01   5.4137976e-02   1.4473436e-01  -2.1457798e-01
  -1.2868125e-01  -1.3711940e-01   1.6853798e-01   4.7773857e-02  -2.5837314e-01   1.3204124e-01   8.7023342e-02  -4.9399085e-02  -2.9559640e-01   2.9168994e-02   1.1130525e-01  -9.6972503e-02   1.5861165e-01  -1.3614266e-01  -1.7606097e-01  -1.8964802e-01   1.9549287e-01   1.4792490e-01  -6.8466558e-02  -1.0689085e-01   9.8779516e-02  -5.0704276e-02  -1.4914199e-01  -2.1832368e-01  -9.9329956e-02   3.9876080e-02   1.4597891e-01   1.0548144e-01   7.9720433e-02   1.8648167e-02  -1.1700790e-01  -2.5757369e-01  -5.2091428e-02  -1.8684538e-01   2.0426507e-01   3.6251736e-02  -7.0831222e-02  -5.5401087e-02   3.0080205e-01   9.6590352e-02   1.8118685e-01   9.6118729e-02   1.0591724e-01   6.0056653e-02   8.1772603e-04  -2.7858822e-01  -6.4102675e-02  -4.5696742e-02   2.6957454e-02
  -1.4016261e-01   1.5864402e-01  -3.1650906e-02  -2.4020183e-01  -8.4774726e-02  -8.8991698e-03   1.2916972e-02   1.3057316e-02  -2.0382712e-01   2.4547655e-01   4.7005742e-02   1.1043787e-01   2.1140643e-01  -1.9432942e-02   4.8675330e-02  -3.6222579e-01   4.0067113e-02  -1.4532270e-01  -7.9148080e-02  -2.6054692e-01   7.1313830e-03  -5.9378350e-02  -1.2288691e-01   1.0454419e-01   5.1724271e-02   1.5135646e-01   4.9300668e-02   4.2680405e-03   6.9861603e-02  -2.2166821e-01   3.3452501e-02   1.3450019e-01   2.0921720e-01   1.1087940e-01  -1.5263426e-02  -3.3582234e-01   3.0464477e-03  -2.4777248e-01  -1.0829760e-01  -5.5707972e-02  -4.4365063e-02   8.4867452e-02  -2.4089957e-02  -1.3128622e-01   8.3191860e-02   2.6059261e-01   2.1910176e-03  -3.4196266e-02   1.3412007e-01
  -1.4795670e-01  -9.3249688e-02  -4.2076754e-02   2.6871798e-01  -1.9181439e-01   1.3799087e-01  -6.3970412e-02   1.1655761e-01   1.0755112e-01   5.2739955e-02   3.6894965e-01   1.6117161e-01  -5.1491510e-02   1.5790500e-02   1.0859979e-01  -2.0418135e-01  -6.6211029e-02  -4.7627781e-02  -8.1309278e-02   4.3951122e-02  -2.1572979e-01  -7.4089491e-03  -1.1622951e-01   2.2930860e-01  -1.5804590e-01  -3.5157992e-02   4.5180033e-03  -7.4953464e-03  -1.6727493e-01  -2.0327283e-01   5.1412710e-02  -4.3624318e-02  -2.7471879e-01  -8.7488005e-02  -2.0531517e-01   3.7444452e-03   1.7625054e-01   8.1919596e-02  -8.0368151e-02   1.8576977e-01   1.5031767e-01  -1.7083763e-02  -1.1747296e-01   2.9870890e-02  -3.1008247e-01   6.6007768e-02  -1.2472002e-01  -5.5983181e-02  -1.5943226e-02
  -1.5110943e-01   4.4961699e-02   1.0686966e-01   1.5527185e-01  -6.9870397e-02  -3.6228923e-02  -1.3059936e-01  -2.5490040e-01   1.1435734e-01  -2.4800767e-01   1.6691578e-01  -4.3032385e-02  -3.5795178e-02  -8.4005447e-02   4.6043906e-02  -1.7497061e-01  -5.9174163e-02  -6.5418837e-02  -1.2288528e-02  -1.8366897e-02   1.9450633e-01  -2.1188477e-03  -1.3088676e-01  -1.9216942e-01   2.5664471e-01  -4.1610731e-02   1.5353333e-01  -5.7315376e-02   5.9022202e-03   1.7465034e-01  -6.0619549e-02  -1.2531378e-02   1.8488181e-01   4.0961112e-02  -1.7878019e-01   5.4635553e-02   4.3136404e-01   9.4710096e-02  -2.3702132e-01  -2.7355818e-01   1.1011672e-01   2.6884305e-02  -8.1346555e-03  -1.1234404e-01   1.2992154e-01  -1.2370977e-01  -7.1315369e-02   6.8550270e-02   1.1250276e-01
  -1.1477393e-01   2.1962187e-01   2.6534209e-02   1.7430016e-01  -1.7127989e-01   9.0531397e-02   1.0203174e-01  -7.0908534e-02   2.2574484e-02  -1.1771522e-01  -2.0140607e-03   1.4860942e-01  -2.2062928e-01  -1.1809049e-01   7.8681819e-02   1.2410980e-01   1.0415336e-01  -4.0614160e-02   6.9736600e-02   1.6355299e-02  -1.9867375e-02   2.1092693e-02   1.0052139e-01   8.4590955e-02  -1.7735573e-02   1.9067168e-01   1.4286726e-01  -2.8050762e-02  -1.8428696e-01   5.8845513e-02   2.0079381e-02  -5.0636259e-02  -1.0223646e-01  -3.0894455e-01   3.5740748e-01  -3.4365667e-01   1.9580538e-02  -1.0835691e-01  -3.2576824e-02  -2.7441382e-01  -2.9824868e-01  -1.5166381e-03  -1.3797004e-01  -5.2975108e-02  -2.3222594e-02  -4.0140076e-02   4.5261517e-02   7.8790665e-02  -1.9607646e-01
  -1.3270831e-01  -8.3220821e-02   5.8414240e-02   1.8686744e-02   1.0736787e-01  -1.2555338e-01  -1.3847207e-01  -9.2505437e-02  -2.2359606e-01   2.7589604e-02  -2.1970995e-01  -2.1020179e-01   1.4279566e-01  -1.5833158e-01   4.8932320e-02   4.4985533e-02  -2.0629997e-01   5.8178945e-02   3.2451617e-01   1.1634597e-01   2.7928099e-02  -1.3215886e-01   1.7770751e-01  -6.1786328e-02   5.7980986e-02   1.3613526e-01   2.0977422e-01   1.2683776e-01   7.8001922e-03  -2.8364982e-01   1.2783383e-01  -3.3098538e-02  -2.4793428e-01  -1.5610792e-01   2.0788794e-02   1.0280427e-01   1.1921774e-01  -8.2515111e-03  -7.5731041e-02  -1.2390365e-01   2.9421133e-02  -6.5243229e-02   1.9352024e-01  -5.3304239e-02  -1.9005517e-01   2.7211582e-01  -1.8726863e-01   1.9014892e-02   4.4565670e-02
  -1.5749001e-01   8.8221151e-02  -9.5772082e-02  -1.0128830e-02  -9.0096157e-02   4.2991701e-02   1.2492866e-01  -1.7307555e-02   9.6886002e-02   4.2559094e-02  -4.2787298e-02  -3.7566743e-01  -4.5174615e-02  -1.2834470e-01  -5.5909734e-02  -5.2091237e-02  -2.6019521e-02  -6.2134668e-04   1.3265628e-01  -1.5016165e-02   2.1081469e-01   7.9469349e-02  -1.6090590e-01   1.5053986e-01   1.3686630e-02  -2.7656869e-02  -1.4916521e-01  -3.6183478e-01  -1.4568000e-01   2.2729469e-02  -1.7670040e-01   4.0532894e-01  -1.0193315e-01  -9.4026210e-02   1.3503436e-01  -1.9046181e-02  -1.4074130e-01   1.4193805e-01   1.1968759e-01  -1.2171774e-01   3.2610291e-01   1.7456523e-03  -5.5743715e-02   1.1988575e-01  -4.5550093e-02   1.4370474e-01   4.0693621e-02   2.2200778e-02   9.4566152e-02
  -1.5911126e-01  -2.6776857e-01   6.3610988e-02   2.3874291e-01  -1.2545648e-01  -1.5318271e-02   1.0678692e-02   3.5677380e-02   4.5776091e-02   7.9488009e-02  -8.9226807e-02   1.7644054e-01  -2.7923581e-01   5.4475724e-02   6.8066669e-03   5.2083483e-02   9.5815268e-03   1.0908597e-02   1.8455568e-01   1.4743890e-01  -1.2130310e-01  -1.0485025e-01  -1.6688566e-01  -1.0631277e-01   4.3603364e-01  -8.6271896e-02   7.2300409e-02   1.7047260e-01   4.2188339e-03   7.0545712e-02  -7.2797332e-02   7.2094375e-02   1.1013710e-01   2.4210429e-01   2.5172396e-01  -8.3562967e-02  -1.8249161e-01  -1.4571746e-01  -2.7848120e-02   1.5334678e-01   1.1320395e-01  -1.4263128e-02   2.1805834e-02  -3.2009936e-03  -1.2474455e-01   1.5482520e-01   1.1777551e-01  -3.8329020e-02   1.9198159e-01
  -1.3512703e-01   7.6030111e-02  -1.6997390e-01  -3.3945071e-02  -2.5189511e-01  -5.0017570e-02  -1.1825971e-01  -1.7341202e-01   1.6980601e-01  -3.4554552e-03  -5.4450679e-02  -3.7758008e-02  -1.1072316e-01  -3.8395152e-02  -1.5943322e-01  -6.7707702e-03  -6.4891705e-03   2.4336578e-01   8.6466315e-04  -2.6292968e-01  -1.2093652e-01  -1.1309178e-01   9.8555641e-02   1.1227703e-01  -2.5941725e-01  -3.2018291e-02   8.7158795e-02   3.1498136e-01  -2.8764631e-02   2.6838279e-02   2.6187880e-01   2.1322871e-01   4.1702983e-02   2.8468929e-01   1.9074643e-01   1.6248872e-01   1.6610014e-01   1.0910553e-01   5.9416902e-02  -3.0659326e-02   9.1034426e-02   1.5375531e-01   1.0365768e-01  -2.5926228e-02   5.8010520e-02   3.5782108e-02   1.6427992e-01   8.1220171e-03  -1.7327992e-01
  -1.4209323e-01   5.8412980e-02   1.1583176e-01  -7.9775892e-02   1.0216663e-01  -5.2540180e-03   1.3196163e-02  -3.0456890e-01  -7.9361764e-02   2.1688600e-01   1.9916755e-01  -7.1288547e-02  -6.8989392e-02  -1.8450791e-01  -2.5655347e-01   1.4616417e-02   2.1995747e-01  -2.0643695e-01   2.3558124e-01  -2.6657861e-02  -1.4057028e-01   3.1126549e-02   2.8014984e-01   1.9218328e-01   2.4449233e-02  -1.5574301e-01  -1.2011839e-01   1.9827770e-02  -8.3757589e-03   1.8564481e-01   3.7514269e-02  -1.4076370e-01  -9.9047275e-02   1.5588080e-01  -1.0807886e-01  -4.9446952e-02   3.5755727e-02  -5.6141884e-02   5.9125693e-02   9.7271530e-02  -5.1911481e-02  -1.0968739e-01  -8.9477810e-02   9.6133612e-02  -2.3172529e-02  -3.9807671e-02  -3.3349352e-02   3.5545491e-01   2.1053833e-01
  -1.4361582e-01  -6.7674260e-02   6.6001789e-02  -1.8384927e-01  -1.9145096e-01  -1.8401615e-01   4.2416248e-02  -8.2413886e-02  -2.6230456e-01  -1.2553867e-01   1.8058368e-01   1.7699351e-01   6.6245330e-02   1.0395808e-01  -3.0248639e-02   3.2976924e-01  -9.2431258e-02  -6.9840718e-02  -2.0175922e-01   2.0553370e-02  -2.5847010e-02  -7.8213438e-02   3.1536404e-01  -1.3201598e-01   9.7704411e-02   7.2974976e-02  -2.2400920e-02  -6.8316059e-03  -2.4150112e-01   1.6121851e-01  -1.1552623e-01   1.8884840e-01  -1.1798257e-01   6.7546304e-02  -1.9972017e-01  -2.2797554e-02  -4.8982929e-02  -1.2455399e-01   1.2615878e-01  -8.6522320e-02   2.2726606e-01   1.4153751e-01  -1.1835021e-01   3.0265229e-02   1.4886610e-02   1.1075686e-01  -1.0003799e-01  -1.8453453e-01  -1.1768187e-01
  -1.4014016e-01   6.4559620e-02   1.0931661e-01   1.0700585e-01   3.9041820e-01  -1.8863905e-01   8.0123677e-02   4.9627356e-02  -6.5537215e-02   3.3261849e-02   3.5200837e-02   2.0395745e-01  -1.4372217e-02  -1.2580976e-01  -2.0348768e-01   1.0329729e-02   1.3239775e-02  -1.4164935e-01   3.7783507e-02  -6.6463344e-02   1.9170629e-02  -1.3200112e-02  -7.4421707e-02   6.4015485e-02  -6.0752492e-03   1.1921399e-01  -2.3643319e-01   2.1118353e-01   5.4691864e-02   2.4739743e-02   2.5054601e-01  -3.7654958e-02   1.1242441e-01  -1.8440644e-01   1.6622618e-01  -1.1400978e-02  -8.1583939e-02   2.4965998e-01  -1.8549617e-01  -4.5050830e-02   3.6226246e-01  -2.0943745e-02  -1.7473585e-01  -1.2832533e-02   7.6996123e-02  -7.2171655e-02  -5.3985377e-02  -2.5769811e-01  -9.2977323e-02
  -1.4711618e-01   1.8122182e-01   1.0170654e-01   6.3562639e-02   1.5775729e-01  -1.8955792e-01   1.5715265e-01   3.3124828e-02  -1.6726644e-01  -6.0023966e-02  -2.3749716e-01  -5.3781815e-03  -7.4668158e-02  -1.3667282e-01   1.4522031e-01  -2.2428301e-01  -1.3638602e-02   2.4261779e-01  -1.4360013e-01   2.3560904e-01  -6.8678208e-02   1.3309964e-01  -1.1851044e-01  -4.1137706e-02  -1.7831050e-01  -4.6803076e-02  -8.7715466e-02   3.8825483e-02  -1.5608962e-01   3.0628209e-01   4.0901867e-03  -7.6536537e-02  -1.8477783e-01   1.2974006e-01  -7.8818953e-02  -5.2874818e-02   8.0884993e-02   6.1198682e-02   1.5170004e-01   1.2776719e-01  -8.3185213e-02   1.6927384e-01  -6.8957008e-02  -3.3458357e-01   2.3516425e-02   1.7403670e-01   5.2261974e-02  -2.0354620e-02   1.5620566e-01
  -1.3786355e-01   5.0150705e-02   6.0580298e-02  -6.5669163e-02  -1.1972529e-01  -3.3451646e-01  -4.3126122e-02  -1.7076286e-01  -7.0961579e-03   1.1579628e-02  -2.7085208e-01   1.4855714e-01  -7.0548791e-02   1.6836677e-01  -3.4432247e-01  -5.4928345e-02   3.1409828e-02   9.9761214e-02  -1.1185122e-02  -5.7259861e-02  -1.4379986e-01  -2.9553197e-02  -3.3280875e-01   8.5002558e-02   2.8965717e-02   1.5341188e-01   1.6374321e-01  -1.9828740e-01   1.9733040e-02   3.1561752e-02  -2.4895316e-02   1.9107116e-02   5.6855055e-02  -5.5079323e-02  -2.2001949e-01   9.6803609e-02  -7.9142756e-02   1.1771484e-01   8.5411304e-02  -1.6189034e-02  -2.3795125e-01  -2.5044601e-01  -9.9564627e-02   1.6177748e-01  -1.6406377e-01  -4.1064288e-02  -1.7624133e-01  -4.1540496e-02  -8.6190076e-02
  -1.4909667e-01   5.8250554e-02  -2.1687542e-01   1.6951544e-01  -1.0381055e-01  -3.9295316e-02   2.5087715e-01   8.1051463e-03  -4.7154290e-02  -3.8109224e-03   1.1729462e-01   8.5268249e-02   3.2055123e-01  -7.7083999e-03   2.0270959e-01   2.8096283e-01   8.2594138e-02   2.7034984e-02   9.8835222e-02  -2.1102597e-03  -2.3280965e-02  -5.0661195e-02  -9.5211314e-02  -9.8128199e-03  -8.7479931e-02   1.8544455e-01  -1.7565349e-01   9.6250784e-02   1.4409613e-01   1.4992790e-01  -1.2652915e-01   8.8942504e-02   4.0090253e-02   1.2530578e-01   8.7981746e-02  -6.1853136e-02   1.6466147e-01   2.7952130e-01  -4.1256624e-02   8.5822930e-02  -2.1845738e-01  -9.9279911e-02   2.2611533e-01   2.1364392e-01   6.4965063e-02   4.5671442e-02  -2.2502913e-01  -3.8356536e-02   2.0565792e-01
  -1.3284625e-01  -5.2701510e-02  -1.5503488e-01  -2.9246692e-02  -4.9971487e-02  -1.7754087e-01   4.0682804e-03   4.6973886e-01  -2.5789474e-02   1.2015369e-01   1.2756738e-01   1.9027418e-01  -2.1498695e-02  -1.4073053e-01  -3.4383888e-02  -1.0591726e-01   9.7245961e-02  -8.6828497e-02  -4.5445997e-02   6.7240382e-02   9.4363240e-02  -4.7287867e-02   5.1220824e-02  -6.5261022e-02   1.7163143e-01   4.1492528e-02   6.3938307e-02  -2.1764089e-01  -1.6167732e-01   1.8878820e-02   1.9859072e-01  -1.7781312e-01   5.5611455e-02   4.3765092e-02   5.4128986e-02   2.7895387e-01  -2.9321697e-02   1.8033315e-01   1.4353029e-01  -1.5284776e-01  -6.0282051e-02   8.9885992e-02   1.5876070e-01   7.4399532e-02   1.3897629e-01   1.5577917e-01   1.9651437e-02   3.3806326e-01  -1.1895294e-01
  -1.3926879e-01  -6.1233852e-02  -4.8346890e-02  -3.5223703e-02   1.8164344e-01   9.9965873e-03   1.6425944e-01  -1.2351818e-01   1.1224471e-01  -2.5586394e-01   1.1521909e-01   1.0932444e-01  -7.9841569e-02   4.3616973e-02   1.7143029e-01  -9.7738964e-02   1.5374056e-01   3.5551335e-01   1.1554885e-01  -1.0475664e-01  -9.0652488e-02   2.5235626e-01   2.2229423e-01   1.4709372e-03  -6.0152540e-02  -8.1028497e-02   1.5665315e-01  -9.2255057e-02  -9.3914883e-02  -8.1322082e-02   1.4127968e-01   3.3952935e-02   3.5556041e-01  -1.7432539e-01  -7.7631947e-02   1.8659525e-02  -2.4162098e-01  -8.2567494e-02   1.1245470e-02   5.1124279e-02   7.3851490e-02   8.9847949e-02   1.1947627e-01   9.9624983e-02  -2.3640811e-02   8.9558144e-02  -2.6646401e-01   1.4732323e-02   1.5274378e-01
  -1.4884452e-01  -1.5145360e-01   2.1902470e-01  -1.1965952e-01   2.1262739e-01   3.1773368e-01  -4.6396372e-03  -2.7370867e-02   1.3061262e-02   8.9931870e-02   1.8846118e-01  -1.1307603e-01   3.2182901e-02  -5.0502354e-02   3.2641586e-02  -3.7938247e-02   9.1073343e-02   8.0772075e-03  -1.5563726e-01   1.2598278e-01  -2.1317778e-01   5.6279897e-02   1.6467283e-03   8.7283432e-02   1.9767800e-02   3.3667025e-01   9.3597100e-02  -8.7883015e-03   2.2373020e-02   1.0956739e-01  -1.5479185e-01   2.0749136e-01   5.9466771e-02   1.9781117e-01   9.4841374e-02   2.3625494e-01  -1.7187311e-01   1.2725922e-01  -8.1530184e-02  -1.5569565e-01  -1.1452592e-01  -9.9759997e-02   1.1176343e-01  -3.0364574e-01  -1.3856607e-01  -5.4404719e-02  -6.9067434e-02  -3.4960322e-03  -1.9350192e-01
  -1.1401205e-01   2.2986023e-01   5.2373399e-03   1.4056320e-02  -1.3709556e-01   2.1294666e-01  -1.9974612e-02  -7.4894824e-02   3.7442290e-02   1.7216978e-02  -2.4570606e-02   1.1882455e-01   1.8070073e-01  -1.3031657e-02  -4.6029675e-02   2.9966212e-02   3.9595495e-02  -1.9027472e-01   2.4442723e-01   1.4368686e-01   1.5471513e-01   1.9453856e-01   4.3421584e-02  -1.2215808e-01   2.2190681e-02  -1.9937549e-01   1.2437855e-01  -2.0907865e-02  -2.0131661e-01  -2.2274785e-01   6.7163890e-02   2.1708889e-02   6.6984940e-02   1.3421688e-01   7.0236232e-02   2.3716236e-01  -4.2974530e-02   9.4826222e-02   1.6493124e-01   2.0812863e-01  -1.3356236e-01  -1.8308550e-01  -2.1570717e-01  -2.2225424e-01   2.1846314e-01   2.3018980e-02  -1.0129657e-01  -3.0016503e-01  -5.0588159e-02
  -1.3656203e-01  -1.8145278e-01  -6.4675345e-02  -1.6509907e-01  -3.3137420e-02   9.8356905e-02   4.4403200e-02   4.5273238e-02  -1.3072283e-02   5.5616367e-03  -1.2858629e-01  -1.0961334e-01   3.2553059e-02   1.3158341e-01   1.1302992e-01  -1.4192658e-01   1.8940758e-01  -2.1104223e-01   1.6451760e-01  -1.0626584e-01   2.1162832e-01   7.2003607e-02   1.4478430e-02  -1.1025752e-01   9.5334323e-02  -6.2306552e-02  -1.5739258e-01   2.7745083e-01  -5.8274078e-02   2.5318793e-01   7.7903030e-02   1.0211779e-01   1.3799907e-01  -2.4013821e-01  -1.5707412e-01   2.9505155e-02   1.1307267e-01   1.0563052e-01   3.5458839e-02   9.7359007e-02  -2.0853720e-01   1.6817319e-01  -8.1450190e-02   3.4080996e-02  -3.9846718e-01   6.9573346e-02   8.7629020e-02  -3.0156086e-02  -2.3155085e-01
  -1.5285962e-01   2.0813310e-01   2.0492143e-01  -7.6313833e-02   4.8543045e-02   1.7885626e-02  -1.2642204e-01   8.4911040e-02  -4.8234184e-02   6.8023926e-02   1.4727615e-01   1.5389810e-03  -1.0998130e-01   1.4258477e-01   9.8868008e-02  -1.7919611e-01  -2.1300623e-01   1.7547903e-01  -1.2547054e-02  -1.3880322e-01   3.0306969e-02   9.2399586e-02  -5.7015554e-02  -2.4667217e-01   8.8019575e-02  -8.6508300e-02  -2.3177915e-01   3.0207231e-01  -2.1746416e-01  -8.5116339e-02  -1.4353041e-02   1.6601750e-01  -2.4761383e-01  -1.5218809e-02   1.2230162e-02   7.2607262e-02  -1.9320085e-01  -9.4335758e-03  -1.0092848e-01  -1.1550076e-01  -2.1627584e-01  -1.5957804e-01   6.7130530e-02   2.9186964e-01   1.3810967e-01  -1.5316575e-01  -3.8749636e-03   8.7163987e-02   7.0955857e-02
  -1.5772374e-01  -3.9474482e-02   2.6183398e-01   4.7868091e-03  -2.2111091e-02  -1.7058259e-01   5.9616112e-02   3.9833679e-02   2.4160618e-01   9.3800195e-03  -1.5414423e-01  -1.1249918e-01   1.2054698e-01  -3.4805081e-02   2.2725463e-01  -1.4867025e-01   1.8277246e-01  -9.1862034e-02  -5.5990684e-02   1.2556846e-01  -3.7401172e-02  -2.5523853e-01   2.8741866e-01   4.0210365e-02   3.2057728e-02   3.2782005e-02   1.3360780e-01  -8.9065018e-02  -1.5210147e-02  -1.8279453e-01   7.3925174e-02   1.7586929e-02  -4.4910777e-02   1.5302850e-01  -7.7510632e-02  -1.5513040e-01  -9.4249007e-02   2.4028386e-01   2.6180313e-02  -3.0668274e-02  -7.0161734e-02   1.4987709e-01  -5.3131914e-02   2.2161988e-01  -3.2868863e-03  -3.1344890e-01   1.9767716e-01  -2.2451754e-01   1.2744211e-01
  -1.3156355e-01   2.4044534e-01  -1.1222893e-01   1.5906633e-01   1.4262439e-01   2.9944543e-02   1.1785634e-01   2.3939972e-01  -5.3963825e-02   8.1095739e-02  -9.9043948e-02  -5.6772995e-02   1.6514121e-01   6.9499767e-02  -2.2996798e-01   4.7654601e-03   2.4833771e-01   1.1573730e-01   5.9059626e-02  -7.0659404e-02  -2.7739102e-01   1.7324982e-01   8.1645733e-02  -8.7939049e-02   1.8523232e-01  -2.7876146e-01   1.1665492e-01  -1.0251450e-01   9.9645405e-02  -1.0599093e-03  -1.9428373e-01   5.5959876e-02  -1.7507260e-01   4.8171808e-02  -3.4139813e-02   2.8918664e-02   1.6559928e-01  -1.6277814e-01  -2.6250550e-01  -8.7581455e-02   3.6623430e-02   1.7730609e-01   9.1898438e-02   7.7922222e-02  -4.8582936e-02  -6.3473547e-02   1.5306538e-02  -1.5473630e-01  -2.2763996e-01
  -1.3931848e-01   6.5350340e-02  -1.6035179e-01  -1.9775397e-01  -4.5962954e-02  -8.0371423e-02  -6.9455315e-02   8.2040356e-02  -9.3585016e-02  -1.8132831e-01   1.1356202e-01  -2.9222596e-01  -1.1186483e-01   3.9501121e-02  -1.4895122e-01   1.8692304e-01   5.3161936e-02  -7.5558878e-03   1.2228210e-02   2.0172034e-01  -4.9780591e-02   1.1211025e-01  -1.7467600e-01   3.3769390e-01   1.7310675e-01   8.7082245e-02  -1.6227268e-02   2.4456785e-01  -2.7470767e-01  -2.1516762e-01  -1.2150816e-01  -2.1552517e-01   1.4627960e-01  -7.0045621e-02  -1.2664705e-01  -8.4923561e-02  -3.8748682e-03   5.6876230e-02  -5.0912044e-02   7.4718874e-02  -4.5746343e-02   1.2923494e-01   2.2085132e-01  -7.3663106e-02   1.1563806e-01  -1.3020657e-01   1.2961267e-01  -9.8410212e-02   7.4388290e-02
  -1.4115532e-01  -2.2641064e-02   2.2723511e-01  -1.7351053e-01   5.5903039e-02   8.7327768e-02   1.2125110e-01   1.1154461e-01   5.5125837e-02  -1.7582164e-02  -4.7523588e-02  -5.2682966e-02  -7.4067248e-02   2.6713303e-01  -2.5285910e-02   3.2638271e-01   3.1856363e-01   2.3287002e-02  -1.0864430e-02  -1.7396537e-02   1.1229312e-01  -8.2569477e-02  -2.2457040e-01  -2.8364829e-01  -2.9105656e-01  -7.8285875e-02   4.0244737e-02  -2.6628223e-02  -1.2385078e-01  -2.2499327e-01   1.0695660e-01  -8.2921488e-02  -2.5133563e-02   1.6760435e-01  -3.0262168e-02  -1.8541547e-01   1.0768484e-01   7.3285091e-02  -1.4394273e-01  -7.7460932e-02   1.6889780e-01  -1.0416576e-01  -4.3950586e-02  -9.0999223e-02  -7.7907625e-02   1.0359417e-01  -2.1160451e-02   2.5012628e-01   1.4741141e-02
