  -1.6332125e-01   2.2210946e-01  -2.5747996e-04  -1.8860957e-01   8.9064886e-02  -3.2767316e-02  -5.0098554e-02   8.5983568e-02  -6.7533305e-02  -1.7541041e-01   7.6234719e-02  -4.4326562e-02   1.5424551e-01  -8.0044056e-02  -1.8593526e-01  -1.2050892e-02   3.4158301e-02  -1.7049990e-01   1.9341201e-01  -2.4674086e-02   2.5651130e-01   1.4863372e-01   9.9995216e-02   4.6861409e-02   1.6860288e-01  -1.3913262e-01   1.0241971e-01   2.0431767e-01  -1.8851349e-01   1.8582603e-01   2.1383997e-01   9.7932532e-02  -1.0611612e-01  -2.5181272e-02  -3.8240966e-02  -5.1214216e-05  -6.3369577e-02   2.4357698e-01   8.3985344e-02   2.5116766e-02   1.8065253e-01  -2.0297699e-01   1.4710567e-01  -1.0863978e-01  -7.3969661e-03   2.5477523e-01   1.0149444e-01   1.9656172e-01   2.4934889e-01
  -1.2287631e-01  -8.8070458e-02   4.9879955e-02   2.2763249e-01   5.8678712e-02  -1.4955722e-02   2.9358280e-02   3.4524201e-03   8.2231300e-02   1.1546499e-01  -1.7819264e-01  -3.2372489e-01  -5.2370758e-02   3.5497118e-01   9.8017591e-02  -1.1309794e-01   1.8431685e-01   5.4452790e-02   2.0680100e-01  -7.7448148e-02   1.4799830e-01  -8.4224766e-02   7.0776498e-02   1.8542461e-01  -8.5133254e-02   2.9614981e-02   2.8447840e-01  -1.1195309e-01  -1.1830108e-01  -8.0258503e-02   3.9050092e-02  -1.0575405e-01   1.9771667e-01   2.0163388e-01   2.6184160e-01   1.4399895e-01   6.6299178e-03  -5.9605725e-02  -7.7490072e-03  -1.4890647e-01   1.3348421e-01  -8.9740679e-02  -3.7541419e-02  -5.4220956e-03  -1.6702016e-01   1.7316659e-01  -7.9812295e-02   1.8154378e-01  -4.7860836e-02
  -1.3186402e-01   1.2719293e-01   3.5392243e-03  -6.0416646e-02   2.5224530e-01  -2.0210130e-01  -2.3849965e-01  -1.5376435e-01  -6.1762406e-02  -1.2393320e-02   1.6584845e-01   1.3037518e-03  -5.9216206e-02  -2.9021639e-01   1.9200116e-01  -2.7155401e-01   7.6091866e-02   1.3161653e-01  -4.1281459e-02   9.2790204e-02   7.4389272e-02   4.9719002e-02  -2.9612118e-01   8.1848946e-02  -6.7495806e-02  -1.8685001e-01  -6.6163584e-02  -9.3317166e-02  -1.7659416e-01  -9.4079911e-02  -3.2744683e-01   7.5197876e-02   6.5434489e-03  -1.4141080e-01  -9.5580861e-02   1.0557527e-01  -6.8955174e-03  -1.6769097e-01   4.3297104e-02  -1.7046776e-01   1.9056956e-01   1.1731567e-01  -1.6518890e-05   7.5656365e-02  -1.0891446e-01   1.4028964e-01  -1.1511741e-01   7.2843475e-02  -3.6656514e-02
  -1.3879892e-01  -1.3636400e-01  -9.8412714e-02   6.1003788e-02  -1.8958724e-01  -7.0865496e-02  -2.5814166e-01  -1.1463784e-02   9.3698130e-02   5.8192773e-02  -6.2132131e-02  -4.6271682e-02   1.5134640e-01   6.7603918e-02  -1.5748091e-01  -1.2244006e-01  -4.2696597e-03  -1.5276866e-01   8.7823197e-02   1.2790656e-01   6.5116492e-02  -3.9675832e-02   5.3581846e-03   8.2522309e-02  -4.1820307e-02  -1.1540921e-01  -1.1354448e-01  -3.6267346e-01   2.1158739e-01   1.3655991e-01  -3.5668889e-02  -1.2620196e-01  -1.3596474e-01  -1.3359374e-01  -2.4479430e-01  -3.6523468e-02   1.3320966e-01  -1.0343677e-01  -2.2227942e-01  -1.1142558e-01   1.3057423e-01  -2.4354459e-01  -2.4205296e-01  -1.8565123e-01   2.2156342e-01  -9.3544339e-02   1.4141594e-01   1.4206930e-01   8.3620152e-03
  -1.4921178e-01   9.9253511e-02   1.0200526e-01  -2.1739309e-01   2.8277909e-01  -1.5411848e-01  -3.4545435e-02   1.1464844e-02   1.6377600e-01  -1.0950445e-01  -4.8388585e-02   8.0256958e-02  -1.9756999e-01   1.3376929e-01   7.6498653e-02   2.3953273e-01   1.1786068e-01  -5.8953977e-02  -9.2662285e-02  -3.1947000e-01  -8.2008141e-02   7.2071359e-02  -4.7586467e-03  -9.0584534e-03   3.0631497e-02  -3.8205000e-02   5.0950793e-02   1.3051906e-01   1.5876649e-01   8.9057516e-02  -2.7631719e-02   1.2549241e-01   1.7028209e-01   8.7594596e-02  -6.4704342e-02  -8.3466730e-02   8.4307483e-02   1.2022423e-01  -3.1682388e-01  -1.1232281e-01   3.2597902e-01  -4.3022565e-02  -2.3975146e-01   9.7368626e-02   3.4663720e-03  -1.9106833e-01   8.4241857e-02  -1.1150157e-01  -1.1048892e-01
  -1.4197095e-01  -1.0835224e-01  -4.3403497e-02  -1.2369457e-01  -6.4529092e-02   1.1363987e-01  -3.2803869e-01   1.3635689e-01   9.1754928e-02  -1.5044391e-03  -4.5963138e-02  -1.5591276e-01  -2.7868194e-01  -3.0629195e-03   3.9082114e-02   7.5166822e-02  -3.3082157e-01   1.6275497e-01  -7.9278353e-02   1.1022738e-01   7.3994402e-02   2.7483771e-03   1.4181022e-01   7.1857680e-02  -2.7591427e-01  -1.7821162e-01  -1.1100717e-02   2.2609376e-01   3.1375367e-03  -3.5021014e-02  -1.1892734e-01   1.8492634e-02  -2.6072916e-01   7.0990916e-02   2.2182188e-01  -1.3228762e-01   3.4991708e-02   1.7966878e-01  -1.7624668e-02  -1.8567695e-01  -3.9066470e-02  -3.0445339e-02   1.5207866e-01  -2.4444729e-01   5.5700088e-03   2.3953349e-03  -3.6231683e-02  -1.1509543e-01  -1.4150139e-01
  -1.2835848e-01  -1.5931646e-01  -2.7001905e-01  -9.4376582e-02  -1.9097295e-02  -1.2876257e-01  -1.8474794e-01   2.1666167e-01   2.0541163e-01  -7.1404305e-02  -1.2413101e-01  -1.7574249e-02   2.4024897e-01   4.4400078e-03  -7.3133818e-02   2.0476518e-02  -9.1624445e-02   1.0990548e-01  -1.0849158e-01  -1.8358849e-01  -5.8765824e-02   8.8697228e-02   9.5225249e-02   6.4099662e-02  -2.3777587e-01   4.9276037e-01  -3.1596071e-02   8.3746623e-02  -1.7583228e-01   4.1394603e-02  -5.1171610e-02   9.3146228e-02   8.7813000e-02  -1.3218267e-01  -4.8536106e-02   4.6238992e-02  -1.9615146e-01  -1.4830031e-01   1.0146216e-01  -6.2752816e-02   7.2036808e-02   1.3853637e-01   4.9725740e-02   1.4652814e-01   6.8989838e-02  -6.9020251e-02   5.7367531e-02   1.5114768e-01   1.4728486e-01
  -1.4923240e-01  -6.3228605e-02  -2.6640268e-01   9.7551445e-02  -5.0904421e-02   9.1377172e-03  -1.4873994e-01  -2.4846431e-01  -2.9230269e-02   7.9644791e-02   5.7355252e-03  -6.5078163e-02   8.5942351e-02   1.0692697e-01   6.5719226e-02   1.3968555e-01  -8.2560569e-02   9.3469856e-02  -1.7083098e-02  -1.3068822e-01  -8.7022819e-02  -2.3620803e-01  -1.8764572e-01  -3.0874166e-01   9.6307828e-02  -1.3898346e-01   1.0936941e-01   5.0202919e-02   8.5015458e-02   2.0111787e-01  -4.5138359e-02   1.3774893e-01   1.2795985e-01   4.6220327e-02   5.2593381e-02   2.3534305e-01  -7.2738578e-02  -3.1269317e-02  -2.1141967e-01   1.0625873e-01   3.6053626e-02   3.7841551e-02   2.5302939e-01  -7.2229880e-02   2.6969410e-01   2.1307478e-01  -1.0155099e-01  -1.6757219e-01   2.1584369e-01
  -1.4104280e-01   3.5226834e-02   1.5857751e-01   1.3186591e-01  -2.3964907e-02  -1.3027355e-01   2.5340335e-02   4.4069342e-02   3.5116801e-01   1.8971412e-01   1.0258916e-01  -3.4033776e-02  -2.1148525e-01  -1.8528312e-01  -1.8225437e-01  -5.2084795e-02  -5.2994154e-02  -1.6465663e-01  -5.9920355e-02   1.6986430e-01   1.5711437e-01   4.0961842e-02   4.1384854e-02  -1.1864260e-01   2.8368795e-01   2.6163110e-01  -1.8411423e-01   2.2317747e-01   8.5056592e-02   1.1649525e-01   2.0182509e-02   1.3139996e-02   6.5169343e-02   5.2247581e-02   1.0832674e-01   4.7507322e-03  -1.6352630e-01  -3.2498840e-01  -1.0865064e-01  -7.8226842e-03  -8.9068631e-03  -1.2996296e-01  -1.5941082e-02  -4.5256487e-02  -5.7174889e-04   1.7620269e-01  -1.8177955e-01  -5.2393907e-02  -1.5039040e-01
  -1.5105510e-01   1.4040976e-01   6.5084425e-02  -1.7813225e-01  -2.0051160e-01   6.8626964e-02  -1.9785371e-01   9.9129596e-02  -1.2138758e-01   2.0438555e-01  -2.0038629e-01  -1.7259972e-01  -1.5860243e-01   3.7501651e-02  -1.7919363e-01  -2.1537295e-01  -8.8431738e-02   1.4994967e-01   5.2312815e-02  -5.2102408e-02  -4.2792191e-02   6.9432392e-02  -6.4262475e-02  -3.6469509e-02   1.7493079e-01  -4.7393122e-02  -1.0150839e-01  -2.6714623e-02   1.4203639e-01   1.8047702e-01   9.8618124e-02  -1.3480371e-01   1.2740160e-01  -6.4313505e-02  -5.0355466e-02   2.4640069e-01   4.4312117e-02   1.8128716e-01   2.4578153e-01   1.7819672e-01   1.3647301e-01   9.2899243e-02   5.2996499e-02   3.2339852e-01  -2.3651188e-02  -1.8811712e-01  -1.0383890e-01  -1.0947106e-02  -1.7781484e-01
  -1.3162829e-01  -2.1873649e-01   2.6015686e-02   2.3263767e-02   4.7853328e-02  -2.4805418e-01   1.0906056e-01   3.3934051e-03   5.1429962e-03  -1.9807751e-01  -1.6118902e-02  -2.0157533e-01  -1.1069677e-01   1.9922226e-02   1.1519318e-01  -6.1451720e-02   9.6627070e-02  -2.3242620e-01  -1.0847456e-02   8.5596609e-02   7.1910060e-02  -1.6094551e-01   2.2109449e-01   4.3668629e-02  -1.2519403e-01  -2.3385296e-01   1.3800744e-02   2.8787467e-01   7.6826580e-02  -8.4258168e-02  -9.1803074e-03  -1.0776046e-01   7.4211428e-02   1.5637012e-02  -2.5122888e-01  -4.8853040e-02   5.5656240e-02  -1.3819136e-01   2.7683051e-01   2.3703610e-01   3.4784464e-02   1.2883868e-01  -5.9328269e-03   2.5930323e-02   2.7443200e-01  -1.5086470e-01  -2.3036451e-01  -3.2312455e-02   1.4238287e-01
  -1.3988413e-01  -7.2577928e-02   1.2191826e-01  -1.4758331e-01  -9.9632030e-02   7.3570451e-02  -1.3512908e-01  -2.8491834e-01  -3.6781664e-02   1.4084293e-01   1.8681425e-01   9.2489677e-02  -1.8066439e-01  -1.9349224e-01  -3.9855527e-02   1.4349418e-01   1.1412356e-01  -3.3317403e-02   1.3395244e-01   8.2071803e-02  -1.6308451e-01  -8.5631497e-02   1.0970833e-01  -2.1814257e-02  -1.1863735e-01   2.4518777e-01   3.8566820e-01  -2.5772309e-02  -2.2852376e-01   5.6170473e-02   3.3786302e-02  -2.8123251e-01  -6.3220160e-02   5.0963647e-02  -1.1132934e-01  -2.9636814e-02   9.0711620e-02  -1.6530989e-01   4.1687212e-02   1.2638024e-01   1.9492805e-01  -6.2815567e-02   1.6897077e-01  -3.0639467e-03  -3.9902511e-02  -7.8405276e-02   2.2893551e-01  -1.2973991e-01  -4.1952744e-02
  -1.5775302e-01  -1.0172545e-01  -1.0010880e-01  -6.2684762e-02   2.7787378e-03   4.9982506e-02   3.0737508e-02   2.1212788e-01  -1.5139093e-02  -1.1918757e-01   3.8957043e-01  -1.4956691e-01   1.8336507e-01  -1.3731004e-01   1.5896163e-01  -7.8691785e-02  -6.0384286e-02   7.8430730e-02   1.6465388e-01  -2.8424540e-01  -1.1054359e-01  -1.8333160e-02   1.6578954e-01   5.6506430e-02   1.9917149e-01  -1.1942160e-01   1.4428613e-02  -1.5160400e-01   4.4178149e-02   1.8884151e-01   3.1189858e-02   1.3216634e-01   1.2152922e-01   1.6679098e-01  -1.2912306e-02   4.1180040e-02  -1.2616230e-03  -2.1155378e-01   2.1198759e-01  -7.0699421e-02  -1.5130571e-01  -1.9574395e-02  -4.8677082e-02  -1.8980114e-01  -8.1099017e-02  -8.7069702e-02   1.0429642e-01  -1.8564807e-01  -2.7463717e-01
  -1.3547491e-01  -6.0647245e-02  -2.2458771e-01   8.3385647e-02   5.4706109e-02   1.2963054e-01  -6.4167413e-02   3.8040003e-02  -1.1916253e-01  -2.0733949e-01   1.6331076e-01   1.3706940e-01  -1.8455138e-01  -9.3776070e-02   6.0341499e-02   8.5255432e-02   6.2926415e-02  -1.9175788e-01   3.3604683e-02   1.3921316e-01   2.9999224e-01   7.1256014e-02  -5.0625924e-02   1.2977643e-01  -3.0710399e-03   1.6103745e-01   1.1406386e-01  -2.3913470e-01   2.9250391e-04   2.1074971e-01  -5.9135447e-02  -1.1453416e-03   2.5311900e-01  -1.4620173e-01   3.0602962e-01  -1.2527395e-01   4.0254879e-02   1.9502937e-01  -9.5895942e-02   1.7931073e-01  -1.0571712e-01   1.4984862e-01   1.8442570e-02   6.1802334e-02   1.8284464e-01  -1.2301934e-01  -1.5279232e-01   1.0914470e-01  -1.4704392e-01
  -1.4988131e-01  -2.0233192e-01   1.7021635e-01  -8.9446596e-02  -2.3313268e-01   1.8696610e-01   1.3191979e-01  -2.4415129e-01   4.3085428e-02  -2.0090918e-01  -1.7274970e-02  -4.4894464e-02  -3.6825960e-02   4.9006051e-03  -2.3356710e-02   1.4548348e-03   1.3451337e-01  -1.9612302e-01  -1.9073838e-01  -1.1952663e-01  -6.1900932e-02   1.0626746e-01   1.1055020e-01  -2.5352029e-01  -4.5523145e-02  -1.3054362e-01   1.7073981e-02   3.7127034e-03   7.5764417e-02   2.1519307e-01  -9.2394270e-02  -1.0177485e-01  -1.2341721e-02  -2.5890475e-01   3.4965285e-02   1.1719899e-01  -1.7174209e-01   2.2409781e-02   9.7581965e-03  -2.8719387e-01  -7.3493314e-02   2.2409097e-01  -8.3225019e-03  -7.9959017e-02  -3.0243341e-01   1.7926779e-02  -4.6115588e-02   2.1566685e-01   2.0293490e-02
  -1.4224357e-01   1.7582027e-02  -8.1174867e-02   1.7295096e-02   1.7976691e-01  -1.6367989e-01   4.3934628e-02  -2.4853140e-02   2.4118072e-01  -8.5876266e-02  -3.8971237e-02   2.0631502e-02   1.2314900e-01   3.0390527e-02  -2.5055676e-01   2.7646492e-02  -1.5644312e-01  -7.0561686e-02   1.5598111e-01   1.6602807e-01  -8.7970097e-02   3.6136774e-01   3.3044114e-02  -1.5972157e-01  -1.5469079e-01  -3.2553973e-01  -4.7491963e-02  -2.2268739e-01  -1.0237625e-01  -6.6154240e-02   1.0775826e-01  -1.5347235e-01   2.9836388e-02   1.4112180e-01   2.1409694e-01   2.2219368e-02  -6.2816618e-03  -1.3845478e-01  -1.2989824e-01   1.4298908e-01  -6.3409357e-02   1.7848440e-01   1.0352458e-01   1.5037864e-01  -1.6684474e-01  -1.2436469e-01   6.4272065e-02  -1.9101679e-01   9.4593669e-02
  -1.4709837e-01  -1.1391670e-01  -4.0515209e-01  -7.9705438e-03   1.8525620e-02  -4.0795608e-02   1.3390727e-01  -1.3017454e-02  -6.2128977e-02   3.8091766e-02  -2.8768753e-02   2.3266581e-01  -7.4317081e-02   6.4837432e-02  -9.1430414e-03  -5.0212806e-02   2.8185517e-02  -1.4656840e-01   9.8580124e-02  -1.9051272e-02  -2.0388458e-01   8.8665709e-02   1.0156302e-02   2.3853215e-01   2.0999678e-01   1.0153467e-01  -2.7893559e-02   1.5233133e-01   1.3409802e-01   3.0340915e-03  -1.3757118e-01  -8.6697560e-02  -1.8956280e-01  -5.3198397e-02   7.0763985e-02   1.1447011e-01   3.7324269e-01  -1.5966441e-02   5.0119139e-02  -1.8511953e-01  -1.4815923e-02  -1.6789225e-01   1.1357369e-01   7.1036477e-02  -2.5142139e-01  -1.6928284e-02  -2.3456709e-01  -1.1762492e-01   1.8686199e-01
  -1.2619758e-01  -8.6255876e-02   2.0610905e-01   4.5841892e-02   5.6695321e-02  -2.2089581e-01   7.6577033e-02  -2.2772520e-02   1.0113517e-02  -2.8452160e-01  -1.1955157e-01   2.8111691e-01   4.6984752e-02  -1.9166684e-02  -1.1228582e-01  -1.2962896e-01  -5.0254817e-02   1.2191478e-01   7.5351254e-02   1.6602028e-01   9.8494565e-03  -2.8504840e-01  -2.1234553e-01   1.2618621e-01  -7.7670311e-03   9.7060099e-02   1.2159960e-01  -2.3784082e-02   2.7826780e-01   2.8217140e-02  -1.2076023e-02   5.3009106e-02  -6.0168523e-02   3.6620005e-02   1.8460904e-01   1.9260726e-01  -3.2997235e-01   1.1489062e-01   1.6415622e-01  -1.2100818e-02   8.9594656e-02  -8.3123643e-02   6.6303087e-02  -1.8280148e-01  -8.0796541e-02  -2.3141026e-01   1.1983688e-01  -1.2187902e-01   3.0500695e-02
  -1.4241056e-01   3.2208523e-02   1.0280547e-01   2.2095574e-01  -1.4673332e-01  -9.5129570e-02  -1.2470301e-01   2.8071095e-02  -2.9926582e-01  -1.4222332e-01  -5.6940343e-02  -9.5125399e-02   1.3956438e-01   5.9928023e-02   5.5974514e-02   3.1256849e-01  -1.4487710e-01  -1.7826336e-01   2.0163623e-01   4.1216042e-02   3.3258823e-02   1.7388553e-01   4.7350193e-02  -3.4757729e-02   1.0520250e-01   1.5733312e-01   4.8993383e-02  -4.0169283e-02   2.5387091e-01  -2.0186059e-01  -2.2962765e-01   3.2096380e-02  -1.5972011e-01   6.1522174e-02  -1.0799021e-01  -8.9750832e-02  -1.0772591e-01   6.2373534e-03   6.4945621e-02  -3.6611120e-02   1.4478621e-01   2.0582656e-01  -2.8258066e-02   1.9035475e-01  -5.7464141e-02   2.8222180e-01   5.5464137e-02  -1.4536217e-01  -1.5475969e-01
  -1.3161047e-01   1.6476855e-01   1.4417890e-01   1.4156538e-01   2.5190067e-02   2.8234639e-01  -1.1697792e-01   1.7264443e-01  -5.9954615e-02  -2.9196566e-01  -1.1321602e-01   8.6517010e-02  -5.2743887e-02   2.0097521e-01   1.7560345e-01  -1.3997350e-01   1.3814012e-02  -1.1420331e-01  -2.3245753e-02   4.6851577e-02   1.1918693e-01  -2.6102518e-03  -2.3956021e-01  -2.7208331e-01   1.7867091e-02   1.2223068e-01  -6.1630915e-02   2.9967155e-02  -2.1989380e-01   1.0195685e-01   1.4547274e-01  -6.9420475e-02  -1.1155157e-01   1.3759419e-01  -4.1439798e-02   2.0412160e-03   1.8024993e-01  -2.3621355e-01   9.4434271e-02  -2.9663729e-01  -5.0435195e-02  -1.3203321e-02   2.8488337e-02   8.1863788e-02   1.5654424e-01  -1.5090777e-01   4.5859865e-02  -1.7621380e-01   1.1343709e-01
  -1.4915504e-01  -9.5433379e-02   2.6830706e-01  -2.2441868e-03   2.4634261e-01   1.3922118e-01   1.6078483e-02   1.3526735e-01   4.1484985e-02  -7.7448529e-02   4.1203550e-02   8.3937649e-02   8.3555056e-02   1.1590900e-01  -8.4926449e-02   3.5581614e-01  -3.8240467e-03   1.7756079e-01  -2.1723348e-02   1.3525152e-01  -1.7395467e-01  -9.8859946e-02  -3.8232558e-02   1.3111889e-01  -8.3443181e-02  -6.6052953e-02  -2.5842320e-01  -8.9331538e-02   4.4433035e-02   1.0228991e-01  -4.3804836e-02  -2.0703111e-01   3.0109250e-01  -1.7987927e-01  -1.2199007e-01  -5.2360191e-02   9.8269697e-02  -9.5250059e-03   1.4589802e-01  -5.1518319e-02  -7.2786401e-02  -2.2577630e-01   2.2817889e-01   7.3731190e-02   2.5490410e-02   2.8277153e-01  -5.7359649e-02   4.7800935e-02  -2.7329352e-02
  -1.4216442e-01  -3.0557768e-02  -1.4942551e-02  -2.1163365e-02   3.7189310e-01  -2.1397686e-02  -1.3934812e-01   2.0654660e-02  -1.0651998e-01   1.8164975e-01  -6.6849299e-02  -2.0150881e-02   7.7527939e-02   1.9469540e-01   4.7818054e-02  -1.0853520e-01   2.0040455e-01   1.9111601e-02  -1.3029607e-01   2.2258947e-01  -1.7599754e-01   1.4281807e-01  -4.8754995e-02   1.1456790e-01   1.3338903e-01   6.5038631e-02   1.0928092e-01   2.0978183e-01   1.1976595e-01   2.0677730e-01   3.3248469e-02  -1.1198464e-01  -1.6634145e-01   1.0068074e-01  -8.6579451e-02   1.7999715e-02  -5.1705955e-02   2.0026446e-03  -6.6167161e-02   9.4493025e-02  -3.2752844e-01   3.1485683e-01  -4.3561313e-02  -1.5618599e-01   5.0433335e-02   7.7161927e-02   2.3421213e-01   1.3780099e-01  -1.1435350e-01
  -1.4287215e-01  -3.8615027e-01   3.1600654e-02  -1.2050307e-01  -2.1826604e-02   5.9372146e-02  -1.8747652e-02  -3.4965100e-02   8.5866412e-02  -7.1681777e-02   7.5020458e-02  -1.0033677e-01  -2.6202205e-02  -4.5564041e-02   2.9876821e-01  -7.2215031e-02   6.3123501e-02   6.1834189e-02  -2.5326517e-01   2.3379242e-01   1.0673890e-02   9.4012981e-02   6.2331625e-02  -2.2423109e-02   1.2872861e-01   5.3541346e-02  -7.6928640e-02  -1.1305451e-01   1.0555166e-02  -1.6569791e-01   2.6240094e-01   1.5566008e-01  -7.7925671e-02  -6.7368608e-02   1.3215485e-01   1.7817518e-01   5.5318485e-02   1.5704692e-01   8.2838222e-03   1.2726672e-01   5.6642541e-02  -1.6224049e-01  -1.9914593e-01   2.6343317e-01   6.1031605e-03   2.1050642e-01   2.2663500e-01  -1.7457348e-01   1.2886719e-01
  -1.5094789e-01  -1.4742348e-01   1.0375114e-02   3.9721106e-02   5.4578592e-02  -6.8795499e-02   5.7066718e-02   2.7354876e-01  -2.3771247e-01   1.4617097e-01   1.9459265e-01  -2.1971582e-01  -1.2051505e-01   1.0088867e-01  -1.0209497e-01   2.5086761e-01  -4.6595515e-03   2.0612839e-01  -6.8628186e-03   4.7137899e-02   1.5013160e-01  -8.6944224e-02  -1.6265197e-01  -5.2311285e-02   1.6844155e-01  -1.4392552e-02   8.2895957e-02  -4.2923497e-02  -1.5388452e-01  -4.6590404e-02   7.8463603e-02  -4.0272909e-02  -1.3209774e-01  -2.3085042e-01  -1.4914688e-01  -8.6931703e-02  -1.9774386e-01  -5.0012853e-02  -1.9243930e-01  -6.0977425e-03  -5.4329270e-02   9.7053773e-03  -1.2093778e-01  -2.1933088e-02  -2.5662595e-01  -2.7637608e-01  -1.4016788e-01  -6.6843094e-02   2.5923619e-01
  -1.2061123e-01   1.9239856e-01   6.3041961e-02   1.1148263e-01  -1.0612902e-01  -1.1168923e-01   3.9587020e-02  -1.0782444e-01   1.0334037e-01   1.3405270e-01   3.1388050e-01   1.8031033e-01  -8.0531671e-02   2.5018976e-01   5.9140505e-02   1.1310793e-01   1.4915999e-02   6.1453998e-02  -1.3036724e-01   6.4707288e-03   2.1104777e-01  -3.5416502e-02   2.8461747e-01   1.7008877e-01   3.5848580e-02  -7.6507676e-02  -7.9941464e-02  -1.1013761e-01   4.3971061e-02  -8.6645609e-02   3.7263709e-02   1.6998639e-01  -1.4574248e-01   6.7807691e-02  -1.1493023e-01   2.4385717e-01  -2.7244986e-02   1.2133814e-03  -2.2543806e-02  -1.6425300e-01  -1.0665876e-01   8.8800685e-02   3.3714185e-01   2.2489832e-01   1.1310381e-01  -1.9293154e-01   1.2932685e-01   1.7576095e-01  -3.4436607e-03
  -1.4430423e-01   1.4351294e-01   1.1735223e-01  -1.6632648e-01   8.8970807e-02   1.6118428e-01  -2.6046925e-01  -9.8345610e-02  -1.8640857e-01   1.0006826e-01  -4.4250915e-02   9.0949657e-02   1.1442339e-01   1.4538697e-01  -1.8738241e-01  -1.2446350e-01   1.5926698e-02  -1.7303318e-01  -2.5399754e-01   9.6934189e-04  -2.5584684e-02  -4.2160611e-02   2.8968874e-01   7.3261832e-02   1.3308178e-01   7.2420268e-02  -1.2860293e-02  -1.6612666e-01  -1.8956489e-02  -3.5064787e-01  -1.1688179e-02   1.3209728e-01   2.6726705e-01  -3.4582242e-02   7.8865763e-02  -5.9476508e-02  -2.9142482e-02  -5.5312312e-02   4.4192787e-02  -2.3785762e-04   1.0970996e-03   6.5842830e-02  -2.4004594e-02  -2.9026582e-01  -2.8272454e-02  -4.0757794e-02  -1.6617057e-01  -2.2224539e-01   1.7601052e-01
  -1.5079961e-01   3.6899345e-01   1.3270089e-02  -4.9928468e-02   4.7864778e-02  -8.6050386e-02   9.9867038e-02  -1.8914300e-01  -9.3619458e-02  -2.8136838e-02  -1.0202608e-01  -1.7812477e-01  -7.4059178e-03   5.2603272e-03   2.0718246e-01  -7.1782338e-02  -1.2220592e-01   1.1627345e-02   2.2580300e-01  -5.9847842e-03  -8.1884756e-03  -4.8280516e-02   1.1974248e-01   5.0609427e-02  -2.7176407e-01   1.2727421e-01   4.0646711e-03   9.0826405e-02   1.4074856e-01   2.8666230e-02   2.1156265e-01   7.9654604e-02   2.2997706e-02  -5.0185991e-01   4.1079933e-02   3.7437427e-02   2.2906293e-02  -1.3322363e-01  -1.5461982e-01   2.0945474e-02  -2.8068525e-01  -1.2566820e-01  -4.0105858e-02   2.2513972e-02  -4.0004657e-02   1.1348200e-02   6.5113003e-02  -1.5742164e-01  -4.6339725e-02
  -1.3816856e-01   1.4792929e-01   1.6470085e-01   8.7244705e-02  -2.0508075e-01  -1.0840261e-01  -4.1717817e-02   1.0897248e-02   4.1505317e-02  -1.7456029e-02  -1.2068546e-02   6.0863602e-02   1.8429595e-01  -8.8549037e-02   2.2554084e-01   1.0260384e-01   1.5296987e-01   1.0696529e-01  -1.4137906e-01   8.1213831e-03  -1.5069518e-01   1.2712065e-01  -1.8114569e-02   1.5902099e-01  -1.9490147e-01   8.1576082e-02  -5.4201698e-02  -1.5062399e-01  -1.5193456e-02   2.2234657e-01   2.9560818e-01   5.4375640e-02  -2.1005330e-01   1.9684735e-01  -4.9848996e-02  -2.9527281e-02   4.2233668e-02   7.1699876e-02  -6.9022533e-02   1.5757449e-01   9.2019252e-02   6.2305023e-02  -1.3893250e-02  -1.5790599e-01  -9.8735738e-02   2.4502312e-02  -5.0786590e-01  -3.0040176e-02   2.1946429e-02
  -1.3917571e-01   8.7640904e-02   6.7343616e-02  -7.5716734e-02   4.1141176e-02  -2.0736816e-01  -3.4141156e-03  -1.4289356e-01   3.2947717e-02  -8.5132622e-02  -8.1546291e-02  -1.2794462e-01  -8.1769186e-02  -3.0030513e-01   1.0345329e-01   8.2445191e-02  -1.7758003e-01   2.2121761e-01   1.9960358e-02  -9.8721477e-02   2.4758371e-02   5.7050883e-02   2.9893273e-02  -1.5321800e-01   2.0774609e-01   1.8499713e-01   3.6444570e-02  -1.5490002e-01   1.5060967e-01  -1.7151309e-01   1.4727737e-02  -2.7355198e-01   1.0257059e-01   2.2345556e-01   2.7479646e-04  -4.9476802e-02   1.8179917e-01   1.4882648e-01   3.7994136e-02  -1.6417796e-01  -2.7354478e-01   8.0857114e-03  -4.3473370e-02  -9.7702836e-02   1.1606197e-01  -4.6965373e-02  -7.9762398e-03   2.6772488e-01   2.8789845e-01
  -1.3046465e-01  -3.7666781e-02  -1.2973964e-01   2.3557580e-01   2.6598236e-01   1.0321297e-01  -9.3204722e-02  -3.0856579e-01   3.3109026e-02  -3.3497843e-02  -3.0938804e-02   2.7867661e-03   4.2019882e-02  -3.3416832e-02  -1.1000701e-02   2.7310452e-02  -1.6483139e-01  -9.1794365e-02  -1.4813202e-01  -3.8975906e-01   5.0542152e-02  -2.1722430e-01  -5.0321383e-02   1.1108145e-01   1.2038516e-01  -3.0609927e-02  -2.2861313e-01  -1.2979722e-02  -8.9126998e-02  -9.8648035e-02   2.5749089e-01  -2.6890533e-01  -2.7673434e-01  -6.4727108e-02   8.4091837e-02  -1.6026348e-01  -1.4924632e-01   1.2613176e-02   1.1063557e-01   1.2622202e-01   8.9171276e-02  -1.0609685e-02  -2.6904469e-02   6.8234396e-02  -5.2294644e-02  -2.4194196e-02   7.3493166e-03   7.1051939e-02  -1.8107642e-01
  -1.2759769e-01  -4.2566086e-02   8.9178651e-02  -1.1339380e-01  -1.2603023e-01   2.2434658e-01   4.0841850e-02   2.1242543e-02   1.9043907e-01   1.5399859e-01  -3.2012245e-02   4.4944759e-01   6.3058167e-02   6.8857300e-02   2.1362000e-01  -1.0401973e-02  -2.0483582e-01   1.9689158e-01   2.5647607e-01  -4.4345799e-02   7.1541524e-02   1.2297696e-01   5.0373003e-03   1.2085318e-01   1.4166090e-01  -2.0085837e-01   2.1361235e-01   1.2908072e-01   9.0524111e-03  -8.7388539e-02   3.9605881e-02  -1.1561663e-01   1.4086295e-02  -1.4126507e-01   1.8281351e-02  -8.4400807e-02  -1.5706021e-01  -1.5064604e-01   2.8105021e-02   1.1977962e-02   3.3772346e-02   1.4604637e-01  -2.7686172e-01   3.3543883e-02   1.9015065e-01   8.5009830e-02  -1.2358204e-01   6.0820356e-02   8.9886644e-02
  -1.4650578e-01   6.0637894e-02   1.2118175e-01   9.9339585e-02  -6.2588836e-02  -1.1126817e-01   8.5918011e-03   1.2399858e-01   1.1050886e-01   4.0712990e-02   2.1820901e-01   5.8305887e-02  -7.3287832e-03   4.0152847e-02  -6.5244072e-02  -6.6245509e-02  -1.1936870e-01  -2.2633595e-01   1.6370222e-01  -4.7887044e-02  -2.2478480e-01  -2.5566203e-01  -4.5152680e-04  -3.1344475e-03  -7.3443043e-02   7.5006061e-02  -1.2910299e-01   4.7937826e-02  -3.6050417e-01  -4.8903009e-02  -1.3005102e-01  -1.2138332e-01   4.8614564e-05  -1.6728991e-02  -2.3443123e-02   2.8597847e-01   4.8482065e-02   4.2348934e-01  -9.2655025e-02  -1.5928885e-02  -1.4434617e-01   1.6616789e-01  -2.9936831e-01  -3.1354027e-02   7.6700257e-02   1.0913461e-01  -6.7669461e-03  -9.4171194e-02  -7.7856643e-04
  -1.2267856e-01   1.1404616e-01  -1.5463382e-01   1.9719819e-01  -1.0342491e-01  -1.5500322e-01   9.0000648e-02  -3.7502940e-02   1.9279396e-01  -3.5681895e-02  -8.5328925e-02   5.0886282e-02  -3.0750419e-01   1.3525353e-01  -1.8287023e-01   3.9892515e-02  -1.7538896e-02   4.5906178e-02  -2.4503424e-01  -9.9680805e-02  -2.8945255e-02   2.0823012e-01  -1.8045384e-01   6.4184084e-03  -4.7674257e-03  -5.7865605e-02   3.0383605e-01  -1.7583713e-01  -1.0551517e-01  -1.9942545e-02   2.6188047e-02   1.5357740e-01   1.8671084e-02  -1.3972435e-01  -2.3401171e-01  -8.3620271e-02   2.6243748e-02   6.3269687e-02   3.6251626e-01   4.3300442e-02  -1.6370112e-01  -8.5501114e-02  -1.0027487e-01  -1.5296651e-01   3.3619204e-02   1.9162872e-01   7.0977615e-02  -1.4031767e-01  -8.5797977e-02
  -1.7705276e-01  -1.4737492e-01   1.1356144e-01   7.5610544e-02  -2.1572029e-01  -1.8276676e-01   2.4394655e-01   1.3976684e-02  -1.3260537e-01   3.8335573e-03  -1.3604675e-01  -2.8082970e-02   1.7958089e-01  -1.1240943e-01  -4.8981197e-02  -2.5342131e-01  -4.7557512e-02   5.8060089e-02  -1.6191175e-01  -2.0254026e-02  -7.3964020e-02   1.0657922e-02  -5.4451824e-02   1.7788277e-01   1.7024513e-01  -7.1702445e-02   8.6023632e-02   8.7609376e-02  -2.1018300e-01  -3.8118504e-02   8.6485445e-02  -3.8840323e-02   1.4906232e-01  -7.6327713e-02  -1.8697151e-03  -3.1413769e-01   7.2340636e-02   9.8130889e-02  -3.0021039e-01  -2.1474679e-01   3.9558043e-02   8.2534189e-02   2.9666157e-01   8.2372535e-02   1.7031087e-01   1.4073985e-03   8.2383619e-02  -1.2574281e-01  -1.7717653e-01
  -1.3323375e-01   4.1562516e-02  -8.7762646e-02  -8.3418700e-02  -1.3277928e-01  -4.9637829e-02   1.3063825e-01  -2.5638060e-01  -6.3376001e-02  -1.2730123e-01   1.7435220e-01   5.7311617e-02   3.0464541e-03   3.6711434e-01  -7.1635717e-05  -2.4521090e-01  -1.0335156e-02   3.1847456e-01   2.5007046e-02   3.8566472e-02   1.7619866e-01   2.1529215e-02   9.3683009e-02  -1.1102526e-01  -4.6069482e-02   1.4507006e-01  -2.7284458e-01   6.8216702e-02  -5.8681495e-02   1.6219519e-01  -2.6480058e-01  -1.0396651e-01   5.4612890e-02   1.7194461e-01  -6.0454538e-02  -3.1608070e-01  -2.2874423e-02   7.1184769e-02  -1.5836902e-02   2.1205823e-01   3.6245892e-02  -6.6501022e-02  -1.0685174e-01  -1.2893012e-02  -1.5297902e-01   7.3510398e-02   6.2617978e-02  -7.1202544e-02   5.3979701e-02
  -1.4245691e-01  -1.4396471e-01  -1.5077728e-01  -1.1934325e-01   1.5869128e-01   6.1309870e-03   1.7183110e-01  -1.1925955e-01  -2.7150308e-01   2.9822711e-01  -1.0944615e-01   1.2953404e-01  -7.6661818e-03  -1.3045546e-01  -6.0058397e-02   2.0128129e-02   7.6579079e-02  -6.8075995e-02   8.0951396e-02   2.6414724e-02   1.2385752e-01   8.2375644e-02   6.0517293e-02  -1.2086330e-01  -2.7327789e-01  -2.0696116e-03  -8.5013116e-02  -6.7793311e-02  -3.0042161e-02   6.2858307e-02   1.0872120e-01   2.8432187e-02   2.5286074e-02   2.4948680e-01  -1.4030234e-01   1.8874802e-02  -3.2207925e-01   1.3591924e-01   1.0311623e-01  -3.2903824e-01  -1.1592177e-01  -1.7663168e-01  -1.2010122e-01   1.2628174e-01   1.6577115e-01   2.3065404e-02  -1.4324603e-01  -1.4212711e-01  -1.0307821e-01
  -1.5455667e-01   2.4170721e-01  -6.7041657e-02  -1.9180256e-01  -1.1482068e-01   6.8948129e-02   2.0222250e-01   2.2464384e-01   1.2338525e-01   1.3573676e-01  -6.9213758e-02  -1.1339514e-01  -4.7173767e-02  -1.2940563e-01  -1.2157946e-02   6.2075702e-02   3.9786809e-01  -2.2315335e-02  -5.2551093e-02  -1.4688395e-01   7.3239550e-02  -1.7560379e-01  -7.6381409e-02   1.2306167e-01  -5.5358137e-02  -4.9895736e-02  -1.2613484e-01  -1.6465941e-01   1.3145192e-01  -4.1182432e-03  -1.7982383e-01  -1.7222005e-01  -1.9103664e-01  -1.2443430e-03   2.4157528e-01  -1.3299755e-01  -9.5397315e-02  -5.6642570e-02   6.9512421e-02   1.2975181e-02   9.6382586e-03   1.6880454e-01   3.6642342e-02   3.2867701e-02   1.4596023e-01   1.4960156e-01   1.8584948e-01  -2.1011843e-01   2.0351925e-01
  -1.4697599e-01   1.5761197e-02  -1.2581096e-01   6.8319095e-02  -2.6161166e-01  -5.2909540e-02  -1.6939245e-01   8.2905043e-02  -1.7697450e-01  -1.2291530e-01   5.7396597e-03   1.1493024e-01  -2.8170477e-01   1.5670451e-02   7.9273442e-02   1.9920273e-02   2.7814354e-01  -1.0329199e-02   1.7094588e-01  -4.6108369e-02  -3.3131860e-01   1.3660973e-01  -9.8507088e-02  -1.9999010e-02  -4.4530790e-03  -9.9746194e-02  -2.7267114e-01   1.1995999e-01  -5.1598075e-02  -3.0314571e-01   1.3325495e-01   1.6029326e-02   1.4364139e-01   5.6432566e-02   7.6355604e-02  -2.7737424e-02  -2.6601088e-01  -8.4157232e-02  -8.5573286e-02   8.8570296e-02  -6.6946570e-02  -1.6828030e-01   6.5467983e-02  -1.1188633e-01   2.9857616e-02  -3.2846485e-02   1.1534900e-01   2.3915522e-01  -2.7358409e-02
  -1.5285835e-01   2.5830040e-01  -1.7393052e-01  -5.6952246e-02  -2.6917098e-02   3.0386317e-01   6.7702643e-02   3.0839423e-02   1.2232533e-01  -1.8456321e-01   1.9717040e-01  -1.6929916e-01   1.0336746e-01  -2.8841358e-02  -1.1465549e-01  -1.2485692e-01  -9.3366594e-02  -4.9830600e-02  -1.8132990e-01   2.0204232e-01  -2.4745823e-01  -1.6410148e-01  -8.1713348e-02   5.5506383e-02  -5.8673886e-02  -2.4134349e-02   3.0177071e-01   4.8239689e-02   1.5902678e-01  -1.4617847e-01  -4.3622039e-02  -2.4493154e-02  -6.3036637e-03   1.8806230e-01  -1.2271144e-01  -9.8244673e-02  -1.9233749e-01   2.0182355e-02  -1.2391384e-01  -2.2810063e-02  -4.8824845e-02  -1.7418280e-01  -8.1168068e-02   3.0345505e-01  -2.8958321e-02  -1.0688940e-02  -1.4508218e-01   1.5529140e-01  -2.6463947e-02
  -1.3842642e-01  -9.1031781e-02   2.0240434e-01   1.0520971e-01   3.3578315e-02  -1.5389970e-02   5.5837458e-02   1.5569993e-01  -3.4617173e-01  -3.3516968e-02   1.4016448e-01   1.5568481e-01  -3.5721383e-02  -8.1946298e-02  -3.1997784e-01  -1.3211415e-01  -4.8034074e-02   1.2901391e-01  -1.8800988e-01  -3.1422945e-01   5.7165772e-02   7.1087526e-02   4.1716308e-02  -6.6266047e-02  -2.7075387e-01  -3.3427344e-02   1.1888986e-01   7.5921814e-02   1.3366290e-01  -2.8880788e-02  -4.0608693e-02   1.8294759e-02  -1.3602645e-01   4.9052573e-02   1.8924428e-01   1.5868632e-01   2.3082579e-01  -2.1198858e-01  -1.1653228e-01   1.7485807e-01  -5.1628536e-02  -8.9901093e-02  -1.3698998e-01   9.2484154e-02   1.1019191e-01   1.5145230e-01   8.1363249e-03   1.3567190e-01   2.6783621e-02
  -1.4046306e-01  -7.1463966e-03  -7.2731979e-02  -1.3142429e-01  -1.6393646e-01  -8.4937932e-02  -1.2230805e-01   4.5051068e-02  -3.2350879e-02  -1.4619188e-02  -3.4955847e-01   2.0772273e-01   1.2875693e-02  -1.3517329e-01   1.3969077e-02   1.5885890e-01  -4.0768728e-02  -8.2091482e-02  -6.1631992e-02   6.3686990e-02   1.9101215e-01  -4.0590668e-01   2.0981316e-02   4.3711069e-02   3.2391916e-02  -1.5253025e-01  -5.4007340e-03   1.4204156e-02  -1.3630789e-01   8.3423841e-02   1.6074433e-02   1.7446741e-01   1.0314325e-01   1.9364579e-01  -9.4377397e-02  -3.5438512e-02   1.4266759e-01  -1.5001650e-01  -5.9136021e-02   1.1456953e-01  -2.5951078e-01   4.9213711e-02  -1.1412707e-01   1.5285827e-01  -3.6668311e-01   9.6410198e-02   1.1397459e-01   1.0772221e-01  -5.6462112e-02
  -1.6510953e-01  -3.6433500e-02  -7.3504863e-02   6.9485475e-02   2.0630803e-01   1.2172648e-01   2.1597930e-01   1.5882809e-01   2.8604661e-02   5.3790257e-02  -6.5354851e-02   8.9564626e-02  -2.3629266e-01  -4.0327982e-02  -2.0907660e-02  -1.8511694e-01  -6.6499044e-02   7.7438202e-02   1.9460977e-01   8.7679328e-02  -1.8424179e-01  -2.1407478e-01   1.8319998e-01  -2.8138864e-01  -2.5963612e-02   8.4273763e-02  -5.3757425e-02  -2.1467903e-01   8.8629286e-02  -4.2950002e-02   1.4947503e-01   2.9367974e-01  -1.0712226e-01  -5.2815880e-02  -1.1976887e-01  -1.8597815e-01   1.1135897e-01   3.9656800e-02  -1.8444953e-02   6.0308120e-03   2.6409833e-01   2.7052122e-01   1.1615125e-01  -8.5217574e-02  -4.2847115e-02   1.2316186e-01  -2.1101592e-03   2.0478911e-01  -6.3413747e-03
  -1.4963103e-01  -1.0483564e-01  -1.9768945e-02   7.5127418e-02  -3.9631637e-02   1.1845063e-01  -1.2229247e-01   1.8072714e-02   2.3358191e-01   1.3542652e-01   1.6533541e-01   5.7885364e-02   2.4644954e-01  -6.4645162e-02  -5.8504551e-02  -6.1504194e-02   2.5864781e-01   8.7906944e-03   1.2440329e-01  -1.0388277e-01   2.9142253e-01   1.7609072e-02  -2.5534947e-01  -1.7259930e-01  -1.8582499e-01   5.7930203e-02   1.5372221e-02   2.1454177e-01   2.5278782e-01  -3.1070065e-01   1.3404331e-01   7.7813633e-03   1.2092747e-01  -3.9011094e-02  -1.6048793e-01  -5.7089439e-02   2.0910318e-01   2.0553488e-01   1.5564393e-02   1.8771097e-02  -9.2800161e-02   7.2067024e-02   1.2858281e-01  -6.6502094e-02  -1.8629556e-01  -5.1371401e-02   1.1966224e-02  -7.3438458e-02  -9.2381758e-02
  -1.3575009e-01   9.0931479e-02   5.2480605e-02   3.4337003e-01   4.0677290e-02  -3.1886070e-02  -1.3271289e-01  -4.1075485e-02   5.2710731e-02   1.2935722e-01  -8.5616480e-02   1.8895085e-02   2.2549982e-01  -1.2231560e-01  -5.8973005e-03   7.4844759e-02   2.6478430e-01   1.6344550e-01   2.3479751e-02   1.0175815e-01  -1.5154220e-01  -3.6350713e-02   2.5281004e-01  -2.5238972e-01   1.0101434e-01  -1.1869613e-01   7.5896752e-02   1.1354830e-01  -1.0477314e-01   8.8082719e-02  -2.2994453e-01   1.6937703e-01  -7.4928182e-02  -1.4363442e-01   2.5444334e-01  -1.9160211e-01   6.3499555e-02   1.1385200e-01   1.9637867e-01  -2.0210159e-02  -3.5599897e-02  -1.9086117e-01  -1.4453483e-01   1.5776811e-01   5.2375004e-02  -2.3896208e-01  -6.3282101e-03   4.6052888e-02   1.7766823e-03
  -1.3445490e-01   8.7953324e-02  -9.0369874e-02   3.6537166e-01   1.8764181e-02   3.8319147e-01   1.9011341e-01  -6.8237819e-02  -2.3501678e-02  -4.6112670e-02  -1.7449265e-01  -7.5935458e-02  -4.3574176e-02  -2.8963263e-01  -3.8709993e-02   9.2556877e-02  -2.7276838e-02   1.6510839e-01  -4.9822448e-02   7.6793751e-02   8.8556391e-02   1.5451297e-01   1.1011987e-01   2.4182177e-01  -2.4532247e-02  -1.6789492e-02  -1.3741732e-01   1.4571793e-01  -4.3195228e-02   1.8067754e-02  -1.0851277e-01   1.0024284e-02   1.6208782e-01   8.4479195e-02  -2.0748939e-01   2.7748354e-01   9.1059757e-03   1.4689444e-02  -1.1521179e-01   6.6257902e-02   1.6129646e-01   7.6763941e-02  -9.9905265e-02  -1.7480441e-01  -3.9419035e-02  -1.1756637e-01   1.8829885e-01  -9.2674420e-02   1.1282708e-01
  -1.5148519e-01  -1.2881562e-01   1.5744223e-01  -2.4116447e-01  -2.3688654e-02   1.4863642e-01   1.5157500e-01  -3.1604603e-01   5.8558878e-02  -4.4875333e-02  -4.3469851e-02  -2.2741619e-01   4.3347934e-02   7.5603098e-02  -2.4638309e-01   1.6419168e-01   2.6052938e-02   1.3287255e-02   2.2483037e-01   1.4243414e-02  -4.9211303e-02   3.9979690e-02  -2.8589843e-01   1.6833047e-01   5.8529569e-02   8.2339637e-02  -1.3030074e-01   1.6922264e-02  -1.4660264e-01  -8.8109538e-02  -7.4396300e-02   4.0555402e-01  -1.6807559e-01   7.2446089e-02   8.8058679e-02  -7.5931743e-03   1.5991258e-01  -1.0539594e-01   6.2404385e-02   4.3257340e-02  -9.7145299e-02   6.7821183e-02  -6.2936744e-02  -1.6060824e-02   1.9577686e-01  -1.2502424e-01  -8.5044655e-02   1.2510389e-01  -7.9986139e-02
  -1.3874668e-01   1.4217075e-01  -1.2173448e-01  -3.1727750e-02  -1.0689243e-01  -1.1675454e-01   2.1066394e-01   6.9028375e-03  -1.5539482e-01   2.6034309e-01   1.6973401e-01  -2.0570944e-02   1.4844463e-01   8.0630141e-02   1.1972342e-01   1.8319553e-01  -2.3809424e-01  -1.5153738e-01  -2.2068459e-01   2.0823068e-01  -3.3028807e-02  -1.6835233e-02  -2.1177445e-01  -8.0518710e-02  -1.2520792e-01  -2.6145659e-02  -6.0075904e-02   1.2856060e-01   3.5038192e-02   8.7177110e-03   1.2850655e-01  -3.6309644e-02   1.7746865e-01   9.7836822e-03   2.4470385e-01  -1.9321008e-02   1.5241620e-01  -6.8309429e-02   2.4811256e-01  -8.3529349e-02   2.8316555e-01   5.6771794e-02  -1.4402156e-01  -1.6266384e-01  -2.9916737e-02  -8.5667820e-02   1.7443748e-01   1.9860810e-01  -2.4276219e-02
  -1.3145551e-01   7.6021332e-02  -1.2655223e-01  -2.2514396e-01   4.6489166e-02  -1.8665366e-02   2.2230757e-01   1.3797920e-01   1.3292621e-02  -1.0300822e-01  -1.8372467e-01   5.4668723e-02   1.6785682e-01   5.8730280e-02   1.1484661e-01   9.7473689e-02   7.3179105e-02   6.8778369e-02  -1.0412369e-01   5.8404008e-02   1.2909049e-01   1.8962084e-02   8.6007418e-02  -2.7189238e-01   1.1466692e-01   4.1617351e-02   5.0609284e-02  -6.1787479e-02  -1.6551416e-01  -2.4185457e-01  -1.7717523e-01  -1.7855314e-01  -1.6090931e-01  -9.1616594e-02  -4.7436180e-02   2.9282384e-01   2.1192247e-02  -1.9042288e-02  -9.8358003e-02   1.8210231e-01   5.6256777e-02  -1.6512817e-01   9.5111074e-02  -2.0101414e-01   8.3979565e-02  -4.7807110e-02  -1.2084331e-01   6.6999081e-02  -4.1239598e-01
  -1.5773914e-01  -7.9238290e-02   2.3221849e-01   3.6390079e-02   6.8445403e-02   9.2121701e-02   8.5141135e-02   1.0047356e-01   4.3938828e-02   2.7403117e-01  -9.7045486e-02  -1.9916200e-02   1.4894063e-03  -3.6271059e-03   3.1701544e-01  -1.3193777e-01  -2.3054460e-01  -3.2783531e-01  -2.3992863e-02  -1.7779766e-01  -2.9989494e-02   1.4819574e-01  -1.3978501e-01  -5.9520715e-04  -6.6948048e-02   1.8175949e-02   1.6158478e-02  -1.1299051e-01  -7.7969662e-03   4.8725220e-02  -3.1086724e-01   1.1991851e-01  -9.5569519e-03   5.7332900e-02  -7.6027642e-02  -8.9498961e-02  -1.0805299e-01   7.6988609e-02  -1.0823443e-02   2.8564658e-01  -9.0094486e-02  -2.5480861e-01   2.2686728e-01  -6.2256616e-03  -9.5877391e-02  -1.3886274e-01   8.0593214e-02   9.9862167e-02   1.6070860e-01
