  -1.3129627e-01  -2.5315713e-01   1.0593217e-01  -2.5689518e-01  -1.5188420e-01  -4.8027760e-02   2.8315219e-02   2.9659297e-02   1.0274939e-01   3.0730053e-01  -9.6432376e-02   4.9784739e-02   1.7942316e-01   5.5800263e-04  -1.0715901e-01  -6.2156398e-02  -3.8239014e-02  -8.3461128e-02  -1.4976642e-01  -9.2491645e-02  -5.8146445e-02  -1.2437807e-02   1.6248691e-01  -1.0058303e-01  -4.4326045e-02  -7.0810081e-02   1.2213239e-01  -3.3834229e-03   7.7634090e-02   4.9694192e-02   8.0566880e-02  -3.4529742e-02   2.8712517e-01   1.6383579e-01   3.5070493e-01   1.1135860e-01  -1.3453848e-01   1.0966868e-01   1.6812155e-01   9.7749824e-02  -1.8452020e-02  -2.7457647e-01  -1.9025156e-01   2.9058092e-01  -6.3508521e-02  -1.0346304e-01  -2.6088674e-03   8.6555270e-02   3.6185757e-02
  -1.4545480e-01  -1.3226120e-01   1.3156722e-01   1.5170041e-01   3.2807211e-02   5.1544739e-02  -5.4466970e-03   1.6831613e-02  -2.7284869e-01   1.1192919e-02   8.4213479e-02  -1.4330807e-02  -2.0581980e-01   1.2749066e-02   6.7962177e-02  -7.1345513e-02  -1.7343481e-02  -3.9850455e-01  -9.3262226e-02  -3.2156663e-03  -4.5942516e-02   6.4614886e-02  -3.5017933e-03  -1.0732239e-03  -8.6834574e-02  -1.8373534e-01   1.7054827e-02   1.0023403e-01  -3.6780671e-01  -1.1401907e-01  -1.7529365e-01   1.0122955e-01   1.9942817e-01  -4.2098946e-02  -4.1261648e-02   1.5984501e-01  -8.8839450e-02   9.4709745e-02  -4.0474997e-02  -2.4951424e-02  -5.5692836e-02   9.3451471e-02   2.7375889e-01   3.6019063e-02  -2.8123664e-01  -1.4181823e-01  -1.9053509e-02   1.4870528e-01  -2.6493650e-01
  -1.4288783e-01   3.5724958e-02   5.3221071e-02   2.5803527e-02   7.7143000e-03   3.8789293e-02  -1.5707883e-01  -5.5571280e-02  -6.0855928e-02  -2.6177327e-01   1.9624572e-01  -1.0705935e-01   1.3556437e-01  -3.1133077e-01  -1.3872421e-01   1.4666081e-01   2.0576005e-01   1.1863307e-01  -1.7300355e-01   2.0781128e-01   2.2514074e-03  -2.3965008e-01  -1.0368023e-01   1.3803739e-01  -8.1337574e-02  -1.7765437e-01   1.8664341e-01   6.2000950e-02   4.3684158e-02  -1.3793013e-01   1.4625879e-01  -5.2566712e-02   1.5924867e-02  -1.7283768e-01   2.2299778e-01   8.5597989e-02  -5.4202265e-03  -2.2738259e-01   9.7863211e-02   4.7702775e-02  -9.1799647e-02  -2.9130211e-01   1.8547508e-01  -8.4954390e-02   5.5452499e-03   7.8908409e-02   1.6879157e-01   1.2512777e-02  -8.9081257e-02
  -1.4348078e-01  -1.1684833e-01  -1.3135360e-01  -7.2874595e-02  -2.0796580e-01  -2.6324654e-01  -1.3628199e-01  -1.4675819e-01  -2.6923531e-02  -3.7954694e-02  -1.6897492e-01   1.1335101e-01  -6.0750494e-02  -8.9491204e-02   1.4259766e-02   1.5398396e-01   9.0065952e-02   7.9638492e-02   9.9015631e-02  -2.6046785e-01  -1.4055669e-01   1.3431982e-01   9.8830842e-02  -1.8042262e-01   4.5033734e-02   1.1272427e-01  -3.0484863e-01   1.7961348e-01  -6.4769763e-02  -7.9642209e-02   8.4069593e-02   1.6185448e-01   7.5369328e-02  -4.5421610e-02  -1.1359067e-01  -1.9067244e-01   7.1670146e-02  -2.4690895e-01   1.2596663e-01   1.7947734e-01  -1.4711037e-01  -4.3049132e-02   2.1314212e-01   7.9246353e-02   2.1286268e-01  -7.4387052e-02   1.1542148e-01   3.0090057e-02  -2.0963462e-01
  -1.2954102e-01  -1.0207969e-01   1.5997709e-01  -1.3431981e-02   1.6060279e-01  -7.0636121e-02  -5.3703281e-02   1.6738840e-01  -1.7061474e-01  -4.3038370e-03  -3.0847731e-04  -1.0792003e-01   4.9222705e-03  -1.0261547e-01   4.7664946e-02  -2.5923669e-01  -4.5609385e-02   5.7147637e-02  -1.2796403e-01   1.9627605e-01  -1.2431866e-01  -1.6431809e-01  -9.1143469e-02  -1.0432322e-01  -1.0109083e-01   1.1934485e-01  -2.6530210e-01  -1.7940995e-01  -6.7696946e-03  -1.0832671e-01   1.7239393e-01  -3.9114352e-02   1.5142618e-02   6.1366373e-03  -8.8758802e-02  -3.8890283e-01   1.5111741e-02   8.5228605e-02   2.8971367e-01  -1.7088064e-01  -1.3179537e-01  -6.7233495e-02  -3.5905846e-02  -7.8986066e-02   2.7250200e-02  -7.9627412e-02  -3.8654208e-01   7.6270216e-02   2.8779575e-02
  -1.4238347e-01  -1.3903502e-01  -2.5287172e-01  -1.9070778e-01  -1.2924428e-01   1.2013990e-01   9.3415724e-02  -1.4530260e-01  -9.2737025e-02   2.1299737e-01   7.0781489e-02   8.1995623e-02  -1.8209098e-02   3.0291726e-01  -2.0701873e-02   3.2288069e-01  -6.7955660e-02   2.0836510e-01   3.2767733e-02   1.8208732e-01   1.7070579e-02  -2.3830503e-01   9.3022439e-02   1.1055081e-01  -2.7147136e-03  -1.2174032e-01   2.1530834e-01  -1.1204468e-01   1.4062262e-01  -7.2711751e-02   1.4159668e-01   8.7958657e-02   7.6257337e-02  -1.1632838e-01  -2.3073905e-01  -7.9917087e-02  -6.8442372e-02   1.4960051e-01   9.2819650e-02  -9.3362897e-02  -1.1617470e-01   2.3318335e-01   1.1392419e-01  -1.5376087e-02  -2.7458888e-02   4.5041290e-02  -7.7530045e-02   1.1643337e-01  -1.5171888e-01
  -1.4503290e-01  -1.0737491e-01   1.6942262e-01  -1.9777673e-02   2.1533861e-01  -2.0644901e-01   1.6517831e-01  -1.1589942e-02   1.3826528e-01   1.9480458e-01   9.1123602e-02   5.5365362e-05  -1.2745520e-01  -1.1450016e-01   2.6095303e-01  -4.1211811e-02   1.4412046e-01   1.7674784e-01  -1.1828850e-01  -9.5512079e-02  -8.2088074e-02   2.7433216e-01  -2.0471011e-02  -1.0727548e-01  -1.2960489e-01   1.3240990e-01   2.5132730e-01  -6.8879088e-02   7.5492440e-02  -1.1744821e-02   3.0404910e-02   1.5229426e-01   5.1596060e-02  -7.3744387e-02   1.5374478e-01   2.0780841e-02   1.6313514e-02  -1.0931760e-01   1.2461982e-01  -8.1338254e-02  -1.1491869e-01   3.0700742e-01   9.8589019e-02  -1.5757742e-01  -1.4800846e-01   2.9380775e-01   1.3207342e-01  -7.9358110e-02   1.2511826e-01
  -1.5848701e-01   1.7503055e-01  -8.4350267e-02  -2.2214904e-01   5.3370092e-03   6.6492185e-02   4.0892123e-02   2.6826270e-02  -6.3883727e-02   1.2491360e-01   9.6838004e-02   1.3466314e-01   1.4093569e-02  -1.1599129e-01  -8.8303764e-02  -8.9663952e-02   2.3372971e-01  -4.2293352e-02   1.4485395e-01   1.2869301e-01   5.8219648e-02   3.0168519e-01   2.1772089e-01   6.7274004e-02  -3.4699296e-02  -1.1359636e-01  -3.8639522e-02  -1.1185352e-01  -1.7069358e-01   1.4654399e-01   1.7468757e-01   1.2326428e-01  -2.6212398e-01  -2.5262171e-01   9.1629551e-02   1.9377520e-02  -1.4604347e-01  -2.3249201e-01  -8.3366692e-02  -1.5669925e-01   1.7803530e-02   5.0333652e-02  -1.1647494e-01  -1.9513508e-02   3.3684674e-02  -3.2520968e-01  -9.3094467e-02   2.1134041e-01   1.1965030e-01
  -1.3631154e-01   1.8904748e-01   1.1942722e-01   1.6340375e-02   1.1871015e-01   4.2954211e-02   3.1740694e-01  -2.2896512e-01   1.6426434e-02   9.6456259e-02  -2.8781279e-01  -6.4154637e-02   4.1721539e-02   5.6989893e-02  -1.2506432e-01   2.9683235e-02  -6.2317011e-02  -1.0384847e-01   3.2260936e-02   7.0913948e-03   2.1079478e-02  -2.4075393e-01  -6.7927722e-02  -3.5738545e-01   2.1251526e-01  -1.4332654e-02   1.6731298e-01   9.7957977e-02  -2.7500971e-01  -1.2206941e-01  -8.1622585e-03   1.1250600e-01  -1.2593953e-01  -9.9679022e-02   2.3151833e-02  -7.7949664e-02  -2.6190858e-01  -1.0172029e-01  -8.0659905e-02  -1.3375994e-02  -1.9316235e-01  -1.1170974e-01  -7.8109831e-02  -6.9700418e-02   8.4464128e-02   8.1607382e-02  -6.8652375e-02  -2.3057384e-01   2.8790796e-02
  -1.3702196e-01  -2.1294221e-02   9.1745445e-02  -4.4481408e-02   1.4173159e-01  -7.4781602e-02   1.6011249e-01   3.7710060e-01  -2.4223723e-01  -1.1910631e-01  -1.2877807e-01   2.3824934e-01   1.5741102e-03   1.0932123e-01   4.0898467e-02  -6.2016063e-02   2.9699800e-02  -1.0608151e-02  -4.2379513e-03   9.7876749e-02  -2.0721803e-01  -9.9584245e-02  -1.4983662e-01   8.8039717e-02   2.1095933e-01  -9.8665319e-02  -4.8182737e-02  -8.7966972e-02   3.3425287e-01   2.3407395e-01  -6.9712751e-02   1.2248930e-01  -1.0736013e-02  -6.3497829e-04   2.5303041e-02   7.9614280e-02  -1.6919710e-02  -2.3809594e-01  -2.4840828e-01   7.8477646e-02  -1.7970081e-01   4.1471228e-02   1.5704414e-02   2.6893087e-01   3.1569218e-02   7.9998693e-02   6.4726652e-03  -5.0482201e-02  -1.4260868e-01
  -1.3534109e-01   1.0388728e-03   1.8891658e-01   1.6476599e-01  -2.3357202e-01  -8.0050507e-02   1.3800011e-01   2.5956237e-02   6.2463497e-02   2.2740426e-01  -2.0551161e-02   2.0533995e-03   9.3633657e-02   1.6617135e-01   2.4369909e-01   1.4185134e-01   1.1715804e-01  -5.7141508e-02  -7.9050624e-03   1.6064146e-01   1.9096532e-01  -7.9921094e-02  -1.9854319e-01   1.7684452e-01  -9.1348316e-02   1.4723470e-01  -1.2129830e-01  -2.3977646e-01  -1.8146831e-01  -1.9861861e-01  -2.5984214e-02   1.0042908e-02  -3.7175433e-02  -8.4669931e-02   9.2952464e-02   1.2403204e-02   2.2268637e-01  -4.9094475e-04  -1.1762439e-01  -5.6406230e-03   4.7260206e-02  -6.8941577e-02   1.9855692e-01   2.7880008e-01   2.3409632e-01  -9.5997136e-02   8.6016212e-02  -3.5456441e-02   2.3837542e-01
  -1.3619562e-01   1.7689021e-01   4.9318846e-02   8.9323460e-02  -5.5446254e-02   2.0355659e-02  -2.1270463e-01  -2.1629702e-01  -1.2135760e-01   1.0865478e-01  -1.0649967e-01   1.5889716e-01  -7.3752636e-02   1.2912903e-01  -9.5796230e-02  -1.1293627e-01   4.6952221e-02  -2.6940383e-01  -8.2183331e-02   2.1299378e-02  -1.6818079e-01   3.2492282e-02  -1.4421561e-01   1.7502267e-01  -3.7620167e-01   4.1264170e-02   1.8100292e-01   1.4636514e-03   2.5712725e-02   2.4324685e-01  -2.1118849e-02  -5.6950900e-02  -2.4746736e-01   4.0210923e-02  -5.8294078e-03  -2.5188507e-01  -5.3585162e-02   1.2449849e-01   1.1290376e-01   2.3607374e-01  -7.8656625e-02   3.3733491e-02  -1.1662130e-01   1.1292041e-03   1.7148109e-01   1.9483666e-01   1.6281963e-01   7.4861332e-02  -3.4538678e-02
  -1.5230096e-01  -8.3146488e-02  -6.4724364e-02   2.2032787e-01  -2.9659827e-01  -4.7735131e-02   5.6620357e-02   2.3269834e-01  -1.3096953e-01  -2.4193443e-02  -1.9635147e-01  -2.7802025e-02   8.2026190e-02  -2.1274934e-01  -3.2651306e-01   5.2306424e-02  -4.1125320e-02  -2.1481218e-01  -9.6330262e-02   5.8371977e-02   1.6444196e-01   1.2050439e-01   1.1240608e-01  -1.9080231e-02   1.3729824e-01   2.1538683e-01   8.6739354e-02  -1.7740513e-01   1.5379325e-01  -2.3542243e-01   4.1182218e-03   8.1235652e-02  -1.5302407e-01  -1.1251734e-01  -1.1181946e-01   2.5548384e-02   1.4463738e-01   3.0565403e-02   1.2395405e-01   2.2919724e-02  -4.9926323e-03   1.3755402e-01  -2.3428678e-01  -6.7407895e-02  -2.2904359e-01   4.8330926e-02   1.4487287e-01  -5.6142475e-02  -4.2923498e-02
  -1.4427729e-01  -1.7471963e-01  -1.8212145e-01  -2.4382974e-01   8.0673653e-02  -8.8840629e-02   1.3577764e-01   6.9290176e-02   1.7540237e-02  -1.5386173e-01  -5.9444066e-02   8.6786469e-02  -2.2784730e-01  -1.3473642e-01  -9.0534213e-02  -7.5120467e-02   1.1465940e-01  -4.1926072e-02   1.3728453e-01   4.6706813e-02   1.5736761e-01  -1.1703802e-01  -5.7128779e-02   1.4132346e-01  -2.2942013e-02   2.4602667e-01   1.2255036e-01  -4.1533759e-02  -1.5049472e-01  -8.6268051e-03  -3.5958553e-01  -1.8526061e-01   2.9128174e-01  -4.2411226e-02  -8.3502924e-02  -1.8025558e-01  -1.5965590e-01  -6.9828600e-02  -3.5949675e-02  -1.7976084e-01   1.7775355e-01  -9.0603690e-02  -1.1076043e-01   2.0631023e-03   1.5652453e-01   1.3873208e-01   1.6615444e-01   1.5027219e-01   3.9659978e-02
  -1.4537702e-01  -8.2494008e-02  -1.9626853e-02  -9.2753524e-02  -2.2078126e-01   1.0327102e-01   7.3157643e-02   7.2797839e-02   8.6774296e-02   1.7882093e-01   2.9774196e-01  -2.4991752e-02  -3.5743253e-01  -1.2184897e-01  -5.3769880e-02  -1.6924727e-01   3.5511206e-02  -1.9517682e-01   1.0205187e-01  -1.5859315e-01  -1.8088588e-01  -2.3652911e-01  -8.8872380e-02  -8.7366825e-02   8.6686540e-02  -7.9939599e-02   1.7734755e-02   1.9369541e-01   1.4836389e-01  -9.4390208e-03   1.3066025e-01  -1.3903927e-01  -5.4910956e-02  -1.5295560e-01  -2.2522627e-01   4.3981900e-02   1.8635557e-01  -4.6053438e-02  -9.2338800e-02   1.6813525e-01  -8.7777853e-03  -6.1522153e-02   3.7441476e-02  -2.8538980e-02  -5.2329475e-02   2.7136988e-02  -6.1754220e-02  -4.2984524e-02   3.6441211e-01
  -1.3210260e-01   2.7822123e-01  -1.6304152e-01   9.7395092e-02   1.9794789e-01   2.3637151e-01  -3.9939604e-02   6.1458377e-02  -1.8503311e-01   1.4637733e-01   2.9185720e-02  -5.9220131e-02   1.4399748e-01  -1.2783840e-01   1.2932791e-01  -6.9505342e-02   1.5780740e-01   2.8095624e-02   6.5592303e-02  -1.2328663e-01  -1.6314152e-01   1.5950760e-02   5.8752249e-02   1.0997172e-01   1.8683497e-01   2.2443529e-01   2.4314786e-01   1.0707598e-01  -2.7202114e-02  -1.1982389e-01   7.4465435e-02   1.6199611e-01   9.3392300e-02   3.6019036e-01  -2.3471192e-01   1.1003712e-01   1.2385468e-01   7.3344441e-02   1.1562987e-01  -1.5932466e-01  -8.0702605e-02  -1.3569098e-01   1.2660601e-02   1.5438343e-01   1.1844744e-01  -5.8371287e-02   1.1754187e-01   9.3059551e-02   7.5270856e-02
  -1.2936942e-01  -5.5993777e-02   1.7559937e-02  -2.2929497e-02  -4.0664826e-02  -8.0542372e-02   1.9696530e-01  -4.9772578e-02  -4.0079502e-02   2.9809841e-02  -6.8515334e-02  -2.3705820e-01   3.2641530e-01  -4.2468843e-02  -1.0715092e-01   7.0582371e-02   3.4214381e-01   1.0188724e-02  -2.5766592e-02   1.3623652e-01  -3.5329597e-01   9.5843087e-02   6.9810021e-02  -2.0990030e-02  -1.4169929e-01  -7.6790036e-02  -2.1178284e-01   1.1269625e-01  -2.7925599e-02  -7.4910250e-02   4.5213592e-02  -3.6099113e-01   5.7284001e-02   1.4039072e-01  -1.7616998e-01   6.8731239e-02  -9.8820947e-02   1.0470424e-01  -2.9419273e-01  -8.5012461e-05   8.9657408e-02   2.2360057e-01  -4.6478362e-02  -5.1019456e-02   1.8891614e-02   1.1152065e-01   3.0169720e-02  -3.3397979e-02  -6.8952913e-03
  -1.2948779e-01   1.0761194e-01   1.4461625e-02  -1.7391573e-01   1.4950617e-02  -3.4812227e-02  -1.5614260e-01   1.9907513e-02   1.8519045e-01   2.3193483e-01  -3.2674159e-01  -1.1640480e-01   1.8708774e-01  -2.1228461e-01   2.0888569e-01   4.0517440e-02  -2.5673064e-01  -5.6076388e-02   2.0571490e-02   3.6672306e-02   1.1932084e-02  -5.2583113e-02  -1.4698352e-01   3.4618958e-01  -1.0598895e-01  -1.5926211e-02  -1.3146853e-03   3.0438624e-01   1.7474205e-01  -8.0417447e-02  -2.4610914e-01   3.2210676e-02   2.2031485e-02  -9.4384323e-02  -8.7446194e-02  -3.0031871e-04  -2.1560730e-02  -1.7858060e-01  -4.6539425e-02   6.6253374e-03  -4.0709422e-02   8.5699790e-02  -1.6448246e-02  -1.5766388e-01  -1.4578680e-01  -1.9427390e-01  -1.3596213e-01   6.1468291e-03   7.5149671e-03
  -1.5378756e-01   5.4697790e-02   1.2774752e-01  -2.6960877e-01   1.9570424e-01  -1.7659426e-01  -4.0325255e-02   1.5531232e-01   2.0178319e-01  -1.9365758e-01  -1.6422186e-01   2.1676195e-02   1.2973509e-02   1.3382914e-01  -1.3426572e-01   9.2025305e-02   4.9972517e-02  -4.6375734e-02   8.4136874e-02  -2.1723774e-02   1.2058964e-01   7.5039667e-02  -2.5733648e-01  -4.3124201e-02  -1.6709991e-01  -1.0137323e-01   3.7584105e-02   6.8886807e-02  -9.1940863e-02   2.2226257e-02   3.5769959e-01   2.7438032e-01   2.1736193e-02  -8.0705302e-03  -2.7034804e-01   5.6250704e-02   1.8114159e-01   2.5743403e-01  -7.0497611e-02  -2.2586908e-02   1.8982209e-01  -1.6943803e-01  -1.4800788e-02   5.6630178e-03  -1.6095237e-01   3.8183694e-02   8.7600998e-02   2.1057060e-02  -7.9592705e-03
  -1.4130030e-01   9.3232957e-02  -1.8604806e-01  -1.1795759e-01   1.7261940e-02   1.7156945e-01  -1.3664618e-01   1.7872705e-01   2.8063651e-01  -1.1064831e-01   8.9574824e-02  -7.2872334e-02   2.0969245e-01   1.3698024e-01   1.4985750e-02  -1.5209628e-01   9.1528297e-02  -7.4786632e-02  -1.9993682e-01   1.4141487e-01   1.1243897e-01  -5.4589875e-02   1.7717970e-01  -3.2692134e-01  -7.9896722e-02  -8.4273614e-02   9.6664291e-02  -2.2777102e-02  -5.6522445e-02  -7.0625984e-02  -2.6968583e-01   1.3628517e-01  -4.1085794e-02   1.2691580e-01  -5.0786892e-02  -1.8132404e-01   1.4366486e-01  -2.0235193e-01  -1.4062134e-02   2.5305971e-01   1.0500702e-01   1.7344680e-01   1.4797772e-01   1.4562836e-01  -7.5816892e-03   1.2372493e-01  -1.1716708e-01   9.0264574e-02   2.8879770e-02
  -1.3552599e-01   9.3214524e-02  -1.2205834e-01   3.6585682e-02  -1.7036525e-01  -2.9568673e-01  -8.9058848e-02  -2.0726327e-01  -5.6088377e-02   6.6011428e-02   5.9397197e-02   1.2780416e-01  -1.0035363e-01  -6.1707178e-02  -2.5786625e-01  -8.0674695e-02   5.1471809e-02   5.6541023e-02  -2.0799266e-01   1.1617013e-01   1.6176796e-01  -4.8172384e-02  -2.5976802e-01  -1.2473650e-02   1.8659911e-01  -1.1876540e-01   5.2534782e-03   1.6533818e-01  -1.1064665e-02   1.3826599e-01   1.4269699e-03   6.7819437e-02   6.8972702e-02   4.0843549e-01   1.6788729e-01  -6.7998239e-02   1.5109197e-01  -2.4184665e-02  -9.3292279e-02  -2.8475627e-01   5.8744366e-02   2.3138280e-01   4.7615679e-02  -2.2977690e-02  -3.4229042e-02  -1.0645293e-01  -1.0518774e-01  -9.7192365e-02   7.6609713e-02
  -1.5016222e-01  -1.4878022e-01  -7.3756378e-02   3.8841900e-01  -6.3182587e-02   7.2000078e-02  -1.4147302e-01   1.8421493e-01   1.6333220e-02   1.7661463e-02   2.5065993e-02  -1.0358253e-01   4.4690169e-02   2.1585291e-01   1.1386367e-01   5.7351842e-02   2.0264669e-01   1.0362277e-01   1.8533378e-01  -2.4410160e-02   9.6560458e-02   1.0836398e-01  -1.2444772e-01   4.8693109e-02   5.5809093e-02  -5.1966729e-03   1.8015583e-01   1.2610300e-01  -7.0217864e-02   1.7922192e-01   1.6719518e-01  -7.5786481e-02   1.9644756e-01  -1.9239025e-02  -2.5910350e-02  -3.1069752e-01  -2.4389724e-01  -1.7773425e-01   1.8514423e-02   1.1761735e-01   1.1066430e-01  -5.1573634e-02  -1.3283075e-01   1.0081340e-02  -2.1988420e-01  -1.4106724e-01  -7.6087933e-02  -2.5024922e-01   2.1115851e-02
  -1.3425729e-01  -1.0191437e-01  -9.7142809e-02  -1.2462900e-01   2.8083754e-02  -2.9255814e-02  -1.2580666e-01  -1.0762373e-01  -2.0736186e-01  -3.3090894e-01  -1.5291583e-01  -1.9509776e-01   7.8287434e-02   8.1679879e-02   2.0517567e-01  -1.4930513e-01  -2.0236880e-01   5.5582303e-02  -3.4128324e-02   1.2466889e-02  -1.7070613e-02   7.5314689e-03  -1.0972760e-01  -9.5707685e-02   1.8891166e-01  -1.2799739e-01   7.8007535e-02  -9.0671144e-03  -6.8881749e-02   8.6436738e-03   8.5637289e-02  -1.2467778e-01   8.5362733e-03  -1.4171649e-01   6.7985754e-02   5.8102666e-02  -2.0262369e-02   1.1769402e-01   1.0636703e-01   1.0757715e-01  -5.4167368e-02   3.0508107e-01  -5.9189663e-02   8.5353279e-02   7.2573708e-02  -2.2098983e-01   3.2264294e-01   8.1917195e-02   3.6955212e-01
  -1.3050743e-01  -1.6680290e-01   1.1828462e-01   1.9967118e-01  -1.1566057e-01   8.2764696e-02   7.7283487e-02  -1.1218092e-01   2.4952075e-01  -1.0366640e-01  -1.0786644e-01  -6.4436870e-03   2.0241159e-01  -5.5197432e-02  -1.8248804e-02  -9.9394696e-02  -1.6784096e-01  -9.2447538e-02  -7.0675323e-02  -1.7437017e-01   6.5006708e-02  -2.6386801e-03   4.1871808e-02  -2.7516257e-02  -1.5063529e-02  -7.0229961e-02   1.0594902e-01  -2.8017273e-01   1.9332300e-02   4.0011284e-01   9.2502297e-02  -1.3339360e-01   4.4014926e-02   9.4855480e-02  -3.0720261e-01   8.0144415e-02   1.6732269e-02  -2.0625553e-01  -3.1856167e-02  -2.5285945e-01  -1.2546419e-01  -7.4408864e-02   2.3769456e-01  -1.5784979e-01   9.6377814e-02  -4.5036748e-02   3.3725292e-02   1.6844025e-01  -2.3227163e-03
  -1.4268398e-01   1.7666898e-01   6.7336629e-02  -6.5297918e-02  -2.6469597e-02   8.0028380e-02  -1.1436571e-01  -3.4784787e-02  -4.3967845e-02  -1.1494975e-01  -1.8709526e-01  -1.6605169e-01  -1.1942326e-01   1.7701629e-01  -1.5053322e-01  -2.8715171e-02   1.6972608e-02   4.1918923e-02   5.4340438e-02  -2.5640114e-01  -2.6441541e-01  -1.3333741e-01   2.9909537e-01   6.8792452e-02  -8.6507196e-02   1.1445470e-01   6.9792383e-02  -1.7920867e-01   1.2074194e-01  -2.7656121e-02  -5.6326644e-02   8.1790577e-03   5.3268814e-02  -9.7681448e-02   2.7784991e-01  -2.2104061e-01   1.6061345e-01   5.2854152e-02  -2.2528636e-01  -2.3904908e-01   1.3768950e-01  -2.6906500e-02   2.3181029e-01  -2.7441191e-02  -1.9401655e-01  -1.4651430e-01   4.8062577e-02  -1.7490126e-01   3.9305690e-02
  -1.3146595e-01   3.3281173e-01   1.6662768e-01   1.2578992e-02  -1.9543055e-01  -1.1867646e-01   3.2280833e-02   2.9254970e-01   7.1379003e-02  -2.7395533e-02   2.7484943e-01   3.5816283e-02   8.9291995e-02   3.0275686e-02   3.2168810e-02  -3.8251031e-02  -2.0430242e-01  -7.9456234e-02   2.0212119e-01   4.4790456e-02  -3.4627307e-02  -1.6616334e-01   4.1072112e-02  -1.5357132e-01  -8.2101787e-02   1.4722938e-01   4.4035193e-02   7.4427940e-02   2.3251477e-02   4.4961486e-02   1.1083074e-01   1.3784112e-02   2.3889015e-01  -1.2657912e-02   1.1333209e-01   9.7257129e-02  -1.1220621e-01   6.0056884e-02   6.8608529e-02   5.0629539e-03   1.0647101e-01   2.4008240e-01  -3.8366441e-02  -2.4656459e-01   3.0621827e-01  -1.3363469e-01   1.3216482e-01  -3.3323857e-02  -2.3072563e-01
  -1.3597136e-01   1.8639273e-01  -1.1856164e-01   6.6757723e-02   1.0618498e-01  -3.0083480e-01   1.6148273e-01  -5.6712642e-02   1.6673164e-01  -7.2093034e-02   1.6672822e-01   1.9966700e-02   1.1839064e-01   4.6666901e-02   1.7576800e-01  -2.5148400e-02   2.4662109e-01  -2.0941362e-01   3.2089905e-02  -1.9411863e-01   1.6869847e-01  -1.7533753e-01   1.3723411e-01   8.0870014e-02   9.6505332e-02  -2.2213044e-01  -1.9983929e-01  -1.0150066e-02   2.1511988e-01   2.8281271e-02  -1.6367993e-01  -7.5678560e-02  -1.5170749e-01  -4.8788627e-02  -4.3507565e-02  -9.8835106e-02  -1.4101148e-01   2.2684149e-01   2.8375272e-01  -1.0936112e-01  -1.0567512e-01  -5.8264666e-02   1.2725628e-02   7.9458973e-02  -1.7034101e-01  -7.2583935e-02   1.3595340e-01  -7.8416708e-02  -3.4512534e-02
  -1.5381739e-01   2.5695727e-01   6.0738718e-02  -1.1303386e-03  -1.5422457e-01  -9.5094372e-02  -8.1330082e-02   1.4625749e-01  -1.0481571e-01  -6.8129051e-02  -2.0468626e-01   1.3943193e-01  -6.5589827e-02  -2.1822205e-01   1.8277840e-01   1.4114758e-01   3.7607383e-03   1.7802729e-01   3.1928850e-03  -2.6758787e-01   8.0127070e-02  -5.9102104e-02   6.7613653e-02   4.7069959e-03   7.4211066e-02  -1.1858976e-01   1.5321346e-01  -6.4263454e-02  -2.1328189e-01   4.5892440e-02   6.4437625e-02  -3.2715915e-01  -8.6267884e-02  -3.6929217e-02   2.6062843e-02   1.0676189e-01   8.8522494e-04   1.0077565e-01   7.3770068e-02   5.5251867e-02   1.5413483e-01   9.8527938e-02   4.0561801e-02   1.6295747e-01  -3.3334009e-02   2.7148667e-01  -3.8927957e-01   1.0348594e-01  -3.9002186e-02
  -1.4277665e-01  -9.0756329e-02  -2.8397626e-02   2.0613935e-01   1.5574314e-01   4.5984133e-03   7.9719263e-02  -1.1407882e-01   7.2790798e-02  -6.0532098e-02  -8.2915799e-02  -4.4756372e-02  -1.4926899e-01  -9.6257645e-02   1.7714165e-01   1.5510220e-01  -2.2650461e-01  -3.0912447e-01   1.6828883e-01   2.7021847e-01  -6.5385890e-02   1.5300102e-01   2.3192282e-01   2.1600050e-03   9.4479727e-02  -2.4204580e-01   1.7327834e-02   1.3317182e-01   2.0748609e-01  -8.4733923e-02   1.8762091e-01   1.5393773e-02   1.3662470e-02   7.2970677e-02   1.6528325e-01  -1.6745832e-01   1.1519922e-01  -4.3179476e-02   1.8131668e-02  -1.3575647e-01   3.0047592e-01  -4.7280575e-02  -1.6372778e-02   8.6198204e-02   2.0379781e-01   1.8469649e-01  -4.6270754e-02   7.6671918e-02   7.8600882e-03
  -1.5157694e-01  -5.2401189e-02   1.5991713e-01  -1.1707272e-01  -1.6206025e-01   2.8926219e-01   4.4478414e-02  -9.3482793e-02   7.9323078e-02   1.2952309e-02   5.3461004e-02   2.6650978e-02   8.4814787e-02  -2.1514462e-01   8.5482495e-02   1.0528666e-01   8.7604730e-02   8.8847720e-02   1.2217219e-01   8.4096636e-02  -2.0749571e-01   1.3393455e-01  -2.7743415e-01  -8.3273508e-02   3.5730041e-01  -2.9368994e-02  -6.1916796e-02  -1.6732286e-01   7.6904299e-03   1.7666305e-01  -2.6865106e-01   1.5279430e-01  -8.6384500e-02   1.5012093e-02   7.8503582e-02  -1.5759965e-01   3.2109881e-03   2.9238746e-01   9.2429699e-02   1.1176694e-01   2.3255801e-01  -7.2531945e-02   8.4034770e-02  -1.6668455e-01  -6.4803675e-02  -3.7156089e-02   4.3479847e-02   4.4476394e-02  -1.1820520e-01
  -1.4397763e-01   1.2866881e-01   7.2853711e-02   7.8646024e-02   1.0152677e-01   1.8435271e-02   2.7923425e-01  -1.9045665e-01  -1.6926429e-01   5.5147918e-02  -1.5886408e-01  -1.4335965e-01  -1.9445386e-01   2.1688020e-02  -4.6197594e-02  -1.4882276e-01   3.5945811e-02   1.9217678e-01  -3.6051882e-02   6.8299150e-02   2.2299550e-01  -1.4270735e-01   1.5171847e-01   1.0226656e-01  -5.3828019e-02   7.1882936e-02  -1.9666004e-01  -5.9575028e-02   1.2642450e-01   1.1906590e-01   7.0008381e-02   9.8029733e-02   9.2798966e-02   1.5926704e-01  -5.5989309e-02   1.6358947e-01  -5.5609260e-02  -1.2669910e-01   1.3977577e-01   4.2885679e-01   3.1681537e-01  -1.6010971e-02   9.5071585e-02  -1.3267733e-01  -1.0211245e-01  -6.9865377e-02   2.4794987e-02   1.1408762e-01   2.9683371e-02
  -1.5271952e-01   1.6630781e-01  -1.5462990e-01   1.5517031e-01  -1.3228142e-01   1.5271601e-01  -2.3504420e-02  -3.9072562e-02   7.0225425e-02   1.0803592e-01  -6.9074917e-03  -6.5128881e-03  -3.4270383e-02  -1.5757078e-01  -7.1060836e-02  -3.5701974e-01  -2.3882996e-01   3.1802903e-01   2.1950726e-01   5.0030246e-02   4.7386082e-02   1.1257500e-01  -1.0947144e-01  -7.1356986e-02  -2.1137510e-01  -2.5261204e-01  -2.1847371e-01  -9.9099469e-02   1.3983748e-02  -1.1817660e-01  -2.1334117e-02   5.9923833e-02   1.2576429e-01  -8.0529977e-02  -2.5071577e-02   7.3377003e-03  -1.0981669e-01   6.7637286e-02  -8.4709769e-02  -1.1977655e-01  -9.1785050e-02  -5.2844171e-02  -2.1136688e-02   2.6600764e-01  -9.8699568e-02   2.2954333e-01   1.9646482e-01  -8.8922068e-02  -7.2837259e-02
  -1.3532642e-01   1.1936692e-01  -6.7957169e-02   1.0352455e-01   9.8882167e-02   4.5253925e-02   1.5187052e-01   2.7485180e-01   1.0778272e-01  -3.5925424e-02  -2.3205509e-02   8.4311334e-02  -9.7482234e-02  -9.9297866e-03  -1.9514080e-01   2.8044571e-01  -1.6793440e-01   1.1916684e-01  -3.2804732e-02   1.4516822e-01  -1.0706727e-02   1.5343715e-01   1.8613490e-01   1.1092562e-01  -2.7102300e-03  -4.7013455e-02  -1.2762906e-01   1.3087552e-01  -1.8744191e-01   1.7900735e-01  -1.0868590e-01  -9.2413714e-02   1.2217512e-01   8.0480024e-02   1.0328333e-01  -1.1225321e-01   1.0768279e-01   2.0763894e-01   2.7825301e-02   1.6754774e-01  -4.0926969e-01  -8.1984896e-02   1.2613165e-01  -1.6170052e-01  -2.1168427e-02  -1.0756934e-02   4.1863295e-02   3.5343503e-02   2.9729298e-01
  -1.4860453e-01  -3.0410078e-01   3.0941822e-02   2.2305940e-01   1.3015139e-02   1.7222199e-02  -3.9402001e-02   1.4177949e-01   1.3580035e-01  -8.2921173e-02  -9.1001349e-02   1.0142291e-01  -3.5597766e-02   4.0145444e-02  -1.2418190e-01  -1.4563242e-01   5.5510115e-02   2.2114481e-01   4.6811032e-02  -4.1791481e-02   3.1814542e-02  -5.6295262e-02   3.1714109e-02  -1.6123150e-02  -7.5672543e-02   1.2790214e-01   7.4499288e-02   3.1069908e-01   1.4523222e-01  -1.3900656e-01  -6.2944962e-02   9.8319769e-02  -3.9494720e-01   3.4261565e-02   9.4911839e-02   1.4323015e-01  -3.0475111e-01   2.4971913e-01  -6.2691069e-02  -7.0256054e-02   6.3764396e-02   2.2138518e-02   2.3666234e-01   1.0490806e-02   1.7768017e-01  -1.0403744e-01  -8.2926369e-02   1.6094434e-01   5.4765954e-02
  -1.4166871e-01  -4.4042093e-02   1.0955559e-01  -2.4447338e-01   8.7866691e-02   1.6872173e-02  -2.5929895e-01  -7.5749472e-02  -8.7153879e-02   2.9576014e-02   5.8150069e-02  -1.4667131e-01   1.4366713e-02   3.7981381e-02  -9.3056814e-02  -1.0236352e-01   4.8241541e-02  -1.8093596e-01   3.1270024e-01   2.4825202e-02   3.5335778e-01   2.4220701e-01   1.9093485e-02   7.1103118e-02   1.6194224e-01   7.6191776e-02   8.8852186e-03  -1.5544212e-01   1.6599040e-01  -1.1032410e-01   4.9667206e-02  -1.6066305e-01   4.1391949e-02   1.5047533e-01   4.2471665e-02   7.5250418e-02  -9.6909313e-02   9.0911267e-02  -9.2832264e-02   1.5307942e-01  -2.5352203e-01   6.7908229e-03   2.5543532e-01  -8.3179138e-02   1.2116522e-01   1.4036626e-01  -1.6259023e-01  -2.1043360e-01  -3.5899298e-02
  -1.4357524e-01  -1.4967708e-01  -1.6625680e-01  -3.6463241e-02   1.3232578e-01  -1.7042541e-01   2.3154030e-01  -1.4589781e-01  -1.6228806e-01  -3.5498795e-02   1.9888731e-01   2.3160206e-01   2.4330363e-01  -1.0922129e-01   9.5501868e-02  -1.2942762e-01  -2.6402728e-01   9.3656738e-02   1.5347559e-01   6.3632138e-02   1.1697505e-03   2.0717603e-02   6.0150681e-02  -5.6388312e-02  -1.6433105e-01   1.4891930e-01   2.1723783e-01   3.8412259e-02  -9.5510099e-02   3.3435359e-02  -1.8996971e-02  -1.8358457e-01  -2.0196144e-01   3.0102413e-02   6.2568793e-03  -5.6240194e-02   2.8313823e-01   4.4711527e-02  -1.3069888e-01   1.6668445e-01   5.8569002e-02  -1.5056001e-01   5.4361971e-02   2.0246508e-02  -1.5084346e-01  -1.8625110e-01  -4.1169060e-02  -2.1418538e-01  -1.6399577e-01
  -1.4966124e-01   7.9542546e-02  -3.3536213e-01   1.0284328e-01   2.3924743e-01  -3.5539989e-02  -1.8487263e-01  -5.1397181e-02   1.7032987e-01   1.1214421e-01   2.7489946e-02  -2.2367547e-02  -4.6671598e-02   5.0267214e-02  -5.6339024e-02   2.2403850e-01  -9.7612445e-02  -1.4272078e-01   6.5593727e-02   6.9239648e-02  -1.4474640e-01  -8.8741759e-02  -2.5079327e-01  -2.1811436e-01   3.2099231e-02   3.5377748e-01  -1.8240276e-01  -1.7677489e-01   2.3044680e-02   6.8089310e-02   9.6714640e-02  -1.9103563e-01  -6.2266292e-02  -1.7140089e-02   1.7230994e-01   2.3354701e-01  -1.1547977e-01  -8.1569244e-02  -1.4953240e-02  -1.4127365e-03   2.1208550e-02   6.1762159e-03   6.3435341e-02   7.3746081e-02  -2.4753916e-01   9.7970577e-03  -4.4031914e-03   2.2650743e-01  -2.6590973e-02
  -1.3671173e-01  -2.3096215e-01   1.6563635e-01  -2.3983928e-02   1.2872091e-01   1.9021248e-01  -1.3570673e-01  -3.9374625e-02   1.4635575e-02  -7.6568898e-03   9.3527694e-02  -1.7848701e-01  -7.0454644e-02  -2.8625657e-01   3.6989820e-02   2.2957834e-01   2.1041025e-02   1.1689092e-02   1.1222809e-01  -7.5408671e-02   1.7793092e-01  -3.2742321e-01   1.5877377e-01   3.7381150e-03  -1.4585495e-01   7.4832909e-02  -1.5869716e-01   2.4633709e-02  -1.3116235e-01   2.7800579e-01   1.1571683e-02   1.6479159e-01  -1.3360225e-01   1.2923512e-01   3.2098764e-02   2.0853976e-03   8.3405723e-02   4.3175315e-02  -1.0648503e-01  -3.2349618e-02  -1.2205053e-01   2.5718457e-01  -2.6317876e-01   2.1789200e-01   1.2290797e-02   3.3493700e-03   8.2332412e-02  -1.4287019e-01  -7.7842322e-02
  -1.3307732e-01  -5.7899322e-02  -5.6002157e-02   8.0856200e-02  -4.1684414e-02  -2.2276489e-01   3.9347247e-02  -1.0009556e-01   3.2004123e-01  -1.1633349e-01   8.2811058e-02  -3.1218304e-01  -9.0613240e-02   1.6342912e-01  -9.8820227e-02  -2.1707207e-01  -1.0028552e-02   8.9753938e-02   8.5495394e-02   2.8693028e-02  -2.4456260e-01   1.0350749e-02   3.0535046e-02   3.6150380e-01   2.0571490e-01   1.1287936e-02   8.7216526e-02  -8.9832905e-02  -2.3362358e-01  -1.4078000e-02  -3.7861071e-02   1.2275105e-01  -4.2019835e-02  -4.8720403e-02   6.4268638e-02   1.6253494e-01   1.6901289e-01  -5.1280446e-03   6.0128716e-02   1.1901319e-01  -1.3051449e-01   1.1597687e-02  -2.3206701e-01   4.0656529e-02   8.1285764e-02   4.9508844e-02  -2.0862167e-01   7.0424780e-02  -2.1389395e-01
  -1.4187213e-01   1.9851360e-02   2.6350476e-01   1.6335802e-01   1.6587739e-01  -8.8283203e-02  -2.5347977e-01  -1.2398635e-01   6.5488867e-02   9.5242158e-02   9.6161186e-02   2.7136770e-01  -1.2490894e-02   5.0841944e-02   6.0488728e-02  -3.8736825e-04   1.5556677e-02   1.5561000e-01  -5.8599091e-02  -6.4591960e-02   7.2643230e-02  -7.2753832e-02   1.2886292e-01  -6.6487511e-02   1.9069062e-01  -9.2869676e-02  -7.4220584e-04  -1.0590346e-01   5.8325530e-02  -2.7470440e-01  -3.0433601e-02  -8.9288729e-02   8.7606086e-02   1.4318699e-02  -8.0098181e-02  -1.2861085e-01   5.6639943e-02   2.2879375e-02  -3.8317969e-01   1.2955964e-01  -6.3289313e-02  -4.4046334e-02  -3.0050781e-01  -1.7641916e-01  -4.8669278e-02  -7.3507556e-02   1.2814861e-01   3.2839736e-01  -2.3608907e-02
  -1.4701416e-01  -1.5247842e-02   1.0995862e-01  -3.5397759e-02   6.5070201e-02  -2.2263495e-01  -3.2786528e-01   3.0227074e-02  -7.5658748e-02   1.7296060e-01   1.5857832e-01  -1.6107725e-02  -5.7809604e-03   6.7632012e-02  -5.5363286e-02   5.9947543e-02  -2.1423282e-01   8.7098481e-02  -2.3321318e-01   1.7360704e-01  -1.2409079e-01   4.5705267e-02   2.4729826e-01   2.7344797e-02   1.6487093e-01   3.2446286e-02  -5.7562206e-02  -1.9670407e-02  -1.1966575e-01   1.4429228e-01  -1.5298129e-01   3.9563413e-02  -9.3500692e-02  -1.1883705e-01  -2.9597195e-01   1.4454827e-01  -1.9456700e-01  -2.3061753e-02   6.1104927e-02  -8.2472698e-02   2.5615275e-01  -1.7042574e-01   6.1332603e-02   6.0174744e-02   5.9113018e-02   1.1243959e-01   1.0026897e-01  -3.1092970e-01   1.2510296e-01
  -1.5676664e-01   7.5717766e-02  -9.1844049e-03  -4.3581107e-02   1.0975330e-02   3.1793576e-01   1.8459858e-02  -1.2637671e-01   2.1696324e-01  -1.0584657e-01  -1.1605307e-01   1.8418067e-01  -1.7943357e-01   4.0460422e-02   1.5251594e-01  -1.3087962e-01   1.3968814e-01   7.8009374e-03  -3.8742490e-01   1.6716011e-01   1.0289324e-01   1.2453795e-01   5.7985433e-02  -1.3321540e-02   9.0159943e-02   2.2600867e-01  -8.3362745e-02   1.8743927e-01   8.1127380e-02   5.8276374e-02   1.3005660e-01  -2.1233317e-01   1.2413181e-01  -2.3415295e-01  -3.5235512e-02   1.1489602e-01   1.1227791e-01   1.3705824e-01  -6.8496130e-03  -6.7465056e-02  -6.0848110e-02   1.1520998e-02  -7.4061141e-02   7.7238561e-02   6.6783961e-02  -1.1268738e-01  -2.6682197e-02  -2.3172138e-01  -2.4952024e-01
  -1.5512664e-01   8.3936278e-03   2.7279680e-01  -3.8044652e-02  -1.5384547e-01   1.3399253e-01   8.9864116e-03  -1.9032855e-01  -1.4105703e-01  -2.1475981e-01   1.2671410e-01   1.6062768e-01   2.2566016e-01   3.0317409e-01  -2.2914428e-02   5.4441792e-04  -3.4427063e-02   1.7142316e-02   2.0794749e-01   2.1646968e-02   2.5425431e-02   3.1454736e-02   3.5641746e-02   1.3091036e-02  -4.2340018e-03   1.9321666e-01  -1.7359548e-01   3.0360061e-01   1.1034094e-02   1.4364572e-02  -1.1242722e-01   1.2969417e-02   2.7071065e-02  -3.3072085e-02   4.2234445e-02   1.0599098e-01   1.1361892e-01  -1.7479127e-01   1.9168465e-01  -1.9849130e-01  -3.6980491e-02  -2.3087634e-02  -1.1871963e-01   1.3918897e-02  -2.3965993e-01   2.7856611e-01  -9.4696047e-02   1.5602210e-01   1.7546339e-01
  -1.5602994e-01  -1.5244678e-01  -2.8429054e-01   1.2750711e-01   1.0084521e-01   8.8397688e-02  -1.1956947e-01  -4.1049330e-02  -6.4142472e-02  -5.0426950e-02  -1.0366686e-01   3.0148439e-01   1.3410217e-01   5.6505528e-03   4.9793829e-02  -6.5287673e-03   1.2786825e-01  -9.6666706e-02   3.3065114e-02  -1.3695098e-01  -8.4470446e-02  -1.1221544e-01  -1.1186855e-02   1.0380971e-02  -1.5277116e-01  -1.5975202e-01  -1.3222249e-01  -1.8595366e-01  -3.5912987e-02  -5.5010676e-02  -8.7254158e-02   2.1090139e-01   1.9372248e-01  -6.7760284e-02   9.0975153e-02   2.8387958e-01   8.2347341e-02   6.1704063e-02   4.6179218e-02   3.4498156e-02   7.0006418e-02  -3.5092118e-03  -1.3806330e-01  -3.3852616e-01   1.8811172e-01   5.4019132e-02  -2.0336985e-01  -2.6900762e-01   1.8494141e-01
  -1.4344465e-01  -1.3341602e-01  -1.0332391e-01  -1.2448209e-01   1.0595439e-01   1.8190297e-01   4.7544592e-02   2.5521131e-01  -8.7805919e-02   2.6130120e-01  -5.0364236e-03  -8.4251931e-02   4.1958588e-02   2.3075976e-01  -7.4495368e-03  -8.3844674e-02  -9.1823329e-02   3.5191686e-02  -1.3310991e-01  -2.5638731e-01   1.1925647e-01  -9.7983464e-03  -8.8841908e-02   1.1142132e-01   1.2297290e-01  -1.4853575e-01  -1.9182404e-01   1.0211877e-01  -1.7598057e-01  -5.6643215e-02   9.3409743e-02  -1.8957273e-01  -2.4577268e-01   6.7460571e-02   1.8565652e-01  -5.2764247e-02   1.5925705e-01  -1.4025167e-01   7.8290545e-02  -1.0871861e-01   1.1606395e-01  -2.6926474e-02  -1.1455378e-02  -2.5220080e-01   8.0944699e-02   1.5745338e-01   2.4664637e-01   1.2925497e-02  -2.2818694e-01
  -1.3302776e-01   4.3335486e-02   1.8257653e-01   6.5766452e-02   2.6017723e-01   9.1840304e-02   7.6728877e-02  -4.2729799e-02  -4.4711494e-03   1.3682137e-02   1.0718818e-01  -4.6882123e-02  -7.5772729e-02   6.1396444e-02  -3.4633918e-01   2.2164568e-01  -4.1767248e-02   1.0132599e-01   2.2984725e-02  -1.9680540e-01  -1.1263575e-02   2.0150693e-01  -1.9867784e-01  -9.6310440e-02  -1.2914586e-01  -1.6358208e-01   7.0660823e-02  -5.0641665e-02   1.5906129e-01  -1.2797949e-01  -2.5406538e-01  -1.8973150e-01   3.0821762e-02  -6.2263682e-02  -1.0667565e-01   5.7551332e-02   1.2903764e-01  -1.3166553e-01   2.5993744e-01  -1.6457005e-02   8.4569240e-02   1.1566234e-01  -8.9924599e-02   2.0742524e-01   2.0708578e-01  -2.8319927e-01  -1.0523959e-01  -6.5224111e-02  -3.2680541e-02
  -1.5448596e-01   5.4354127e-02  -1.6703906e-01   4.0970078e-02  -1.0908219e-01  -1.1216972e-01   4.1584618e-02   7.6454970e-04  -2.6670732e-01   2.1893874e-02   1.0178239e-01  -4.0838790e-01  -1.6534530e-02   6.5893112e-02   1.4590856e-01   1.0667238e-01  -1.1057948e-03   4.7151044e-02  -1.7064910e-01  -1.0753133e-01   1.7645603e-01   1.4948819e-01  -6.0647291e-02  -2.2718202e-01  -1.1564577e-01   3.9624813e-02   3.1099938e-02   9.3229238e-02   2.0269562e-01   2.1177469e-01  -1.7141215e-01   1.2875397e-01   2.6248170e-02  -1.8209603e-01   3.6809443e-02   3.9478751e-02   7.7210894e-02   1.4280449e-01  -2.4620468e-01  -6.7603100e-02  -6.7799864e-02  -2.7022351e-01  -1.4910853e-01  -9.0080353e-02   1.5613451e-01   6.3102810e-02  -1.5006740e-01   1.8466698e-01  -4.3855262e-02
  -1.4902640e-01   4.6532608e-02  -5.4947545e-02  -7.5901860e-02  -2.8493040e-02   1.1482412e-01   1.8235382e-01  -7.3777552e-02   3.3027021e-02  -2.3807305e-01   2.8991083e-01   4.5133285e-02   7.6848307e-02  -6.2722130e-02  -7.1523877e-03   1.1247182e-01  -2.6523638e-01  -8.7915153e-02  -3.2855637e-01  -3.1531207e-01  -2.0001144e-02   1.3041082e-01  -1.0170302e-01   2.7263596e-01  -4.5891079e-03   1.3006415e-01  -1.1293109e-01  -7.0824176e-02   3.9901486e-03  -1.8079143e-01   1.6855917e-01   1.6170658e-01   1.5045813e-02   9.9478118e-02   8.7830995e-03  -1.6886190e-01  -3.3704546e-01  -2.3622456e-02  -1.7975870e-01   9.9666188e-02   7.2134716e-02   5.1854892e-02  -2.9535114e-02   8.7215711e-02   1.2267110e-02   5.1442106e-02  -1.1343323e-01  -4.3276424e-02   9.6074200e-02
  -1.4603237e-01   2.2396723e-02  -4.0392154e-05  -1.4448367e-01  -2.4785862e-01   2.2946013e-02  -1.7499726e-03   6.0869308e-02   3.3531200e-02  -1.9805147e-01  -3.8605457e-02  -1.5557376e-02  -3.3033780e-01   1.1443321e-01   2.7659032e-01   1.3900936e-01  -4.9204340e-03   5.2291730e-02   1.1220281e-02   1.2717812e-01  -9.3823483e-02   6.4571845e-02   3.4666472e-03  -1.0258854e-01  -1.8919159e-01  -8.0694876e-02   3.3556534e-02  -1.4829600e-01   1.7946011e-02  -1.8513474e-01  -8.2267979e-02  -7.3330170e-02  -2.2989802e-01   4.4889826e-01  -5.7839571e-02   1.5584647e-01  -1.1531997e-01  -1.5416586e-01   4.8160047e-02  -8.0630032e-02  -1.2118676e-01  -1.8273611e-01  -1.8384064e-01  -1.3941646e-01  -8.5074196e-02  -1.4081520e-01   5.9735563e-02  -1.2898007e-01  -1.7455122e-02
