  -1.3518537e-01  -9.2906387e-02   2.1681712e-01  -2.1384386e-02  -3.1805062e-01   3.8832022e-02   4.4904254e-02   8.4383620e-02   1.3664284e-01   9.4321973e-02  -2.5551558e-02   2.1730882e-01  -7.9275875e-02   6.3377226e-02   1.7857973e-01   4.4020196e-02   2.3910279e-01   1.4400260e-01   8.2866333e-02  -1.1563880e-01   8.4210671e-02   2.7276157e-01  -1.5857243e-01   5.0927235e-02   3.9745691e-01   1.8795672e-01   1.2432253e-01  -2.3729125e-02  -1.2922775e-01   1.2008653e-01  -1.1953971e-02   8.1986605e-03   1.8417464e-01   9.8221082e-03   1.9629111e-01  -6.6436159e-03   2.0224551e-02  -1.1562004e-01  -5.8157306e-02   2.7399386e-01  -5.3510647e-02   6.9677228e-02   8.8815571e-02  -7.4970364e-02  -1.9964312e-01  -1.0391522e-02  -3.0602585e-02  -1.0889892e-01  -8.6115036e-02
  -1.2963381e-01   2.3138794e-01   5.4656387e-02  -9.2554239e-02  -4.6916939e-02   2.5291424e-02   2.7049886e-02   3.8672167e-02   2.6292893e-01  -1.2316697e-01   5.8756450e-02   2.4437925e-01  -7.3411951e-02   2.3462448e-01  -2.1359609e-01   1.4077699e-01   5.9484291e-02   6.3893681e-02  -4.4585334e-02  -5.2414677e-02  -1.1076633e-01  -1.0817959e-01   1.5185374e-01  -3.2402286e-01  -1.1159823e-01  -2.0563414e-02   9.5154736e-02  -1.4065878e-01   2.1693499e-01  -8.4432742e-02  -2.6560057e-01  -1.3970159e-02  -1.4428640e-01   4.0024278e-02   2.8192048e-02  -4.8382996e-02   1.6549047e-02  -2.0612320e-01  -2.1797791e-01   2.6167425e-01   1.8920814e-01  -2.4901965e-02  -2.9932119e-03  -1.2726052e-01   1.4181990e-01   6.7208882e-02   7.3712368e-02   1.8633099e-01   8.3329627e-02
  -1.7127669e-01   7.0784271e-03   2.5570730e-01   2.1406606e-01   1.0454174e-02  -3.5361992e-01  -1.9408426e-02  -1.2734551e-01  -8.3138196e-02   1.3779922e-01   1.6072932e-02   4.0670040e-02  -7.7222465e-02   1.9565632e-01  -5.2555706e-02   3.5235726e-02   6.0430851e-02  -1.0298199e-01  -1.8135967e-01   2.7660136e-01   1.1038005e-01   1.2599922e-01   6.7542818e-02  -7.1007691e-02  -5.3951474e-03  -8.4517953e-02   3.1055848e-02   2.5705252e-01   7.3768019e-02  -4.8203504e-04  -8.2212306e-02   2.8199498e-02  -1.3898710e-01   1.0898831e-01   4.2517331e-02  -1.8079549e-01  -1.2713307e-01   1.3775105e-01  -6.5724784e-02   1.6070887e-02   4.1849590e-02  -3.0399201e-01   1.4637267e-01   2.2351458e-01   6.2816741e-02  -6.6168791e-02  -4.0168872e-02  -1.8755846e-01  -2.7747803e-01
  -1.6599847e-01  -2.1803225e-02   7.8103721e-02   4.4254129e-03   2.0331638e-02   8.9150316e-03   1.0724367e-01   2.6766929e-01  -1.6398060e-01   1.4175859e-02  -3.5398406e-01   2.1668307e-01  -6.9418552e-03  -1.0614399e-01   2.2109882e-01  -1.6292273e-01  -1.1883936e-01  -1.9712515e-02   5.4107360e-04   2.4253874e-01   1.5459457e-01   4.1122948e-02  -7.2339383e-02  -2.2784386e-02  -1.3638115e-01  -1.1994080e-01   8.8380123e-02  -3.0304977e-01  -9.6701937e-02   2.8022887e-02  -1.0226297e-01  -7.4861468e-04   2.6242834e-02   8.1437006e-02  -9.5582471e-02   1.6357185e-01  -2.5098338e-01  -3.0545236e-02   4.4755639e-02   1.2513969e-01  -1.5562950e-01  -2.0660736e-01  -1.0880534e-01   1.3630416e-01   3.4134664e-02   3.4964852e-02   2.2001816e-01   2.4030702e-01   8.6830001e-02
  -1.4932514e-01  -1.1715870e-02  -1.4667619e-01  -1.7901857e-02   2.0421664e-01  -2.6423670e-02   2.6419599e-01  -2.9995276e-02   3.0398976e-02   2.6572536e-01   9.2831879e-02   1.9362859e-01   3.0017092e-02   3.0994719e-02   1.3662735e-01   1.6615903e-01   1.7674954e-01  -4.9992147e-02  -1.1810485e-02  -9.0058978e-02  -1.3314972e-01  -2.8533060e-01  -1.7801888e-01   1.5636846e-01  -8.7584470e-03  -2.4263138e-01  -6.2076642e-02  -1.3165800e-01  -2.4529070e-01  -6.9542820e-02  -1.1233105e-01   1.2804865e-01   4.4553710e-02   7.6851518e-02   1.8421735e-01  -7.9019393e-02   8.4465663e-02   5.8913775e-02  -1.3437141e-01  -2.0625352e-01  -1.2553342e-01  -2.3812294e-02   9.8288405e-02  -2.2982622e-01   1.8021522e-01  -6.7316786e-02   1.8142624e-01  -4.1903042e-02  -1.8884145e-01
  -1.3984231e-01  -3.0108315e-01   6.1904896e-02   4.4063387e-02   5.7775003e-02   1.9034587e-02   2.3463496e-01   6.7948470e-02   1.0096473e-01  -3.5297412e-02  -5.6730458e-02  -1.6112052e-01  -1.3729034e-01  -1.8459173e-01   6.8560805e-02   1.0302582e-01  -9.5479554e-03  -7.7249506e-02  -1.8236535e-01  -1.3758417e-01   5.4677348e-02  -9.0442744e-02   4.1541473e-02   6.1483435e-02  -1.0548819e-01  -4.8181780e-02  -8.2655496e-02   3.1909231e-01  -4.9804865e-02   2.3894684e-02  -3.6060817e-02  -3.0437032e-01   1.2405509e-01   1.9396894e-01   2.9677145e-01  -1.7284999e-01   1.8185182e-02  -3.0457546e-01   9.9896854e-02   2.3992160e-02   2.1423499e-01  -6.9568400e-02  -1.7492040e-01   9.7122410e-02   1.7575067e-02   1.4565301e-02  -6.1287261e-03   1.4866293e-01   1.7244281e-01
  -1.6000801e-01  -1.7494915e-01   2.1029000e-01  -3.1656217e-02   2.1709482e-01   1.0422663e-01  -6.5530511e-02  -1.6626326e-01   1.5982153e-01  -2.6463621e-02  -4.9333042e-02  -3.3283418e-02   3.1481988e-01  -1.2915557e-01   1.1517304e-02   1.7913042e-02   3.6774413e-02   8.8786686e-02  -4.5730999e-02  -1.9417553e-01   1.3499288e-01   3.1483883e-02   6.5903463e-02   1.1268858e-01  -9.9633570e-02   2.6259995e-01  -9.6139672e-03   2.1755532e-01  -4.6372647e-02   1.7830741e-02  -1.3660112e-01   2.8088491e-02  -7.4189850e-02  -1.7037060e-01  -1.8221329e-01   9.1924761e-02   1.6653489e-01   2.0519886e-01  -1.9237571e-01   1.0984710e-01  -1.0702919e-01  -2.5518329e-01   1.8114483e-01  -6.2307046e-02   3.9907484e-03  -2.1143507e-02   2.8804909e-01   6.4112556e-02   1.8215110e-01
  -1.3480235e-01  -1.9394128e-01  -1.1229405e-01  -2.4727444e-02  -2.3045335e-02   1.0825110e-01   4.7339317e-02   1.2274347e-01  -2.8062234e-01   8.3822288e-02   5.0113491e-02  -1.2722948e-01   4.4098739e-02  -1.1482264e-02  -1.3964935e-01  -7.9916672e-02   4.4760663e-02   2.0319027e-01   4.2345865e-02  -8.0475757e-02  -2.2357775e-01  -6.1246589e-02  -2.7572805e-01  -1.7027654e-01   5.3798373e-02   2.5831694e-01  -1.4129648e-02   1.2947257e-01   1.5203214e-01   1.4320803e-01  -1.4115397e-01   7.3829503e-02  -4.3072181e-03  -7.9545325e-02  -6.7168194e-03   1.0776106e-01  -1.3868701e-01   6.7857990e-02   1.8382169e-01   5.4859194e-02   1.8021575e-01  -1.1750847e-01   1.0393638e-02  -5.0299528e-02   2.0242601e-01  -1.6579560e-01  -5.4873667e-02   2.8897605e-01  -3.4720246e-01
  -1.3411231e-01  -3.3000394e-02  -2.6774434e-02  -2.2288362e-01   4.0416726e-01   9.0285147e-02   2.2489056e-01  -1.6887508e-01   2.1333794e-01  -5.3996984e-02   1.0901302e-01  -1.5611035e-01   2.1943996e-02   1.7601438e-01   1.3171105e-01  -7.4505045e-03   3.0957917e-02  -5.9637132e-02   3.7074197e-02  -2.4862366e-02   9.7905279e-02   1.8861143e-01  -2.7857238e-02  -1.1589779e-01  -3.8512015e-02  -3.4458091e-04   1.9746549e-01  -5.0667183e-02   8.1368365e-02   5.1620996e-02   3.5397101e-01   1.1014427e-01   1.4744288e-02   2.8102487e-01  -1.3653768e-01   2.3147524e-01  -3.6907220e-02  -8.8948251e-02   8.6403785e-02   1.5795849e-01   4.3018093e-02   6.7517976e-02  -1.2442446e-01   8.3440985e-02   8.2618665e-02  -9.9018511e-02   3.4176969e-02  -1.2602030e-01  -1.8738839e-01
  -1.5935966e-01  -1.8614614e-01   6.3971665e-02  -9.2283933e-02   1.9409325e-01   5.8489749e-02  -1.3606336e-01   1.4832443e-01  -1.9815771e-02   1.0727064e-01   1.3586234e-01   2.4486504e-01   8.1862094e-02  -3.0603263e-03  -1.8063420e-01   1.3217985e-01   6.4023026e-02   1.1715549e-01   1.2771359e-01   1.1249126e-01   6.9371779e-02  -1.6796069e-01  -5.6117288e-02   7.9163919e-02  -1.6795037e-01   1.6593332e-01  -1.1045183e-02  -9.4926537e-02   1.1006407e-01  -3.0071431e-01   1.0450349e-01  -2.4596080e-01  -9.5081194e-02   7.0304709e-02   1.2872672e-01   4.0242613e-02  -9.8045416e-02  -1.0397123e-02   1.3786415e-01  -1.9113677e-02  -8.9037289e-02   2.6029429e-01   3.2257275e-01   3.0073406e-01  -1.6866490e-01  -2.4611051e-02  -9.8038578e-02  -1.2111881e-02   1.7147537e-02
  -1.4368269e-01   5.8357396e-02   1.8073998e-01  -9.3182793e-02  -1.1167657e-01   7.9062115e-02  -1.7010034e-01  -2.1916415e-01  -1.4254080e-02  -8.8876831e-02  -2.2323210e-01  -2.1092295e-01  -8.9292629e-02   3.1947040e-02   2.0419060e-01   2.3890616e-01  -5.4954303e-02   8.1304799e-02  -5.0597059e-03  -6.5421909e-02   1.7550807e-01  -3.5018751e-02  -6.5190525e-02  -2.7108693e-02  -1.3711581e-01  -1.7690262e-02  -4.1199728e-01  -1.3900608e-01   4.8568266e-02  -3.1497622e-01   3.4521160e-03   1.6644438e-01   2.5613021e-01  -3.5895904e-02   4.7459052e-02  -5.8837316e-03  -5.5774005e-03   1.1983289e-01  -4.4014956e-02   5.7535358e-02   1.0901582e-01   1.0069687e-01  -1.8098786e-02   5.1702908e-02   5.6675102e-02   1.8827996e-01  -6.1842313e-02   1.1413244e-01  -2.6637619e-01
  -1.2541755e-01   1.1632265e-01  -1.2172692e-01  -1.8317484e-01   1.2808436e-01   2.3597496e-01   3.6706324e-02  -1.0984811e-01  -4.9342902e-02  -3.8436093e-02   2.0089111e-02   1.3460378e-01  -2.5945322e-01  -1.6594752e-01  -1.4344961e-01  -2.2607988e-01   8.1083024e-02  -7.8889446e-02   5.7410727e-02  -4.1066386e-02   9.1267794e-02   3.8361815e-02   2.0315471e-02   1.4063534e-01   2.9528420e-01   5.3702308e-02  -1.4610820e-02   2.2328031e-01   6.9537775e-02  -3.1553199e-01  -3.0698773e-01   1.2548555e-01  -8.7908370e-02   1.7015402e-01   1.9361655e-02  -4.8226667e-02  -1.5150508e-01   2.0821590e-01   7.5146763e-02   4.5233171e-02  -1.2349668e-01  -1.3050981e-03  -2.4255019e-01   3.2475324e-02   6.4042048e-02   1.6713687e-01  -7.9759525e-02  -1.0515833e-01   8.7234103e-02
  -1.1753882e-01   2.3161114e-01  -1.0934507e-02   6.0468233e-02   1.0957603e-01   1.0222622e-01  -1.5386408e-01   6.6043483e-02  -1.9995218e-01  -2.1764347e-02   4.8117339e-02  -2.1662651e-01   2.6458284e-02   3.6302293e-02   1.2923846e-01  -3.6328082e-01   2.8842669e-01   1.1590814e-01   1.3983873e-01  -3.5282962e-02  -1.5705174e-01   7.6551933e-04   2.5088009e-01   1.0069911e-01   9.0988938e-02  -1.6634233e-01  -9.4974140e-02  -1.1502769e-01  -1.0646885e-02   4.2294085e-02   9.9929545e-03  -2.9900519e-01   2.9755138e-02   9.4445401e-02   2.2122672e-01   1.5647894e-01   2.2347178e-01   6.2081427e-02  -1.7439762e-01   1.2010999e-01   1.5332612e-01  -8.0153328e-02   1.0351867e-01   1.9677907e-01   6.6535218e-02   1.0417463e-02   7.6424359e-02  -1.1600194e-02  -3.6806816e-02
  -1.4879057e-01   7.1579356e-02   1.8271508e-01  -1.8460394e-01  -2.6907735e-01  -1.2721044e-01  -3.7295741e-02   8.7312840e-02  -1.1724467e-01   1.4928631e-02   1.1027143e-02  -8.3960342e-02  -8.7254095e-02  -1.2994206e-01  -2.2292993e-01   1.3214075e-01   1.9643514e-01  -1.6120308e-01  -5.4955568e-02  -5.6041689e-02   1.2982896e-01  -1.5503867e-01   1.9738319e-01   2.4799193e-01   5.8700552e-02  -9.0786407e-02  -4.3038041e-02   3.4352051e-02  -2.5442034e-02   1.9290314e-02   1.8719871e-01  -7.8314794e-02  -1.9331302e-01   1.0654096e-01  -1.8808899e-01   2.7587222e-01  -1.6567553e-01   1.1327016e-02   1.2512166e-01  -5.7872397e-03   1.5654651e-01   8.2293263e-02  -1.3087085e-02  -3.1685738e-01  -6.8206342e-02  -8.2274559e-02   2.6050050e-01   1.8473853e-02  -1.0456220e-01
  -1.3486603e-01   6.6742082e-02  -2.8889164e-01  -1.4115758e-01  -8.8932365e-02   1.1784171e-02   2.0715472e-02   5.5390912e-02  -1.3811169e-02  -3.4060431e-01  -1.8312861e-02   1.1031468e-01   1.8161206e-01   1.3298748e-01   9.1744959e-02   1.2414052e-01   1.5475331e-01  -1.1128366e-01  -3.8906936e-02   1.2191010e-01   1.8071304e-01   6.3851559e-02   1.9876220e-01  -2.7898115e-02   6.2751125e-02  -6.5777608e-02   1.8034579e-01   1.8676822e-01  -1.2046046e-01  -1.7365050e-01  -7.6519031e-02  -2.1661253e-01   2.6018200e-01  -1.0653181e-01  -1.3303343e-01   3.0498417e-02   1.4331731e-01   2.3026682e-02   9.3168062e-02  -1.5905126e-01  -1.1166917e-01  -1.0402059e-01   7.4843167e-02  -4.9591078e-02  -1.6712695e-03  -1.8685881e-01  -2.3553491e-01   2.3364188e-01  -1.6531633e-01
  -1.2365197e-01  -1.7662774e-01  -7.1973812e-02  -1.7294209e-02  -1.0545834e-02   1.3419783e-01  -1.3669241e-01  -1.1344787e-01  -8.7772488e-02  -1.7318047e-01   7.3568133e-02   2.8016951e-02  -1.5062451e-01  -6.3055383e-02  -2.0269489e-01  -1.2217828e-01  -2.2425755e-01  -5.4638488e-02  -1.1339519e-01   1.7271181e-01   7.5911957e-02  -1.9604795e-01  -2.1620577e-01   1.3437936e-01  -5.0537552e-02  -1.3844817e-01   3.2787699e-01  -3.0522318e-02  -1.2229516e-01  -5.3859727e-02  -4.1265737e-02   1.4432664e-01   8.5234627e-02  -1.7322040e-01   7.8795593e-02   1.7658389e-01   2.3831935e-01  -1.5144137e-01  -1.6904573e-01   8.6456800e-02   2.7801916e-01  -1.0904661e-01   1.7687161e-02   2.2952233e-02  -2.3114374e-01   8.3729447e-02   4.3235345e-02  -1.6652674e-01  -1.6053180e-01
  -1.4430051e-01   1.2881129e-01  -2.3099854e-01   2.8794709e-02  -2.6314371e-02  -2.3030477e-01   1.5862795e-01   4.7228936e-02  -5.9295075e-03   6.6965398e-02   2.2024998e-01  -2.7033718e-01   1.5430840e-02  -2.2136922e-02   1.0408299e-01   7.8648271e-02  -2.1417873e-01   3.4554104e-01  -1.9243983e-02   4.8126462e-02   2.1359415e-01  -1.2796061e-01  -2.3929073e-02  -2.2318491e-02   3.5271624e-01   5.6509977e-02  -1.0073692e-01  -2.1954903e-02  -4.2364333e-02  -1.3571128e-01  -1.2294357e-01   4.1654949e-02  -8.4599623e-02   5.1577608e-02  -2.2243402e-01   1.7878681e-04  -6.5641869e-02  -1.8065616e-01  -2.3158409e-01  -5.3410785e-02   4.3914960e-02   4.4883614e-02   1.6529153e-02   1.9521296e-01  -1.7961038e-01  -1.4501745e-01   1.1763473e-01   6.3301840e-02   1.0444278e-01
  -1.5067434e-01   2.0703525e-01  -6.8851638e-02  -8.4911129e-02  -1.7506797e-01  -3.5594915e-02   6.4460260e-02   3.5256409e-02   8.5581632e-02   3.1118743e-01   5.3594248e-02  -1.9068827e-02   1.0247053e-01  -1.4566124e-01  -2.7384779e-03  -1.2030884e-01   2.2847657e-01  -1.4088578e-01  -6.4123569e-02   4.5334391e-02   1.8927691e-01   6.0278252e-03  -1.3218889e-01  -1.5542715e-01  -2.7671396e-01  -4.7992378e-02  -1.1601902e-01   1.5711008e-01  -1.2478379e-01   4.5884007e-02  -2.9757230e-02   2.1296263e-01  -4.0671582e-02  -2.1780037e-01   8.7989556e-02   3.0463203e-01   4.5558148e-02  -5.1010725e-02  -5.1577727e-02   6.0728532e-02   7.5831935e-02   1.1683985e-01  -3.1112322e-02   1.4670593e-01   1.0564282e-01  -1.3401493e-01  -3.1252324e-01  -6.8105357e-02   2.4687359e-01
  -1.5660958e-01   1.1252168e-01  -9.6577153e-02  -1.2410392e-02  -7.4133834e-02  -5.0637847e-02  -9.3751210e-02   2.0057532e-03  -2.1913837e-01  -1.8735919e-02   1.4408256e-01  -1.8734805e-01   3.2808618e-01  -1.9927968e-01   3.7371744e-02   5.4954651e-02   3.4507170e-02  -3.1561843e-01  -3.3498923e-02  -7.4275066e-02   6.1698609e-02   8.7412437e-02  -5.5369589e-02  -3.2185757e-01   2.1974045e-02   2.5782716e-01   2.2395403e-01  -1.1665416e-01  -7.2112068e-02  -1.2455924e-01   5.3808931e-02  -6.2312781e-02  -5.0576194e-02  -3.0563242e-04   2.3175471e-01  -1.6278559e-01  -1.1081356e-01  -1.0665700e-01  -3.6507969e-02  -8.3772987e-02  -5.6757842e-02   6.2636523e-03  -3.2652052e-02  -4.1938351e-02   4.5369791e-02   3.3587244e-01   2.1723246e-01  -1.0529769e-01  -5.2017687e-02
  -1.4132576e-01   4.6098368e-02  -1.4608794e-01   1.8012165e-01  -7.9685952e-02   3.5499727e-02   7.9859059e-02   2.0547304e-01   1.0224425e-01  -2.0258704e-01   2.5664660e-01   9.5374286e-03  -9.6976629e-02   3.6078140e-02   6.1290423e-02  -3.2625361e-02   1.0012876e-01  -7.7327936e-02  -2.5288715e-01   8.7967008e-02  -2.9296427e-01  -9.6188585e-02   1.5431322e-01   1.3654244e-01  -2.6428825e-01   3.7820462e-01  -2.0949527e-01  -6.3936685e-02  -1.8272325e-01   4.5190583e-02   2.0749121e-03   1.3076821e-01   1.8189610e-01   7.5140304e-02  -1.6713346e-01  -2.2759699e-02  -1.1339555e-01   9.6005294e-02   1.1504376e-02   1.7230948e-01  -6.9531392e-02  -4.1109836e-02  -6.9085161e-02   7.0856623e-02  -1.5703431e-01   5.8532222e-02   1.5110336e-02  -1.6855444e-01  -6.4604920e-02
  -1.5034769e-01   2.1714859e-01  -1.3540022e-02   2.3379863e-01   1.7998217e-01  -2.5044891e-01   1.1169536e-01  -1.6087760e-01   8.8565465e-02  -4.4690054e-02   9.8007065e-03   1.1490797e-01  -8.1259963e-02   5.6557156e-02  -1.1884571e-01   4.4845312e-02   6.9852804e-02   4.6803361e-02  -9.8924084e-02  -1.1337304e-01  -4.5936412e-02   1.6959276e-01  -2.9739450e-01   1.5440021e-01   2.0665900e-02   6.2291960e-02  -8.3780992e-02  -6.6821694e-02   5.8352092e-02   3.5037918e-02   4.9443817e-02  -3.3798165e-01  -8.8606213e-02  -2.8482990e-01  -1.5557780e-02   2.6576405e-01   3.3073655e-02  -1.5571070e-02   5.5961132e-02  -1.2970116e-01  -6.2095509e-02  -3.9269681e-02  -2.5844829e-01   9.7770457e-03  -1.1878675e-01   2.9010925e-01  -5.3546708e-02   1.4794711e-01  -8.0110889e-02
  -1.4071173e-01  -2.2067217e-01   1.1266461e-01   1.5388914e-02   2.2383003e-01   9.3163421e-02  -1.2090319e-01   1.7268866e-01  -1.0081684e-01  -2.9498632e-02   1.2976098e-01  -3.9141389e-02  -1.0066039e-01   2.4973962e-02   2.2113662e-01   1.8220105e-01   1.4621750e-01  -1.8763099e-01   1.7080188e-02  -1.8799688e-01  -8.2158969e-04  -2.0009969e-02   1.2891804e-01  -7.2697115e-02   1.4345703e-01  -1.9905523e-01   2.1420641e-02  -1.8726818e-01  -1.1353404e-01   9.3940704e-02  -1.1188001e-01   7.0546256e-02  -3.0455688e-01  -3.9151893e-01  -2.1109756e-01  -1.9868636e-01  -2.6199738e-02   3.5523979e-02   7.2767079e-02   7.4114079e-02   1.1084734e-01   6.7230342e-02  -1.5751327e-01   1.3668503e-01  -8.7447780e-02  -7.5761630e-03  -1.8094564e-01  -7.2649103e-03  -3.9744443e-03
  -1.4258173e-01   1.3055922e-01  -5.2865026e-02  -2.0330197e-02   3.6615520e-02   1.0686548e-01  -3.1084922e-02   9.2781754e-02   9.5483515e-02  -9.5425437e-02  -1.7291454e-01  -2.0787022e-01  -3.6516354e-01  -2.0528803e-01  -3.5619489e-02   2.4116511e-01   1.2416555e-01   3.1655366e-01  -1.2155927e-01   1.2534633e-02  -2.3346590e-02  -1.1255116e-01  -4.0360688e-02  -3.4408171e-01  -1.3729429e-02  -7.8219978e-02   1.7129752e-01  -2.3398021e-02   3.1287584e-02   1.2147794e-01   8.8406980e-02  -6.4260965e-02   2.0332679e-02  -6.0930265e-02   8.6547291e-02   5.2391916e-02   3.8162828e-03   2.2285054e-01   1.3508020e-01  -1.4146432e-01  -2.0696826e-01  -1.7099447e-01   1.2871155e-01  -3.6148963e-02  -6.1824413e-02  -3.5196852e-02   2.5348346e-02  -2.6435834e-01   1.2380571e-01
  -1.3046294e-01   6.7224977e-02   1.2830878e-01   1.2192635e-01   1.0502518e-01   1.3695851e-01  -1.5332662e-01   5.4931774e-02  -6.5894764e-02   8.4596848e-02   1.9852320e-01   2.2544753e-01   1.5636289e-01  -1.8768633e-02  -2.0893680e-01   5.6267590e-02  -2.3270897e-02   2.0845003e-01   1.2255554e-01   1.0020820e-01  -4.1291488e-04   9.0047473e-02   1.5042480e-01  -1.4062781e-01   6.8290618e-02  -1.3480189e-01  -1.8887736e-01   1.0342699e-01  -4.4764575e-02  -1.0501092e-01   2.6961115e-01   1.4209438e-01   2.7979782e-01  -1.6780038e-01   8.8937376e-02  -7.8368698e-02  -2.7952588e-02  -1.2013334e-01   9.6197957e-02  -6.8690991e-02   1.3613552e-02  -1.6637627e-01  -4.0052379e-01  -4.3883532e-02  -3.7272227e-02  -1.8107880e-01   2.0863625e-01  -4.8092396e-02   5.3461038e-02
  -1.3741234e-01   7.1187799e-02   1.0375879e-01   1.1020956e-01  -1.6186939e-01   1.1415057e-01   1.5801272e-01  -2.3487582e-01  -1.2292474e-01   1.5705278e-01  -3.0282541e-02   2.3468093e-01   5.9931701e-02   1.7772728e-01   2.8473641e-01  -2.4170633e-01  -2.3629796e-01   1.0612133e-01  -2.4034379e-02  -2.8639922e-01   4.0678871e-02  -3.5833946e-01   2.0077949e-01  -2.0727316e-01  -7.7476146e-02   5.4037945e-02   1.2593132e-01   1.1294863e-01   2.6658708e-03  -3.1496030e-03   1.0819509e-02  -1.6384329e-01  -8.6543697e-03  -1.9582425e-02  -8.7171379e-02   6.5093361e-02  -3.9219795e-02   7.9248339e-02   1.7309431e-01  -1.0502478e-01   7.5960911e-02   8.0128205e-02  -5.6004071e-02  -4.1779515e-02  -1.4900261e-01   4.6443248e-02  -4.1176536e-02  -1.7085708e-01  -4.8469794e-02
  -1.2800034e-01   5.7729019e-02   1.2383115e-01  -2.2230279e-01  -4.5464854e-02  -1.3955758e-01  -3.5156042e-02   1.8670424e-01   1.9004853e-01  -1.8187438e-01  -1.3230182e-01  -2.9944440e-02   1.1565502e-01  -1.3559035e-01  -9.4551898e-02  -3.1137741e-01   3.3053728e-02   1.7597739e-01   9.0615226e-02  -2.6429104e-01   8.1215355e-03  -5.7310582e-02  -7.0931514e-02   1.6971057e-01  -1.7047808e-01  -5.7973927e-02   5.0980854e-02  -2.8938533e-02   7.8481828e-02   3.0718554e-02   2.6242323e-02  -1.3936499e-02   1.5348109e-02  -9.4756583e-02  -1.1412420e-01  -2.8124819e-01  -1.8853079e-01  -2.2574628e-01  -1.9540539e-01  -2.1113219e-01  -9.9049901e-02  -5.5551122e-02  -7.9948468e-02   6.6442403e-02   9.7402843e-02  -7.0022594e-02  -1.4331014e-01  -2.2828207e-01  -2.4523275e-01
  -1.5044885e-01  -8.2550721e-02  -1.1458079e-01  -9.8871694e-02  -6.6039790e-02  -5.4343360e-02   2.1854090e-01   5.4453550e-02   1.7752079e-01   1.9466181e-01  -3.5555008e-02  -1.8517683e-01   4.9099340e-02   6.7819507e-02  -2.0250902e-01  -1.0929885e-01  -1.8019526e-01  -6.8433313e-02   4.9977144e-03   5.3651146e-02   1.7838206e-01   3.8871743e-02   2.4632992e-01   9.6183463e-02  -4.0844653e-02   7.2886093e-02   4.8049643e-02  -2.9446289e-01   1.7913175e-01   8.1074604e-02  -1.6599636e-02  -1.6745735e-02   5.3948527e-04  -1.5340696e-01   3.3099652e-01  -1.6499886e-01   1.0505370e-01   3.8307040e-01   1.1776612e-03   5.7695439e-02  -4.3262115e-02   1.8757445e-02  -1.9095846e-01  -7.0551842e-02  -2.0126214e-01  -1.4714495e-01  -1.9468759e-02   1.0317116e-01  -8.8721543e-02
  -1.5784796e-01   9.2611960e-02   1.3555609e-01  -3.1277114e-01   7.7559974e-02   5.3985811e-02   1.5989274e-01  -1.7896520e-01  -9.3742226e-03   9.7980279e-02  -1.9730213e-01  -7.1988594e-02  -5.8172672e-02   1.5545506e-02   1.0970453e-03  -1.2669269e-01  -1.1064264e-01   4.6337381e-02  -9.9568274e-02   3.5638359e-01  -3.3268126e-01   5.2102217e-02   8.1108700e-02   1.8314529e-02   1.3511130e-01   1.8393898e-01  -7.2203354e-02  -2.4418246e-02  -3.1421485e-01  -1.3227075e-01   1.9589271e-01  -8.9339714e-02  -1.5433178e-01  -2.4252851e-01  -2.5231961e-02  -1.8436440e-01  -1.6213182e-03  -1.6103356e-01   6.0775142e-02   4.4131223e-03   7.9988643e-02  -1.5367514e-02   1.4618014e-01  -1.3766741e-01   7.2119390e-02   6.3842311e-03  -1.0665162e-01   3.7375851e-02   7.9534387e-02
  -1.3119119e-01   9.5659105e-04  -9.8968373e-02  -3.7274294e-01   3.7912156e-03  -3.4750967e-02  -1.4576945e-01   3.1379267e-02  -1.2116638e-02   2.5594650e-01   1.6540389e-02   5.1469073e-03   4.1183365e-02   3.9704538e-02   4.6780904e-02   2.5056421e-01  -2.0791765e-01   6.1626716e-03   9.4534474e-02   1.1004335e-01  -2.5845990e-01   1.6523542e-01   7.2997307e-02   6.8877558e-02  -7.9788972e-02  -1.2309979e-01   4.5751110e-02   2.0688197e-01   5.2484744e-02   2.8552746e-01  -2.6150831e-01  -1.9408224e-01   2.5600758e-01  -4.5192336e-02  -1.1093669e-01   8.0604754e-02  -1.2027944e-01   8.0097003e-02  -1.2077189e-01  -2.7344098e-02   4.2600590e-02   1.6885695e-01  -8.8472049e-02   1.0082550e-01  -2.7778551e-02   2.0396950e-01   1.1625944e-01  -1.5571779e-01  -9.9889861e-03
  -1.5371996e-01   1.2197979e-01  -5.6392367e-02   2.0983161e-01   8.3353125e-02   8.0338554e-02   1.6985108e-01   1.9518000e-01   7.6509905e-02  -1.3386848e-01  -1.8066111e-01  -5.4829511e-02   1.6146290e-02   7.7082710e-02  -4.8223777e-02  -1.0782149e-01  -3.3410588e-02  -7.6423366e-02   1.8650765e-01   1.2970677e-01   1.4408075e-01   1.1716784e-01  -4.2527340e-02  -2.5723674e-02  -2.9660502e-02  -3.9014815e-02  -1.9060837e-01   1.5329854e-01   8.8533995e-02   8.0366093e-02  -2.1175150e-01   7.6215418e-02  -5.1660525e-02  -1.4494248e-01  -5.1547008e-02  -1.0954407e-01   2.1409654e-01  -1.5174003e-01   3.3168132e-01  -2.1350123e-02   6.6955270e-02   3.1369759e-01   2.1965610e-01  -6.7861866e-02   1.9667484e-03   5.6097723e-02   3.2007542e-01  -2.0184516e-01  -1.0914111e-01
  -1.3991728e-01  -1.2120511e-01  -2.5601241e-01   9.8785092e-02  -4.9515344e-02  -6.5574448e-02  -2.7731920e-01   1.0714609e-01   1.7882531e-02   1.3470815e-02  -2.3258867e-01  -9.9762277e-02  -4.4986931e-02   3.7332960e-01   3.9208598e-02  -6.8295820e-02  -2.5415759e-02   1.4195725e-01  -1.3934286e-01  -2.0829623e-01  -1.5303923e-01   2.2699063e-01   1.5658654e-03   7.0738137e-02  -1.4594998e-01  -8.5655169e-02   1.4879185e-01   2.0419664e-01  -1.8491661e-01  -2.6348777e-01   9.0099124e-02   1.4947956e-01  -2.3533591e-01   8.8293434e-03   1.7285338e-01   5.1785335e-02  -1.3873625e-01   2.1852034e-02  -3.5763528e-02  -1.7705132e-02  -5.2441268e-02   1.7120658e-01  -6.8857266e-02  -5.4158467e-02  -5.7185621e-02  -8.0604813e-02   1.4481448e-01   7.0745508e-02   9.0633267e-02
  -1.4928310e-01   1.5188295e-01  -1.0310117e-01   1.3148500e-01   6.6185284e-02  -1.7605963e-01  -2.5444500e-01  -1.8055736e-01   9.5771937e-02   1.3600981e-01  -2.5408743e-01   5.8492523e-02  -1.4060016e-02  -2.7962137e-01  -2.0034142e-02   1.0982141e-01   5.7033296e-02   9.9828324e-03   3.2804175e-01   1.7789347e-02  -1.1307845e-01  -8.5717984e-02   8.8725056e-02  -5.8699686e-03  -8.5914363e-02   1.7072722e-01   1.4881089e-01   5.3373079e-04  -1.8110713e-01   1.2339103e-01  -4.7608611e-02   1.3680119e-01  -9.3289123e-02   2.9533461e-01  -9.9140637e-02  -1.3117239e-01   2.5941263e-01  -7.2196516e-02   1.1622680e-01   2.7035049e-02   5.9898668e-02   2.0028184e-02  -1.6045558e-01   6.0399085e-02  -1.8428963e-01  -7.8181364e-02  -1.0123746e-01   1.6992374e-01  -1.3496941e-01
  -1.5906562e-01  -2.7864507e-02   2.9962638e-02   1.7014536e-01   6.7066474e-02   4.9180296e-02   1.6964831e-01   1.3353102e-01  -1.4470390e-01  -5.1508096e-02  -2.3511119e-01   1.5730985e-01   1.1363370e-01  -2.0061948e-01  -1.4458445e-01   9.2560236e-02  -1.3664934e-01  -1.0319115e-01  -1.5171221e-01  -1.6225444e-01  -1.6058223e-01   3.0578730e-01  -1.7615847e-02  -9.8014974e-02   9.2501444e-02   8.3634687e-03  -5.5799682e-02  -1.4916701e-01   4.5937946e-02  -1.4020140e-01   1.9771680e-02  -3.8510117e-02   7.8963409e-02   1.9428757e-01  -1.4102723e-01   6.5372030e-02   8.3512471e-02   1.8654498e-01  -2.5566975e-01  -1.6183556e-01   3.2869321e-01   1.2687666e-01   5.9105563e-02  -4.4135694e-02  -2.6039198e-02  -2.0160307e-01  -1.6216020e-01  -1.8155127e-01   8.4610487e-02
  -1.5496857e-01  -3.5154787e-01  -1.9863790e-02  -7.4828835e-03  -1.8322214e-01  -4.6571374e-02  -2.1897692e-01  -1.3755378e-01   4.4058298e-02  -9.1569693e-02  -5.4607710e-03   2.9166491e-02   7.5328565e-03   1.2319957e-01   6.2428032e-02  -2.7688529e-02   6.9342183e-02   6.7222898e-02  -6.9092558e-02   2.3455446e-01   6.0236182e-02  -4.8337277e-02  -2.2192580e-02  -2.4298989e-02   7.0370889e-02   1.8646994e-01  -1.2352768e-01  -2.2537023e-01   4.0557117e-02   6.7173012e-02  -1.5020190e-01  -1.4874104e-01  -1.3713160e-01   1.0829726e-01  -2.4864918e-02   1.1522390e-01   2.2924638e-01  -6.4154885e-02   3.3242628e-02  -2.1603236e-01  -7.0153410e-02   8.2136506e-02  -3.0736100e-01  -3.2811840e-02   3.7060629e-01  -1.2509044e-01   3.3113943e-02  -2.5325339e-01   1.0551163e-01
  -1.4265591e-01   2.2583407e-01  -2.1569653e-02   1.8948077e-01   6.0345810e-02   8.7146251e-02  -2.5792417e-01  -1.3412604e-05   9.9361832e-02   9.3848357e-02  -5.5405247e-02  -1.3679022e-02  -2.0918454e-01   2.9135140e-02  -4.2697725e-03   5.0544816e-02  -2.9478421e-01  -3.6491826e-01  -2.1959646e-02  -1.4941440e-01   1.6160799e-02  -1.6209031e-01  -5.0793433e-02   1.4008338e-01   1.8676909e-01   1.5711930e-01   7.5076985e-02  -4.7240030e-03   7.4446473e-02   5.6166094e-02   1.0530013e-01  -1.1828907e-01   1.8797835e-01  -1.4872964e-01   1.3425239e-02   6.0794676e-03  -1.0478046e-01  -7.7590495e-02  -4.6418332e-02   1.2330996e-01  -1.4450683e-01   5.0499981e-02   1.0364135e-01   9.2179249e-02   3.2487567e-01  -3.3264151e-01   4.7295676e-02   2.8622894e-02   2.8883795e-02
  -1.3128439e-01  -4.6878510e-03  -4.6218088e-02  -1.5124082e-01   3.4576124e-02  -1.5089643e-01  -1.3963898e-01  -1.6586417e-01   1.6007312e-01  -3.0036610e-01  -1.9026058e-02   5.9797360e-02   2.5279645e-01   9.1674036e-02  -1.0776847e-01  -6.3763498e-02  -1.4867221e-01  -1.2746604e-01   6.3962486e-03  -1.3268445e-01  -9.0296535e-02  -8.7627689e-02  -8.4651265e-02  -9.4794087e-02   2.1481983e-01  -1.5566806e-01  -2.8568861e-01  -1.0659813e-01  -1.6875745e-01   2.4503864e-01  -1.0638834e-01   9.3124155e-02  -9.1531861e-03   1.2600853e-01   2.3105421e-01   1.0545845e-01  -2.3447881e-01   5.3306880e-02   2.5574606e-01  -8.8541881e-03   6.1798999e-02  -1.4273861e-01   1.7123393e-01   7.2739808e-02  -1.6995766e-01  -5.4593277e-02  -5.8654097e-02  -2.7961885e-02   1.4304204e-01
  -1.2783750e-01   8.2219995e-04  -1.4607259e-01   2.1264516e-01  -2.1625382e-01   2.7344422e-01  -1.0903383e-02  -2.6642942e-01   5.3094029e-02   5.2081043e-02   1.4147182e-01  -1.2043055e-01   1.6246685e-01  -1.0014622e-01  -8.6170089e-02   2.7117188e-02  -2.3905457e-02   9.6351339e-02   4.9994093e-02   5.3680073e-02   1.3024620e-02   1.3850741e-01  -2.2168225e-01   6.5596153e-02  -1.5631955e-01  -3.1800452e-01  -1.3041683e-02  -9.5558715e-02  -8.6289110e-02  -3.6620088e-02  -2.9281930e-02  -3.1189237e-01  -1.0014480e-01   8.7198488e-02  -2.0081040e-01  -2.3133406e-01  -1.5807468e-01   4.7156462e-02   7.0529164e-02   3.4275059e-01  -7.3778641e-02  -1.7874369e-02   2.3521651e-02  -1.4872501e-01   2.2985132e-02  -9.7415058e-02  -7.6136298e-02  -6.7255826e-02   9.7596756e-03
  -1.4385894e-01   7.5512853e-02  -1.8813057e-01   4.4539922e-02  -8.5061870e-02   4.1904042e-01  -1.0705622e-01   6.8167863e-02   1.0966903e-01   6.3194451e-02   1.1937277e-02   1.6340771e-01   8.5122254e-02  -8.1509399e-02   1.6206848e-01   9.2331444e-02  -1.1247240e-01   4.7056095e-02  -1.9654016e-01   9.2497782e-02   9.7215833e-02   8.4095187e-02   1.1488202e-01   1.6276422e-01   7.2349056e-02  -1.0082849e-02  -1.2975286e-01   5.9673182e-02   2.2715108e-01   2.7676013e-01   2.0547141e-01   1.3448374e-01  -3.1793684e-01   9.6526684e-02   9.5016241e-02  -2.0943972e-03  -1.2687805e-02  -1.2590629e-01  -1.1100382e-01  -2.2748774e-01   1.8153531e-02  -1.2898027e-01   1.0462449e-01  -3.6825085e-03  -1.2433170e-02   1.9474079e-01  -1.1956945e-01   1.2089156e-01  -1.3716324e-01
  -1.3700923e-01  -8.2940935e-02   2.1746361e-01   8.2893155e-02   2.3251584e-02   1.2274104e-01  -1.6964959e-01   1.2911113e-01   3.0648239e-01   1.1232685e-01   9.6180835e-02  -1.5481029e-01  -5.1058684e-02   1.1092928e-01  -1.8988621e-02  -2.9948159e-01   9.6972891e-02  -1.9459510e-01   9.8478692e-03   1.8048941e-01  -3.4510019e-02  -1.1154397e-01  -2.2582869e-01  -2.4048071e-01   1.0425097e-01  -8.0340594e-02  -2.5728251e-03   8.5835791e-02  -2.1625290e-02   1.8481808e-03   3.9285633e-02  -6.4282997e-02   1.4169059e-01   1.5591142e-01  -1.9824655e-01  -6.6644023e-02  -2.3921262e-02   1.5512472e-01  -1.6600167e-01  -2.8114554e-01  -5.4429736e-03   1.2438162e-01  -5.9914458e-03  -1.3759798e-01  -1.9235587e-01   1.0736648e-01   1.0389524e-03   2.7756928e-01   4.1778648e-02
  -1.4841252e-01  -6.8561920e-02  -1.2069041e-01   2.3090930e-02  -2.2306228e-01   1.0432989e-01   1.9767230e-01  -1.8194815e-01  -8.2805735e-02  -6.4865042e-02  -3.0426739e-02  -2.1626852e-02  -1.7359842e-01   2.3523653e-01  -3.2721560e-02   9.5848531e-02   1.7165553e-01  -1.4335930e-01   4.8879575e-01  -3.2191050e-02  -2.1480365e-02   3.8853352e-02  -6.1571902e-02   1.1704925e-01  -1.1417336e-01   1.0479528e-01   3.9299391e-02  -5.5976096e-02   8.8286094e-02   3.1079686e-02   1.3535581e-01   7.5609120e-02   3.4264831e-02  -7.3000368e-02  -6.3390009e-02  -9.3625762e-02  -1.3107843e-01   1.5204075e-02  -1.0014457e-01  -2.6497711e-01   1.9180554e-01  -2.4286134e-01   8.0548761e-02   1.7445694e-01  -2.4630460e-02   1.2484796e-02   1.0194525e-01   8.8340878e-03   2.9217079e-01
  -1.2717397e-01  -6.6395280e-02  -5.8208777e-02  -5.0294453e-03  -1.4548906e-01  -2.4731839e-01  -6.3636908e-02   1.4101196e-01   2.4453147e-01   7.8919850e-02   2.4526356e-01   1.0706311e-01  -6.1599681e-02  -1.5156392e-01   6.7500542e-02  -1.0519724e-01  -1.5094324e-01   1.2802940e-01  -1.4366188e-03  -1.0826979e-01  -1.0689535e-02   1.1639492e-01   3.7987016e-02   7.8478352e-02   5.2749234e-02  -1.0316278e-01   1.4532142e-01  -7.9013885e-02  -3.5590667e-02  -1.3515011e-01   1.5947090e-01   8.3989851e-02   9.4046892e-02  -6.1525157e-03  -1.1950573e-01  -5.9648700e-02   1.6478000e-01   2.0837077e-01   3.2186038e-01  -5.2112658e-03   2.4760593e-01  -9.1152090e-02   1.7118996e-01   7.6159026e-02   3.6022115e-01   2.7041751e-01   2.7303948e-02   8.1820711e-02   9.3685730e-02
  -1.2479034e-01  -2.2486707e-01  -1.5831902e-01   6.7143901e-02   8.8968160e-02  -8.9783615e-02  -7.3871803e-02  -1.6845453e-02  -7.9347954e-02   3.2372501e-01  -1.0128932e-01  -1.3465048e-01  -4.9085275e-02   8.0199970e-02  -1.3939582e-01  -8.8045770e-02   5.6902310e-02  -7.9928237e-02  -2.7878945e-02  -1.3618558e-01  -1.0954572e-02   4.6022518e-02   2.1782446e-01  -4.1701358e-02   3.6425134e-02  -5.2502427e-02  -1.0974166e-01  -1.5010311e-01   2.0141646e-01  -1.0367112e-01  -7.0006608e-02   7.7240963e-02   2.1244241e-01   2.6225989e-02  -1.7606522e-01   1.1576325e-01   3.4350755e-02  -3.6760343e-01   8.9061066e-02   4.6430956e-02  -2.1219687e-01  -2.4349887e-01   1.8139494e-01  -2.2587971e-01  -1.0803178e-01   1.8817484e-01  -2.0080507e-01  -9.8207461e-02   6.2726394e-02
  -1.4567104e-01  -9.5851838e-02  -1.4404909e-01   1.5808424e-01   2.0160460e-01  -2.4014997e-01  -5.5537981e-02  -1.9200575e-01  -7.5094196e-02  -1.7031339e-01  -4.2488156e-02   9.4675764e-02   4.3045022e-02  -1.6642232e-01   1.8991066e-01  -8.8953584e-02   1.9049153e-01   1.3047667e-01  -1.4783108e-02   2.1291583e-01   5.6153388e-02  -1.2078391e-01   8.3146170e-02   7.4596086e-02   2.5098986e-02  -1.1659790e-02   1.0299415e-01   4.0696361e-02   2.6522325e-01   1.3903188e-01   9.9476264e-02   9.8759115e-02   1.6941320e-01  -1.3166969e-01   8.3192036e-02  -9.1211586e-02  -2.9965455e-01   5.9848857e-02  -1.1960626e-01   1.1374541e-01   1.5444891e-01   2.8363443e-01   5.6323112e-02  -2.9350235e-01   4.6059283e-02   3.3546437e-02  -7.1440096e-02   3.6590801e-02   1.7321171e-01
  -1.5096083e-01   7.0005714e-02   6.4188269e-02  -1.0110684e-02  -3.0847376e-02   3.7691569e-02   9.7350012e-02   4.3358147e-02  -2.6355448e-01  -2.0438989e-02  -1.7066131e-01  -5.2311391e-02   2.1419059e-01   2.6564335e-01  -3.0908206e-01   9.0657977e-02   8.7671002e-02   9.5122471e-02  -2.0752585e-01  -4.8014688e-02   5.6136823e-02  -2.2414662e-01  -9.1189726e-02   1.1810584e-01   1.3077743e-01  -6.6385983e-02   1.0121047e-01   3.0002074e-02  -4.3208190e-02   2.2347455e-01   1.7660894e-01   1.3965558e-01   1.1297149e-01   1.2222255e-01  -1.2732013e-01  -1.9749078e-01   1.9883262e-01   6.5775055e-02   1.3032306e-02   1.3198583e-01  -1.5189242e-01   1.6088798e-01  -7.4138286e-02   2.0191929e-01   1.3318629e-01   2.4311207e-01  -8.3432071e-02   6.1124299e-02   1.7993085e-01
  -1.2828900e-01   7.5955731e-02   6.3304467e-02  -2.2445145e-01  -4.0611249e-02  -4.5341123e-02  -6.3550747e-02  -2.4541928e-01  -2.7171369e-01  -4.3166538e-02   2.4256488e-01   1.1166123e-01  -2.3556909e-01  -8.6868677e-02   5.6206201e-02  -1.6071609e-01   2.9618358e-02  -1.3165720e-02  -2.8026251e-01  -1.4000265e-01  -3.1894337e-02   2.5560966e-01  -7.1517335e-02  -2.3882991e-02  -1.8173858e-01  -4.9027725e-02  -3.2368521e-02  -9.5473396e-02   1.6414378e-01   1.2721046e-01  -5.2354482e-02   8.2061795e-02   6.2029894e-02   4.9565876e-02  -3.4292023e-02  -2.0456737e-01   1.8696161e-01  -9.3592202e-02   9.0334095e-02  -1.2708499e-01  -1.5875832e-01   1.4244754e-01   1.2095330e-01   6.2368629e-02  -1.5596134e-01  -2.3712189e-01   1.7978829e-01   2.1347465e-01   8.4494244e-02
  -1.5989902e-01  -2.7455874e-02  -7.9730144e-02  -1.5855407e-01   4.1038039e-02  -2.0291473e-01  -2.9603143e-02   2.2647857e-01  -2.1642163e-01  -1.3027382e-01   9.5744908e-02   1.1416753e-01  -1.5356397e-01   6.0445950e-02   1.1358162e-01  -1.4713673e-02  -2.4830882e-01  -7.3613892e-02   2.7288569e-01  -2.9745860e-02   8.5333062e-02  -3.9446326e-02  -1.7555335e-01  -1.2661237e-01  -9.1545780e-02   2.0098927e-02  -2.5057306e-01   1.9724835e-01   1.4462022e-02   5.1818327e-02   2.4640302e-01  -1.0231740e-01  -1.5624050e-01   8.5617187e-02   1.5527932e-02  -6.4562737e-02   2.3879219e-01   1.0952807e-01  -1.8751693e-01   2.3828530e-01  -1.4181759e-01  -1.1872025e-01  -2.5639764e-02  -2.8136593e-01  -1.8689480e-02   4.3313755e-02  -1.3365131e-01  -5.8512565e-02   5.8871190e-02
  -1.2941727e-01   5.7388824e-02   2.8611501e-01   1.6863205e-01   1.0213365e-01   6.4720181e-02   4.9365593e-02   1.3077998e-02  -1.2988841e-01  -1.1345813e-01   2.5412812e-01  -1.4801757e-01  -1.1483233e-01   5.9855444e-02  -1.2465903e-01   5.3214204e-02  -2.1623179e-01   1.5155520e-01   1.8309549e-01  -1.2126855e-02   1.4766931e-01   1.6509305e-01   1.8806771e-01   9.1338673e-02  -1.4919413e-01   5.3105047e-02   1.3260419e-01  -5.8722979e-02  -3.1397864e-01   1.5668081e-01  -1.9860510e-01   9.2233820e-02   2.5904455e-02   1.0788920e-01   1.3451246e-01   1.3950750e-01  -1.1476844e-01  -4.9448068e-02  -3.3251451e-02  -1.9293321e-01  -1.0664331e-01   1.1851144e-01   8.8121208e-02  -2.0007736e-01   1.7025100e-01   6.9703554e-02  -2.5758791e-01   9.4976608e-02   3.8068300e-02
  -1.6322208e-01   1.2215609e-01   2.9356018e-01   4.7507021e-02  -1.0867850e-01  -2.5405845e-02   6.8547162e-02   8.8988793e-02  -2.2058270e-03  -9.6722489e-02   8.5502483e-02  -1.8804129e-01   2.2365292e-01  -1.6657258e-02   2.5435757e-01   1.2375388e-01  -8.6348784e-02  -6.4836579e-02   6.6846113e-02   1.1703017e-01  -3.6004332e-01  -7.0972224e-02  -1.2076377e-01   2.1993338e-01   2.5688746e-02  -1.0060605e-01   1.8340368e-01   5.3597155e-02   3.7776855e-01  -2.1098388e-01  -9.4044294e-02   1.6740644e-01  -6.0063707e-02   3.1738196e-02   9.3644908e-02   1.1254694e-01   1.2751969e-01  -3.8460573e-02   1.6067418e-01   1.8904866e-03  -1.3770304e-01  -7.9150301e-02  -8.9976539e-02  -6.5957165e-02  -1.0156049e-01  -9.3027716e-02  -1.1995440e-01  -2.8160856e-02   1.4940080e-01
  -1.1833160e-01  -2.7684313e-01   6.2265429e-03   1.2102544e-01  -2.1710956e-01  -4.5780839e-02   2.1632621e-01  -1.6537743e-01   6.6705899e-02  -1.4954008e-01   6.0766540e-03   3.8893080e-02  -5.0639284e-02  -2.4386732e-01  -1.2175696e-01  -3.1916459e-02  -5.8747626e-02  -6.6662143e-02   1.4345979e-01  -5.6358806e-03  -2.5505506e-01  -1.4732944e-02   2.2788507e-01  -1.9596696e-01   1.0319257e-01  -1.9544215e-01  -6.0646715e-02   1.0805915e-01  -1.3583562e-03  -1.6952779e-02   1.3239809e-01   7.3246772e-02  -7.4623193e-02  -1.0751713e-01   2.0353133e-02   1.7920305e-01   2.2775657e-02  -1.8540981e-02  -1.9103083e-01   6.0113367e-02  -3.6678237e-01   2.0933859e-01   4.9905836e-02   2.4164386e-01   8.6720954e-02   7.4223376e-02   7.1855781e-02   1.2819255e-01  -1.7048991e-01
