  -1.2893466e-01  -7.2062713e-02   3.2024083e-01   5.5954471e-02  -1.2000096e-01  -3.6061019e-03   3.9047849e-03  -3.3849650e-01  -1.1311195e-01   2.1013119e-01  -1.1203633e-02   1.9410453e-02   1.6149087e-02   1.0150148e-01   1.3985648e-01   9.3666047e-02   1.4209912e-01  -8.9490416e-02   2.7933479e-01   6.6793983e-02   3.1355932e-02   9.0400688e-02  -2.9367144e-02   3.0205558e-02   4.9244593e-02  -1.1896922e-01   1.5378131e-01   9.9674628e-03  -9.6080386e-02  -1.1744811e-01  -1.5260989e-01   2.8075443e-02  -1.4567644e-01   3.4413830e-02   3.7401222e-02   8.8774385e-02   1.7564200e-01   2.3837837e-01  -2.8590552e-01   1.7503641e-02  -4.3286740e-02  -2.1543759e-03  -8.6093474e-02   4.0695489e-02  -8.2792086e-02  -2.1406695e-01   6.0240416e-02   3.8232604e-01  -1.5249351e-01
  -1.6051737e-01   1.1339810e-01   6.0456345e-02   1.2036487e-01   1.0853397e-01   8.3742543e-02   1.6491989e-01   1.4312532e-01   1.5044939e-01   2.5261920e-02   6.5191441e-02  -1.2168520e-01  -2.6223437e-02  -1.5107919e-01  -1.1920334e-01   2.2697715e-01   5.6186220e-02  -7.7110211e-02  -2.3272654e-01   1.2998275e-01   1.0198588e-01  -2.4524986e-01   4.5011008e-02  -2.6743378e-01  -3.5792541e-02  -1.4207073e-01   1.4243043e-01  -1.4868792e-01   1.1641102e-01  -1.1162271e-01  -7.7324226e-02  -1.8710793e-01   1.6014283e-01   2.7949573e-02  -3.9240441e-02  -1.3945966e-01   1.2533044e-01   6.0920753e-02  -1.6987886e-01   2.1753955e-01  -1.0310717e-02  -1.7490477e-01   1.3871608e-01  -8.6869267e-02  -3.2796600e-01   1.3960555e-01   2.0926723e-01   1.0425579e-01   8.8621610e-02
  -1.5063805e-01  -1.9911184e-01  -5.5028840e-02   2.2659270e-01   9.4226616e-02  -1.6283522e-01  -9.9507992e-02   2.3613348e-01  -1.2394734e-01  -1.0434994e-01   5.0655445e-02   4.6197826e-02  -6.4892376e-02   2.4198743e-02   1.6860182e-01   1.6516072e-02   3.9395902e-01  -6.0581936e-02  -1.0689441e-01   9.1262808e-02  -3.9444189e-01  -9.2649074e-02   3.6429437e-01   1.5932519e-01  -1.5341299e-01   4.6173752e-02   9.7196894e-02   1.3513047e-02   2.9124232e-02  -5.4363386e-02   2.3784867e-02   3.0175719e-03   1.4226578e-01  -2.8578882e-02  -4.2153033e-02   4.9527388e-02  -7.7573382e-02   1.2712750e-01  -1.2281019e-02  -1.0221319e-01  -1.3896884e-01  -1.1120012e-01   2.8936703e-02  -3.9884652e-02  -6.2172972e-02  -1.6308641e-01  -1.8124907e-01  -5.6027086e-02  -1.3637021e-01
  -1.3728349e-01   2.0799106e-01  -1.5101601e-01  -8.8703904e-02   1.3863763e-01  -3.2728099e-01  -4.6980943e-02  -1.1906608e-02   1.3326152e-01   1.0121612e-01  -2.7627866e-01  -5.0271364e-03   4.8420606e-02   8.1384979e-02  -3.4273648e-02  -5.0963714e-02  -9.8445960e-02  -2.6694390e-01   1.1849300e-01   1.1645569e-01   1.0331684e-01   3.8759078e-02  -6.9873196e-02   8.6312831e-02   1.5716736e-02  -1.4193950e-02   5.9839225e-02   1.9213940e-01  -1.5149776e-01   9.5262176e-02  -1.2580281e-01  -1.0686563e-01   1.9893395e-01   2.6371428e-01  -2.9602638e-02   1.8893446e-01  -1.7145854e-01   7.9735634e-02  -6.4279857e-02  -5.7507316e-02  -3.8707431e-02  -1.3261917e-01   1.9471605e-01  -1.1426007e-01  -5.0272297e-02  -2.3610676e-01  -4.5210485e-02  -7.1106392e-02   3.2224100e-01
  -1.4777168e-01   2.3725324e-01   2.1577001e-01  -4.7058360e-04  -7.2252325e-02  -3.4614276e-02  -1.7207679e-01   1.1232480e-01   5.6791629e-02  -7.8557269e-02   3.7022065e-02  -1.1104362e-01   6.1627348e-02  -1.5213824e-01   9.1835380e-02  -1.0694590e-01  -1.3036753e-01   4.3201213e-02   1.7531496e-02  -6.1595165e-02   1.3004972e-01  -2.3966541e-01   5.8318691e-02   2.8529362e-01   2.2502117e-02  -6.0335286e-02   4.3385923e-01  -2.6558993e-02  -3.3917101e-03   1.5521861e-01   8.9455508e-02  -1.4243160e-02  -2.0735729e-01   2.7750868e-01  -1.5359062e-01  -1.0012994e-01  -1.0626436e-01  -7.3672002e-02   2.4008727e-01   1.1459839e-01  -1.2842693e-01   9.9806293e-02  -2.2046865e-01  -7.3304476e-03  -9.9763325e-02  -1.1040891e-02  -6.7452086e-02   3.2921571e-02  -1.3157611e-01
  -1.4055764e-01  -2.3887693e-01   3.0018881e-02   4.1117129e-02   2.4485976e-01   1.4131887e-01  -2.0712095e-02  -1.6461710e-01  -5.3686371e-02  -2.1768015e-01   7.8382642e-04   9.2123075e-02   3.5722001e-01   4.5906465e-03  -2.1357030e-01   5.4939083e-02   1.9570611e-01   2.5318758e-01  -1.2128893e-01   4.9216751e-02   7.8373222e-02   3.8038760e-02  -1.6669976e-01  -2.8725243e-02  -8.9979832e-02  -1.6418691e-02  -6.7493648e-03  -1.7504300e-01  -9.4503610e-02   6.5798935e-02   7.7588126e-02  -1.0548182e-01  -2.2248240e-02   1.6833310e-01  -2.1013336e-01   7.2376709e-03  -2.5198644e-01  -6.1536590e-02   8.7272590e-03  -5.1747570e-02  -2.0181264e-01   1.0040645e-01   1.1848802e-01  -6.5812194e-02   2.2579441e-01  -1.4153714e-01   1.4165487e-01   2.0114973e-01   9.5508654e-02
  -1.3699456e-01  -4.3960338e-02   8.3459278e-02  -1.2737874e-01   1.9207890e-01  -9.4268242e-03   7.8144049e-02   7.3441525e-02   1.8034429e-01   3.0928655e-01   2.5287353e-01   2.4158697e-01  -1.1782352e-01  -5.8932121e-02  -3.8501486e-02  -1.6136740e-01  -7.5314137e-02  -1.0128505e-01   4.5165355e-02   1.1213008e-03  -1.7004284e-01  -3.1391716e-02  -1.2267837e-01   4.9225653e-02  -1.3531241e-01  -3.2281625e-01   7.4309869e-02  -1.2717568e-01  -1.7995059e-01  -4.8367185e-02   1.2059771e-01  -1.5827998e-01   1.6019748e-01  -6.0875234e-02  -1.4785975e-01   5.4525145e-02  -6.2638357e-04   8.6347387e-02  -6.3408800e-02  -1.9439909e-01   2.3203808e-03   3.2249755e-01  -5.0804817e-02   2.7825470e-01   6.2914269e-02   1.4413736e-01   1.2877626e-02  -1.2611874e-01   9.1507598e-03
  -1.4690817e-01   2.2090919e-02  -1.0689223e-02   6.6565909e-02   4.3269217e-03   7.1538800e-02  -2.3372998e-02  -1.1259385e-01   1.1236720e-01  -1.8965538e-01  -1.0552935e-01   1.1145779e-01   2.6026925e-01  -4.8855277e-02  -1.6824540e-01  -5.2809064e-02   4.3604853e-03  -3.0381891e-03   1.9378887e-01   1.9964532e-01   1.3190474e-01  -1.5924234e-01   1.4547638e-01   3.1133313e-01  -6.3495334e-02   3.0399092e-02  -5.5855485e-02  -7.5436524e-02   1.2270822e-01   1.4142983e-01  -4.9686270e-02   6.0602140e-02   1.7964884e-01  -3.0092345e-01  -2.5133207e-02   2.5677471e-01   1.9792148e-01   2.2297957e-01   1.8065786e-02   3.3290990e-01   1.8576999e-01   5.8528971e-02  -2.4368243e-02   9.4566160e-02   1.1269531e-01   5.8581972e-02   5.7715858e-02  -1.7147318e-01  -5.1089471e-02
  -1.3811381e-01   1.8157644e-01   1.7428478e-01   1.4431376e-01   1.1116346e-01  -3.9161571e-02  -6.2113868e-02  -1.8837145e-01   2.2880868e-02  -2.9290215e-01  -2.1074605e-01  -5.7647205e-02  -1.2876963e-01   3.5503672e-02   4.2660016e-02  -2.4101298e-01  -1.4441916e-01  -4.5136912e-02   5.1106531e-02  -9.9559238e-02  -1.3257319e-01  -1.5618379e-01   9.2544957e-02  -2.4584788e-01  -1.5144225e-01  -1.0346792e-01  -1.5278034e-01   6.9122049e-02  -4.1230940e-02   2.0004351e-01   3.2907816e-02  -7.1654815e-02   3.9568356e-02  -9.4720913e-03   1.0153574e-01   8.0247390e-02  -1.0111891e-02  -3.8604427e-02  -1.8001467e-02  -2.5946724e-01  -1.0734505e-01  -2.7084716e-01  -3.4489234e-02   1.4125922e-01   1.4031533e-01   2.1729159e-01   2.3979019e-01   1.1516053e-01  -2.1046674e-01
  -1.3075896e-01  -6.6031681e-03  -1.6593608e-01   2.1821635e-02   5.7882605e-02  -1.1031614e-01  -2.6282046e-01  -1.6247946e-01  -2.6413009e-02  -8.2853480e-02   1.0579061e-01  -2.8922947e-02   9.6458428e-02  -8.8137332e-02   1.9332549e-01   2.5820552e-01  -7.1012772e-02  -2.0082407e-01  -1.1982023e-03  -4.3839417e-02  -1.0001792e-01   1.5520478e-01  -3.3163387e-01   9.6947968e-02   6.5668577e-03  -1.2719036e-01   1.9696806e-02   1.8550496e-01   5.1308449e-02  -1.2611932e-01   9.2085279e-02   2.3059803e-03   1.8780372e-01  -5.2242689e-02  -2.0489951e-02  -2.6273507e-01   7.3028335e-02  -1.1657113e-01   1.4476338e-01   1.4237970e-01   1.2822475e-02  -3.3369425e-02   1.4265668e-01   4.8061803e-02   3.6231041e-02  -1.1276263e-01   2.8952235e-01  -1.4859259e-01  -3.3595162e-01
  -1.5188857e-01   1.3469414e-02  -1.9000886e-01  -3.1101823e-01  -9.7595811e-02   2.4756710e-02  -2.2662635e-02  -1.8087011e-01  -3.7053050e-03  -1.0995732e-01  -2.3128970e-02  -6.4746003e-02   8.0232983e-02  -4.4087440e-02  -1.8582240e-01  -3.2424325e-01   1.3306446e-01  -1.2221941e-01  -1.8881186e-01   1.0956024e-01  -1.3442596e-01  -1.0640970e-01  -2.0816635e-03  -5.0859203e-02   3.8355550e-02   2.0005082e-01   1.0143360e-01   1.6981918e-01  -2.3273809e-01  -1.3013963e-01  -7.9620737e-02   2.6078426e-01   3.8413653e-02  -1.5201151e-01  -6.4565751e-02  -3.3199760e-01  -8.7066746e-02   1.6140348e-01   2.4182211e-02  -5.1097113e-02   8.2840761e-02   4.4178826e-02  -1.5154684e-01   1.2366836e-01  -1.7348240e-01   4.7652820e-02   8.3028491e-02   1.6909388e-01   8.1179213e-02
  -1.5250439e-01  -2.0650232e-01  -4.9164212e-02   4.4692929e-02  -7.9071156e-02  -4.9406737e-02  -8.9332773e-02   9.2195572e-02   3.4956289e-01   1.2816545e-02   6.2080414e-02  -2.0409847e-01  -1.1058559e-01   1.4243705e-01  -1.0353893e-01   2.2178867e-01   7.3214524e-03   1.2481738e-01   1.8929551e-01  -1.6094346e-01   3.5413254e-02  -1.7789225e-01   6.4501810e-03  -1.1275224e-01   1.9437729e-02   1.7742979e-01  -4.4054106e-02   8.4364981e-02   4.9334437e-02  -1.6732103e-01  -4.1219033e-02  -2.9666336e-02  -1.1872844e-02   2.2374008e-01   1.6796517e-01   2.9806849e-02  -1.4551394e-01   4.0227139e-01   2.7957718e-01  -9.6275695e-02   1.5753874e-01   1.5933198e-01   7.1534146e-02   7.6619129e-02   1.2169595e-01   5.8219033e-02   9.3198453e-02   6.3331677e-02  -7.3792704e-02
  -1.4060533e-01   2.3713874e-01   2.1444619e-01   1.3696342e-01   7.5712146e-02  -1.4215706e-01   1.6213236e-01  -3.0492504e-02  -2.5711065e-01  -8.5576457e-02   2.5037878e-01  -1.3762958e-01   4.9421428e-02   1.3426853e-01   8.7283813e-02   7.3955449e-02  -3.1232350e-02  -3.8771755e-02  -4.2724458e-02   2.8546422e-02   5.0473933e-02   1.4646853e-01   4.7778381e-02   8.1575322e-02  -5.2954090e-02   4.5147853e-02  -1.9950796e-01  -3.0250483e-01  -2.5581997e-01  -2.3971744e-01  -2.5398347e-01   8.7747197e-02   7.3170415e-02   9.8840650e-02  -1.1208015e-01  -1.4174977e-02  -8.0707906e-02  -1.6893863e-02   2.6241040e-01  -1.1237756e-02   2.8117416e-01  -1.2396627e-01  -1.2301198e-01   6.8959160e-02   6.2611406e-02   6.0090964e-02   9.4567475e-03  -9.4805560e-02   1.1641133e-01
  -1.6074462e-01  -1.2510054e-03   1.0046363e-01   1.5515960e-01   1.5194349e-01  -4.7636028e-02   3.5311615e-01  -1.4126153e-01  -5.1222624e-02  -6.9405772e-02  -4.2903675e-02   7.1455977e-02  -2.1798115e-01  -1.5525182e-01  -1.4350975e-01   2.1570582e-01   3.5978162e-02  -6.4791247e-02   1.6129198e-01   8.4997204e-02  -1.3166920e-01  -1.2901796e-01  -1.1144680e-01   2.0824977e-01   3.5344680e-01   4.9918541e-02  -2.7856745e-02   2.2957393e-01   8.3569131e-02   4.0590917e-02   2.1053549e-01   5.6069975e-02  -8.5613832e-02  -6.1941303e-02  -1.2616913e-01  -9.0196591e-02  -1.5185440e-01  -1.4073421e-01   1.7138985e-02  -5.1468363e-02   1.7611215e-01  -3.5934678e-02   1.4177709e-01   2.7449922e-02   3.5325658e-02   1.7976434e-01  -2.3776364e-01   1.5917872e-01   4.1679466e-02
  -1.5930506e-01  -1.7833784e-01   1.3048650e-01   6.8419203e-02  -1.1752277e-01  -1.3281104e-01  -1.2261876e-01  -6.3349517e-04  -3.5047902e-01  -6.8626495e-02  -9.3673222e-02   2.1614384e-02  -8.2346166e-02  -2.4583139e-01  -9.8004760e-02  -4.3539788e-03  -1.6867745e-01   8.7474820e-02  -6.1804959e-03  -1.7999394e-02  -3.1402228e-02  -1.5540367e-01  -1.7089986e-01  -1.2521984e-01   7.7471604e-02  -1.8181653e-01   1.7245410e-01  -3.1330469e-02   8.0094764e-02  -7.3578097e-02  -6.8936188e-02   3.2283532e-02   3.8048196e-02  -1.0258415e-01   1.6815424e-01  -9.7703538e-02  -2.4112482e-02   2.0497254e-01  -1.0760644e-01  -1.2969781e-01   7.1737351e-02   2.9218340e-02  -1.8799888e-01  -3.4018921e-01   2.2291914e-01  -3.5526884e-02   1.5711806e-02  -2.8877703e-01   2.3377274e-01
  -1.2240612e-01   2.7353148e-02  -7.5194034e-03  -2.6400766e-02  -1.8959355e-01  -1.9456621e-01   1.7871627e-01   1.3322148e-01   1.7162850e-01  -1.1215857e-01   4.3181015e-02  -6.3272898e-02   3.8409638e-01  -4.4528525e-02   1.0952660e-01   2.9206621e-02   1.0721536e-01   2.7576909e-02   1.5815432e-02   1.4726137e-01  -1.7910274e-01   1.5957058e-01   1.2567539e-01  -5.3499451e-02   2.0823229e-01  -2.5570135e-01   1.9889749e-02  -1.8349750e-02   1.6145761e-01   4.6022877e-02   8.2343184e-02   2.1539941e-01   1.2540699e-02   1.6264089e-01   3.6070699e-01   6.9483029e-02  -4.3846624e-02  -2.3037202e-01  -1.1527963e-01  -1.0426687e-01   7.4308003e-02   1.6039718e-01  -9.3887781e-02   1.2892797e-01   1.2066331e-02   6.1510544e-02   1.7068781e-01   3.0059287e-02   1.3105822e-01
  -1.5253280e-01  -2.2969729e-02  -1.6839396e-01   7.8255386e-02  -1.8577159e-01   3.5268324e-01   3.7535115e-02   1.0469036e-01   1.0350686e-01  -1.3608686e-03   1.5507601e-01   1.5163060e-02   5.1157255e-02  -2.3756562e-01  -6.3039651e-02   5.9532586e-02  -5.1306143e-02  -9.9620703e-02  -5.0133503e-02  -7.0406717e-02  -8.7640935e-02   1.2259770e-01  -1.0232462e-01   1.1579516e-01   4.0336194e-02  -2.3710880e-02  -1.6503685e-01   1.4552644e-01   9.2185773e-02   1.9027006e-01  -4.6027552e-01  -1.9785704e-01  -1.7516321e-02   8.9697047e-02  -1.0548644e-01   6.7255833e-02  -2.0630874e-01   8.3474020e-03  -1.6600988e-01  -1.2664724e-01   6.2900104e-02  -1.6808348e-01  -2.9575538e-01   2.9003612e-02   1.2547014e-02  -6.4136027e-02  -5.9024681e-02  -4.9006214e-03  -1.3204438e-01
  -1.4833353e-01   1.4588696e-01   1.0784823e-02   1.5850297e-01  -2.3442483e-01   1.9165732e-01  -1.7746565e-01  -1.5175362e-01  -3.9888201e-02  -1.1105192e-01   1.4629558e-01   8.7195986e-02  -3.8143244e-02   2.7351261e-01  -7.6787934e-02   2.8229927e-02   1.2698762e-01  -9.5825946e-02  -1.8218850e-01  -1.7000676e-01   1.0107879e-01  -1.5064816e-01  -1.1700678e-01   2.9098446e-02   8.0258480e-02   1.3830876e-01  -9.7389382e-04  -9.9856366e-02  -1.3380187e-01   1.0425827e-01   3.2812606e-01  -1.0482300e-01   1.6046514e-01   1.6838199e-01   2.3856905e-01  -1.7087655e-02   3.7976588e-02  -6.0234823e-02  -2.9408869e-01  -4.5732498e-02   1.8142351e-01   3.6570838e-02   2.1404787e-02   1.2812368e-01  -8.3205471e-02  -1.0783345e-01  -1.9228018e-01  -1.6703128e-01   4.5251824e-02
  -1.5336960e-01   6.9842503e-02  -9.1110130e-03   2.9980377e-01   1.7254173e-01  -4.0003611e-02   1.7769728e-02  -9.0514079e-02   3.7253085e-02   2.5032999e-01  -7.9162114e-02  -1.1517066e-01   1.6979128e-01  -3.2358211e-02  -4.5494581e-03  -6.0839647e-02  -1.3134998e-01  -1.8985147e-01  -8.6741507e-03  -4.3402422e-01  -3.9647004e-02   1.4812244e-01   7.9307153e-02  -1.1667684e-02   3.7204418e-02   1.9556162e-01  -1.1732638e-01  -1.6699055e-01   3.0583902e-01   6.2848943e-02   1.0769938e-01   9.7982409e-02   1.2569142e-01  -1.8946078e-01  -1.7776057e-02  -1.4902429e-01  -6.2554114e-02   9.4614683e-02   1.6012681e-02   1.6437497e-02  -2.0292529e-01   1.7271750e-01  -1.7617297e-01  -5.4312661e-03  -7.5259087e-02  -8.5223343e-02  -3.2247178e-02   1.2917955e-01   1.8049696e-01
  -1.4448774e-01   6.4160963e-02   1.0281251e-01  -3.5069903e-01   8.9439955e-03   6.5268462e-02   7.1874048e-02  -5.5481779e-02   6.4170525e-02  -1.4571104e-01  -2.8212385e-01  -2.0333426e-01  -2.4070775e-02   1.9109262e-02   8.3127330e-02   2.8627490e-01  -1.2469288e-01   7.5255241e-02  -2.6335833e-01  -1.4228218e-01  -2.3439619e-01   1.5286698e-02   1.8652385e-02   1.6265918e-01   1.8392056e-01   6.7056712e-02  -6.2603185e-02  -1.7889265e-01  -8.7787204e-02  -5.0165202e-02   2.1976295e-02  -9.6556649e-02  -1.2820589e-01  -1.6575443e-01  -1.1497658e-01   2.7147500e-01   8.8846790e-02   6.4284552e-02  -5.2397681e-02  -1.9726555e-01  -3.8089556e-02   1.5876499e-01   4.7732291e-02  -8.7034226e-02  -1.9771311e-01  -9.5951112e-02   8.9131017e-02  -1.5109766e-01  -7.4830377e-02
  -1.4829013e-01   5.3684867e-02   3.7334362e-02  -4.5743226e-02  -3.0658157e-02   1.2767759e-02   2.0552230e-02   1.4349520e-01   5.7168338e-03   9.8759054e-02  -1.2046549e-01   3.9314770e-02  -3.1243494e-01   2.2144278e-01  -3.0850601e-01  -1.1144602e-01   3.2456250e-01  -1.2590614e-01   5.0521861e-02   2.4380319e-02   4.9402063e-02   1.4751871e-01   3.0836010e-02   8.1829060e-02   1.5961474e-01   9.0497948e-02   7.7041558e-02  -6.1750072e-02   2.1576236e-01  -8.5400493e-02   3.4919461e-02  -1.0672245e-01  -1.5893058e-01   8.8427161e-03  -9.3039647e-02  -3.6905845e-02   8.3499618e-02  -1.8836020e-01   6.1328517e-02   1.5347793e-02  -5.6210652e-02  -9.8204155e-02  -1.8941195e-01   5.1909662e-02   1.9283417e-01  -1.3641616e-01   4.2543324e-01  -1.7954045e-01   3.4223249e-02
  -1.2665087e-01   1.9159648e-01   8.3180358e-02  -8.0119262e-02   2.0764550e-01   1.1305058e-01  -2.0990884e-01   2.2764031e-01   9.5789534e-02  -8.8585418e-02  -1.1781280e-01   2.6869474e-01   2.2979278e-03  -2.3564067e-02   1.9303957e-02   2.8212621e-02   4.2242030e-02  -3.9752756e-02  -1.5165793e-01  -2.8704074e-01   6.3468671e-02   1.5354421e-01  -3.6610282e-02   7.3591428e-02  -2.6234059e-02   3.8863301e-02   2.1257194e-01   5.3201023e-02   1.4959290e-02  -3.4343879e-01  -1.7403155e-01   2.2452817e-01  -5.7438610e-02  -6.3418568e-02   1.6063009e-01   1.2537693e-01  -7.0131923e-02  -5.1288210e-02  -1.9346917e-01   9.5095693e-02   5.9949875e-02  -3.9603407e-02   1.3585972e-01  -9.3037743e-03   2.4877394e-01   2.2807696e-01  -1.2428319e-01   1.6959580e-01  -2.0227027e-02
  -1.5332210e-01   1.1245363e-01  -1.3377705e-01  -9.6925421e-02  -6.6548599e-02  -5.8350880e-03  -3.7222575e-02  -1.5517342e-01  -3.0133686e-03   2.6060048e-01  -4.9805330e-04  -5.7794321e-02  -3.4405458e-02  -3.9815486e-01   4.6640030e-02  -1.0026812e-01   1.3010811e-01   8.1860988e-02   7.2480938e-02   1.1434086e-01  -1.7765116e-01   9.1832734e-03  -2.4011995e-01  -1.6488165e-01  -1.0899136e-01   2.4181224e-01  -2.1391531e-03  -3.0783102e-01   7.9960057e-02  -9.0760929e-02   2.2523992e-01   1.0773439e-01  -9.6898277e-02   1.2565713e-01   7.3109026e-02   3.2783285e-01  -1.1873859e-01   5.6993878e-03   5.4345331e-02   1.3917214e-01   2.6514542e-03  -2.6326486e-01   5.5263045e-03   3.4154640e-02   2.0088157e-03   2.8683630e-02  -6.8531395e-02  -6.8943632e-02  -8.7483252e-02
  -1.2524610e-01   1.7203012e-01  -2.2668778e-02  -3.0755614e-01   1.0309687e-01   1.7239375e-01   1.0252301e-01  -1.5589825e-01  -1.7095351e-01  -4.3612974e-02   1.6157995e-01   5.2475461e-02   2.7418618e-02   1.1114311e-01   8.3239718e-03   1.4179375e-02   2.8969201e-01  -1.2532488e-01   1.2551035e-01  -9.9716323e-02  -1.0232865e-01   1.1799778e-02  -2.1485828e-02  -6.6929021e-02   1.1002427e-02  -9.2398498e-02  -6.0583172e-03   8.7067955e-02   9.7598581e-02   1.2593070e-01  -1.1092671e-01  -2.1742862e-01   1.0299481e-01   3.8746544e-02   2.9558631e-01   5.3730618e-02   1.0905985e-01   3.4989304e-02   3.4841703e-01   8.1638049e-02  -1.9263586e-01   1.2597161e-01  -4.4681812e-02  -3.2257395e-01  -2.6533120e-02   2.0109704e-01  -1.5468489e-01   1.6781873e-02   3.2331238e-02
  -1.4695747e-01   1.0826119e-01   1.3720464e-01   9.3392436e-02  -2.1038888e-01   9.5431333e-02   1.2611534e-01   3.3058147e-02   1.2382748e-01  -2.3328235e-01  -4.5258822e-02   2.5013079e-01   2.3615668e-02   4.6381493e-02   4.9958415e-03  -2.3315950e-01  -5.3442864e-02   2.9555723e-02   2.8343379e-01   9.3614716e-02   5.7984979e-02   1.6757270e-01  -6.6875951e-02  -1.7002719e-01  -7.2337757e-02   8.4600729e-02  -3.4937623e-02  -7.1448298e-02   1.8974814e-01  -2.3378912e-01  -5.8280914e-02   6.9267907e-02   2.8070985e-02   1.6320876e-02  -1.6320802e-01  -1.2552962e-01  -9.7925718e-02  -1.2055690e-02   2.3739522e-03  -1.8301416e-01  -7.5663920e-02   1.6765021e-01   2.5086512e-01  -2.0143430e-01  -2.9743566e-01  -5.9583765e-02  -9.0326779e-02  -2.0674738e-01  -1.8743509e-01
  -1.4375614e-01   1.6321264e-02  -2.3325090e-05  -9.8349629e-03  -2.1119121e-01   2.4173276e-01  -5.3048427e-02  -1.7531515e-02  -2.2456040e-01   1.9556291e-01  -3.1568221e-02  -2.7958714e-01   1.9472325e-01   1.9877050e-01  -1.3213374e-01   1.8672635e-01  -1.4278883e-01  -3.5917582e-02   1.3969636e-01   6.6086028e-02  -6.7416359e-02   1.6301970e-01   2.3157210e-01  -1.0485539e-01  -2.3780488e-01  -2.8987118e-02   2.8060985e-01   2.0426678e-01  -7.8181946e-03  -5.1233538e-02   1.5330341e-01  -8.4836276e-02  -3.1577497e-02  -1.7749755e-01  -1.2868847e-01   6.1526471e-02  -2.3293549e-01  -9.0634955e-02  -2.8440329e-02  -2.1604617e-02  -9.5161854e-03  -5.9820335e-02   1.3057630e-01   8.8364450e-02   6.1354997e-02   2.2618607e-01  -3.5640330e-02  -1.2479333e-01   7.6050134e-02
  -1.3222195e-01  -1.6345423e-01  -1.1851832e-02  -4.8905503e-02   1.1217670e-01   6.2590232e-02  -1.3013259e-02   3.4513474e-01  -1.7528209e-01  -2.1165381e-01  -6.5058286e-02  -2.2514873e-01   1.5195235e-01  -4.1191895e-02  -4.0107673e-02  -1.3276215e-01  -8.1347141e-02  -1.5186624e-01   1.9790660e-01   2.4568812e-02   8.9328281e-02  -8.2606267e-02  -1.8747623e-01  -1.4211762e-01   1.6555126e-01  -1.9789474e-02  -1.0105242e-01   3.0478030e-04  -5.1840984e-02  -2.5138382e-01   3.6407450e-02  -2.0439932e-01  -6.8954303e-02  -8.4200569e-02   8.4124233e-02   6.9479827e-02   2.0000721e-01  -7.4394611e-02   6.0528972e-02   5.0410447e-02  -1.7602917e-01  -4.9545325e-02  -3.9032070e-02   3.6753476e-01  -3.8820505e-02  -1.6834015e-01  -2.7730619e-01   5.6057879e-02   3.1511857e-02
  -1.3746115e-01   1.6959408e-01  -1.3929584e-02  -1.0543550e-01   2.9453253e-01   9.9154213e-02  -5.2553476e-02   7.0593820e-02   2.6513529e-02   1.1182462e-01   1.0597257e-01  -7.1695461e-03   1.1832522e-01   5.6581004e-02  -1.4765956e-01  -2.0678317e-02  -1.0477788e-02   4.1499169e-01   7.8504432e-02  -5.8708038e-02  -4.5191214e-02   1.6232345e-01   3.0117418e-02   2.2617368e-02   2.9403220e-02  -1.5892417e-01   5.2489771e-02   5.3844309e-02   9.7295774e-02   1.7590994e-01   6.7668963e-02   1.4101547e-01  -1.0318227e-01  -4.8818878e-03   4.9850840e-02  -2.2264294e-01   2.5613079e-01   2.0504661e-01   4.4283960e-02  -2.2457112e-01   1.7617079e-01  -3.5081442e-01   9.6808425e-02   6.8777639e-02  -1.0504000e-01  -2.0682251e-01  -1.1128237e-01  -8.4939547e-02   1.4730207e-03
  -1.2250080e-01   2.4947192e-01  -1.5478550e-01   1.4203196e-01  -7.2350639e-02   1.5987137e-01   1.0748014e-01  -8.6804612e-02  -2.1885466e-02   1.1290322e-01  -7.4742035e-02   1.5914472e-01   8.2878607e-02  -7.2080361e-02   2.4262617e-01   7.0538710e-02  -3.1505322e-02  -9.0435977e-02  -2.3502358e-01   1.9581688e-01   1.7805675e-02  -1.3375671e-01   1.5271836e-01  -1.3546628e-01   5.6717946e-02   2.2692442e-02  -1.1519378e-01   1.2900841e-01   1.5968598e-02  -8.3660015e-02  -1.5484236e-02   1.6480705e-02  -3.0069923e-01   1.5581414e-01  -9.5178027e-02  -1.2433774e-01   2.4398163e-01   1.9688767e-01   7.3080803e-02  -5.6848909e-02  -1.8695215e-01   1.4454762e-01   1.2579659e-01   1.2619179e-01   3.6985466e-01  -5.8159994e-02  -5.3237858e-02  -1.4143811e-01   8.9246914e-02
  -1.4662136e-01  -2.0028134e-01   2.2245703e-01   2.1223482e-01  -3.4663780e-02  -4.2486361e-02  -1.6935602e-01   5.4094117e-02   1.0950300e-01   1.1278751e-01  -1.2553350e-01  -8.0271248e-02   3.3700142e-03   1.8006085e-02  -3.8164579e-02  -1.4897898e-01   7.7228708e-03   5.0940615e-02  -2.1101628e-01   2.3856714e-01  -2.9680568e-02   3.6478330e-01  -1.5496437e-01   1.9809155e-01   9.0778237e-02   7.6011207e-02  -1.4943931e-01   4.9078862e-02  -1.8156121e-01   1.1475793e-01  -2.9279592e-03  -1.2082824e-01  -1.2734513e-01   4.9532983e-02   1.7630135e-01  -1.2078268e-01   8.7914229e-02   1.4458981e-01   4.4486784e-02   1.0872275e-01  -1.7136480e-01  -2.7070315e-02   7.5741752e-02  -4.5783586e-02  -1.3216018e-01   4.0289286e-01  -5.1802690e-02  -9.8872410e-02   2.4250229e-02
  -1.5351862e-01   3.0500998e-02  -3.3488538e-01   1.5466435e-01  -1.0766524e-03   4.9908405e-02   1.4383785e-01   2.8998601e-02   1.0811305e-01  -5.9521186e-02   3.8746402e-02  -2.7602222e-01  -1.5693178e-01  -1.3845439e-01  -1.0397753e-01  -4.2426443e-02  -3.7945999e-02   5.5485152e-02   1.0262249e-01   1.2699315e-02   1.4626885e-01   2.2155941e-01   1.2934045e-01   1.2233651e-02   3.8618258e-02   6.0408020e-03   1.4174266e-01  -6.9591526e-02  -3.5282212e-01  -2.8314769e-02   1.1659509e-01   9.3004553e-02   1.9553800e-01   3.0564966e-02  -3.1222677e-02   3.5601285e-02   3.1218040e-01  -9.9604909e-02  -8.7149345e-02  -1.0651817e-01  -6.5937672e-02   1.0651096e-01  -7.6170793e-02  -3.1692874e-01   2.1086703e-01   1.8023660e-02  -7.4874418e-02   1.1194268e-01  -1.9214824e-01
  -1.4725471e-01  -2.1525597e-02  -7.7087908e-02  -1.9474701e-01  -4.5684878e-02  -1.6585439e-01  -2.8057724e-01  -6.4648725e-02  -4.0707629e-02  -1.2764888e-01   4.8537818e-01  -4.2661281e-02  -1.3168794e-01   5.1691627e-02  -2.6713311e-02  -1.5544272e-01  -2.3889621e-01  -3.7594626e-02   2.8544495e-02   4.6089450e-02  -5.9567999e-02   5.9941086e-02   2.4786512e-01  -3.0644397e-02   3.0082514e-01   1.5645923e-04  -1.2671490e-01  -1.3912303e-01   1.6268492e-01   5.4911498e-02  -1.0157636e-02  -6.9857859e-02  -1.3451896e-01  -1.5087097e-02  -1.4717423e-01   4.0338904e-02  -4.6928483e-02   5.8020217e-02  -2.0322759e-01   1.5445074e-01  -8.2946950e-02  -2.2458723e-02   2.6318769e-01  -7.8571973e-02   1.0643430e-01   4.1269755e-02   8.8812495e-03   1.3173089e-01   6.5529514e-02
  -1.4011724e-01   6.7882370e-02  -2.2429854e-01   1.7853191e-01  -1.6687586e-01  -3.3146677e-02   4.6113609e-03  -4.3533164e-02   1.4069347e-01   9.3313175e-02  -1.3852227e-01   4.2963407e-02  -1.2627881e-01   3.1583882e-01   4.5282584e-02  -1.1227472e-02  -5.6251921e-02   2.0822906e-01  -5.2990548e-02   7.5929261e-02  -1.6874750e-01  -1.0994093e-01  -1.7287766e-01  -7.8308485e-02   1.3327558e-01  -2.1311539e-01   1.6563119e-01  -2.8012319e-01  -8.2178291e-02   1.1592639e-01  -2.8341277e-01  -2.3225471e-03  -1.3548001e-02  -3.2468999e-01   8.5624321e-02  -6.2271211e-02  -1.4058353e-01  -1.5592816e-01   1.8956963e-01   1.4982716e-01  -6.2746181e-02  -1.0484242e-02   9.0930162e-02   7.1674463e-02   6.6297671e-02  -1.1663455e-01  -1.6081185e-01   1.1440266e-01  -1.8414214e-02
  -1.2701841e-01   8.3957396e-02  -1.4050621e-01   1.0136271e-01   1.8486989e-01   1.3615612e-01  -2.1150666e-01   2.1632400e-01  -2.4002954e-01   7.4618716e-02  -2.1237020e-01   1.7660402e-01  -2.8720630e-02   3.8574732e-02   1.1806568e-01  -4.9980647e-02  -6.3766395e-02   6.5810949e-02   5.1660197e-02   1.2360312e-01  -1.0483125e-01   8.5165648e-02   9.2821351e-02  -2.3386007e-01   1.2715531e-01  -2.5832258e-02  -1.2996640e-01   6.0955747e-02  -9.7122622e-02   7.4245693e-02   1.4385520e-01  -1.2840577e-01  -5.8148161e-02   7.7914907e-02  -7.0993725e-02   6.9490479e-02  -8.2785427e-02   2.1256763e-02   4.2569140e-02   1.7911985e-01   4.2824209e-01   2.6898686e-01  -1.4799580e-01  -1.3427603e-01  -1.7465894e-01  -2.8278300e-02   1.4368761e-01   1.8032711e-01  -7.8734276e-02
  -1.5122774e-01  -7.4421817e-02   2.7567715e-02  -3.1568037e-02   1.0211735e-02   6.7484057e-02  -1.9792297e-01   1.8197871e-01  -1.2901667e-01   3.3566003e-01   6.8181879e-02   1.1445814e-01   1.7166882e-01   9.6607718e-02  -6.1654648e-02   1.0985922e-01  -9.4494986e-02  -5.1108430e-02   1.0035909e-01   1.1500037e-01   4.6436986e-02  -3.8600295e-01  -4.1659431e-02   9.0690739e-02   9.2583704e-02   2.0012633e-01  -1.7185579e-01  -5.4977467e-02  -6.9467753e-02   6.7410339e-02  -1.3498131e-01   2.9362636e-01   8.1868798e-02   2.9131798e-03   2.3045821e-02   4.5463362e-02   1.3955585e-01  -2.8639087e-01   2.8322992e-02  -2.9111774e-01  -1.4442584e-01  -3.1591039e-02   7.4933695e-02  -1.5498996e-01  -7.3151742e-02   1.2477466e-01   1.4325956e-01   5.5325463e-02  -8.8644463e-02
  -1.4173120e-01   6.9952596e-02  -2.5043064e-01  -1.2226414e-01   4.8329432e-02  -7.2794067e-02   2.4549057e-02  -5.1950733e-02  -2.3059838e-01  -8.6152889e-03  -1.3844467e-01  -3.2523737e-02  -2.0769026e-01  -8.8990551e-02  -3.8400088e-02   8.2138435e-02  -8.8620775e-02   1.5288402e-01   8.6900452e-02   1.1491436e-01   1.3144126e-01  -1.0258958e-02   9.7300213e-02   3.3560153e-01  -3.7071830e-01   5.7377621e-03  -1.5176748e-01  -1.5408227e-01   1.5352225e-01  -7.4129006e-02  -8.8716026e-02  -1.4571672e-01  -8.8041587e-02   8.4065041e-02   3.1483375e-01  -2.5761924e-01  -8.4144458e-02  -8.0542236e-02  -1.7990452e-01  -6.2092380e-02  -4.2073621e-02   1.9368801e-01   5.2954933e-02   1.6526571e-01  -8.4934042e-02   2.6549811e-02   2.0006156e-02   1.0852452e-01  -1.4322387e-02
  -1.4062512e-01  -1.2227374e-01  -1.2290090e-01   1.8111760e-01  -4.3617941e-02   2.6192304e-02  -5.4636325e-03  -2.0878041e-01  -1.1722679e-01   5.0676053e-02   5.5263195e-02   1.1012071e-01  -1.2426665e-01  -1.7480748e-01  -9.9846361e-02  -9.8897094e-02   4.0386499e-02   2.2130638e-01  -6.5780130e-02  -3.0397638e-01   1.5143521e-01  -1.8818814e-02   2.0729824e-01   2.7274747e-02   1.1140234e-01  -2.4315079e-01  -7.0363464e-02   2.4643300e-01  -1.3659645e-01  -1.6989912e-01  -8.6730686e-02   1.2884720e-01  -3.2349936e-02   4.8924953e-02   2.9459644e-02   2.8453896e-01  -1.1206730e-02  -1.3217206e-01   1.5884420e-01   9.7446784e-02  -1.4327632e-01   1.9834069e-02   1.1004322e-01   1.4896398e-01  -3.1926561e-01  -2.6789664e-02   1.3642815e-01  -1.5107506e-01   1.1754982e-01
  -1.4006204e-01  -1.0402053e-01  -1.4927340e-02  -1.4261222e-01   1.6302762e-02   2.3795361e-01  -1.4015676e-01  -5.9354742e-02   1.7783588e-01  -4.9877274e-03  -5.8317311e-02  -4.9255724e-02  -1.3164853e-01   1.9098295e-02   5.4274286e-01   1.5761799e-03   1.4696370e-01   1.3449078e-01   1.0005121e-01   1.1692783e-01   3.3076368e-01  -1.4916386e-02   4.7655261e-02   7.4400276e-02   1.2392265e-01  -1.0485490e-01  -1.1226020e-01  -1.5425230e-02   6.6811103e-02  -1.0166211e-01   1.5699351e-01  -8.3917802e-04   2.0614919e-01  -1.4867161e-01  -1.0284284e-01  -8.3619234e-02  -1.5553191e-01  -1.2729603e-02   3.9741799e-03  -1.1535989e-01  -3.6284724e-02  -1.8178169e-01  -1.7695903e-01  -2.8413918e-02   1.4763642e-02   9.4363368e-02  -6.5854250e-03   8.4763968e-03   2.5336623e-01
  -1.2470870e-01  -2.5733981e-01   1.2310289e-01  -1.3274246e-01   1.9144431e-01   1.3215967e-01   1.9628578e-01  -1.5147934e-01   1.4565749e-01   1.4080533e-01  -2.7299438e-02   4.3576439e-03   2.3018217e-02   1.7817870e-01  -7.7717141e-02  -1.2881370e-01  -3.0014536e-01  -1.2373789e-01  -2.1821002e-01   1.2628102e-01   2.2427365e-02  -7.9061482e-02   1.9934281e-01   1.1074970e-02  -2.5743186e-02  -1.1531853e-01  -1.0104822e-01   4.5089108e-02   4.7911842e-02  -1.9399398e-01   1.0489456e-01   8.0281429e-02  -1.1160488e-02   1.2569086e-01   2.2343844e-01  -4.1587945e-02  -1.6753964e-01  -1.1373242e-01   1.9418359e-02   1.9625809e-01   4.7873715e-02  -1.2620831e-01  -1.3885583e-01  -1.8744223e-01   7.1788421e-02  -2.1747515e-01  -1.3959353e-01  -9.8452741e-02  -2.6878243e-01
  -1.2922699e-01   1.9561383e-01   4.2063477e-02  -1.0273340e-01  -2.5065298e-01  -1.8410466e-01   1.1139428e-01   2.2400702e-01   3.1034344e-02  -5.7389777e-02   8.6657041e-02   3.0574476e-01  -1.1925571e-02   5.9041694e-02  -1.2129371e-01   2.6374777e-01  -1.2278172e-01   1.8464728e-01   3.4193216e-02  -2.0407267e-02  -2.5973185e-02   3.2869129e-02  -3.7532152e-02  -1.4135203e-02  -1.2638152e-01   1.0784242e-02  -2.4839815e-01   1.6241523e-01  -1.9839172e-01  -4.0834418e-02   2.7141797e-01   2.7892283e-02   4.7985099e-02  -1.2762592e-01  -4.9531258e-03  -1.9587029e-02  -6.7826413e-02   1.3972185e-01  -2.0280907e-02   2.0318477e-01  -3.1736979e-01  -1.5006088e-01  -2.6805490e-01  -5.5338052e-02   1.5511391e-03  -7.4244035e-02   3.3057426e-02   1.2777049e-01   2.4204524e-02
  -1.4730330e-01  -6.1337764e-02   1.9352896e-01  -2.4585872e-01  -1.8133860e-01  -3.9838317e-02   1.5950531e-01   1.5667477e-01  -2.3447113e-01   1.4836684e-01  -2.0623699e-01  -1.0776513e-01  -7.9000946e-02  -4.9098951e-02   5.4529982e-02  -7.9261632e-02   1.0865888e-01   1.3466160e-01  -1.0068229e-01  -1.6213278e-01   9.2565025e-02   3.9104590e-02   2.0087915e-02  -9.3141997e-02   9.2994129e-02  -2.5728766e-02  -9.9714189e-02   2.0529947e-02   5.9543583e-02   2.4660054e-01  -8.7285037e-02   1.3531387e-01   4.0201949e-01   1.8257044e-01  -1.6482948e-01  -1.0683453e-01  -2.2143712e-02   5.5662784e-02  -5.9616182e-02   2.0239989e-01  -1.3189018e-03   7.3476961e-02   2.1469875e-01   1.7822903e-01   1.7310563e-01  -4.6858104e-03  -7.2705240e-02  -4.2124649e-03  -2.1780501e-01
  -1.3419216e-01  -5.6464498e-02   1.1609892e-01  -5.2724983e-02  -2.1733674e-01  -1.1004932e-01  -1.9074848e-02   6.8019164e-02  -1.2467235e-03   5.3038299e-02   5.3533833e-02   1.2313887e-01  -1.2097491e-02  -2.3330511e-01  -4.4437710e-02   2.7861228e-03   3.3197235e-02  -2.3238605e-01  -2.5948160e-01   4.2852299e-02   3.3775313e-01   1.3997470e-01   9.4579744e-02  -3.7606007e-02  -1.1382692e-01  -3.4768346e-02   8.2673314e-03  -2.9309758e-02   2.5800036e-02   1.4725861e-01   1.1582356e-01  -1.2714444e-01  -6.5865842e-02  -2.9542553e-01   1.3144515e-01   9.1377787e-02  -1.1972126e-02  -1.5984917e-02   3.3408910e-01  -2.6531274e-01   2.0810031e-01  -2.9127472e-02   1.8903951e-01  -2.6179269e-02   1.4993599e-02  -1.9068971e-01  -2.3867892e-02   2.5537819e-01  -5.3671628e-02
  -1.4571727e-01   8.6009132e-02   2.5239567e-01   6.6096141e-02   8.7870369e-02   1.0474224e-01   6.4792437e-02   6.4085744e-02   7.5541226e-02  -6.7012316e-03   2.4364111e-01  -2.3203196e-01  -1.6854058e-01  -1.5017668e-02   1.6461574e-01  -1.4894957e-01  -4.1970108e-02   2.0627560e-01  -7.0151448e-02   1.2752518e-01  -1.2030076e-01  -3.9435727e-02  -1.7678714e-01   7.9065903e-03  -2.4304747e-01   2.5628612e-01   5.4570821e-03   3.5035034e-01   4.9567707e-02   7.0536930e-02  -7.9181916e-02   3.6218759e-02   4.2640285e-02  -1.4779883e-01   9.5880268e-02   1.2642668e-01   7.1368266e-02  -1.8558374e-01  -5.5928586e-02   1.1143579e-01   3.5663877e-02   2.1374952e-01   8.2899771e-02  -4.5889720e-02   6.7648395e-02  -2.8012204e-01   1.1622653e-01   4.0999128e-02   2.1437514e-01
  -1.5798476e-01  -2.9801811e-02  -9.7034848e-02  -7.6147259e-03  -4.7409838e-02  -1.6708762e-01   1.3508391e-01   1.1093363e-01   6.6473965e-02   8.2259717e-02   7.5924397e-03  -1.7567586e-01   1.7906193e-01   6.7766329e-02   1.2326240e-01  -1.7149927e-01   2.7109437e-01  -7.5892808e-02   8.9123560e-02  -3.0529256e-01   8.0776659e-02  -2.1155525e-01  -1.0741605e-01   5.0327130e-02  -1.8378172e-01  -1.8410695e-01  -2.3359417e-01   3.9404209e-02  -1.4147634e-01   4.2430498e-02   5.1255218e-02  -2.9180420e-02  -4.0762411e-01  -1.4481692e-01  -9.7797522e-02  -9.6262704e-02  -4.3090106e-02  -3.1910638e-02  -1.9396563e-01   1.0970992e-01   1.6963097e-01  -2.3652682e-02   1.1802150e-01  -2.5247578e-01   3.5763732e-02   6.5347381e-02   2.0497680e-02  -1.0823563e-01  -5.0720290e-02
  -1.4115318e-01  -6.6426171e-02   7.9311944e-02  -9.2330388e-02   2.3744545e-01  -2.4153788e-01  -6.4494008e-02  -1.1962831e-01   1.2715853e-01  -9.3835285e-04   4.5939183e-02   1.0549936e-01   8.2333753e-03  -1.2039410e-01   3.6122103e-02   2.4337613e-01   1.0759432e-01   4.7180691e-02   1.0421586e-01   2.2654726e-02   1.8931332e-01   6.0937902e-02   1.9095230e-01  -3.6162307e-01   4.9507464e-02   2.7699903e-01   9.0217689e-02   2.4912443e-02  -1.7792930e-01   2.0973528e-01  -1.8637749e-01  -6.6477943e-02  -1.2190492e-01  -1.4670560e-01   5.8369872e-02  -1.2091072e-01  -6.9978883e-02  -1.8796639e-01  -1.2853139e-01   4.9380930e-02  -3.2128342e-02   9.7200717e-02  -1.6050923e-01   1.3140279e-01  -2.7050596e-02   3.8719940e-04  -1.2562865e-01  -3.0166759e-01  -1.1753830e-01
  -1.4025166e-01  -2.1074512e-01   8.3630724e-02  -9.2358046e-02  -2.0610554e-01  -6.1717580e-02  -1.3546540e-01  -1.3031549e-01   1.9094539e-01  -5.1970407e-03  -1.6254648e-01   1.5592996e-01   4.1305933e-02  -7.9116017e-02  -1.2134805e-02   3.5323685e-02  -6.8205754e-02   4.9567932e-02   8.0491174e-02  -1.6134579e-01  -2.7557154e-01  -6.8948635e-04   1.3770338e-01  -1.7378999e-02  -2.0284889e-01   5.0433047e-02  -5.0961136e-02  -2.9126434e-02   8.3019921e-03  -9.1724685e-02  -5.2998652e-02  -1.8161891e-01   5.2176289e-02   1.8492066e-01  -1.7920811e-01  -1.4567068e-01   3.8357508e-01  -3.1236198e-01   1.0006812e-01   7.7954702e-02   2.0042630e-01  -9.0847023e-02  -2.9974559e-02  -3.8625173e-02   4.7697424e-02   1.3876171e-02  -1.5050349e-01   1.2320446e-01   2.7164833e-01
  -1.5734511e-01  -1.8324127e-01  -7.9191002e-02  -3.5263705e-02   5.4122953e-02   4.9143509e-02  -6.1460112e-02   2.7757027e-02  -5.4550857e-04  -2.0128699e-01  -8.4262281e-03  -4.0638971e-02  -2.5946943e-01   1.5631164e-01  -2.8291492e-02   1.9694903e-01  -2.5020666e-02  -2.5925192e-01  -5.4234947e-02   6.6246846e-02   6.4225672e-02   1.0053981e-01  -1.6197930e-01  -1.3226539e-01  -2.8603096e-01  -1.8762462e-01  -2.9251074e-02  -5.9427556e-02   1.2600172e-01   2.6222399e-01   1.1347312e-02   4.8868925e-01  -1.7482097e-01   1.2665528e-01  -1.5788234e-01   1.2090858e-01   1.0484192e-01   3.6468460e-02   3.5914761e-02   4.8562450e-02  -2.7134285e-02   7.3956016e-02  -1.0680929e-01   5.7362089e-02  -1.2678939e-01   4.6239104e-02  -1.1870889e-01  -1.1792625e-02   1.3070344e-01
  -1.3768336e-01  -2.8918633e-01  -1.5650556e-01  -2.8496072e-02   1.1746875e-02   8.9727507e-02   3.8610113e-01   1.0274295e-01  -1.2126615e-01  -9.4226903e-02   5.8445953e-02   2.5275078e-01   1.9088600e-02   8.1460524e-02   3.0328682e-01  -7.5217450e-02  -2.3766504e-01  -5.8314820e-02   7.4932888e-02  -1.6609302e-01  -3.5903622e-03   4.8473779e-02  -2.0552004e-02   6.8147018e-02   3.0941439e-03   2.8098183e-01   3.1805341e-01  -9.7518769e-02  -1.0789083e-01   1.8066274e-01   2.8260602e-02  -4.4196771e-02  -6.4936720e-02   5.4355437e-02   1.2101429e-01  -1.8232698e-02   4.4558339e-02   1.0294175e-01   2.0150818e-02   5.9834732e-02   1.7940773e-02  -1.9156035e-01   1.0132453e-01   4.7515841e-02  -4.0801900e-02   5.8878323e-02   2.6396938e-01  -2.1399266e-02   8.9788175e-02
  -1.3708498e-01  -3.4361640e-02  -1.8275742e-01   1.9918167e-02   1.7052500e-02  -3.5573838e-01   9.8930068e-02  -9.7619984e-02  -9.6277321e-02   4.2888144e-02   5.1986932e-02   3.5910286e-02   1.1855281e-01   2.6390075e-01   5.6239844e-02  -8.6752222e-02  -4.3756525e-02   2.2051714e-01  -2.7398552e-01   4.0689940e-02   1.8488404e-01  -1.7817021e-02  -1.8065204e-01  -3.6948128e-02  -2.2205416e-02   9.6102052e-02   1.2231274e-01   1.8811568e-01   3.3641329e-01  -1.2082835e-01  -9.5621245e-03  -1.6130963e-01   4.3160089e-02   1.6336829e-02  -1.9541830e-01   2.1950827e-01   1.5806383e-01  -1.9418564e-02  -5.1520993e-02  -1.3571786e-01   6.4619049e-02   8.7542338e-04  -2.2477374e-01   1.0414763e-02  -5.1751641e-02   2.1384492e-01  -1.1658736e-01   6.8981760e-02  -1.5605189e-01
