  -1.4128507e-01   1.2469482e-01  -2.6147283e-01  -3.5387314e-01   4.8724346e-02  -5.6277141e-02   9.0490954e-02   1.1374597e-01  -2.3706587e-01  -1.2721700e-01   4.3560285e-02   3.0165025e-02  -3.5807866e-02  -2.3453407e-02   4.6408910e-02   3.3364709e-02  -1.4914019e-02   1.8195791e-02   7.2849087e-02   1.1891346e-01  -1.8793724e-01   1.9368292e-01  -1.1547931e-01  -3.5923819e-02  -9.2292478e-02  -1.3481376e-01  -1.1150465e-01   1.8974981e-01   2.2576616e-01   8.6071623e-02  -1.7321817e-01   1.4940560e-01   2.0754626e-01  -4.8461998e-02   3.8454810e-02  -6.5929755e-03   2.8015859e-03  -6.8808019e-02   1.6859313e-01   1.1378687e-01   1.1079742e-01  -2.7726707e-02   3.1476326e-01  -1.8519260e-01   1.8675089e-01  -2.1745223e-02   9.4376437e-02  -2.3195446e-01   1.8194666e-01
  -1.4642282e-01  -2.3895058e-01  -1.4275396e-01   1.0206939e-01  -1.3902051e-01  -2.0973710e-02  -3.1456706e-02  -3.6472355e-02  -1.8093448e-01  -1.7244592e-01  -1.5785716e-01   1.6571013e-01   7.9965413e-02  -1.5005165e-02   2.1157838e-01  -1.8021715e-02  -9.0330528e-02   1.9714066e-01   1.0776927e-01   1.4894327e-02  -6.0535644e-02   1.1033143e-01   1.4974408e-01   2.8537980e-02   9.6765134e-03  -1.6210663e-01   5.0703458e-02  -9.2976204e-02  -5.9017419e-02   7.5651092e-02  -9.9188189e-02  -1.1728637e-01  -1.7323223e-01   2.9374656e-01   1.4304530e-01  -5.9522338e-02   3.8495226e-02   8.3377085e-02  -1.3084566e-01   7.8519198e-02   7.7835638e-02  -2.6682279e-01   2.2203176e-01  -1.0229169e-02  -1.7953584e-01   3.7589132e-01  -2.5049704e-03   2.4604562e-01   3.0730495e-02
  -1.4163735e-01  -7.3299458e-02  -1.2420873e-01   7.9535975e-02  -2.2741951e-02  -7.2621313e-02  -1.6954227e-01   3.2331648e-01  -2.7093988e-01   2.7642582e-02   6.4046704e-02   1.3041681e-01   1.7908086e-01   2.5296759e-01  -5.8701776e-02  -8.3094101e-02   1.0197182e-01  -1.2564723e-01   2.0779718e-01  -4.2757173e-02  -6.8362707e-02  -7.7142593e-02  -2.7063732e-01   1.4790048e-01   5.7609000e-02   2.3301787e-02   6.3197183e-02   3.7878888e-02  -1.7438192e-02  -2.4926252e-02   1.1747219e-01   1.8513456e-01  -3.0346671e-01   2.0517783e-02  -5.4240183e-02   1.9710234e-01   1.1781812e-01  -9.0581633e-03   9.7372215e-02   4.2228306e-02   1.5260499e-01   1.9260027e-01  -2.3447283e-01   8.9821644e-02   2.0570597e-01   1.9447684e-01  -2.1761048e-02  -2.7841011e-03  -1.1507181e-01
  -1.5638787e-01   1.8892164e-02  -8.8938924e-02   1.2894663e-01   6.1727014e-02  -1.2363190e-01   1.3368334e-01   9.5268747e-02  -1.0031741e-01   3.1949498e-01  -5.8679765e-02   1.3664733e-01   2.6448805e-02   3.1895782e-02  -9.0856938e-02  -3.4811176e-02   1.8555178e-02   1.3104909e-01  -6.6233973e-02   1.5754557e-01  -2.3351168e-02  -3.5207831e-01   1.4243986e-01  -7.1609148e-02  -7.3246340e-02  -2.3813317e-01  -5.4850658e-02  -1.3223929e-01   4.5414866e-02   1.9565067e-01   1.6024425e-02  -1.2374772e-01   2.9854715e-02  -2.6025805e-01   1.3382464e-02   3.5769937e-01   3.7040969e-02   3.0450281e-01   5.6706382e-02  -1.8883374e-01  -5.4335072e-02  -2.2391023e-01  -4.0989673e-02  -1.1254794e-01  -6.7871279e-02  -4.6788593e-02   1.7905514e-02  -1.2223052e-01   6.9465902e-02
  -1.5471106e-01  -8.4277586e-02   1.1436369e-01   1.5072622e-01   2.1832259e-01  -6.4362147e-02  -2.4989161e-01  -8.6679560e-02  -9.3079275e-02   1.2919170e-02   1.3634285e-01   8.9526075e-02   1.1041374e-01   7.5141770e-02   1.3622173e-01  -6.5945968e-02   1.9345804e-01  -8.0688499e-02  -3.7762106e-02   1.0671374e-02   2.1453571e-01   1.5922523e-01   6.9215161e-02   1.9283831e-01  -9.0296234e-02  -2.3907963e-01   8.5539078e-02  -1.0604961e-01   2.5327796e-01  -9.2798470e-02  -1.5814066e-01  -2.7466204e-02  -2.5253480e-02  -3.5559078e-01   5.8931846e-02  -2.4732362e-01   2.5124338e-02   1.0404423e-02  -1.2648219e-01   2.6772334e-03   1.8922045e-01   6.5631725e-02   1.3217851e-01  -4.8691574e-03  -7.1353606e-02  -2.0986105e-01  -2.6940341e-01  -8.7752242e-03  -7.8257628e-02
  -1.6098789e-01  -1.7828016e-01   3.3156200e-01   1.0020077e-01  -1.3463791e-01  -1.4277165e-01  -3.2937146e-03  -6.9232438e-02   2.3556581e-02   7.5728608e-02   2.7268541e-02  -3.3051483e-02  -1.3122640e-01   1.0115039e-01  -4.0287437e-03  -5.8474627e-02  -6.6572988e-02  -2.4022572e-01   6.2756270e-02  -6.4273241e-03  -2.9732859e-01  -1.0428788e-01  -9.1512377e-02   1.2098461e-01  -2.3341031e-01   1.6320258e-01   3.8213204e-03   9.4243397e-02   2.7200577e-01  -4.0625675e-02   8.0706346e-02  -8.3459116e-02  -3.2563258e-02   1.8769875e-01  -1.2661351e-01   2.8018582e-02   1.8786766e-02   1.6995424e-01   3.2735803e-02   1.6865600e-01   1.3174712e-01  -1.7239566e-01   1.5712309e-01   1.8786553e-01  -6.4379711e-02  -2.8484856e-01   2.0158866e-01   6.4238712e-02   1.5326178e-01
  -1.3543804e-01   9.0195512e-02   6.3418850e-02  -4.3039135e-02  -2.4627594e-01   1.1899736e-01  -3.6480610e-02   3.1970872e-01   1.3311291e-01  -7.1686770e-02   6.0795639e-02  -6.3191628e-02   6.2644292e-02  -2.3567360e-01   1.1315904e-01   1.3517103e-02  -1.1875353e-01   2.2046980e-01   1.4972902e-01  -1.5655420e-01  -1.9930515e-01  -7.7971420e-02   2.0593535e-01  -3.8950664e-02   1.2960769e-01  -6.9376421e-02   2.1808007e-01   3.0595155e-02   4.6084585e-02   4.2489899e-02  -1.0525202e-01  -4.5078407e-02  -1.2966678e-01  -3.6296220e-01   1.6341698e-01  -1.6401381e-01   4.0891898e-02   3.2651306e-03   8.6275184e-02   7.9171171e-02   5.1988064e-02   1.2966055e-01  -1.6199496e-01   1.7386307e-01  -4.2140318e-02  -1.3826827e-01   2.4433951e-01   7.5551858e-02   1.4118572e-01
  -1.1596575e-01   7.3510222e-02  -6.7305976e-02   2.1005346e-02   8.4080014e-02  -5.9532980e-02   2.9670381e-02  -2.2342717e-01  -3.3180287e-03  -5.5765949e-02  -1.4515193e-02  -1.7561662e-01  -4.9894249e-02  -4.9442919e-02   2.2053441e-01   2.8723094e-01   3.5640476e-02  -4.3586025e-03   1.4239586e-01  -1.8103259e-01  -1.3211896e-02   2.2223460e-01  -2.3984209e-01  -1.8257254e-01  -1.5398851e-01   1.0084132e-01  -9.9817319e-02  -1.0148594e-01  -1.5966723e-01   7.9557407e-02  -9.1061270e-02  -3.0909096e-01  -3.6228844e-01  -1.4967934e-01  -2.5220799e-01   7.2281871e-02  -5.8289829e-03   1.7818429e-01   6.4610961e-02  -9.7108606e-02   1.3570392e-01   1.2202495e-01  -6.8427705e-02  -1.5949349e-01  -8.3304282e-02  -1.7622508e-03   9.4957101e-02  -1.0651731e-01   3.6797304e-02
  -1.6437879e-01  -2.0337278e-01  -1.4606757e-01   1.1720121e-02  -9.0490102e-02   1.5947571e-02   2.3537427e-01  -2.1507879e-02  -3.4094845e-02  -5.1113137e-02  -2.4716631e-01  -9.7506821e-02  -6.9310077e-02   6.9863855e-02   1.7517795e-01  -2.1555635e-01   2.2334164e-02  -4.2437091e-02   1.7950909e-01   4.0661823e-02  -7.8027810e-02  -1.3295606e-01   1.4896995e-01  -2.2688432e-02  -4.4649467e-03   2.4652155e-01  -5.4599734e-02   3.7179880e-02  -1.3104110e-01  -3.3384074e-01  -3.6033303e-02   1.9003638e-01  -5.5767529e-02  -2.3630442e-01  -8.5489770e-02  -3.4395923e-02  -2.4849720e-01   6.4028004e-02  -2.9770292e-01  -1.1190570e-01  -8.7126369e-02   6.4794404e-02   5.9224949e-02  -9.4688823e-02   2.0838321e-01  -7.2364624e-02  -1.8590368e-01   6.1960316e-03   1.6978441e-01
  -1.3676377e-01  -2.4956321e-01  -1.6378756e-01   6.0779047e-02   1.8751909e-01  -5.0543293e-02   9.8962420e-02  -2.3158753e-01   2.1373790e-01  -5.3362874e-02   7.0705438e-02  -7.3124628e-02   2.5890947e-02  -1.0191562e-01  -7.3815353e-02  -2.1725210e-01   5.0031957e-02   7.5537357e-02   1.9456886e-01   2.3655654e-01  -1.4175797e-01   3.4058584e-01   7.6959736e-02  -3.4517882e-02  -1.5987691e-02  -8.2229280e-03   8.6373073e-02  -8.5230233e-02   1.3645028e-01  -2.9836216e-02   7.5554635e-02   1.8094637e-01  -2.4563455e-02   2.1525220e-02   5.0168753e-02  -8.8081252e-02   1.1428173e-01   1.5459955e-01   2.2849773e-01  -8.4461669e-02  -2.2324429e-01  -9.7681604e-02  -2.5564487e-01   7.4748366e-02   6.3332597e-02  -2.1184605e-02   1.7338693e-01  -8.9357623e-02  -2.5700086e-01
  -1.3865489e-01   2.8146094e-02  -2.4704968e-02   2.2023821e-01  -1.8408846e-01   7.4732691e-02   5.1113230e-02   1.2962323e-01   1.2229335e-01  -2.3485436e-02   1.1569052e-01  -3.1136387e-01   1.2895026e-01   1.0472191e-03  -7.3276664e-02  -1.2721213e-01   2.6517813e-01   1.3706362e-01  -1.3192242e-01  -2.9469683e-01  -8.3301188e-02   7.5953784e-02  -6.2651511e-02   1.4481199e-01  -5.1861805e-02  -1.3294579e-01  -1.4226528e-01   3.9089830e-01   1.0998411e-01   6.8038960e-02  -7.9709974e-02  -6.9547974e-02  -3.9163015e-02   3.0999494e-02  -1.9263707e-01  -1.2297408e-02  -2.9351973e-02  -1.5017364e-01  -5.8560474e-02  -2.5148264e-01  -1.5764587e-01  -2.6389956e-01   3.3986290e-02  -1.8362941e-02   1.2241381e-02   1.0611452e-01  -9.3143988e-02  -6.5546369e-02  -7.3934649e-02
  -1.3220488e-01   1.4765026e-01  -6.1513632e-03  -1.0182159e-01   8.8160495e-02   1.1073983e-01  -1.1618202e-01   1.9572005e-01   6.8777820e-02   7.1912282e-02   1.1978032e-02  -4.9656503e-01  -1.9666598e-02   2.3205671e-02   5.3366374e-02   3.3271380e-02  -5.3586782e-02  -2.6512926e-01  -1.1324618e-01   1.3600157e-01   2.9627090e-03  -4.4320001e-02   2.3568055e-01   3.8808986e-02   8.7322611e-02   9.2961688e-02  -7.9937513e-02  -1.0057830e-01   1.1908784e-01   1.8153221e-02   6.3017034e-02  -1.9925573e-02  -1.5900704e-01   2.0265046e-01   2.3956292e-01  -7.7519891e-02   3.1436122e-01   2.6071756e-01  -9.1981248e-02  -1.5215557e-01   3.8054540e-02   9.3213698e-02   1.2567875e-01  -1.4834853e-01   9.4113320e-02   1.1660040e-01  -5.1662288e-02  -2.4261166e-02   1.1234990e-03
  -1.4724175e-01  -1.2975261e-01   8.8622635e-02  -5.7539774e-02  -2.3546533e-01   1.1013690e-01  -2.8780674e-01   3.1154423e-02  -7.8995882e-02  -1.2897591e-01   4.1191392e-02   6.5073296e-02  -7.3096765e-02   1.6671825e-01   2.9350731e-01   6.7503053e-02  -2.4531584e-01   2.2085254e-02  -2.4571550e-01  -5.4309237e-02  -5.9429863e-02   2.4443925e-02   6.2617476e-02  -3.2171229e-02  -3.1618344e-01  -1.2829822e-01  -2.8317984e-01  -1.0852738e-01  -1.5084773e-01   1.0280039e-02   2.5259565e-01   1.6575715e-01   3.8086905e-02  -4.1491103e-02   5.2591257e-02  -5.2804999e-02   3.9208211e-02  -9.3551046e-02   3.1533013e-02   8.4608443e-04  -2.0669665e-01  -6.1616013e-02  -2.1650698e-01  -1.3229384e-01   7.2150931e-03  -1.1098502e-01   6.8326937e-03  -1.9259290e-01  -1.0128015e-01
  -1.6288335e-01  -2.2404310e-03   1.7493028e-01  -1.3569529e-01   2.3216519e-01   1.5006067e-01  -3.7453546e-03  -2.2247905e-02   4.6735761e-02  -8.8937331e-02  -2.6756578e-01  -1.7897496e-03  -1.6617707e-01   7.8524515e-02  -3.1554843e-02   6.3158254e-02   3.3858842e-01  -1.4985762e-02  -1.7975992e-01   1.0565268e-01  -1.6128875e-01  -1.4086566e-01   4.8830129e-02   7.7423688e-02  -1.8222896e-02   2.2573663e-02  -1.5887864e-01   5.2229491e-02  -1.5605090e-01   1.5599894e-01  -6.6299742e-02   1.6750057e-02  -7.1841591e-02  -9.9564586e-02   1.6891963e-01  -1.1609943e-01  -3.2728102e-01   7.7987748e-03   5.8063896e-02   6.2217951e-02   2.0477432e-01  -4.3160361e-02  -2.8418872e-02   2.8443173e-01  -2.2457224e-03   2.2130998e-01   1.4183899e-01  -1.3511359e-01  -2.1897142e-01
  -1.4994753e-01   1.1898612e-01   1.2644215e-02   1.0909783e-01   2.4733464e-01   2.4165421e-01  -2.6317424e-01  -6.6852222e-02  -1.5413130e-01   6.2648498e-02   5.7139838e-02  -2.8251152e-01  -1.1680274e-01   4.4586941e-02   1.1080283e-01  -1.1794459e-01  -1.9373731e-01   2.3286907e-01   1.3557063e-01  -5.3396003e-02  -7.1488438e-02  -1.5137518e-01  -1.9357526e-01  -2.5386100e-01   8.2475440e-02  -7.1708929e-02   2.5415818e-01   1.3727685e-01  -3.0296282e-02  -1.7163065e-01   1.3153943e-01   9.0771919e-02   2.8502021e-01   3.5039341e-02  -8.9986297e-02   4.8398315e-02  -1.2842963e-01   1.3480842e-01  -1.3682761e-02   5.9103594e-02   1.0892470e-01  -5.4368634e-02   5.9693279e-02  -4.3862744e-03  -1.7113206e-01   6.5650412e-02  -3.9275721e-02  -7.6885305e-03  -1.6225388e-01
  -1.4957775e-01   7.6290019e-02   2.4978458e-01   1.4557501e-01   6.1633779e-02  -1.8861271e-01   1.8714863e-01  -1.3184340e-01  -1.6385233e-01   1.1367417e-01  -1.5824110e-01  -6.6691891e-02   2.8258993e-02   2.3448155e-01   1.6165867e-01   1.1317461e-01  -1.2809811e-01   1.0915623e-01  -9.0057654e-02  -9.3768410e-02  -8.8049270e-03  -2.1735200e-02  -1.2436553e-01   9.9446743e-03   1.8624765e-01   2.7183987e-02   2.2136023e-02  -2.0221682e-01   2.4226690e-01  -4.2591148e-02   1.8881298e-02  -1.8414429e-02   1.3235878e-01  -6.9992969e-02   7.1628467e-02  -1.6564711e-01   3.6535424e-03  -2.7135594e-01   1.5439955e-01  -2.6512664e-01  -1.2869692e-01   6.9937600e-02   1.3779899e-02  -3.1454648e-02   2.3739185e-01   2.0182128e-01   2.3811254e-01   1.8134551e-01   3.2201779e-02
  -1.3466615e-01  -3.4914518e-02   1.2154462e-01  -5.1731745e-02  -4.5775400e-02   2.8348724e-02  -2.7618957e-01   1.2675708e-02   2.6065275e-01  -1.6931616e-01  -1.3831652e-01  -1.1231768e-01  -1.6004767e-02   4.6119986e-02  -4.2915471e-02  -1.1804209e-01   8.2534397e-02  -6.9251561e-02   8.0023794e-02   1.6652100e-01   1.1412667e-01   4.3100222e-02  -4.5428990e-02  -1.0984181e-01  -5.5507861e-02  -2.3373410e-01  -2.2078822e-01  -9.4056112e-02   8.5168549e-02   9.3997855e-04  -2.8553177e-01   2.8771803e-02   2.0178863e-01  -3.9554817e-02  -1.8395093e-01   3.5771012e-01   1.5877286e-02  -1.2759309e-02  -6.1592461e-02   6.9175895e-02  -1.2303813e-01   2.3041169e-01  -6.4303817e-02   3.5516384e-02   8.3732873e-03   1.4232699e-01   1.3153774e-01   3.3341888e-01   1.4892900e-01
  -1.3790545e-01   1.6833858e-01   1.6255827e-01  -1.8894297e-01   7.0905081e-02  -2.6634694e-01   8.5609715e-03   4.6207472e-02   1.1967065e-01  -1.5284278e-01   5.1628985e-02   1.3028971e-01   9.9283240e-02  -1.5013358e-01  -4.0159998e-02  -1.2271640e-01  -2.0355699e-02  -2.5942914e-02  -5.8451349e-02   1.0685155e-01   1.5559711e-01  -1.5832007e-01  -5.4946683e-02  -1.2274397e-01   8.3251557e-02  -1.2780181e-02  -1.4131071e-02   2.4649982e-02   4.1945463e-02  -1.8331362e-01   1.2401729e-01   3.0016039e-01  -2.8738281e-01  -2.2587234e-02  -1.9495426e-01  -8.1675867e-02   4.3938218e-02  -1.4319443e-01  -1.8919155e-01  -1.3157401e-01   7.2632513e-02  -1.5049133e-01   7.4402890e-02  -1.7417371e-01  -3.3269661e-01   8.8563692e-02   2.8081084e-01  -9.1102181e-02  -3.3605184e-02
  -1.3328700e-01  -2.2872431e-01  -6.3957080e-02  -9.9171017e-02  -1.4450941e-01   9.5042537e-02  -3.2701862e-02  -1.9639777e-03   1.4528038e-01   2.3839404e-01   1.0540214e-02  -1.5153936e-03   1.4225213e-01  -5.1047136e-02   1.1039500e-01   5.3967857e-02   2.2207026e-01   1.0795039e-01  -2.0523706e-01   2.6173151e-01  -7.0556344e-02   5.5740207e-02  -1.1275166e-01  -1.4939955e-02  -3.4725384e-02   1.4641703e-01   2.6055038e-01   3.4190677e-02  -8.7352790e-02   3.5591117e-01   3.3225881e-01   5.9102218e-02   8.5632464e-02  -9.6795938e-02  -1.9509235e-01  -6.6470385e-02   2.1963857e-02  -8.0114700e-02  -4.2030048e-02  -1.3651265e-02   6.5105343e-02   2.0924316e-01   2.1599473e-01  -1.6050378e-01  -2.1264842e-02   1.4235069e-03   1.6476028e-02   2.1747176e-01   3.7254623e-03
  -1.4394455e-01  -3.5025684e-02   1.5421204e-02   1.4811235e-01   1.6245940e-01   7.1739145e-05  -2.6580302e-01   2.0308530e-01  -6.6464256e-02   4.2543993e-02  -1.1488881e-01   6.3872395e-02  -1.4495978e-01  -3.5537559e-01  -1.0842729e-01   1.4143792e-03   1.7821449e-02   2.1720896e-01   5.7659754e-02  -4.6314156e-02   1.4522174e-01   1.4619337e-01  -1.0832968e-01   3.7058411e-01   8.6040446e-02   1.5286184e-01  -7.8651959e-02  -1.5801305e-01   2.4223862e-02  -5.7931916e-03   1.8071101e-01  -9.0721816e-02   1.7288394e-02   1.1288685e-01   2.0278438e-02   4.9510977e-02  -2.0656575e-01   3.7397425e-02  -1.1893733e-01   1.3439110e-02  -2.4670431e-01   9.8830251e-02   1.1336662e-01  -3.3506498e-02   4.1314157e-02  -3.6633637e-02   1.6706136e-01  -2.3379484e-01   2.0632224e-01
  -1.1895538e-01   2.9198172e-02   2.8237417e-02   1.7125510e-01  -8.1642296e-02   2.7948958e-02   5.8340568e-02  -3.4105451e-02  -1.9204770e-01  -4.2859266e-01  -8.7100673e-02  -1.5355145e-01   2.9232544e-02   1.8283103e-02  -2.7915009e-02  -3.1712414e-03   2.0569026e-01  -1.3723137e-02  -2.7613384e-02   2.9846438e-01   2.0945512e-01  -1.5913339e-01   4.3382298e-02  -9.5520700e-02   3.8130021e-02  -4.1275453e-02   2.0770025e-01  -3.9872014e-02  -1.3483859e-01  -2.8366830e-02   1.4417886e-01  -2.3829773e-01   7.2466112e-02   3.2276643e-02  -1.7854413e-01  -9.1546567e-02   2.6461499e-01  -1.3756772e-01   1.4191152e-01   1.0456637e-01  -4.0753955e-02  -7.0688247e-02  -3.0104300e-02   1.6496124e-01   9.0800413e-02  -6.0018105e-02  -3.3645047e-02  -2.5417326e-01   2.3070271e-01
  -1.5808265e-01  -1.4063463e-01   1.4720175e-01  -6.9595101e-02   1.3126606e-01  -2.8481412e-02   1.8781628e-01   1.6936527e-01  -2.8173518e-02   9.9492414e-02   2.0581116e-02   7.8127879e-02  -8.6276539e-02  -1.2984667e-01   4.0653142e-02   2.3299789e-02  -1.8443014e-01   2.9282658e-01  -3.7636382e-01   6.4510020e-02   1.2461393e-01   3.0801114e-02  -7.1853072e-02  -1.9915215e-01  -1.6457287e-01   6.5628763e-02   5.8276872e-02   1.2991974e-01   7.8911917e-02  -1.2307212e-01  -2.5506077e-01   4.5129845e-02  -2.2080166e-01   1.3205662e-01  -1.1086239e-01   4.7096007e-02   1.2975358e-01   8.6237047e-02   4.9948150e-02   8.3057485e-02  -1.4708449e-01   2.1261925e-01   5.4667380e-02   2.8171350e-01   8.6648973e-02   4.2192846e-02  -2.4219509e-01  -3.8628971e-02  -5.4709404e-02
  -1.2929719e-01   2.8357347e-01  -1.4654688e-02   1.4211645e-02   1.1389895e-01   1.7964236e-01   2.0717291e-01  -6.1202219e-02  -1.0603472e-02  -2.9513855e-02   2.4828481e-01   1.5485776e-01  -1.1620677e-01   2.5158860e-01   1.2073226e-02   1.4957216e-01   8.8088525e-02   8.3001915e-02   1.5884632e-01   5.0399333e-02  -7.4216926e-02   8.7997517e-02   1.2228347e-01   2.7354605e-02  -1.5478059e-01  -1.6301872e-02   2.9912444e-02  -7.3503162e-03   1.6771966e-01   1.7260340e-01   1.3879554e-01   1.4008999e-01   1.2265106e-02   1.5602185e-01  -2.9527376e-02  -4.9678818e-02  -4.2672633e-02   2.9063747e-04  -3.1000160e-01  -1.1194146e-01  -9.2470596e-02   1.6687719e-01  -2.2022931e-01   1.8837959e-01  -2.1285136e-01   9.2827969e-02  -9.6341195e-02  -2.1440149e-03   3.3071730e-01
  -1.4299969e-01   1.9931736e-01  -2.8891029e-02  -1.0584620e-01   1.0279814e-01   1.2956695e-01   8.6248820e-02   1.0142096e-01   2.6043749e-01   1.7298442e-02  -2.4942969e-01   4.5301080e-02   2.1145531e-01   1.0800499e-01   1.0616782e-01  -2.9715211e-01   8.9527107e-02   1.3722441e-01   1.1805889e-01  -1.6859707e-01   1.9392174e-01  -3.7152412e-02  -1.6709726e-01  -1.1658290e-01  -1.6602768e-01   2.1992111e-01  -1.0438391e-01  -1.8155707e-01   1.4767764e-01   7.5782395e-02   1.2952130e-01  -6.1560611e-02  -5.4480666e-02   9.1332296e-02   2.0227635e-01  -4.3644362e-03   4.8875099e-03  -1.0995843e-01   2.2661994e-01   2.0378276e-01   3.0498554e-02  -1.6746017e-01  -2.3341202e-02  -7.0600510e-02  -6.3919192e-02  -1.3783854e-01  -2.2573418e-01   7.4264709e-02   7.3795549e-02
  -1.4203666e-01   4.5405554e-02  -2.1026300e-01   1.0252310e-01   2.8025050e-02  -2.2421674e-01  -1.3541825e-01   8.6110150e-02   7.0595188e-02  -2.9412709e-01   1.2663926e-01   1.9785277e-01  -1.4434738e-01  -1.8797460e-01  -7.3451532e-02   4.5766113e-03   5.4563361e-02  -2.6760619e-01  -2.6338951e-02  -2.8735826e-01  -5.2918099e-02  -1.7944259e-01   2.4871203e-03  -3.2363664e-01  -1.5461603e-01   1.2492883e-01   8.9502196e-02  -1.0972196e-01   6.9455082e-02   1.6228377e-01   9.6753194e-02  -2.8168010e-02   1.4959176e-01  -2.7199438e-02   5.3841515e-02  -9.6252190e-02  -7.6369828e-02   7.9036567e-02   2.1460410e-02  -2.0342017e-01  -1.4161425e-01   6.5651969e-02   1.9657671e-01   1.4882326e-01   1.1988178e-01   9.1858099e-02  -1.0070280e-01   1.1987915e-01  -1.3343860e-01
  -1.3124002e-01   1.1899597e-01  -2.8225833e-01  -4.0311947e-03   2.0703679e-01  -3.0805464e-01  -2.4258608e-01  -7.2572397e-02   1.7044159e-01   1.5956220e-01   9.6292675e-03  -5.2806441e-03   2.8929289e-02   2.1122095e-01   5.7685579e-02  -7.4441186e-02  -5.5945145e-02   1.3935587e-01  -4.6866577e-02  -8.1677279e-03  -1.2657143e-01  -3.5288660e-02   6.4616979e-02   1.1133676e-01  -6.0594717e-02   1.3610794e-01   1.5564544e-02   6.7721697e-02  -4.0860482e-01  -1.7356659e-02  -2.1649911e-01  -3.9630069e-02   7.8588094e-02   8.2174475e-02   6.1770875e-02  -8.9084621e-04   2.5515352e-01  -2.4321817e-01  -9.7707847e-02  -1.0356840e-01   2.3255455e-02  -1.9941851e-02   6.4178265e-02   2.2524154e-01  -1.2828544e-02  -1.8591454e-01   1.2200088e-01  -1.2836134e-02   9.9394470e-02
  -1.4406485e-01   3.4171221e-02   7.8390882e-02   2.0764208e-01   1.3678110e-01  -2.6126493e-01   2.2576101e-02  -5.7767770e-02   1.3067053e-01  -1.5214023e-01   8.5733377e-02   6.1861368e-02   3.1638479e-01   3.6269161e-02   1.2952520e-01   1.6385549e-01   8.1474863e-03  -2.2967295e-02  -1.1699699e-01  -1.1495123e-02   1.3273354e-02  -9.9251987e-02   2.1259585e-02   5.5407331e-02   2.0591091e-01   3.5187513e-02  -8.9452586e-02   3.3227486e-01  -1.3356023e-01   6.5593212e-02  -3.2888563e-02   1.1004961e-01   1.2381065e-01   9.8029964e-02   9.0318246e-02  -1.1185730e-01  -1.4213291e-01   3.5283225e-01   1.3341719e-01   2.7197394e-01  -1.2362200e-01   1.0659336e-01  -1.4359307e-01  -2.4222180e-01  -1.3930260e-03  -6.1324691e-03  -5.0606316e-02   4.7099520e-02   1.5295837e-01
  -1.5100845e-01  -2.1709402e-02  -1.8332292e-01  -5.0367939e-03  -1.6130644e-01   2.2209758e-01  -1.2039797e-01  -1.9484110e-01   1.0023638e-01   1.9665971e-01  -2.7109310e-01   8.4116124e-02   2.5978108e-01  -1.0566878e-01  -1.2130410e-01   2.5861464e-01  -9.2402181e-02  -1.9147300e-01   4.8858319e-02  -6.6561576e-02   9.0069821e-02  -1.8062366e-01   4.0018862e-02   1.3567578e-01  -2.1941185e-01  -1.6336648e-04   1.5330973e-01   3.6732909e-02   1.0805263e-01  -1.9871085e-01  -1.7070256e-01   1.2543865e-01   7.9212259e-02   8.9776949e-02  -7.7095536e-02  -1.2535772e-01  -1.7361131e-02  -5.9316593e-03   2.4504531e-01  -1.4440552e-01  -1.7688981e-02   1.0734590e-01  -2.8694788e-03   4.4020468e-02  -1.7824055e-01   1.6982426e-01   4.0929952e-03  -2.1346429e-01   8.2150770e-02
  -1.1733248e-01  -2.1383397e-02  -1.4508395e-01   2.4930564e-01  -1.3260924e-01   9.5918159e-02   1.5638735e-01   1.1208036e-01   1.2769130e-01  -6.0593896e-02  -1.0437462e-01   1.9624320e-02  -2.9199311e-01   1.0737919e-01   5.9298675e-02   1.1327870e-01   4.5177343e-02  -1.1810391e-01  -8.3638665e-02   3.2361426e-03  -8.7242214e-02   2.2193329e-02  -2.3721716e-01   2.1998207e-02   4.0885935e-01  -1.3456983e-01  -1.8997380e-02  -2.0989909e-01  -3.9730174e-02   6.7408119e-02  -1.6618275e-01   2.7232648e-01  -5.6233588e-02   9.4895469e-02   2.1993696e-02   4.2297706e-02   4.7662887e-02  -4.4536771e-02   1.2188902e-01  -2.2400820e-02  -4.6456486e-02   6.2389574e-02   1.5153155e-01   4.5131061e-04  -3.1048693e-01  -2.9730968e-01  -1.0873921e-01  -6.2378036e-02  -7.3126594e-02
  -1.5090157e-01   1.1956467e-01   1.5732573e-01  -3.0204729e-01  -1.6657219e-01   6.5109937e-02   7.4046749e-02  -1.2409774e-01   3.0726026e-02  -4.6159391e-02   1.0209607e-01   1.9017363e-01  -1.7982176e-02   1.2482214e-01   8.4336171e-03  -4.1491918e-01  -2.6243254e-02  -2.5680954e-02  -5.5827729e-02  -1.1650750e-01   5.5137628e-02   9.8831703e-02  -2.5103177e-03   1.5982381e-01   1.2844804e-01  -2.1698917e-01   1.2826600e-01  -1.5682130e-03  -2.4244762e-01  -6.1479338e-02   5.5268104e-02  -2.0427714e-01   1.6326879e-02   1.6187293e-01  -2.5725943e-02   3.2818223e-03  -1.1518804e-01   2.6513560e-01   2.0307285e-01  -3.0163435e-01   2.6502512e-02   2.1697756e-01   1.1605754e-01   7.6887498e-03   4.9729723e-02  -4.6347037e-02   5.8586195e-03  -5.3226747e-02   2.7863739e-02
  -1.3367580e-01  -1.5554516e-01   5.5412080e-02  -1.8834773e-01  -1.0170272e-01  -2.1890061e-01   4.2662030e-03   8.9090428e-03  -8.7668610e-02   9.2808997e-02  -2.0858977e-02  -2.1224153e-01   4.4709236e-01  -2.8246961e-02  -1.7281760e-01   1.1597745e-01  -2.2598589e-02  -1.2664344e-02   2.0649459e-02  -5.7273600e-02  -1.1861080e-01   1.3622432e-01  -2.2542544e-02  -2.8725657e-01   1.9226106e-01  -1.3077358e-01  -1.2260429e-01  -2.2352203e-01  -3.7890344e-03   1.6074524e-02   9.5654975e-02  -4.0296008e-02   1.0067606e-01   1.4083228e-01   6.2617141e-02   2.7755922e-02  -2.3632104e-01  -4.7033395e-02  -2.1034400e-01  -1.3372774e-02   6.5490899e-02   4.6606590e-02  -2.7145658e-02   2.7842906e-01  -6.4793967e-02  -1.4003207e-01  -1.4830566e-01  -1.9302923e-01   1.3585494e-02
  -1.5812603e-01   2.5536287e-02  -7.6451481e-02  -2.4050890e-01  -1.2172754e-01  -3.2504761e-03  -1.8541348e-01  -2.8129736e-02   1.1341329e-01  -1.4281161e-02  -2.2250893e-02   1.8132712e-01  -9.3991758e-02   2.9953380e-01  -1.5424814e-01   1.7363214e-01  -3.7238574e-02   2.1445182e-03   2.7442717e-03   1.4178513e-01  -9.4918369e-02   6.8916784e-02  -7.3136475e-02  -3.4938315e-02   2.7852599e-01   1.8471828e-01   5.7783306e-02   1.7121972e-01   1.9491259e-01  -1.8785077e-01   4.5208642e-02  -3.9693448e-01  -5.7817131e-02  -2.1444349e-01   4.8579893e-02   1.3580357e-02   3.0722674e-02   1.5436412e-02  -8.6627529e-02   1.0749265e-01  -3.1809915e-01  -1.1139299e-01   4.0547367e-03  -4.7407995e-02  -1.1160960e-01   8.7894081e-02  -1.2915436e-01  -4.0455205e-02  -1.2721703e-01
  -1.2600993e-01  -6.3772080e-02  -2.0671564e-01  -1.7886751e-01   1.6810746e-02   6.9373881e-02  -4.7839203e-02  -3.0437691e-01  -1.3607232e-01  -9.6882586e-02  -1.1363801e-01  -1.3136354e-01  -7.5362677e-02   8.2642113e-02  -2.4093984e-01   1.4451579e-01   1.4603519e-02   7.6903562e-02  -1.6126408e-01  -2.5056708e-01   3.0971132e-01  -5.2569844e-02   4.9422979e-03   1.1664329e-02   4.2514053e-02  -1.3996964e-01   1.2572209e-01   1.5564918e-01   8.0047613e-02   8.9320389e-02   1.2908272e-01   1.9504714e-01  -2.4486973e-01  -8.6442018e-03   1.4489636e-01   1.1744158e-01  -1.5607287e-02   8.1421836e-02  -8.5785409e-02   4.4070058e-02  -4.2183112e-02  -8.8375599e-02  -1.0667285e-02   6.2597135e-02   1.6277362e-01  -2.8508825e-01   1.7363126e-01   2.5030110e-01   7.9423615e-02
  -1.2421804e-01  -1.0984804e-01  -3.8122391e-02   6.0708581e-02   2.2871069e-01   9.2166429e-02   3.8331985e-03   5.9357529e-02   2.0752592e-01  -7.9914766e-02   1.7050435e-01   2.0747807e-02  -1.8926172e-02  -2.0565513e-03  -4.9176886e-02   6.9580668e-02  -1.1209236e-01  -1.4907746e-01  -3.0863634e-01  -9.0286941e-02  -1.5739913e-01   1.8358396e-01   2.0192780e-01   8.7398458e-03   7.0487723e-02  -3.4452422e-03   2.2963097e-01  -1.3796792e-01  -1.3797533e-02  -2.0436624e-01   8.7332347e-02  -2.5441112e-02  -6.0869274e-02  -2.8524990e-02  -4.4654127e-02   3.2165960e-01  -1.9651185e-01  -2.3015017e-01   1.6519691e-01   2.5708828e-02   2.3263894e-01  -1.8884528e-01  -6.9520412e-02  -1.1668552e-01   8.6271258e-02   1.2338940e-01  -9.1816578e-02   1.6406388e-02   2.8780180e-01
  -1.2377056e-01  -2.7337436e-01  -5.9995130e-02  -6.2348574e-02  -1.6151490e-01  -1.3231101e-01   6.8079582e-02  -3.6374435e-02   1.6699881e-01  -3.5098003e-02   4.7978188e-02   3.9307124e-02  -2.5271289e-01   5.5425656e-02  -3.6391389e-02   1.4978860e-03   9.1628438e-02   2.3265981e-01  -1.7430763e-02  -2.3571002e-01   1.8470861e-01  -1.0896170e-01   6.7600521e-02   6.4413367e-03   1.0541833e-01   1.2902093e-01  -3.3405625e-02  -3.7758151e-02   1.7702242e-01   4.4084489e-03  -4.9809228e-02  -4.4288297e-02   2.9166883e-01   1.0883256e-01  -1.1244825e-03  -5.3200573e-03   1.9375205e-01   4.5267305e-02  -1.4870938e-01   4.1674793e-02   4.3104609e-01   1.0775729e-01  -2.4031302e-01  -1.6816848e-01   2.8754600e-02   1.0366021e-01   4.0508832e-02  -2.3428008e-01  -6.8266261e-02
  -1.3892591e-01   3.2071090e-01   9.1107413e-02   6.7333850e-03  -1.8148897e-01  -1.6917019e-01  -1.0965626e-01  -1.4465610e-01   1.4976214e-01   1.2969436e-01   8.9533367e-03  -2.0840325e-02  -1.2440105e-01  -7.1806661e-03  -2.1496867e-02   1.1639437e-01  -8.1415978e-02   1.2780615e-01   2.1133297e-01   3.2441552e-02   3.1147219e-02  -2.4035146e-02   3.0228273e-01   9.1927388e-02   7.9349441e-02  -6.6479427e-02   3.8262420e-02  -1.4574668e-01  -6.2155583e-03   1.6665854e-01  -8.8546334e-04   1.6318472e-01  -1.3887123e-01   7.2182747e-02  -3.3851679e-01  -3.3640220e-03  -1.2408189e-01  -5.1494781e-02   7.8539915e-02   2.4048482e-01   1.7962070e-02  -9.6406525e-02   1.1924353e-01   4.1228891e-03   3.2705075e-01   2.7062257e-02  -2.2626230e-01  -5.7539736e-02  -2.0142449e-01
  -1.4191888e-01   2.3670524e-01  -1.3153892e-01   1.6762312e-01  -2.2207462e-01   1.1943037e-01   1.0805556e-01   1.5493534e-02   6.1391336e-02  -1.1217950e-02   2.3667250e-01   5.8261611e-02   1.3786499e-01  -3.1775242e-02   1.1779200e-01   1.0047142e-01   9.7519508e-02   1.3028892e-02  -1.0433358e-01   2.5842379e-01   9.7576318e-02  -4.2548983e-02  -1.3959902e-01  -1.8689476e-02  -1.6253935e-01   3.5201173e-02   1.1412313e-01  -1.1043007e-01   2.7969351e-02  -2.2833763e-01  -1.5748764e-01  -1.2660767e-01   1.4847687e-02   1.8743747e-01   2.1629852e-01   1.2948219e-01  -2.4764696e-01  -1.1297284e-02  -2.1843567e-01   4.2091547e-02   6.4039436e-02  -1.9146918e-02  -2.8089593e-02  -6.2797707e-02   2.1375949e-01  -1.4800069e-01   2.6320616e-01   1.8377795e-02  -2.7246759e-01
  -1.4971042e-01  -1.9488394e-01   1.0283358e-01   3.1835845e-02   5.3581214e-03   2.0662939e-01   2.6114902e-02   5.0856388e-02   1.4680753e-01   1.5826236e-01   3.2502723e-01   2.7062442e-02  -5.3688245e-02   8.8972139e-02  -3.0300162e-01   4.3031010e-02  -1.4603001e-01  -5.0489868e-02   1.6431076e-01   5.0019882e-02   1.7899527e-01  -5.2491437e-02  -2.8307417e-01  -1.2285456e-01   6.2872127e-03  -5.0688719e-02  -1.1805107e-01  -1.0918144e-01  -2.7376864e-01   7.2343118e-02  -1.4276144e-01   4.1098081e-02  -2.5589273e-02  -9.6063870e-02   6.0869587e-02  -3.4728012e-01   2.0264086e-02   4.3376566e-02  -3.5779465e-02   2.8946854e-02   4.3342492e-03  -2.4449725e-01   7.7404008e-02  -2.9210872e-02   2.0255384e-01   1.2471867e-01   2.7308091e-02   8.6735391e-03   2.1870588e-01
  -1.5437572e-01  -1.6002283e-01   4.8471814e-02   3.4740150e-02   2.9198220e-01   3.0817023e-01   1.5025804e-01   1.0732481e-01  -2.6004435e-02  -1.7983527e-01  -1.7908806e-02   1.3838919e-01   2.2443729e-01   9.5095207e-02  -6.4022889e-02   4.6581589e-02  -3.0725877e-01  -8.7268773e-02   1.6614024e-01  -4.7813941e-02   6.8136049e-02  -7.0327773e-02   2.4133776e-01   3.8697890e-02   8.5840129e-02   9.4260934e-02  -1.0145442e-01   1.0080763e-01   1.5927374e-02   2.3729340e-01  -6.4879916e-02  -1.6329505e-01   4.1954250e-02   6.1534108e-02  -2.2909118e-01   7.1201374e-02   2.9916045e-02  -1.6126038e-01  -8.5805433e-02  -6.6785425e-02   8.8348707e-03   9.8583346e-02   1.1166428e-01  -8.3561503e-02   2.5339010e-02  -2.2245485e-01   1.4123976e-01  -8.1488108e-03  -2.9649883e-01
  -1.6387315e-01   8.3614567e-02   1.2670839e-01  -2.6562578e-01   5.1568217e-03  -3.8220755e-02   1.5560820e-01   2.1985228e-01  -1.6479926e-01  -8.3472139e-02  -1.1854210e-02  -7.4016766e-02   5.2165022e-02  -4.8593878e-02  -7.4720087e-03   2.1262966e-01   8.9028553e-02  -5.1238171e-02   3.5519971e-03  -1.1781843e-01   7.4123468e-02   1.6237243e-01  -3.2261561e-02   2.7459471e-01  -7.8172693e-02   1.9906934e-01   1.7115027e-01  -1.9396354e-01  -2.0046508e-01  -6.1432981e-02  -1.1735409e-01   1.4030758e-01   3.1690572e-01  -9.3519447e-02  -1.4431559e-01   6.6976161e-02   1.3300488e-01   2.0705215e-01  -1.9544973e-02  -2.0182900e-02  -7.5278911e-02  -3.1011977e-01  -1.1616199e-01   4.6499149e-02  -1.0599569e-01  -1.4682488e-02  -5.0588138e-02   2.0973251e-01  -1.4580205e-01
  -1.3695434e-01   3.6773500e-02  -4.7960164e-02  -8.6980815e-02   4.5861699e-02   1.5923540e-01  -1.1813947e-01  -1.4195943e-01  -1.7188001e-01   9.9118257e-03   1.2695067e-01   1.5321349e-01  -1.0340403e-02  -3.0983504e-01  -5.6517056e-02   9.5901065e-02   1.7363674e-01   1.5494622e-01  -1.3442894e-02   1.0553596e-01  -2.3014969e-01  -1.8484888e-01   1.0590991e-02   5.1376615e-03   1.6807015e-01   4.2514874e-02  -3.8708765e-01  -3.8687099e-02   3.4947066e-02  -2.2193948e-01   2.5104088e-02  -6.6132019e-02  -1.1062968e-02   1.4249591e-01  -1.1836057e-01  -1.1688006e-01   1.1451731e-01  -5.1338137e-02   1.5451893e-01  -1.7191838e-01   1.3670240e-01  -3.3033819e-02  -1.4999122e-01  -3.7748079e-02   6.1899167e-02  -1.8234906e-01  -1.6952631e-01   3.3607271e-01   3.6849941e-02
  -1.4139251e-01   2.3482635e-02  -1.6290991e-01  -1.1099929e-01   1.0051531e-01   5.8426140e-02   8.7559974e-02  -2.1826492e-02  -3.1191307e-02   3.2206066e-01  -5.5326173e-02   9.5078572e-02  -8.9893353e-02  -2.3273737e-01   3.7163341e-01  -1.4638796e-01   2.8398144e-02  -4.0351632e-01  -7.3205648e-02  -1.2195497e-01   7.9176836e-02  -7.9506732e-03  -5.2487425e-02  -3.8458360e-02   1.9923592e-01  -2.0547356e-01   8.6467627e-03   7.0558788e-02   2.6372141e-02   6.8107422e-02   2.1631600e-02  -1.3763769e-01   5.5565853e-02   6.1069281e-02  -1.6646117e-01  -1.0032308e-01   6.2877867e-02  -7.5607021e-02  -1.8492429e-01   2.4020736e-01  -1.2298501e-01  -1.2739513e-01  -2.4519647e-01   1.2253805e-01   9.4427162e-02   5.4895972e-02   9.4405729e-02  -1.9028057e-02   1.8789916e-02
  -1.3553744e-01  -1.5035969e-01  -1.5608978e-02  -5.7758635e-02  -6.5262911e-02  -1.4212238e-01   9.1380368e-02   4.5235482e-02   8.5717523e-03   1.0303691e-01   2.5411803e-01  -1.2832704e-01  -1.4660153e-01  -7.2210230e-02   2.4029640e-01   1.5249997e-01  -9.2864840e-03  -7.2356653e-02   2.7234023e-01   1.2827557e-01   3.9387881e-01  -1.2968150e-02   1.1099319e-01   5.9363338e-02   1.8207206e-02   3.3641289e-02  -1.6939946e-01   2.4400552e-01  -5.1697288e-02  -5.3244346e-02   1.7395716e-01  -3.3095449e-02   3.3135767e-02  -4.1462144e-02   2.0614747e-01   2.0246109e-01  -1.3508198e-01  -1.8500974e-01   2.7853042e-01  -1.1389468e-01   2.9037477e-02   1.2809225e-03   9.7219524e-02   2.0580191e-01  -1.7962133e-01   4.5808975e-02  -5.1484809e-02   8.2821889e-02  -4.0422639e-02
  -1.4407194e-01  -3.3994743e-02   1.1432651e-01  -1.0390495e-01   5.4501420e-02  -5.6919186e-02   1.7764602e-01  -2.8293152e-01   6.8600301e-02  -1.5204847e-01   7.0216231e-02  -1.2611667e-01  -1.2217874e-03  -2.6586132e-01  -5.9328653e-02  -3.2656302e-02  -1.6103861e-01  -2.7989851e-02   8.3498465e-02  -4.3389565e-03  -2.2491466e-01  -2.7263864e-01  -2.6239377e-01   3.1789016e-01  -1.0863179e-01  -1.4605440e-01   1.0212453e-01  -4.2080523e-02  -6.2345247e-02   1.0136137e-01   1.1437102e-02  -5.9198071e-02  -3.0138969e-02  -7.8718113e-02   2.5651046e-01   1.7374090e-01   1.4101530e-01  -2.1183215e-01  -1.5721555e-01   1.0657015e-01  -9.2787788e-02   1.3085429e-01  -2.3543555e-02  -1.1342290e-01  -1.6543418e-02   9.2213733e-02  -2.4757451e-01  -3.7872733e-02  -7.8963611e-02
  -1.5917003e-01   3.7606167e-02   1.8517726e-01   1.1101356e-01  -3.5701859e-02   1.2799634e-01   8.5054535e-02  -1.4460611e-01  -1.6422611e-01   1.9289690e-01   1.1087649e-01   8.8778760e-02   2.7864788e-02  -2.1104456e-02  -1.3169126e-01  -2.9964270e-02   3.4064543e-01  -3.8699118e-02   5.2786926e-02  -2.7109734e-01  -8.0706579e-02   1.0604953e-01   2.4975891e-01  -2.1735473e-01  -8.0014281e-03   6.4159090e-02  -6.8275809e-02  -2.3263886e-02  -1.7279810e-01  -1.8829954e-01   2.4701426e-02   8.6768643e-02   1.3650060e-02  -4.2559082e-02   1.4993574e-01   1.6882031e-01   2.5566538e-01  -8.4709074e-02   1.9442593e-02   2.8085178e-01  -1.6743741e-01   1.5293202e-01   2.4887341e-01  -1.1644823e-01  -7.1366127e-02   7.9009691e-02   1.4909565e-01  -7.1336085e-02  -5.1262848e-02
  -1.4321234e-01   5.7120090e-02   3.2204735e-01   8.4092590e-02  -9.1672237e-02  -5.0295141e-03  -1.7544074e-01  -3.3862743e-02  -1.1300951e-01   6.4815132e-02  -2.2392051e-01   1.4206173e-01  -1.0303021e-01  -1.6033947e-01  -3.4222076e-02  -2.1811795e-02   4.8631446e-03  -1.2608768e-01   1.1045484e-01   1.1741301e-01   2.3943096e-02   2.1992952e-01  -6.7746769e-03  -2.2713686e-01   3.6809148e-02   1.4020608e-01   2.0514279e-01   2.7452903e-01  -5.7366641e-02   2.2757868e-01  -1.8599706e-01   7.5958831e-02  -4.4723222e-03   1.0291039e-01   2.3324501e-01   1.1088955e-01   2.2293027e-02  -1.2038746e-01  -6.8315861e-02  -2.7704408e-01   8.3685969e-02  -1.2335848e-01  -2.2064541e-01  -1.7444224e-01   8.1871220e-02  -1.1730688e-01  -1.4969928e-01  -5.1065029e-02   5.3728369e-02
  -1.5032510e-01   2.6241489e-01  -8.7099494e-02   2.7601068e-01  -1.1807006e-01   1.4426457e-02   1.5172252e-01  -4.2928462e-02   7.1325910e-02  -1.8173362e-02  -2.2298517e-01   9.1308918e-02   1.9947057e-02  -1.0823289e-01  -1.8739472e-01  -3.7085557e-02  -2.9484932e-01  -5.1026388e-02  -1.1988102e-01   7.0049984e-02   3.4250138e-02   3.0270223e-01  -6.8055559e-02   4.9138058e-02  -1.9406454e-02  -2.7375224e-02  -2.4879722e-01   1.5163489e-01  -7.0194883e-02  -8.1269044e-02   2.9473128e-01   5.2134697e-03   1.2335309e-01  -2.4087112e-01   2.9106869e-02   1.1343550e-03   1.7521134e-01   1.0628516e-01  -1.0144249e-01   4.3330999e-02   3.0182631e-01   4.8276797e-02   4.2643294e-02   1.9256888e-01   2.5450193e-02   8.4560830e-02  -2.9176086e-02   8.8006353e-02  -5.9966196e-02
  -1.3780122e-01  -8.1698593e-03  -6.3055037e-02   9.4453620e-03   7.4453429e-02  -2.1459663e-01   1.2621616e-01   2.7745441e-01  -4.5082571e-02   1.1133957e-01  -1.7571761e-01  -1.0886568e-01  -2.2318238e-01   5.9095008e-02  -2.9940125e-01   4.2539686e-02   2.0654607e-02  -3.9747033e-02   6.9468487e-02   2.7934577e-02  -2.9508135e-02   4.7537891e-02   9.4302868e-02  -4.0079759e-02  -2.5567126e-01  -2.9427242e-01   9.3730601e-02   6.1751672e-02  -1.2005530e-01  -1.4328484e-01   7.9076921e-02  -1.8877375e-01  -9.9256063e-03   1.5735267e-01  -1.7728835e-02  -2.7450603e-01  -1.3550553e-01  -1.4359441e-01   5.7517180e-02   1.0149865e-01  -1.1331059e-02   1.7177034e-01  -1.5665412e-01  -2.9053704e-01  -1.2440380e-01  -9.8281567e-02  -5.1276224e-03   2.0380970e-01  -9.7058232e-02
  -1.4195211e-01   7.2190139e-02  -1.5828918e-01   5.0572001e-02  -1.5993828e-01  -3.2788232e-02  -2.9192568e-02  -1.4219351e-01  -3.3987267e-01   2.5858514e-02   1.9179940e-01  -1.7212318e-01  -2.7446563e-02  -1.1075224e-02  -1.8659312e-01  -3.5305872e-01  -1.7034807e-01  -8.1289208e-02  -2.2138480e-01   7.8842363e-02   7.3295850e-02   1.2439724e-02   8.5580385e-02   4.7799890e-02   2.8426196e-02   3.3597921e-01  -7.1629328e-02  -1.1015341e-01   4.7843302e-02   2.3256482e-01  -2.2826185e-01  -1.4971944e-02  -3.6310550e-02  -8.8233621e-02  -4.8061149e-02  -6.5426552e-02  -2.0214418e-01  -8.8275712e-02   1.0943981e-01   1.4845552e-01  -9.6511488e-03   7.5280311e-02  -1.5060374e-01  -4.2478211e-02  -2.6916339e-01   7.7617249e-02   2.0609617e-02   5.5733767e-02   9.8424916e-03
