  -1.4642052e-01  -1.5530062e-01   1.7684324e-02   5.2297546e-02  -5.8425449e-02  -3.0203895e-01  -3.0289727e-02   3.2778547e-01  -4.2207543e-02  -6.6921421e-02  -2.5626823e-01   2.0784297e-02   1.6437092e-01  -2.8596068e-03   1.6690281e-02  -3.8746933e-02  -7.1465531e-02  -1.2897564e-01  -1.1803006e-01  -1.2708170e-01  -1.3522187e-01   3.7953512e-02  -2.6879392e-01   1.2247339e-01  -8.1164887e-02   1.3094059e-01   9.2525431e-02   1.6266375e-01   5.5679485e-02  -7.4646249e-02   9.0173556e-03   3.5249870e-03   8.9758274e-02  -2.6078695e-01   1.5122983e-01  -2.8570385e-01  -7.2445351e-02  -2.4430911e-01   2.2511632e-02   4.2335743e-02   4.0500720e-02  -3.0288118e-01  -2.8436160e-02  -2.0083679e-02   1.9943587e-01   2.1445062e-02   9.4979123e-02  -1.0286121e-01   1.3667800e-01
  -1.4383232e-01  -1.3993636e-01  -1.1022767e-01  -1.2288571e-01   3.0942596e-01  -5.6411637e-02  -3.0404820e-02   8.7510572e-02   4.4628682e-02  -9.1152346e-03   1.1272786e-01  -6.1886130e-02  -1.4841474e-01   3.5774182e-01  -8.1147903e-02   4.7091127e-02  -2.0519727e-01   1.8022718e-02   2.0076202e-01  -4.8808120e-02   9.3444061e-02   8.5424095e-02  -3.1549160e-02   6.9824661e-02   1.8021472e-01   6.2853049e-02  -7.9649771e-02   1.5309465e-01   7.2801137e-02   1.8694137e-03   1.9563782e-02  -3.8968667e-01  -1.3693883e-01  -3.2238969e-02   2.4271127e-02  -1.2103359e-02   2.4038739e-01   1.4994573e-01  -2.1661201e-01   3.4243995e-03  -2.0916992e-01  -6.0507485e-02   1.7639288e-02  -1.0683652e-01  -8.6015080e-02   9.7401624e-02   1.6420746e-01   8.6185008e-02   2.4214295e-01
  -1.4463341e-01  -2.6034118e-02  -8.3244325e-02   5.7093797e-02  -2.0046473e-01  -2.9119514e-01  -1.4978001e-01  -1.6329526e-01   2.1065344e-01  -1.0152990e-01  -1.1453733e-01   5.0086282e-03   9.0541434e-02  -4.5508236e-02  -2.4474214e-01  -1.4258459e-01   1.0557764e-01   8.9890779e-02  -4.6186219e-02  -1.2528117e-01  -8.6039058e-02  -6.1517053e-02   1.6254619e-01   5.7880983e-02   4.4842937e-02  -2.2093513e-01   3.5650100e-02  -3.4550706e-01  -1.4542908e-01   1.8458054e-01  -1.4098145e-01  -2.9132050e-01   1.1628298e-01  -3.9491773e-02  -1.3330640e-01   1.8531835e-01   9.5512442e-02   7.3423150e-03   1.2969576e-01  -8.9523034e-02  -6.7014139e-02  -1.6547387e-01  -5.2336840e-02   6.4251213e-02   1.2677946e-01   7.5062293e-02   6.0905157e-02   2.1303803e-01   1.2495651e-01
  -1.5639796e-01   2.7599078e-01  -4.2998530e-02  -1.8164015e-01  -3.5942160e-03   8.3329268e-03  -2.4132003e-01   4.5051317e-02  -1.8042259e-01   4.2831297e-02   1.1775648e-02   1.5798152e-01  -1.2600197e-01  -1.5860037e-01  -8.7692350e-02  -1.1124765e-02  -2.8244175e-02   9.3386791e-02  -2.7481368e-01   2.7196205e-02   5.0960290e-03   4.6863813e-02   3.2272232e-01   7.2916884e-02  -2.3601329e-01  -1.0277145e-01  -2.9235441e-02   2.3445093e-01   1.4380987e-01   1.3956035e-02   2.4712809e-01   1.0686118e-02  -1.5889906e-01   1.8876138e-02   5.2471968e-02  -1.3668858e-01   3.4194752e-02   9.2394717e-02   1.5656591e-01  -1.3846968e-02   4.5041088e-02   4.9281518e-02   1.1281044e-01  -1.5292013e-01   1.9136512e-01   1.2724622e-01   2.5518858e-01   2.3294692e-01   3.7638597e-03
  -1.6221383e-01   7.1539939e-02   1.6685091e-01   6.2860823e-02   3.4357088e-01  -1.2087116e-01   1.2851254e-01  -1.2997055e-01   9.8866698e-02  -1.6454817e-02  -6.3050762e-02  -1.8792492e-02  -7.4365303e-02  -1.4237008e-01   7.0174346e-02  -3.8038354e-01   9.0788113e-02  -1.8312011e-01   1.8324101e-01  -1.0340467e-01  -1.3108795e-02   1.7755864e-01   1.3780073e-01  -1.1301447e-01  -1.0234788e-01   6.1249226e-02   1.0412664e-01  -8.1366710e-03   1.9694033e-01   2.5590526e-01   1.7291870e-01  -9.8795409e-02   2.4320418e-01  -7.7972737e-02   1.2963975e-01   2.9508649e-02   2.7656315e-02  -4.7271782e-02  -9.0324906e-02   3.7477286e-02   1.9734789e-01  -1.2899834e-02   2.1254295e-03  -2.1984696e-01  -1.4362267e-01   4.9902071e-02  -9.0844263e-02   2.2067589e-02  -2.1812823e-01
  -1.5326632e-01  -1.0668795e-02   2.0143195e-02   2.2997868e-01  -2.1145900e-01   2.7081977e-01  -1.9143256e-01  -1.6221629e-01   1.2905348e-01  -2.1466031e-02  -2.0201072e-01  -1.1921152e-02   1.9824688e-01  -4.6640830e-02   9.2878061e-02  -5.4202640e-02  -8.1812349e-02  -5.4082724e-02  -1.4284270e-01  -1.1266265e-02   9.0668830e-03   6.1495899e-02  -1.5194864e-01   9.7715531e-03  -1.4264313e-01   1.3286586e-01   1.1574697e-01  -8.0160607e-03   1.5589562e-01  -1.2688004e-01  -9.8003436e-02  -6.9972637e-02  -1.2001529e-01   5.2443618e-02   5.8750324e-02   9.2796434e-02   3.7812823e-01   1.4139055e-01   2.2175815e-02  -2.5074799e-01   1.0756533e-01   7.8314017e-02   1.3412019e-01  -1.4259777e-01  -2.3431520e-01   1.6181155e-01   9.4490232e-02  -2.4523625e-01   7.5330196e-02
  -1.1279594e-01   6.1491191e-02  -1.7736739e-02  -1.3700378e-01   1.2032683e-01   1.1199574e-01   4.1425638e-02   1.1226152e-01  -1.3010979e-01  -1.0120434e-01  -2.5051808e-01   2.9739404e-01  -6.1432678e-02   9.3610360e-02   1.0462219e-01  -7.5615412e-02   2.4417990e-01  -6.7969250e-03  -1.0946336e-01  -9.2733791e-02   6.2192151e-03   8.2042669e-02  -2.7070729e-01   1.2479797e-01   6.3668375e-02  -1.9823316e-02  -4.4383529e-02   1.7404215e-01   1.5396118e-01   9.6451665e-02  -8.4163148e-02  -9.5427254e-02   2.0731245e-01  -2.2255062e-04  -9.8198094e-02   2.9091394e-01  -1.1603077e-01   1.0027768e-01   2.8597366e-01  -9.3665851e-02  -2.8840547e-01   1.6310366e-01   1.8857736e-01   1.1085589e-01  -4.1643515e-02  -1.3778218e-01  -1.4550980e-01   4.1443735e-02   3.3907931e-02
  -1.4944473e-01  -2.6647830e-01  -7.0759266e-02   2.0974386e-01   1.2156925e-01   3.2433790e-02  -7.6108901e-05  -2.2120231e-01   9.2981513e-02  -1.3791659e-01   1.1022343e-01  -1.5939801e-01  -7.7054260e-02   1.7390535e-01   1.9636799e-01   5.2342068e-02   6.6465979e-02   3.1646743e-01  -1.7954123e-01   8.2847483e-02  -7.1646075e-02  -1.7011607e-01  -1.5599277e-01   6.6722098e-02  -1.5904369e-01   4.5442169e-02  -1.4468780e-01   1.2872184e-01  -1.3946655e-01   2.7201541e-01   5.5545541e-02   2.5400625e-03   3.0170466e-02  -5.7877699e-02   9.6225335e-02  -1.5185487e-01  -1.4081423e-01  -1.4345031e-01   2.6555728e-02  -2.7540731e-01   1.0284791e-01   1.1463153e-01   6.2511282e-02   4.9991225e-02  -6.5057566e-02  -7.8426799e-02   1.5902147e-01   2.1542046e-01  -1.2854310e-01
  -1.5614133e-01   2.5607591e-02  -2.2649238e-01   5.6555369e-03   9.1792776e-02   3.7185400e-01  -2.7736978e-02   1.1520981e-01  -1.3943519e-01  -6.4561108e-02   4.4101741e-02  -6.3325379e-02  -5.0792267e-04  -6.4527548e-02   1.2280964e-01  -1.6459475e-02  -4.6399091e-02  -6.2694224e-02  -1.6975992e-01   1.2528465e-01  -4.3859226e-02   1.6322310e-01  -7.0750359e-02   6.2554450e-02   4.3610664e-02  -9.5594875e-02  -4.0407455e-03  -3.8446596e-01  -1.6606932e-01   2.6427590e-01   1.1028851e-02   1.1706768e-01   2.1320947e-02   9.2400069e-02   7.3625128e-02  -2.2997484e-02   3.9298688e-02  -2.4637229e-01   3.6172024e-03   3.1120239e-01  -1.5912512e-01  -1.8478756e-01   9.3272627e-02  -2.6645813e-01  -1.1166017e-01  -1.2161914e-02   1.4123482e-02   3.4546345e-02   1.6847944e-01
  -1.3596402e-01  -2.2660339e-01  -2.0749739e-01   1.2070903e-01  -1.7856720e-01  -4.1049078e-02   2.2028577e-01   8.0199915e-02   4.6917474e-02  -4.4055105e-02  -1.1212686e-01   2.5399518e-01   1.8886025e-02   5.6621720e-02   6.8453306e-02   5.2699837e-04   4.6893909e-02   8.0883459e-02  -7.2318658e-02  -1.9228026e-03  -3.4769018e-02  -3.3645153e-02   3.6479129e-01   2.1344120e-01  -1.1466018e-01   1.3555560e-01  -5.6076227e-02   2.3340308e-01  -1.4662199e-01   1.4592699e-01  -8.9144941e-02  -1.1737300e-01  -1.6270652e-01   1.4542529e-01  -6.0887629e-02   1.6687943e-01  -1.1402324e-01   9.1379579e-02  -1.8929016e-01   2.5898361e-01   1.1518713e-01   2.4331481e-02  -5.8670553e-02  -1.9459285e-01   3.0180329e-02  -5.2962204e-02  -1.4967049e-01  -2.4209256e-01  -5.0991143e-02
  -1.5050823e-01  -9.0516870e-02   1.7595899e-01  -8.0881729e-02  -2.9572582e-01  -2.0043244e-02   5.0056576e-02  -2.1959591e-01  -4.0133715e-03   9.6471675e-02  -2.4765158e-01  -1.8886228e-01  -3.0395313e-01   1.6253358e-01   7.7456791e-03  -1.1249904e-01  -8.2962034e-02  -2.4213261e-01  -1.6127647e-02   2.2145405e-01   2.7500733e-02   2.2742030e-01   1.6429091e-02  -7.9256755e-02   1.2702013e-01  -1.4175104e-01   8.2705331e-02   1.0796778e-01  -1.0303317e-01   5.1224439e-02   1.7089582e-01  -8.9815103e-02  -9.7624784e-02   1.3900135e-01  -7.5738930e-02  -1.0420324e-01  -3.1441248e-01  -7.4026367e-02   1.6838871e-01  -4.0534503e-03  -6.0314744e-03   8.2827477e-02  -1.0854791e-01   6.2263076e-02  -1.2076957e-01   3.6229593e-02   8.7459546e-02  -1.2355167e-01   1.9137582e-01
  -1.3943367e-01   1.1276952e-02   1.4362293e-01  -2.4675343e-01  -3.0443481e-01  -6.5174567e-02   3.2712248e-01  -2.0378254e-02  -3.0855591e-02  -6.3011674e-02   1.0511587e-02  -8.1899236e-02  -1.1632663e-01   4.4812563e-02   2.4346986e-02   9.9412071e-02  -1.0373644e-01   2.2779346e-01   7.6299976e-02  -3.7627445e-02  -1.7985253e-01  -2.3705662e-01  -1.2067886e-01  -8.7080585e-03  -7.6666851e-02  -3.7237719e-02   2.2689268e-01   3.8690782e-03   1.9498498e-02   8.6010862e-03   5.9881311e-02   1.9544910e-01   3.7902672e-01  -2.3256871e-02  -8.2242842e-02   1.5588181e-02   1.8368403e-01   1.4311267e-01  -9.6227188e-02   1.2383204e-01  -1.1647028e-01   1.5456534e-01   2.2627396e-02  -2.9390172e-01  -1.5281705e-02   6.7013645e-02   1.4196549e-01   3.1219846e-02   5.0135290e-02
  -1.4597779e-01  -7.7874813e-02   2.1716233e-01   4.2960140e-02   8.9447621e-02  -2.2323600e-01   9.7163683e-02  -2.4343432e-02  -2.6142864e-01   2.7880286e-02   3.4942753e-01   2.0343667e-01   1.2659035e-01   2.8377310e-02   2.0109737e-01   2.0702604e-02  -5.9923032e-02  -2.4097550e-01   5.6033870e-02   5.5532741e-02  -3.5107503e-02  -1.2574902e-02  -1.0822096e-01  -8.0146929e-02  -2.5892876e-01  -2.1669197e-01  -1.5719992e-01  -1.4107691e-01  -2.1822192e-01  -1.5887630e-01  -1.3212645e-01  -8.7434396e-02  -1.0780635e-01  -7.5852413e-02  -4.8327221e-02   1.7778484e-01  -1.6068467e-01   4.1547605e-02   8.8644586e-02  -1.1964695e-01   3.5047760e-02   7.6814459e-02   1.0880427e-01  -2.1485005e-01   3.7866234e-02   2.0286923e-01   4.1213467e-02  -5.3229561e-02   9.0384766e-02
  -1.4056845e-01  -8.0255160e-02  -2.8056317e-01   1.6795180e-03  -9.3964384e-03   1.2370550e-01   2.4701767e-01  -2.6866672e-02  -7.5327581e-02   1.5966380e-02   7.3687689e-03  -9.5175798e-02  -2.0269395e-01  -2.4287058e-01  -3.0254066e-01   7.4858656e-02  -6.6061257e-02   4.6862919e-03   5.4538579e-02   1.3986334e-02   2.3727693e-01  -1.1633176e-01   6.1883374e-02  -1.9046282e-01  -2.9093000e-01  -4.6064117e-02   5.0204374e-02   2.1269907e-02  -4.1060503e-03  -8.4120555e-02  -1.5465488e-01  -2.1279908e-01   1.5926633e-01  -5.4508836e-02   1.8271326e-01  -1.4395397e-01  -8.4144607e-02  -6.8330293e-02   2.9728628e-02  -6.9993591e-02  -1.3030146e-01  -3.9111807e-02   3.0527908e-01   1.9344833e-01  -2.1571632e-03   1.4155336e-01  -1.5408206e-01  -1.7102574e-01   6.5401418e-03
  -1.1824742e-01  -1.6466299e-01   1.0212851e-01  -6.6357380e-03   1.1720256e-01  -2.1603315e-02   5.6429024e-02   7.8577284e-02  -2.7113120e-02   3.3772893e-01  -8.9862277e-02  -1.6525709e-01   9.0924663e-02  -2.2932094e-01   1.6845934e-01  -8.5378785e-02  -5.6169550e-02   1.6840509e-01  -1.8443932e-01   1.6570824e-01   7.6400768e-04   6.2658602e-02   1.2623079e-01  -1.1188975e-01   1.3723701e-01  -1.1588878e-01  -3.3701699e-01   1.0998245e-01  -8.2813149e-03   1.0858694e-01  -1.4757510e-01   1.5535310e-01   1.7025565e-01  -1.3128865e-01  -1.1181581e-01  -1.2006665e-01   1.1784750e-01   3.8311572e-01   2.0897052e-02  -6.4151440e-02  -2.0307249e-02  -1.7376393e-01  -8.3481704e-02   6.5109220e-02  -2.5882025e-02   6.0582111e-02  -1.5631284e-01  -4.4594842e-02   1.6167727e-01
  -1.3675860e-01   1.8044031e-01   3.3245847e-01   9.1191136e-02  -1.5226530e-01   8.0351203e-02   1.2343787e-03   2.9857137e-03   1.7128276e-01   2.2916081e-01   5.0592071e-02   5.5286906e-02   1.0300894e-01   1.4135530e-02  -3.7381413e-03  -1.4352993e-01   9.4541577e-02   2.5109881e-01   1.6252234e-01   1.2535289e-01   1.0267134e-01  -2.1335807e-02  -1.1958057e-01  -4.3752988e-02  -1.1617990e-02  -5.8908789e-02  -3.4060017e-02   2.2054598e-01   4.6088310e-02   7.4867757e-02  -2.7395916e-01  -8.1595095e-02  -2.1663462e-01  -8.8819024e-02   2.8016795e-02  -4.3481578e-02   8.3247007e-02  -3.5780684e-01  -3.2356021e-02   3.1860963e-01  -9.7072611e-02   9.3708048e-02   1.1615497e-01   2.9515648e-02   5.5975080e-02   1.1101300e-01  -1.2816918e-01   1.8982106e-01   4.1013088e-02
  -1.3481796e-01   2.0332824e-02   3.2374588e-02   2.3102200e-02  -1.0651057e-01   3.8052605e-02   7.8100850e-02   2.4472048e-01  -1.8615330e-01  -1.1178122e-01  -6.7538009e-02   3.8144211e-02   2.1668188e-01   1.1304424e-01  -7.3636025e-02   9.6080278e-02   2.3233189e-02  -2.7797120e-01   5.0566208e-02   4.1817047e-01   1.0912812e-01  -9.6028496e-02   1.2911421e-01  -1.6295055e-01  -7.1226922e-02   2.6979286e-01   3.5366414e-03   1.3242136e-02  -2.9181342e-02   6.2195176e-02  -8.5759989e-02  -1.0219903e-01   1.8797340e-01   1.6092471e-01   5.0621370e-02  -3.1433923e-02   1.6420327e-01  -6.3422593e-03   3.2639728e-02  -1.1004472e-01   1.0493285e-01   7.3798911e-02  -2.2309836e-01   7.4581070e-02  -6.3070876e-02  -6.7477390e-02  -3.6653421e-02   4.0789714e-01   1.8444147e-02
  -1.2765564e-01   1.4234305e-01  -6.9038053e-02  -1.3669491e-01   9.4423228e-02  -5.2877539e-02   1.5487619e-01  -1.1132611e-01   2.0305939e-02  -1.1786841e-01   1.2016076e-01  -2.4438038e-01   9.6524621e-02   1.0110088e-01  -1.9551474e-01  -1.3100506e-01  -1.1699982e-01  -1.6147417e-01  -1.8203837e-01   5.3523882e-02   1.6291542e-01  -4.3280241e-03   4.4188116e-02   2.2494852e-01   2.4859571e-01  -9.3695712e-02   1.4655954e-01   1.5533180e-01  -1.4758308e-01   2.7388118e-03  -2.0207227e-01   1.9698085e-01  -9.1568336e-02  -2.0895328e-01   1.2186341e-01   7.5826966e-02   1.3744527e-01  -2.6170615e-02   1.0978643e-01  -1.2703910e-01   2.0390210e-01   1.6407235e-01   1.1049277e-01  -1.5123972e-01   1.8709486e-01  -2.4016552e-01  -1.8800023e-01  -4.9756463e-02   3.8993230e-02
  -1.5473505e-01  -8.8907610e-02   1.1913384e-01  -9.5101166e-02   1.5986348e-01   2.0035730e-01  -4.2476941e-02  -3.8383844e-02  -9.9109762e-02  -1.4637138e-01  -1.4086720e-01   5.6029421e-02  -1.0224322e-01   2.5293991e-02  -1.3592088e-01  -2.4779023e-01   2.1313307e-02   2.2881902e-01  -3.3320397e-02   1.3717701e-01  -8.1067232e-02   7.0279862e-02   1.1673718e-01  -2.3036202e-01  -1.1288799e-01   1.6582107e-01   6.8560729e-02  -1.6839620e-01   5.9152653e-02  -1.9983573e-01  -1.7259363e-01   1.3920517e-01  -1.2943514e-01  -1.9323597e-01  -7.2746496e-02   1.4414910e-01  -1.5410214e-01  -9.4136355e-02  -2.8562947e-01  -1.8701322e-01  -1.6084869e-01   3.1594709e-02  -2.4491981e-01  -4.1664128e-02   2.2702848e-01  -1.4249830e-01   1.1005541e-01  -7.6884941e-02   7.8111097e-02
  -1.3818192e-01   1.8228694e-01   1.8726763e-02  -1.1236272e-01  -4.3415823e-02  -1.3317008e-01  -9.7692546e-02   1.5006636e-01   3.1941584e-01  -4.3579454e-02   8.9889494e-02  -1.1283923e-01  -1.9164294e-01   1.4437339e-01   1.8583418e-01  -1.1398361e-01   1.9808925e-01  -1.6363611e-01  -8.0396695e-02   2.1478518e-01  -1.5136774e-02  -2.7388529e-01   9.7827238e-02  -2.3378809e-02   6.9664453e-02   1.7695693e-01  -2.0858409e-01  -4.9482129e-02   2.6707002e-02  -1.0457333e-01   6.6708862e-02   1.0914255e-01   5.6231108e-02   2.2183737e-01  -5.3488042e-02   5.5614732e-02   3.6910837e-02  -1.2005855e-01  -9.3959233e-02  -1.6373317e-01  -1.4967404e-01  -2.0225152e-01   2.7735523e-01  -2.4315704e-02   1.5723051e-01   1.2656446e-01  -6.2042566e-02  -1.9632085e-01  -7.3347797e-02
  -1.2939376e-01  -1.2051768e-02   8.4996583e-02   4.5821930e-03  -1.7640102e-01   5.4796021e-02  -1.4102058e-01   8.2388251e-03  -7.0295304e-02   6.1625490e-02   3.5807907e-01   1.9590758e-01  -2.1818519e-01  -6.7138489e-02   1.0203211e-01   3.7323047e-02   1.7950192e-01  -2.4364408e-02   1.1680772e-01  -1.5208840e-01  -2.4835232e-01   2.2988314e-01   2.6874832e-01   6.4863121e-02   8.1114905e-02   1.2406168e-01   1.3030863e-01   1.1997706e-01  -2.3706864e-01  -6.6722820e-02  -9.4664760e-02   2.7686399e-02   1.6076416e-01  -1.3398556e-01   9.0813220e-02  -1.2180281e-01   1.9772025e-01  -1.1709557e-01   8.9385726e-03  -1.6819544e-01  -4.0253402e-02  -5.8860123e-02   3.5034448e-02   1.6483567e-01  -2.0585708e-01  -2.2706610e-01  -1.5103201e-02  -6.1337414e-02   1.3710494e-01
  -1.3044089e-01   5.9880765e-02  -7.7052734e-02   3.0404990e-02   1.7425395e-01  -5.3919345e-03   3.6560342e-02   3.5040259e-02  -3.6039471e-02   3.2497942e-01  -2.1374414e-01  -1.1241946e-01  -7.8417378e-02  -3.1338781e-02   3.2011915e-03   2.4997386e-02   7.2401693e-02   4.4075787e-02   3.5558906e-01  -9.4005945e-02  -1.1220880e-01  -6.1628676e-02  -5.5188046e-02   3.3716807e-01  -2.0975519e-01  -1.1381860e-01   4.2926554e-02  -1.2646163e-02  -9.7368552e-02  -5.3933748e-02  -3.4415882e-02   2.0801352e-01  -8.0723777e-02   3.7858991e-01   2.3691025e-01   8.0908384e-02   5.3348852e-02  -5.3753735e-02   4.0261868e-02  -2.4185259e-01  -1.9212088e-02  -3.3476734e-03  -2.2558473e-01  -8.6337716e-03   1.0711052e-01   3.2576326e-02  -9.8425097e-02   6.4238795e-02   1.3833994e-01
  -1.4066122e-01   1.7281189e-01   1.0087427e-02   1.3002008e-02  -1.7736370e-02  -7.0712096e-02   1.5474734e-01   3.0179498e-02   1.8354011e-01   4.1144809e-02  -2.9463532e-02   1.0939755e-01   5.7069805e-02  -3.2486466e-01  -5.5422467e-02   1.6114534e-01   1.4006504e-01  -1.4097754e-01   1.4459959e-01   9.5523126e-02   1.5881482e-01   1.0659711e-01  -1.5153961e-01   1.6017046e-01   3.5695320e-02  -1.5113290e-02  -1.0182216e-01  -1.2032982e-01   2.3977118e-03   1.7800016e-01  -1.0676549e-01  -4.3093053e-02  -9.4850024e-02   1.9170017e-02  -1.8162322e-01  -2.9683492e-01  -6.3192267e-02   1.2160072e-01  -2.1336186e-01  -1.4120899e-01  -1.0213912e-01   1.3333072e-01   4.4752807e-02  -6.5680651e-02   4.2258171e-02  -3.2142375e-01   3.7119619e-01  -1.0467599e-01  -6.8979331e-02
  -1.1028528e-01   4.1917505e-02  -8.7736783e-02  -2.6135323e-01   8.6620148e-02   1.0926675e-01   1.7174899e-01  -2.2644692e-01   9.4003497e-02   1.7047995e-01   3.4233204e-02   1.0032098e-01   2.7111523e-01   1.3452919e-01  -1.9488903e-01  -3.0667911e-02   1.5789910e-01   9.4543618e-02   4.1779807e-02   2.0961457e-02   6.6653503e-02  -5.8392568e-02  -1.1260403e-02   5.4454117e-02  -8.4431328e-02   1.4723048e-01  -6.0282794e-02   5.8387406e-02  -9.4490214e-02  -2.3976380e-01   1.1385948e-01   9.1146448e-03  -1.2208612e-02  -6.5205588e-02  -2.3254708e-01  -9.7020233e-02  -4.9445796e-02  -8.9423850e-02   3.0355746e-01  -8.7215619e-03  -7.8144680e-03  -3.7680379e-01  -1.2171490e-01  -1.7843690e-01  -2.9811627e-01  -4.5280792e-02   5.4242845e-02  -2.2171334e-02  -1.1948773e-01
  -1.3589033e-01   1.2876065e-01   9.2386596e-02   6.9609220e-03   2.7978817e-02  -1.3718676e-01  -2.6831209e-01   2.5126935e-02   1.3172648e-01  -2.8007167e-01   2.2307993e-01   1.0198081e-01   1.1277512e-01  -8.5284179e-02  -2.0352154e-01   6.6707448e-02  -2.9375301e-01   2.2871865e-01   1.2345859e-01   1.8374639e-01   1.1212820e-01   1.1564965e-01  -9.4967173e-02   5.8760559e-04  -4.1148443e-02  -3.7639500e-02  -7.0934592e-03   1.7869577e-01   5.5300734e-02   1.5382068e-01  -3.8444627e-02   1.6804505e-01   1.9018088e-01   2.3616188e-01   1.4841653e-01   1.8095140e-01  -2.2312517e-01   5.2655343e-02   5.7179557e-02   1.5171598e-02   4.9296799e-03  -1.5782330e-01  -1.1332541e-01   4.3587139e-02  -1.6186153e-01  -3.0494626e-02   6.8699009e-03  -2.2854345e-01   7.9813394e-02
  -1.3611929e-01  -8.1077357e-02   7.3058595e-02   4.5546905e-01   5.9930420e-02   4.0038246e-02   1.0103494e-01   1.7122761e-01   2.1640801e-02  -4.1140339e-02   8.0392504e-02   6.6129775e-02   2.2852773e-02   1.0370392e-03  -2.3322210e-01   3.3004128e-02   7.6136404e-02  -3.3000258e-03   9.0402100e-02  -7.2111704e-02   1.3486758e-01  -3.7820041e-02   1.0526722e-01   5.5342401e-02   1.8485531e-01   1.6005193e-01   1.8843397e-01  -3.3847548e-02  -1.9151301e-02   9.0382359e-02   2.9045562e-01   3.2997730e-01  -1.1143528e-01  -1.2549238e-01  -2.3603723e-01  -3.1317901e-02  -1.0142077e-01   7.5039216e-02   1.2378559e-01  -1.1021520e-01  -1.7310174e-01   8.8579766e-02   8.3586275e-02  -1.2200700e-02  -1.3873920e-02   3.1011443e-01  -6.8955531e-02   5.8329122e-02   1.3964176e-01
  -1.5611756e-01   1.7946979e-01  -2.4227335e-03   8.4645089e-03  -2.0302969e-02   5.0918873e-03   4.2916148e-02  -1.6071682e-02  -1.7653187e-01  -6.5745275e-02  -8.4458694e-02  -5.2794723e-02   2.0178529e-02  -3.9794748e-01   2.0480756e-01   8.2296457e-02  -1.7868119e-01   1.6628357e-01  -2.8370725e-02  -1.1372537e-02   1.0125387e-01  -8.4965690e-02  -7.8297974e-02   8.3522607e-02   2.8614954e-01   2.2442920e-02   3.8865094e-02   1.0912450e-01  -1.6727963e-01  -1.9975007e-01   2.7175651e-01  -2.6779710e-01   8.5895231e-03  -6.2255764e-04  -1.8579793e-01   2.0505655e-01  -5.8433585e-02  -2.3438087e-01  -2.5195775e-01  -1.8282444e-01   9.2948620e-02  -8.5781614e-02  -3.2839031e-02  -6.4188602e-03  -5.9080813e-02   2.4336734e-02  -1.4447182e-01   1.1655762e-01  -2.6116126e-03
  -1.6514565e-01   1.9779597e-01   6.2178009e-02   1.4917553e-01  -1.0497014e-02  -1.0553526e-01  -1.1722043e-01   7.2517716e-03  -3.5735053e-01   2.1357073e-01  -5.7709257e-02  -3.4102154e-03   6.4383801e-02   2.3084302e-01  -7.3710473e-02   3.3790683e-02  -1.3356333e-01   1.1136592e-01  -4.1407041e-02   1.1598689e-01  -1.0657112e-01  -1.2555746e-01   7.6626411e-02   1.2581807e-01   1.6055370e-01  -1.8386757e-02   4.2680774e-02  -1.7945220e-01   6.1967214e-03   1.0661070e-01   1.2763245e-02  -1.5072739e-01   2.0468166e-02  -1.1263951e-01   1.4183544e-01  -1.0191698e-01   2.7131495e-02   1.0875813e-02   2.6058605e-02  -2.9039682e-02  -2.4861777e-01   7.6082083e-02  -9.4697166e-02   3.3498822e-02  -6.2552525e-02   1.5382445e-02  -3.7182105e-02  -3.0398316e-01  -4.8115168e-01
  -1.5733326e-01   1.2076318e-01  -6.6436691e-02  -2.7797653e-02   1.4279982e-02  -3.7107983e-01   6.9106060e-03  -1.0858197e-01  -2.9935409e-02  -7.8403580e-02   2.1956614e-02   7.8136383e-02  -2.4180689e-01  -4.4653259e-02   2.0627243e-01   3.5529173e-02   2.6114239e-02   4.3941892e-02  -1.6567647e-01  -4.8835813e-02   2.4273189e-01  -1.8519482e-01  -1.0012355e-01  -7.1984176e-02  -1.6321836e-01   1.3371749e-01   1.0365836e-01  -2.1050078e-01   1.3975404e-01   2.2427185e-02   1.0461211e-02   9.4891802e-02  -3.1715480e-01  -7.3825679e-02   2.8276276e-02  -9.4417201e-02   1.2466920e-01   8.3517699e-02   6.8818708e-02   1.3795130e-01  -6.1592702e-02  -8.6501783e-03  -2.1907962e-01   1.0746073e-01  -2.5406905e-01  -1.7036855e-01  -2.5309765e-01   2.3504708e-02   1.8601021e-01
  -1.6394794e-01   1.6382394e-01   8.4749024e-02  -7.6740972e-02   4.2296944e-02   3.3291508e-01  -5.2829983e-02   5.4013546e-02   1.6405033e-01   1.1008390e-01  -2.7265000e-04   1.3293947e-01  -2.0737665e-02   1.5140928e-01   2.1373192e-02   5.1487462e-02  -2.5304025e-01  -1.6312991e-01   7.4321354e-02  -7.6677117e-03  -2.1207682e-01  -3.3079333e-01   2.7330846e-02   1.5404367e-01  -1.0731293e-01  -9.8170282e-02   9.8381815e-02  -1.1901570e-01   1.1343088e-01   1.3827797e-01   2.4525523e-02  -5.2405259e-02  -9.0692977e-03  -2.3339365e-01  -1.2614498e-01  -2.2551600e-02  -2.2809442e-01   1.6086709e-01  -1.2868572e-01   9.5587678e-03   2.9874691e-01  -1.2761223e-01   7.5671641e-02   2.4951752e-01  -3.0207130e-02  -7.5295074e-02  -1.0006871e-01   3.5167914e-02   1.3927364e-01
  -1.2042697e-01   1.8886764e-02  -5.4331328e-02   6.0217041e-02  -5.1284841e-02   1.3337772e-01   4.2836633e-02  -1.5950266e-02  -7.3778374e-03  -1.1068131e-01   2.9040388e-01  -1.6917250e-01   8.0554963e-02  -1.2638066e-01   1.9211768e-01  -2.2602017e-01   9.3032932e-02   3.9621642e-02   2.3584800e-03  -6.5666959e-02  -1.0945287e-01  -7.2781391e-02  -2.2415194e-02   8.3241314e-02   2.1150939e-01   1.2061254e-01   2.3344459e-01  -1.2158841e-02   1.8803016e-01  -1.8895337e-01  -2.1918674e-01  -2.1270742e-01  -3.1213014e-02   2.1887658e-01   1.1713272e-01  -2.3144895e-01  -3.2050170e-01   3.0002652e-01   1.5261847e-01   7.1131939e-02  -6.8786762e-02  -4.5103565e-02  -1.3536743e-01  -7.6616545e-02   1.2542513e-01   6.4665408e-02  -5.6027498e-03   1.1853586e-01  -2.4483236e-02
  -1.5102656e-01   3.1151936e-02   2.0706004e-01  -8.9473829e-02   7.8779330e-02   5.9869754e-02  -1.0232684e-01  -2.2899336e-01  -7.4691005e-02  -5.4938938e-03   9.5273972e-04  -2.0159462e-01   2.1591558e-01  -2.8256199e-02  -7.9497730e-02   1.2222829e-01   3.6393246e-02  -3.1259045e-01  -2.4930849e-01  -4.3384177e-01   5.5029327e-02  -1.3299280e-01   7.8013833e-02  -1.5282874e-02  -8.7982495e-02   1.0928446e-01  -6.6926821e-02   1.8263382e-01  -1.2875153e-01   9.9511336e-02  -9.4780595e-02   1.0900771e-01   3.8631454e-02   1.3568857e-01  -1.1961737e-03   5.1888443e-02  -9.0766465e-02  -1.6282640e-02  -2.6710858e-01   1.3839412e-01  -2.8444543e-01   2.4208180e-02  -9.1742587e-02   1.5643038e-01  -7.1703690e-02   8.6101658e-02   7.6074094e-02   4.4542961e-02  -9.7248467e-03
  -1.3250613e-01  -9.4081847e-02  -1.2787431e-01  -2.1739421e-01  -9.8349749e-02  -6.1555106e-02  -3.5778167e-01   2.6179609e-01   1.1062235e-01   1.7750077e-01  -3.2122688e-02  -3.1100488e-01   7.2418633e-03  -7.4735343e-02   1.1290891e-02   1.8539232e-01   8.4965922e-02   3.5020024e-02   1.3734141e-01  -9.7239513e-02   8.0812193e-02   3.8118506e-02   7.5479151e-02   6.8232218e-03  -1.5708963e-02   1.9737102e-01  -9.0906127e-02  -1.3006051e-01   3.7595643e-02  -3.7113904e-02  -9.0283642e-02  -1.0628859e-02   4.3018210e-02  -2.5524565e-01   2.9338829e-03   1.5007420e-01  -2.8132771e-01  -3.8993034e-02   9.6557184e-02   3.6995931e-02   1.0986469e-01   3.2771505e-01   8.8398323e-03  -2.2326376e-01  -1.9176207e-01   3.0591412e-02  -4.2132143e-02   3.7573038e-02  -3.5096012e-02
  -1.3488391e-01  -3.2123822e-01   7.8071220e-02  -4.3031199e-02   1.8181913e-02  -5.6786335e-02  -1.1369764e-01   1.1114045e-01   1.6401338e-01   1.3510202e-01   1.6153615e-01   4.9143808e-02  -1.6281468e-02  -8.4352038e-02  -2.7106274e-01  -2.0354702e-01  -8.9132968e-02  -5.0829888e-02  -2.4721197e-01   1.3067553e-01  -9.6697792e-02   1.3422075e-01  -2.0078072e-01   2.1441775e-01  -1.4697178e-01  -7.0547098e-02   5.3661878e-02  -9.7968614e-02  -4.5522950e-02  -2.6446713e-01   2.0694961e-01  -2.4514679e-02   4.6469799e-02   1.7089664e-01  -9.4463861e-02  -5.9024261e-02   6.7694817e-02   6.5592773e-02  -1.7590746e-01   1.0702505e-01  -7.2232828e-02   1.8620554e-01   5.2871970e-02   9.2857498e-02  -7.2796205e-02  -1.2629071e-01  -2.4221905e-01   1.5663157e-01  -1.9543715e-01
  -1.4545214e-01   8.5624632e-02  -1.2066194e-01   1.0692771e-01   1.0682112e-01   1.1504234e-02   1.0488119e-01  -6.5561562e-02   2.7028744e-01  -1.9772252e-02  -7.0858914e-02   1.3126884e-01   7.0934274e-02  -1.6575578e-01  -1.0636915e-01   9.8928636e-02   5.2913895e-03  -9.6653832e-02  -2.1670347e-02   6.2730683e-02  -4.0425304e-01  -1.7574368e-01  -1.9524081e-02  -2.7492303e-01   2.0349874e-01  -2.8291417e-02  -2.2822759e-01   6.1257615e-02  -9.1099429e-02  -1.7136201e-01   2.1670141e-01  -3.4991701e-02  -6.5448258e-02  -1.0292292e-01   3.6854867e-01   8.0482516e-02   9.9644218e-03   2.6798689e-02   1.2717670e-01   1.5627635e-01  -1.0923357e-01   2.3348901e-01  -1.0773832e-01  -1.0925809e-02  -2.3769422e-02  -8.3043522e-02   4.9243202e-02  -2.6892053e-02   1.1851005e-01
  -1.2669663e-01  -6.9105862e-02   1.1167982e-01   2.9824918e-02  -1.4052553e-01   1.3976136e-01   6.7164249e-02   4.4715080e-02   8.7737694e-02  -3.1439617e-01  -5.7401263e-02   6.8665663e-02  -2.4694849e-01   1.8768592e-02  -7.0293975e-02   2.4886393e-01   4.5248285e-02  -1.1757038e-01  -1.0763341e-02  -9.3896151e-02   1.0596421e-02   8.9554834e-02   2.3104600e-02   1.1407218e-01   9.9877808e-02  -3.3828696e-01  -2.6548990e-01   6.0187627e-03   2.1472005e-01  -1.3672557e-01  -1.7116519e-01   1.1302786e-01  -6.7080780e-02  -1.0785241e-01   7.5479479e-02  -8.1618646e-02   2.3370718e-02  -4.3844884e-02  -4.6677803e-02  -1.0290293e-01   7.7159565e-03  -1.5892943e-01  -2.3746020e-01  -1.5006258e-01  -1.2234262e-01   1.7442774e-01  -1.7038860e-01   1.5315093e-01  -2.8833545e-01
  -1.4629506e-01  -7.1651073e-02  -1.3551598e-01  -6.2923284e-02   1.0573645e-01  -9.5722166e-02  -1.9649526e-01  -1.1747056e-01  -1.1612338e-01  -2.6966138e-01  -2.7760213e-01   1.3209425e-01   1.0432745e-01   1.9820896e-02   1.1696795e-01  -2.0173560e-01  -1.7991182e-01   2.6704088e-02   3.1637762e-01  -5.8163197e-02  -2.4217297e-02  -1.0290930e-01   1.3332702e-01  -3.2122187e-02   1.2459162e-01  -7.5257088e-02  -1.0777525e-01  -2.1248158e-02  -1.3079186e-01  -1.9072982e-01  -1.4182851e-01   2.2433687e-01   1.2822598e-02   1.2609812e-01  -1.6297281e-01  -3.2997834e-01   2.8570782e-02  -1.5200466e-02   1.2514241e-02   1.3561159e-01   5.9151430e-02   1.7351314e-01   2.6472184e-01   9.6124222e-02  -1.2408714e-01   2.8435001e-02   4.9416936e-03   6.4397590e-02  -6.2347008e-02
  -1.5589943e-01   1.1385595e-01  -2.5932214e-01   3.0183045e-01  -2.3936722e-01  -2.1164920e-02  -1.2880851e-01  -1.9234219e-01  -2.5475991e-01   9.6185872e-02   4.3791896e-02  -1.0817850e-01  -1.4856698e-01   8.4248553e-02  -1.1081177e-01  -1.4236283e-01   1.4762039e-01  -1.0774042e-01   1.7336962e-01   4.9881627e-02   4.9296792e-02   4.4003217e-02  -2.3865133e-01  -1.7563316e-02  -2.2355737e-02   4.6945849e-02  -1.9870582e-01   1.1219396e-01   1.8870347e-02  -1.1607358e-01   5.9582169e-02   1.5779641e-01   7.8414742e-02  -1.5483363e-01   1.2835214e-03   2.1141653e-01  -3.2985373e-02   2.3510679e-01  -1.7819024e-01   2.0312577e-01   9.0320146e-02  -2.0699353e-01   7.1321106e-02   8.7287038e-03   8.1239694e-02  -1.3971436e-01   9.0453077e-02   1.4652270e-01  -5.2893694e-02
  -1.4118138e-01  -9.9773951e-02  -9.4892741e-02  -5.0664536e-02  -2.2770121e-01   1.1952286e-01   1.2450368e-01   1.5706139e-01   6.7920333e-02   8.9660999e-02   1.5769828e-01   3.7029702e-02  -3.3107382e-02  -5.0583245e-02   9.9607582e-02  -2.5667632e-01  -4.5175165e-01  -6.8069794e-02   1.0642923e-01  -3.2499243e-01   9.6151130e-02  -3.4105058e-03  -3.8310826e-02  -1.5998244e-01  -1.1275380e-02   1.1048779e-01  -2.1510780e-01  -2.1379587e-02   4.4878337e-02   1.5635452e-01   6.9901139e-02   6.6787736e-02  -1.0832440e-01   5.3436543e-02  -7.2228327e-02   1.1533460e-01   1.1527924e-01  -1.0951849e-01   2.5376997e-01  -1.0495067e-01  -8.6175549e-02   9.0710627e-03  -1.3644879e-01   9.2562660e-02   1.6785839e-01  -1.4717925e-01   9.5655011e-02   2.6753134e-02  -2.2098142e-01
  -1.2978235e-01  -2.0929526e-01   1.0277636e-01  -1.2526218e-01   2.5224055e-02   1.7265944e-01  -2.8149190e-01   1.6083659e-01  -1.1005348e-01  -7.5771750e-02   3.1868778e-02   2.0929895e-02  -3.5857077e-02  -5.2358765e-02  -9.6133853e-02  -3.4687140e-02   3.3248653e-01  -1.5786583e-04   1.1166519e-01  -8.7139087e-02   1.4457958e-01  -3.0282294e-01  -1.9359913e-01  -2.6940777e-01   8.0464459e-02  -2.3349788e-01   1.2461488e-01   1.1191373e-01  -2.0246452e-01   1.6276384e-01   1.5320760e-01  -9.7353923e-02  -9.7154113e-02   7.0654129e-02  -2.4057332e-02  -8.9995151e-02   1.5386857e-01   1.0312690e-01   3.0211802e-02   1.9877737e-02   1.7171864e-01  -4.0558004e-02  -1.2514454e-01  -1.1659427e-01   1.2975760e-01  -8.4795984e-02  -6.8204174e-02  -2.2222111e-01  -6.1887236e-02
  -1.4496754e-01  -1.6203581e-01  -4.9925335e-02  -1.3432887e-01   8.7419394e-02  -4.7117141e-02  -2.6314208e-03  -9.2797742e-02   1.2458226e-01   2.8244545e-01  -7.1358116e-02   3.5686419e-01  -1.4181418e-01  -1.4139803e-02   7.2539735e-02   1.4633658e-01  -4.0102761e-02  -1.4345206e-02  -1.3346198e-01   3.9921804e-02   1.8840902e-01   3.1817514e-02  -9.7913199e-02  -1.0539310e-01   2.9060523e-01   1.1572414e-01   2.8724066e-01  -7.3685011e-02  -1.2792265e-01  -6.2703125e-03  -1.8379993e-01   1.6250976e-01   2.7819436e-02   4.5350189e-02   2.1986325e-01   1.3986474e-01  -4.6769030e-02   5.2566543e-02  -4.3253023e-02   4.2114555e-02   1.6543869e-01  -1.0535028e-01   5.7556949e-02   8.5547500e-02   7.2378430e-02   2.2239781e-01   2.1724110e-01   1.4115715e-01  -2.1894618e-01
  -1.5739357e-01   1.5948738e-02  -1.8689254e-01  -2.6898269e-01  -1.0104089e-02  -1.5818407e-02   7.2433614e-02  -1.6559439e-01  -1.4152042e-01  -8.4584836e-02   1.6859029e-01   6.6474890e-03   5.0185344e-02  -6.1997554e-02  -1.0324125e-01   5.5365706e-02   1.4883565e-01   1.1717758e-02   3.8308256e-02   6.6356976e-02  -2.5253875e-01   1.8810608e-01  -1.9230108e-01   7.7091656e-02   6.4024807e-02   1.9738587e-01  -1.4917169e-01  -5.6368219e-02   1.4947979e-01   1.9348609e-01   2.3023411e-02   1.8999086e-02  -6.4680943e-02   1.2352870e-02  -1.5820932e-01  -4.6813611e-02   1.2763985e-01  -9.5831753e-02  -3.3184017e-02   3.1192894e-02   2.3456161e-01   1.6606207e-01  -1.4022815e-01   2.6866530e-01   1.5733642e-01   4.0194116e-01  -9.6432331e-02  -1.7155523e-01   3.0675995e-02
  -1.4029739e-01  -1.0510484e-01  -2.2376980e-01   2.1020853e-03   9.7342851e-02  -5.3011075e-02  -6.1412318e-02  -2.9142063e-02   1.1802563e-01  -4.3225548e-02   2.9827783e-02  -1.8613427e-01   1.5200070e-01  -5.7749663e-02   2.6291591e-01   2.3065010e-01   7.6890420e-03  -1.2857906e-01   1.3944249e-01   2.1963249e-01  -1.5161689e-01   1.1959595e-01   9.2792692e-02  -1.1575522e-01  -1.4504181e-01  -2.3844727e-01   3.7868927e-01   2.1403424e-01   1.1753826e-01   4.4833804e-03   1.3053784e-02   6.6602117e-02  -1.2762459e-01  -1.2303099e-01  -2.3062114e-01   1.5852902e-01   9.8273289e-02  -2.4084246e-02   6.0378677e-02   6.1115691e-02  -2.4183679e-01  -8.7790525e-02  -1.9337030e-02   1.3622126e-01   8.9305597e-02  -4.9065925e-02   8.1892953e-03   1.9813202e-02  -2.2301463e-01
  -1.5191282e-01  -2.9884340e-01   4.2271603e-02   3.7754960e-02  -4.8118839e-02  -3.4609299e-02  -3.1417943e-02  -2.5151261e-01  -1.3130936e-01   1.7071459e-01   8.4715550e-02   9.7057479e-02   1.8697801e-01   5.4895174e-02   1.8969689e-04   2.1291228e-01   3.7029889e-02   6.7214694e-03   1.4390244e-02  -4.2122801e-02   9.7750492e-02  -7.8159577e-02   1.5955301e-01  -2.8988829e-02   1.7833114e-01  -9.3019450e-02  -5.4426535e-02  -1.1005841e-01   5.3339817e-01  -3.8675594e-02   1.2796918e-01   2.1904553e-02   1.1527635e-01   1.6694675e-01   4.5741073e-02  -2.2262102e-03  -2.3363885e-02  -2.3066924e-01  -2.8054216e-02  -2.4608448e-02   4.4457279e-02   2.8345498e-03   1.3891876e-01  -9.7318063e-02   1.5733901e-01  -2.6590698e-01  -6.7040282e-02  -3.1592758e-02   1.9102060e-01
  -1.4908571e-01  -4.8935691e-02   2.3840976e-01   1.5360666e-01   2.1616284e-01  -3.1995755e-02   1.5461620e-01   2.0556029e-01  -1.1624194e-01  -6.0378176e-02  -1.1117369e-02  -2.4205194e-01  -1.9528771e-01  -8.5625950e-02  -1.2187642e-01   7.2686662e-02   6.0489258e-02   6.8733480e-02  -8.5201253e-02  -2.6920966e-02  -9.6259604e-02  -8.0896065e-02   7.3493143e-02   8.2340030e-02   3.7052227e-02   1.4297325e-02  -3.3760262e-02  -5.4313215e-02   1.0288512e-01  -1.5219327e-01  -1.4869997e-01  -4.2503615e-02  -6.8130827e-02   1.4712128e-01  -1.5652271e-01   2.1211450e-01   1.2830785e-01  -8.2028291e-02   2.3450295e-01   2.4693365e-01   2.7007181e-01  -5.1840856e-02   8.6872791e-02   2.0831671e-01  -1.3206781e-01  -1.1608254e-01   3.5748946e-01  -9.4567778e-02  -5.1952406e-02
  -1.4736799e-01   2.0405655e-01  -1.7273452e-01   1.9291188e-01   9.8699065e-02   8.6218364e-02  -5.1861971e-03   7.4492578e-02   1.7644103e-01   4.7114879e-02   7.6484310e-02   5.6993165e-02   1.2628625e-02   2.3522692e-01   1.8023460e-01  -1.0222733e-02   5.8015963e-02   4.5760560e-02  -1.3173907e-01  -1.0454978e-01   3.0898238e-01   9.8677930e-02   5.0260538e-02  -6.1766019e-03  -7.4506384e-02  -2.1893326e-01  -8.1446267e-05  -2.2420649e-02  -4.4708518e-02  -2.4643296e-01   4.4713564e-02  -4.0887884e-02   3.8268688e-01  -2.0083132e-02  -1.2664672e-01  -9.5230988e-02   4.3954284e-02  -9.7230943e-02  -2.3144888e-02   1.2057253e-01   1.0672185e-01   2.4168995e-01  -3.2677376e-01   1.0799650e-01   1.3833336e-01   7.7194048e-02   1.0798225e-01  -1.5320075e-01   8.6687261e-02
  -1.5661634e-01   6.7496213e-02   2.7981126e-01   3.2127187e-02   5.8485424e-02   8.0996442e-02  -2.5040449e-02  -1.4901730e-01   9.0529348e-02  -1.2221074e-01  -1.3249655e-01  -8.2816194e-02  -3.2452619e-02   8.9049715e-02   6.0280479e-02   3.5568780e-01  -8.2279416e-02   1.1106595e-01   8.6867133e-02  -8.0549550e-02   3.3070314e-02   2.9456961e-01  -5.0479947e-03  -4.5091037e-02  -1.1040288e-01   2.6037084e-01  -6.8215424e-02  -1.5404034e-01  -2.1872494e-01  -6.9871115e-02   1.1414318e-01  -1.0783167e-01   2.3501088e-02   3.4127007e-02   1.2215384e-02  -8.0005507e-02   5.2082599e-02   2.0149257e-01   1.8235960e-01   1.3311323e-01   2.6567947e-02  -8.6910575e-02   1.3685308e-01  -2.6520663e-02   3.9290036e-01  -1.1663732e-01  -2.4338688e-01   2.1406339e-02  -7.3341204e-02
  -1.3285946e-01  -2.9239649e-02   7.1967055e-02  -2.0674685e-01  -1.6936307e-01   1.8115711e-02   2.1779953e-01   1.7024952e-01  -1.3118325e-02  -1.3825889e-01  -1.0744938e-02  -9.7081613e-02   3.1521902e-01   1.1603715e-01   1.2834323e-01  -1.1050979e-01   2.0486998e-01   1.6515902e-01   7.0296936e-02  -4.5503065e-02   1.6909489e-01   1.5937257e-01   1.1336788e-01   5.1291696e-02  -1.3089503e-02  -1.6783070e-01  -2.3491419e-02  -1.6293638e-01  -1.8808634e-02  -5.5753929e-02   2.7930343e-01   5.6506344e-02  -1.5918234e-01  -7.1434325e-02   3.7068775e-01   9.5472364e-02  -3.4260582e-02   1.4500025e-01  -1.3851772e-01  -1.8532570e-02   1.9195984e-02  -4.2536700e-02   1.4170048e-01   3.2402598e-01  -1.0807890e-01   1.5163573e-02   1.1718635e-01  -1.5833516e-05  -1.9127238e-02
  -1.3417462e-01   2.4538004e-01  -1.4778124e-01   6.6883965e-02  -1.4687635e-02  -1.2926920e-01   1.1283608e-01   2.0136552e-01  -7.3243585e-03   1.1494784e-01  -3.1285245e-03  -4.8567431e-02   7.2312455e-02   2.3015366e-01  -1.2913586e-01   8.4888460e-02   1.8914920e-02   1.3334840e-01  -1.6004007e-01  -2.4457242e-01  -2.3777869e-01   2.1808530e-01  -7.8193448e-02  -4.5768738e-01   3.4597019e-02  -1.1161173e-01   8.6420586e-02   2.0321151e-02   1.4518689e-02   3.2920872e-02  -1.0023748e-01   3.3153431e-02  -1.2166226e-01   2.5131385e-01  -1.2977854e-01  -8.9194940e-02  -1.1170706e-01   7.2753167e-03  -1.5366468e-01  -1.7494987e-01   1.5815524e-01  -3.2989805e-02   1.4751163e-01  -8.3736670e-02  -1.2385530e-01  -8.3235159e-02  -1.3115990e-01   7.6760525e-02  -2.3797132e-02
