  -1.2769734e-01   1.1545793e-01   6.5740794e-02   2.6162825e-01  -1.7044103e-01   4.6494635e-02  -1.5451063e-01  -5.7374008e-02  -8.6116588e-02   1.9235058e-01  -2.3069918e-01  -6.3728243e-02   2.2369746e-01  -1.4768174e-01   2.7503214e-02   1.5348552e-01  -5.6630087e-02   1.9115794e-02  -1.6043270e-01  -9.0495180e-02  -1.2002894e-01   1.1571627e-01  -2.1137917e-01   3.0909415e-01   3.6537099e-02   3.2515149e-02  -1.8791145e-01  -1.2021659e-01   6.0273808e-02  -1.6134254e-01   2.6527745e-01   1.9736151e-01   3.1972232e-02   2.3216141e-01  -2.0968522e-02  -8.7807657e-03   1.6387993e-01   4.9532392e-02  -6.5788103e-02  -1.9280857e-01   7.8198732e-02  -4.6090866e-03   1.6131185e-02  -2.0217294e-01   2.2873669e-02   1.2899304e-01   8.4352078e-02   1.8915858e-01  -1.0540562e-01
  -1.5905925e-01   1.2476743e-02  -6.3578773e-02  -8.2698922e-02   2.7591237e-01   2.0387992e-03  -2.0238409e-01  -1.2558316e-02  -1.0179091e-01   1.8077871e-01   1.0257180e-01   9.5210366e-02  -5.4463096e-02   1.7043843e-02  -2.6114540e-01   2.3462414e-01   1.4354474e-01   7.0020246e-02  -5.2553459e-02   6.3399796e-02   1.0741544e-01   1.1222115e-01  -2.8637316e-02   1.0991768e-01  -1.9232328e-01  -6.8558929e-02  -3.8666541e-01   1.5012189e-01  -1.8578361e-02  -2.4793728e-02  -7.2071649e-02  -2.4451923e-01   2.5138478e-01  -1.1201069e-01  -1.1268245e-01   7.0792521e-02   7.2271814e-02  -1.5620369e-01  -3.5389882e-02  -3.5528279e-02   9.6049005e-02   1.8007087e-02  -1.0183700e-01   1.8297782e-01   2.6333064e-01   2.1396293e-01   5.3878344e-03  -1.0246106e-01   6.0355564e-02
  -1.3124186e-01   1.4251935e-01   1.2871852e-02   2.0908115e-01   1.1655879e-02  -1.1653653e-02  -3.9365287e-02  -2.5095322e-01  -8.2844309e-02  -2.0295103e-01   2.8549197e-03  -3.8237112e-02   4.2650784e-02   1.1732925e-01   2.1925582e-01   1.3779991e-01  -7.3303652e-02  -2.7476478e-02   2.2381151e-01   1.8316002e-01  -9.0404609e-02   2.9651223e-02  -6.3718529e-02  -1.7148667e-01   1.2000347e-01  -4.6924992e-02   1.3972092e-02  -1.1159372e-01  -1.1144357e-01   1.3533062e-02   1.3223081e-01  -4.6430929e-01  -9.4561328e-02  -6.6055130e-03   1.5373057e-01   6.7774257e-02  -8.1590159e-02  -1.3244752e-01   1.6421849e-01   3.9912982e-02   2.6397080e-01  -2.0041481e-01  -1.6210766e-01  -1.5893658e-01  -7.5425891e-02   2.0292617e-01   1.2029350e-01  -3.7122431e-02   1.8166916e-02
  -1.3213640e-01  -9.6766573e-02  -2.0026042e-01  -1.1617114e-01   4.7356859e-02  -1.1609416e-01   6.2774385e-02   1.7183093e-01  -2.8846114e-01   1.6559523e-02   1.0053577e-01  -9.5908347e-02  -2.1250423e-02  -1.6186941e-02  -6.0721100e-02   6.6756353e-02  -2.2710143e-02  -1.1220300e-01  -2.0054922e-01   2.8695634e-02   3.4748416e-02  -1.4431754e-01   4.1334806e-03   1.6917268e-01   1.8585785e-01   8.5474131e-02   2.4050739e-02  -1.2028374e-02   6.2143590e-02  -1.9832349e-01   1.4921521e-01   8.5883127e-02   1.4480949e-01  -1.1461715e-01   4.0524371e-01  -5.2088091e-02  -2.0498672e-01  -4.1457837e-01   1.5604234e-01   4.7464266e-03  -1.0174739e-01   7.4479744e-02   1.1859737e-02   5.2966261e-03  -2.5879494e-01  -9.7780034e-03   1.1757251e-01   1.2093302e-02   4.5797155e-02
  -1.2396591e-01  -1.3354121e-02   1.6749461e-01  -1.4004764e-03  -9.3965434e-02   3.0533888e-02   9.0025499e-03  -8.7084772e-02   1.2498517e-01  -3.9096212e-01  -9.9285981e-03  -2.7155327e-01   3.5405051e-02   1.5111650e-01  -2.4656657e-01  -4.5656786e-02  -7.0019372e-02   1.1096195e-01  -1.7777273e-01  -9.5726146e-02   1.1934725e-01   1.5635117e-01   2.1200445e-03   4.5517097e-02   3.2947385e-02  -1.5264177e-02   1.5397627e-01  -2.3602885e-02  -3.0551388e-01  -1.5797848e-02  -2.2587109e-02  -5.0780065e-03  -1.0369589e-03   2.6529331e-01  -8.9870265e-02   2.6000753e-01   3.2490635e-02  -3.6717301e-01  -1.1676141e-02  -1.1684083e-01  -7.6328393e-02   5.6603559e-02   1.9150539e-01   1.0859238e-01   1.5869182e-01  -4.7996264e-02   7.7813944e-02  -6.2535095e-02   2.3709229e-02
  -1.2596562e-01  -1.2627228e-01  -1.1969500e-01   8.0709588e-02   2.8250061e-02  -1.2311786e-01  -9.4071301e-02  -2.0257161e-02   1.5247263e-01   1.7231067e-01   9.1673998e-02  -1.2590433e-01   5.3378220e-02  -3.7985448e-02  -1.5310405e-01  -3.6778393e-01   2.8054972e-02   1.2445495e-01   1.6622642e-01  -2.2200104e-01  -3.8966711e-01   3.0966044e-02   9.3403077e-02   3.2062230e-02   3.1258587e-01  -4.2864893e-02  -1.2066064e-02   1.7235602e-01   6.8017757e-02  -6.5137613e-03   6.0633271e-02   2.3205836e-02  -1.9203978e-01  -1.1137432e-02  -2.2890028e-02  -8.9288361e-02  -1.2820656e-01  -3.0962185e-02   4.7765654e-03  -1.8189988e-01   1.8773849e-02  -1.9506824e-01  -2.6225176e-02   2.6720501e-01   4.5907462e-02   2.2933155e-01   7.0227094e-02  -1.4565940e-01  -2.3807943e-02
  -1.1826001e-01   9.8675233e-02  -2.9812915e-02  -4.0441460e-02   3.4730461e-01  -7.7597649e-02   4.9578918e-02  -3.5981617e-01  -6.3649299e-02   7.8923747e-02  -1.5365026e-01  -2.5322589e-02   8.6981777e-03   1.5809883e-01  -7.6632950e-02   9.1389173e-02  -1.1534964e-01   1.2338264e-01   3.7915488e-02  -3.4617744e-02  -2.4210517e-01   4.1540187e-02   1.5041629e-01  -1.0189150e-01  -1.1420563e-01   1.3859601e-01   1.2945951e-01   2.7374344e-01   1.3882764e-03  -8.5169160e-02  -1.3155627e-01   1.6078302e-01  -7.8626756e-02  -2.1890297e-01   3.5345701e-02   3.0174330e-02   1.5137026e-02   5.5784488e-03   1.2546046e-01  -1.6974250e-01  -8.4410413e-02   1.3567714e-01   1.7144084e-01  -3.5007773e-01   8.2801469e-02  -7.6515581e-02   4.5029564e-02   1.8564361e-01   1.2137553e-01
  -1.4927332e-01   2.0905164e-01   1.4662128e-01   7.5249113e-03   2.3835107e-01  -3.0041412e-01   7.8430669e-02   8.1427748e-02  -3.0702006e-02  -1.5444808e-01  -4.2071830e-02   8.0132074e-02  -1.2838681e-01  -4.1953195e-03   1.2681499e-01  -2.7621988e-01  -5.1463707e-03  -1.1330639e-01   1.0060578e-01   2.3897119e-01   9.4030784e-02  -2.2255110e-02  -5.5022629e-02   2.4249904e-01   1.0752095e-01  -7.9614199e-02   1.2582414e-02   2.1641176e-01   1.9436816e-01   1.2036490e-01   6.8186129e-02  -1.0523917e-01  -4.8554601e-02   2.0052136e-01   2.1038325e-02   1.3138550e-03   5.3698483e-02  -1.0762663e-01  -2.4576267e-01  -2.3454187e-01  -5.1840047e-02   1.3535172e-01  -1.5590687e-01  -1.5957805e-02   3.9486031e-02  -7.7262992e-02  -2.5941781e-01   1.8200789e-01  -1.3947148e-02
  -1.3543791e-01   1.2117124e-01   6.0931960e-02  -4.6495045e-02  -1.8048499e-01   2.8879339e-01  -2.3900569e-01  -5.9706864e-02   6.1695572e-04   3.9184523e-02  -1.5814938e-01  -2.0982702e-02  -1.2583637e-01  -1.5412538e-02   9.5133418e-02  -1.9489667e-01   7.6321854e-02  -7.6021107e-02  -5.2408725e-02  -5.8382780e-02  -3.3143350e-02  -4.4878476e-03   2.1881701e-01  -1.8454204e-01   3.3916844e-02   5.4077265e-02   9.9470666e-02   9.5505697e-02  -3.3972222e-03  -1.0261194e-01   3.9187494e-02  -1.2577574e-01   3.7639552e-01  -2.0386638e-01   2.5260834e-01   5.7148679e-02   2.6172490e-01   1.0244259e-02  -1.1267607e-01  -2.6542019e-01   1.1028093e-01  -1.0964177e-01  -1.0036962e-02   1.5346228e-01  -5.0818027e-02  -2.6041301e-01  -5.3926951e-02   1.7401469e-02  -1.3796758e-01
  -1.4612416e-01   1.2993659e-01  -1.1653080e-01   1.5241966e-01  -1.6666814e-01  -1.5442032e-01   5.4281209e-02   7.2742762e-02   1.6736755e-01   1.0692728e-01   2.0320355e-01  -1.5019439e-01  -2.5060743e-01  -1.7535675e-01   1.4761305e-01  -1.0258333e-01  -5.2951422e-02   1.8634547e-01   1.1100045e-01   7.7363277e-02   5.2513293e-02   1.8173459e-01  -1.6728463e-04  -1.0687906e-01   6.8900500e-02   1.8895160e-01  -1.2494015e-01  -5.2866046e-03  -5.1199571e-02   2.0073056e-01  -1.3485445e-01   1.9999143e-01   2.1425757e-01  -7.6024868e-03  -8.4307013e-02   1.3293590e-01   1.5601405e-01  -5.4324034e-02   2.1685464e-01   5.8894068e-02   7.3006000e-02   2.3212135e-01  -2.0343755e-01   3.6561805e-03  -8.0662092e-02  -2.1249225e-02   2.4937308e-01   1.6868917e-01   1.7017780e-01
  -1.5126516e-01  -8.6765397e-02  -1.9633308e-01   2.2090126e-02   8.3165530e-02   2.6386212e-02   9.1717097e-02   3.7513972e-02   2.9275400e-01  -6.2567674e-02  -1.0831863e-01  -3.3773937e-01  -1.6682291e-02  -1.7932748e-01   6.8533161e-03   1.9458286e-01   3.7299670e-01  -4.0725347e-02   2.9174327e-02   2.3827679e-01  -1.0194825e-01   4.0453774e-02  -3.9688425e-02   9.3168697e-02  -1.1856736e-01   7.7171662e-02   2.4659778e-01   6.4119288e-02  -3.8037994e-02   8.9671443e-02   1.1981218e-01  -1.9336902e-01   6.2716554e-02  -1.0488271e-01  -1.0239323e-01  -2.1076215e-01   4.5796963e-02   5.3686728e-02  -1.8563111e-01   3.5729186e-02  -1.5347914e-01   1.1660693e-01   1.3351888e-01  -1.9852148e-02  -1.3147836e-01   9.7954183e-02   1.4123138e-01   1.4758230e-02  -2.1798152e-01
  -1.5270343e-01   1.6234944e-01  -1.2402729e-01  -9.5343619e-02   8.0146087e-02  -1.1216290e-02   4.8817256e-02   1.9187764e-01   2.7308697e-01  -1.5769554e-02  -5.4837396e-02  -8.8925182e-02   3.4455359e-02   2.1697362e-01   1.3606260e-01  -1.5208949e-02  -1.0918226e-01  -3.5590048e-02  -1.9522186e-01  -3.1595570e-01   2.8996622e-02   2.7929709e-01   9.6410221e-02   5.2564994e-02  -1.1875275e-01  -2.4031073e-01  -1.1950849e-01   9.1450885e-02   2.0279654e-02   2.3339726e-01   1.6334724e-01   6.9265176e-02   3.1522827e-02  -1.0862679e-01   1.2782715e-01   5.5367785e-02  -2.2745499e-01   4.5405461e-02  -1.5448688e-03   1.3610175e-01   2.3447627e-01   8.0211553e-02  -5.1237661e-02  -2.1969646e-01  -4.7673303e-02  -2.7717035e-02  -1.0801089e-01  -1.7162755e-01  -2.0848735e-01
  -1.3627945e-01   4.4600970e-02  -1.4542003e-01  -2.7234462e-01  -1.5469678e-01   1.6777499e-01  -2.3488806e-01  -1.1890030e-01  -9.7533892e-02   4.5094194e-02  -3.3329522e-02   2.0495375e-02   3.0703811e-01   1.3540368e-01   9.7098474e-03   1.4419450e-01   1.8035530e-01   2.5475299e-03   1.0921412e-01   1.5583351e-01   8.1626935e-03   2.0954300e-01  -2.6884725e-01  -1.8311389e-01   2.0293159e-01  -1.3659575e-01  -7.4337563e-04   1.2827336e-01  -6.4282971e-02   1.4206187e-01  -8.3996493e-03   1.8163192e-01  -1.5569807e-01  -1.1141878e-02  -6.6239303e-02   5.2184853e-02  -1.8886094e-01  -2.3779133e-02  -5.8364590e-02  -1.6458951e-02  -9.7883118e-02   1.4627736e-01  -1.6671149e-01   1.8842952e-01  -1.5188651e-01  -1.6940492e-01  -1.1445450e-01   1.7211749e-01   6.1681270e-02
  -1.4899816e-01  -2.2587009e-01   8.9385572e-03   9.1510859e-02  -4.5723820e-02   1.8108211e-01  -7.5337239e-03   8.2347913e-02   1.9933172e-01  -1.5878815e-02   2.7114963e-01   6.2734221e-02   2.6856628e-02   9.1682503e-02  -3.2821264e-01   3.0679536e-02  -2.0046242e-01  -8.9164163e-02   1.5998368e-01   7.2938286e-02  -1.4639299e-01  -6.9042121e-02  -1.6093096e-01  -1.9317805e-02  -2.2307146e-01   1.4746399e-01  -1.1343122e-01  -3.1755177e-02   6.3996390e-02   1.3731066e-01  -1.7328886e-01  -1.9216730e-02   1.3383591e-02   8.5443625e-02   1.4395173e-01   1.2106240e-01   7.5595966e-02  -3.6642763e-02   5.0034772e-02  -1.8980198e-01  -2.0481723e-02  -4.4122382e-02   1.6142637e-02  -1.5156969e-01  -3.4228086e-01   5.8626168e-02  -3.0543157e-01   8.6127281e-02  -1.8915902e-01
  -1.5322454e-01   5.1633976e-02   1.2488645e-01   5.0814739e-03  -1.5733406e-01  -1.1238817e-01  -2.5284795e-01  -1.4237663e-01   1.1163030e-01  -2.4365986e-01  -1.2471031e-01   2.2752036e-01  -1.0403701e-01   1.3958094e-01   1.1880774e-02  -1.8054517e-01   3.2968541e-02   1.7316715e-02  -1.9829581e-01   1.2213038e-02  -8.6538377e-02  -7.0953705e-02  -2.0845062e-01   1.3457027e-02  -1.3794541e-01   1.4004065e-01  -6.6426556e-02   6.8674722e-02   1.9181162e-01   7.6475239e-02  -3.0003972e-02   1.0118175e-01   5.6192746e-02  -1.5570098e-01  -7.2500444e-02  -1.7032736e-01  -4.0347639e-02  -1.0194880e-01  -1.8161618e-01   2.7655485e-01   9.0525939e-02  -7.7594670e-02   2.4446713e-01   4.6143204e-02  -2.3285259e-01   1.9543572e-01   7.8789746e-02   1.4389194e-03   2.7928459e-01
  -1.6049583e-01   9.7717325e-02   2.4359743e-01   1.2927350e-01  -1.5219807e-03   6.6761016e-02  -2.6606212e-02   1.2133375e-01  -1.2717806e-01   4.7902448e-02  -1.0444486e-02   1.0885647e-01   1.3385973e-01   7.6186373e-02   1.5185893e-02  -3.1881336e-02  -7.4662909e-02  -9.2974816e-02   1.2975094e-01   1.9201102e-01   1.3913563e-02  -1.0273569e-02   6.1832182e-02   1.4136337e-01  -1.3788349e-02  -2.9968939e-01   5.0746139e-02   3.9085345e-02   2.4947794e-02   2.8807967e-01  -1.8887503e-02   7.5904242e-02   2.3990436e-01  -6.0074293e-02  -2.5507902e-02   1.0861777e-01  -1.0395423e-01   2.0005726e-01   2.0606007e-01  -1.2511079e-01  -3.6935357e-01  -9.7523522e-02   2.0533835e-01   1.0757073e-02  -6.9259555e-02   3.5983965e-02   3.3159026e-01  -2.2367434e-01   2.5456557e-02
  -1.4600251e-01  -5.9452549e-03  -5.5620781e-02   2.7442082e-02   1.0577509e-01   1.8797505e-01   1.8767448e-02  -1.6817979e-01  -2.5304778e-01  -7.0343046e-02   5.4947223e-02  -3.2639343e-01  -2.8010181e-01   5.6237087e-02  -2.2191790e-04  -3.5974253e-02   5.9003799e-02   1.8386999e-01   1.1523211e-03  -1.4198101e-01   1.8144428e-01   7.3736774e-02   2.0351798e-02   2.1418959e-02   8.9878879e-02  -1.9127842e-01  -2.0328905e-01  -1.1624838e-01   4.3016470e-01  -5.7523609e-02  -1.9049900e-01  -9.0136968e-02  -1.3746312e-01   8.1114583e-02  -1.0361144e-01   3.0117703e-02   6.6743729e-03   1.0894355e-01  -2.2227631e-02   1.1735774e-01  -8.9481900e-02  -1.3596298e-01   1.5034965e-01   2.6159575e-04  -1.9982076e-01  -1.1812978e-01   6.3275463e-02   1.2681079e-01  -1.5125440e-01
  -1.3789276e-01  -2.0142255e-01   1.3858534e-01  -5.4152971e-02  -4.2079098e-02   2.9752159e-03  -1.3332227e-01  -1.0412856e-01  -2.1159297e-01   1.7367818e-01  -8.3627520e-03  -6.4407878e-02   6.0111721e-02   2.4823023e-01   1.9385703e-01  -1.3741653e-01   2.0271852e-01   2.9946842e-02   1.0149078e-01  -9.1961190e-02  -3.0581507e-02  -1.2163472e-01   2.9915620e-01   3.2182680e-01  -6.8422044e-02   6.7398385e-02   6.1082838e-02  -1.5655474e-01  -2.1539168e-01   1.2674503e-01  -3.7322524e-02  -7.9641868e-02   2.2456095e-02   1.0582299e-01  -1.6644687e-01  -1.2423046e-01   6.1118319e-02  -2.2102836e-02   2.1141857e-01   8.5531444e-02   1.5708361e-01   3.0599852e-01   3.7387708e-02   1.1748338e-02  -1.6068262e-01   6.2240533e-02  -2.2174963e-01   3.0598623e-03   5.0931429e-03
  -1.3853363e-01   3.3645544e-02   1.4183954e-01  -7.4970872e-02   5.7373964e-02   1.4242469e-01   1.5529958e-01   1.5653708e-01  -3.9459886e-02  -1.8803630e-02   1.7475899e-01   7.6581106e-02   2.8645296e-02   5.3679508e-02   1.2761310e-01   3.6902706e-01  -1.1968001e-02   2.6581090e-01  -1.3637720e-01  -2.5461209e-01   1.6531765e-02  -1.4444228e-01   3.5147701e-02   2.8275914e-02   1.6293342e-01  -2.4915615e-03   3.9507949e-01   1.1761404e-01   1.3153786e-01   1.7897244e-01   1.4684027e-02   6.3101069e-02   2.9143357e-02  -4.0927697e-02  -8.5524954e-02   4.1979281e-02   2.3247849e-01  -1.5400566e-02  -9.2617261e-02  -4.6650722e-02   3.2158082e-02  -1.9619064e-01  -1.8329212e-01   5.7131361e-02  -6.8547785e-02   2.6475078e-01  -7.4906926e-02   9.8472813e-02   1.2934354e-01
  -1.3628183e-01   1.6176296e-01   2.2116391e-02   5.6616040e-02   3.7763373e-01  -1.8834631e-02   1.7186896e-02   2.1072321e-02  -5.8216199e-02  -1.1417116e-01   1.8792196e-01   5.5277144e-02  -4.4213017e-02  -1.9184349e-01   7.5078114e-02  -3.3484895e-02  -1.7752156e-02   1.6396123e-03  -2.1409464e-01   1.7544308e-03  -1.3690610e-01   1.8187076e-01  -2.2581289e-01  -7.3719501e-02  -1.0151831e-02  -4.4296771e-02   5.3969748e-02  -2.3512385e-01  -1.9659481e-01  -1.5813434e-01   9.9387237e-02   3.8501207e-02  -8.7890288e-02  -7.2391242e-02  -5.1166736e-03  -2.0688507e-02   1.2961293e-01   2.7159266e-01   1.7879198e-01  -1.1561965e-01   7.3557547e-02   1.2022293e-01   1.8205847e-01   2.9157363e-01  -2.1641965e-01  -5.3343130e-02  -2.0546077e-01  -1.5991658e-01   1.1428408e-01
  -1.5419679e-01  -2.6265762e-01  -1.6405415e-01   2.2557216e-01  -1.7259860e-01  -1.3861175e-01   1.3328700e-01  -1.5631909e-01   5.2387737e-02   6.5665602e-02  -2.5987643e-02   7.7495063e-02   3.5554291e-02   1.4838432e-01   5.7324006e-02   1.5068594e-01  -2.3549215e-01  -2.1795733e-01  -1.4975136e-01   1.0419815e-01   1.1434664e-01   1.9202042e-02   1.7898155e-01   1.8941743e-02   1.5640166e-01   8.3077292e-02  -1.0060570e-01   1.5756412e-01   1.2342446e-01  -4.6497779e-02   2.3215995e-01  -8.8027126e-02  -1.7726710e-01  -1.9333947e-01  -2.1847481e-01   2.3700921e-01   2.5119278e-01   6.1042219e-02  -3.6102765e-02   7.1081610e-02  -1.0871469e-01   8.0440901e-02   3.1088872e-02   1.4982419e-01  -5.1369909e-02  -1.2676314e-01  -9.1959079e-02  -1.7798380e-01   3.6765058e-02
  -1.4686571e-01  -1.8376664e-01   1.1014429e-01  -9.9771239e-02  -1.7962341e-01   7.7498444e-02   1.5155776e-01  -4.6890747e-02  -8.3193533e-02   5.4841142e-02  -1.0978676e-01   1.0890315e-01  -9.9718630e-02  -6.2879000e-02  -7.9740963e-02  -2.4786067e-01   1.3637585e-01   3.7931806e-01  -1.8320043e-01   2.7723193e-01   9.7520236e-02   2.4076739e-01  -8.1254406e-02   3.9408145e-02  -1.1928298e-02   3.9770184e-02   7.3832582e-02  -1.8910992e-01   4.9232829e-02   3.1228877e-02   5.1503330e-02   1.5719645e-02  -1.6819943e-01  -2.6217970e-01   1.3199561e-01   7.5101661e-03   1.8061515e-02   5.9380313e-05   8.1652923e-02  -6.7267382e-02  -1.1792442e-01  -3.6706403e-02  -1.9365631e-01  -2.4220189e-01   1.5563319e-01   1.2319127e-01  -1.4732946e-01  -2.1047984e-01  -5.4593296e-02
  -1.3146852e-01  -1.4888208e-01   1.9901058e-01   7.2707880e-02  -1.2971335e-02  -1.0690403e-01  -1.6973705e-01   8.9339465e-02  -1.3943531e-01  -2.2502892e-02   2.9544834e-02  -7.9647784e-02  -3.3014118e-01   9.9851996e-02   9.5237215e-02   1.1664632e-01   2.2312459e-02  -1.0779593e-01  -2.1023858e-01   1.5666160e-01  -4.3686323e-02  -1.2080401e-01   1.5582898e-01  -2.7348880e-01  -8.2083924e-02  -5.2062982e-02  -5.7499696e-02   1.0737800e-01  -2.2366480e-01  -1.2069084e-01  -7.0957363e-02   2.6424543e-01  -1.8337391e-01   9.7948160e-02   4.5490853e-02   7.5028576e-02  -1.6700700e-01   1.8312033e-01  -1.8880563e-01  -8.2185326e-02   8.5640604e-03   7.7758097e-02  -1.6523882e-01   3.9356764e-02  -2.1032662e-02   2.6758441e-01   1.1737198e-01   2.3261790e-02  -2.4941232e-01
  -1.4014433e-01   9.0795335e-02   1.6857220e-01   1.7727798e-01   2.8188101e-02  -6.8962053e-02   4.3263839e-02   3.0202750e-01   2.4895121e-02   2.8462384e-01  -2.2608405e-02  -9.8043576e-02   1.5621497e-01   2.1389953e-01  -1.5116688e-02  -7.4845015e-02   1.6949549e-01   4.2756088e-02  -1.7870681e-01   8.9831585e-02  -1.4739182e-01  -2.7291349e-02  -3.1022573e-02  -3.0740364e-01  -2.4878421e-01  -6.0056574e-02   1.5508143e-02   6.8061396e-02   1.1017772e-01  -6.3261786e-02   6.9153547e-02  -1.0788980e-01  -1.6724625e-01   1.8517893e-01   5.8342972e-02  -1.0534472e-01   1.8950036e-01  -1.8739363e-01   2.0285586e-01   2.5182419e-01  -1.1777881e-01  -1.2927148e-01  -2.2368030e-02   7.7502591e-02   8.0517445e-02  -2.1413702e-01  -5.6472082e-03   1.0304792e-01   4.5003303e-02
  -1.5937695e-01  -1.9338281e-01  -1.7100628e-01   5.0780951e-02  -5.4531978e-02  -9.8045492e-03  -1.9484217e-02   1.2449893e-01  -2.1440033e-01  -1.6808594e-01  -1.0427108e-02  -7.0642648e-02  -6.3533997e-02   4.6056663e-02  -6.2639454e-02   8.6698886e-03   5.1597035e-02  -4.0758119e-02   2.3998268e-01  -6.5780669e-02   9.9360848e-02   9.5014678e-02  -1.2527404e-01   2.5524565e-01  -2.6643423e-01   1.7467723e-02   1.0451496e-01   2.4572289e-01  -1.4007332e-01  -7.3168932e-03  -1.4624379e-02   1.3048718e-01  -1.8594207e-01   6.1063683e-02   2.2224393e-01  -8.2253795e-02   1.9108080e-01   2.1432970e-01  -5.0468774e-02   1.3541367e-02   2.2798331e-01  -2.0461413e-01  -1.1125080e-01  -7.0847416e-03   4.8662947e-02  -2.3503399e-01   1.7219679e-01  -1.3623618e-01   2.4438814e-01
  -1.3654148e-01  -9.6205902e-02  -8.9591506e-02   2.0025633e-01   1.7792260e-02  -7.0416564e-02  -1.4549344e-01  -1.9620921e-01   1.4354844e-01  -1.5024364e-01   1.3333764e-01   2.4862982e-01   1.1599734e-01  -1.4272284e-01   4.1408486e-03   1.7304799e-01  -4.6317571e-02   3.0497259e-01  -8.3594046e-02   2.2681145e-01   3.7043830e-05  -7.5044848e-02   2.2161066e-01   9.6649591e-02  -4.3950481e-02  -1.0076596e-01   1.5797621e-01  -1.7490444e-02   1.9773708e-01   9.0860362e-03  -5.2884620e-02   1.5143967e-01   8.7410942e-02   1.6064053e-01   1.2066546e-01  -1.3889035e-01  -1.8159545e-01   1.0621996e-03   1.2263636e-01   8.1405779e-02   2.1071449e-01   1.0138712e-02   1.6011944e-02   1.8313775e-01   1.6572788e-01  -2.5773206e-01  -1.8757789e-02   2.7562877e-02  -2.3936015e-01
  -1.5615607e-01   9.4972968e-03   6.6121144e-02  -6.6959304e-02   2.8301465e-01   1.8851555e-01  -2.2480707e-02  -1.3465093e-01   2.3078088e-01   2.2260742e-01   8.9503495e-02   3.3558279e-02   6.1903833e-02   4.6950767e-02   1.7500090e-01  -1.2157081e-01  -5.4547802e-02  -2.4777594e-01  -1.7379058e-01   6.7327657e-02   2.4286113e-01  -7.2167959e-02  -1.3349688e-01   2.0286504e-01   1.7052725e-01   2.6940881e-01  -1.9162336e-02  -7.2257610e-02  -2.0143194e-01   1.0782223e-01  -2.1811954e-01   7.6691336e-02  -1.8735529e-01  -7.8139615e-02   3.3431164e-02  -5.8345089e-02   1.2073703e-02  -5.5214217e-02   1.3527324e-02   7.8259676e-02   2.1281762e-02  -2.8483740e-01  -1.8784965e-02   3.4070953e-02   1.2206552e-01  -8.1638775e-02   1.9142339e-01   9.3275596e-02  -1.6908570e-01
  -1.6187642e-01  -9.6510115e-02   4.3946631e-03   2.1751969e-01   3.9499707e-02   1.0411240e-01   6.7389922e-02  -1.4887195e-01   3.3525390e-03  -6.2601853e-02  -6.5540830e-02   2.5004609e-01   6.9293027e-02  -1.6364915e-01  -9.2287834e-02  -1.3263887e-02   1.8679246e-01  -3.1665647e-01  -7.3063412e-02  -3.4502215e-01   1.9476004e-01   1.5424866e-01   6.0064349e-02  -2.4092584e-01   4.8814829e-02  -2.9853829e-03   5.8932070e-02  -5.5821453e-03   1.4355976e-01   9.2105422e-02  -1.7354268e-01  -7.2141136e-02  -4.4503595e-02   2.0064790e-01   1.4364571e-01  -2.5653521e-01   2.9140289e-02  -4.1608734e-02   5.4437641e-02  -8.4868763e-02  -1.1290686e-01   2.9313374e-01  -1.4880616e-01  -6.4867204e-02   1.1105291e-02   1.2300341e-01   1.1359149e-01  -1.0638156e-01   8.8657014e-02
  -1.4611128e-01   7.5200215e-02  -9.2685867e-03   3.2223483e-02   8.1007299e-02  -1.9037824e-01  -8.3801593e-02  -4.6058875e-02   6.7221662e-02   6.0716984e-02  -3.7640672e-01  -1.3956041e-01   2.9187578e-02   1.8411508e-02  -1.1892543e-01   1.0167145e-02  -1.3872286e-01   1.6476716e-01   9.1594383e-02  -1.6366186e-01   1.4806116e-01  -4.7780463e-01  -3.4439839e-01  -6.1305337e-02  -1.8374896e-02  -2.4313436e-03   9.4723951e-02  -8.9768970e-02   2.0639180e-02  -3.3497512e-02  -1.1622209e-01  -4.6387847e-03   5.7011136e-02  -7.0802892e-02  -4.7564311e-02   6.6215351e-02   1.3420881e-02   5.3833757e-02   7.0223746e-02   1.5022026e-02  -2.2812030e-02   1.5555364e-01  -2.7353648e-01   8.1449519e-02  -6.8055425e-02  -8.8143079e-02   4.5163862e-03  -2.8770430e-01  -1.5491750e-01
  -1.5983593e-01  -1.7315539e-02  -1.6772952e-01   2.7253719e-02  -2.4561095e-02  -3.4644248e-01  -1.1870864e-01  -1.4073862e-01  -1.0676787e-01   1.3200950e-01   1.1951868e-01  -3.0374207e-02   1.2323223e-01  -1.7365603e-01   2.3240402e-02  -1.1315008e-01  -6.3506610e-02   1.0816108e-02  -2.7302536e-02  -1.3789674e-01   3.2403660e-01   8.7067889e-02   8.2476618e-02  -1.6748080e-01  -2.5438005e-01   3.1394480e-02   1.6118535e-01  -5.2134718e-02  -1.7339257e-01  -3.9145940e-03   1.1187303e-01  -3.4142354e-02   1.6647382e-01   5.0376871e-02  -1.7900614e-01  -3.7044430e-02  -1.8369729e-01   2.3787210e-02  -9.2376596e-02  -5.9020260e-02  -2.0122154e-01  -3.8895224e-01  -1.7486593e-02  -1.0788465e-01  -1.2393764e-01   2.1991735e-02  -1.8478622e-01   1.1993476e-01   2.1134959e-02
  -1.2708325e-01  -1.3858641e-01  -9.3812301e-02  -1.2989275e-01  -3.3884657e-02  -1.9585460e-02  -1.6789060e-01   1.8924216e-01  -1.0653694e-01   6.2406515e-02  -1.1935228e-01   9.9574127e-02  -1.3852903e-01  -6.5012725e-02   3.2523174e-01   1.1983066e-01  -3.1882028e-01   4.6614153e-02   1.2541183e-01  -1.5631995e-01  -1.6470332e-01   1.4044615e-01  -7.8283744e-02  -2.2995763e-02  -2.1464577e-01   1.5759544e-01   7.8309572e-02  -2.5521754e-01   1.1028699e-01   1.7800999e-01  -4.2827860e-02  -1.8842212e-01  -1.7058391e-01  -5.0939939e-03   7.3524548e-02   3.5695169e-02  -7.9821490e-02  -1.5080025e-01  -1.1946063e-01  -1.0341254e-01  -1.7801822e-01   1.1583344e-01   1.6342890e-01   1.9653946e-01   2.3701986e-01  -3.0455049e-02   8.6754217e-02   5.3334657e-02  -4.2671602e-02
  -1.5931564e-01   1.2079553e-01   6.7149924e-02  -1.2094870e-01  -2.6635723e-01  -2.2135174e-01   3.3268079e-01  -2.5441513e-02  -3.0538965e-02  -1.3832341e-02  -1.0516419e-01   1.9943746e-01  -2.5112069e-02  -1.4081014e-01  -1.0355514e-01   5.7448777e-02   3.6507523e-02  -1.7038239e-01   7.8271706e-02  -1.0180968e-01  -9.5616489e-02   5.0865616e-02   1.7795472e-02   1.1101752e-01  -1.1614268e-01  -3.3047182e-01   1.2039921e-02  -5.4775451e-02  -1.2486167e-01  -1.2583407e-01  -2.5560233e-01   8.5435190e-03  -1.3118259e-01  -2.6254433e-01  -1.1586369e-01  -2.4995420e-02   9.5384072e-02  -1.6144189e-01   1.0629521e-01  -1.3133353e-02   1.3580099e-01  -8.5655694e-02   1.3264941e-02   1.5014924e-01  -7.9228620e-02   1.3348584e-02   6.7641090e-02   2.4412839e-01  -2.5165514e-01
  -1.5855393e-01   1.8805450e-01  -1.5845264e-01   2.5567826e-01  -3.4544649e-02   1.6438649e-01   2.3863768e-02   2.4184862e-01   9.6393031e-02  -9.4800096e-02  -1.5584903e-01  -9.6755661e-02   5.0706931e-02   4.6728445e-02  -9.2232242e-02   1.6000713e-02   1.8278696e-01  -9.4910666e-02   2.7126554e-02   5.3286983e-02   1.4529553e-01  -1.9717571e-01   2.2086258e-01   3.0147962e-02  -7.4841798e-02   9.8779580e-02  -3.4107105e-02  -2.6779375e-01   9.9362364e-02  -2.4205642e-02  -4.7482885e-02   7.8029128e-02  -1.6745929e-01  -2.0784155e-01  -7.0447030e-02   1.3495361e-01  -2.9545309e-01   5.3974588e-02   3.7878813e-02  -2.2464543e-01   1.1141965e-01  -3.4027325e-02   2.4676558e-02   8.2547846e-02   1.4747149e-01   6.3296708e-02  -1.4795767e-01   1.7216618e-01   3.1429242e-01
  -1.2736105e-01   2.4163867e-01   7.6563507e-02   1.2457906e-01  -1.5396405e-01  -8.2566351e-02  -2.2043243e-01   1.5542219e-02  -8.4506769e-02  -1.8164623e-02   1.6894684e-01  -1.2344058e-01   8.0224476e-03  -2.1373630e-01  -2.0534790e-01   1.0979773e-01  -6.8677010e-02  -2.4091399e-02  -7.5981806e-02  -7.4464408e-02  -1.8812461e-01  -7.1830179e-02   1.2236628e-01   1.3691049e-01   2.0824789e-01  -3.1591494e-02  -3.0192619e-02  -4.2545140e-02  -1.9437435e-01   1.3970790e-01  -1.9854291e-01  -1.5201055e-01  -1.0354621e-01  -1.5132801e-01   2.0938072e-01  -4.0435454e-02   4.0170606e-02   1.2509166e-01  -2.0779795e-01   3.3978179e-01  -2.3141061e-01   6.5182453e-02  -2.9053435e-02  -1.5413522e-01   1.3888297e-01  -1.1416106e-01  -1.9824975e-01  -1.1149893e-02   8.0585165e-02
  -1.4369713e-01   1.0784747e-01  -1.8825622e-01  -1.4066415e-01  -1.0468304e-01   8.0001485e-02   5.4387033e-02  -1.1483277e-02   2.7842050e-01   4.7970109e-02  -5.4602407e-02   3.2937063e-01  -2.6784889e-01   1.8920342e-01  -5.9894917e-02   2.1553497e-02   6.3263015e-03   2.2248513e-01   1.3892152e-03  -8.5984866e-02   7.4691143e-02  -1.3550677e-01   2.6283052e-02   1.1216742e-01   5.9158982e-02  -5.5984212e-02  -9.7608496e-02   3.8842335e-02  -2.4327047e-01  -1.8462634e-01   1.8932825e-01  -2.2506865e-01  -4.9293035e-02   2.3713779e-01   1.4252675e-01  -5.6416574e-02  -4.6329286e-02   2.4929655e-01   1.1051554e-01  -3.4710747e-03  -2.7122840e-01   3.0277110e-02   1.9210186e-02   2.1254193e-02  -5.9550299e-02   2.4429932e-02   8.6234470e-02   2.0959432e-01   8.9922746e-02
  -1.4620707e-01   1.2418034e-01   1.1159771e-01  -1.4836105e-01  -1.1468108e-01  -1.5071962e-01   1.2663725e-01  -8.8519357e-02  -1.2816163e-01  -1.1168241e-01   3.7647944e-01  -6.0859585e-03   1.0347301e-01   1.5441612e-01  -1.2495459e-01  -1.7478992e-02   1.6083822e-01  -1.0389346e-02   1.4312029e-01  -1.3446308e-01   9.5822488e-02  -1.9738439e-01  -8.8778157e-02  -1.7399289e-01  -1.1320339e-02   2.0687582e-01  -1.3386534e-01  -1.1951237e-01   8.1250964e-02   1.5170092e-01   3.7029481e-01   6.0786134e-02  -2.1221697e-02  -1.3066928e-01   4.8254353e-02  -9.8559639e-02   6.4307915e-02   1.4461282e-01  -4.2858920e-02  -8.5905331e-02   6.5420652e-02   1.2489327e-01   1.6198287e-01   2.4964303e-03   2.6019400e-01  -4.8101718e-02   1.4475703e-01   4.3949011e-02  -2.2046161e-01
  -1.3104591e-01  -1.1597620e-01  -2.1418367e-02  -3.3353540e-01  -3.6480758e-02  -1.6587761e-02   1.6485651e-01  -1.1610117e-01   1.7854811e-02  -2.9284393e-01  -2.0406016e-02  -1.3511917e-01   2.2373414e-01  -1.6234433e-01   1.8996929e-01  -3.4695654e-02   2.0967763e-02  -6.3707797e-02  -2.7111452e-01  -3.3255712e-03  -3.2077626e-01  -1.8375193e-01   9.1894382e-02   2.5145826e-02  -1.4510821e-01   6.5720531e-02  -3.1308007e-01  -1.3108988e-02   6.5297848e-02   6.5608207e-02  -9.3806163e-02  -8.2913785e-02   9.2670879e-02   1.3547546e-01  -5.9740313e-02   5.2988802e-02  -2.1770436e-02   1.5483285e-01   1.1523326e-01  -1.0065467e-01  -1.2159044e-01  -1.2489801e-01  -2.8110899e-01   3.0556940e-03   4.5452891e-02  -8.7315861e-02   5.6665451e-02  -1.6421339e-02   1.4707794e-01
  -1.4039258e-01   6.7921582e-02  -2.5312074e-02  -3.4338081e-01  -6.4746485e-02  -1.8083128e-01   1.4646404e-02  -3.7791871e-02   1.8622696e-01   2.1180817e-01   3.6617333e-02  -1.6163843e-01   1.0032864e-01   1.5871776e-01  -7.5611557e-02   8.3839919e-02  -1.8361120e-01  -8.8240298e-02   5.2668271e-02   2.3960738e-01   8.0853702e-02   7.1598159e-02   1.5739431e-01  -7.6457857e-02   6.9327009e-02  -1.5288430e-01   8.7576385e-02  -3.1597624e-01   1.6138111e-01  -1.4697957e-01  -1.7344699e-01   4.5451798e-02   3.1062855e-02   1.8022247e-01   1.4555500e-01  -1.7170521e-01   1.8430146e-01   1.0106916e-01  -2.0430265e-01  -8.3370417e-02   1.4977367e-01   1.7460332e-02   8.4869962e-02  -3.1030715e-02  -7.8594432e-03   1.2145130e-01   5.5978247e-02  -1.5943319e-01   2.2993064e-01
  -1.2822799e-01   2.2010420e-01  -1.2744623e-01  -7.0088150e-02  -9.4214173e-02  -9.6987010e-02   1.3808671e-01  -2.8641073e-02  -1.1124762e-01   7.2733437e-02  -7.6453144e-02   1.1255677e-01  -1.6424005e-01   7.9307570e-02  -8.1446695e-04   9.8569122e-02   2.6371154e-01  -1.7971824e-01   6.1355624e-02  -6.2670275e-03  -1.7390214e-01   1.2486073e-01  -7.5478613e-02   3.4760599e-02   1.0014024e-01   3.4325396e-01   1.5706928e-01   2.1429495e-02   1.1351803e-01  -6.7139542e-02  -1.5021626e-01   8.5996080e-02   1.5688395e-01   3.0092975e-01  -1.0778882e-02   3.0267122e-01  -1.1993217e-01   9.2881402e-02   9.7299428e-02   1.7534418e-01   8.5864884e-04  -1.5889929e-01   1.0539740e-01   1.3361201e-02   1.2148850e-01   5.5972810e-02  -1.8404670e-01  -2.4321233e-01  -1.4258216e-01
  -1.4082423e-01   4.3264332e-03   2.4002979e-01  -6.7129747e-02   1.7095337e-01   1.3648697e-01   1.3981724e-01  -1.7122399e-01   1.2530869e-01   7.5499643e-02  -9.3787072e-02   3.8765479e-02   1.6566811e-02  -2.9858528e-01   6.3503506e-02   5.5120472e-02   8.9557869e-02   6.4381079e-02   3.5031395e-01  -4.5550131e-02   2.7244940e-02  -6.1489155e-02   2.0468387e-01  -3.1823048e-02  -1.4361463e-01  -1.4793599e-02  -1.8369260e-01  -6.8883349e-02  -4.7192884e-02  -3.9765776e-02   2.5068583e-01   2.5611234e-01  -9.3961438e-02   6.3125579e-02   1.9693916e-01   2.3959752e-01   1.3649258e-02  -2.0459327e-01  -2.0573420e-01   2.4644713e-01  -8.8460497e-02  -3.6217330e-02   9.0779922e-03   9.6543879e-02  -1.3556358e-01   9.7156759e-03  -4.7128026e-02  -1.1987936e-01   9.7072078e-02
  -1.2420948e-01  -9.3515340e-02  -7.9755676e-02   2.3494738e-01  -1.7875810e-05   1.4395708e-01   2.9646236e-01  -4.2292716e-02  -4.8262008e-02  -9.9218079e-02   5.8565206e-02  -8.9269314e-02   1.8185620e-01   2.4224559e-01   2.3496990e-01  -1.4206716e-01  -1.3798860e-01   4.6654638e-02   1.4092465e-01  -1.0783753e-02  -2.8786141e-02   5.1744239e-02  -1.5658422e-01  -3.8019517e-03  -2.7493648e-02  -6.9328436e-02  -4.8383831e-02   1.3006896e-02  -8.9749835e-02  -2.8007290e-01  -1.4925956e-01   1.0747518e-01   3.2832279e-01  -1.0276448e-01   1.1589853e-01  -1.4491228e-01  -3.1776412e-02   5.8468382e-02  -1.8406303e-01   1.8407642e-01  -1.7068024e-01   8.3789238e-02  -3.8555931e-02   1.5236202e-01   2.2882871e-01   1.9632587e-01  -1.6329407e-01   1.0648373e-01  -2.7726096e-02
  -1.5140241e-01   2.4238911e-01  -1.8135394e-01   3.1603820e-02  -8.4336510e-02   3.1947211e-01   5.9469775e-02  -1.2620629e-02  -8.1026147e-02   6.6346075e-02   2.6157180e-01   1.2020207e-01  -1.4050133e-01  -2.1721914e-03   5.8639368e-02  -6.9444067e-02  -9.1096694e-02  -2.5422090e-02   3.3993012e-03   5.3633955e-02  -1.6511519e-01  -1.6146525e-01   1.2007281e-03   7.6907503e-03  -1.1599126e-01  -7.9268616e-02   5.8333975e-02  -1.8026960e-02  -5.0473589e-02  -1.5353679e-01   4.4921730e-02   6.5230238e-02  -5.9786143e-02   6.4373759e-02  -3.9597825e-01  -1.8570965e-01  -7.0143393e-02  -2.6855071e-01  -1.9602409e-01  -8.2518528e-02  -1.0420635e-02   6.4342672e-02  -1.1167707e-01  -2.2151032e-01   9.5581217e-04  -1.8019557e-01   7.9198628e-02  -3.2048501e-01   1.0760310e-02
  -1.4950392e-01  -1.1698642e-01  -2.8544734e-01   1.0222702e-02   6.1917101e-02   1.5570682e-02   1.5271310e-01   1.7614668e-01  -1.7947235e-01  -7.9523889e-03  -2.3388133e-01   1.1807503e-01   7.4278139e-02  -1.3539360e-01   3.6798959e-02  -6.2030991e-02   5.6777244e-03   1.5849708e-01  -5.3229635e-02   9.4456226e-02   2.5525624e-02  -2.1249562e-01   3.0935901e-03  -2.6184192e-01   2.4313313e-01  -9.4644969e-02  -2.1599246e-01   6.0081682e-02  -2.4137976e-01   2.7460455e-01  -1.0111372e-01   3.5821950e-02   3.5401863e-02   1.3694599e-01  -5.3623157e-03  -3.5969863e-02   1.5791893e-01  -6.6477884e-02  -9.9101945e-02  -1.0228472e-02   1.8412513e-01  -6.7797023e-02   3.8583974e-01  -1.4582164e-01   3.5057735e-02   2.9891240e-02  -7.7954944e-02  -2.5613710e-02  -3.2923713e-02
  -1.2780042e-01  -2.4319405e-01  -4.1886292e-02  -6.2131079e-02   2.2657676e-01  -5.2506485e-02  -2.4436889e-01   1.4922172e-01   8.6466061e-02  -2.4349692e-01  -9.5879126e-02   1.0980578e-01  -1.6435713e-01   1.1047896e-01  -9.9859305e-02   2.8803522e-02   5.0733293e-02  -1.8077056e-01   1.6823562e-01  -3.8619715e-02  -1.4388943e-01   6.4211017e-02   3.6839532e-02  -6.6252784e-02   2.1795405e-01  -1.3036133e-01   1.8952753e-02  -3.1785313e-01   4.0014250e-03  -6.3502416e-02   1.6923257e-01   2.0875366e-01   1.7087779e-01  -6.8620151e-02  -2.1061957e-01  -5.0990024e-02   1.9484677e-01  -5.2354896e-02   1.1747831e-01   1.4785611e-01  -1.1752681e-01  -1.4321607e-01  -1.6490177e-01  -1.9938569e-01   1.5268812e-01  -9.1834200e-02  -2.7975160e-02   1.2480849e-01  -2.0113211e-02
  -1.2649401e-01  -2.0660818e-01   2.4295372e-01   3.0284519e-02  -1.5010983e-02  -1.7372063e-01  -6.3706916e-02   2.3473756e-01   1.7092211e-01   2.0518607e-03   1.5413859e-01   1.2981004e-01   1.7819513e-01  -1.8858051e-02   2.3572847e-01   8.5397884e-02   2.5473734e-01   1.5620469e-01   9.2176797e-02  -1.2531470e-01   4.6982632e-02   3.8792935e-02  -8.0681340e-02  -6.9211520e-03   1.6487367e-01   4.2730223e-02  -9.0832987e-02   4.6925141e-02   8.5412809e-03  -3.6286613e-01  -2.1661225e-01  -1.6049096e-01   1.9110478e-02  -9.4023388e-02  -6.1241990e-02   1.6103611e-01  -1.4217563e-01   2.0190665e-02  -1.3772030e-01  -1.2401183e-01   4.7646641e-02   4.5904528e-02   1.3460663e-01  -2.5966690e-01  -7.4548111e-02  -2.2667349e-01   8.7419369e-02  -9.0810031e-02   5.2480968e-02
  -1.3938307e-01  -9.9596052e-02   7.1075975e-02  -1.5116339e-01  -1.7190018e-01   1.1079222e-01  -1.4898111e-01  -6.2245934e-02   1.4272617e-01   4.4678547e-02   1.1157476e-01  -1.9549011e-01  -1.6060646e-01  -2.6985179e-01   1.8321099e-01   2.1076971e-02  -5.0273300e-02  -1.8673090e-01   5.2678406e-02  -2.1140649e-03   1.3012599e-01  -1.8420358e-01  -2.0507680e-01  -3.4121128e-02  -1.1849280e-02  -2.3856583e-01   7.2671275e-02   2.7516361e-01   9.9555782e-02  -1.0870421e-01   7.2672059e-02   3.0774049e-02  -4.0343434e-02   7.4175156e-04   1.7880555e-04  -8.8024982e-03  -1.5435985e-02  -2.4988647e-02   3.6002436e-01   2.4767829e-02   3.4791204e-02   4.2148390e-02   2.2465831e-01  -1.1625925e-01   2.7871727e-01   1.4730338e-01  -2.4169224e-01   6.8976861e-03   1.0637091e-01
  -1.6557482e-01  -1.8516556e-01   2.5823343e-02  -6.6730404e-02   9.0826799e-02   1.3665032e-01   8.7685181e-02   9.4544563e-03  -1.0075432e-01   1.5768973e-01   3.0679220e-02   6.7849739e-02   6.0316252e-02  -1.3507072e-01  -2.3058713e-01  -2.6633425e-01  -1.1202708e-01  -9.3042538e-02  -1.0151312e-01   2.8324606e-02  -9.8621667e-02  -4.6307843e-02  -7.8872372e-02  -2.7464169e-02  -1.2262482e-02  -9.0742374e-02   2.7967976e-01  -3.6350981e-02   5.6421332e-02  -2.5336525e-02   1.1992011e-01  -1.9131257e-01   1.0254454e-01   4.8942630e-02  -7.7118094e-02   3.5671553e-01  -1.6425769e-01   1.8547566e-01  -1.6262177e-01   2.4867438e-01   2.6636652e-01   1.8227750e-01  -3.3766457e-02  -4.8610556e-02   4.5932615e-02  -1.3731149e-02   2.0524873e-01   2.5081354e-01   8.5165577e-02
  -1.2812511e-01   1.9144463e-01   5.9334172e-04  -1.9338922e-01   2.6712593e-02   1.2647773e-01  -1.5891444e-01   2.9139745e-01  -8.8029483e-02  -2.3597980e-01  -6.6533945e-02   4.2991722e-02   2.7977282e-01  -1.5012929e-01  -6.4652143e-02  -1.2358988e-01  -2.3820277e-01   6.4285651e-02   1.3434779e-01   8.0678879e-02   1.6666712e-01   1.0779610e-01   2.3201622e-01  -3.3942909e-02   9.3825808e-03   2.8390726e-01  -7.4159807e-03   1.9494745e-01   6.2302784e-02  -2.5769147e-01  -2.0488296e-02  -4.2751473e-02  -1.3023132e-01   1.0007489e-02  -1.4603472e-01  -7.3537754e-02   9.9310180e-02   7.4659083e-02   1.5313971e-01   1.8318071e-01  -1.8014725e-02   7.5732699e-02  -1.8551774e-02  -8.7937241e-03  -7.3812254e-02   2.1120225e-01   5.5881696e-02  -1.3677453e-02  -2.1330327e-01
  -1.5504140e-01  -9.2274203e-02   3.8078651e-01  -1.2883360e-02  -3.4288073e-02   6.6499861e-02   2.3031989e-01   5.8345571e-02  -3.2652747e-02   8.0365310e-02  -1.8743812e-01  -1.0502665e-01  -1.7755931e-01  -4.9594093e-02  -1.7498664e-01   1.9983255e-01  -2.2928331e-01  -5.3496599e-03   6.5753149e-02   2.2531548e-02  -4.5855166e-03   1.4706928e-01  -9.3125814e-03  -6.2449995e-02   1.6117438e-01   2.0476209e-01  -1.0423406e-01   8.6015372e-02  -6.0931718e-02   4.8808201e-02   9.6412150e-02  -7.0469759e-02   1.4500551e-01   2.5590335e-02  -1.5479324e-01  -3.9748329e-01  -3.2571436e-01   6.5532926e-02   3.3264741e-02  -1.5021289e-02   1.3382621e-01  -8.2125694e-02  -1.5249823e-02   8.7964110e-02  -1.5670462e-02  -2.0802722e-01  -1.0524138e-01   4.7171262e-03   9.9086057e-02
