  -1.3744581e-01  -1.0990090e-01   1.0256439e-03  -8.5362905e-02  -1.8498129e-01  -8.9546563e-02   7.9103715e-02  -2.9159778e-01   1.2853587e-01  -1.2334763e-02   6.0746842e-02  -1.5398453e-01  -2.1257102e-01  -2.7589179e-01   1.8421758e-02   1.5744387e-01  -7.5914296e-02   1.9912557e-01  -1.2344823e-02  -2.4766045e-02  -2.9127907e-01   2.2569477e-02  -2.1313430e-01   1.7678329e-01   2.1383953e-02   1.0296468e-01  -3.9745448e-02   1.1202425e-02   6.9357538e-02   2.8837271e-03   1.7764636e-01  -1.0068514e-01  -1.2906992e-01  -1.5026077e-02  -1.6406273e-01  -1.6371576e-01   1.8577222e-01   7.6082263e-02   1.4505657e-01  -5.3948000e-02  -4.6361228e-02  -2.0816232e-01   1.4247715e-01  -7.1772206e-02  -3.5865880e-02  -3.1169818e-02   2.8528171e-01  -2.8014123e-01  -4.8095881e-02
  -1.5318270e-01  -6.2146859e-02   1.6910615e-01  -8.6674978e-02   3.0457899e-01   1.3186240e-01  -1.7021428e-01  -1.2052347e-01   4.9995649e-02   1.0939210e-01  -2.1019953e-02   4.0560335e-02  -1.6628387e-01   3.8843575e-02   1.4571793e-01   1.8482007e-01  -1.6198765e-02  -9.2717752e-02  -4.6039880e-02   1.3375402e-01   2.0144590e-01   1.4328099e-02  -4.4422749e-02   9.2805854e-02  -3.4416333e-01   8.3816316e-02   8.5142676e-02   8.3123707e-02   5.7736743e-02  -7.0106772e-02  -1.8316835e-01  -6.1194345e-02  -7.3326299e-02   2.6853033e-03  -7.1576582e-02  -3.9163317e-02   6.3413907e-04  -8.8685940e-02   6.3809274e-02  -2.4658601e-01   8.9976627e-02  -9.1829843e-02  -3.4952136e-01   1.9159083e-01  -1.9541447e-01   2.1877083e-01   1.8799766e-01   2.3426039e-02   1.8510527e-01
  -1.4170694e-01   1.5536359e-02   2.4374458e-01  -7.0902808e-02  -1.7473225e-01   5.6169109e-02   5.1861040e-02  -2.8613211e-02   1.6128581e-01   4.2135602e-02   1.1064262e-01   2.7776969e-01  -1.7094119e-02   2.0752521e-01   1.2319738e-01  -7.9715020e-02  -2.9745561e-04  -8.0174590e-02   1.2559214e-01  -9.1118542e-02  -3.6404640e-02   1.4265748e-01   2.3315514e-01  -1.3553803e-01  -1.0527353e-01   1.9569330e-01  -5.3662112e-02  -2.3373588e-01  -4.3924659e-01   5.9807000e-02   2.2536413e-01   2.1623615e-01  -7.8451475e-02  -1.2397162e-01   6.3245729e-02  -1.4348442e-02  -1.8779089e-02  -1.1847111e-01   3.7646891e-02   4.7174244e-02  -8.3836966e-02   5.0101977e-02  -3.1648397e-02   2.1882634e-02  -2.1868906e-01  -3.9354891e-02   1.5602694e-01  -1.5715628e-01  -1.3002730e-01
  -1.4644416e-01  -2.8611881e-01   2.5541252e-02  -2.8997139e-02  -2.5462377e-02  -1.1505161e-01  -1.9124203e-02   2.0991494e-01  -7.1159591e-02  -1.5303980e-01   1.8086255e-01  -8.5958124e-02   4.3514917e-02   4.7449554e-02  -2.1374921e-01   9.8183854e-02   1.9727682e-02  -2.7040294e-01   7.5951998e-02  -2.0337094e-01  -1.7674967e-01   1.6059844e-01  -1.6927997e-01   2.0048994e-02   1.6681869e-01   7.3830380e-02  -7.3637697e-02  -2.5046232e-01   4.4865067e-02   5.9256337e-02  -2.1642074e-01  -1.0442314e-01   3.8698127e-02   8.9427566e-02   1.9368998e-01   5.8741479e-02  -4.8503844e-02  -1.5950065e-01   1.6943305e-01  -1.8116814e-01   2.2407787e-01  -1.3975945e-01  -1.9871165e-01   3.3210518e-02  -5.6214132e-02  -2.6870583e-01   3.7928708e-02   7.4005331e-02  -7.0733408e-02
  -1.4502972e-01   2.2465019e-01   2.8632909e-01   1.2908646e-01  -1.5352142e-01  -3.6780147e-01   1.4370322e-02  -1.1320194e-02  -1.0636407e-01  -8.0346689e-02  -3.0782540e-01   6.5117877e-02   8.2784226e-02   6.7932151e-02   1.5622563e-01   1.5355242e-02   1.2222485e-01   2.6211180e-02  -3.4439766e-02   3.2338482e-02  -1.0731962e-01  -5.6413953e-02  -2.6567192e-01  -1.7073649e-01  -1.0383719e-01   2.9853949e-02   3.7791926e-01  -1.3870951e-01  -3.2213612e-02  -6.7333564e-02  -8.6092411e-02  -1.1321314e-01   1.7218258e-01   1.0307957e-01  -2.1479673e-02  -1.0625638e-01  -3.1333972e-02  -1.0837454e-01   3.1499042e-02  -8.5828240e-02  -2.3190098e-01  -8.4761508e-02  -1.6524833e-02  -1.2409505e-01   7.1787459e-02   3.7191551e-02   2.3534615e-02   1.4970223e-01  -8.1974713e-02
  -1.3371707e-01  -2.2059207e-01   4.0992142e-02   2.1618045e-01   6.6953661e-03   2.0204384e-01   1.2445310e-01  -2.7909875e-02   2.6672380e-02   1.5333756e-01  -2.5803500e-01   5.1320909e-02   1.2826960e-01  -2.5075092e-01   3.0060839e-01  -1.5502235e-01   1.6609841e-02   9.6959714e-02   2.0490551e-01  -3.1854323e-02  -2.0510043e-01  -6.5520281e-02   7.5299178e-02   2.2294049e-01  -1.6300885e-01  -3.9342394e-02   2.7593596e-03  -3.1731817e-02  -1.5735821e-02   1.2283667e-01  -1.7553806e-01   8.0487830e-02  -9.6663218e-02   8.0887908e-03  -1.4160103e-02  -1.3814198e-01   8.5691112e-03  -5.3998681e-02  -8.7838468e-02   5.4451436e-02   1.0653561e-01   1.2258275e-01  -9.0227067e-02  -1.4263728e-01   9.9448337e-03  -3.8667694e-01  -7.3823867e-02   1.5046249e-01   1.7216217e-01
  -1.4167242e-01   3.1582101e-01  -9.7672567e-02  -3.2150080e-02  -2.8882308e-02   8.7842093e-02  -3.3760429e-02  -8.0174988e-02   1.4486989e-01   1.3196776e-02  -1.2645409e-01  -1.2216862e-01   3.1154530e-01  -9.3344559e-02   5.0548207e-02  -1.5224382e-01   1.0915323e-01  -1.3914732e-01   2.2165441e-01   1.8863186e-02   4.5001700e-02   1.9760334e-01  -8.4411164e-02  -4.9731791e-03  -2.0648631e-02  -1.7295893e-01  -7.2075189e-02   4.7431050e-02   2.9489502e-01   4.0668879e-02   2.2319291e-01  -5.8148138e-02   1.3208943e-01  -1.4083041e-01   3.4499480e-01   3.7577874e-02  -1.4545831e-01   6.8828780e-02   2.4711776e-01   5.2496539e-02   1.7281426e-02   2.5925352e-03  -3.6981934e-02  -5.0033357e-02  -1.8493543e-01   4.4517787e-02   2.4418404e-01  -2.8270928e-02   1.1449263e-01
  -1.3516701e-01  -5.0046924e-02   1.4059851e-01  -8.5294280e-02  -7.5062253e-02   9.0100538e-03  -2.5883511e-01  -3.2539437e-01  -1.8357671e-01  -1.1379977e-01   3.4258985e-02   1.5708525e-01   1.6629580e-01   1.7331823e-01   1.2699083e-01   2.9974789e-02  -3.4769595e-01   1.2579346e-01  -2.5323498e-03   7.9409500e-02  -6.1796696e-02  -1.7910264e-01   1.6291970e-01   1.7992778e-01   1.5521132e-01  -1.8016163e-01  -4.9669083e-02   1.4373832e-01   1.0243321e-01  -4.0552084e-02  -7.2015959e-02   1.6313873e-02   9.6429943e-02   1.8539709e-02   1.0625075e-01   8.9969213e-02  -1.4807376e-01   7.2259279e-02   8.2582508e-02  -8.4241948e-02  -8.8049352e-02   9.0059546e-02  -4.3115933e-02   2.1150873e-01   1.2897576e-01  -1.9603422e-01   1.0818192e-01   2.1708524e-03  -3.0321932e-01
  -1.3155825e-01   9.3262016e-02  -4.9612533e-02   1.0588400e-01   1.5846722e-01   4.6476692e-02  -2.6999975e-01  -2.0527581e-01   7.7165944e-02  -2.7631891e-01   2.0769480e-01  -1.4127651e-01  -5.7891875e-02  -5.9450586e-02   1.1518811e-02  -2.9348841e-01   1.0792767e-01   1.1408213e-01   9.7460634e-02  -1.8471734e-01   2.2303899e-02   2.7609263e-01  -2.4724548e-02   3.3114108e-02  -1.4664634e-01   5.1743268e-02  -8.9655362e-03   4.7611593e-02  -8.0900443e-02   2.5530805e-01   1.4736405e-02   5.1509674e-03  -4.2527686e-02   1.6699933e-01  -1.4458041e-01  -1.6135508e-01  -1.2206144e-01  -7.3660461e-02   1.0414772e-01   8.7968000e-02  -1.4093541e-01  -1.4538842e-01   3.2088554e-02   2.0475723e-01   1.3691132e-01   4.9572183e-02  -2.7885233e-01   1.5755156e-01  -1.0466357e-01
  -1.5423624e-01  -6.7500153e-02   2.1185525e-01  -2.3785319e-01  -1.1522716e-02   7.6406717e-02  -1.1986622e-01  -7.1987659e-02  -1.2151542e-01  -1.8136705e-01  -9.4536800e-02   1.6266514e-01  -2.0480753e-01   3.2478479e-02  -1.6911423e-01   6.9201535e-02   1.5074832e-01  -2.3666112e-02   2.0063852e-01   1.3453255e-01  -2.5704760e-02   1.2325920e-01  -4.7480745e-02  -1.6465436e-01   7.7265686e-03  -1.8859530e-01  -1.2481071e-01   1.8459343e-01   1.7434342e-02   1.9529043e-02   4.3653528e-02  -1.8011594e-01  -3.8477547e-01   4.3995588e-02  -2.6894775e-03   2.5495383e-01   8.4917553e-02   1.6896111e-02  -4.3161911e-02   1.7399370e-01  -1.1789872e-01   6.2961684e-02  -5.7681189e-02  -3.5713716e-01   5.4149751e-02  -5.3126838e-02  -4.0357452e-02   1.5058220e-01   6.8059788e-02
  -1.2466048e-01  -2.1762458e-01   7.7385812e-02  -2.1592730e-01  -3.7141471e-02   2.4693240e-02   3.2751981e-01   1.1878338e-01  -1.0438854e-01  -1.1247607e-01   4.8909024e-02  -1.4299667e-01   8.7127223e-02  -7.5120650e-02   2.2029147e-01  -5.2547377e-02   3.8902332e-02  -3.5065415e-02  -1.5184484e-01  -1.1922163e-01   2.9437009e-01  -3.0937007e-03  -4.2362484e-02  -1.4415005e-01  -2.3535757e-01   9.8630546e-02   4.6677604e-02   7.0615815e-02   1.7463641e-03  -5.0757064e-02   1.5701634e-01  -1.1631079e-01  -1.4535337e-01  -2.4747976e-01   6.0926581e-02  -1.2921095e-02  -8.9028438e-02   2.4728889e-01   3.7823364e-02  -4.7905884e-03   8.3143065e-02  -2.6143914e-02   6.7712118e-02   1.4102959e-01   3.4166212e-01  -9.1513055e-02   1.0748982e-01   1.9669780e-01  -1.5395084e-01
  -1.4162366e-01   7.2498228e-03   1.7543514e-02  -1.3217905e-01  -2.7122270e-01   2.8983825e-01  -8.7240171e-02   2.5758864e-01   2.2992750e-01  -4.4317483e-02  -2.3540707e-01  -2.3917272e-02   1.4269635e-01  -3.2628697e-02  -6.7612655e-02   6.9389413e-02  -1.8240027e-01  -9.6924274e-02   9.7260119e-02  -4.2185344e-02  -3.4718415e-02   7.0664149e-02  -7.4670438e-02   1.9125920e-01   4.5787268e-02   1.6072076e-01   3.2288598e-02   1.4494109e-01  -3.3718507e-02  -1.0221777e-01  -1.2466894e-01   1.5601774e-02   1.1004636e-01   1.2773236e-02  -1.9776518e-01  -1.3508776e-02   2.3020316e-01  -1.3161345e-02   7.6051146e-02   1.9619242e-01   1.0064784e-01   7.3054266e-02  -3.0488685e-02   1.1330527e-02   2.4888531e-02   3.1932336e-01  -5.4800421e-02   1.9146603e-01  -3.1868149e-01
  -1.3090314e-01   2.1386338e-01   1.0739031e-01  -1.0576061e-01  -8.8631617e-02  -9.0330541e-02   2.2610872e-01   7.7841939e-02  -1.6264278e-01  -2.7319520e-01  -9.4663044e-02   1.8981074e-02  -1.1704427e-01  -1.3347388e-01  -3.2940145e-02  -9.5280052e-02   1.8600641e-01   4.7564881e-02  -1.4063218e-01  -3.3060406e-02  -5.4183949e-02   1.7046763e-01   2.0808340e-01   2.6435492e-01   1.5185574e-01   6.8235398e-02  -6.9414915e-02   4.9818467e-02   2.0840880e-02  -1.3198861e-01  -3.1278156e-01   1.6376285e-01  -4.6844486e-02  -6.8686134e-02  -1.5170448e-02   2.4571077e-02  -1.7732477e-01  -1.4041530e-01   1.4896015e-02   1.4163600e-01  -2.9510091e-03   1.1218840e-01  -7.8411974e-02   1.6102621e-01   1.8464761e-01   1.2150012e-01   1.3604929e-01  -2.3978715e-01   2.4487575e-01
  -1.3674259e-01  -2.8842146e-01  -1.4903372e-01   1.4201843e-01   1.0867035e-01  -1.3693496e-01   4.2440926e-02  -5.5443019e-02   7.2146843e-03  -9.1372913e-02  -2.0938637e-01   1.0623443e-01  -2.2878696e-01  -8.9004106e-02   1.2900672e-01  -5.9937657e-02   1.0369830e-01  -9.2071181e-03   7.0378485e-02   4.4578184e-02   2.4511255e-01   2.3475165e-02  -9.1716134e-03   4.7363071e-03   1.7386662e-01   3.4980879e-03  -2.4041454e-01  -1.6628174e-01   4.2683773e-02  -3.6492361e-01   7.3478124e-02  -1.4883278e-01   1.6509424e-01  -2.3781716e-02   6.5767711e-02  -1.6214557e-01   1.1269168e-02   1.1681075e-01   2.4517616e-02   2.0050143e-01  -1.8127116e-01   4.9215898e-02  -2.0041734e-01   6.7399009e-02  -1.9539080e-01   2.2950858e-02  -2.0036661e-01  -9.7098245e-02  -1.9554594e-01
  -1.4997777e-01  -5.9869632e-02  -8.7664613e-02  -1.2754583e-01  -1.6786053e-01  -9.6770138e-02  -2.0925637e-01   1.3949625e-01   3.5266684e-02   1.0477163e-01   2.4977758e-02  -9.4357552e-02  -4.0526714e-03   2.3610153e-02   2.6357273e-01  -5.5106392e-02  -1.1769041e-01  -2.7986338e-02  -1.5697568e-01   3.1286015e-01   1.9320223e-02   5.2932565e-02  -2.1327283e-01  -4.0076978e-02   1.2740307e-01   1.8852383e-01   3.9268381e-02  -1.5515217e-01   2.6744032e-01   1.4609625e-01   8.2308141e-02   2.2271863e-02  -2.0563249e-01  -9.2023262e-02  -5.3047270e-02   1.7167674e-01  -5.6890394e-02  -2.6883284e-01  -1.8491586e-01   2.0713913e-01  -9.7998273e-02   8.7816149e-02   1.0797229e-01   2.6385914e-01  -1.1362795e-01  -1.0817612e-01  -1.2007031e-01   4.5227181e-03   1.2691525e-01
  -1.4919828e-01   1.4850274e-01  -9.8272126e-02  -7.6338039e-02   6.6248761e-02   1.2788632e-01   2.4012306e-01  -1.4674220e-01   1.4963567e-01  -7.0289455e-02   3.0932055e-01   5.6674053e-02  -1.4315818e-01   1.1168166e-01   2.1476154e-01   1.4997379e-01   7.2034035e-02  -3.4462869e-01  -2.2731778e-02  -9.0071941e-02   1.8221050e-02  -1.5147604e-01  -8.7243583e-02   6.6011272e-02   4.4453028e-02   4.5394688e-02   1.7509185e-01   1.4517122e-01   1.4754848e-01   1.6992551e-01  -2.4021948e-01   4.5783153e-02   8.7885870e-02  -1.6617182e-02   2.3968317e-01  -9.2896104e-02   2.1408341e-01   1.2718694e-02  -1.0314853e-01   9.8390965e-02  -2.2857196e-01   1.0567177e-01   1.3074328e-02  -1.5412832e-01   3.3326343e-02  -6.4915204e-02  -1.5554926e-01  -1.1750518e-01  -8.5762511e-02
  -1.2961072e-01   1.6851285e-01  -2.7172580e-01   1.0202590e-01  -2.7972675e-01   1.1568170e-01  -1.0022577e-01   6.7711017e-02  -4.6959936e-02  -3.6060352e-02   7.1474434e-02  -1.3619615e-01   3.3348833e-02   2.4847467e-02  -1.6779518e-01   2.2360090e-01   1.2707289e-01   1.9217614e-01  -2.7500848e-01  -1.1070623e-01   9.8046361e-02  -5.4612706e-02   1.1378644e-01  -7.0193777e-02  -1.2250597e-01  -1.1617199e-01   1.8354084e-02  -2.5884211e-02  -7.2962433e-02  -6.9012812e-02  -1.9659980e-01  -1.6804649e-02  -1.6471502e-01  -1.6962289e-01  -1.0360337e-01  -9.5670996e-02   8.5335572e-03   9.0620148e-02   1.5078460e-01   3.7552515e-03  -2.5180344e-01   1.1111470e-01  -1.0599837e-01   1.7185042e-02  -3.3062835e-01  -2.6066056e-01   5.5127356e-02   1.8131965e-01  -2.8203046e-03
  -1.5838143e-01  -3.7356427e-02  -2.5547294e-01  -8.8174922e-02  -2.0953933e-02   1.0285399e-02   9.7752299e-02  -1.8211248e-01  -9.1505115e-02   2.1505356e-01  -2.0110812e-01  -2.1991428e-01   4.3212083e-02   4.2401976e-01  -6.6154020e-03   1.5022252e-01   1.5437309e-01   2.8594958e-02   1.4644093e-01   8.3457166e-02  -3.0166445e-02   2.9568979e-01   1.9984821e-01  -1.1166486e-02   1.1536919e-01   1.1735670e-01   1.7615408e-01  -5.9450120e-02   1.2450371e-01  -3.4130204e-02  -2.3930247e-02   1.5388033e-01  -1.7414269e-01   1.5787366e-01  -6.7283228e-02  -1.3881568e-01  -1.5500103e-01   1.7764709e-01  -1.6411798e-01  -7.5972186e-02   1.1358030e-01  -1.0222666e-01  -2.3808807e-02  -7.8790902e-02   8.0653503e-02   2.6486879e-02  -3.8987384e-02  -4.7140804e-02  -1.3066373e-01
  -1.4248313e-01  -3.7119870e-02  -1.0187735e-01   2.7560310e-01   8.4835566e-02   8.3227489e-02   8.4420791e-02  -1.7333199e-01  -5.7107634e-02  -8.4035438e-02  -2.3154557e-01   2.5882182e-02   2.4954461e-01  -2.6097039e-02   6.3833307e-02   6.4357688e-02  -2.2898542e-01  -5.0146159e-02  -2.4339794e-01  -2.2722292e-01  -5.0664271e-02   3.7866009e-02  -8.9065898e-02  -3.2186833e-01   1.9258145e-01  -4.3583804e-02  -1.2505863e-01   1.1609439e-01  -1.8832661e-01   2.2230557e-01  -1.2096941e-01  -1.6002363e-01  -2.0893286e-01  -5.6612544e-02   6.2881431e-02   5.3189706e-02   2.1354633e-02  -4.2125481e-02  -2.1252085e-01   7.6141153e-02   4.4575663e-02  -1.4528627e-01  -8.9400530e-02   5.9986400e-02  -5.1301588e-02   2.3318994e-01   6.0364579e-02  -1.6613461e-01   2.3495080e-02
  -1.2771440e-01   2.5079669e-01  -8.3142025e-02  -1.0809270e-02   9.9227021e-02   4.2747031e-03   1.7927547e-02   1.8689972e-01  -1.3037560e-01   2.2933897e-01   1.7286706e-01   1.8082060e-01   6.2098598e-02   1.4633030e-01  -5.5307646e-02   1.1973888e-01  -4.2578942e-02   1.0397306e-01   1.3665350e-01  -1.3156592e-02  -1.0929824e-01   8.0162041e-02  -1.3222548e-02   8.5966164e-02   2.8224167e-02   9.1782968e-02  -1.3687703e-01   4.0104896e-02  -7.0148918e-02  -7.9429634e-03   1.6750626e-01  -4.0078283e-01   1.6943525e-01  -2.4398385e-02  -7.8819320e-02  -2.1469029e-01   1.2878681e-01   9.8104259e-03  -2.1621356e-01   2.0933878e-01  -7.9209102e-02  -7.9235107e-02  -2.1402445e-01   1.6641705e-01   2.4528320e-01  -1.5218395e-01   1.5290041e-01   7.0646138e-02   1.6295950e-01
  -1.7539304e-01   7.5816096e-03  -2.1393673e-01  -1.7822749e-01  -3.7784632e-02   1.8735718e-01   1.6546810e-01   1.1069572e-01  -1.1649284e-01  -2.4232139e-02  -3.1097126e-01  -9.0037971e-04  -2.2483894e-01  -8.3188769e-03  -8.7538678e-02   3.8004911e-02   9.8494570e-02   6.1233313e-02   1.3944282e-01   8.8509667e-03  -6.5756968e-02  -3.0521992e-01   2.0074544e-02  -9.2694280e-02  -1.9543508e-02  -6.1182146e-02   1.2608705e-01   3.9632597e-02  -1.5384184e-01   2.6655364e-01   1.8398386e-01  -6.2933148e-02   1.0267375e-01   2.5049617e-01   9.9765071e-02   1.3735088e-01   3.5569859e-02  -5.9494739e-02   2.0930403e-01  -1.3202299e-01  -2.7559396e-02   3.1482448e-02   2.4863318e-02   3.8381859e-01  -1.6153187e-02  -2.9027519e-02  -1.1158633e-01  -1.2905016e-01   5.7190536e-02
  -1.3947266e-01  -5.3082921e-02   1.0304042e-01   3.5067597e-01   3.9546662e-02   1.7620671e-01   1.5890473e-01   4.8081839e-02   1.3653264e-01   4.9024757e-02   6.8302287e-03  -1.1839592e-02  -1.9299635e-01   1.4827502e-01  -1.4771016e-01  -1.9746360e-01  -7.5454852e-02   9.1711822e-02  -2.2108700e-01   2.1300252e-01   2.8853772e-02   3.1400612e-01  -9.2109408e-02  -1.0528635e-01   1.4423028e-01  -9.7609366e-02   2.3375939e-02   3.8397098e-02   1.0692721e-01   6.9532018e-02   9.9086220e-02   2.9416494e-02   6.2809709e-02  -7.5664984e-04  -1.3071960e-02  -4.5763338e-02   2.0442946e-01  -5.8609253e-02   1.0781431e-01  -2.8714146e-01  -4.1702366e-02   3.7908522e-01  -4.9141799e-02   1.3116572e-02   1.9675845e-01  -5.0429440e-02   1.3411240e-01   3.0081812e-02  -4.8368444e-02
  -1.3030399e-01  -3.6043817e-02  -1.2003959e-01  -3.0751377e-01   1.8989305e-01   7.4069811e-02   6.2375176e-03  -3.9743600e-02   2.2216179e-01   7.3140574e-02   1.3747411e-01   7.4941240e-02   1.6579850e-01  -1.2380629e-01   3.5884195e-02  -2.4972073e-01   1.4731124e-01   9.6613896e-02  -1.8281531e-01  -1.3715635e-01   4.2559085e-03  -1.9090565e-01   2.2936679e-02  -1.5267244e-01   2.2208271e-01  -1.5405538e-01   1.2404629e-01  -1.8861949e-01   2.5838171e-02  -2.0009469e-01   4.9404632e-03   4.9804016e-02  -6.5638431e-02   4.0444785e-01  -1.2085060e-01   1.1994722e-03   4.1054429e-02  -1.2100019e-01  -6.7351519e-02   7.1703738e-02  -9.6295801e-03   4.4554494e-02  -9.7100779e-02  -5.5715960e-02   2.6482104e-02   2.6188326e-02   3.0496277e-01   1.1926957e-01  -3.7147955e-02
  -1.3219916e-01   2.6368656e-02  -3.9909955e-03   1.4889842e-02   1.9948949e-01  -9.4523731e-02  -1.2441356e-01   1.1599849e-01   1.5866855e-01   2.5935233e-01   3.0876062e-03  -1.7924169e-01  -5.9643214e-02  -2.0840165e-01  -1.0606978e-01  -3.0925846e-02  -9.0183947e-02  -1.4787016e-01  -1.5343136e-02  -4.6983687e-02  -2.4750578e-01   1.3065601e-02   4.3319741e-02  -1.6378971e-01  -6.3417117e-02   2.0344033e-01   1.2325157e-01   3.4304732e-01  -1.4767115e-01  -2.2388530e-01  -2.4572846e-02  -1.1842068e-01  -4.8342768e-03   4.4981840e-03  -5.4289157e-03   1.3633523e-01  -3.8209292e-01   5.0062491e-02   5.6993097e-03  -7.1408451e-03  -1.2931077e-01   2.3129091e-01  -3.3239317e-02  -5.7194036e-02   3.2425308e-02  -1.5347913e-01  -6.0628236e-02  -2.0772786e-01  -1.3951841e-01
  -1.3804648e-01  -1.9053398e-01   1.2851321e-01   1.5021794e-01   1.5456959e-01  -7.4378471e-02  -1.9291612e-01   5.4675430e-02  -9.0081816e-03  -5.9604596e-02  -8.6580252e-03  -5.3395765e-02   1.8406517e-01   1.5056471e-01  -1.6829581e-01  -6.4722620e-02   2.7415940e-01  -2.7089443e-01   1.4255884e-01   6.6183982e-02   5.4022703e-02  -2.0529594e-01  -1.2306910e-01   1.4131404e-01   1.9289118e-01  -1.3750586e-01   1.9797957e-01   1.1106223e-01  -1.7524461e-01  -6.9193211e-03   1.7046649e-02   6.1512115e-02  -1.3669587e-01  -1.8009076e-01  -1.6721218e-01  -2.1840261e-01   1.0012199e-01   1.5459464e-01   1.5493243e-03   9.5568805e-02   1.2362688e-03   7.8123022e-02   2.6253537e-01   2.0532461e-01  -3.8414228e-02  -3.1942221e-02   1.6328338e-01  -1.1898780e-01   1.1855909e-01
  -1.3923206e-01   1.6981685e-02  -2.6093845e-01  -6.0583636e-03  -1.8432736e-01  -1.9010361e-01  -5.7611523e-02   7.5858078e-02  -1.0691292e-01  -2.1663983e-02   4.7514921e-02   2.9953263e-01  -7.1619672e-02  -7.5766610e-02   2.0756154e-02  -1.9780818e-01  -1.4325684e-01  -2.0650597e-01  -4.1266365e-02   2.3949065e-01   8.4364428e-02  -2.8179883e-02   9.5949008e-02  -2.7917576e-01  -3.4779209e-02   5.4491100e-02  -6.6744419e-02   3.4525996e-01   3.4333733e-02   1.9452898e-02  -6.4717608e-02   1.7170248e-01   2.2633784e-02   1.0967573e-01  -9.9894215e-02  -3.2301333e-01   2.7570845e-02  -3.1462649e-02   2.0150296e-01   1.1215424e-03   2.3237951e-01  -2.0601719e-01   2.0371152e-02  -1.1925218e-01   2.6338356e-03  -1.0606241e-01   5.2985498e-02   1.5522063e-03   6.3238460e-02
  -1.4412996e-01  -3.2328788e-01  -6.7858483e-02  -1.4113906e-01   8.4853789e-03  -7.9367408e-02  -7.7658752e-02   1.6997136e-01  -3.2807659e-02   3.9777116e-03   8.3218431e-02  -1.0114834e-01   4.2972147e-02   1.6715324e-01   5.6033091e-02  -1.2040271e-02   2.6598202e-02   3.4271501e-01   8.8325481e-02  -1.5349562e-01  -4.7921938e-02   6.0493268e-02   1.3342745e-01  -9.6922720e-02  -1.5938995e-01  -2.3280764e-01   6.4470493e-02   2.0230825e-01   6.9698877e-02  -5.8958352e-02  -6.4281106e-02  -8.6636250e-02   1.8218140e-01  -2.0159963e-01   1.5988414e-01  -1.5736319e-01   6.8313168e-02  -4.2344488e-01  -7.5479628e-02  -2.5561545e-02  -1.9378313e-02   4.0218624e-02   1.8943376e-01  -1.2719338e-01  -4.6199078e-02   1.8993607e-01  -1.9736456e-02  -1.5012859e-01   2.3675258e-02
  -1.5560761e-01   8.7141495e-02  -2.8143719e-02   1.3232936e-01   3.6445921e-02  -1.1327808e-01   1.9448746e-01   1.6395987e-01   1.1411863e-01  -5.1246959e-02  -5.3197917e-03  -7.9795630e-02  -2.3912286e-01  -3.1230024e-02  -5.7229111e-02  -5.9541060e-02  -2.9156385e-01  -1.0943953e-01   2.3239823e-01  -1.3447490e-01   1.1149761e-01  -1.5849714e-01   1.7813774e-01   1.4462956e-01   1.8036843e-01  -1.9917038e-01   1.1383737e-01   3.0636958e-02   1.0897325e-01   3.9988723e-02   1.6673707e-01   8.9449478e-02  -1.1401688e-01  -1.9450522e-01  -1.8405147e-01   7.1786207e-02  -1.7977944e-01  -1.5317843e-01  -1.7963416e-01  -1.6172784e-01  -1.7869775e-01  -2.6704373e-01  -8.8990002e-02  -6.2589412e-02  -6.5544242e-02   4.6836686e-02   8.9167525e-02   2.3269779e-01  -4.0030321e-02
  -1.4648558e-01   3.9329056e-02   6.4901727e-02   4.7991370e-02  -1.5469003e-02   3.6728166e-02  -2.5079781e-01   1.4847580e-01  -1.4951348e-02   1.3056253e-01  -1.9368645e-02  -2.4171218e-01  -1.3833498e-01   1.5499953e-01   1.5474254e-01  -1.4104866e-01  -1.1829276e-01  -1.0823873e-01  -4.7537119e-04  -1.1987886e-01  -2.0849924e-01  -2.3761733e-01   1.7372692e-01  -1.6763477e-01  -3.1909091e-02  -2.3512382e-02  -2.3246131e-01  -2.8426935e-01   1.0153681e-01  -7.3718537e-02  -1.0059008e-01   6.2368645e-02  -9.3423632e-02  -5.6791556e-02   5.9108659e-02  -2.1029744e-02   1.7244015e-01   2.3532105e-01   2.3543327e-01  -6.8774081e-03  -1.3365511e-01  -7.3361328e-02  -2.4222907e-02  -7.3743992e-02   2.9118383e-01   1.9190896e-01  -5.5402613e-02  -5.3655569e-02   2.0759441e-01
  -1.3312516e-01  -1.3203376e-01   1.0417538e-01   1.2021805e-01  -1.4178405e-02   2.5863733e-01   4.7521042e-02   1.2492309e-01  -5.9544383e-02  -3.2111341e-01   2.2707768e-01   3.2583235e-02   1.1035310e-01   3.4705019e-02   5.9038917e-02   1.6113575e-01  -2.0130338e-01   1.8403267e-01   8.7714566e-02  -1.8557571e-03   7.5309912e-03   9.9262061e-03  -7.0248495e-02  -1.5282545e-01   6.5436718e-02   8.3184477e-02   2.7802909e-01  -3.2786328e-02   1.0207988e-01  -9.9291896e-02   1.5904736e-01   1.1703186e-01   1.8681708e-01   1.2547946e-01  -1.7204494e-01   4.3495622e-02  -2.0260038e-01   2.3875649e-01   5.6786313e-02   1.2591451e-01   1.9963485e-02  -1.3454537e-04  -1.0669496e-01  -1.3713768e-01  -9.2286688e-02   1.9407207e-02  -1.0453184e-01  -1.6440533e-01   3.4113752e-01
  -1.3880992e-01   4.4917410e-02  -6.3478700e-02   1.0658763e-01  -5.9123990e-02  -5.4363551e-02  -3.3506654e-01   5.1689286e-02   2.9627323e-01  -1.3634562e-01  -1.8023306e-01   5.0432882e-02  -1.6768348e-01  -3.5332732e-02  -7.0692141e-03   2.8312136e-01  -4.7756392e-02  -3.9590044e-02  -1.7881570e-01  -1.1037273e-01   3.0830695e-01  -7.2464106e-03   1.4188127e-01   1.6141424e-01  -5.7801977e-02  -4.1169769e-02   7.1184684e-02  -1.5794852e-01  -8.0369969e-02   9.0880739e-02   1.3587954e-01  -1.0690172e-01   3.6369691e-02   1.4899189e-01   1.8413315e-01  -5.4649483e-02  -1.1914167e-01  -3.6066549e-02  -1.1750532e-01   6.5175593e-02   2.3470598e-01   6.7551235e-02   1.6040376e-01  -1.7904121e-01   2.6454122e-01  -1.2400176e-01   9.7752448e-02  -9.2912534e-02   8.4022093e-02
  -1.5438297e-01   2.3645131e-02   7.7344442e-02   1.5306050e-01   1.6516881e-01  -1.8559731e-02   7.4755427e-03  -5.1723733e-03  -1.2584795e-01  -5.8039096e-02  -1.3488174e-02  -1.6039760e-01  -2.6507325e-01   8.8735397e-02   1.0641341e-01   2.1769497e-03   8.6790692e-02   3.1380893e-02  -5.5378510e-02  -3.5864290e-02  -1.3247414e-01  -4.5078854e-03   1.1900376e-01  -9.2768076e-02  -3.9774909e-02   1.4501430e-01  -1.3853413e-01   9.1601837e-02   5.3934372e-02   5.2087523e-02  -7.2167740e-02   6.6180680e-02   3.2172736e-01   1.0218717e-01  -1.8966583e-02   2.4078672e-01   6.2900629e-02   1.2969073e-01  -1.4346169e-01   2.3197951e-01   1.7115808e-01  -2.4372661e-02   3.1391199e-01   2.8891627e-02  -2.7391977e-01  -4.4995278e-02   3.2443900e-01   2.8584787e-01  -6.7409744e-02
  -1.3216920e-01  -7.9486783e-03   1.1432264e-01   1.7886281e-01  -2.0870529e-01  -9.2670426e-02   9.9011984e-02  -2.2568824e-01   9.5083616e-02   3.0455456e-01   1.4467328e-01   1.7068188e-01  -3.9163742e-02  -2.0195709e-04  -5.6732738e-02   1.1496854e-01   2.0785871e-01  -5.5013392e-02   3.4324654e-02  -1.9114549e-01   2.9979124e-02  -8.6115683e-02   6.0781356e-02  -1.3372360e-01  -5.3946229e-02  -2.0335783e-01   1.1800002e-02  -4.7180656e-02   2.4863262e-01   4.6417894e-02  -1.9460684e-02  -1.0940726e-01   7.1427302e-02  -1.1220094e-01  -3.3393545e-01   2.0077895e-01  -1.0540440e-01  -8.8807929e-02   1.6285575e-01   1.8805883e-01   3.0668561e-01   6.8064100e-02  -3.1578357e-02   1.3396979e-01   9.9362583e-02   7.7192073e-02  -1.6366209e-01  -6.4042732e-02  -5.6151436e-02
  -1.4475599e-01   3.1842161e-03  -1.3315388e-01  -1.5510814e-01   8.4892313e-02  -2.1860218e-01   1.4740452e-01  -3.8358116e-02   1.8985409e-01  -1.3561095e-01  -3.9428350e-03  -3.3309207e-03   2.8098238e-02   2.6487097e-01   1.3729718e-02  -2.3059902e-01  -1.1326556e-01  -4.1853350e-02  -3.2004866e-01   1.6476674e-01  -2.5561835e-01   4.1041219e-02   3.4772509e-02   2.7119781e-01  -1.5372546e-01  -2.2842598e-01   8.9951974e-02  -3.8502187e-02  -2.1282067e-01   4.5197452e-03   7.0085629e-02  -1.9408968e-01   5.8842528e-02  -1.0265079e-01  -7.6241639e-02   1.4722457e-01   3.2950369e-02   1.8507163e-01   5.6662076e-02   6.2269822e-02   1.9734719e-01  -4.0218463e-02  -9.5503030e-02  -9.2634427e-02  -1.3864073e-01   8.8947198e-03  -2.1988536e-01   3.5469646e-02   9.9867626e-02
  -1.4095941e-01  -3.3283315e-02   1.0169568e-01  -2.8862826e-01  -2.6997179e-02  -3.4359234e-02  -3.4184835e-02   5.4889179e-02   4.6347005e-02   2.1914229e-01  -7.4251879e-03   2.0331167e-01  -2.1187339e-02  -1.9643701e-01   6.5315571e-02   1.6722739e-02  -4.1239041e-02   2.4919206e-02  -2.5205512e-04  -8.9861487e-02   1.1303413e-01   2.4725522e-01   2.0406678e-02  -2.8111098e-02   2.5188676e-01  -9.9155280e-02  -5.8300756e-02  -8.0535702e-02  -8.1979285e-02   2.3106373e-01  -2.4091326e-01  -1.1729050e-01   1.9641026e-01  -4.6524004e-02  -1.1479152e-01  -6.7820138e-02  -1.1862866e-01   3.3899824e-01  -4.9111675e-02  -2.9644037e-01  -1.3273892e-01   4.0023757e-02   2.8458741e-01  -1.3691817e-03  -1.1753412e-01   7.2764191e-02  -1.0869624e-01   8.8733305e-02   1.6353169e-01
  -1.3227758e-01  -9.5768876e-02  -2.6638475e-01   1.6171397e-01   1.6540306e-01   1.4955513e-01  -1.3929525e-01   1.3028667e-01  -1.2117169e-01   9.3907930e-02   5.2722510e-02   3.1091065e-01   5.6786933e-02  -1.7042080e-01   7.5745411e-02   1.0558972e-01   2.3741808e-01   3.2898844e-02  -1.2302614e-01   1.4944662e-01  -1.1381297e-01   1.2767911e-01  -1.5072875e-03   1.3195749e-01   4.1823885e-04  -1.1020247e-02   1.4797574e-01  -7.0727206e-02  -6.5813456e-02  -2.0797724e-02   2.9376355e-02   1.8145719e-01   6.2811852e-02  -2.2217142e-01   3.9076837e-02   3.4703761e-01   3.3922576e-02   2.2611930e-03   1.1968468e-01  -3.9434571e-02  -1.4893199e-01  -3.3087685e-01   5.9908641e-02  -9.8832464e-02   2.0348790e-01   7.1242979e-02   4.6117128e-02  -2.0400038e-02  -1.5654064e-01
  -1.5371942e-01   1.5981145e-01  -1.6749035e-01  -8.6511378e-03   6.2430641e-02   1.3134398e-01  -4.0186608e-02  -1.3397810e-01  -2.4939822e-01  -1.2403216e-01   1.3829424e-01  -2.1234038e-02  -3.8911349e-02  -7.6921665e-02   1.1999319e-01   8.2449766e-02   7.8656587e-02  -4.8758710e-02   4.1228332e-02   1.1282917e-01  -1.4937025e-01  -2.0541636e-01  -9.2755846e-02   1.3596226e-02   1.4315201e-01   1.2710320e-01  -1.2777201e-01  -1.5296998e-01  -1.5196188e-01  -5.9521068e-02   1.4836488e-01  -9.9294470e-02  -2.1591402e-02  -2.0391955e-01  -6.9093829e-02  -1.6887401e-01  -2.0948857e-01  -1.7123391e-01  -1.1216016e-03  -2.3073961e-01   2.5969493e-01   3.3417841e-01   8.0374335e-02  -1.9328269e-01   1.4679441e-03   2.3623277e-01  -6.5414600e-02   1.9541194e-01  -4.5093752e-02
  -1.3160183e-01  -3.7414487e-02  -1.9573820e-02   9.6346087e-02  -3.5436705e-01   1.2359628e-01  -1.4521052e-02  -1.2234586e-01   4.6624451e-02  -1.2251713e-01   1.3616442e-01  -2.0726206e-01   1.5345459e-01  -1.0871647e-01   1.9559285e-02  -9.5894885e-02   1.5009294e-01  -2.2081329e-01   8.1097696e-02   2.1769975e-01   6.7921299e-02  -3.8398868e-03   1.4225320e-01  -3.8850580e-02  -1.3242521e-01  -5.6341104e-02  -1.4589463e-01   1.0050659e-02  -1.2133473e-01  -2.1294350e-01  -2.3021736e-02  -1.4922379e-01   1.9483524e-01   1.3832725e-01  -1.0821248e-01   2.0445111e-01   1.2062872e-01  -4.2848049e-02  -3.7973228e-01  -2.9995030e-01  -8.4641426e-02  -1.2401646e-01   2.1910433e-02   5.0493425e-02   7.0270399e-02  -3.3226132e-02  -2.6617626e-02  -1.1831117e-01   8.8783695e-02
  -1.5070520e-01   1.6370658e-02   9.2373302e-02   8.6400011e-02  -3.1144422e-02   2.4876092e-01   2.0532032e-01  -5.2253607e-02   8.8329926e-02   1.7104512e-01   1.4277282e-02   1.2262317e-01  -1.5634325e-02   2.0422673e-01  -1.6747469e-01  -7.7996923e-03  -8.6229720e-02   1.5544070e-02  -1.0536915e-01   2.0598922e-02   2.0020762e-02  -6.8011658e-02  -2.5954721e-01   1.1871193e-01  -6.6285532e-02  -2.2644156e-02  -2.0512986e-01   1.8464524e-02  -4.3838567e-02  -3.3831621e-01  -6.5684974e-02   8.7074040e-03  -1.0631361e-01   1.5686076e-01   1.9116562e-01  -7.3519221e-02  -2.8417823e-01  -1.3547190e-01   8.0386580e-02   5.0430375e-02  -7.5732235e-02  -2.4749995e-01   3.9645299e-01   4.5484364e-02  -7.0758060e-03  -1.9703373e-03  -1.2284081e-01   1.1884935e-01   1.2514983e-01
  -1.5414781e-01   3.5352865e-02   2.6499940e-01  -6.3101120e-02   1.0139759e-01  -6.7398336e-02  -8.0333731e-03   1.1986765e-01   1.3799736e-01  -6.7409147e-02  -4.4752335e-02   2.4007357e-02   1.4080438e-01  -1.4441720e-01  -8.1776591e-02   2.9103013e-01   1.9127412e-01  -9.6324994e-03  -2.5172797e-01   4.2852554e-02  -2.6124653e-01  -4.1523564e-02   1.1618182e-01  -7.5351256e-02  -1.6204768e-02  -1.0545660e-01  -2.2435947e-01   1.1408071e-01   1.8394128e-01   2.6997326e-02   2.9280019e-01   3.1637312e-01   1.8753245e-02   1.8893204e-02   8.3808614e-02  -2.2813970e-01   3.4274436e-02   4.7010885e-02  -1.9451013e-01  -1.0691507e-01   1.9720445e-02  -7.2690289e-02  -9.9403707e-02   1.3622969e-01  -4.7083241e-02   6.5485006e-04  -2.5796081e-01   9.0491362e-02  -6.0368977e-02
  -1.3589360e-01   9.7849800e-02  -3.7669457e-02  -5.6598918e-02   1.0564763e-01  -5.3704917e-02   9.1485228e-02   9.7576599e-02  -1.1040639e-01   4.2483685e-02   8.9598259e-02  -1.4564284e-01  -3.2930573e-02  -1.4283644e-01  -8.7511463e-02   1.1866441e-01  -2.0916534e-01   6.3068756e-04   1.5430481e-01   2.4220333e-01   5.4316511e-02   5.8821873e-02  -2.5660886e-01  -8.1165606e-02  -2.7923075e-01  -4.1812170e-01  -1.1265819e-01  -2.6197725e-01  -1.5509864e-01   8.9714033e-02  -1.8178407e-01   2.5673566e-01   4.3098900e-02   5.5977012e-02  -4.8299099e-02  -6.6011001e-02  -8.3541793e-02   5.7602479e-02  -1.2934692e-01   1.9311000e-01   3.7585528e-02   8.7383647e-02  -1.5692587e-02   2.2197302e-02   7.0375152e-02   3.2138751e-02   9.1924194e-02  -1.6791934e-01  -2.2420311e-01
  -1.3443860e-01  -1.1751221e-01   1.3919947e-01  -1.3335614e-02  -1.6139797e-01  -4.6026846e-02  -3.6822656e-02   7.5508237e-03  -9.8535987e-02   2.5657144e-01   6.4632757e-02  -2.2864882e-01   1.7470842e-02   7.8132065e-02  -5.0931161e-02  -1.2206919e-01   1.6913563e-01   1.4210119e-01  -1.5617437e-01   2.9813564e-02   2.5180980e-01  -2.0971090e-01  -1.8534660e-01   2.0145855e-01   1.3885108e-01   1.0636668e-01  -1.7920832e-01   1.8642626e-01  -1.8439793e-01   3.0146811e-01   7.1866559e-02   1.3890694e-01   1.7601379e-01   5.5730639e-02   4.5437271e-02   5.0410110e-02  -1.4491564e-01   4.3902599e-03   1.9110422e-02   7.3088986e-02  -4.8395706e-02  -8.1502327e-02  -3.0855387e-01  -2.8645780e-01   1.0277646e-02   8.3590581e-02   6.4065054e-03  -3.2381253e-02  -4.1180026e-03
  -1.6350528e-01   1.6925494e-01   9.2857434e-02   4.8037839e-02   7.1626513e-02   5.8426891e-02  -3.5302166e-02   2.2672069e-01  -3.8412730e-01   5.0360058e-02  -3.0466296e-03   1.1897762e-01   8.4664458e-02   7.9582459e-03  -9.6242149e-03  -2.1535095e-01  -3.1075171e-02  -6.8025694e-02  -1.2555632e-01  -2.4328380e-01   1.1947462e-01   1.1748693e-02  -1.8966659e-03   2.2865383e-01  -1.8243499e-01   2.7571292e-02  -2.5932348e-02  -4.9110936e-02   2.4769089e-01   7.9999258e-03   1.3843271e-01  -1.1303993e-01  -1.7160594e-01   2.0175857e-01  -1.2927018e-01   2.4772962e-02   1.1608762e-01   4.2510113e-02  -8.1540639e-02  -1.4278860e-01   4.3881045e-02   5.7382730e-02   1.2404723e-01  -1.3897029e-01  -2.1960816e-01  -2.2720433e-02  -8.5023147e-02  -3.1913243e-01  -2.2198430e-01
  -1.5130687e-01  -8.6668543e-03  -1.1347080e-01   1.8278168e-01  -1.2673561e-01  -2.4380787e-01   1.2345325e-02   1.1489595e-01   2.1479544e-01  -6.0960577e-02   1.8084884e-01   2.3184835e-01   2.8781700e-02  -9.8559698e-03  -1.2515682e-01  -1.0786027e-01   6.9197351e-02   3.1623458e-01   2.1927095e-01   6.6960654e-02  -3.9944541e-02  -1.7677451e-01  -6.8178670e-02   3.3404908e-02  -1.1389463e-01   1.8973099e-01  -5.5140012e-04   1.9835589e-02   9.3401231e-02   5.3325886e-02  -1.5032889e-01  -2.0357886e-02  -2.4047770e-01   6.3455020e-02   2.9160315e-01   9.7662072e-02  -1.7517774e-02   2.9270391e-01  -1.8452963e-01  -1.2342342e-01   9.0580150e-02   1.1978035e-01  -4.4436598e-02   1.0615165e-01  -2.6633080e-02   2.4972912e-01   5.1163135e-02   4.5020871e-02  -4.7284501e-02
  -1.5379303e-01  -1.7617382e-01   4.8433822e-02   3.3852896e-02   1.0801822e-01  -1.1265518e-01   1.6069666e-01  -1.6953882e-01  -1.2414710e-01   6.2297226e-02   4.9985157e-02  -5.3995771e-02   2.3933022e-01  -1.9444234e-01  -3.5758084e-01   7.3561966e-02  -1.6827974e-01  -1.1116252e-01  -5.0108915e-02   2.2237043e-01   7.0320956e-02  -4.0251679e-02   3.8729187e-01   5.6708244e-02  -1.1233197e-01   2.1830033e-01   8.7585644e-02  -1.8574214e-01   7.8859381e-02   1.6929638e-01   2.3731332e-02  -1.2837898e-01   2.2153977e-02   8.8511276e-02   8.0088686e-02  -4.9674245e-02   7.0919113e-02  -9.7981587e-02   1.5004029e-01   1.6843186e-01  -2.1851319e-01   8.3872226e-02   1.0658823e-01  -7.3269202e-02  -9.5422030e-03   1.7083495e-01  -3.0296482e-03   1.2613283e-01   6.0154683e-02
  -1.4566363e-01   2.0071349e-01   1.8412781e-01   6.8292036e-02  -2.3930393e-02  -5.6421422e-02  -2.2243865e-02  -2.8362733e-02  -1.4775860e-01   1.9366677e-01   1.8112013e-01  -1.9089573e-01  -6.0501488e-02  -2.2141594e-01   1.1156971e-01   2.5069270e-02  -8.3896768e-02   1.3313885e-01   5.3904889e-02   4.3101789e-02   1.3730837e-01   1.1601085e-01   1.0199759e-01   7.1288024e-03   2.6034337e-01  -1.0899679e-01   2.7337826e-01   6.0193209e-02  -2.3112279e-01  -2.1802586e-01   3.2557826e-02   6.1578781e-03  -1.4319326e-01   5.0318491e-02   3.0732974e-01   4.0146209e-02   3.0072832e-01  -3.8231067e-03   7.3686221e-02   5.8137281e-02   2.6968039e-01  -1.0081757e-01  -4.8421011e-03   8.3631982e-02  -8.4395007e-02  -1.5473364e-02  -2.1785051e-01   7.0419119e-02   1.0654174e-02
  -1.4356699e-01   2.7094181e-02  -1.8244519e-01   6.1500032e-03   1.4110292e-01  -3.5794978e-01   8.2163743e-02  -6.5902573e-02   2.5441990e-02  -6.1720330e-03  -3.1272056e-02  -7.9500078e-03   2.1864570e-01   8.2308674e-02   1.2588678e-01   2.2750207e-01  -9.3654224e-02   1.2830014e-02   1.3454655e-01  -2.1367290e-01   1.5665356e-01   8.1175824e-02  -1.3614068e-01   7.3925070e-02  -4.8789656e-02   7.8099319e-02  -2.4009029e-01   1.2582319e-01  -1.0829848e-01  -1.2566792e-01   8.9568589e-02   2.7452365e-01  -1.9730656e-02   1.2973190e-01  -1.5440382e-01   2.6215064e-01   2.2420543e-01  -8.2758856e-02   1.7177732e-01  -1.3834703e-01  -9.7317050e-02   2.2436104e-01   7.1567673e-02  -1.5948944e-02   8.1502655e-02  -5.5178795e-02  -5.3768701e-02   8.1388402e-02   2.0412321e-01
  -1.2719932e-01  -3.0289304e-02  -9.0387100e-02  -1.5246552e-01  -6.8811218e-02   3.7267729e-02  -1.4969070e-01  -3.1009018e-01  -1.6033460e-01   6.1473155e-02  -1.2335276e-01   8.8876803e-02  -1.2676710e-01  -7.1815138e-02  -3.8414930e-01  -2.1190474e-01  -1.3288527e-01  -4.1231536e-02  -4.6537525e-02  -2.7108500e-01  -7.1269507e-03   5.3523630e-03  -1.9440052e-01  -4.3994398e-02  -1.2357517e-01   1.1329551e-01   1.7204059e-01  -8.4561197e-02   5.2393990e-02  -1.3431448e-01   7.5583915e-02   2.7148199e-01   1.8171545e-01  -2.6101816e-01   1.1090545e-01   1.6092273e-02   1.2872582e-01   5.2925907e-02  -2.7785611e-01   4.3332096e-03   4.9322341e-02   4.3826437e-02  -8.1504887e-02   4.0119640e-02   4.8145659e-02  -5.7116374e-02  -5.3636235e-02   6.9423203e-02   1.5632154e-01
  -1.4716982e-01   2.2861071e-01   1.0982706e-01  -1.1149394e-01   2.8179442e-01   5.9884817e-02   3.9237853e-02  -2.4610927e-02   2.1369533e-01  -1.1816698e-01  -1.2145723e-01  -4.9478929e-02   1.2702134e-01   4.7257495e-02  -1.5799343e-01  -6.2609623e-02   9.6435680e-03   2.7942858e-01   9.4615423e-02   1.6419267e-01   1.9828257e-01  -1.7926834e-01   2.7665596e-02  -1.6169152e-01   9.0705375e-02   2.4493973e-01  -1.0426200e-01  -1.0608870e-01   5.6032435e-02   2.2433459e-02  -2.0045779e-01  -3.7598106e-02   6.1996649e-02  -2.7431826e-01  -1.2950495e-01   6.8507974e-02   1.2056336e-01  -8.1419644e-02   4.4451345e-02  -7.9165995e-02   1.4554714e-01  -1.9020138e-01   6.4661751e-02  -1.0379387e-01   2.9367946e-02  -2.8348786e-01  -1.2787367e-01  -1.8450962e-01  -1.0211048e-01
