-1.900693e-01 1.218959e-01 -1.792646e-01 -1.518516e-01 8.594930e-02 -1.973022e-01 -1.503754e-01 8.638245e-02 1.633447e-01 1.405068e-01 7.037967e-03 -3.221858e-02 -1.660125e-01 9.226433e-02 1.743651e-01 1.710194e-01 6.632237e-02 2.282822e-01 9.090499e-02 -1.519191e-01 -3.414595e-01 1.277422e-01 3.599317e-02 -5.922220e-02 5.205552e-02 2.173527e-01 -1.049353e-01 -1.599994e-01 1.288082e-01 -4.118568e-03 -1.264750e-01 -7.737557e-03 -1.276711e-01 -1.519049e-01 2.943927e-02 -1.125427e-01 1.871537e-02 -3.127942e-02 -2.095620e-01 1.812757e-01 8.706993e-02 1.844577e-01 -1.530567e-01 1.397829e-01 1.539407e-02 6.956743e-02 2.808169e-02 -2.951075e-01 1.404753e-01 -3.355715e-02 
-7.231225e-02 -2.480006e-02 -2.321042e-01 -6.112819e-02 -9.767278e-02 3.561495e-02 -4.646183e-02 -9.330549e-02 2.378135e-01 -1.180882e-01 -9.334820e-02 2.807049e-01 -1.682736e-01 2.707487e-02 -2.149540e-02 3.300015e-02 -2.126501e-03 -7.782023e-02 -6.136104e-02 9.120685e-02 -2.523253e-01 -6.054411e-02 2.469045e-01 8.527629e-02 1.444932e-01 -1.742026e-01 2.813900e-02 1.602096e-01 -1.309727e-01 1.620378e-01 7.823780e-02 -7.718906e-02 1.905713e-01 1.325979e-01 -7.428399e-02 -2.720517e-01 2.924724e-01 -3.113462e-01 1.106650e-01 7.460289e-02 -2.377255e-02 -1.845526e-01 -1.473664e-01 -1.088049e-01 5.163540e-02 7.821652e-02 -5.716840e-03 1.121903e-01 1.257992e-01 1.586914e-02 
-6.865007e-02 8.174839e-03 -2.061080e-01 1.921208e-01 -2.159190e-01 1.371134e-01 2.637623e-01 4.278453e-02 -1.654803e-02 -1.543881e-01 -2.024479e-01 -2.782116e-03 -6.158259e-02 -1.807418e-01 9.456355e-02 -2.030489e-01 1.805440e-01 1.900958e-01 3.092519e-02 -7.829728e-02 -8.164051e-02 1.759150e-01 -2.859728e-02 3.883932e-02 1.436250e-01 -9.357004e-02 1.309464e-01 -7.052449e-02 1.921527e-01 5.200180e-02 -2.825190e-02 -4.348087e-02 -1.558693e-01 1.862457e-01 -1.473367e-01 2.462611e-01 -5.091099e-02 -9.331223e-02 -3.352496e-01 4.022639e-02 -1.589631e-01 2.344862e-02 -6.473597e-02 -8.550383e-02 1.530559e-01 -1.202774e-01 2.049882e-01 7.930203e-02 -1.580340e-01 5.054559e-02 
-1.543671e-01 -8.984513e-02 -1.601160e-02 -1.541789e-01 9.076526e-02 1.054555e-01 -4.482458e-02 2.291155e-01 -6.582873e-02 -1.890832e-01 7.983550e-02 -1.554867e-01 -1.587929e-01 1.154835e-01 -6.564799e-02 1.226690e-01 -8.000109e-02 1.456855e-01 9.027305e-02 1.396742e-01 -1.460751e-01 -8.696773e-02 4.048444e-02 6.159792e-02 -2.945841e-02 -2.120468e-01 5.628019e-02 -4.731607e-02 -1.818395e-01 8.330009e-02 1.871514e-01 -2.529860e-01 1.687768e-01 -1.643140e-01 -3.272609e-01 3.042397e-01 -1.240567e-01 1.103956e-01 -1.150669e-01 -1.082077e-02 1.480181e-01 -4.491368e-03 2.779669e-01 -1.748162e-02 -3.732178e-03 1.789514e-01 9.324713e-02 7.336444e-03 1.071355e-01 1.180295e-01 
-8.653734e-02 5.571827e-02 -8.980107e-02 1.129443e-01 -1.491126e-01 3.991700e-03 -5.689418e-02 -4.014821e-02 1.117013e-01 -1.162834e-01 1.022784e-01 1.300301e-02 -1.876574e-01 1.804848e-01 -1.461040e-01 8.221832e-02 -1.276960e-01 -8.268111e-02 2.724237e-01 7.269557e-02 9.976570e-02 2.801328e-01 2.738074e-02 9.960727e-02 3.362826e-01 -8.822233e-02 1.636729e-02 -4.243019e-03 7.065227e-02 -2.782750e-01 -1.149711e-02 1.082033e-01 -4.297212e-02 -6.878187e-03 1.901185e-01 1.834467e-01 -6.666028e-02 3.181455e-02 1.917289e-01 9.756979e-02 -9.832048e-02 -2.608459e-01 8.414294e-02 3.715472e-01 -1.594723e-01 2.857588e-02 1.294417e-01 -1.291917e-02 -9.387654e-03 -4.771476e-02 
-1.969784e-01 1.288918e-01 3.648715e-02 -1.603469e-01 -7.453660e-02 -1.741311e-01 -2.180630e-02 -1.478791e-01 -1.045805e-01 2.437673e-01 -7.966748e-02 9.374065e-02 8.924177e-02 2.642850e-01 5.822976e-02 -2.344177e-02 -1.430405e-02 -5.027613e-02 1.271609e-01 3.313544e-01 1.455469e-01 4.216890e-02 2.385332e-02 1.975180e-01 -1.523579e-01 4.383080e-02 8.729447e-02 -2.091950e-01 9.082467e-02 2.208652e-01 8.939852e-02 9.648026e-02 5.939316e-02 1.473308e-01 1.183335e-01 2.003302e-01 8.162023e-03 -2.296771e-01 -2.412445e-01 -2.010267e-01 -7.351889e-02 -1.971027e-01 3.166121e-02 -8.856409e-02 2.056712e-02 1.025665e-01 -1.263596e-01 -1.823181e-01 -3.442932e-02 6.895383e-02 
-2.063943e-01 9.485733e-02 -3.829091e-03 5.257623e-02 1.126798e-01 -1.987919e-01 -1.802614e-01 -1.790373e-01 -1.159097e-01 -3.319983e-02 1.077485e-01 4.174637e-02 9.214271e-02 8.758282e-03 -2.446698e-01 6.480400e-02 -5.663811e-02 -3.089289e-02 -1.619742e-01 -4.270960e-02 2.034811e-01 -1.202397e-02 1.030095e-01 -1.899232e-02 1.749688e-01 3.521644e-02 3.166596e-01 -1.003607e-01 1.292609e-01 -1.333882e-01 -5.810185e-02 -3.310905e-01 3.942937e-03 -1.950605e-01 -2.275933e-01 8.837992e-02 1.253422e-01 -1.781763e-01 4.452335e-02 1.138856e-01 3.304522e-02 1.747110e-01 -1.852725e-01 -7.410795e-02 -2.288738e-02 2.815125e-03 -5.141081e-02 4.313225e-02 -3.383974e-01 -5.325209e-02 
-5.119510e-03 -1.636656e-01 -1.908175e-01 -8.612371e-02 -1.811811e-01 2.625145e-02 -1.496940e-01 -2.452157e-01 -1.275906e-01 -8.819623e-02 -1.742297e-01 -1.416397e-01 7.940048e-02 -9.618917e-02 -7.257565e-02 1.322469e-01 2.244160e-01 -1.519760e-01 4.980639e-02 -6.721766e-02 5.970822e-02 2.128309e-01 -6.225576e-02 -1.400830e-01 2.376664e-02 2.420169e-01 7.223600e-02 -9.982197e-02 1.541838e-01 2.273574e-01 1.702952e-01 3.703163e-02 1.955467e-01 -1.748794e-02 -5.225920e-02 -3.130986e-03 -8.398744e-02 8.410308e-02 -3.781839e-02 1.905483e-01 -1.150023e-02 6.621623e-02 1.063507e-01 4.261591e-02 -1.829328e-01 7.639011e-02 -2.252930e-01 2.935269e-01 2.680423e-01 -9.318924e-02 
-1.936631e-01 3.421266e-03 -2.262369e-03 -2.146589e-02 -1.776952e-01 -2.878670e-01 -1.011137e-01 7.286731e-02 -1.750789e-01 1.226541e-01 3.017008e-02 2.871256e-02 7.456162e-02 -2.181362e-01 -1.998143e-01 -1.797728e-01 -5.730953e-03 2.546627e-02 1.825745e-01 1.888792e-01 -6.125859e-02 -1.394639e-01 1.818499e-01 1.161018e-02 2.424264e-01 2.494805e-01 7.373358e-02 3.644090e-01 -1.697271e-01 1.095445e-01 9.267707e-03 5.518608e-03 2.154317e-02 4.720706e-02 6.557420e-02 4.456249e-03 -1.425628e-01 2.065649e-01 -2.569875e-02 6.261935e-02 7.408974e-02 2.674012e-02 5.065604e-02 -2.982831e-02 2.290043e-01 -2.347521e-01 1.218081e-01 -6.981162e-02 9.325239e-02 -1.129340e-01 
-1.253801e-01 -1.022309e-01 -1.637703e-01 1.176662e-01 -1.169658e-01 -9.721931e-02 8.680598e-02 -5.850290e-03 -1.014138e-01 1.934637e-02 1.414229e-01 2.294494e-02 -1.892716e-01 7.671522e-02 1.017814e-01 2.262919e-02 -1.416232e-01 -4.659055e-03 -3.019518e-01 1.437465e-01 -2.361238e-01 1.051543e-01 -4.958129e-02 1.219602e-01 -7.987031e-02 6.869048e-02 9.378871e-02 -2.730850e-02 1.045352e-01 8.088044e-02 2.048345e-01 -7.522471e-02 -1.342205e-01 -1.582227e-03 2.919413e-01 -8.734496e-02 7.873800e-02 3.427111e-01 1.430833e-01 1.346049e-01 1.475905e-03 5.337069e-02 1.421175e-01 -2.006778e-01 -1.390280e-01 -9.466773e-02 -8.886252e-02 3.418413e-02 -2.371314e-01 2.947588e-01 
-3.438049e-02 -3.006453e-01 1.563999e-01 1.051318e-01 -4.923917e-02 -6.395744e-02 -2.437898e-01 -1.151389e-01 -1.206870e-01 1.274502e-01 -1.984074e-01 -2.054825e-01 -9.252993e-02 1.571253e-01 9.854981e-02 -1.643016e-01 -1.318509e-01 -1.669314e-01 6.580160e-02 -2.418148e-01 -2.051270e-01 1.212603e-01 2.827478e-01 3.799486e-02 2.551056e-02 -1.076437e-01 -6.747863e-02 -2.112642e-02 -5.150763e-02 2.710058e-02 3.934793e-02 2.579078e-01 -9.490111e-03 -4.886287e-02 -1.139076e-01 5.312751e-02 -1.077908e-01 -4.398899e-02 1.850375e-01 -7.892181e-02 -1.831367e-01 1.955560e-01 -7.606280e-03 -1.940635e-01 7.144861e-02 1.866123e-01 1.438770e-01 -5.358386e-02 -1.647600e-01 -6.322806e-02 
-1.794045e-01 1.968684e-02 2.911170e-02 -1.057788e-01 -1.960747e-01 -1.383990e-01 -1.378476e-01 5.110166e-02 5.195388e-03 -1.398919e-01 -3.178405e-02 -4.389640e-02 -1.988727e-01 -5.551202e-02 -1.585702e-01 3.027859e-02 3.026014e-01 -1.699510e-01 1.104703e-01 -1.652375e-01 3.138682e-02 -4.543423e-02 -2.372619e-01 3.800171e-02 -2.618613e-01 -8.536402e-03 -1.842220e-01 -2.603661e-01 -2.246342e-01 -1.370759e-01 -4.641484e-02 -3.109325e-02 1.210415e-01 -5.957532e-02 4.801905e-02 8.994099e-02 2.221685e-01 -2.048027e-02 1.498634e-01 5.202287e-02 -1.657913e-01 -4.094043e-02 2.351158e-02 -9.001558e-02 2.390368e-01 -3.163327e-01 2.774457e-02 -5.410499e-02 -4.763297e-02 1.301247e-01 
-3.818486e-02 -1.104050e-01 -2.557519e-01 9.008817e-02 -1.310145e-01 -1.306777e-01 1.257092e-01 -9.310241e-02 2.284770e-01 2.568407e-01 2.809062e-01 -1.724458e-01 -4.598747e-02 -1.186479e-04 8.359403e-02 -2.635850e-01 2.005800e-01 -3.424893e-02 -8.622534e-02 1.912492e-02 8.854373e-02 -1.832757e-01 -3.167301e-02 6.070940e-02 -1.310601e-01 -3.848652e-02 2.594087e-01 -9.243866e-02 -1.403794e-01 -6.396766e-02 2.615543e-01 1.680071e-01 -1.254004e-01 -1.674650e-01 -2.608560e-01 -1.433412e-02 4.511108e-02 2.083970e-02 6.106711e-02 -1.061337e-01 2.292586e-02 -3.425494e-02 -1.179451e-01 1.712181e-01 -1.370995e-01 -2.104493e-02 1.021187e-01 -2.395850e-02 1.462693e-01 -1.114426e-01 
-1.829443e-01 -1.727544e-01 1.524283e-01 6.145872e-02 1.391405e-01 -1.960862e-01 8.176995e-02 1.682598e-01 -1.242133e-01 1.774167e-01 1.710097e-02 -9.279949e-02 -9.608118e-02 -2.584099e-01 1.591715e-01 1.638719e-01 1.957100e-02 1.627916e-01 2.436565e-01 1.412370e-01 1.270980e-02 8.678495e-02 -1.631236e-01 1.215824e-01 8.949391e-02 -2.400182e-01 4.056132e-02 -1.407331e-02 3.036507e-02 1.921690e-01 -2.512407e-01 5.224072e-02 9.602270e-02 -5.925821e-02 -1.025017e-01 -9.480743e-02 3.177299e-02 6.992848e-02 1.544201e-01 -6.444785e-02 -1.437008e-01 -8.991710e-02 -3.097193e-01 3.059193e-02 -1.536052e-01 -3.757091e-02 -1.545216e-01 2.474428e-01 -8.153889e-04 6.766796e-02 
-1.884226e-01 -9.547320e-02 1.697501e-01 1.530042e-02 -1.276158e-01 -2.008815e-01 2.519778e-02 1.590946e-01 2.566187e-01 -1.410204e-01 1.515217e-01 -1.366888e-01 2.635255e-01 -5.756099e-02 -1.017846e-01 1.557715e-01 -1.687227e-01 7.567499e-02 -2.629720e-01 -5.322793e-02 -1.814069e-01 1.817793e-02 -3.173535e-01 -3.918218e-02 7.003741e-02 1.438484e-01 -1.061750e-01 1.483935e-01 3.659398e-02 -1.505685e-02 2.855540e-01 9.585065e-02 7.430967e-02 4.554404e-02 6.117163e-02 1.082919e-01 -4.942194e-02 -2.122417e-01 -5.530301e-02 -1.219051e-01 -2.356631e-01 -2.367103e-02 -9.432100e-02 4.946350e-02 1.180300e-01 1.763355e-01 -9.828806e-03 9.718553e-02 -3.767919e-02 -6.500476e-02 
-2.014029e-01 -1.417519e-01 5.791684e-03 -6.316112e-02 1.461962e-01 8.689267e-02 2.963537e-01 -1.790623e-01 -5.424896e-02 -2.357849e-01 9.992300e-02 1.143572e-01 1.138814e-02 -5.509658e-02 -2.478469e-01 -1.283153e-01 -2.105118e-01 1.773360e-01 9.896318e-02 -9.373869e-02 -5.773410e-02 2.782650e-01 1.243503e-01 1.473050e-01 -2.457365e-01 1.953867e-01 8.810036e-02 6.526844e-02 1.955487e-02 -7.761085e-02 -8.958360e-02 2.804079e-01 9.815040e-02 -2.995711e-02 -1.675709e-01 -6.760777e-02 1.921532e-01 1.197288e-02 1.568605e-02 -1.586212e-01 3.299610e-02 1.281806e-01 6.323539e-02 1.296661e-01 7.175668e-02 -7.771055e-02 -1.707721e-01 -9.733668e-02 8.377095e-02 8.430471e-02 
-1.731025e-01 -5.838312e-02 9.264548e-04 -9.581063e-02 2.078931e-01 7.375510e-02 1.252340e-01 -2.700936e-01 4.578945e-02 4.411239e-02 -1.480772e-01 -1.551639e-02 -3.157228e-02 -1.777066e-01 5.662899e-02 7.111935e-03 -2.109547e-02 -2.084506e-02 -2.725169e-02 2.915343e-01 9.485679e-02 2.236414e-01 -1.036474e-01 -3.862896e-02 -2.835195e-01 1.223741e-02 -1.421778e-01 1.202979e-01 -6.908179e-02 -1.981941e-01 1.615363e-01 -1.080035e-01 8.996608e-02 3.674896e-02 2.200345e-03 1.585756e-03 -2.319037e-01 2.406663e-02 9.434733e-02 3.201953e-01 3.742292e-02 -5.002827e-02 -2.756897e-01 -1.100368e-01 2.191700e-02 9.980756e-02 3.201767e-01 -1.199842e-01 -2.572147e-02 -8.915864e-02 
-1.989088e-01 4.461060e-02 1.106890e-01 -3.881308e-02 -6.733618e-03 1.121260e-01 2.080138e-02 8.715161e-02 3.134966e-01 1.555478e-01 7.286278e-02 1.260110e-01 -5.524391e-02 -3.366157e-02 5.141613e-02 3.811635e-02 -1.721640e-01 -2.759403e-01 2.344888e-02 -8.653719e-02 -2.814076e-02 -1.483520e-02 5.036063e-02 -1.032455e-01 -1.876527e-01 -1.888629e-01 2.240586e-01 -7.610239e-03 1.322110e-02 6.075495e-02 -8.883544e-02 -5.462904e-02 -5.574636e-02 2.798259e-01 -8.661341e-02 1.257133e-01 -7.094869e-02 2.477571e-01 -5.068549e-02 2.524556e-01 -1.664099e-01 1.010542e-01 7.344726e-02 8.730854e-02 1.730808e-01 -2.340489e-02 -3.270862e-01 -6.186464e-03 -1.559431e-02 -2.864483e-01 
-5.911683e-02 -1.290282e-01 -2.439253e-02 3.620322e-02 -2.089921e-01 -6.301724e-02 -1.611729e-01 -1.334778e-01 5.456054e-02 -1.512237e-01 -2.721666e-01 -9.371042e-02 2.313924e-03 6.332539e-02 1.735189e-02 -4.066631e-02 -2.563638e-01 2.247910e-01 -1.013142e-01 -1.563870e-01 3.118480e-01 -1.088694e-01 -7.950042e-02 -2.409418e-02 -1.499005e-01 -2.237496e-01 5.048689e-02 8.830788e-02 8.929895e-02 3.393539e-01 -1.545434e-02 -9.859711e-02 -4.339579e-02 -8.702167e-02 1.241583e-01 -6.648517e-02 5.098316e-02 1.352956e-01 3.585745e-02 1.845165e-02 1.462378e-01 -5.533872e-02 -1.407075e-01 3.325967e-01 2.085349e-01 1.211963e-02 6.912423e-02 -1.519514e-01 2.609313e-02 1.000605e-01 
-3.946081e-02 -1.670854e-01 9.647004e-02 3.372400e-01 3.451614e-02 2.452191e-01 1.702798e-01 -1.921625e-01 3.605152e-02 1.470754e-01 2.357557e-02 1.178057e-01 1.533706e-01 -9.641097e-03 -6.643183e-02 9.777648e-02 1.324966e-02 -6.004903e-02 1.591018e-01 -1.142540e-01 -1.452144e-01 8.908110e-02 -7.362114e-02 -1.746043e-01 2.226834e-01 3.381128e-02 2.387723e-02 -1.778843e-01 -3.672355e-01 1.703412e-01 1.425041e-01 -1.706908e-01 -4.179408e-02 -2.269140e-01 1.311372e-01 5.651278e-02 -6.941219e-02 -3.229737e-02 -3.933838e-02 -2.561532e-02 9.160051e-02 -1.303665e-01 -1.247239e-01 -1.829861e-02 9.746901e-02 -6.359100e-02 -1.922000e-01 -2.380169e-01 6.985058e-04 1.088079e-01 
-1.145881e-02 -2.043522e-02 -1.488352e-01 3.505759e-01 -1.998048e-01 1.160571e-01 -1.145381e-01 2.044468e-01 1.508071e-01 3.713821e-02 -3.549169e-02 1.199737e-02 1.465261e-01 -1.786800e-01 -7.743077e-02 6.100774e-02 -8.965888e-02 2.255167e-01 -1.199544e-01 2.607302e-01 4.448907e-02 -4.129644e-02 2.174656e-01 9.990021e-02 -1.729797e-01 -2.996808e-02 -1.180906e-01 -2.565783e-01 1.942100e-02 3.548823e-03 -1.496240e-01 1.031710e-01 2.084180e-01 -8.840340e-02 8.193928e-02 8.098853e-02 -1.856014e-01 -2.352541e-01 1.880945e-01 1.074537e-01 5.122116e-02 2.038728e-01 9.249084e-02 -5.277404e-02 -8.821006e-02 -1.217559e-01 -9.025414e-02 -9.538907e-02 5.497379e-02 -1.075263e-01 
-1.167848e-01 7.014553e-03 1.211925e-01 3.899526e-02 3.368545e-02 2.448833e-01 -1.589083e-01 1.469607e-03 -1.310030e-02 -1.469911e-01 1.599371e-02 2.017216e-02 -9.268290e-02 -1.118478e-01 4.534966e-02 -2.408298e-01 3.912549e-03 -4.456541e-02 -1.277050e-01 1.776076e-01 2.632142e-02 -1.130940e-01 -2.132490e-01 1.552157e-01 1.745627e-01 1.836591e-01 -4.148188e-02 -6.256504e-02 1.708696e-01 6.669645e-02 -1.609978e-01 1.267761e-01 -2.928830e-01 -2.181159e-01 -1.039617e-01 1.097463e-01 1.464501e-01 5.797103e-02 1.582241e-01 1.312014e-01 -1.089437e-03 -2.040617e-01 6.884074e-03 -2.226296e-01 1.680026e-01 2.634588e-01 -1.232329e-01 -1.087010e-01 2.292103e-01 -1.003902e-01 
-2.054458e-01 -1.342097e-02 -9.636947e-03 5.446237e-02 2.389274e-01 -4.155302e-03 1.056868e-01 4.643020e-04 -1.830080e-01 1.328931e-01 -1.864450e-01 1.025089e-01 -5.679384e-02 9.572123e-02 -7.479721e-02 -2.229675e-01 6.503993e-02 -1.114591e-01 -3.000213e-01 1.771371e-01 -9.206604e-02 -1.332882e-01 -1.066586e-01 -1.949779e-01 1.696013e-01 -1.782857e-02 -6.333499e-02 -1.828918e-01 -8.721552e-02 1.717140e-03 -9.821796e-02 2.992211e-02 7.308923e-02 1.448268e-01 5.593316e-02 4.805489e-02 -1.215098e-03 -7.776362e-02 9.920103e-02 1.888346e-02 -9.629872e-02 2.646032e-01 8.363417e-02 4.389200e-01 8.580241e-02 7.781585e-02 8.493261e-02 1.287200e-01 1.445563e-01 1.968665e-01 
-1.799413e-01 1.644856e-01 3.887692e-02 2.220967e-01 6.974413e-02 4.685713e-02 -3.909902e-02 -2.453901e-01 1.923585e-02 1.559125e-01 -3.667219e-02 -2.790060e-01 2.489402e-01 -7.686538e-04 4.571418e-02 9.539069e-02 -1.799043e-01 6.913368e-02 2.395581e-02 -5.261735e-03 -2.032244e-01 -8.593362e-02 -4.216543e-03 -1.523655e-01 9.290614e-03 -5.231335e-02 -1.559520e-02 -1.590146e-01 1.942184e-01 -1.022264e-01 -6.098490e-02 -2.490937e-02 1.675315e-01 1.234773e-01 -9.919081e-02 -8.405193e-02 3.196109e-01 1.748301e-01 -7.864332e-03 -5.624757e-02 3.957952e-02 -2.614564e-01 2.192205e-01 -9.500294e-02 3.133033e-02 -1.717546e-01 2.651618e-01 6.641894e-02 1.332343e-01 -8.510687e-02 
-1.891738e-01 2.068637e-01 -1.314907e-01 1.582216e-01 -1.144467e-01 1.465736e-01 -3.656373e-02 2.726221e-01 -1.941679e-01 6.903652e-02 -3.040046e-03 9.699413e-02 7.865508e-02 -4.128008e-02 2.639568e-02 2.180905e-01 -1.761759e-01 -2.408622e-01 -1.879199e-02 -1.217265e-01 1.054438e-01 8.950154e-02 1.348538e-01 5.645431e-02 -2.106192e-01 2.359397e-01 -9.155652e-02 -4.141678e-02 -2.391003e-01 9.420067e-02 -1.898692e-02 1.044680e-01 -2.059383e-01 1.018899e-02 -9.147189e-02 4.066107e-02 1.177896e-01 5.269894e-02 -6.031977e-02 -4.089909e-02 1.635271e-01 -7.198925e-02 -2.063948e-01 8.648911e-02 1.980894e-03 1.806232e-01 2.216626e-01 2.943211e-01 -2.000099e-02 5.800423e-02 
-1.623245e-01 6.130399e-02 -2.144936e-01 -2.198075e-01 -4.603583e-02 1.348435e-01 -1.059180e-01 -1.113947e-01 -1.892996e-01 -2.875985e-01 1.360573e-02 2.792765e-02 2.210989e-01 9.333820e-02 1.772525e-01 -9.256829e-02 -7.729844e-02 1.552581e-01 1.360394e-01 2.985381e-02 -2.060521e-01 -2.477369e-01 2.611106e-02 -1.164534e-01 -2.481225e-02 -1.153044e-01 7.495563e-02 -1.487841e-01 -9.944381e-02 -2.375029e-01 3.055983e-02 4.505066e-02 -9.442946e-02 3.968442e-02 2.201386e-01 8.570501e-02 -1.512941e-01 1.081019e-01 1.211556e-01 -1.670907e-01 -2.541950e-02 3.857452e-02 -3.324148e-01 -4.677076e-02 -1.545857e-02 -4.918675e-02 -1.728425e-01 1.641526e-01 2.341337e-02 -1.332113e-01 
-1.653492e-01 5.370925e-02 -1.349444e-02 -2.379171e-01 -1.150875e-01 1.351849e-01 5.275890e-02 -1.213504e-01 1.645108e-01 1.626662e-01 -2.724277e-02 8.827484e-02 2.161374e-01 -2.700064e-01 1.506633e-01 2.808038e-02 -8.218022e-02 5.985796e-03 1.888321e-01 -5.256782e-02 1.701283e-01 -4.171520e-02 6.615241e-02 1.821048e-01 9.942787e-02 -6.579242e-02 -6.539745e-02 -3.044266e-03 4.514963e-03 -8.462894e-02 8.217170e-02 -2.007085e-01 -1.697852e-01 -2.396870e-01 1.053989e-01 -1.507929e-01 4.413459e-02 -3.191952e-02 4.483920e-02 -7.760651e-02 -2.887098e-01 2.809480e-01 2.930364e-01 -8.250633e-03 1.736094e-02 1.279964e-01 1.096220e-01 1.069553e-01 8.038622e-02 2.160808e-01 
-1.175516e-01 -1.821308e-01 -1.500211e-01 1.211120e-02 1.470136e-01 -9.010994e-03 -1.307979e-01 8.882532e-02 -1.474590e-01 1.513609e-01 -2.126023e-02 5.923208e-02 -2.799764e-03 -1.066852e-01 -3.066057e-01 -2.988815e-02 5.673679e-02 -6.490181e-03 -1.052316e-01 -2.056531e-01 -8.075443e-02 1.415362e-01 -3.996185e-02 1.223077e-01 -1.433619e-01 -1.489859e-01 -8.200153e-02 6.351569e-02 1.279974e-01 2.729349e-03 1.597702e-02 -3.499807e-01 -3.134297e-01 2.011688e-01 1.067994e-01 4.983096e-02 -6.609895e-02 -1.107619e-01 1.071926e-01 -2.897153e-01 -2.085971e-03 -1.107808e-01 4.871623e-02 -3.868425e-02 -1.732930e-01 -4.866509e-02 9.317338e-03 -9.960142e-02 2.717134e-01 -1.983490e-01 
-1.998277e-01 2.197662e-01 9.591415e-02 1.138720e-01 -6.655157e-02 1.031019e-01 1.301544e-01 6.421139e-03 2.449780e-01 -1.567304e-01 2.491135e-02 -1.366860e-01 -5.999650e-02 1.850745e-01 -1.450144e-01 -2.163497e-02 1.405859e-01 -2.532001e-01 8.196755e-02 7.634456e-02 7.464681e-02 6.792883e-03 -1.641624e-02 1.013095e-01 1.363593e-01 -2.497618e-02 -1.540196e-01 -7.842032e-03 2.109249e-01 1.545914e-01 2.114555e-02 -8.390376e-02 1.059478e-01 8.654274e-02 -1.751538e-02 -1.302535e-01 -1.201863e-01 2.126385e-01 6.603442e-02 -3.255256e-01 1.754287e-01 3.491641e-01 -2.491893e-01 -1.466339e-01 -6.493824e-02 -1.610795e-02 5.413388e-02 -7.118426e-02 8.517166e-02 2.988875e-02 
-4.796419e-02 -2.968412e-01 -1.990360e-02 -1.156408e-01 1.518258e-01 4.823664e-02 -1.258275e-01 8.791205e-02 3.030586e-01 -2.769849e-02 -2.346141e-01 -1.480896e-01 1.966340e-01 2.758095e-02 1.880074e-02 -1.198279e-01 7.925290e-02 -1.774781e-01 -1.760464e-01 1.506399e-01 -2.448040e-02 3.688889e-02 2.791398e-01 1.597986e-01 4.142760e-02 1.200458e-01 -1.716515e-01 2.238040e-02 -1.625269e-02 -1.272694e-01 -1.275979e-01 -1.013872e-01 -2.119737e-02 -1.501903e-01 -1.333792e-03 9.179862e-02 5.940057e-02 1.914220e-01 -2.641492e-01 -8.077742e-02 -3.287298e-02 -2.063686e-01 -1.090226e-01 1.467915e-01 -9.420488e-02 -2.163332e-01 -1.279289e-01 9.136915e-02 -1.390601e-01 1.114675e-01 
-1.515761e-01 1.142800e-01 -2.232574e-01 1.504709e-01 1.466550e-01 -1.132441e-01 1.347052e-01 1.624737e-01 7.159042e-02 9.142371e-02 -1.305106e-01 1.589495e-01 1.418224e-02 1.706752e-01 -1.171323e-01 -4.657351e-02 1.493520e-01 2.057249e-01 1.248029e-02 -1.942824e-01 2.220184e-01 -8.690518e-02 1.889194e-01 -2.993861e-01 -4.581746e-02 3.014194e-02 -1.157211e-01 1.440159e-01 1.186344e-01 -5.903772e-02 7.065532e-02 6.156637e-02 1.299879e-01 -1.412221e-01 -2.363634e-02 7.069014e-02 -7.445809e-02 2.228207e-01 1.167352e-01 -5.108546e-03 -2.828662e-01 -2.084793e-01 -1.199749e-03 -2.197613e-01 2.462631e-02 2.008975e-01 -1.306075e-01 -8.886339e-03 4.271424e-02 1.431058e-01 
-9.821171e-02 -1.295311e-01 1.953380e-01 -6.789970e-02 -8.754918e-02 1.561924e-01 1.128366e-01 8.820999e-02 6.198762e-02 1.201478e-01 -2.533100e-01 -1.474297e-01 1.478947e-02 1.552115e-02 -1.120286e-01 3.283193e-01 3.379476e-01 6.302813e-02 -2.564650e-02 -3.268168e-03 -7.731870e-02 -1.292422e-01 1.073039e-01 4.003505e-02 -5.141848e-02 3.731737e-02 4.577713e-01 1.285110e-01 8.376570e-02 -2.246544e-01 -6.093247e-02 1.285918e-01 -8.148851e-02 5.970305e-02 2.101437e-01 5.413649e-02 5.698930e-02 -5.310174e-02 1.527536e-01 -1.067170e-02 2.318038e-01 5.697334e-04 1.216559e-03 -1.743038e-02 9.306826e-02 1.568710e-01 3.541010e-02 -1.357640e-02 8.863969e-03 1.229874e-01 
-1.935728e-01 -1.339223e-02 1.425894e-01 -1.321976e-01 -4.281985e-02 8.346562e-02 1.826509e-01 -8.200588e-02 2.625189e-03 1.073528e-01 1.121387e-01 -1.812929e-01 -1.091890e-01 1.945672e-01 -5.704586e-02 -2.004131e-02 1.100049e-01 2.479174e-01 -2.911161e-03 8.362527e-04 9.720466e-02 -8.476819e-03 1.865840e-01 -4.766458e-02 4.035019e-02 1.409818e-02 -3.532654e-01 -6.246920e-02 3.321600e-02 1.087746e-01 1.197642e-01 -1.742253e-02 -2.728621e-01 4.097026e-02 -5.810174e-02 -1.296899e-01 -9.990981e-02 -1.899410e-01 1.307677e-01 1.304322e-01 2.015883e-01 -1.073789e-01 1.226942e-01 5.043071e-02 1.764712e-01 -1.387537e-01 -1.590986e-01 3.213267e-01 -1.895075e-01 -1.606992e-01 
-1.927030e-01 2.278363e-03 2.544529e-01 7.774419e-02 7.193242e-02 1.642424e-01 -1.971601e-01 2.581026e-01 -5.964725e-02 -1.704887e-01 6.024468e-02 -1.134875e-01 -8.311638e-03 -4.622114e-02 -9.934249e-02 -2.285245e-01 9.780851e-02 6.423062e-02 1.180770e-01 1.237317e-01 1.054164e-01 7.892649e-02 1.229140e-01 -2.882961e-01 -8.007846e-02 -1.016340e-01 1.272831e-01 -3.714832e-02 -5.149035e-02 5.119748e-02 2.450636e-01 6.666307e-02 -9.409534e-02 1.604219e-02 1.964772e-01 -2.931823e-01 2.375443e-01 -7.808451e-02 -2.308543e-01 1.260417e-01 -1.535964e-01 3.862558e-02 -8.792202e-03 6.710330e-03 -2.704352e-01 1.861815e-02 5.748807e-02 -9.552879e-02 -2.545957e-02 -3.541642e-02 
-1.308763e-01 -9.592100e-02 -9.389680e-02 1.529998e-01 1.183690e-01 -1.045784e-01 4.876469e-02 -4.983238e-02 -1.432626e-01 -6.362341e-02 4.976707e-02 1.395964e-02 2.146447e-01 1.136438e-01 -1.543373e-01 1.032284e-01 3.128300e-02 -1.596792e-01 2.653271e-02 -1.367534e-01 2.490483e-02 -2.332729e-01 -9.184334e-02 3.347112e-01 4.177396e-02 -3.381199e-01 -1.219127e-01 4.181361e-02 4.680416e-02 -1.258463e-01 1.623672e-02 2.688606e-01 -7.703786e-02 -9.779278e-03 1.422956e-02 -1.770744e-01 -1.375073e-01 -2.867375e-02 -3.272710e-01 3.733301e-01 8.350338e-02 2.308001e-02 1.289174e-02 -8.699472e-02 7.573948e-03 -8.287156e-03 -5.204514e-02 -7.311299e-03 1.139776e-01 1.066110e-01 
-1.063811e-01 -2.550880e-01 -5.556532e-02 -1.778512e-01 -1.710586e-01 -1.054531e-01 2.378183e-01 1.708411e-01 4.382719e-02 6.598543e-02 -2.607934e-01 2.415615e-01 -4.625517e-02 1.170064e-01 -7.067121e-02 -3.040683e-02 -1.824429e-01 -4.292542e-02 -2.940853e-02 3.403195e-02 1.032941e-01 4.857761e-02 -2.276288e-01 -1.826529e-01 1.329077e-01 -8.212652e-02 -2.953549e-04 -1.398382e-01 -5.575254e-02 -1.031900e-01 -1.039711e-01 8.688770e-02 3.783104e-02 -2.155709e-01 5.356386e-02 -9.694178e-02 1.236653e-01 5.561291e-02 -1.330128e-01 -9.456482e-02 2.254050e-01 5.238052e-02 1.181251e-01 -2.174120e-01 -1.175641e-01 2.077283e-03 1.105040e-01 5.945303e-02 -6.469123e-02 -3.784492e-01 
-4.739438e-03 -3.896991e-01 -3.442670e-02 2.076308e-01 1.198568e-01 -1.355112e-01 5.142183e-02 -3.115206e-03 6.204308e-02 -1.885564e-01 5.981887e-02 3.262447e-02 6.440239e-02 1.706538e-01 2.325795e-01 1.130862e-01 6.862030e-02 1.345378e-01 1.849918e-01 1.177120e-02 2.488858e-01 -1.607513e-01 3.199734e-02 1.238845e-01 6.288626e-02 2.771315e-01 -6.788223e-02 -8.967152e-02 -1.545142e-01 -2.616544e-02 -2.129581e-02 -1.888540e-01 -5.117977e-02 4.047992e-01 1.734004e-02 5.756058e-02 2.293523e-01 6.359440e-02 5.592829e-02 7.055442e-02 -4.871155e-02 1.557219e-01 5.279244e-02 -4.713981e-02 -1.968651e-02 1.335325e-01 6.191407e-02 -4.765519e-02 4.052487e-02 -1.279888e-01 
-1.751100e-01 -5.024693e-02 1.235593e-01 1.749614e-01 1.864420e-01 -1.730511e-01 -2.639959e-01 -7.737225e-02 2.191769e-01 -1.953250e-01 -1.901750e-02 3.093087e-01 -5.434746e-02 1.605100e-02 2.840510e-01 6.451876e-02 4.525225e-02 -5.185030e-02 2.637735e-02 2.801833e-02 6.238595e-02 8.149513e-02 -5.226227e-02 -1.948453e-01 -7.698702e-02 1.609821e-02 1.420306e-01 7.518273e-02 4.576691e-02 -1.198665e-02 2.842865e-02 1.350128e-01 -1.822275e-01 -5.060289e-02 -7.964626e-02 1.341273e-02 -2.539093e-01 -1.492607e-01 1.217483e-02 -1.586092e-01 1.937301e-01 -1.473084e-02 1.940547e-01 -8.698932e-02 1.739463e-02 -2.697840e-01 8.386163e-02 1.896590e-01 1.221600e-01 1.766363e-01 
-1.392123e-01 -6.100489e-03 1.096698e-01 1.171106e-01 -1.337426e-01 3.936817e-03 1.751263e-01 -3.179311e-01 -7.362421e-02 -1.456971e-01 2.328524e-02 1.595711e-02 -2.467199e-01 -3.519404e-02 -1.675855e-02 2.102224e-01 5.119475e-02 -6.523087e-02 -5.518824e-02 4.435288e-02 -1.161177e-01 -3.597434e-01 1.020444e-01 -1.055306e-01 -1.757823e-01 7.367527e-02 -1.170273e-01 2.078564e-01 -1.246111e-02 1.231917e-01 -2.645612e-01 -3.024216e-02 -9.122542e-02 -1.943851e-01 5.793403e-02 1.134087e-01 -4.656811e-02 -6.235384e-02 -1.795144e-01 -7.214846e-02 -2.410424e-01 -1.042134e-02 6.169391e-02 7.810718e-02 -3.243073e-01 1.853666e-02 7.488338e-02 -3.828930e-02 -5.235257e-02 -1.615353e-01 
-1.420730e-01 -1.360102e-01 -1.015963e-01 -1.188143e-01 -1.185503e-01 4.102396e-02 1.549619e-01 1.441901e-01 -2.305421e-01 -1.401874e-01 1.361196e-01 -1.920021e-01 -3.263639e-02 -4.814817e-02 2.459305e-01 1.819503e-01 -7.432989e-02 -2.190222e-01 -2.261447e-01 -3.337520e-03 2.011017e-01 4.369473e-02 1.647520e-01 -1.593014e-01 1.447387e-01 3.845671e-02 7.970361e-02 -1.002052e-01 3.469512e-02 -1.065898e-01 -1.087610e-01 -4.698140e-02 4.993571e-02 6.640338e-02 -1.151501e-01 -3.044309e-01 -2.288418e-01 -1.106760e-01 1.959513e-02 -1.060117e-01 -1.298789e-01 -1.880125e-01 3.906938e-02 -1.453711e-02 1.417339e-01 -8.670722e-02 -2.841238e-02 -3.154608e-01 1.076555e-01 6.059903e-02 
-1.825975e-01 -3.562593e-02 6.877042e-02 -2.845427e-01 2.503383e-03 1.475696e-01 5.099436e-02 2.486983e-02 6.139600e-02 7.419988e-02 2.116458e-01 2.234618e-03 1.283838e-01 4.213904e-02 1.235310e-01 -1.561172e-01 -3.161632e-02 2.143007e-02 -1.227300e-01 -3.338860e-01 9.585965e-02 -1.761303e-02 1.145287e-02 -1.843200e-02 1.336565e-01 1.899036e-02 2.591890e-03 8.360971e-02 -2.849743e-02 2.221126e-01 -1.542744e-01 1.007928e-01 1.798035e-01 9.919162e-02 1.100818e-01 3.239948e-01 2.962591e-02 -1.146242e-01 1.221224e-01 2.227874e-01 1.178285e-01 -2.582321e-02 -5.888791e-02 -1.394733e-01 -3.504222e-01 -1.806222e-01 1.766602e-01 -6.318849e-02 7.324686e-02 1.553957e-01 
-1.846242e-01 1.278055e-01 1.115880e-02 -2.846458e-02 1.184897e-01 1.023883e-01 -1.779720e-01 -9.665620e-02 6.308603e-02 -2.275556e-02 -1.078941e-01 1.327548e-01 -1.117952e-01 -2.478030e-01 -8.598936e-03 2.470301e-02 1.355373e-01 1.831439e-01 -1.670066e-01 -2.129434e-01 4.117616e-02 -1.004412e-01 -7.496670e-02 2.531328e-01 1.507281e-01 7.867648e-02 4.251341e-02 -1.765815e-01 -1.949698e-01 4.207337e-02 7.238133e-02 1.530361e-01 1.686945e-01 1.779830e-01 -3.170234e-02 -2.082294e-01 -2.158565e-01 1.854217e-01 -3.547844e-02 -1.484666e-01 4.053813e-02 -1.498683e-01 1.535699e-01 8.253369e-02 -1.422138e-01 1.219693e-01 1.031336e-02 -9.806328e-02 -3.341364e-01 -1.343084e-01 
-1.929291e-01 1.511322e-01 8.522105e-02 1.645093e-01 -1.816250e-01 -7.807534e-02 8.297108e-02 1.118556e-01 -1.462573e-01 -7.978370e-02 -1.154320e-01 4.307765e-02 2.666122e-01 1.318561e-01 3.423286e-01 -2.402192e-01 2.175867e-01 -7.817171e-02 4.193101e-02 -7.254705e-02 -1.525540e-01 1.396223e-01 -1.047480e-01 1.192162e-01 -1.183820e-01 -3.107864e-02 -3.104211e-02 2.632110e-01 -2.030708e-02 -1.001505e-01 -5.029028e-02 -2.312434e-01 1.443415e-01 -1.070698e-01 -9.640601e-02 -7.720762e-02 3.299679e-02 -8.305031e-02 1.454456e-01 6.740971e-02 1.579024e-01 -5.216135e-02 1.667898e-01 1.831885e-01 -1.149841e-01 1.143655e-01 -1.689725e-01 -1.020727e-01 -1.012704e-01 -1.222302e-01 
-4.155119e-02 1.177485e-02 -1.472535e-02 -8.096499e-03 -2.087837e-01 2.193247e-01 -2.499131e-01 -1.312313e-01 -7.040427e-02 1.616723e-01 5.912984e-02 6.394875e-02 7.528536e-02 2.627712e-01 -7.188429e-03 2.074262e-01 1.533588e-01 2.521516e-01 -2.348927e-01 1.664248e-01 1.046466e-01 2.473981e-01 -1.479241e-01 -4.233764e-02 9.036179e-02 -1.402219e-01 -8.001845e-02 2.727246e-01 -2.533379e-01 -9.531294e-02 -1.195992e-01 1.057201e-01 -8.901063e-02 8.063307e-02 -2.331309e-01 -1.686509e-03 1.062470e-01 1.432927e-01 -8.481958e-02 -6.370892e-02 -1.585556e-01 1.713846e-01 -2.202123e-02 -6.068049e-02 -1.736982e-02 -1.075992e-01 -6.123166e-02 -8.004481e-02 6.199690e-02 2.094640e-02 
-1.115582e-01 1.288726e-01 -3.355093e-01 9.612803e-02 3.009897e-01 7.748286e-02 -1.286778e-02 -1.185347e-02 -1.757953e-02 2.615630e-02 -6.512900e-02 -3.408147e-01 -2.106253e-01 -1.258022e-01 1.886662e-01 5.764474e-02 -5.576967e-02 -9.872630e-02 -8.310047e-03 -2.026280e-02 1.690537e-01 3.266831e-02 -7.027677e-02 1.010838e-02 9.759003e-02 -6.379392e-02 -1.929588e-02 2.935374e-01 -1.165407e-01 2.749809e-03 8.911748e-02 1.139145e-01 8.874136e-02 -7.483424e-02 2.589190e-01 1.808668e-01 2.056905e-01 -1.702280e-01 -7.409607e-02 -1.280141e-01 1.030808e-01 1.497139e-01 1.105474e-01 -5.690439e-02 1.268247e-01 -6.773912e-02 -2.065364e-01 -8.008903e-03 -6.862497e-02 -1.615015e-01 
-4.231505e-02 -7.209124e-02 9.926994e-02 1.295613e-01 -4.004648e-02 2.894671e-01 -1.011936e-01 7.622150e-02 -6.144280e-02 2.117651e-01 -3.382535e-02 2.182269e-02 -2.801345e-01 2.639409e-01 4.458981e-02 -1.228277e-01 -1.882258e-01 9.349654e-02 4.852371e-02 -1.306927e-01 5.307841e-02 -1.368370e-01 -1.592874e-01 2.152145e-01 -5.758417e-02 2.875921e-01 1.480584e-01 8.599567e-02 8.431945e-02 -1.884067e-01 5.309454e-02 -1.911789e-01 2.625893e-01 -7.881839e-02 5.680619e-02 -1.519674e-01 -1.539014e-01 -1.173647e-01 -1.618748e-01 1.975259e-02 -1.423312e-01 -1.530684e-02 -1.177471e-01 -1.603514e-02 3.941865e-02 -1.740583e-01 -1.190103e-04 2.053114e-01 1.440341e-01 -2.036547e-02 
-6.841143e-02 -1.881925e-01 8.871050e-02 7.521085e-02 -2.396246e-01 -1.607987e-02 -1.381421e-01 -1.245641e-01 -4.470543e-02 1.319959e-01 3.001364e-01 1.221451e-01 -1.821146e-01 -2.670587e-01 7.487983e-02 -1.273172e-01 4.899312e-02 8.016333e-03 -1.505716e-02 -3.801561e-02 5.257236e-02 -5.594357e-03 1.087210e-01 -1.646465e-01 5.704527e-04 -1.197197e-01 -2.262783e-01 8.111604e-04 1.489393e-01 -2.882879e-01 -3.218926e-02 -5.043432e-02 2.001673e-01 1.177301e-01 9.672417e-02 1.025312e-01 8.168801e-02 5.092919e-02 -2.414520e-01 -1.131921e-01 3.022208e-01 -5.383439e-03 -6.295177e-02 1.516071e-02 7.346285e-02 2.863568e-01 -1.297343e-01 5.864355e-02 1.234462e-02 1.598525e-01 
-2.059110e-02 -2.495122e-01 -1.621021e-01 -6.037942e-02 9.688544e-02 2.860779e-01 -1.110862e-01 1.131799e-01 -1.261828e-01 7.667004e-02 1.739508e-01 2.755490e-01 1.161832e-01 2.372443e-02 5.405889e-02 1.566508e-01 1.620778e-01 -1.073113e-01 1.434565e-01 7.636934e-02 -5.809730e-02 -1.445683e-01 -7.108424e-02 -4.586130e-02 -2.740908e-02 -2.750488e-04 -9.581968e-02 9.232646e-02 4.022146e-01 1.489684e-01 1.798807e-01 1.124957e-01 1.179200e-01 -1.080230e-01 -6.960772e-02 2.205638e-02 9.940196e-02 1.893159e-02 9.955027e-02 -5.535109e-02 -3.260993e-02 3.619234e-02 -9.951820e-03 1.903407e-01 1.441815e-01 -1.290472e-01 1.785893e-01 -1.278059e-01 -2.941908e-01 -1.157797e-01 
-3.540882e-02 -1.134375e-01 -2.834594e-01 2.724403e-03 5.304026e-02 7.365277e-02 -1.055279e-01 -4.074882e-02 1.561281e-01 3.804795e-03 2.730353e-01 -1.693353e-01 1.149780e-01 1.272456e-01 -1.548630e-01 -1.596658e-01 8.208500e-02 -3.016940e-02 1.267639e-01 6.028653e-02 -4.933022e-02 8.977120e-02 -1.782682e-01 -1.023960e-01 -1.395519e-01 3.399808e-02 1.316894e-01 5.062188e-02 -9.957923e-02 1.495883e-01 -4.749340e-01 -6.108933e-02 3.382642e-02 4.186081e-03 1.479509e-01 -1.996836e-01 -1.728699e-01 -6.595172e-02 -4.064836e-02 -3.111679e-02 -1.311504e-02 -6.459231e-02 1.303467e-01 -8.200517e-02 1.391588e-01 2.509001e-01 1.281448e-01 1.428502e-01 -2.094059e-01 7.016815e-02 
-4.739149e-02 -3.963138e-02 -1.630735e-01 -2.679763e-02 -1.137083e-01 6.777001e-02 -6.974794e-02 3.412845e-02 7.433253e-02 9.603591e-02 -2.251606e-01 -1.222706e-01 -4.146407e-02 -8.011266e-02 -1.176344e-01 -4.368159e-02 -2.426657e-01 -5.753630e-02 2.586327e-01 5.714714e-02 -3.267943e-02 -2.374852e-01 -2.354981e-01 -1.945014e-01 1.454769e-02 1.416066e-01 -9.657354e-02 1.128524e-01 3.145128e-02 -1.130182e-01 2.505258e-02 2.746999e-02 -1.666871e-01 2.396059e-01 -3.138974e-01 -4.451615e-02 -1.776987e-02 -1.528367e-01 8.020456e-02 2.826840e-02 9.715349e-02 4.408511e-03 1.790636e-02 -8.268150e-03 -2.716205e-01 -1.774919e-02 -2.038133e-01 -1.652104e-01 -1.972380e-01 3.035904e-01 
