-1.629953e-01 1.344029e-01 1.850566e-01 1.563251e-01 -2.229681e-01 -1.297681e-01 -1.138070e-01 -1.523869e-01 2.358370e-01 3.787730e-02 -1.744714e-01 -1.414288e-01 -2.459468e-02 -8.505652e-02 2.658294e-01 -1.107877e-01 2.053009e-01 6.300878e-02 -9.013330e-02 4.957780e-02 -1.687267e-02 1.113823e-01 -1.742249e-02 1.753701e-01 1.339203e-01 8.183158e-02 -2.123176e-01 -3.596996e-02 -1.356293e-01 2.238609e-01 -2.673872e-01 5.582262e-02 -5.428654e-03 -3.973789e-02 6.150704e-02 7.974753e-02 8.535398e-02 8.079423e-02 2.364267e-02 -1.938266e-01 -1.531190e-01 -9.909148e-02 1.007432e-01 -8.121671e-02 -1.367808e-01 -4.275242e-02 2.297331e-01 1.889412e-01 -2.416459e-01 
-2.004322e-01 -1.036150e-01 -2.615457e-01 1.528578e-02 -2.559122e-02 1.926746e-01 1.104487e-01 1.554723e-01 -4.994550e-02 1.388021e-01 -5.840681e-02 5.996972e-02 6.094404e-02 5.159463e-02 1.997952e-02 1.359751e-01 -3.715008e-02 -2.149225e-01 1.627582e-01 1.803282e-01 4.148132e-02 -2.427672e-01 2.191477e-01 1.072152e-01 -1.569209e-02 4.043227e-02 5.383929e-02 -1.241755e-01 1.165081e-01 8.994589e-02 -3.208555e-01 3.024492e-02 3.800585e-02 1.847966e-01 -2.547120e-02 1.904346e-02 1.559469e-01 -7.192475e-02 2.292156e-01 7.251198e-02 -9.317923e-02 -1.707042e-01 7.917612e-02 2.581301e-01 2.791843e-01 -6.636816e-02 2.178712e-01 1.601274e-02 -1.228560e-01 
-8.303334e-02 -3.017191e-02 1.807500e-03 -2.272127e-01 1.600282e-01 4.933862e-02 -1.208050e-01 -1.838786e-02 1.602228e-01 -9.574818e-02 1.546729e-01 -8.341138e-02 -1.482750e-01 2.249670e-01 -1.851728e-01 9.562969e-02 -3.979441e-02 2.038279e-01 8.561469e-02 1.036061e-01 -1.349630e-01 -1.165969e-01 2.037062e-02 -9.869489e-02 2.534497e-01 1.901022e-01 -1.245314e-01 -2.045346e-01 4.311737e-02 -2.403639e-01 -1.150984e-01 -6.911775e-02 -8.825347e-03 4.972940e-02 6.689558e-03 -2.226624e-01 2.603008e-01 6.687350e-02 -3.860876e-02 -2.837659e-01 6.109438e-02 1.323848e-01 2.577870e-02 -3.726190e-02 -1.101875e-01 -3.214662e-01 8.647311e-02 9.832482e-02 1.222717e-01 
-9.159847e-02 6.609561e-02 2.715193e-01 2.125354e-03 1.002666e-01 -1.777073e-01 1.490282e-01 1.190625e-01 1.660592e-01 -2.539664e-01 -1.250336e-01 4.415376e-03 7.616059e-02 -3.826864e-02 7.840665e-02 5.254013e-02 -3.613670e-01 5.437075e-02 9.237493e-02 -3.873399e-02 -1.116587e-01 6.528863e-02 4.155124e-01 -1.425727e-01 5.052581e-02 -2.582372e-01 -5.993727e-02 -6.746992e-02 6.935764e-02 3.349363e-03 -1.355283e-02 8.002738e-02 3.196956e-02 5.865357e-02 2.304333e-01 1.169824e-01 -3.030568e-02 2.822327e-02 -2.545957e-01 1.353906e-01 2.238226e-02 -1.733127e-01 1.521647e-02 1.520596e-01 -2.403244e-02 -1.961218e-01 -1.178148e-01 6.459049e-03 -8.093821e-02 
-9.981977e-02 -2.951513e-02 1.530206e-01 -6.736519e-03 -1.585297e-01 1.497187e-01 1.185698e-01 -7.251306e-02 -6.759647e-02 1.054336e-01 6.532997e-02 1.050583e-01 6.498660e-02 1.134880e-01 -1.369142e-01 -1.998056e-01 -1.880405e-01 -6.296493e-02 7.048077e-03 1.181949e-01 6.946971e-02 -2.910478e-01 2.695540e-02 1.705941e-01 1.728963e-01 6.788568e-02 -1.759977e-01 2.555581e-01 -1.760143e-01 -1.512724e-01 9.081242e-02 1.537062e-01 -1.854667e-01 -2.220523e-01 -1.036975e-01 -1.706900e-02 -1.284665e-01 1.158567e-01 -9.849029e-02 -4.549121e-02 4.081818e-02 1.465052e-01 9.753867e-02 3.608281e-01 -8.708464e-02 2.933290e-02 -1.597303e-01 1.350090e-01 -2.266624e-01 
-5.782768e-02 -2.482288e-01 -1.634324e-01 -1.086054e-01 9.517573e-02 -7.947322e-02 4.111877e-03 6.286564e-02 -9.912046e-02 -5.128388e-02 -2.816914e-01 -3.776162e-02 -1.707351e-02 -2.226380e-02 -1.499790e-01 -8.259239e-03 2.014109e-01 4.691197e-01 2.179724e-02 1.857701e-02 -1.055173e-01 -4.479974e-02 8.322927e-02 1.252564e-01 -2.017229e-01 9.070156e-02 -4.097090e-02 -5.543296e-03 1.220665e-01 -6.264376e-02 1.916477e-01 9.382335e-02 -4.093902e-02 1.869421e-03 1.614092e-01 1.682145e-01 5.805026e-02 -6.820249e-02 7.673035e-02 -2.308033e-01 6.828637e-02 -2.057757e-01 2.259389e-01 8.524817e-02 -5.519624e-02 2.402951e-01 -1.777664e-01 5.321774e-02 -1.570254e-01 
-2.123276e-01 4.670944e-02 -1.993644e-01 -1.846425e-01 6.875463e-02 1.873667e-01 -1.780738e-01 -6.100479e-03 -1.544052e-01 -8.133608e-02 1.616111e-02 1.643941e-01 -6.916293e-02 -1.127919e-01 1.761504e-01 -6.494382e-02 -1.175815e-01 7.145344e-02 4.994762e-02 -6.981555e-02 2.089456e-01 -4.195711e-02 -1.372733e-01 1.859851e-01 -8.906331e-02 -1.914147e-01 -6.254240e-02 -1.397991e-01 1.336562e-01 3.507804e-01 1.667264e-01 1.326395e-01 -2.373157e-01 -1.092638e-01 2.199964e-01 2.197252e-02 1.264754e-01 1.114452e-01 -2.394189e-01 -4.573389e-04 6.604005e-02 1.814761e-01 1.797504e-03 4.753114e-02 -7.708831e-02 -9.211128e-02 2.064405e-01 -1.456485e-02 1.328436e-01 
-9.882375e-03 -9.743735e-03 2.910831e-01 -4.155714e-02 -3.109438e-01 -2.507532e-01 6.109412e-02 -2.321503e-02 -4.218181e-02 5.501353e-02 1.980510e-01 2.740130e-01 -5.687573e-02 -1.486569e-01 -1.699594e-02 -1.429186e-01 1.785905e-01 -1.802848e-02 2.385864e-02 2.226414e-01 -1.258959e-01 -1.347097e-01 -1.404238e-01 2.775397e-03 -3.544914e-02 5.752574e-02 -1.329691e-01 -2.137737e-01 8.947202e-02 1.165124e-01 1.512727e-01 3.603238e-02 1.237929e-01 1.426085e-01 -1.064319e-01 1.280500e-01 3.060842e-01 6.328649e-03 -7.980412e-03 9.509898e-02 1.542890e-01 -9.957853e-02 7.356739e-02 1.224231e-01 6.625575e-02 -8.857345e-02 -1.492054e-01 -2.046671e-01 1.945196e-01 
-1.817205e-01 6.221517e-02 -1.150545e-01 4.432680e-02 -7.202297e-03 -5.881251e-02 7.882140e-02 1.223489e-01 -1.235222e-01 -2.396651e-01 -4.619032e-02 2.646009e-01 1.009747e-01 1.791605e-01 2.442950e-02 -6.621164e-02 2.892387e-01 -7.120648e-03 1.592499e-01 -5.658458e-02 6.507513e-02 -1.253075e-01 8.590718e-02 -1.298048e-02 -8.464264e-03 1.819440e-02 5.726385e-02 1.762230e-02 -3.862427e-01 4.827211e-02 -3.076977e-01 5.385194e-02 6.865414e-02 -8.443908e-03 1.888696e-01 1.225370e-02 -1.435274e-01 2.419760e-02 1.446213e-01 4.825813e-03 5.195655e-02 4.926633e-02 -4.071436e-02 -5.135764e-02 -3.381873e-01 -6.139819e-02 -2.063301e-01 -1.101865e-01 2.706374e-01 
-2.257025e-01 8.828673e-03 -2.153497e-02 6.387784e-02 -1.363943e-01 2.512222e-01 -5.439959e-02 -2.431666e-01 7.068570e-03 -2.319263e-01 7.928661e-02 2.184139e-01 -2.801560e-01 1.566115e-01 1.395045e-01 4.517510e-02 4.096389e-02 1.683213e-01 -5.374893e-02 3.222056e-02 -2.371231e-02 2.228575e-01 -4.539303e-02 -6.473131e-02 7.995430e-02 -5.644455e-02 3.037172e-02 8.009295e-02 2.774924e-01 -1.141181e-01 -2.020183e-01 1.733424e-01 2.659333e-01 -1.999245e-03 -3.905658e-02 9.152965e-02 -9.654568e-02 -1.608005e-03 1.887430e-02 -1.705462e-03 2.209031e-01 9.996050e-02 -2.032639e-01 4.984030e-02 1.733085e-01 1.300163e-01 -1.206799e-01 -7.892572e-02 -1.985798e-01 
-8.718341e-02 -1.219994e-01 8.638647e-02 1.885886e-01 2.413059e-02 8.906664e-02 -1.458239e-01 3.451138e-02 7.339551e-02 1.852018e-01 -2.608835e-01 1.316220e-01 -3.213402e-02 1.537642e-01 1.772722e-01 6.770334e-02 -5.371221e-02 1.349086e-02 1.755547e-01 -6.889304e-02 7.241987e-02 -1.736538e-01 3.532894e-02 -2.699840e-01 4.618663e-03 1.078983e-01 8.366457e-02 5.531104e-02 -1.293911e-01 5.597560e-02 1.850476e-01 -5.036385e-02 2.236979e-02 1.412146e-02 -2.710102e-01 2.449024e-01 -7.954751e-02 -1.558352e-01 -1.324907e-01 -7.101118e-02 4.263597e-01 -1.294424e-02 1.699007e-01 -1.993749e-01 -8.287099e-03 -1.360462e-01 1.857227e-01 1.499971e-02 4.014843e-03 
-2.639138e-02 -6.740932e-02 9.359198e-02 -2.461449e-01 -4.038478e-02 5.896957e-02 1.632716e-01 2.503890e-01 1.617549e-01 -7.687477e-02 -2.771549e-01 -9.112865e-02 -2.920720e-01 2.226481e-01 4.631037e-02 1.032861e-01 5.497666e-02 -4.966258e-02 1.276170e-01 -9.196418e-02 -2.113037e-01 2.196641e-02 -1.859553e-01 -3.780417e-02 -9.438557e-02 7.444824e-02 -8.608610e-02 -1.178790e-01 -2.046756e-01 1.781358e-01 1.309811e-01 -6.643984e-02 -1.241444e-01 -1.128634e-01 -1.149274e-01 1.070158e-01 -3.703229e-02 2.666580e-01 1.077531e-01 8.166714e-02 -1.575834e-01 1.220767e-01 -2.460456e-01 7.800811e-02 1.759926e-01 -8.215902e-03 -5.717871e-02 -1.558978e-01 -1.232903e-01 
-2.703895e-02 -7.254322e-03 2.379911e-01 6.792424e-02 -2.835808e-01 -1.274721e-04 -1.630599e-01 2.573015e-01 -9.543274e-02 -3.154390e-02 -2.313604e-01 8.042446e-02 -1.380639e-01 2.140071e-02 -2.533229e-01 2.875919e-02 -1.882892e-01 -1.364993e-01 5.389213e-02 8.477151e-02 -2.360201e-01 2.810877e-02 -7.636190e-02 2.145555e-01 -1.859921e-02 -1.016801e-01 2.373384e-02 -1.296840e-02 1.810018e-01 -1.713304e-01 -9.599769e-02 1.550881e-01 -9.568289e-02 -2.285607e-01 1.722331e-01 -1.012653e-01 -1.164314e-01 -2.163395e-01 1.559712e-01 7.545989e-03 1.864060e-02 4.795511e-02 1.033107e-01 -2.709085e-01 -1.811979e-02 2.658957e-02 1.831585e-01 -7.395295e-02 1.340836e-01 
-2.243638e-01 -8.948634e-03 -1.961157e-01 1.153322e-01 -1.539673e-02 -1.609952e-01 -2.073414e-01 -2.174922e-01 -1.538814e-01 3.886937e-02 -8.907196e-02 -2.548618e-01 9.218393e-02 3.309390e-02 -1.179707e-01 6.196400e-02 -1.745283e-01 -2.426495e-01 7.361964e-03 9.178082e-02 -8.983538e-02 -4.127242e-02 -1.332054e-01 -5.170954e-02 2.223043e-01 -3.009972e-01 -8.596169e-02 -1.218308e-01 -1.137823e-01 -1.722974e-02 -1.621617e-02 -1.230666e-01 -8.274905e-02 3.437167e-02 5.985049e-02 2.938108e-01 2.873041e-02 1.433294e-01 5.153537e-02 -2.590133e-01 8.157704e-02 -2.139172e-02 -4.848598e-02 -5.795884e-02 1.820570e-01 1.018971e-01 -2.720073e-01 -8.387629e-02 1.029926e-01 
-1.164801e-01 -1.684407e-01 1.117449e-01 2.549448e-01 2.420692e-02 -9.421615e-02 4.820300e-02 2.279425e-02 -8.276608e-02 2.805767e-02 1.571937e-01 -7.240270e-02 1.308094e-01 2.898446e-01 -2.268569e-01 -1.083222e-02 2.357161e-01 2.257346e-02 3.101818e-01 -6.235811e-02 1.823822e-01 5.772776e-02 -1.699733e-01 -1.055273e-01 -3.802549e-02 -5.388087e-02 -1.108053e-01 1.157395e-01 1.182336e-02 1.704531e-02 8.138562e-03 4.660748e-02 -1.359770e-02 -2.220167e-02 2.696678e-01 -1.603870e-01 1.563055e-01 8.513774e-02 -2.753955e-01 1.455688e-01 -7.374945e-02 -2.439146e-02 6.570068e-02 -1.898213e-01 2.472591e-01 -1.085126e-02 7.338169e-02 -1.061902e-01 -2.456782e-01 
-5.037065e-03 -3.308911e-01 -5.145089e-02 -3.789374e-03 -5.053384e-02 -7.750430e-02 1.400480e-01 1.719936e-01 3.573037e-01 -3.361479e-02 1.270198e-01 8.381655e-02 1.103914e-01 1.221649e-01 1.096041e-01 -3.402045e-02 -1.662470e-01 1.120059e-01 -2.008684e-01 -1.979009e-01 -7.124607e-03 -1.158990e-01 -1.566187e-01 3.149143e-01 1.123511e-01 -1.433140e-01 2.431424e-01 1.666547e-01 -5.527252e-02 1.291093e-01 -1.057202e-01 7.097374e-02 6.005555e-02 -8.315774e-02 -7.122059e-02 -6.655881e-03 2.048370e-01 -8.332572e-02 -6.698983e-02 -1.315947e-01 1.710629e-03 -6.224226e-02 -1.893690e-02 -1.632437e-01 2.023541e-01 -1.379701e-02 -1.779641e-01 1.066571e-01 1.534498e-01 
-3.003515e-02 -1.200294e-01 1.066607e-01 -2.514177e-01 -1.702999e-01 -1.425704e-02 2.818616e-02 -2.208429e-01 -7.931453e-02 6.727183e-02 1.528203e-01 9.961131e-03 3.071084e-01 -3.650264e-02 -4.991632e-02 3.650307e-01 -2.447925e-01 8.032788e-02 2.267867e-01 2.507952e-02 1.107653e-02 2.692750e-01 1.708770e-02 2.346261e-01 -2.372868e-01 1.224695e-01 1.905085e-02 2.405792e-02 -1.685887e-01 5.957336e-02 1.338509e-02 6.423898e-02 6.680307e-02 1.544852e-01 2.107323e-03 1.092650e-01 -2.067725e-02 9.002361e-02 1.976774e-01 2.162798e-02 1.126419e-01 1.507092e-01 -2.064679e-02 -1.863772e-01 -7.528294e-02 -1.485317e-01 -2.417262e-02 8.220582e-02 -1.294597e-01 
-1.668278e-01 -1.308096e-01 -4.929223e-02 1.736968e-01 -1.041101e-01 -1.137142e-01 -9.306432e-02 -8.210625e-02 1.993557e-02 -6.193696e-02 -4.854104e-02 -6.480857e-02 -1.882341e-01 -1.319216e-01 -1.037812e-01 1.554384e-01 6.023547e-03 -1.481328e-01 1.000159e-01 -2.334043e-01 6.293919e-02 4.393297e-02 5.716726e-02 2.834014e-01 -2.057967e-01 6.983723e-02 1.142007e-01 -1.214694e-01 3.511820e-02 -8.428157e-02 -7.382308e-02 -2.313491e-01 4.107595e-02 -1.515408e-01 -2.380153e-01 -3.070669e-01 -1.710715e-02 2.362322e-01 -2.278968e-01 7.536718e-03 1.975259e-01 -2.726133e-01 -4.709332e-02 1.721820e-01 -1.745946e-01 -1.883445e-02 -6.453510e-02 -5.056348e-02 3.586470e-03 
-1.114087e-01 -6.461587e-02 -2.439366e-02 1.000749e-01 1.621093e-02 -1.757064e-01 1.166995e-01 -1.015885e-01 1.189639e-01 -9.885037e-02 -1.173012e-01 2.684284e-01 1.860265e-01 6.262458e-02 -7.038428e-02 1.194298e-01 1.854831e-02 1.958045e-01 -1.390117e-01 1.792152e-01 7.938591e-02 -1.107207e-02 -2.441553e-01 -1.399499e-01 -2.257697e-02 -3.309663e-01 1.077377e-01 -2.439080e-01 -9.755485e-03 -1.443072e-01 9.647332e-02 -1.517231e-01 5.076625e-02 -1.412876e-01 -1.112869e-01 -7.254309e-02 -1.184108e-01 2.099721e-01 2.002602e-01 1.698411e-01 -8.066047e-02 7.696223e-02 1.568000e-01 1.152207e-01 -1.863644e-02 1.193448e-02 2.449947e-01 2.491065e-01 5.693170e-04 
-2.271866e-01 1.922047e-01 -6.023396e-02 -1.584898e-01 -1.033199e-01 -1.438942e-01 2.780114e-02 -1.434194e-01 -5.150303e-02 -1.325122e-02 -3.702391e-02 -3.099382e-02 -1.745534e-01 1.751914e-02 2.103003e-01 8.436618e-02 5.278590e-02 5.207337e-02 1.240775e-01 -5.996093e-02 -1.814000e-02 -3.188351e-01 1.448753e-01 1.576469e-01 1.377079e-01 2.993489e-02 -6.675615e-02 6.898278e-02 1.181937e-01 -2.359835e-03 2.130337e-01 -1.663650e-01 7.236944e-02 1.250180e-01 4.155683e-03 -2.224381e-01 -1.996488e-01 -2.448247e-02 1.031131e-02 2.439965e-01 -1.462081e-01 5.761388e-02 1.727322e-01 -3.243846e-01 1.902817e-01 4.854561e-02 -2.008055e-01 2.075427e-01 4.569708e-02 
-2.339530e-01 7.677217e-02 -1.086057e-01 1.821335e-01 1.459375e-02 1.761146e-01 1.204093e-01 4.758452e-02 1.136528e-01 4.099006e-02 2.135524e-01 1.066834e-01 8.482672e-03 8.324813e-02 1.218740e-01 -6.063537e-03 -1.861332e-01 1.295394e-01 -1.522175e-02 1.266057e-01 -1.033946e-01 1.228215e-01 -2.187043e-01 1.196802e-01 -1.125463e-01 6.645824e-02 -1.954860e-01 -2.301117e-01 -2.003517e-01 -1.515365e-01 1.277672e-01 -1.459231e-01 -1.746608e-01 1.747055e-01 9.921939e-03 -3.584722e-02 -2.116540e-01 -3.516709e-01 -1.313563e-01 -4.142322e-02 -1.703172e-01 -2.686471e-01 -5.319639e-02 -3.940201e-02 -7.056955e-02 2.670051e-02 -2.578222e-02 -1.607357e-01 -2.721464e-02 
-8.469368e-02 9.110529e-02 -2.570644e-02 -1.366296e-01 -5.951192e-02 -1.387922e-01 -9.802233e-02 3.428533e-01 3.500515e-02 3.390702e-01 4.785152e-02 -3.661443e-02 9.429166e-03 6.081201e-02 8.551602e-02 -1.017933e-02 -2.607099e-02 1.369569e-02 -1.162922e-01 -4.730219e-02 -6.935378e-02 -1.622099e-01 -1.313106e-01 9.562886e-02 -6.718571e-03 -1.086442e-01 1.259195e-01 2.342344e-02 3.657987e-02 -2.221807e-01 -4.452977e-02 -1.114473e-01 2.714538e-01 3.151062e-01 1.992025e-01 8.853309e-02 -3.365252e-02 1.939693e-01 -1.733913e-01 3.124277e-02 1.094544e-01 1.723680e-01 -9.360834e-02 4.238298e-02 -2.556316e-01 1.834617e-01 1.295334e-01 -9.431119e-02 -2.224560e-01 
-1.447550e-01 1.442608e-02 2.234584e-01 -5.622547e-02 -6.570581e-02 8.425116e-02 -1.348616e-01 1.041473e-01 7.146855e-02 -2.900438e-01 8.832065e-02 -2.571988e-01 1.489235e-01 -2.983789e-01 4.830071e-02 2.436495e-01 1.334375e-01 6.612063e-02 1.215547e-01 8.192791e-02 1.256666e-01 -2.817360e-01 -1.739395e-01 -9.621130e-02 1.389794e-01 3.394350e-02 1.866993e-01 5.678731e-03 -9.296128e-02 -8.090614e-02 6.562800e-02 9.351107e-02 -1.581579e-01 -7.010865e-03 4.045546e-02 -1.448048e-02 6.138350e-02 -1.902192e-01 5.110232e-02 1.077391e-01 1.257736e-01 -1.215637e-01 -3.251565e-01 7.397159e-02 -1.400526e-02 2.138062e-01 5.232859e-02 1.195414e-01 -3.807586e-02 
-8.303378e-03 -2.515304e-01 -7.946970e-02 -2.857349e-01 -2.689573e-02 -9.607259e-02 -2.084823e-01 7.509036e-02 -3.299702e-02 -1.354692e-01 8.961335e-02 6.286755e-02 1.714984e-01 -3.548127e-02 1.737498e-01 -3.215697e-01 -9.792145e-02 -7.999457e-02 1.383531e-01 -8.732417e-02 -1.002419e-01 1.972674e-01 1.748412e-02 -1.296205e-01 3.212372e-01 1.388407e-02 5.017476e-02 -1.418163e-01 -6.994829e-02 8.470448e-02 1.691970e-02 -2.515691e-02 -3.707731e-02 -8.451742e-04 -1.059747e-01 -2.918064e-01 -8.619963e-02 -1.505524e-02 1.489879e-01 4.892745e-02 1.028213e-01 -8.197481e-02 2.215752e-01 -5.613733e-03 -2.048886e-02 1.921965e-01 4.358442e-02 -2.103523e-01 -2.572898e-01 
-1.263149e-01 -1.818867e-01 1.147694e-01 -3.917926e-02 -1.864891e-02 -1.872555e-02 6.983269e-02 -2.092259e-01 -1.885175e-01 -1.565141e-01 5.932410e-02 -1.348501e-01 -5.692097e-02 1.105974e-01 1.173673e-01 -1.659432e-01 -7.935047e-02 -2.789930e-01 -2.065804e-01 -9.651054e-02 -1.132595e-01 -2.319381e-01 -1.716511e-01 -1.858146e-01 -2.846030e-01 1.143649e-01 2.693469e-01 -8.760136e-02 4.555282e-02 3.032165e-02 1.347560e-01 9.359130e-02 1.805631e-01 9.678836e-03 2.281763e-01 -5.503213e-02 -1.009559e-01 -7.783688e-02 6.827422e-02 -2.013305e-01 -1.274489e-01 -8.022788e-02 9.260096e-03 2.176387e-02 -7.234435e-02 -2.537603e-01 2.896918e-02 1.032592e-01 -1.543562e-01 
-2.068567e-01 2.314686e-01 -2.226910e-02 9.600082e-02 -1.866754e-01 -1.926128e-01 4.045855e-02 6.340762e-02 1.169913e-01 1.520771e-01 5.165419e-02 1.319576e-01 9.119658e-02 1.384653e-01 -1.104874e-01 -1.851473e-01 -1.109272e-01 3.335152e-02 5.665092e-02 -2.679047e-01 -1.222600e-02 1.252972e-01 1.070524e-01 -2.089646e-01 -1.115765e-01 1.666188e-01 3.405813e-02 4.188681e-02 1.688062e-01 1.104577e-01 1.029678e-01 -4.352088e-02 -2.650018e-01 1.143161e-01 1.004522e-01 -1.434215e-01 3.705616e-02 3.519598e-02 2.400000e-01 -1.803489e-01 1.505863e-01 2.677682e-03 -2.692140e-01 1.123221e-01 9.372018e-02 1.574519e-01 4.218672e-02 2.594425e-01 1.123305e-01 
-5.322986e-03 -3.054050e-01 -1.765824e-02 1.110700e-01 -1.709761e-01 -2.174602e-02 -1.581058e-01 1.115945e-01 -1.315566e-01 2.406568e-01 -2.049429e-01 -7.890156e-02 7.258801e-02 -1.545029e-01 2.299124e-01 -4.074786e-02 -9.885250e-02 2.472348e-01 -9.055418e-02 -1.235783e-01 2.537416e-01 -3.157017e-02 -4.239616e-02 -1.576806e-01 8.871048e-04 1.713310e-02 -2.776107e-01 -6.461323e-02 7.189848e-02 -1.880807e-01 -8.228502e-02 3.711528e-02 1.888155e-02 -3.107797e-02 3.845486e-02 -1.574642e-01 -8.706694e-03 -2.941824e-02 1.677837e-01 1.166246e-01 -1.126403e-01 8.258800e-02 -2.263251e-01 4.945516e-02 2.007879e-02 -3.154425e-01 -2.281622e-01 -7.502746e-02 4.564104e-02 
-1.525796e-01 -4.897262e-02 9.160117e-02 -1.122176e-01 1.019564e-01 4.879153e-02 4.707283e-02 1.040347e-01 5.328893e-02 8.788363e-02 -4.229021e-02 4.062507e-02 1.462621e-01 2.189976e-02 -8.119311e-02 -1.280106e-01 3.352003e-01 -2.755980e-01 5.557742e-02 -1.470280e-01 1.843083e-01 2.527205e-01 9.300890e-02 2.310717e-01 2.052007e-01 -1.569880e-03 7.353775e-02 -3.455723e-01 1.650073e-01 -1.960511e-01 1.892672e-01 1.835390e-02 6.053398e-02 -6.182129e-02 -6.130706e-02 2.370574e-01 -8.008139e-02 -1.986441e-01 -5.403327e-02 -3.908864e-02 -5.762150e-02 1.184197e-01 -1.182749e-01 -1.023146e-02 6.266632e-05 -1.458706e-01 -1.122576e-01 2.048926e-01 -4.414314e-02 
-1.802981e-01 -1.312809e-01 -1.607828e-01 -1.326627e-01 -1.280352e-01 -1.557970e-01 1.321548e-01 1.841734e-02 1.347303e-01 1.383736e-01 5.157929e-02 1.286363e-01 -1.400272e-01 -2.307695e-01 1.534190e-01 1.197769e-01 1.762938e-01 -1.211969e-01 1.690304e-02 3.273420e-01 3.964690e-02 1.594503e-01 1.938933e-01 -1.527677e-01 5.151450e-03 -8.344479e-02 2.018873e-01 3.029138e-01 -5.360345e-02 -2.056536e-01 1.727428e-01 5.288805e-02 -1.877833e-01 -1.143056e-01 9.566745e-02 -7.703865e-02 -1.411251e-02 8.502066e-02 -6.252078e-02 -2.594311e-01 -9.948588e-02 -6.881287e-03 -5.787270e-02 -8.010098e-02 3.077663e-02 -1.446136e-01 7.023060e-02 -1.845999e-01 1.871794e-03 
-2.028139e-01 1.663424e-01 -1.119746e-01 7.738443e-02 -1.372283e-01 1.343203e-01 -7.549766e-02 1.149554e-01 -2.263856e-01 -1.633540e-01 -8.284101e-02 6.996742e-03 4.228023e-01 1.431949e-01 6.284887e-02 1.069556e-01 5.105414e-02 1.523908e-02 -2.377849e-01 -5.160798e-02 -3.027866e-01 3.320311e-02 1.373657e-01 -1.039795e-02 4.378938e-02 9.675420e-02 -2.575406e-02 1.600207e-01 8.479919e-02 -3.725964e-02 2.344900e-01 -3.986280e-02 9.969967e-02 -1.603897e-01 -2.287194e-01 -8.238640e-03 3.234658e-01 7.085869e-02 -7.884291e-02 5.995988e-02 -1.575113e-01 -3.232420e-02 -8.490524e-02 -7.538733e-02 -9.853235e-02 -6.891977e-02 6.056271e-02 -1.254096e-01 -2.765349e-02 
-2.177006e-02 -5.118908e-02 5.097260e-02 -1.661742e-01 -2.193892e-01 1.021840e-01 -1.105988e-01 -1.026496e-02 -5.086277e-02 -1.594907e-01 -1.172732e-01 3.042277e-01 1.027798e-02 -2.425550e-01 -2.280471e-01 -9.256091e-02 -1.156720e-01 2.409433e-02 -9.920837e-02 -1.139095e-01 1.485309e-01 -5.761571e-02 7.867830e-02 -1.873284e-01 -9.457676e-02 1.914927e-01 6.709368e-02 -9.462845e-02 -1.674853e-01 -1.112149e-01 -2.109276e-01 -2.590816e-01 -1.279174e-02 8.184270e-02 8.099001e-03 1.570956e-01 6.824031e-02 2.714929e-02 -3.076632e-01 -9.352150e-02 -2.850145e-01 7.982158e-02 2.263863e-02 -1.483894e-01 2.118005e-01 1.565716e-01 8.215423e-03 6.610222e-02 -5.516380e-02 
-1.210993e-01 -1.607311e-01 -9.694498e-02 2.450414e-02 1.603402e-02 7.778770e-02 7.701556e-03 2.391990e-01 1.687811e-02 -2.039314e-01 5.565881e-02 5.641692e-02 -1.547324e-01 -1.778527e-01 -2.148420e-01 1.235165e-01 4.992604e-02 -2.209158e-01 -3.365373e-01 -1.012634e-01 5.361486e-02 1.336084e-01 -4.648720e-02 -2.336038e-02 1.090008e-01 2.213792e-02 -4.025777e-01 2.117655e-01 -1.629694e-01 6.076165e-02 1.851883e-01 1.804578e-03 1.400122e-01 2.450656e-01 1.128187e-01 -2.436095e-02 -5.815620e-02 6.022499e-02 1.216021e-01 6.785892e-02 2.105942e-01 -8.532066e-02 9.691776e-02 -1.046749e-02 3.989462e-02 -9.595213e-02 9.811985e-02 1.942317e-01 6.008058e-03 
-1.802536e-01 -7.861951e-02 1.429709e-01 -8.629840e-02 4.635563e-02 -4.201673e-02 3.311120e-01 3.855102e-02 -1.800447e-01 -2.604563e-02 1.302367e-01 -1.560537e-01 -1.119910e-01 9.540243e-02 1.929100e-01 3.862970e-02 -9.350796e-02 -5.231045e-02 -1.440307e-01 -1.512392e-01 2.200917e-01 6.638342e-02 -2.958641e-02 -8.746546e-02 2.346729e-02 1.230168e-01 -4.909570e-02 -2.720309e-02 1.666423e-01 -2.437301e-01 -1.731354e-01 7.562649e-02 -2.910868e-01 -2.377318e-03 -1.250123e-01 2.436039e-01 1.291805e-01 1.854138e-01 9.126660e-02 1.148898e-01 5.619863e-03 -1.090492e-01 2.295602e-01 -1.710056e-01 -1.590409e-01 2.021867e-01 7.777317e-02 -5.565817e-02 1.548650e-01 
-2.297930e-01 2.059218e-01 -9.291757e-02 -1.847110e-01 1.358646e-01 -1.795836e-01 9.365021e-02 9.220390e-02 -1.427133e-01 1.863607e-01 2.014920e-02 -7.607762e-02 -8.649267e-02 -9.459653e-02 -9.155101e-02 -7.461996e-02 -1.919485e-01 1.279551e-01 1.498555e-02 9.767689e-02 7.383436e-02 1.465915e-01 -1.584591e-01 -5.867117e-02 1.009206e-01 2.566134e-01 6.363805e-02 6.446910e-02 -1.363784e-01 7.291361e-02 -7.143643e-02 -8.187235e-02 3.453903e-01 -4.752451e-01 9.756420e-02 8.998240e-02 2.402200e-02 -1.312133e-01 -1.638237e-02 1.405164e-01 8.582680e-02 -1.687419e-01 -1.972891e-02 5.294719e-02 1.210968e-01 -5.641094e-02 4.173476e-02 6.045763e-02 3.315100e-02 
-1.167385e-01 9.492097e-02 -7.993514e-02 -2.019366e-01 -2.922555e-01 1.240145e-01 -1.842682e-01 1.132202e-01 9.172161e-02 6.647429e-02 -1.355570e-02 -2.488339e-01 -3.593586e-03 1.641928e-01 -1.333834e-01 -1.090583e-03 1.188460e-01 3.175463e-02 -1.117104e-01 1.144637e-01 1.979932e-02 2.084612e-01 -1.273308e-01 -2.003771e-01 -1.240916e-01 -1.177930e-01 2.043154e-01 9.136974e-02 4.278354e-02 1.308939e-01 -1.438359e-01 2.233963e-02 -1.816139e-01 1.279764e-01 -1.088109e-01 -6.811711e-03 -6.359107e-02 -1.113672e-01 -1.607060e-01 2.081227e-01 -4.847368e-03 -4.452712e-02 3.044608e-01 1.415002e-01 -8.061622e-02 -1.904433e-01 -2.678870e-01 1.519800e-01 5.740363e-02 
-1.392094e-01 -1.864547e-01 -1.369773e-02 6.103956e-02 -1.006225e-01 -6.973516e-02 1.865625e-01 1.326157e-01 -1.694867e-01 -3.787483e-02 1.049403e-01 -1.517687e-01 -9.024425e-02 -9.828746e-02 -2.304427e-01 -7.520600e-02 -7.739083e-02 1.640884e-01 1.971789e-01 6.242604e-02 3.047515e-02 -2.478220e-02 2.925630e-02 -9.974560e-02 1.256562e-01 -1.481264e-01 -4.123621e-02 6.605290e-02 1.703798e-01 3.176506e-01 -1.066509e-03 4.411690e-02 1.893109e-01 1.199937e-01 -3.640346e-01 4.983249e-02 -2.192069e-01 -4.670949e-02 -8.075977e-02 -1.944121e-01 -2.592382e-01 6.698949e-02 -1.636178e-01 -6.319571e-02 -2.492015e-01 4.306877e-02 1.364512e-01 3.480303e-02 6.358317e-02 
-1.573307e-01 -5.006440e-02 -1.586007e-01 -4.351857e-02 1.762816e-01 -2.431147e-01 -9.945117e-02 -1.224881e-01 3.220073e-01 -2.408819e-01 -2.098575e-01 -1.072031e-01 1.353314e-01 1.109067e-02 -9.989467e-02 -3.306604e-01 -1.010499e-01 -1.132672e-01 6.828109e-03 2.391341e-01 1.038730e-01 -4.984847e-02 -7.573349e-02 1.193708e-01 -2.181248e-01 2.306827e-01 -9.728279e-02 1.807727e-01 1.364739e-01 -1.072997e-01 -3.128900e-02 1.119544e-01 -1.039172e-02 1.481355e-01 -1.435782e-01 7.623797e-02 -3.321503e-02 -2.136270e-02 -2.683713e-02 2.192324e-01 2.300668e-02 1.429115e-01 -1.247144e-01 -6.425417e-02 -1.266083e-03 -3.386255e-02 8.715678e-02 -1.530955e-01 6.214585e-02 
-5.499397e-02 3.989733e-02 2.475256e-01 -2.678474e-01 7.151104e-02 1.414868e-02 3.186023e-02 -1.326478e-01 6.756559e-02 1.269036e-01 -1.889499e-01 8.922941e-02 2.390485e-01 1.531995e-01 -1.331226e-01 2.595427e-01 6.804837e-02 -5.658093e-03 -2.887257e-01 6.195051e-03 2.266179e-01 -8.388505e-02 -3.545843e-02 9.161513e-03 1.372991e-01 9.119430e-02 -7.550479e-02 1.955296e-02 1.926462e-01 2.353747e-01 -5.087693e-02 -2.278313e-02 9.963734e-03 2.927669e-02 5.792299e-02 -1.654866e-01 -2.934278e-01 -2.036246e-03 -6.282156e-02 -1.823231e-01 2.067250e-02 -1.953167e-01 -3.840282e-02 3.966336e-02 4.049988e-02 5.023561e-02 2.282692e-02 -3.486988e-01 9.411570e-02 
-1.353085e-01 -9.441608e-02 4.264645e-02 -6.036203e-02 -8.391849e-02 2.522252e-01 2.201253e-01 -2.292108e-01 1.419685e-01 5.061178e-02 -7.999966e-02 -1.506158e-01 1.561323e-01 -2.261610e-01 1.503969e-02 -1.103935e-01 1.101032e-01 5.325669e-02 2.154266e-01 -3.133915e-01 -2.811541e-01 3.202186e-02 -1.303282e-01 -1.449950e-02 4.579428e-02 -6.813711e-02 -4.996243e-02 2.019384e-01 4.190427e-02 -1.315661e-01 -4.412047e-02 -2.112804e-01 9.351722e-02 1.973702e-02 1.509585e-01 5.570337e-02 -4.678313e-02 -5.889188e-02 -7.220631e-04 1.505745e-02 1.216759e-02 1.188735e-01 1.700321e-01 2.339737e-01 5.190692e-02 -2.676601e-02 1.899886e-01 -1.347998e-01 2.947589e-01 
-5.575926e-02 6.872726e-03 1.544168e-01 -1.487120e-01 7.685039e-03 1.768232e-01 -3.523606e-01 9.155936e-02 1.448835e-01 4.790097e-02 2.124341e-01 -7.901398e-02 4.285741e-02 1.395998e-01 8.612387e-02 -1.226785e-01 1.303003e-02 -1.142122e-02 1.179033e-01 2.643236e-02 1.230947e-01 -1.350503e-02 1.734974e-01 -2.729749e-02 -2.904437e-01 -1.664324e-01 -1.674186e-01 2.281527e-02 -9.819964e-02 -1.396463e-01 1.066964e-01 1.386140e-01 2.901429e-01 -1.266982e-01 -7.013368e-02 4.160122e-02 -9.201196e-02 2.122835e-01 9.539098e-02 -1.111138e-01 -1.677657e-01 -2.557066e-01 3.743837e-02 9.246577e-03 1.254597e-01 1.644425e-01 6.872391e-02 6.102107e-02 2.811232e-01 
-1.020534e-01 -2.125218e-01 1.665733e-01 -7.652920e-02 1.335769e-01 -3.923130e-02 1.639232e-02 -1.594754e-01 -1.812903e-01 1.377624e-01 -3.012203e-01 5.288242e-02 -9.677578e-02 1.557656e-01 1.217367e-01 5.262418e-02 -4.087244e-02 -1.200350e-01 -1.428526e-02 1.399346e-01 -6.317073e-02 2.164635e-01 1.271572e-02 -5.554344e-03 1.286576e-02 -5.028041e-02 -1.119203e-02 4.539892e-02 -2.173601e-01 -1.374408e-03 1.428011e-02 1.106786e-01 9.151505e-02 1.892726e-01 -1.057473e-02 -2.650032e-01 2.752060e-01 -1.984853e-01 -1.857425e-01 7.261333e-02 -7.648562e-02 7.322154e-02 -1.186887e-01 1.433706e-01 -7.362279e-02 3.146175e-01 1.661163e-02 2.142821e-01 2.275067e-01 
-5.985450e-02 -1.948512e-01 -5.493794e-03 -3.096994e-02 1.866703e-01 6.142855e-02 -2.272131e-01 -2.079054e-01 4.586206e-02 2.616590e-01 6.988601e-02 2.505777e-01 -7.327706e-02 -5.091998e-02 -1.710972e-01 -2.458025e-02 4.199049e-02 2.588861e-02 3.483918e-03 -1.027984e-01 -3.080885e-01 -7.351603e-02 -2.338061e-02 -4.302807e-02 1.715241e-01 4.339065e-02 9.098781e-02 9.390725e-02 5.392935e-02 4.242028e-02 -5.046004e-02 1.218107e-01 -1.699461e-01 1.832292e-02 5.210297e-02 1.797062e-01 -7.128918e-02 1.777486e-01 2.492991e-02 3.397666e-01 -1.799740e-01 -3.308210e-01 -2.075660e-01 -1.132327e-01 -1.703213e-01 -8.112724e-02 6.683147e-03 1.064303e-01 3.772927e-03 
-1.878458e-01 -1.465338e-01 6.189279e-02 2.146989e-01 1.280790e-01 1.942734e-01 9.159987e-02 1.192511e-01 6.826421e-02 1.401570e-01 8.044177e-02 -1.413700e-01 1.468085e-01 -2.093155e-01 1.579694e-02 -3.282098e-02 4.899107e-02 2.925307e-02 -1.717945e-01 2.178250e-01 -2.449083e-01 6.100679e-03 1.533615e-01 -7.104779e-02 -7.781020e-02 2.252029e-01 6.762153e-02 -2.768357e-01 -8.197752e-04 1.582222e-01 -6.675280e-02 1.403080e-01 7.199745e-03 -8.549958e-02 6.882054e-02 -1.399695e-01 -1.879079e-01 2.514506e-01 -1.328491e-01 5.682042e-02 1.492561e-01 2.614596e-01 6.889231e-02 -1.527718e-01 1.226175e-01 1.541843e-01 -1.374405e-01 5.126532e-02 1.139768e-01 
-5.918455e-02 -1.195994e-01 2.330171e-01 -1.166751e-01 2.573594e-01 -8.240633e-02 -8.965370e-02 1.364008e-01 -2.298387e-01 -4.955491e-02 1.322013e-01 8.238912e-02 8.223076e-02 3.814076e-03 1.740949e-01 -7.017799e-02 1.416351e-01 -1.445276e-02 -3.394238e-02 1.553499e-01 -1.751025e-01 -1.954906e-03 -9.676045e-03 6.638164e-02 -2.157391e-01 -1.408017e-01 -1.649138e-01 2.224011e-01 1.360423e-01 4.829392e-02 -2.574505e-01 -4.664395e-01 -1.909653e-01 -8.185086e-02 -9.427548e-02 3.291345e-02 -9.691311e-02 -8.422446e-02 -2.555707e-03 -7.990681e-02 1.354290e-01 3.301194e-02 -1.180597e-01 1.503996e-03 1.008987e-01 -8.892957e-02 -1.479064e-02 1.792073e-01 -6.938755e-02 
-1.257119e-01 9.047542e-03 -1.103869e-01 -2.106548e-01 -4.183056e-02 -5.899877e-02 1.183409e-01 -1.783614e-01 1.321583e-01 1.547950e-01 1.005365e-01 -6.269806e-02 -3.418135e-02 -3.142925e-02 -1.774359e-01 6.158565e-03 1.015916e-01 -2.795292e-02 -1.885110e-01 -1.953183e-01 -7.773462e-02 -1.886759e-01 2.204086e-01 -1.393555e-01 -2.302330e-01 -3.181983e-01 -2.405051e-01 -1.511681e-01 -1.453700e-01 1.224631e-02 -1.090378e-01 1.210919e-01 -2.573506e-02 -2.071411e-01 -1.206974e-01 -6.096120e-02 1.161392e-01 -3.085755e-01 1.070532e-02 1.072666e-01 1.536360e-01 9.681716e-02 -9.718673e-02 -1.587453e-01 -7.236861e-02 8.203716e-02 6.877391e-02 -9.243403e-02 -1.873518e-01 
-2.310468e-01 1.971462e-01 2.226584e-01 5.931938e-02 2.454506e-01 -7.633508e-02 -8.963384e-02 1.872530e-02 -2.125574e-01 3.027186e-02 -8.364914e-03 -3.845676e-02 -9.882630e-02 -1.217844e-01 -1.189009e-01 -1.181908e-01 4.583380e-02 2.403394e-01 -1.370827e-01 -1.792286e-01 -1.395988e-02 3.940187e-02 4.568788e-02 1.660830e-01 -4.653939e-03 -1.212681e-01 2.519485e-01 3.375291e-02 -2.667075e-01 -8.620246e-02 -1.192592e-03 2.085350e-01 -1.014542e-01 2.493363e-01 -2.287641e-01 -8.390266e-02 -2.304897e-02 3.445662e-02 1.159296e-01 -4.936425e-02 -3.129277e-02 6.204334e-02 6.912569e-02 6.842442e-02 2.882921e-01 -2.012177e-01 9.788598e-02 -1.953850e-01 -3.431102e-02 
-9.976925e-02 -2.229772e-01 1.420436e-01 1.457921e-01 -7.413172e-02 3.219311e-02 -1.606120e-01 -8.526044e-02 7.607475e-02 -2.403325e-02 1.579803e-01 -1.344876e-01 -1.751149e-01 1.865127e-01 -9.124354e-02 -4.245833e-02 -4.103802e-02 1.156196e-01 -1.823729e-01 9.535801e-02 1.600735e-01 2.547378e-02 3.434997e-01 1.135326e-01 7.423841e-02 4.171815e-02 1.682635e-01 8.744943e-03 -6.976969e-02 1.614600e-01 1.704968e-01 -3.928751e-01 -2.336764e-02 -5.786026e-02 1.984540e-01 1.443116e-01 8.068019e-02 -1.211839e-01 1.999264e-01 1.907672e-01 -6.786246e-02 1.758583e-01 -2.611999e-03 1.083408e-01 -9.772803e-02 5.723927e-02 7.075989e-02 -2.035817e-01 3.916810e-02 
-2.088299e-01 1.418915e-01 1.835844e-01 6.050896e-02 2.610567e-01 2.729205e-01 2.851525e-02 4.861470e-02 1.906319e-01 8.704458e-02 -1.115206e-01 1.217093e-01 -3.842354e-02 -2.065720e-01 -8.401173e-02 -4.747025e-02 -1.154301e-01 -1.133436e-01 1.189264e-01 3.614037e-02 1.299596e-01 -2.166638e-03 -1.355990e-01 -9.141038e-02 -7.927419e-02 -1.168478e-01 4.225725e-02 1.161599e-01 1.153287e-01 8.975954e-02 3.469872e-02 -1.409895e-01 1.045689e-01 8.640414e-03 -2.918807e-02 -1.337236e-01 3.039357e-01 2.536138e-02 2.690976e-01 -8.357760e-02 -9.526082e-02 2.751850e-02 1.287180e-01 -1.589495e-01 -2.390177e-01 4.703336e-02 -3.350673e-01 -8.061208e-02 -1.833074e-01 
-1.140347e-01 -2.568359e-02 -9.337208e-03 1.160583e-01 1.590138e-01 -3.049077e-01 -2.710572e-01 6.980306e-02 1.114977e-01 -2.238813e-03 1.999944e-01 1.331353e-01 -1.718937e-02 -5.274421e-02 7.099227e-02 3.870556e-01 -6.165479e-03 -1.139216e-01 3.835371e-02 -2.133695e-01 -9.289432e-02 -1.226398e-02 -7.510528e-02 -9.832038e-02 -5.033509e-02 1.774959e-01 -9.186256e-02 5.033120e-02 7.778845e-02 4.680853e-02 -4.852827e-02 1.528109e-01 2.516877e-03 -1.122337e-01 -5.359006e-02 1.013056e-01 -5.894196e-02 -1.903142e-01 -1.370300e-02 -5.409257e-02 -2.745963e-01 2.938275e-01 2.415833e-01 2.745200e-01 -1.317072e-02 1.073514e-01 -7.769619e-02 -5.734349e-02 1.838597e-03 
