-1.751858e-01 1.146708e-01 -2.514224e-02 1.460627e-01 -1.466329e-01 1.960538e-01 1.027289e-01 -2.283994e-01 7.760848e-02 2.026043e-01 2.874914e-01 2.195055e-01 1.077652e-01 5.746395e-02 -2.102166e-01 -1.778649e-01 -8.690244e-02 -3.724657e-02 -3.787967e-02 -1.411892e-01 -2.564135e-01 -1.917956e-01 1.378146e-01 8.939906e-02 9.777141e-03 2.071659e-01 8.704930e-02 3.031284e-02 1.246506e-01 4.349389e-02 -9.031863e-02 2.760161e-01 6.392347e-02 -2.064605e-01 4.775330e-02 -2.159084e-01 -2.052904e-01 -1.022509e-02 -1.712044e-02 9.874278e-02 1.357531e-01 1.225207e-02 -1.847120e-01 2.144935e-02 -1.383277e-01 -4.778504e-02 6.066770e-02 1.153546e-02 5.907215e-02 
-3.460659e-02 -2.194247e-02 3.050329e-02 1.216061e-01 -5.757300e-02 -6.630943e-02 -2.588185e-02 2.403940e-01 1.354214e-01 -8.414352e-02 6.351628e-02 -9.402343e-02 1.946431e-01 -3.437610e-01 -5.912446e-02 -2.459888e-01 1.462518e-01 -2.977494e-01 1.546436e-01 1.347106e-02 3.621723e-02 2.976240e-01 -1.236686e-01 4.995602e-02 8.096943e-03 -1.010707e-01 1.548234e-01 1.246545e-01 -1.036202e-02 -7.164735e-02 -8.859404e-02 -6.147747e-02 -1.737045e-02 -3.220750e-02 -1.944344e-01 -1.663843e-01 -2.145244e-01 2.207261e-01 9.744710e-02 -2.378033e-02 1.826622e-01 1.164547e-01 5.665915e-02 1.842151e-01 -5.925109e-03 1.404391e-01 -2.357666e-02 3.834393e-03 2.712237e-01 
-2.241279e-01 -4.477548e-02 -5.292937e-02 -1.051671e-01 -7.483297e-02 -7.026670e-03 1.282248e-01 1.656299e-01 -2.455481e-01 -1.512887e-01 -3.766297e-02 5.453631e-02 1.455245e-01 1.848364e-01 7.514767e-03 -9.451550e-02 -8.287928e-02 -1.537061e-01 1.042119e-01 -1.152503e-01 1.142190e-01 2.246195e-02 -1.764195e-01 -4.575901e-01 -1.271295e-01 9.396856e-02 -1.187375e-01 1.597458e-02 8.677273e-02 -1.350288e-01 1.680742e-01 7.529861e-02 -4.692534e-02 -1.264859e-01 -2.288692e-01 -1.502814e-01 8.054334e-02 8.210119e-02 2.009572e-01 1.964687e-01 3.924150e-02 -1.473193e-01 2.671191e-02 -1.768979e-01 -9.634067e-02 -2.447296e-01 1.248694e-02 -4.810356e-02 -1.116749e-01 
-2.292648e-02 -1.478749e-01 2.199182e-01 -6.074759e-02 -1.965304e-01 1.308851e-01 -5.310920e-03 -3.756920e-02 -5.743755e-02 -1.588872e-01 1.037574e-01 -8.807729e-02 -2.348705e-01 -4.186507e-02 -2.439615e-02 2.820342e-02 -9.589538e-02 2.776615e-02 -8.567407e-02 2.743684e-01 -1.801964e-01 -1.027536e-02 -9.616633e-02 3.316656e-02 7.531850e-02 1.753863e-01 -3.037803e-02 -2.247697e-02 2.371882e-01 1.456442e-01 1.853018e-01 -2.006838e-01 2.171680e-02 3.171266e-01 -2.394624e-02 -1.858857e-01 -8.875794e-02 1.082105e-01 9.216591e-02 -3.099687e-02 -1.019524e-01 5.461776e-02 -1.399415e-02 -6.128946e-02 8.198593e-02 -2.917439e-01 2.283698e-01 1.420796e-01 3.013568e-01 
-1.541582e-01 9.626564e-02 -9.426184e-02 2.194913e-01 1.551881e-02 -9.521371e-02 -1.046341e-01 -1.959863e-01 1.953964e-01 -1.018788e-01 -2.108141e-01 2.294147e-01 2.026683e-01 1.121903e-01 5.232527e-02 6.708737e-02 -1.942169e-01 -5.860052e-02 1.686372e-01 2.174489e-01 1.760424e-02 -8.658381e-02 -2.403256e-01 3.001490e-02 -5.057666e-02 -6.236760e-02 1.001951e-01 -7.849957e-02 -1.924963e-01 6.870264e-02 1.295085e-01 7.379735e-02 -3.678712e-01 1.907888e-02 1.281504e-01 1.913006e-01 -1.799119e-01 -4.470769e-02 2.424370e-01 5.764891e-02 -5.818213e-02 1.542144e-01 -5.006046e-02 -1.068348e-01 8.399414e-02 -9.722754e-03 9.720537e-02 1.319998e-01 1.201597e-01 
-2.836970e-02 -1.187378e-01 2.148947e-01 -3.238120e-02 -1.324174e-01 -1.102595e-01 1.058398e-01 2.398468e-01 1.764676e-01 -1.422444e-01 -1.453409e-01 -7.427900e-02 -1.999982e-01 -2.729106e-02 -1.540093e-01 -1.113918e-01 -1.749308e-01 -1.548592e-01 1.538155e-01 -1.714165e-01 -1.313138e-01 -2.521029e-01 1.547297e-01 -2.248657e-01 -2.743917e-01 -1.195891e-01 -9.587922e-02 -9.217172e-02 -8.176115e-02 8.312736e-02 1.914920e-01 4.158621e-02 -2.932146e-02 -1.500393e-02 1.696432e-01 -2.452540e-02 -3.585782e-02 -2.737011e-01 -1.179432e-01 -2.288611e-01 8.257019e-02 1.251672e-01 -8.355373e-02 2.253728e-01 -2.045618e-02 6.796657e-02 -1.096105e-02 6.237234e-02 9.928362e-03 
-8.574903e-02 -1.804922e-01 1.416280e-01 7.333292e-03 1.886892e-01 2.142504e-03 -1.713345e-01 -5.821281e-02 6.405987e-02 3.028618e-01 1.935868e-02 -6.330485e-02 2.521408e-01 8.950304e-02 -1.944147e-03 -1.470736e-01 -2.572275e-01 -4.183136e-02 -1.439526e-01 -8.950466e-02 3.937948e-02 7.705968e-02 2.382493e-01 -9.246623e-02 1.426181e-01 -1.854897e-01 4.560452e-02 2.382481e-01 2.449851e-01 2.055388e-01 1.713681e-01 -2.116384e-01 -2.149206e-01 2.083897e-01 8.629821e-02 4.987293e-02 1.251527e-01 -3.494870e-02 1.599900e-01 2.661983e-02 2.027997e-01 -3.979507e-02 9.557036e-03 5.830434e-02 -8.064615e-02 -1.811937e-02 -7.456121e-02 -1.258243e-01 -3.931099e-02 
-1.937655e-01 1.686605e-01 2.514430e-01 6.614369e-02 -4.958057e-02 -1.124580e-01 1.886614e-01 -7.696253e-02 -1.664330e-01 -9.547006e-02 -1.539117e-01 1.317029e-01 1.115284e-01 -2.911459e-02 1.535302e-01 -1.287919e-01 -1.596142e-02 3.778589e-02 9.325914e-02 1.485942e-02 -1.177796e-01 1.988253e-01 2.206903e-01 3.775885e-02 1.504799e-02 3.498205e-02 -3.087116e-01 8.951438e-02 2.726897e-01 -9.958869e-02 -2.082141e-01 3.938419e-02 -1.786168e-01 -5.188584e-02 1.294882e-01 2.432460e-02 1.778355e-01 9.573265e-02 -4.254739e-02 -2.383935e-01 -1.876484e-01 -4.815968e-02 8.656606e-02 -1.030600e-01 -5.388282e-02 2.569844e-01 1.084251e-01 1.844695e-01 9.300607e-02 
-1.278078e-01 1.458506e-01 1.615274e-01 2.599102e-01 2.800493e-01 -1.456764e-03 -1.508607e-01 9.062640e-02 4.093845e-02 -1.574105e-01 6.316378e-02 -3.175194e-02 1.857880e-01 2.181634e-02 -1.684694e-01 2.288160e-02 2.572849e-01 6.252639e-02 -5.159786e-02 2.430458e-01 -7.794907e-02 -4.868780e-02 4.083261e-02 -1.369906e-01 -1.832936e-01 1.776595e-01 1.040208e-02 1.318803e-01 6.076150e-02 5.200567e-02 2.122460e-01 -4.696516e-02 1.142867e-01 7.095002e-02 -9.561968e-02 6.285901e-02 8.011678e-02 -3.955708e-02 -3.576936e-01 1.008790e-01 7.704466e-02 9.059855e-02 -1.229902e-01 -2.229553e-01 2.221576e-03 5.805372e-02 -2.714777e-01 1.831767e-01 -7.940371e-03 
-3.181016e-02 -2.908120e-01 6.800738e-02 5.125911e-02 -9.324120e-02 -1.396311e-01 4.467332e-02 3.593164e-02 2.549125e-01 -6.640729e-02 -7.072486e-02 -9.807576e-02 2.520717e-01 6.824216e-02 -5.776735e-02 8.521082e-02 1.562693e-01 1.720124e-01 -1.424461e-01 1.481168e-01 -1.744124e-01 -5.309786e-02 2.212782e-01 3.378797e-02 1.735662e-01 -7.946882e-02 3.114479e-02 1.303057e-01 -2.900981e-01 -1.277939e-01 2.306869e-01 2.168834e-01 5.086929e-02 -9.759210e-02 -7.898879e-02 -8.292651e-02 3.792557e-02 1.657791e-01 2.255834e-02 -4.503824e-02 -1.039644e-01 -2.362725e-01 1.868731e-01 8.857213e-02 -1.286546e-01 -7.652860e-02 2.495582e-01 1.174761e-01 -1.165748e-01 
-8.250837e-02 -4.733945e-02 2.648206e-01 1.503722e-01 4.731494e-02 -1.442866e-01 1.431322e-01 -2.270538e-03 -1.538076e-01 -7.243415e-02 -4.362570e-02 1.620937e-01 -9.435373e-02 1.431767e-01 1.877271e-02 2.476234e-01 7.668762e-02 1.498942e-01 -6.330881e-02 -4.609805e-03 3.238077e-01 -3.392277e-02 3.947026e-02 1.272389e-01 -6.932003e-02 -2.600241e-02 -4.354474e-02 -1.735441e-02 -1.161508e-01 1.061003e-01 1.319306e-01 -1.235832e-01 3.859649e-02 -1.667143e-01 6.923493e-02 -1.064949e-01 -6.677748e-02 2.164872e-01 -1.743226e-02 3.439539e-04 2.548993e-01 -2.378258e-02 -2.195394e-01 1.943882e-02 -1.508936e-01 1.189158e-01 1.348403e-01 -3.909297e-01 2.572802e-01 
-2.046257e-01 -1.222502e-02 -1.333124e-01 1.223261e-01 2.013226e-01 -1.477938e-01 2.613919e-02 -4.926710e-02 9.355451e-02 -8.398438e-02 2.003426e-01 -7.912606e-02 7.138711e-02 1.696747e-01 3.612567e-01 -8.919579e-02 -1.438126e-01 -1.177303e-02 -1.183892e-01 -9.557483e-02 2.425007e-02 -2.601908e-01 -1.035177e-01 6.049061e-02 1.628280e-01 1.003379e-01 -2.241386e-01 -6.770788e-02 -7.961397e-02 -1.631593e-01 3.058483e-02 -2.004958e-01 6.123493e-02 -8.183051e-02 9.324417e-03 -2.113129e-01 2.232090e-02 5.117806e-02 -8.401188e-02 -1.045216e-01 -1.065837e-01 8.403756e-02 1.155573e-01 2.982319e-01 9.096219e-02 -9.484627e-02 -2.923264e-01 5.746458e-02 1.733371e-01 
-4.682221e-03 -1.819686e-02 9.822087e-02 3.618464e-01 -2.109995e-01 6.386693e-02 -5.161096e-02 1.016300e-01 1.724454e-01 -8.939445e-02 8.743819e-02 -2.199242e-01 3.465799e-02 -1.536057e-02 5.217066e-02 2.540367e-01 -2.191642e-01 -1.641143e-02 -2.515965e-01 -1.897384e-01 1.957427e-01 -3.059149e-02 -2.374049e-01 6.196887e-03 -5.782038e-02 -1.822502e-01 -1.283399e-01 1.793042e-01 1.990927e-01 -7.899479e-03 -2.136847e-01 1.810933e-01 -8.587646e-02 5.473318e-02 -1.413460e-01 4.639766e-02 -5.367145e-02 -4.504949e-02 -1.731011e-01 3.568219e-02 -9.384732e-02 -1.954441e-01 -1.918609e-01 -1.217803e-02 1.319202e-01 1.692247e-02 1.070027e-01 3.480360e-02 -7.406914e-02 
-2.167654e-01 1.917900e-01 -1.304086e-01 2.322760e-01 -8.235073e-02 -9.667303e-02 6.360650e-02 1.188782e-01 -3.195682e-01 1.746568e-02 -1.019239e-01 -1.946709e-01 2.125772e-01 -2.312960e-01 4.851592e-02 -7.144574e-02 -8.812763e-02 1.380339e-01 8.048125e-02 2.010747e-01 1.021793e-01 -1.096715e-01 1.831711e-01 3.815492e-02 6.530806e-02 6.821848e-02 1.058648e-01 -1.798347e-01 -2.513329e-02 2.158008e-01 -4.816725e-02 2.105094e-01 1.313268e-01 2.089438e-01 -1.023528e-01 2.518369e-02 3.442593e-02 -1.355232e-01 4.680192e-02 -2.124297e-01 3.591399e-02 -4.011233e-02 -2.017874e-02 1.464028e-01 1.025280e-01 -2.154036e-01 2.269534e-02 -2.261550e-01 -6.636950e-02 
-6.875008e-02 -1.116813e-01 1.513896e-01 1.910888e-01 -6.421622e-03 2.394796e-02 7.298500e-02 4.257036e-03 1.172997e-01 9.073488e-03 -2.206063e-01 1.286891e-01 -2.067651e-02 -9.521259e-02 -1.494930e-01 -8.338986e-02 5.228517e-02 5.210844e-02 -1.426225e-01 7.734638e-02 -1.211944e-01 1.217208e-01 -1.134849e-01 -1.279482e-01 2.566703e-01 -2.647708e-01 -2.418772e-01 -1.964554e-01 -1.244277e-01 2.908545e-02 -2.846785e-01 -6.769303e-03 2.582221e-01 -3.945626e-02 1.943815e-01 -1.417359e-01 1.662219e-01 -1.610730e-01 1.397799e-01 2.250421e-01 1.426717e-01 2.137414e-02 -4.113502e-03 -1.561919e-01 1.383526e-01 -1.648061e-01 -1.747574e-01 -2.693241e-02 7.655002e-02 
-2.362040e-01 4.685613e-02 -1.052300e-01 5.518701e-02 5.352820e-02 -1.055726e-01 -5.978448e-02 5.341244e-02 -2.992008e-01 -3.424313e-02 9.667312e-02 -2.323526e-01 -1.096550e-01 2.123284e-01 1.520345e-02 -1.191211e-01 2.562081e-02 9.296598e-02 1.849835e-01 -7.719674e-02 -3.012442e-01 2.940871e-02 -2.172726e-01 1.313737e-01 1.476480e-02 -1.601347e-01 6.731327e-02 2.638117e-01 -1.257372e-01 7.444331e-03 4.350300e-02 -1.117088e-01 1.625998e-01 3.802878e-02 1.950803e-01 -3.147742e-02 2.133969e-02 -1.351419e-01 4.320652e-02 1.851257e-01 1.294402e-01 -1.521877e-01 -7.437969e-02 4.448249e-02 1.779506e-01 2.369727e-01 2.802541e-01 8.354868e-02 -5.963398e-02 
-9.988423e-02 -3.495708e-02 1.891583e-01 -3.725882e-03 1.381091e-03 -1.546895e-01 -2.348970e-02 -1.907365e-01 6.062390e-02 -7.586815e-02 2.156777e-01 1.868021e-01 -5.597364e-02 -1.680072e-01 1.630798e-01 1.597449e-01 -1.255077e-01 1.040493e-01 2.070238e-01 -4.489342e-02 -2.078747e-01 7.352554e-02 -6.278160e-02 -2.456158e-01 1.486575e-03 -9.710358e-02 3.015924e-01 -4.023291e-02 3.683137e-02 2.286755e-01 -8.684634e-02 -9.886903e-02 1.147696e-01 -2.147369e-01 -2.319095e-01 2.254419e-01 9.671753e-02 -1.213256e-01 -1.331256e-01 7.300537e-02 -8.326773e-02 -2.297023e-01 1.952552e-01 1.193174e-01 -6.315299e-02 -5.655269e-02 -3.116704e-02 -7.124669e-02 1.555811e-01 
-2.186845e-01 6.565772e-02 1.512562e-01 -2.368413e-01 1.719661e-01 7.898776e-02 -2.774080e-01 1.082221e-01 1.129080e-01 1.749317e-02 -8.817497e-03 -1.473236e-02 -5.599359e-02 1.026680e-01 2.113753e-01 -1.134382e-01 -1.422255e-01 -2.181005e-02 -1.436597e-01 1.138076e-01 -5.748618e-02 7.980685e-02 -1.763301e-02 -5.409799e-02 -2.833985e-01 -2.874190e-02 1.080105e-01 -1.555078e-01 -1.440321e-01 3.493994e-02 -3.052204e-01 2.021693e-01 4.805069e-02 5.543432e-02 1.242775e-01 1.184130e-02 1.227975e-01 4.026119e-01 -1.452012e-01 3.176293e-03 1.421330e-01 6.834587e-02 -5.883956e-02 9.288906e-02 -7.393655e-03 -1.497297e-01 1.819692e-01 1.711676e-02 -8.700940e-02 
-2.343604e-01 -2.099281e-02 8.009357e-02 -1.726682e-01 -7.394313e-03 2.782896e-01 2.507298e-01 -1.317851e-01 2.804159e-02 -1.084191e-01 -3.651659e-02 2.064300e-01 8.832638e-02 -1.348181e-01 -1.724351e-01 -1.463110e-01 1.428535e-02 2.667675e-02 -1.316639e-01 -6.933770e-03 2.625780e-01 -2.859511e-01 -2.243929e-01 7.855520e-02 -8.924752e-02 -9.128644e-02 1.388857e-01 3.210398e-01 -1.071295e-01 1.173698e-01 -6.338128e-02 -1.570817e-01 1.238082e-01 3.681717e-02 -1.582949e-02 8.897320e-03 1.042711e-01 2.119231e-02 -1.812254e-02 -2.283670e-01 -1.840187e-02 4.185447e-02 2.501316e-01 -3.868038e-02 1.541972e-01 5.504276e-02 4.070894e-02 1.976781e-02 -1.520154e-01 
-5.965308e-02 -9.131484e-02 1.788897e-01 1.287365e-01 -1.471618e-01 6.100813e-02 -4.484126e-02 1.114000e-01 -2.013560e-01 2.176615e-01 3.704928e-02 7.416653e-02 1.187925e-01 1.204554e-01 -6.903154e-02 2.792938e-01 1.057812e-01 -1.109666e-01 -3.872615e-02 -1.917431e-01 6.352434e-02 -1.283767e-02 7.807704e-02 6.748844e-02 -2.140883e-01 6.580453e-02 3.028849e-01 -1.917008e-01 2.369971e-02 -2.512300e-01 2.225384e-02 2.556994e-02 4.650565e-02 9.102423e-02 2.123336e-01 4.759588e-02 1.068418e-01 2.548998e-02 1.462637e-01 -3.064204e-02 4.559648e-02 -1.390246e-01 2.320112e-01 6.406313e-02 2.766543e-01 -2.583136e-02 -1.653457e-01 2.426354e-01 1.961948e-01 
-1.077340e-01 -1.787290e-01 -2.428396e-01 -1.684335e-01 -5.509321e-02 -8.720661e-02 -1.899516e-01 1.823265e-01 8.666447e-02 6.864539e-02 5.880655e-02 -3.076271e-02 2.085497e-01 -1.095220e-01 4.528079e-02 4.937813e-02 2.268966e-01 8.759293e-02 -1.070706e-01 -9.965548e-02 -5.050553e-02 -2.171259e-01 -1.171990e-01 -1.419004e-01 4.915156e-03 6.763294e-02 -1.439145e-01 -6.563728e-02 2.108212e-01 1.750125e-01 -5.161900e-02 -4.285874e-02 2.260256e-01 -1.714767e-01 1.368380e-01 3.082046e-01 -1.487414e-02 6.862352e-02 2.268875e-01 -2.411303e-01 -6.029844e-03 1.529600e-02 -1.847108e-01 -1.555996e-01 -3.996496e-02 1.123021e-01 1.144013e-01 3.962236e-02 2.073754e-01 
-8.470730e-03 -3.313666e-01 1.306293e-01 -9.232211e-02 -2.235315e-02 -1.493144e-01 -2.266527e-01 6.190450e-02 -1.563816e-01 1.957811e-01 -2.372487e-01 1.041935e-01 1.656495e-01 1.231068e-01 -1.014032e-01 -3.450241e-02 3.029737e-02 -2.049635e-01 8.381735e-02 1.127076e-01 -3.814563e-04 9.100399e-03 -1.585890e-01 3.051891e-01 -2.277305e-02 1.683968e-01 -4.674335e-02 9.261053e-02 8.917646e-02 5.028977e-02 -1.139053e-01 -2.554414e-02 -2.031923e-02 -2.709001e-01 -1.285717e-01 -5.330351e-02 8.751480e-02 -2.355703e-01 -2.577397e-01 2.660099e-02 -1.845087e-01 1.328615e-01 -7.072219e-02 1.269735e-01 9.849414e-02 -1.786398e-01 9.859161e-02 -9.899889e-02 -1.872892e-02 
-8.391826e-02 -2.168568e-01 1.703528e-01 -1.813738e-01 1.670377e-02 -2.073323e-01 1.399352e-01 -6.057516e-02 -1.857565e-02 -2.048046e-01 1.249398e-01 -2.556222e-01 9.814384e-02 -1.089033e-02 -1.521680e-02 -1.557067e-02 9.400860e-02 -9.465131e-02 -3.161805e-03 -7.122700e-02 4.849914e-03 -1.670843e-01 -9.038067e-02 1.256542e-01 1.002814e-01 1.735137e-01 -1.176655e-02 -1.539525e-01 6.858341e-02 1.359217e-01 -1.443072e-01 2.428456e-01 -1.781077e-01 1.788429e-01 1.807511e-01 1.125823e-01 -1.691207e-01 -1.052481e-02 -9.732265e-02 2.940579e-01 9.429397e-02 3.996565e-02 3.207730e-01 -1.652772e-01 -5.453016e-02 1.426887e-01 -1.032216e-01 -1.800366e-01 -3.824401e-02 
-8.632012e-02 -3.439711e-02 4.308771e-02 1.034962e-01 1.837696e-01 -8.442764e-02 -1.810626e-01 -1.802941e-01 1.531508e-01 -9.294372e-02 -8.600188e-02 -9.994967e-02 -4.210411e-02 -5.999020e-02 -1.163841e-01 2.001519e-02 6.058413e-02 8.384894e-02 2.544122e-01 -3.036706e-01 2.653674e-01 1.215307e-01 -1.835943e-01 1.259762e-02 1.668815e-01 1.154380e-01 2.313685e-01 -1.810852e-01 1.566254e-01 1.975927e-02 4.749827e-02 4.725764e-02 1.156467e-01 6.633499e-02 1.808945e-01 -3.217548e-01 1.472375e-01 -3.015001e-02 -4.686144e-03 -1.891998e-01 -9.008030e-02 3.135356e-03 -5.552752e-02 -6.059887e-02 -2.565376e-01 -5.321761e-02 1.204624e-01 1.555387e-01 -1.598342e-01 
-9.225913e-02 1.053736e-01 1.423132e-01 -5.697550e-02 -2.059279e-01 1.076143e-01 -6.362196e-03 2.171566e-01 2.575548e-01 -1.775998e-01 3.239010e-01 -7.851661e-02 1.210312e-01 1.899414e-01 -1.081105e-01 -2.167309e-01 -6.259067e-03 2.916820e-01 8.932781e-02 9.586497e-03 1.180192e-01 1.951738e-01 1.003050e-01 1.841076e-01 -5.529145e-02 -7.739252e-03 6.609035e-02 -1.736485e-01 3.278651e-02 -1.038642e-01 5.586497e-02 -1.586093e-01 -4.015918e-02 -1.502905e-01 6.635178e-02 1.243816e-01 1.299364e-01 -1.139392e-01 1.423915e-01 8.936172e-02 -2.533220e-01 1.321859e-01 -6.365840e-02 -3.195649e-02 1.223233e-01 -3.764348e-02 -1.010592e-02 -2.430827e-01 -7.697565e-02 
-2.540459e-01 9.067852e-02 1.488357e-01 -1.963444e-01 1.952945e-01 -3.191806e-02 1.725578e-01 -6.727905e-02 -2.656335e-02 1.486405e-01 -4.645856e-02 -1.207158e-01 -5.021400e-02 -5.956729e-02 -2.055694e-01 -4.333027e-02 5.763230e-02 -1.696812e-02 -6.082511e-02 -1.674018e-02 -6.346325e-03 1.389816e-01 -1.048148e-01 -8.033552e-03 2.141541e-01 -1.031597e-01 8.133641e-05 -1.733303e-01 3.583141e-02 -1.832821e-01 1.349982e-01 -6.490198e-02 -1.197025e-01 -1.328539e-01 1.977791e-02 2.478143e-01 -4.009844e-01 6.953205e-02 -1.732649e-01 -1.827995e-01 -1.614329e-03 -2.593058e-01 -2.092749e-01 2.083996e-02 1.800279e-01 -2.075381e-01 -6.187872e-02 5.204938e-02 -7.173940e-02 
-8.700982e-02 8.895341e-02 9.224789e-02 6.911400e-02 -1.672816e-01 -3.470883e-02 -1.610093e-01 -7.736366e-02 2.499956e-01 1.593095e-01 -1.822208e-03 4.082196e-02 -1.648516e-01 -1.776032e-01 2.290593e-01 -1.987011e-02 1.471123e-01 -3.287774e-03 2.570490e-01 -5.113341e-03 -6.010206e-03 -1.203642e-01 -3.279333e-02 2.797095e-01 -1.164380e-01 4.532351e-02 -2.966458e-01 -2.403268e-02 1.291866e-01 -6.792956e-02 1.990063e-01 -4.223225e-02 3.027418e-03 -4.856469e-02 -1.182329e-01 5.151543e-02 7.376389e-02 3.387982e-02 6.004987e-02 -9.012205e-03 4.147810e-01 -1.334618e-01 1.804516e-01 -1.189650e-01 1.185599e-01 -1.455918e-01 1.613709e-02 -3.434768e-02 -2.408202e-01 
-7.391675e-02 -1.797248e-01 -1.167176e-01 -1.071635e-01 -2.131790e-01 -9.163952e-02 -3.473347e-02 1.455738e-01 -9.433472e-02 -1.442705e-01 3.755342e-02 1.150122e-01 -1.097705e-01 -5.300432e-02 1.537101e-01 4.553760e-02 8.937764e-02 2.334608e-01 8.915356e-02 5.073529e-02 3.639817e-02 -1.644101e-01 1.532263e-01 -4.419546e-02 2.523320e-01 -1.472386e-01 2.996016e-01 1.284804e-01 8.832191e-02 -6.561520e-02 -1.534545e-01 -1.682819e-02 -3.515088e-01 -1.112092e-01 4.153890e-02 -1.580328e-01 5.182075e-02 5.018660e-02 -1.451098e-01 -1.861313e-02 2.213149e-01 1.356876e-01 -2.194560e-01 -1.298414e-01 1.326243e-01 -1.025539e-01 -1.845552e-01 1.757968e-01 -8.307930e-02 
-1.529218e-01 -1.480124e-01 1.422949e-01 -8.392085e-02 1.846030e-01 1.074876e-01 -1.503509e-01 -1.671981e-01 -1.442951e-01 -2.033368e-01 1.353735e-01 1.884168e-03 5.464640e-02 -1.749158e-01 -1.778355e-02 1.797862e-01 -4.579659e-02 -1.824620e-01 1.953438e-02 1.393013e-01 8.085349e-02 -1.855339e-01 2.655147e-01 6.633573e-02 2.756372e-03 -1.619792e-01 -8.864030e-02 -2.312996e-01 4.948768e-02 -1.869376e-01 -9.686945e-02 -1.015921e-01 1.030600e-01 -3.698192e-02 -2.283865e-01 -3.218536e-02 -6.908083e-02 -1.066700e-01 2.714938e-01 1.555869e-01 -2.130442e-02 6.899652e-02 -1.872805e-01 1.126395e-01 -5.919896e-03 2.217441e-01 1.083191e-01 1.573316e-01 -2.255019e-01 
-6.104041e-02 -2.508805e-01 -2.394004e-01 1.293002e-01 -2.377102e-01 1.961603e-01 -7.346552e-02 -2.225314e-01 7.819651e-02 -2.435943e-01 -2.682357e-01 -1.322412e-02 -2.267524e-02 2.174245e-01 -1.469788e-01 -9.398989e-02 -1.051858e-01 -3.764037e-02 1.514507e-01 9.888667e-02 -8.060604e-03 4.640530e-02 6.321765e-02 -7.138170e-02 8.244004e-02 1.653977e-01 3.131126e-02 -7.493057e-02 1.419821e-01 -1.566247e-01 -7.819270e-02 -1.429019e-01 1.545043e-01 9.777876e-02 1.055323e-02 2.481502e-01 2.825769e-02 2.200609e-01 -1.769366e-01 -9.939948e-03 1.578964e-01 -1.579407e-01 -4.254597e-02 1.888051e-01 2.029338e-02 1.646159e-01 -1.109282e-01 -1.479469e-01 -1.807107e-02 
-3.019786e-02 -2.494016e-02 2.689103e-02 6.594145e-02 4.126088e-02 -2.704578e-01 -1.649333e-01 4.055531e-02 -4.826497e-02 1.086886e-01 2.573323e-01 1.792885e-01 -1.348762e-01 -1.075025e-01 -3.101841e-01 5.918958e-02 -1.098423e-01 1.871173e-01 1.249142e-01 9.466622e-02 1.402007e-01 -4.507030e-02 -2.718602e-02 -2.113944e-01 5.634656e-02 1.024009e-01 -1.802496e-01 2.708451e-01 -3.227716e-02 -3.902913e-01 -1.600073e-01 5.516519e-02 3.846344e-02 1.843946e-01 1.281082e-01 1.801064e-01 -8.744800e-02 7.889838e-03 2.274313e-02 -1.589949e-02 1.696157e-02 1.882455e-01 1.400957e-01 1.276793e-01 -7.178984e-02 -1.330280e-01 1.181249e-01 -7.760604e-02 -1.242706e-02 
-2.232086e-01 1.316010e-01 -4.523094e-02 5.611895e-02 3.330252e-03 -2.323581e-02 1.307580e-01 4.543038e-02 9.912588e-02 -2.482604e-02 -1.242248e-01 5.846467e-02 -2.279426e-01 -8.450628e-02 1.345300e-01 -5.470270e-02 2.118655e-01 -2.950189e-01 -2.499189e-01 -1.221857e-01 -6.497088e-03 -7.767426e-02 4.333221e-02 3.783756e-02 2.134703e-01 2.273867e-02 2.122213e-01 4.361239e-02 9.130577e-02 -2.383768e-01 1.508931e-01 7.154997e-02 -4.505390e-03 1.047412e-01 -5.209001e-02 2.780448e-01 3.114069e-01 -1.221508e-01 -3.324318e-02 2.000060e-01 -4.787097e-02 1.897722e-01 -9.684447e-02 7.201596e-02 -1.158198e-01 -6.732270e-02 2.239045e-01 -1.088459e-01 1.299391e-01 
-1.433579e-01 -1.602502e-02 -4.273824e-02 1.586137e-01 -1.104455e-01 -1.143390e-01 8.483332e-02 -1.225334e-01 7.601920e-02 3.241219e-01 1.279223e-01 -2.815154e-01 -1.231255e-01 1.045717e-01 -1.622901e-01 2.154787e-02 1.299735e-01 -2.644630e-01 2.000235e-01 6.461625e-02 9.339792e-03 -1.938793e-01 1.240235e-01 -1.210498e-01 -5.136412e-02 -9.180268e-02 4.314964e-03 -6.213970e-02 -2.207464e-01 7.505758e-02 -2.360750e-01 -2.715514e-01 -1.296588e-01 4.576051e-02 -1.063310e-01 -4.570795e-02 1.617246e-01 2.155340e-01 -4.055443e-02 -5.304393e-02 -2.259436e-01 4.678545e-03 -5.435975e-02 -2.768991e-01 -3.468770e-02 -1.673677e-02 3.520817e-02 -6.960467e-02 1.518046e-02 
-1.229820e-01 3.288171e-02 3.921250e-02 3.191598e-02 -8.847038e-02 1.519816e-01 -3.025766e-01 -4.755593e-02 -9.305903e-02 -2.161181e-01 -8.547942e-02 -4.370779e-02 -7.134809e-02 1.536149e-03 1.686968e-01 3.846611e-04 5.853158e-02 -2.002933e-01 7.184209e-02 -1.932537e-01 1.060573e-01 6.485171e-02 3.283591e-01 5.382683e-02 3.294002e-02 -7.365924e-02 -3.771031e-02 3.052742e-01 -1.671747e-01 7.569937e-02 -1.675964e-02 -2.263200e-03 2.053255e-01 -7.946896e-02 2.040234e-01 9.453047e-02 -3.390348e-01 -3.051720e-02 -1.216147e-04 1.417867e-02 -1.918720e-01 6.542036e-04 8.367805e-02 -1.988181e-01 -8.146411e-02 -2.916998e-01 -1.235350e-01 -4.716662e-02 5.815550e-02 
-2.112965e-01 1.991097e-01 -1.293825e-01 -1.347719e-01 1.973388e-02 1.645890e-03 -2.062638e-01 1.670571e-01 1.353126e-01 2.521257e-03 -1.392415e-01 2.441558e-01 2.264167e-03 -8.099668e-02 -1.725119e-01 2.337289e-01 7.150693e-02 2.803734e-02 2.611498e-02 -2.231793e-01 -8.596066e-02 -1.999566e-02 1.456971e-01 -1.077180e-01 1.442061e-01 6.967396e-02 -1.222956e-01 -4.910453e-02 2.961048e-02 1.770686e-01 6.600577e-02 -4.773719e-02 -1.067184e-01 1.475561e-01 -5.201861e-02 -2.580460e-01 -7.076617e-02 1.456845e-01 -1.067576e-01 1.831706e-01 -1.973334e-01 -4.707450e-02 1.054102e-01 1.119165e-01 3.587669e-01 1.792163e-01 8.749122e-02 -1.881026e-01 -2.231761e-02 
-1.323509e-01 -3.532005e-02 -7.412468e-02 -5.260867e-02 -2.824915e-01 -1.149904e-01 1.304941e-01 9.470464e-02 -1.147514e-02 9.353405e-02 1.060885e-01 1.287475e-01 2.045748e-01 -9.434213e-02 1.062748e-01 1.876084e-01 -2.846448e-01 -1.110407e-01 -1.109846e-01 -9.482315e-02 -1.279209e-02 2.895939e-01 6.923910e-03 5.078841e-02 1.040084e-01 1.536094e-01 -3.228584e-02 -1.260962e-01 -2.513942e-01 1.980492e-02 8.838799e-02 -2.713809e-01 1.750505e-01 1.220760e-01 2.244749e-02 4.598351e-02 -5.710674e-02 -5.585726e-02 -2.501978e-01 -7.680969e-03 1.455485e-01 2.010516e-01 -3.226655e-02 -1.931926e-01 -1.287792e-01 7.580253e-02 9.220589e-02 1.630915e-01 -2.183324e-01 
-1.213052e-01 -2.255577e-01 -8.445193e-02 9.716918e-02 1.414135e-01 2.163985e-01 2.718679e-01 1.276961e-01 1.237893e-01 9.177028e-02 6.931545e-02 7.701307e-02 3.337408e-02 -1.763341e-01 2.574224e-01 2.417948e-01 1.346096e-01 -9.501820e-02 1.594404e-01 2.323305e-01 -1.434743e-01 9.299361e-02 -7.738985e-02 -6.241158e-02 -1.689474e-01 6.133235e-02 3.551905e-02 1.193132e-01 1.169019e-01 -7.232662e-02 -7.829361e-03 -4.128012e-02 -3.212412e-02 7.111486e-02 3.746720e-01 -1.170420e-01 -7.402471e-02 -5.056190e-02 2.310450e-02 3.297204e-03 -1.768227e-01 -8.120418e-02 -1.185513e-01 1.062495e-01 -6.968001e-02 -3.439465e-02 -6.483670e-02 -2.467968e-01 -2.283403e-01 
-2.089985e-01 -9.856727e-02 1.038273e-01 -1.009201e-01 9.367038e-02 2.407797e-01 1.247165e-01 1.795380e-02 8.693609e-02 1.429993e-01 -5.351213e-02 -2.502305e-01 -1.487924e-01 5.940744e-02 8.870635e-05 2.806758e-01 -1.630444e-01 7.712617e-02 2.249666e-01 -2.247261e-02 7.940846e-03 1.646783e-01 3.939408e-03 4.717043e-04 1.905011e-01 2.178987e-01 -6.550497e-02 2.080504e-01 -1.258629e-01 8.569669e-02 4.287899e-02 3.093056e-01 6.177803e-02 -1.254838e-01 -1.880627e-01 9.299748e-02 1.314747e-01 3.833663e-02 1.758210e-01 -6.093522e-02 6.136128e-02 2.812203e-01 -4.934939e-02 -3.522809e-03 1.340694e-01 1.271566e-01 -1.761036e-01 5.409569e-02 1.088831e-01 
-8.835928e-03 -3.264632e-01 -8.968550e-02 1.218129e-01 2.198111e-01 -1.441654e-01 9.355187e-02 7.008691e-02 4.789223e-02 1.110589e-01 -1.303558e-01 5.829654e-02 -1.611267e-01 -2.747367e-01 7.106493e-02 -3.030587e-01 -2.987532e-01 1.888471e-01 -1.618691e-02 -1.137716e-01 7.248337e-02 -3.487502e-02 1.570405e-01 1.108581e-01 -2.084724e-01 1.322549e-01 1.209802e-01 -1.094824e-02 -1.068247e-02 -1.143287e-01 7.562634e-02 2.679394e-02 1.127786e-01 9.858353e-05 -7.845588e-02 1.010457e-02 -7.742099e-02 1.080941e-01 -6.502274e-03 1.982934e-01 -1.867748e-01 -1.012457e-01 -7.114633e-02 -3.075390e-01 1.986644e-01 9.311796e-02 1.797343e-02 2.030966e-02 8.830520e-02 
-1.344090e-01 -8.368435e-02 -1.901674e-01 1.665828e-01 6.020066e-02 -5.039275e-02 1.814733e-01 7.234902e-03 -9.257543e-02 -5.305396e-02 -1.215624e-01 -4.121089e-02 -6.713451e-02 -6.359826e-04 -1.804106e-01 1.187537e-01 9.143043e-02 2.121687e-01 -5.209180e-02 -2.285838e-01 -1.481036e-01 9.649678e-02 2.360097e-02 1.922647e-01 -2.535240e-01 -1.604097e-01 -8.149887e-02 -3.257535e-02 1.636445e-01 1.950452e-01 -5.573745e-02 -1.287864e-01 -7.183557e-02 -4.148799e-02 -9.175396e-02 1.517074e-01 -5.593357e-02 2.215622e-01 7.605749e-02 1.592692e-01 -3.509388e-02 2.997513e-01 1.212210e-01 2.178290e-01 -1.811754e-01 -2.563519e-01 -6.614134e-02 1.816709e-01 -1.506228e-01 
-4.068493e-02 -4.947561e-02 1.177680e-01 2.143465e-01 -2.223062e-01 -1.195073e-01 -1.293088e-01 -1.267624e-01 -1.262682e-01 9.524545e-02 5.391289e-02 -1.987555e-02 -2.558829e-01 -7.959174e-02 7.505608e-02 -1.917606e-01 1.298048e-01 -4.624766e-02 -2.926207e-01 1.205317e-01 1.316653e-01 1.200762e-01 -6.232513e-02 -2.505114e-01 4.144683e-02 2.187366e-01 4.272129e-02 -1.213954e-02 -4.172771e-02 2.225648e-01 1.333041e-01 2.983637e-02 -5.845953e-02 -2.501057e-01 1.263587e-01 2.269547e-02 -5.918552e-02 9.898471e-02 1.433619e-01 4.376042e-02 -1.270360e-01 8.378970e-02 3.874236e-02 1.971271e-01 1.305526e-01 2.043906e-01 -7.543951e-02 7.353542e-02 -3.261762e-01 
-2.522679e-01 1.488365e-04 -2.145187e-01 -7.865645e-02 3.299930e-02 -1.083541e-01 -2.087059e-02 -1.420868e-01 1.796417e-01 -3.837607e-02 -1.054918e-01 -1.729813e-01 -1.253208e-01 8.392572e-02 -3.084036e-02 1.057016e-01 6.768082e-02 8.575329e-02 -2.883152e-01 1.083976e-01 4.473035e-02 2.194607e-01 1.462891e-01 -8.440577e-02 -2.655769e-01 1.687010e-01 8.042170e-02 4.354581e-02 4.732175e-02 -9.865346e-02 -2.006911e-01 -1.151058e-01 -1.158405e-01 -9.674761e-02 -9.187814e-02 -1.896915e-01 -1.376515e-01 -4.139657e-01 7.783220e-02 -1.203753e-01 1.919317e-01 -3.840623e-02 1.844136e-01 -7.800286e-02 2.250434e-02 1.551880e-02 9.987570e-02 -5.158807e-02 1.132512e-01 
-1.148580e-01 -1.517252e-01 -2.374129e-01 -6.932343e-02 2.992206e-02 -2.334983e-01 -2.603326e-02 -7.838420e-02 -8.397616e-03 -2.048578e-01 3.190134e-01 2.396753e-01 -1.625683e-01 2.566414e-02 -1.899789e-01 5.392562e-03 -7.700090e-04 -2.544384e-01 -8.847058e-02 4.508446e-02 1.341737e-03 2.490565e-01 2.596767e-02 2.349362e-01 -9.059996e-02 -1.159194e-01 -1.128099e-01 2.880022e-02 -5.369867e-02 1.572708e-01 1.111590e-01 2.704556e-01 -2.227598e-02 1.397851e-01 -1.190209e-02 1.634449e-03 2.345925e-01 1.400464e-02 6.573335e-02 -2.115040e-01 -2.392889e-02 -1.856601e-01 -1.432447e-01 -3.810860e-02 7.552611e-02 -3.510304e-02 -2.140564e-01 -2.591947e-02 1.381707e-02 
-1.783685e-01 1.446048e-01 3.309345e-02 -1.158644e-01 -8.914545e-02 -9.662114e-02 2.271713e-02 3.521852e-01 1.424301e-01 1.434707e-01 -1.212571e-01 1.066541e-01 -1.879725e-01 1.489189e-01 -3.227444e-02 -2.428827e-02 -7.191537e-02 8.634742e-03 3.322828e-02 2.321292e-01 1.959454e-01 -1.079609e-01 -2.486857e-02 1.764166e-01 9.089830e-02 6.119677e-02 4.186779e-02 4.751389e-02 6.212759e-02 1.303894e-01 -1.326918e-01 -5.250906e-02 1.001691e-01 9.359452e-02 -4.530902e-02 1.127014e-02 -1.089245e-01 -6.254678e-02 1.271696e-01 1.756181e-01 -9.150766e-02 -3.144437e-01 -1.652560e-03 1.067840e-01 -3.648795e-01 1.086079e-01 -2.282952e-01 2.570609e-01 3.350849e-03 
-1.925956e-01 -6.995147e-03 -1.735822e-01 -1.378163e-01 -1.766711e-01 2.149555e-01 -1.620250e-01 -1.300206e-01 -1.322510e-01 1.182014e-01 1.890488e-02 -1.895990e-01 3.393370e-02 -3.524851e-01 -1.006468e-01 9.163845e-03 -8.573728e-02 1.233184e-01 -1.031100e-02 1.220964e-01 1.553467e-01 1.337525e-02 -6.930643e-02 2.318849e-02 -1.122110e-01 -1.662735e-01 -1.574132e-01 -6.543173e-02 -7.774416e-02 -7.051926e-02 2.240608e-01 6.316594e-02 -1.652078e-01 -1.461293e-01 1.965677e-01 -7.041430e-02 1.949849e-01 -2.773273e-02 -2.425408e-01 2.204068e-01 -6.106758e-02 -6.728029e-02 6.104274e-02 7.795281e-02 -2.196227e-01 6.255907e-02 -6.027818e-02 5.163026e-02 2.703755e-01 
-8.298886e-02 -2.580696e-01 5.367762e-02 5.410856e-02 3.883156e-03 2.436481e-01 -1.138739e-02 -3.070613e-02 -3.107830e-02 8.537081e-02 9.373862e-02 1.676092e-01 1.020319e-02 7.290501e-02 1.730102e-01 -2.205156e-01 3.515002e-01 1.976542e-01 9.210514e-02 -1.971452e-01 1.259494e-01 1.017994e-01 -6.607125e-04 -9.256353e-02 -2.417013e-02 9.019809e-02 -1.812020e-01 -9.403206e-02 -2.832563e-01 9.465206e-02 -9.170128e-02 3.054858e-02 -2.008005e-01 3.334241e-01 -2.014054e-01 8.933391e-02 -8.435842e-02 -2.052158e-01 -6.693104e-02 6.500361e-03 3.205963e-03 -8.470458e-02 -1.292512e-01 1.413714e-01 -5.100201e-02 -1.213476e-03 8.856025e-02 1.365924e-01 1.033182e-01 
-9.619359e-02 -3.901213e-02 1.062004e-01 1.557747e-01 3.428141e-02 1.826637e-01 -2.670968e-01 1.973273e-01 -1.658686e-01 -7.871061e-02 -6.023393e-02 3.544440e-02 -1.191736e-01 -1.250423e-01 -9.521996e-02 9.949023e-03 -1.111099e-01 6.274417e-02 -1.743399e-01 -1.259650e-01 -3.705909e-01 -8.507557e-02 -1.855873e-01 1.315835e-01 6.561808e-02 1.270907e-01 5.893863e-02 -6.809551e-02 -1.930227e-01 -1.464395e-01 -3.900900e-02 -9.423440e-02 -2.557458e-01 -1.645968e-02 -1.243737e-01 8.788503e-03 2.970470e-02 -1.890666e-03 1.331660e-01 -2.511684e-01 -2.839129e-02 -7.672083e-02 5.757456e-02 -1.507874e-01 -2.782162e-01 1.024366e-01 -1.641186e-01 -2.373498e-01 -8.875288e-02 
-1.382369e-01 3.296956e-03 1.195776e-01 -1.656973e-01 -2.661376e-01 -1.860122e-01 -7.184151e-02 -2.453131e-01 -3.475886e-03 1.703541e-01 -1.345287e-01 1.360905e-02 4.985719e-02 9.531772e-02 1.379171e-01 -1.835267e-02 9.853909e-02 1.676347e-01 -4.328291e-02 -2.007094e-02 -1.262131e-01 8.411211e-03 -1.398507e-01 -3.204587e-02 -1.552436e-01 -2.813082e-01 7.703284e-02 2.824011e-02 9.927451e-02 -1.919854e-01 1.099514e-01 1.465354e-01 2.135255e-01 2.789817e-01 -1.716714e-01 -1.357871e-01 -1.586058e-01 1.552872e-02 2.428022e-02 -5.310561e-02 -1.730192e-01 2.168238e-01 -1.193590e-01 -4.020936e-02 -6.842413e-02 1.484502e-01 -2.660976e-01 -1.795844e-01 -2.159020e-02 
-1.045145e-01 -1.432736e-01 -1.309621e-01 1.939887e-01 1.112077e-01 2.014836e-01 -3.890287e-02 2.153390e-01 -6.698735e-02 1.240045e-01 1.297182e-01 1.241931e-01 -1.699813e-01 2.413521e-01 4.069224e-02 -5.407487e-02 -1.282151e-02 -4.578087e-02 3.547996e-02 1.670194e-01 8.047178e-02 3.402629e-02 3.903259e-03 -3.469552e-02 1.355528e-01 -3.340321e-01 1.072268e-02 -2.168041e-01 2.175608e-01 2.991306e-02 1.276073e-01 1.629223e-01 7.243619e-02 -8.391547e-02 -8.167668e-02 -1.043012e-02 -1.700304e-01 -4.415838e-02 -2.017227e-01 -1.579720e-01 -1.003611e-02 1.678826e-01 3.747014e-01 -1.726935e-01 -3.971200e-02 1.460940e-01 1.519222e-01 -2.442444e-02 1.995123e-03 
