  -1.1952191e-01  -1.2388948e-01  -3.7969950e-02   7.9429010e-02   3.8236477e-02   9.9617619e-02  -9.9982865e-02   3.1534025e-01   1.2181423e-01  -1.1636539e-02  -3.3351053e-02   9.3957681e-02  -1.5976913e-01   9.1094737e-02   3.3999959e-01   7.7265267e-02  -1.4143478e-02  -4.5743479e-02  -2.6681465e-01   1.1814138e-01  -1.7136359e-01   3.6793523e-03   1.1097022e-01   1.1176359e-01  -1.2575450e-01  -2.7335091e-01  -9.3223090e-02   5.7937236e-02   3.8435567e-02   8.5770765e-02   2.0224983e-01   9.1145883e-02   8.7566822e-02   2.1237260e-01  -1.5220845e-02  -1.3126141e-02  -2.7795484e-01  -1.2124570e-02  -2.6239422e-01   1.1743585e-02   1.8379405e-01   9.9580505e-02   6.8933999e-02   1.5783168e-01   1.5823712e-01  -2.1831914e-01  -9.0164481e-02   1.3367871e-02  -7.2756001e-02
  -1.4497816e-01  -1.5321667e-02  -7.0518276e-02   2.0960437e-01   2.5950967e-01   2.7140572e-02   1.1713942e-01  -1.0907941e-02   1.5494924e-01   1.3492497e-01   2.4107243e-02   1.5662810e-02   1.7276115e-01  -1.8506221e-01  -9.4233740e-02  -3.3452783e-02   1.1369909e-01  -1.4360934e-01   5.2714605e-02   4.2862466e-02  -1.2539729e-01   1.0585697e-01   7.6056963e-02   4.3759665e-02  -2.1438684e-01   5.0959727e-02   2.9622592e-01  -3.6978237e-01  -5.9942306e-02   2.3833780e-03   2.1587519e-01   9.3705130e-02   1.9281496e-01   1.8834099e-01  -7.4728296e-02  -1.4013976e-01  -4.4974856e-04   2.3607431e-01   2.6609179e-01   4.2343295e-02   1.7441053e-02  -1.0783958e-01   3.5150880e-02   7.9180712e-02   7.8008636e-02   1.6140568e-02   2.6855976e-01   4.2332234e-02   7.3464894e-03
  -1.4947830e-01   3.7806201e-01  -3.2526755e-02   7.0472434e-02  -1.2733409e-01  -2.7637676e-02  -3.2231109e-02   5.4705299e-02   1.2244096e-01  -3.5409843e-02  -2.8315375e-01  -8.3413006e-02  -1.3916836e-01  -1.3229465e-01  -1.4461595e-02  -3.4090924e-02  -1.2656329e-01   1.4636907e-01  -1.8312987e-01  -1.8356878e-02   1.1856635e-01  -1.2475811e-02  -1.6540102e-01   2.9733606e-01  -1.0459873e-01  -1.9740915e-02  -5.0576324e-02  -1.6289011e-02   1.3941432e-01   1.1545361e-01   2.0157803e-01  -1.6923815e-01  -3.6560806e-02   6.2381291e-02  -7.1714544e-02   7.2148996e-02   2.6830132e-01  -1.7241183e-01   1.3957598e-01  -5.8724029e-02  -1.7903302e-02  -7.8455710e-02  -1.5375335e-01   1.0351892e-01   1.5835855e-01   1.1858968e-02   1.0673328e-02   6.9384385e-02   3.7065400e-01
  -1.4404267e-01   8.0113998e-02   1.0618070e-01   1.2715218e-01  -2.2853303e-02  -1.7239618e-01  -9.6797602e-02  -1.7990816e-01  -1.2979424e-01   2.2701183e-01   1.8844122e-02  -1.0735593e-01  -1.5117887e-02   2.5600474e-01   1.3896462e-01  -4.7674392e-02  -1.6284936e-02   1.5837285e-01  -4.0574598e-02  -7.7546697e-02  -1.1621199e-01  -8.3007493e-02  -4.0613402e-02   1.1280441e-01   1.2446825e-01  -6.4648971e-02   3.0927965e-02   6.6385642e-04   8.3390292e-02   5.7670251e-02   4.4235239e-02   1.5774913e-02  -2.4669325e-01   2.7810302e-01   1.5940157e-01  -3.3748472e-01  -1.7719018e-01  -4.5401605e-02   2.6757794e-01  -2.7601733e-02   2.5907003e-01  -1.6936566e-02  -5.7387066e-02  -1.5727306e-02  -3.4151746e-01   1.7337478e-01  -2.3847511e-02  -3.2698216e-02  -4.8083722e-02
  -1.5034603e-01   1.9182547e-01  -1.4105351e-02  -2.7102863e-02   6.2620102e-02   1.4372200e-01  -3.3952810e-01  -8.8712320e-02  -2.9011671e-01  -4.3966799e-02  -2.1612350e-01   8.0037879e-02  -2.4216313e-01  -1.4335355e-01  -5.6688879e-02   7.9811790e-02  -1.5468132e-01  -1.3186684e-01   1.8532209e-01  -1.2155257e-01  -2.8196798e-02   1.5316377e-01  -4.3643538e-02   7.5903072e-02   1.4283679e-03   1.4026073e-01   6.0821676e-02  -5.7975803e-02  -1.7466114e-01  -6.7953903e-02  -1.3311054e-01   2.0294628e-01  -1.0268267e-01   1.9358671e-01   3.0389985e-02  -1.3702698e-01   2.3012916e-01   8.2104055e-02  -1.6933277e-01   3.8073390e-02  -1.3203474e-02   1.3905057e-01   5.6664806e-02   1.3631191e-01  -1.0525741e-01  -2.9735422e-01   2.2387995e-02   1.2021576e-02  -1.4777385e-01
  -1.3801136e-01   1.1875278e-01   1.9233990e-01   1.0927544e-01   1.4529277e-01   1.6389001e-02  -7.5818733e-02   2.7488973e-01   2.1001719e-01   8.3445347e-02   2.8304198e-01  -1.2206605e-01   3.3666921e-02  -1.2026446e-01  -2.3430276e-02  -4.4101460e-02  -5.9159783e-02   1.1706885e-01   1.4154685e-01  -1.0128734e-01   5.5555802e-02   2.4242497e-02   1.4506630e-01   1.8293394e-03   1.1752327e-01  -5.9365770e-02   2.3081388e-02   7.8792280e-02  -1.1186144e-01   9.0974471e-02  -1.4414965e-01   4.3055645e-02  -2.4732323e-01  -2.0666441e-01  -1.1375888e-01  -1.2588476e-01   5.3076384e-02   2.0865841e-01  -7.5874263e-02  -1.8001296e-01   1.3864177e-01  -1.9156308e-02  -2.2583145e-01   5.3444347e-02   1.2948782e-01  -9.9049346e-02  -1.0185885e-02  -4.2837666e-01   1.0252734e-01
  -1.4205805e-01  -1.5803093e-01   1.5331451e-01  -1.6875550e-01   8.8171381e-02  -6.6624314e-03  -9.7612890e-02  -1.8994194e-01  -2.4980746e-01  -1.6695852e-01   8.5115018e-02   4.4284217e-02   1.6999173e-01  -9.4050049e-02   1.5049716e-01  -8.2522082e-02  -9.6270179e-02  -1.8027399e-01   2.5437970e-02   8.3227113e-02  -7.0107376e-03  -4.2646791e-01  -1.3107005e-01  -7.3394875e-02   1.2049923e-02  -1.1305891e-01   2.1643952e-01   1.1277105e-01   1.7960145e-02   1.1829691e-01   6.6971920e-02  -4.0771693e-02  -3.0668518e-02   1.8983100e-01  -2.6496721e-02   3.8213232e-02   1.6662172e-01   1.7844875e-02  -1.1566386e-01   1.3839440e-01   1.0467447e-01   1.6431419e-01  -6.6150698e-02  -1.9872940e-02   2.8093762e-01   2.0872068e-01   1.5045854e-01  -1.4524409e-01   1.6511555e-01
  -1.5579859e-01  -1.6826785e-03   2.0634789e-02   1.0217486e-01  -2.9725807e-01   6.2830629e-02  -1.4316669e-02   9.4298215e-02   4.3094265e-02   2.5735292e-01  -6.0893714e-02   1.2164629e-01   3.9960805e-02  -3.7296243e-01  -8.3183889e-03  -6.2940389e-02   2.4197956e-01   1.7955543e-01   2.0025777e-01  -5.1105478e-02   1.5362507e-02  -1.4233004e-01  -3.5807073e-02  -2.2062982e-01   7.3678001e-02  -1.5668244e-01  -1.5719836e-01  -8.7167055e-02  -6.9409823e-02  -5.9141195e-02   8.1119825e-03   3.1590617e-02  -1.4134026e-01   4.1973407e-02   1.2637076e-01   6.4644646e-02   1.9350180e-02   3.4010629e-02  -1.6349137e-01  -8.0742364e-02   8.2612275e-02   5.6188954e-02  -8.5543811e-02   1.4785110e-01   1.0428993e-01   2.5358827e-01   3.5660567e-02   3.6986442e-01  -1.6558512e-01
  -1.5693089e-01   1.5822089e-01  -1.5630296e-01   1.7730358e-01   1.0815369e-01   8.4655180e-02  -2.2085798e-01  -2.3700239e-02   1.7472964e-01  -1.1973432e-01   2.2164442e-02  -1.1036679e-01   6.8480539e-02  -2.0624873e-02   2.8748796e-01   1.3387114e-01   3.7438866e-02  -4.7515616e-02  -2.2715605e-02   3.2083966e-02   1.3340437e-01  -2.6554482e-01  -1.3329616e-01  -6.4342008e-03  -1.2315026e-01   4.3606859e-02   1.4005700e-01   1.9297755e-01  -1.1907272e-01   1.2525868e-01  -2.1338782e-01   1.3249619e-01   1.7399627e-01  -2.6016517e-01   1.4406250e-01  -2.0947608e-01   1.0963812e-02  -1.4277508e-01   1.2043283e-01  -1.7345225e-01  -1.5204329e-01  -1.3382784e-01   1.8467737e-01  -1.6055068e-02   5.7184483e-02   1.2865831e-01  -6.2938160e-02   1.2171539e-01  -2.0774530e-01
  -1.3894403e-01  -1.7386341e-01   2.8211204e-01   1.5935260e-01  -7.4172022e-02   1.0952940e-01  -2.2652587e-02  -7.6966126e-02   8.1650133e-02  -5.0601840e-02   1.6013016e-01   3.0202673e-02   9.2854827e-02  -1.3746025e-01  -1.2256868e-01  -1.4703854e-01   3.4145873e-03  -1.5975776e-01  -6.9843983e-03   1.6574336e-01   5.0258184e-02  -3.3021331e-02   4.1279911e-02   3.2560918e-02  -1.8890789e-01   3.7870373e-02  -2.4583505e-01   4.8004894e-03   1.0788640e-03  -1.1047545e-02  -9.4213029e-02  -1.6096741e-01  -8.3099351e-04   1.9887529e-01  -2.2883184e-01  -1.1001632e-01   2.3130472e-01  -1.3195455e-01   1.2445617e-02   1.1948298e-01   7.7703923e-02  -2.8728174e-01   1.6409604e-01   3.5962087e-02  -1.4402559e-01  -3.7201011e-02  -4.4150557e-01  -8.7695951e-03  -8.0004183e-02
  -1.4715745e-01   1.8693930e-01  -1.3981360e-01   1.1802559e-01  -3.7747101e-02   2.0066834e-01  -1.6396974e-02   1.2713879e-02   2.7649074e-01  -1.6030516e-02  -1.2596088e-01  -8.8723869e-02   2.2029359e-01   1.8638385e-01  -1.2014399e-01  -2.0969636e-01  -9.6429077e-03  -1.6372506e-01   2.7787434e-02   2.0392335e-01  -8.6962446e-02  -5.6427013e-02  -6.0587876e-02  -2.3821372e-01   4.6048908e-02   6.7178465e-02  -1.3663524e-01   1.0613796e-01   1.6622540e-01  -1.3259270e-01  -2.1157612e-01   2.1985537e-01   6.3801022e-02   1.2950491e-01   1.8037176e-01   1.7394605e-01   7.6254777e-03  -1.2145688e-01   2.5850222e-02   2.0085867e-01   1.6997582e-01   6.3534711e-02  -2.6201543e-01  -7.7651922e-02  -7.0378041e-02  -1.6951643e-01   1.4699852e-01  -8.4537940e-02   2.9502266e-02
  -1.3145526e-01   9.8842889e-02  -1.2372042e-01  -7.5978923e-03   6.1432387e-02   9.7942303e-02   2.1300886e-01   3.0375534e-01  -3.3699845e-01  -1.0045746e-01  -1.0709291e-01   1.1714497e-01  -7.1886741e-03   4.1519302e-03  -1.8565568e-01  -1.4655364e-01   4.9733232e-02  -9.9348681e-02   4.9043420e-02   2.0948550e-01  -7.7244437e-02  -2.1302030e-01  -8.0100724e-02   5.9687084e-02   1.1133239e-01  -9.6318641e-02  -9.5348558e-02  -7.1585807e-02   1.5663767e-01   1.9668146e-01  -6.2862344e-02   7.1532684e-02   6.2920743e-02  -2.1677979e-01   6.4522216e-02  -1.2259691e-01  -5.6442412e-02   3.2357812e-01   1.6885925e-01  -3.3948972e-02  -3.2279695e-02   1.4372334e-01   9.4179016e-02   9.0867876e-02  -1.4170103e-01   2.1531397e-02  -2.8764682e-01   2.9352078e-02   1.5136111e-01
  -1.6691067e-01  -1.5734094e-03  -4.4502357e-02  -1.2168502e-01  -1.5017937e-01  -1.1221538e-01   1.5615700e-01   1.0919995e-01   3.2479199e-02  -1.3158367e-02   8.3361611e-03   4.8765187e-06   2.0297103e-01  -8.0748322e-02   1.0977422e-01  -1.2503231e-01  -2.1456330e-01   4.5541440e-01   3.0337256e-01   6.3898807e-03   2.2809805e-03   2.4093711e-02  -1.1891952e-01  -3.0349015e-02  -1.3094363e-01  -3.5740419e-03   1.8731582e-01   1.5860548e-01   7.9519484e-02   7.0656368e-02  -1.2303626e-01  -4.5897114e-02   1.3383526e-01   1.2272208e-01  -2.3829143e-01   9.5221692e-02  -8.6098619e-02  -5.9950078e-02   6.4830200e-02   2.3221957e-02   1.1416556e-02   1.5147338e-01   3.2559302e-01   8.1993057e-02  -1.5663045e-01  -2.2696199e-01   9.8748135e-02  -3.3739227e-02  -5.2496811e-02
  -1.4273545e-01   3.0027448e-01   2.1485209e-01   1.4717174e-01  -4.0738803e-02   1.0381056e-01  -4.1415740e-02  -1.4401736e-01  -1.6834420e-01  -1.2789264e-01   7.1893613e-02   1.7095554e-01   1.1573792e-01   1.7987899e-01   2.1748941e-02  -1.5498126e-01   1.7767008e-01   2.0191614e-01  -2.1879332e-01  -2.3223489e-01   2.0520295e-02   1.0640701e-01   4.2058832e-02   1.2821636e-01  -5.8292340e-02  -1.2004951e-01  -4.3519804e-02  -4.4314116e-02  -8.9814987e-02   1.5462637e-01  -1.2161979e-01  -2.6846461e-02   1.1100276e-01   1.9604764e-02   4.4572343e-02   3.5709684e-01  -6.0843261e-02   2.5790165e-01   2.2619573e-02   2.0464482e-01  -1.2832875e-01  -6.9730126e-02   1.6458232e-02  -5.6513472e-02   1.1241585e-01   5.6205706e-02   6.9467482e-03  -9.9220258e-02  -2.4261900e-01
  -1.3823999e-01  -3.0945047e-01   8.8788107e-02   9.2541634e-02  -1.7367413e-01   7.7248392e-02   5.6725696e-02  -1.3644805e-01   1.2016077e-01  -5.9228752e-02   5.2791272e-02  -3.5761631e-02  -1.0648602e-01   4.2539886e-02  -1.9567142e-01   3.2164121e-01  -9.1785155e-02  -1.1426582e-02  -3.3293062e-02  -2.4312545e-01   1.8601199e-02  -7.0019358e-02  -2.5368148e-01  -2.2454380e-03   2.3011641e-01   4.8200985e-02   5.5380696e-02   7.2293921e-02   1.7259078e-01   7.9881771e-02  -1.0404627e-01   7.4645279e-02   1.7030079e-01   8.3814111e-02  -1.2393671e-01  -3.0960904e-02  -1.6833733e-01   1.1773375e-01   1.7158063e-01   4.8282592e-02  -1.6431960e-01   4.4689970e-03  -2.8756814e-01   3.2075210e-01   1.2228319e-01  -1.1187116e-01  -8.2467829e-02   5.2287877e-02  -5.8134959e-02
  -1.4035662e-01  -1.8769591e-01   6.8533207e-02   5.0206636e-02   2.1858270e-01  -5.5330221e-02  -1.4766176e-01   3.3401574e-01  -1.4166990e-02  -1.5979225e-01  -1.5948466e-01  -1.6644149e-01   4.7041817e-02  -1.1311544e-01   4.7386506e-02  -8.6045114e-02  -5.7540873e-02  -2.6093234e-02  -3.3460858e-02  -1.5319469e-01  -8.3592773e-02  -1.4745770e-03  -2.8512007e-01   2.0097895e-02   1.1345092e-01   1.2733653e-01  -2.4823969e-02  -1.0104712e-01  -1.7571550e-01  -2.6049629e-01  -1.0102466e-01  -2.0165549e-01  -2.4654472e-01  -4.5120677e-03   1.1072021e-01   1.6148448e-01  -3.0579531e-01  -1.1080468e-02   6.4450586e-02   2.4141360e-01  -8.1204379e-02  -1.9689061e-01   1.4001046e-01  -1.8708020e-02   6.5177149e-03   4.5126956e-02   2.4180690e-02   5.1862755e-02   1.3210827e-01
  -1.4157485e-01   7.4682216e-02   1.1686879e-01  -1.8390453e-01   3.3476468e-01  -4.0445150e-02   6.1389785e-02  -1.2402899e-01  -1.2412546e-01   4.4468684e-02  -1.1357194e-01  -1.9842768e-01   4.8568913e-02  -2.5293472e-01   8.7487187e-03   1.1538090e-01   4.3891673e-02   4.8112841e-02  -1.6731016e-01   1.5446005e-01   3.3584048e-01   9.3339997e-02   4.7655374e-02  -1.5102361e-01   2.1708817e-02  -2.7227688e-01  -1.1325720e-01  -1.4206548e-01   2.3676294e-01  -2.1263040e-01  -7.1913939e-02   1.2389032e-01  -2.9898551e-02   1.1944535e-01  -3.0861990e-02   8.7546571e-02  -1.5073923e-01  -1.3901214e-01   1.3499879e-01  -1.8138629e-01  -1.5475166e-01   1.0729980e-01  -1.9257880e-03   2.4341104e-02   4.0550490e-02  -2.7067976e-02  -9.6017889e-02  -1.5347662e-01  -1.5629360e-01
  -1.4759063e-01  -1.9335859e-01  -1.0256030e-01  -1.6728751e-01   1.3075905e-01  -1.5587074e-01  -6.6075504e-02  -1.4038055e-01   3.1726615e-02   1.4070560e-02  -7.6905945e-02   1.3621423e-01  -1.5776751e-01  -6.6288039e-02   1.1984393e-02  -2.5987790e-01  -1.9348314e-01   5.6818534e-03   2.3678408e-01   1.0346080e-01  -1.0328630e-01   9.7754040e-02  -4.3280019e-02   2.3090304e-01   8.8170822e-02   1.5194676e-01  -1.1156792e-01  -1.1125954e-01   8.5243659e-02   2.2392558e-01  -5.4429198e-03   1.4609105e-01   1.4166855e-01  -7.4328108e-02   1.1053056e-01   2.5920742e-01  -9.9643517e-02  -8.1530744e-02  -3.0226139e-02  -2.4236733e-01   1.5888467e-01  -3.0567225e-01  -1.2473471e-01  -1.4520820e-02   1.0629345e-01   1.4044455e-01  -5.4865933e-02  -1.0820322e-01  -1.9666543e-01
  -1.2520666e-01   8.4995297e-02  -2.0956581e-01  -1.4126602e-01  -1.0890827e-01   1.1222599e-01  -2.3130810e-01   1.1636237e-01  -9.5064803e-02   3.6909421e-03   2.2517375e-01  -7.4711864e-02  -1.7092327e-01   8.2560131e-02  -4.2693826e-02  -9.7782403e-02   3.9398388e-02  -2.4133720e-01   2.3952032e-01   3.4313751e-02   7.2003354e-02   1.5220813e-01   1.0723357e-01  -6.3862753e-02  -4.9069473e-03  -2.1832086e-01  -1.5519972e-02  -1.0354137e-02  -3.5549178e-02   2.3704035e-01  -3.8855443e-02  -1.4264868e-01  -1.1556770e-01   8.5496341e-02  -3.3228743e-01  -1.1250155e-02  -2.2361964e-01  -1.6898841e-01   2.3604202e-01   9.3708849e-02  -1.7396342e-01  -1.6002043e-03  -1.3708687e-01  -2.1171666e-01   8.7709145e-02   3.8967434e-02   9.5311518e-02   1.7984229e-01  -2.3816537e-02
  -1.4522546e-01   1.2754215e-01  -9.8014603e-02   7.9669514e-02  -1.0964306e-02  -1.9030386e-01   1.9279211e-01  -5.2809934e-02   3.8245312e-02   2.7457848e-02  -4.7940390e-02   2.0910358e-01  -3.8930935e-02   5.2893774e-02   7.0967705e-02   3.5221800e-01  -1.7363144e-01  -8.8219281e-02  -3.1605831e-02   6.5908223e-02  -3.4483806e-01   1.6477294e-01  -1.0092653e-01  -1.2508899e-01   1.5985882e-01  -2.1197952e-01  -1.2943440e-01  -1.0466233e-02   1.0290972e-01  -9.0171103e-02  -2.3582970e-01   1.8468999e-02  -1.5847042e-01  -6.9054644e-02  -2.0452086e-01  -3.2274792e-02   2.0547737e-01   4.6423855e-02   4.6521928e-02   8.1208141e-02   8.6304132e-02  -1.4747310e-01   2.4185527e-01  -1.3527852e-01   2.1659999e-01   1.4849760e-01   8.7030298e-02  -3.8653142e-02  -4.0421901e-02
  -1.5678425e-01  -2.0424632e-01  -1.6460948e-01  -4.2029471e-02  -2.3890177e-01  -1.1745025e-01   8.5639722e-02  -9.6252249e-02  -1.2758471e-01  -2.2459964e-01   7.5230990e-02  -9.4449320e-02  -1.1712916e-01  -1.0657488e-01  -1.8880357e-01  -1.5569490e-01   2.1150034e-01   2.4536192e-02  -1.3306926e-01   8.6888661e-02  -1.3784793e-01   7.9134535e-02   6.4454262e-02   1.5547047e-01  -3.0355700e-01  -9.9241826e-02   1.9090434e-02   2.2152121e-01   3.6241304e-02  -1.8668919e-01  -9.7639836e-02  -7.2473645e-02  -2.1672436e-01  -1.2925029e-01   2.5236973e-01  -1.6275881e-01   1.8154761e-02  -6.4189520e-03   1.4164566e-01  -5.5557445e-02   1.5902108e-02  -2.0400518e-02  -1.4227459e-02   1.1479137e-01   1.8007590e-01  -1.5592224e-01   2.1066448e-01  -1.1812852e-01  -1.3431299e-01
  -1.3989080e-01   7.8039875e-02  -3.0251281e-03  -1.4670608e-01  -1.2297736e-01   1.9227778e-02   7.8303191e-02   1.8827718e-01  -9.4412553e-02  -1.8829273e-02   8.3882956e-02   1.0071484e-01   1.1119274e-01   2.0218754e-01   1.1502459e-01   1.1216421e-01  -2.1946728e-01  -1.9313260e-01  -9.0596459e-02  -5.7729248e-02   5.2511108e-03  -1.7393106e-01   3.7245992e-01   7.6417086e-03  -6.9931155e-02   1.5135665e-01   1.8888882e-01  -1.3425191e-01  -2.0649142e-02  -2.4171475e-01  -1.6646680e-01  -1.5958225e-01  -8.5116086e-02   5.2616459e-02   7.1792312e-03   2.7513383e-01   6.9798773e-02  -1.5622041e-02   1.4960530e-01  -3.0074490e-01   7.4381340e-02  -6.9059346e-02  -1.0826805e-01   2.7299276e-01  -6.7086009e-02   4.1937765e-02  -2.2739980e-02   1.3619433e-01  -7.1043089e-02
  -1.2634904e-01   5.6849630e-02  -8.6292040e-02  -2.0625468e-01   8.3872843e-03   2.0831358e-02   3.7610429e-02   2.2151341e-02   5.6592360e-02   4.3399063e-02   2.7100119e-01   1.4562156e-01   1.7752185e-01  -1.8419645e-01  -1.5910613e-01   2.2463399e-01  -1.4886569e-01  -4.7174807e-02  -1.0248443e-01  -4.7730221e-03   2.3977110e-03   1.5122490e-01  -7.2800184e-02   5.8552264e-02  -1.4532736e-01  -1.5456890e-01   1.1220435e-01   2.4335279e-01   7.4690137e-03   1.2219105e-01   7.3923773e-02   2.0844317e-01  -1.5136356e-01   1.3931203e-01   2.8730473e-01   1.0305318e-01  -7.1549935e-02   8.2709627e-02  -1.8349769e-01   1.6063107e-02  -1.8363352e-01  -2.5811553e-01  -5.1392818e-02  -8.2666157e-02  -3.0001079e-01   6.1746551e-02  -5.1526861e-02   9.8597904e-02   2.0695736e-01
  -1.3333961e-01  -4.2209752e-03  -1.6666835e-01   2.1230491e-01   1.8708944e-01   8.1125009e-02   1.6987109e-01   1.4125406e-01  -3.0270290e-01  -1.2933701e-01   9.2483150e-02   2.9061651e-02   1.0043717e-01   1.1295924e-01  -5.9278914e-02  -9.4128546e-02  -1.8905963e-01   1.5115636e-01   9.2446309e-02  -2.6010624e-01  -3.0481724e-02   1.0492296e-02  -3.7128569e-02  -1.2588950e-01   4.3384819e-02  -1.6416598e-01  -2.4496411e-02   2.8853495e-02   5.2931259e-02  -2.2692256e-01   2.5819908e-01  -1.1451552e-01   2.1735662e-01  -4.3401461e-03   2.2122691e-02  -2.1694782e-01   1.3460731e-01  -2.2976701e-01  -1.9650478e-01  -7.0839267e-02  -7.9841625e-02  -1.9130460e-01  -2.4628600e-01  -1.1139145e-01   1.9969665e-02  -3.4758666e-02  -1.4482522e-02   2.0051351e-02  -1.4478491e-01
  -1.3480136e-01  -9.0164303e-02   1.4029815e-01  -1.5405417e-01  -3.8783973e-02   1.2873850e-01   1.0403561e-01   1.3545364e-01   4.5313512e-02  -1.0754563e-01  -2.5587717e-01   2.5293963e-01   2.1381505e-01   2.9191625e-01  -8.8590008e-02   1.2167168e-01   2.2885498e-01   7.8139782e-02   8.6662509e-02  -4.3936983e-02   3.0537791e-02   1.8442102e-01  -8.3149120e-02  -1.0394742e-01  -1.6436987e-01   1.8597488e-01   1.2769682e-01  -1.5439041e-01  -4.3456535e-02   1.9776345e-01   3.9987496e-02   1.2129436e-01  -2.6923448e-01   3.7619427e-02   4.9718652e-02  -1.7578423e-01  -1.9110822e-02  -3.0213763e-01  -2.1950797e-02  -8.8479687e-02  -6.4927978e-02   6.2714047e-02  -1.4455408e-02  -3.3687871e-02   2.0281712e-01   7.9216041e-02  -1.5231804e-01  -1.3794402e-01   1.9199269e-02
  -1.5194388e-01  -1.4698370e-01  -1.3193279e-01   1.1542025e-01   6.2978154e-02  -1.1540527e-02  -2.3136086e-01   2.3339393e-02  -6.3908771e-02   2.0236329e-01   7.3770417e-02  -1.1711866e-01   2.5659085e-01   8.0403425e-02  -1.9766692e-01   5.4947896e-02  -1.4402504e-01  -2.1826560e-02  -9.4867471e-02   1.8151432e-03  -1.0905071e-01   1.6910078e-01   1.2383022e-01   3.9827735e-02   6.9414522e-02   5.7132284e-02  -2.8652133e-01   8.3813330e-02  -9.7796475e-02   1.3979580e-01   1.4314659e-01  -5.8179981e-02   6.3873269e-02  -1.0403046e-01   5.7006933e-02   9.5793768e-02   1.3081008e-01  -1.7893059e-01   3.1656354e-02   2.0719511e-02  -1.7583559e-01   3.2075147e-01   1.9467456e-01   3.2798112e-01  -3.2636976e-02   2.4830112e-01   1.0681177e-01  -1.3675215e-01   4.4561555e-03
  -1.4210253e-01  -1.3345407e-01  -4.2613803e-02   2.0553624e-01  -2.3313180e-02   1.5269971e-01  -1.3159036e-02  -9.4759172e-02   2.7585395e-02   9.9462526e-02  -1.9332238e-01  -3.2270228e-02   1.7368758e-02   2.5869753e-01  -1.0059877e-01   1.1647589e-01  -1.1649098e-01   4.8554770e-02   2.2066800e-01   3.2879595e-01   4.0744858e-01   1.1272313e-01   7.6528139e-02   2.7995556e-01   1.6076022e-02  -1.1092867e-01   1.7268468e-01   5.5380240e-02   6.1249324e-02  -1.6916795e-01  -7.5261364e-02  -2.2605315e-01  -3.5045695e-02  -2.8427777e-02   5.0244073e-02  -2.9211143e-02  -8.5760550e-02   2.2946344e-01  -2.5667784e-01   5.6067951e-02   2.1262151e-02  -1.5898907e-02   4.0020904e-02  -5.9284169e-02   6.2794781e-02   1.6314024e-01   4.2290075e-02   3.6880949e-02   2.6425893e-02
  -1.6160781e-01   6.2321085e-02   8.3233665e-02   3.7415641e-03  -1.4687498e-01  -1.1799862e-01   4.6079734e-02  -7.7570764e-02   2.0477889e-01  -1.6860798e-01   1.0742208e-02   3.8705222e-01   1.5383912e-01  -1.7784175e-01   1.8808057e-01  -1.0073880e-01  -1.8158935e-01  -2.3444547e-01  -6.9049385e-02   3.8000731e-02   1.8616510e-01   1.1559267e-01  -7.1724119e-02   1.0065099e-01   1.6661952e-01   4.6527371e-02  -4.8999696e-02  -9.2652855e-03  -6.7369379e-02  -1.2419446e-01   2.8798030e-01  -9.2888890e-02  -7.2248624e-02  -2.5406943e-01  -1.2797202e-02  -1.4117873e-01  -1.1625049e-01   1.4292401e-02   1.1048467e-01   8.2441481e-02  -3.2340047e-02   2.7723469e-01  -1.3001928e-01  -9.0444982e-02  -1.6070516e-01  -6.5395597e-02   3.1809638e-02  -2.2223777e-02  -1.9936432e-01
  -1.3461033e-01  -1.3902966e-01   1.9050153e-02  -1.1766156e-01   1.9600461e-01   8.1564752e-02  -3.9060107e-02   9.2702481e-02  -5.2524643e-03  -4.7210624e-02   1.7227154e-01   4.6715457e-02   1.1190774e-01   5.4704444e-02   9.9650934e-02   1.6769663e-01   4.2689809e-01   1.1214872e-01   7.4964003e-02   1.2993912e-02  -8.5689916e-03  -7.7328272e-02   3.9411796e-04   4.6490719e-01   2.3905779e-01   2.4420418e-02  -7.3768038e-02   3.6240869e-03   1.6579668e-01  -1.0781763e-01   3.8672847e-03   1.5244131e-01  -4.6003553e-02  -8.4781166e-02  -1.5271714e-01   1.0487302e-01   2.6722031e-01  -1.3411776e-01   2.4543848e-02   6.5749250e-02   5.6660829e-02   1.7170930e-02  -3.2356550e-02  -7.7807946e-02  -1.5026064e-01  -1.3109167e-01   1.7654775e-01   1.9395514e-01  -9.8067326e-04
  -1.3431581e-01   3.0817956e-02   1.7220909e-01   8.2844111e-02   7.0170521e-02  -1.0409588e-01   1.0535734e-01   1.6563804e-02  -3.1121115e-02  -6.3221010e-02   7.1240751e-03  -1.1170957e-01  -2.0238364e-01   9.3651115e-02   1.5297759e-01   9.4639243e-02   5.6800741e-02  -1.4739713e-01   3.5563720e-01  -2.0221040e-01   1.8828674e-02   9.3876228e-02   2.2754523e-03  -3.5199324e-02  -4.1991777e-01   9.2195741e-02  -1.8039812e-01   2.6564896e-01   1.0025962e-01  -2.1248580e-01   1.9237038e-01   2.2579704e-01   4.1605853e-02  -8.2824728e-02  -4.2205071e-02   1.6721473e-01  -1.9700326e-02   1.2316449e-01   1.0852687e-01   6.4067466e-02   6.2169235e-02   1.5629579e-01  -3.8235873e-02  -3.9939238e-03  -2.7161473e-02   2.4564582e-01  -1.0772352e-01   1.9318637e-02   1.0631712e-01
  -1.6137954e-01   2.9057599e-02   1.6623279e-01  -6.8595152e-02  -1.8054787e-01  -1.7990409e-01  -2.7549395e-02   2.0288312e-01  -1.4818258e-01   2.9650603e-02  -9.6201048e-02  -3.1510229e-01   8.2728047e-02  -4.7219430e-02  -2.5370259e-01   3.6086314e-01  -7.3020684e-02   8.9344208e-03  -6.3760240e-02   1.3451483e-01   1.0006388e-02  -1.2493214e-01   2.6393016e-02  -1.4535367e-02  -3.5929221e-02   1.1970250e-01  -1.4939558e-02  -1.5452256e-02  -1.6123197e-01   1.5960361e-01   2.1846070e-01  -3.3207155e-03   1.2709888e-01  -7.9343015e-02   3.9232234e-02   8.0840300e-02   1.2805119e-02   4.9042154e-02   3.5092101e-02   7.1566417e-02   2.5172099e-01  -2.8943666e-02  -4.5841460e-02  -3.6354550e-01   3.8910130e-02  -1.3540205e-01   1.3174020e-02   3.1128606e-02  -2.8367141e-01
  -1.3436393e-01   3.5578077e-02   1.1568360e-01  -5.4633718e-02   9.6868983e-02   1.5359763e-01   2.6395623e-01  -4.0979604e-02  -1.7119327e-02   2.4024096e-01  -1.1459594e-01  -7.7678060e-02  -1.7806002e-01   4.9549150e-02  -1.3600973e-01  -2.6143241e-01   3.7022211e-02  -1.3627708e-01  -1.9295388e-01  -3.8485984e-02   3.7469323e-02   7.4194681e-02  -1.1301384e-02  -5.0542049e-02   2.3045893e-01  -4.1355573e-02   3.5377659e-01   3.5446806e-01  -1.8829888e-01  -9.0833237e-03   1.5690526e-01   1.6032373e-01  -8.0822902e-02  -1.6951759e-01  -1.7381952e-01   1.1032289e-01   1.8436679e-02  -1.6439049e-01   5.7178358e-03   6.1308175e-02   1.3906396e-01  -9.0226132e-02   1.6138922e-01   1.2631640e-01   1.2275937e-02   1.8709800e-02  -3.8927575e-02   1.1564815e-01  -9.1589280e-02
  -1.3671688e-01  -6.3971009e-02  -1.7218804e-01   2.5014499e-02  -1.8328181e-01   5.4945131e-02   2.4067261e-01  -2.8287176e-02  -1.2342210e-02   1.7924333e-01  -1.0160153e-01  -1.4902347e-01  -6.2988336e-02  -1.7402229e-02   3.3199744e-01   9.6913269e-02   2.1507026e-01  -2.4405328e-01   1.9429999e-01  -1.2330351e-01   8.8391576e-02  -6.3465739e-02   4.1357359e-03  -5.1812843e-02   1.3708466e-01  -5.2693542e-02  -1.8583547e-02  -6.4896891e-02  -8.1307462e-03   1.6270334e-01   1.5008400e-01  -1.9012285e-01  -3.9510547e-02   5.8089859e-02   2.1017741e-01   1.4765127e-01   1.4850975e-01   1.6186032e-02  -1.0837013e-02   5.5992177e-02  -1.9222357e-01  -1.7027689e-01   9.8385855e-02   2.4088781e-02  -1.3012018e-01  -1.9892787e-01  -1.1974849e-02  -3.8539766e-01  -1.9886830e-02
  -1.5358905e-01   8.3427276e-02   1.3757411e-01   2.8243894e-02  -1.1796890e-01   1.2796057e-01   3.5214501e-01  -1.0112725e-01   8.1191993e-02   2.7699839e-02   2.4076152e-01  -2.6354951e-01  -1.4030666e-01   6.5953230e-02  -1.2982682e-03  -1.1058746e-01  -1.7452165e-01  -2.6586216e-02  -2.0394190e-02   6.7214085e-02  -1.7604200e-01  -1.6058477e-01  -7.9964981e-02   2.3994792e-01  -4.4513426e-03   1.1589487e-01  -1.0442574e-01  -2.7262772e-01  -1.4568655e-01  -6.6491711e-02  -5.0261844e-02   1.6373959e-01  -7.7934223e-02   7.2840029e-02   9.8440623e-03  -3.7548629e-02  -9.2894591e-02  -9.0841530e-02  -2.3707481e-01  -1.3712186e-01  -3.1119790e-01   2.1277957e-01   9.4912439e-02  -1.8548261e-01   7.4497094e-02   3.3619505e-02   5.5995606e-02   5.7043041e-02   1.6289962e-02
  -1.2314236e-01  -8.4508372e-02  -4.4327423e-02  -7.3199001e-02  -1.6068144e-01   1.6413319e-01   4.1701118e-02  -3.3585881e-02  -1.7162193e-01   9.7077540e-03  -1.6486949e-01  -1.3327521e-01   2.3858782e-01  -1.7643959e-01   2.6572811e-01  -8.1420761e-02   2.6711906e-02   4.0993685e-03  -1.5712177e-01  -8.2913824e-02  -3.3249742e-02   2.5074883e-01   2.5717588e-01   6.3963914e-03   1.9126842e-01   3.2457291e-01  -1.3980578e-01   2.5019005e-01   5.1090974e-02  -6.0337788e-03  -7.7198777e-02   6.7820350e-02   1.2798742e-01   1.3105615e-01  -1.0297447e-01  -2.0032012e-01  -6.7806758e-02   2.0197442e-01   4.6971736e-03  -1.4496869e-01  -2.3266197e-02  -7.8254912e-02  -1.4821260e-02  -2.1176728e-01   1.4731324e-01   6.0187766e-02  -3.6146155e-03   9.0363321e-02   1.9818250e-01
  -1.5619948e-01   9.0436600e-02   1.5123207e-01  -5.3181613e-02  -7.7119031e-02  -6.2313032e-02  -1.2590074e-01  -1.3378066e-01   5.4089490e-02  -6.9065261e-02   5.7139023e-02  -1.7991907e-01   1.6704330e-02  -1.0803602e-01   6.3541744e-02   2.3334297e-02   5.5415804e-02   1.6865863e-02   1.2367242e-01  -3.2985574e-03  -3.1015288e-01   2.1188351e-01   2.3264609e-01  -2.1364677e-02   1.2270444e-01  -1.1016926e-01   3.4400170e-01  -1.8162909e-01   1.9761190e-01  -3.7877378e-02  -4.3738437e-02  -1.1545640e-01   1.9134214e-01  -2.4197136e-01   2.2420854e-01  -1.6197879e-02  -1.2074463e-02  -1.7075211e-01  -1.0123079e-01   2.1092337e-01   1.7129251e-02   1.1094041e-01  -2.3416627e-02   2.4321064e-02   3.6726562e-02  -2.0184710e-02  -3.2650534e-01   1.0662892e-01   1.6277657e-01
  -1.2668367e-01   2.2266842e-01  -6.9527825e-02  -1.0912191e-01   1.3430317e-01  -2.1004664e-01  -7.2644208e-02  -5.0817477e-02   1.1565964e-01  -5.3060845e-02   2.2934479e-02   7.8379056e-02  -1.0430256e-01   9.0493457e-02  -5.5343765e-02   3.2604114e-02   1.8435849e-01   1.9937395e-01   9.0147825e-02   3.3972550e-01  -1.8957793e-01  -1.5821491e-01   1.2120095e-01  -1.1783606e-01   1.6517749e-01   2.6301536e-01   2.1342817e-03   2.2824091e-01  -9.7553498e-02  -1.5571353e-01   2.4856859e-01  -1.2707170e-01  -4.4541276e-02   1.9686623e-01  -7.3495212e-02  -2.0305520e-02  -3.9405535e-02   1.4301376e-01  -3.7055808e-02   5.0356250e-02  -3.4142063e-01  -8.3827842e-02  -7.1779899e-02   1.1427011e-01   8.7562644e-02  -1.7219025e-03  -1.5363759e-01  -3.9342705e-02  -8.5898267e-02
  -1.5400207e-01  -7.7914808e-02   2.5346190e-01   7.2801436e-02   9.9397065e-02   2.4330277e-01   6.7912489e-03  -1.5634469e-01   2.0091121e-02  -5.6432305e-02  -2.6450489e-01   2.0070594e-01  -1.7219076e-01  -1.1483294e-01  -8.6328787e-02   1.5590637e-01   4.6293434e-02   7.3305291e-02   2.7943465e-02   3.7004614e-02  -2.5363021e-01  -1.4945684e-01   1.8925625e-01  -8.5628593e-02  -7.9147781e-02  -1.1076060e-01  -7.1192415e-02   1.0183791e-01  -1.5678307e-01   5.7871524e-02  -6.8111954e-02  -2.1343606e-01   1.3437911e-01  -1.2434637e-01  -6.8722899e-02   3.8829169e-02  -1.7102064e-01  -1.3177827e-01   2.9947951e-02  -2.0033679e-01  -5.7256436e-02  -1.5741390e-02  -7.4819255e-02  -1.1977122e-01  -3.1306301e-01  -8.6877294e-03   2.7320940e-01  -8.8620379e-02   1.8881205e-01
  -1.3898853e-01  -4.2977158e-03   1.2669067e-01   1.2972122e-01   4.0106278e-02  -4.3832456e-01  -5.5036054e-02  -1.1145422e-01   1.4536220e-02   4.9931022e-02  -3.0877119e-02   1.4638135e-01   9.1851954e-02   1.6417679e-01  -1.6557242e-01  -1.0231016e-01   2.4357686e-02  -1.5267790e-01   9.8495901e-02  -1.8916042e-01   1.9843092e-01  -1.5910639e-01   2.1214043e-01  -4.7132646e-02   8.7648515e-02  -8.2610767e-02  -1.3562394e-01   2.4048167e-02   5.2031241e-03   5.5013633e-02  -4.3578784e-03   1.0967053e-01   1.7812261e-02   8.7024742e-03   1.1078370e-01  -2.7479685e-02  -9.2153013e-02  -4.8903382e-02  -4.7603292e-02  -1.2352769e-01  -6.9511126e-02  -7.1917883e-02   2.4134033e-01  -4.1162631e-02   1.8498470e-01  -3.6766106e-01   7.0958958e-02   2.2234040e-01   2.7335172e-01
  -1.6253907e-01  -1.4024519e-01  -3.7030552e-01  -1.8500445e-01   8.0882128e-02  -9.6083002e-02   4.8664897e-02  -5.8267507e-02   2.5313473e-01   1.5973959e-02  -1.1665201e-01   3.6723019e-02  -5.0749030e-02   2.6700474e-03  -1.2548054e-01  -1.9975385e-02   5.0974881e-02   7.6592057e-02  -8.0247080e-02  -2.8150196e-01   4.0585261e-02  -1.1568293e-01   9.7075111e-02   1.1753370e-01  -9.0684852e-03  -1.7920746e-01   5.0565867e-03  -1.2919556e-02  -3.7112379e-01  -1.1995478e-01  -1.4751002e-01  -2.5317978e-02   1.3455659e-01   1.6053716e-01  -2.1314021e-02   5.8153103e-03   1.1381754e-01   6.0709465e-02   7.6605674e-02   4.4449270e-02   1.1293947e-01   2.4973620e-01  -5.5295058e-02  -2.3561309e-01  -1.7641817e-02   9.5657134e-02  -3.2052142e-01  -7.3892274e-02   5.8983893e-02
  -1.5325900e-01  -9.9875825e-02   2.3747228e-01  -1.2057770e-01  -1.3858660e-01  -6.3536456e-02  -2.3612841e-01   2.8257328e-01   9.2901747e-02   1.2628596e-01   1.0788490e-01   9.4091040e-02  -2.3367938e-01   1.4507803e-01  -4.1878041e-02  -1.5253040e-01   1.0333430e-01  -6.7042252e-02  -1.3554463e-01   3.7652791e-02   3.0924120e-02   1.5789614e-01  -2.5670731e-01  -1.4191861e-01   6.8083833e-02  -3.0870550e-02   1.2564765e-01   1.9292900e-03   1.3548572e-01  -1.6264658e-01  -1.9087140e-02  -6.9983398e-02   3.0412434e-01   1.1175306e-01   1.2123771e-01  -3.1385413e-02   2.3949401e-01   1.2182380e-01   3.7471641e-02  -2.7234398e-01  -1.2621093e-01   5.6116309e-02   1.2564808e-01  -1.8952105e-01  -7.0881395e-02   9.2586779e-02   1.0963857e-01  -8.5013253e-02   2.4604227e-02
  -1.1512616e-01   2.2967184e-01  -7.3236442e-02  -3.5837766e-01   1.7738152e-02  -1.0635054e-03  -7.2066457e-02  -1.1558745e-01   1.1514656e-01   7.2667871e-02  -6.8261463e-02  -1.2715011e-01   1.6535166e-01   7.5710639e-02  -1.4783075e-01  -1.7634118e-02   1.6215204e-01  -2.0634936e-01  -3.6189537e-02  -2.6024862e-01  -7.3909277e-02  -9.5254515e-02  -1.7286173e-01   4.6582939e-02  -1.3617543e-01   2.9754020e-02  -1.0886740e-01  -4.6742319e-02   2.0968009e-01  -4.5239821e-02   2.2664248e-02  -2.3302495e-01   6.3609717e-02  -1.3233319e-01  -2.2464297e-01  -1.6995320e-01  -1.9509487e-01   1.1894452e-01  -3.5951461e-01  -7.6976998e-02   1.3542429e-01  -8.0233864e-02   8.5275959e-02   1.4070013e-01  -8.1843940e-02   5.3386909e-02   8.5141398e-02  -4.4769424e-02  -9.4825427e-02
  -1.2173262e-01  -1.1062249e-01  -1.5034439e-01   3.5797770e-01   5.8595799e-02  -3.3483693e-01   4.2359034e-02   2.0247208e-02   1.2311734e-03  -2.5644652e-01  -7.5233580e-02  -1.1993406e-01  -6.3351189e-02  -5.0301352e-02  -5.1486634e-03  -6.1895343e-02   1.4827697e-01  -7.3482260e-02  -1.8869514e-01  -1.3159863e-03   2.4860141e-02   8.3879968e-02   3.2703416e-02  -1.4042522e-01  -1.3274914e-02   1.2172395e-01   1.9765234e-01  -3.8774031e-02   1.5041886e-01   2.5046012e-01  -1.0493015e-01  -9.5854542e-03  -1.6918743e-01   5.4719041e-02  -2.2742998e-01   1.4856197e-01   7.0811124e-02   2.8845491e-02  -3.0751610e-01  -1.3581857e-01  -4.7452188e-02   1.4777113e-01  -1.2020170e-01  -6.2273019e-02  -2.7950107e-01   9.7901288e-02   8.4022920e-03   7.5365547e-02  -6.8021277e-02
  -1.4205054e-01  -1.8589806e-01  -5.2458268e-02  -1.6342549e-01  -1.3931542e-01   1.4749041e-01  -1.8984210e-01  -9.6503171e-02   1.4744135e-01  -2.3288359e-01  -9.5536963e-02  -1.3784705e-01  -7.2197308e-02   1.5691145e-01   3.6819530e-02  -1.0267593e-01  -1.7656693e-01   2.2583018e-01  -8.2723770e-02  -3.8241772e-02   5.6479993e-02  -1.1792650e-01   1.9983615e-01  -2.3646695e-01  -1.1071081e-03  -1.2656623e-01  -5.2034757e-02  -2.4362803e-01   7.7820800e-02  -2.5518533e-02   2.5344779e-01   2.9399745e-01  -1.6521122e-01  -1.9829183e-01  -1.0897660e-01  -3.5176545e-02   1.4931831e-01   2.1057810e-01   3.4560967e-02   1.0466156e-01  -8.1664279e-02  -1.9242783e-01   1.2411345e-01   1.3646292e-02  -1.3735158e-01   3.5995617e-02   7.2235509e-02   1.9926019e-02   3.1404743e-02
  -1.3294104e-01  -1.1634884e-01  -1.6965129e-01   1.2199303e-01  -1.4594117e-02   5.8942036e-02  -1.9301849e-01  -2.3075430e-01  -1.9646461e-01   3.8452328e-01   1.0075470e-01   8.5345385e-02   1.0328610e-01   6.9715381e-02   1.1556420e-01  -9.1423625e-04   2.5016720e-02   8.5986176e-02  -1.2137844e-01   1.0675915e-01  -1.0491149e-01  -1.6316569e-02  -2.8072602e-01  -1.1352476e-01  -2.1293943e-01   8.5864798e-02   6.0002063e-02  -8.4611321e-02  -4.2831048e-02  -1.3059772e-01   7.1893332e-02  -1.9696695e-02  -1.2484224e-01  -2.5842020e-01  -1.6927492e-01   1.8422398e-01  -4.1709755e-02   7.5338386e-02   2.8576245e-02  -1.4596275e-01  -3.8198981e-03   4.3388384e-02  -1.2110122e-01  -1.3847694e-01   5.4569538e-02  -2.8835927e-01  -2.2097788e-01   1.8251170e-02   1.6610634e-01
  -1.3935626e-01   2.9512927e-02  -1.1982714e-02  -1.0793722e-01   1.8737496e-01   1.0836937e-01   1.5348263e-01  -1.8933536e-01   4.7613562e-02  -2.8133220e-01   2.2657030e-01  -1.2833801e-01  -5.7060364e-02   1.3243238e-01   8.4233999e-02   6.5043290e-02   4.8311620e-02   7.1595387e-02   2.0256317e-02   1.1159473e-01   1.0686402e-01   2.6049674e-01  -1.8820526e-01  -2.3124924e-01   9.0828403e-02   2.1596635e-02  -1.7586464e-01  -5.4105018e-02  -2.4984652e-01   1.5809636e-01   5.0005646e-02  -2.4146383e-01   1.5182554e-02   4.4709320e-02   1.7244984e-01   2.3097235e-02   7.4638075e-02   1.2038562e-01   3.3593308e-02  -1.7017786e-01   3.1468993e-01   6.0502594e-02   4.4241795e-02   1.4721673e-01   7.0438497e-05  -1.0893159e-01   3.9993546e-02   2.5512249e-01   1.1616554e-01
  -1.4897034e-01  -1.0489520e-01   6.2814545e-02  -1.7072909e-01   2.8760988e-01  -2.8212735e-02   1.4777934e-01   6.7525123e-02   5.2246114e-02   3.2519661e-01  -2.2511125e-03   8.6128786e-02  -1.9174447e-01   1.1889424e-02   1.1247887e-01  -5.9405882e-02  -1.4221870e-01   9.9874054e-02  -1.4234239e-01  -5.1242740e-02   8.5349458e-02  -5.4693431e-02   1.2079640e-01  -1.0679194e-01  -2.0630984e-01   2.0921112e-01  -9.1819966e-02   1.0407652e-02   1.8942331e-01   2.0999013e-01  -1.9582843e-01  -1.9120378e-01  -5.0233887e-02  -1.1236872e-01   1.5299131e-01  -1.5911812e-01   1.4215118e-01   4.8500437e-02  -2.5807987e-02   3.5449467e-01  -1.1303685e-01   6.5433887e-02  -1.4572213e-01  -4.4327067e-02   3.2205291e-02  -6.5301603e-02   9.7043040e-02   1.8961494e-01  -1.0948877e-01
  -1.5032395e-01   3.5242471e-02  -2.4472756e-02  -6.8971855e-02  -1.7390581e-01  -2.5855077e-01   6.6411319e-02   5.3398492e-02  -1.9922285e-01   4.6221130e-02   6.9285133e-02   4.6671014e-02  -8.1040419e-02   4.3365425e-02   1.2016593e-01   3.5177272e-02   1.1581472e-01   4.1003081e-02  -9.9344311e-02   1.8541734e-01   2.0168864e-01   5.4779047e-02  -3.9374076e-02  -3.9987533e-02  -3.3036571e-02   3.4686839e-02  -5.7925305e-02  -1.6407588e-01  -3.1386088e-01  -8.1358550e-02  -1.7506001e-01   2.0824884e-01   2.8065003e-01  -1.0045970e-01  -1.3176926e-01  -1.4190834e-01  -8.4912047e-02  -1.5137687e-01  -1.4652044e-01   2.5071901e-01   3.9966038e-02  -1.7402399e-01  -1.7891435e-01   2.4440340e-01  -1.1877951e-01   1.0634092e-01   1.2229299e-01  -1.3330168e-01   2.3034584e-01
  -1.4249726e-01   9.4032896e-02  -2.1768527e-01   1.2568502e-01  -3.7685278e-02   1.8314102e-01  -2.6863311e-02  -2.0175820e-02  -4.9051522e-02  -4.9073869e-02   2.9134955e-01   2.0456102e-01  -2.6584761e-01  -1.6174394e-01  -1.5940918e-01   1.2293107e-01   4.2073628e-02   1.0381157e-01  -9.2084131e-02  -1.1007571e-01   2.0152024e-01  -1.1492189e-01   1.1015971e-01  -9.8645811e-02   8.1827839e-02   3.4213196e-01   4.4000779e-02  -7.5106498e-02   2.3666318e-01  -6.2873283e-02   8.4231550e-02  -1.7597218e-02  -1.2500632e-03   3.1368625e-02   5.9288392e-02   4.5752076e-02  -1.9110564e-01  -1.4807978e-01  -1.0896749e-02   9.2034888e-02   2.5328240e-01   4.0211180e-02   2.9053069e-01  -1.1115965e-01   6.2447448e-02   8.5079529e-02   1.8103663e-02  -1.9384771e-01   9.9731205e-02
