  -1.2865772e-01  -1.4491901e-02  -2.2268004e-01  -1.2211588e-01  -2.3865465e-01   6.2530972e-02  -6.6923640e-02   2.7728811e-01  -7.7049839e-02   5.7638063e-02   3.8794103e-02  -5.2879338e-02   2.3228632e-01  -6.6666991e-02  -3.1532531e-03   7.0951897e-02  -6.6937742e-03   4.8663096e-02   1.1853321e-01   2.5364895e-01   1.6758776e-01   1.0852198e-01  -2.8295446e-01  -7.8808982e-02  -1.4774364e-01  -2.4095522e-01   3.1992415e-01  -1.4428766e-02   9.5892980e-02   2.5670964e-01  -1.0411723e-01  -5.6492389e-02   2.9862288e-02   2.0170982e-01  -1.3675148e-01  -1.4216270e-01  -9.4501314e-02   2.0764864e-01   3.2991668e-02  -1.8326574e-02  -6.8979695e-02  -7.3875475e-02   1.7235426e-01  -1.3836090e-02  -8.6312609e-02  -5.3029336e-02  -8.6872939e-02  -6.0773040e-04  -1.7059404e-01
  -1.6537958e-01   1.3773004e-01  -3.0829957e-01  -1.0386652e-01  -7.9165696e-02   1.5698752e-02   1.2506584e-01   1.2899920e-01  -2.0805642e-02   1.3243145e-01   1.0562041e-01  -1.3656502e-02  -1.7328699e-01  -1.5340853e-01  -3.9305387e-02  -6.1081084e-02  -2.4937943e-01   6.5815370e-02  -3.5170737e-03   5.2941517e-03  -3.3310129e-04   1.0129928e-01  -2.5201014e-02   1.0619056e-01  -2.1819101e-01   1.7690577e-01  -2.3983757e-01   2.1163860e-01  -4.5394149e-02  -2.7015081e-01   2.5421648e-01   4.1731523e-02  -1.3110130e-01  -1.9126303e-01  -8.6894627e-02  -8.1089977e-02  -5.2672669e-02   8.6433546e-02  -1.1956188e-01  -1.4154883e-02  -8.0212862e-02  -3.4791206e-02   2.7828592e-02   2.0837847e-01  -3.8636015e-01  -6.9280570e-02   2.8396528e-02  -9.7042875e-02  -2.7580940e-02
  -1.4141205e-01   3.9775845e-03  -1.4218946e-01   1.7330845e-01   9.5763739e-02  -1.5803011e-01   5.8756278e-02  -1.0212442e-01  -9.2226128e-02   3.8215392e-02  -3.1950387e-01  -3.6097266e-02  -1.7842539e-02   6.0281876e-02  -8.8811757e-02   6.4958369e-02  -8.5121655e-02  -8.1331022e-03   3.9757447e-02   4.7532519e-02  -9.3999229e-02  -1.1647214e-01  -2.6362904e-01  -2.9481469e-01   6.3751349e-02   2.7603366e-01   1.3590317e-01   5.0247416e-03   9.3533723e-02   1.0028633e-01   2.3527017e-01  -6.5027105e-02   6.5436738e-02   2.5272752e-01   3.0790999e-01   1.7251280e-01  -3.7164841e-02  -1.7469704e-01  -2.3878364e-02   1.1793657e-01  -8.3820715e-02  -2.0281008e-01  -1.1661718e-01   9.4900283e-02  -1.5991627e-01  -1.7102745e-01   6.7460869e-02   1.2097307e-01  -3.6221416e-02
  -1.4753103e-01  -3.6636326e-01  -6.0405680e-02  -7.3627407e-02   6.7804822e-02   8.5038090e-03   1.1881214e-01  -1.2932353e-01   2.9572541e-02  -8.9236412e-02   1.7483746e-01   2.0544097e-01   1.0924843e-01  -1.4067868e-01  -5.4247617e-02   1.9904760e-01   9.1962161e-03   5.6645510e-02  -2.3842624e-01  -1.3212435e-01   1.5548786e-01  -9.2358103e-04   1.3282595e-02  -4.9184895e-02  -2.6449006e-01   1.8553215e-01   1.9026703e-01  -8.1359501e-02  -1.2928048e-01  -5.4736672e-02   6.3047135e-02  -1.7111489e-01  -8.3433089e-03  -2.0211410e-02  -1.0718926e-01   3.1714679e-02  -8.4456250e-02  -4.4431857e-02   2.9351971e-03   3.0276518e-02  -1.2161121e-01  -2.1010753e-01   1.6141056e-01   2.4693318e-02   9.0974719e-02   3.0551139e-01   1.1848304e-01   2.0562277e-01   2.6918917e-01
  -1.0849388e-01  -3.2565001e-02   4.7036739e-02   6.1920549e-02   1.6278179e-01  -1.6065352e-01  -1.5818611e-01  -3.3330502e-02   8.7260810e-02  -1.9248824e-01   2.6704403e-01   1.4621999e-01  -1.3725453e-01  -8.8346963e-02  -7.2681190e-02  -7.3495857e-03   1.0355429e-01  -6.7627758e-02  -1.6249024e-02   1.6271071e-01  -1.6159592e-02  -1.9892487e-01   8.6247336e-02  -1.3582847e-01  -2.1745199e-01   4.0480757e-02   2.0463558e-02   1.8416883e-01   2.4951278e-01   7.4324107e-02   2.3694535e-01  -1.4755918e-01  -2.4664559e-01   1.1202076e-01  -2.7581673e-02  -3.6355409e-02   1.1583095e-01   2.3459724e-01  -1.9172077e-01  -3.8575054e-02  -3.9947002e-02   1.2481888e-01  -1.3309580e-01  -3.3841220e-01   1.1353959e-01  -1.4576936e-01   4.7978475e-02  -1.3714859e-01  -9.8992626e-02
  -1.2657373e-01   1.6674249e-03  -1.5388703e-01   1.4695827e-01   5.5686572e-02  -1.4269701e-01   6.7313926e-02   3.1426433e-01   2.9415726e-01   1.1068293e-01  -7.8635062e-02  -3.6643714e-02  -1.9715116e-01   2.7548630e-01  -6.8503020e-02  -3.7819307e-01  -2.6829508e-02  -1.2173270e-01  -1.7181024e-01  -2.9119968e-02   1.0703778e-01  -6.2728898e-02   4.0552078e-02   5.6477442e-02  -1.0924292e-01  -1.3459704e-01   2.7363563e-01  -7.4023142e-02  -1.5153420e-01  -2.6106325e-02  -2.2072058e-02   2.6642802e-01  -1.7020019e-02   9.2675553e-02   4.1247200e-03  -8.5512037e-03   4.8583174e-02  -3.4221475e-02  -2.2312394e-01   2.9949711e-02  -5.0194749e-02   1.3139965e-01  -8.5604638e-02  -5.8578741e-02   2.2198710e-02   1.6114756e-01   5.2012478e-02   2.0538681e-01   8.0141174e-02
  -1.3353314e-01  -1.0332688e-01   1.4368539e-02  -8.7806262e-02  -9.4636118e-02  -2.1995543e-02  -5.8259234e-02   1.4533302e-01  -7.9014242e-03  -1.5741900e-01   4.6247709e-02  -3.3997179e-01  -2.0547246e-01  -1.4331273e-03  -1.0721490e-01   1.3645537e-01  -1.9674779e-01  -3.0692935e-01  -1.1013628e-01  -6.5255543e-02   1.5893758e-01   1.6536599e-01  -4.7865660e-02   1.5097229e-01   2.4669596e-01   1.3719881e-01  -1.2052171e-01  -2.2275196e-02   5.2405379e-02   1.7079641e-01   2.4284483e-02  -5.3961786e-02  -2.5560017e-01   4.1938204e-02   1.5569784e-02  -3.5790258e-02  -2.2743444e-01  -1.6432797e-02  -1.8836601e-02   2.1847363e-01   2.4595555e-01  -1.7083156e-01  -9.6478366e-02  -1.5569161e-01   1.0144961e-01   7.4937117e-02  -2.0809887e-01  -9.3775465e-04   8.0429593e-02
  -1.2197501e-01   2.2768645e-01   4.6843601e-03  -1.2070592e-01  -1.9882202e-01   3.0325070e-03  -1.1859458e-01   1.3091968e-01  -1.7064145e-02   8.8700582e-02   1.3912555e-01   5.7922534e-03   4.7466947e-02   4.0628840e-03   3.7331476e-02   1.5892461e-01   8.2293930e-03   4.8268846e-02   1.7093047e-01  -3.6718284e-02   1.3902289e-01  -2.8019302e-01   1.1516400e-01   1.3750927e-01   1.5112372e-01  -9.6466558e-03   1.6094242e-01   1.2381077e-01   4.9808405e-02  -3.2303467e-01   2.8971747e-02   3.8635287e-02   3.7200111e-02   2.0816330e-01   2.7520333e-02   1.3564366e-01  -2.9349791e-01  -2.6649466e-01  -1.0090977e-01  -2.1849396e-01   1.0893006e-01  -1.0841274e-01   3.7124017e-03  -9.8586527e-02   1.5291221e-01  -6.0449718e-02   3.1270215e-01  -7.5377575e-02   1.1122425e-01
  -1.5625538e-01   6.8732758e-02  -2.1561885e-01  -2.5473457e-01   7.3959018e-02  -1.7944233e-01   4.2232678e-02  -1.6820401e-01   1.8541195e-01  -1.2110303e-01  -1.6293142e-01  -6.4488354e-02   2.1986079e-01  -3.7907724e-02   1.0691664e-01  -1.0120927e-01  -1.7167426e-01   3.3301937e-01   1.7170916e-01  -1.0383622e-01   4.0740794e-02  -1.6213370e-01   2.6271837e-03   3.0035911e-02   1.9951844e-01   1.7612692e-01   1.1786444e-01  -1.5078625e-01  -3.6736788e-02   8.4611190e-02  -2.5253211e-02   8.7650984e-02  -2.6131022e-01  -1.3232208e-01   1.1472281e-01  -3.9372100e-02   1.2947514e-01   1.1639016e-01   5.5640479e-03   7.4267215e-02   1.5032028e-01   1.4988537e-01   2.1341162e-01  -1.6237196e-01   1.8421114e-02   1.5170556e-01   6.1331159e-02  -1.5528863e-01  -4.6800584e-02
  -1.3168705e-01   9.2534691e-02   2.0543021e-01  -9.7286063e-02   1.8989236e-01  -5.6044144e-02   4.4786167e-02   4.4936364e-02  -2.4136080e-01  -1.1524532e-01  -1.6874409e-01   9.3386856e-02   6.4955314e-02   2.2707014e-03  -2.1264674e-01  -1.6645228e-01  -4.6613674e-03   1.5307109e-01  -3.3259826e-04   1.9764776e-01  -1.7151222e-01  -1.3421002e-01   5.4198301e-02   1.7476160e-01   2.7236632e-02  -9.1825971e-03   6.9107606e-02   2.0736184e-01  -2.4629048e-01   1.7767861e-01  -1.7825096e-02  -1.0729900e-01  -1.2938336e-01  -1.0222942e-01  -1.4392511e-01  -2.6334087e-01  -1.9009351e-01  -2.1808406e-01  -1.7536155e-01  -4.2877592e-02  -6.1690862e-02  -1.6210529e-01  -9.3688916e-02   1.7163675e-01   1.6535860e-01   1.1971710e-01  -7.4788075e-02   2.8498921e-02  -2.1747556e-01
  -1.4839907e-01   1.5922691e-01   7.3881166e-02   1.4033997e-01  -1.8035277e-01  -2.4691846e-01   2.8349275e-02  -1.1168759e-02  -7.6664138e-02   5.8658855e-02  -4.5200592e-02   4.6384117e-02  -9.8725305e-02  -5.9997936e-02  -1.9881928e-01   1.3138050e-02   4.3588391e-01   1.1223243e-01   2.8589781e-01  -1.9571667e-01   2.0255610e-01   1.1030218e-01  -2.1744957e-02   1.8148431e-02  -2.7943653e-02  -1.0349414e-01   1.3829880e-02   8.7454599e-02  -8.0623324e-02   4.7409006e-02   1.2766631e-01  -3.4779728e-03  -1.7782111e-01  -2.4234797e-02  -8.6328836e-02   2.1405115e-01   1.3987964e-02  -9.3428633e-02   2.3392017e-01   1.8672663e-01  -1.8460207e-01   8.1971310e-02  -5.6955729e-02  -1.8221559e-02  -7.2298050e-02   2.1624867e-01  -1.8166782e-01  -1.4884639e-01   9.9769212e-02
  -1.1951645e-01   1.1040500e-01   2.1038761e-01   1.9547022e-01  -1.0632953e-01  -9.9930299e-02   2.7014125e-02   1.1281866e-01   1.1982366e-01  -1.3149698e-01   8.2800409e-02   1.8894325e-01  -3.6487197e-02  -1.5672783e-02   1.1625659e-01  -8.9717581e-02  -2.3979440e-01  -3.0557141e-02   1.0218508e-03  -7.4805292e-02   8.0974909e-02   2.7425495e-01  -3.1445989e-02  -2.2224186e-02   4.4770075e-02   1.2541462e-01   3.0300745e-01   4.3407586e-02   3.4941656e-02  -1.1013835e-01  -1.2432964e-01  -6.1906970e-02  -1.1937747e-01  -1.5427365e-01   2.0310139e-01  -2.3618228e-01   1.9791830e-01  -1.2376115e-01   2.0937243e-01  -1.3633946e-01  -1.7935506e-01  -1.5712853e-01   4.9540745e-02   7.9970621e-02   1.7016346e-01  -2.8410971e-01  -9.6920841e-02  -1.4624346e-01   9.7156704e-02
  -1.3084458e-01  -1.2591305e-01   3.0780531e-03   1.5011312e-01   1.3284187e-01  -6.5989465e-02   2.1008406e-01   3.6704348e-03  -1.3440733e-02   3.5004500e-02   5.8565166e-02   1.1302912e-01   9.7177196e-02   3.8032093e-01   4.4639183e-02   7.2823986e-02   4.9643982e-02  -1.6647109e-01   7.6312599e-02  -2.7851263e-03  -5.9619479e-02  -1.5776796e-01  -1.4579254e-01  -2.4513575e-02   1.1885874e-01  -1.6606513e-01  -1.0808346e-01   2.3935454e-01   8.9188542e-02  -1.4258697e-01   3.1168928e-02  -9.6108539e-02  -1.9285739e-01  -5.6813376e-02   1.9758868e-01  -1.6185805e-01  -2.9357864e-01   2.0242957e-01   2.4328103e-01  -1.6400394e-01   1.0778384e-01   1.7543861e-01   2.2822726e-01   9.8993749e-02  -5.4564724e-02   1.0521685e-01  -7.6473292e-02   1.3230941e-01   5.7094012e-02
  -1.5950643e-01  -1.9013873e-01  -2.6138369e-02  -1.0558226e-02  -2.2006279e-01   2.2190050e-02  -1.3882565e-02  -8.0168408e-02   3.2138760e-02   1.5492083e-01  -2.2325164e-01  -1.9002085e-01   1.7881493e-02   1.4358199e-02   9.0305431e-03  -9.1818631e-04   5.1570634e-02   2.4034342e-02  -5.1741970e-02   2.2328464e-01  -6.3419553e-03  -5.5687982e-02   2.7689858e-01  -1.0748799e-01  -8.9152189e-02   2.7516505e-01   1.3846342e-01   1.9778456e-01   1.2111538e-01  -1.4932098e-01  -3.2661905e-01  -1.3962587e-01  -9.9226060e-02   7.4977046e-02  -1.1951780e-01   3.3467913e-02   6.6905510e-02   1.2039373e-01   1.0787257e-01  -8.0949367e-03   1.3260073e-01   2.1205845e-01  -2.8299679e-01   2.9540655e-01   8.3287224e-02   4.5185578e-02  -6.4472998e-02  -6.7480663e-02   9.5434042e-02
  -1.4725201e-01  -8.1245164e-02   1.0981148e-01   3.0106022e-02  -9.1189254e-02   1.6921978e-01   4.4847987e-01   5.4741634e-02  -4.4007467e-02   5.0972765e-02  -1.5878324e-01  -1.3134116e-01   1.5175994e-01   9.9510393e-02   1.7793018e-02   3.0381286e-01  -1.7668347e-02   4.9045817e-02  -7.0877067e-02  -5.2212356e-02   3.1039127e-02  -6.3762501e-02   2.5692123e-01   5.4096877e-02   9.3763455e-02  -9.3295986e-02   7.6574954e-02  -1.7979140e-03  -2.0605989e-01  -3.7277655e-02   2.3558387e-01   9.5050239e-02   6.9785977e-02  -5.6881961e-02   2.7209529e-02   3.5786075e-02   3.6337196e-02   2.8354961e-01  -1.3282292e-01   6.0482409e-02  -2.5342325e-01  -1.0898294e-02  -1.0123267e-01  -1.9055690e-01   1.2010457e-01  -2.5539594e-01  -1.1624860e-01  -9.5851760e-02  -5.0378320e-02
  -1.3761863e-01   1.3810756e-01   1.4765149e-01   1.8493461e-01  -1.7721722e-01   1.0984016e-01   7.3528863e-02  -1.4452907e-01   2.3931587e-02  -1.8457075e-01  -9.6515991e-02  -2.3911713e-01  -4.3795630e-02  -2.2683794e-02   1.8018846e-01   5.8053053e-03   7.2841988e-02   7.4172779e-02   9.5903823e-02  -1.5880851e-01  -2.5317398e-01   1.4817644e-01  -1.1142001e-01  -3.7328579e-02  -1.7128876e-01  -1.2395648e-02   3.1792307e-02   5.9473021e-02  -1.9145708e-01   5.6437832e-02  -8.8718692e-02  -2.1864606e-01   1.4204637e-02   1.2890080e-01   1.4847704e-03  -1.8062706e-01  -7.1618318e-03  -1.0830366e-04  -2.6328759e-01  -2.6749831e-01   1.4397313e-01   4.0986125e-02  -2.3551637e-02  -2.5870276e-01  -2.7401296e-01   1.0809338e-01   3.9707412e-02   5.9098552e-02   2.3110428e-01
  -1.5763398e-01   1.5048325e-01  -1.2451103e-01   5.4303381e-02   1.8618745e-01   2.4227000e-01   4.3988006e-02   2.3353656e-01   1.0196258e-01  -3.0520930e-01   1.0472725e-01   8.0146886e-02  -6.2827606e-02  -2.2670858e-01   1.5524360e-01   2.0751976e-01   1.2244634e-01  -1.4008749e-01   1.6227617e-02   8.0005225e-02  -2.1034981e-02  -1.0642155e-01   1.8167582e-01  -8.4133428e-02   1.2364679e-01   7.7875582e-03   1.2585075e-01   1.4652005e-01  -1.2882793e-02   2.1104519e-01  -1.5347063e-01   3.1184722e-02   1.1114142e-01  -1.6176285e-01   1.7879505e-01   2.3399464e-01   4.0643415e-05  -1.3283097e-01  -1.5012288e-01   7.4592247e-02   4.0677347e-03   1.8577374e-01   1.1815991e-01   2.1485111e-01  -1.6542967e-01   6.7492958e-02  -1.6008371e-01  -2.1432129e-02   4.5858475e-02
  -1.3532945e-01  -9.2791464e-02   1.5284080e-01  -9.3591761e-03  -1.0206964e-01  -4.7745984e-03   2.5676694e-02   1.1266524e-01  -5.4294235e-02   7.7861811e-02   1.8805840e-01  -3.6516960e-02   2.2571629e-01   3.8537297e-02  -4.6742868e-01   5.8029083e-02   1.3743232e-02   5.9182868e-02  -8.5790879e-02   1.1918689e-01   1.2105607e-01   7.5621072e-02   2.0013429e-03  -3.7457801e-01   8.6241282e-02  -1.1083735e-01  -1.8502222e-01  -7.9888923e-02  -1.6445896e-01  -3.6910589e-02  -1.2748515e-01   2.5266022e-03  -1.3140736e-01  -1.4249136e-01   1.6561818e-01  -3.7040874e-02   2.1313724e-01  -2.0588214e-01  -1.5914057e-01   1.5170786e-02   2.0112324e-01   1.2840487e-01   3.9848131e-02  -2.4585191e-02  -1.4151206e-01  -1.1742386e-01   2.0460024e-01   6.0812689e-03   1.7282277e-02
  -1.3608417e-01   1.1039501e-01  -1.6782495e-02   4.1434972e-02   1.7910393e-01   2.1164527e-01   7.5595081e-03  -9.7168176e-02   1.7719123e-02   2.6150515e-01  -6.9555969e-03   2.5304885e-01   6.9418755e-03  -2.5955653e-01  -1.5094659e-03  -1.7212059e-02   2.7588543e-02   1.3894735e-01   2.9770280e-02  -1.6508024e-01   9.3877053e-02   2.2545610e-01  -5.3350161e-02  -2.1193213e-01   1.3030839e-01  -3.0944160e-02   5.8361296e-02   2.5816570e-01   6.1493649e-02  -1.7360748e-02  -2.9120890e-02   2.9304683e-01   4.1758516e-02  -2.2658878e-02   4.0216707e-02  -1.0238187e-01  -5.7995588e-02   1.9882234e-01  -2.8070581e-02   9.4610516e-03   3.1152854e-01  -1.4680577e-01  -2.7698452e-01  -1.1912008e-01   1.2731078e-01   8.5160556e-02  -7.4826115e-02   2.1732701e-01  -4.5677560e-02
  -1.6066392e-01  -1.0617711e-01  -2.1333748e-01   8.9435293e-02   4.2583986e-02   1.6934126e-01  -1.9014119e-01  -2.4181194e-02   9.7388874e-02   1.3047949e-01  -6.8332709e-02   1.6424673e-01  -1.2666428e-01  -5.7908349e-03  -3.1848555e-01   1.6481176e-01  -1.1700569e-01  -2.6817365e-04   5.0703506e-02  -2.1968874e-01  -2.1845858e-01   5.9566510e-02  -1.5671995e-01   1.2656268e-01   3.0816057e-02  -2.2842025e-02   6.8036395e-02  -1.7817078e-01  -1.4743068e-02  -1.8616616e-01  -1.9161390e-01  -2.8178072e-01   1.3835782e-01  -8.2881022e-02   7.0171627e-02  -1.1871454e-02  -1.4381353e-01  -4.9060354e-02  -7.7681842e-02   1.4316728e-02  -1.3957313e-01   2.7078434e-01  -8.2304595e-02  -1.4638243e-01   1.0835803e-01   3.9819945e-02  -9.0483027e-02  -1.8185565e-01  -2.4110931e-01
  -1.4593670e-01   3.7012666e-02  -1.6472525e-01   2.9435565e-01  -1.0953048e-01  -3.7348987e-02  -2.1778750e-01  -2.4175952e-01   6.2707431e-02  -7.5508280e-02   6.9890230e-02   2.1812822e-02   1.0651170e-01   4.6782970e-02  -8.2562753e-02   9.7267453e-02   2.5775036e-02   6.8442460e-03  -1.6892623e-01   1.7470271e-01   7.5199429e-02  -2.0842275e-01   9.5357995e-02   1.1306015e-01  -1.2104421e-01   1.9184633e-03  -2.0796298e-01  -5.7939584e-02  -1.6047323e-01  -1.4233049e-02  -1.5654218e-01   3.2586479e-01   7.5683903e-02   1.0934450e-01   2.1166299e-01  -1.0549672e-01   1.8902650e-02   3.8439821e-02   6.5606151e-02  -1.4268318e-01  -2.1265300e-02  -3.2085599e-01  -9.3487105e-03  -3.8291412e-02  -8.7734051e-02   1.3998690e-01  -2.5918685e-01  -2.1678544e-01  -6.5535158e-02
  -1.4226117e-01   2.1283339e-01   1.4258534e-01   8.4917217e-02   9.8105424e-02   7.6115480e-02  -1.0650450e-01  -1.1750108e-01   1.2636345e-01   1.2423863e-01   1.9162124e-01  -5.2860909e-02   2.3324589e-01   2.6080702e-01   3.6417951e-02   1.2308696e-01  -1.2703642e-01   5.4225172e-02  -1.4398199e-01  -1.9366013e-01   1.0718371e-02   1.6894749e-01   1.8472957e-01   2.8117190e-01  -1.6293823e-01   3.3249700e-02   4.0904351e-02   1.9412979e-01   3.5790420e-02   1.9976897e-01  -1.9118758e-02  -9.7758335e-02  -4.4521086e-02   2.0038371e-01   2.1808581e-02   7.2314754e-02   7.3955081e-02  -5.6494750e-02   1.2071428e-01   2.8544115e-01   3.0900784e-02   6.3176703e-02   2.4000889e-02   7.4471834e-02  -1.4599371e-01  -1.8148992e-02   2.0285980e-01   1.1218006e-01  -2.8330160e-01
  -1.5263573e-01   1.1415929e-01  -1.5998637e-01   8.2381648e-02   1.4537074e-01   1.2013119e-02  -3.2368940e-01  -3.4997566e-02  -3.0404977e-01  -4.4487297e-02  -7.9858230e-02  -9.0157235e-02   4.4495854e-02   1.1563004e-02  -1.5075679e-01   4.7193134e-02  -3.2627813e-02  -3.1255089e-01   2.9276224e-01   5.8019673e-02  -6.5872210e-02   8.0334714e-02   1.5529184e-01   4.6598647e-02  -4.4514224e-02   1.6380616e-01   5.1522212e-02  -4.7224034e-03  -2.6900568e-01  -1.4726025e-02   3.4794559e-03   1.2827726e-01   3.6470359e-02  -1.2311628e-01  -1.1943667e-01  -8.9297487e-03   1.2036173e-01   1.9014337e-01   1.5734756e-01  -3.2462919e-02  -4.7458974e-02   6.9346433e-02   1.6401126e-01  -9.6716188e-02   1.1940375e-01  -1.5540642e-01   1.5374425e-01   2.8682506e-01   1.6627927e-01
  -1.3073674e-01   1.0806933e-02  -4.0803206e-02  -2.2740335e-01   2.0819338e-02  -2.7212970e-01  -1.0493403e-01  -1.7894283e-01   2.7801199e-01  -1.2434284e-01   3.8295516e-02  -1.0306028e-01   1.5445203e-01   3.8377528e-03   1.5588763e-01   9.2177098e-02   1.6789218e-01  -7.8622333e-02  -2.2840743e-02   1.6470565e-01  -2.1770890e-01   2.2893675e-01  -1.1465431e-01  -5.8806830e-02  -1.9404447e-01  -2.1164969e-01   5.1367625e-02   2.0975229e-03  -1.6479487e-01  -1.8610725e-01   1.3942558e-01   1.1571512e-01   1.2552970e-01  -1.4981372e-01   6.2017703e-02  -4.1457144e-02  -2.3858823e-01  -1.0972232e-01  -8.6271009e-03   2.5540232e-01   1.1916037e-01   6.0905851e-02  -1.3896002e-01   1.0212637e-01   1.4790600e-01  -1.9730963e-01  -4.1181618e-02  -3.6456153e-02   5.2198109e-02
  -1.5652141e-01  -1.0815913e-01   3.7011517e-02   1.9356936e-01   1.5958180e-01   1.2440755e-01  -3.1683533e-02  -1.1791478e-01  -9.5315934e-02  -1.9809481e-01  -3.3522187e-02  -3.4263066e-01  -6.5307633e-02  -2.5417936e-02  -9.0789540e-02  -8.7311683e-02  -1.6859615e-01   2.3703969e-01   6.8775042e-02  -5.3935040e-02   7.1211488e-03  -3.1955796e-02   1.7884925e-01  -9.2220450e-02  -1.4620358e-01  -3.3467350e-01   1.2219569e-01  -9.6604254e-02   3.9379672e-01  -2.1814407e-01   3.2819996e-02   1.0293972e-01  -5.7196149e-02  -1.6018960e-01  -1.4754451e-01   1.1262457e-01  -6.8046897e-02  -1.7360114e-01   6.7890359e-02  -3.7517536e-03   3.2937673e-02  -1.0659341e-01   1.2086691e-01  -1.0559055e-02  -4.9550887e-02  -5.5586523e-02  -1.2963148e-01   1.3232188e-01  -7.6739133e-02
  -1.4996137e-01   2.7190062e-02   8.3165831e-02  -2.3176537e-02   4.7080125e-02   5.4977799e-02  -1.9110127e-01  -5.1334877e-02   8.1874234e-03  -1.5523385e-01  -2.6912299e-01   2.7491267e-01  -1.9001913e-02   1.9535027e-01   8.8665492e-02   7.1159422e-02   1.6183687e-01  -1.4003937e-01  -3.0104860e-02  -4.5114780e-02   1.4941456e-01   1.5545759e-01   7.0935690e-02   1.1605060e-02   1.2798586e-01  -1.2514064e-01   4.3814514e-02  -3.3771072e-01   6.8322584e-02  -7.3722016e-02   2.4673239e-02  -5.3828270e-02  -2.1539076e-01  -7.1662228e-02  -1.3599415e-01   7.5035332e-02  -3.7137088e-02   2.4292375e-01  -2.0818499e-01  -9.1349379e-02   7.2733045e-02  -2.0730439e-01  -1.1455719e-01   2.5807130e-01  -2.3510554e-01  -2.5947402e-02   2.2002087e-01  -1.2078611e-01  -6.7983265e-02
  -1.1261491e-01   3.7936774e-02   2.1705751e-01  -2.2240406e-01  -9.6153850e-02   4.2870791e-02  -1.4144707e-01  -1.0776047e-01   2.8061501e-02  -6.5703937e-02   1.5750853e-01  -1.3573566e-01  -2.6604784e-01   3.4209717e-02  -1.7256242e-01  -1.1106468e-01   3.7761888e-04   2.0523650e-01  -1.1691141e-01  -4.7336888e-02  -1.4088573e-01  -1.2856410e-01  -2.6716285e-01   6.2310007e-02   9.8367191e-02  -1.0208325e-01   5.0306222e-02   1.5363829e-01  -8.6866397e-02  -9.3739694e-03  -1.8718316e-01   2.0307843e-02   2.6974163e-02  -2.5994553e-02   1.8209255e-01   3.1000790e-01   4.8825049e-02   4.1144623e-01  -4.1256753e-02   4.2111755e-02  -1.6069751e-01  -1.4095731e-01   9.7178115e-02   1.7415235e-01   5.9189874e-02  -7.4470879e-02   4.5544098e-02   1.0435313e-01   1.0918077e-01
  -1.5607328e-01  -3.6512591e-02  -1.1641487e-02  -1.3884782e-01  -1.8170905e-01   1.3810945e-01   1.1275862e-01  -1.2180282e-02  -2.8029035e-02  -3.3737411e-01   4.6326256e-02   3.1683359e-02   7.9091321e-02   4.0222862e-02  -1.8384310e-01  -3.4750161e-01  -3.0107752e-02  -1.6366054e-01  -1.0804944e-01  -8.0825641e-02  -8.2792901e-02   1.4952265e-01   7.1419620e-02  -1.2330082e-01   5.0190253e-02   7.3048362e-02   6.0588722e-02   6.0422226e-02  -3.4887192e-02   3.1896033e-02   2.7552668e-01   5.4268853e-02   2.8560875e-01   8.2445101e-02  -7.1701397e-03   1.7199512e-01  -4.5689596e-02   3.8602919e-02   3.0018302e-01  -2.4286411e-01   1.2474794e-01   7.7053134e-02  -4.3888726e-02  -8.4047243e-03   1.6429488e-02   1.6263492e-01   1.0121841e-01  -1.8595365e-01  -2.2880770e-01
  -1.2971095e-01  -1.5723564e-02  -9.8759976e-02   1.2917473e-02  -9.4368753e-02   2.1590943e-01   1.6730695e-01  -2.5711881e-01  -1.1625380e-01   5.0065647e-02   1.9015309e-01   4.4720485e-02  -2.7232359e-03  -2.9125611e-01   1.2137721e-01  -3.8376725e-01   1.8727228e-01  -1.5071934e-01  -2.4412202e-02   5.3943379e-02  -9.6158153e-03  -6.6531652e-02   9.1781004e-02   9.1896487e-02   1.3295087e-01  -5.6453992e-02   1.0177713e-02  -2.5583273e-01  -1.1782114e-01  -1.0082686e-01  -8.2046896e-02  -9.0292416e-02  -2.7507208e-01   2.3561450e-01   1.4297626e-01  -6.8206569e-02  -1.3282307e-01  -5.9152883e-02   5.2011750e-02   1.8053278e-01  -1.0059275e-01   6.3759620e-02   3.8423909e-03  -3.6607155e-03  -4.9747867e-02  -2.2162876e-01  -1.3075419e-03   1.6281426e-01  -9.6427829e-02
  -1.2779181e-01   9.6646414e-02  -1.1338077e-01   1.6929547e-01   1.4045864e-01  -2.0542079e-01  -5.2427850e-02   7.2245076e-02  -2.2091609e-01   2.2187120e-02   1.1141072e-01  -2.0825277e-01  -3.4457083e-02  -8.0049794e-02   1.9352961e-01   4.0679539e-02   1.8323543e-01   1.3038681e-01  -4.4685196e-01  -1.1225945e-01   1.8563307e-01  -1.6960995e-01  -2.2165385e-01   4.2188889e-02   1.5286276e-01   4.0237028e-02   8.7347346e-02  -6.7102197e-02  -1.3343264e-01  -1.4981779e-02   7.6865237e-03  -1.5586764e-01   1.3154416e-01  -2.1391940e-01  -1.8444963e-01  -2.4146290e-02   4.0897812e-02   2.0228866e-02   1.7559566e-01  -1.5132092e-01   1.4544521e-01   1.1706176e-01  -1.4310945e-01  -1.3273862e-02  -3.6528323e-02  -1.5502499e-01   4.0798602e-02   1.0986017e-02  -1.3598963e-01
  -1.2948495e-01  -2.9777631e-01   2.3844389e-01  -4.8406447e-02  -6.1046886e-02   5.0667848e-02  -1.1839833e-01  -1.5910769e-01   2.1288573e-01   1.2977502e-01  -7.1443187e-02   1.3076723e-02   1.2267193e-01  -1.5946073e-01   1.4680193e-02  -6.2394860e-02  -1.1414490e-01  -2.2725266e-01   7.7184067e-02  -1.2379366e-01   8.8642488e-02  -2.4812144e-01  -1.6923222e-01   9.4174186e-02   1.9479620e-02   1.8592620e-03   1.3377877e-02   1.2580197e-01   4.0326338e-02   2.8687691e-01  -2.8329078e-02   2.4567090e-01   3.3043085e-04  -2.2252132e-01  -1.7353069e-01  -9.3125091e-03  -1.3324816e-01  -1.4031606e-01   6.2857166e-02  -1.3389568e-01  -1.8422389e-01   1.1051588e-01  -1.4819843e-01  -5.3124511e-02  -2.6796207e-01  -1.6932387e-01   8.9054057e-02  -2.1841256e-02   6.7106792e-02
  -1.5488333e-01   1.6251807e-01  -2.4524070e-01  -2.6879560e-01   1.1186224e-02  -7.5989315e-03   3.0728380e-01  -1.7621475e-02  -7.7124923e-02  -1.1321612e-01   1.0751210e-01   1.3507747e-01  -1.0567348e-02   2.4900627e-01  -1.2372058e-02   2.4237772e-02  -1.4115396e-02  -1.5557756e-01   1.0132000e-01  -1.5430438e-01  -1.2845002e-01  -2.0717419e-01  -6.1669807e-02  -4.5829753e-02  -1.2341420e-01  -1.2056941e-01  -1.0539235e-01  -1.8448461e-02   1.2364591e-01   4.9892347e-02  -3.2844210e-01  -5.4821656e-02   3.6532796e-02  -6.9032624e-02  -1.8073419e-01   1.7080900e-03   2.3937875e-01  -1.0535059e-01   1.3650934e-01   9.4582904e-02   2.5665069e-02  -2.4646029e-01  -2.9555007e-01  -1.2589675e-01  -1.6281054e-02  -8.6485441e-02   3.4369997e-04   1.6553998e-02   9.9069787e-02
  -1.3710619e-01   7.6909400e-02   1.2959584e-01  -3.8702882e-01   9.0266756e-02  -2.3344889e-01  -6.5199579e-02   3.2433809e-02  -6.8758707e-02  -2.7233833e-02  -2.1764408e-01   1.2047346e-01  -2.6167815e-01  -8.8732330e-02  -4.9640176e-02   1.2158562e-01  -5.4809697e-02   9.4780003e-02  -1.8599357e-01  -9.8455317e-02   1.0698972e-01   2.5301017e-02   3.0056901e-01  -1.0952108e-01  -4.6998482e-02  -9.3780409e-02  -1.0504241e-01  -6.9379043e-02   4.2385290e-02   3.2148518e-02  -1.0128687e-01   2.9937970e-02   1.6933240e-01   2.5430998e-01   1.2780629e-01  -2.4324130e-01  -1.3241903e-01   2.0442364e-04   1.8662922e-01  -8.2588391e-02  -1.0913750e-01   1.8348052e-01   8.6293521e-02  -8.4458045e-02  -2.0687521e-01  -1.0676489e-01  -8.6338723e-02   1.2260094e-01   5.8285318e-02
  -1.5329912e-01  -8.7225524e-04   7.9786634e-02   1.3031115e-01  -2.3200967e-01  -8.0691107e-02  -1.5044842e-01   2.5462293e-01  -1.7463774e-01   5.4234017e-02   4.5603390e-02   8.2938996e-03   1.0581002e-01  -2.2238544e-01   1.1556633e-01   4.9150184e-02  -1.2186547e-01  -2.9596190e-02  -5.3899503e-02  -1.9861065e-01  -3.8873595e-01  -2.0989180e-01   6.9806108e-02  -5.6723536e-02   1.4960460e-02  -1.7492877e-01  -5.2130229e-02  -1.8093683e-01   1.5116976e-01   6.9323522e-02   1.7473138e-01   7.8066382e-02  -2.5204067e-03  -1.3226981e-02   1.0388153e-01  -2.2650439e-01   9.4936976e-02   1.0948555e-01   5.8633505e-02   2.0513157e-01  -2.6543748e-02   2.1161892e-02  -1.3186715e-01   1.9759192e-01   8.8399682e-02   2.5467967e-01   1.7616099e-01  -1.3659067e-02   1.0563449e-01
  -1.2563407e-01  -2.4342074e-01  -3.3966024e-02  -1.9435782e-01   1.1082458e-01   2.3332812e-01  -1.5997249e-01   1.3113656e-01  -2.0572268e-01   9.2319061e-02   1.2496099e-01   1.0342905e-01  -1.0685746e-02   2.2386323e-01   8.3049211e-02   1.1432848e-02   1.1324631e-01   2.6421009e-01   6.4121724e-04   8.5115562e-02  -1.6495282e-01   1.0914083e-01  -6.1043264e-02   2.6395864e-01  -4.0528988e-02   6.4134282e-02   8.5532337e-02  -1.2431550e-01   2.2477898e-02   9.7580961e-02   2.3121504e-01   1.3748866e-01  -1.3812071e-01   7.9279800e-02   1.5432941e-01   7.1102200e-02   1.7126522e-01  -1.6846712e-01   7.2513982e-02  -1.7902808e-01   1.1423849e-01   1.0125362e-01  -1.5989527e-01  -1.5144042e-02  -7.3156436e-02  -9.4833840e-02  -2.2786093e-01  -2.5813136e-02   2.5199900e-01
  -1.5015446e-01  -2.0473155e-01  -2.5776220e-01   1.9141046e-02   8.5847787e-02  -9.8106419e-03  -9.6280158e-02   9.6851492e-02   3.5139173e-01  -6.2861056e-02   1.4152902e-02  -1.6696738e-01   6.1096247e-02  -4.0689982e-02  -1.8591740e-03  -4.4456900e-02   1.6983722e-01   1.4223766e-01   1.5705182e-01  -1.7569531e-01   2.5780250e-02   8.6275946e-02   1.0560514e-01  -7.8716608e-03   2.5545743e-01  -1.0342464e-01  -3.3855795e-01   1.1082206e-01  -1.8475023e-02   1.0350507e-01   8.5224505e-02  -1.7038934e-01   6.2710867e-02   1.9172005e-01  -8.7743316e-02  -1.3268298e-01   1.6591620e-01  -5.4490161e-02  -1.9062790e-02  -2.0957899e-01  -1.7455881e-01  -1.3774914e-01  -1.6555236e-02   2.1907890e-01   1.7868260e-01  -1.2551336e-01   3.9760433e-02   1.3351891e-01   4.1708465e-03
  -1.5024372e-01  -2.7809610e-01   3.0095865e-02   1.1824456e-01  -1.2202531e-01  -1.9126778e-01   2.6280939e-02  -5.8981149e-02  -3.3830358e-02   7.2588767e-02   2.5614037e-01   1.2247987e-01  -2.6144832e-01   1.8178094e-01   1.0513190e-01  -4.2161052e-02   5.1158575e-02   1.5369904e-01   1.8168388e-01   1.8707555e-01  -1.4398915e-01   7.7006978e-02   1.8636164e-01  -1.8622749e-03   3.2472021e-01   1.2888083e-01   1.0366109e-01   1.2750707e-02   1.9963485e-02   4.6679037e-02  -4.3679422e-02   2.8805460e-02   3.2889818e-01  -8.5542912e-02  -1.7981852e-01  -1.3091441e-01  -4.4146011e-02   1.5129754e-02  -5.9343877e-02   2.3877378e-01   6.2705187e-02  -1.2100223e-01   1.1976363e-01  -1.2376477e-01  -2.1757247e-01   1.9456644e-03   8.0499782e-02  -2.6695237e-02  -6.2763204e-02
  -1.7309007e-01   1.6133779e-01  -3.7585929e-02   1.6109669e-01  -9.3788222e-02   1.4979087e-01   7.3768098e-02  -1.2947020e-01  -1.1218267e-01  -9.6275020e-02   3.8810926e-02   7.7284701e-02  -7.2592838e-02   1.9663657e-01   4.1873391e-02  -9.7863536e-02  -7.1900000e-02   2.0970374e-01   1.6975906e-02   4.5420114e-02   2.5764739e-01   4.0972848e-02  -9.5081994e-02  -5.6823047e-02  -1.3857210e-01   1.1792295e-01  -2.7183007e-01  -1.5600708e-01   1.5014391e-01   2.8569540e-01  -1.2600333e-02   7.9705678e-02   1.4997283e-01  -5.3496307e-02  -3.2190397e-02  -6.4702573e-02  -2.7646326e-01   1.1033938e-02  -1.3233933e-01   7.5689678e-02  -6.3170861e-02   2.5573196e-01  -4.8337889e-03   1.4039082e-01   3.2351518e-01  -1.0623155e-01   1.2711580e-01  -7.0026915e-02   2.1968624e-01
  -1.4907973e-01   1.5251853e-01   4.1059900e-02   4.1437546e-03   2.8805801e-01   1.0041254e-01   2.3292672e-01  -1.6267423e-02   1.6137575e-01   2.6342055e-01  -3.3410999e-02  -2.0210742e-01  -1.5011224e-01  -1.2019610e-01  -1.3771085e-01   1.0269415e-01   2.0757817e-01  -7.6263180e-02  -1.4186606e-01   2.3205236e-01  -2.3345119e-01   1.4005283e-01  -5.3922281e-02   5.0604885e-02   3.7256981e-02   2.8172050e-02   2.9310567e-02  -1.2724658e-01   1.7263897e-01   1.0773261e-01  -4.4010409e-02   1.2859315e-01  -7.2989769e-02   3.1866621e-02  -7.4261526e-02  -7.7284631e-02  -9.9086491e-03  -2.7688098e-02   1.9120031e-01  -1.1259568e-01  -7.4537306e-02  -1.0939838e-01   1.7963397e-01  -4.2819611e-02   6.5123842e-02   8.6100107e-02   3.0205829e-01  -2.8915733e-01   1.1706102e-01
  -1.5500662e-01   1.2452619e-01   2.0207631e-01  -1.1190664e-01  -1.1441329e-01   1.4655091e-01  -2.2880501e-02   4.1310568e-02   1.7043111e-01   1.3490558e-01  -1.0153599e-01  -1.4740909e-02   1.1789769e-02   2.5019503e-02  -1.2570748e-01  -9.0575367e-02   3.0686381e-01  -1.3436017e-01   3.9931541e-02  -1.0246558e-01   7.4024450e-02  -2.4394381e-01  -4.9727529e-02   9.6452903e-02  -1.5496694e-01   2.3891928e-01   3.1296433e-03  -1.2976463e-01   1.8450977e-01  -6.7278650e-02   1.8499247e-01  -1.1169375e-01   2.3405432e-01  -1.2952392e-01   2.6147568e-02  -2.0413624e-01   1.6404899e-01  -5.0694880e-04  -9.1309658e-02   8.7983360e-02   2.4891174e-01  -9.6778167e-02   2.8398672e-01   5.9144215e-02   4.5385032e-02  -8.8125996e-02  -2.4806038e-01   1.1962060e-01  -7.3714553e-02
  -1.3723310e-01  -2.0504904e-01  -3.1319939e-02  -8.8450115e-02   2.8304195e-02  -5.0112456e-02   3.7714138e-02  -5.5802481e-02  -2.0312143e-01   9.3297491e-02  -1.4121540e-01  -1.0204707e-01  -1.1810666e-01  -7.4744492e-02   1.9095437e-01  -8.2490739e-02   3.9434857e-02  -1.1518367e-01   1.1754830e-01   1.2296936e-01   2.7547934e-01   9.9553974e-02   2.1040448e-02   2.2464117e-01  -1.6424657e-01  -1.9912293e-01  -7.0267261e-02   1.3823769e-01   7.9794442e-02   3.9581813e-02  -3.1888764e-02  -1.6613030e-01   1.6677152e-01  -2.2134739e-01   4.6816000e-01   1.5893484e-02   1.7248352e-01  -4.2542540e-02  -5.9261708e-02  -2.6106469e-02  -6.1555226e-03  -7.4749515e-02  -5.7997463e-02  -9.2696733e-02   8.2568992e-02   1.7672492e-01   2.5910692e-01  -4.3597161e-02  -1.2247016e-01
  -1.2318791e-01   1.2934482e-01   8.1490331e-02  -1.0161762e-01   9.9314098e-02   3.1310846e-03  -1.7965968e-01   1.2582277e-01   4.1509931e-02   3.5132599e-01   1.2331321e-01  -1.0093093e-01   1.3563039e-01   1.3173724e-01   2.2855075e-01  -2.1895481e-01  -6.0539555e-02  -2.7167306e-02   1.5881241e-02   6.4849432e-03  -6.2602345e-02   1.4432850e-02   2.0066274e-01  -3.5706170e-01  -5.2286272e-02   8.5968166e-02  -1.1525222e-01  -1.4869549e-01  -8.0670086e-02   9.7573713e-02  -8.0411194e-03  -2.4366191e-01  -2.0560282e-02  -1.9953113e-01   5.4131673e-02   2.3344535e-01  -2.3191207e-01   3.4908962e-02   1.2731113e-02  -1.1340771e-01  -1.8633837e-01  -1.8434050e-01  -2.1564413e-02  -1.5715734e-01   4.5439582e-03   1.0611275e-01  -1.9114240e-01  -4.1644242e-02   1.6484040e-03
  -1.4298989e-01  -1.2732128e-02   2.8019510e-02   1.6467350e-01  -2.1559991e-01  -1.9190698e-01   1.1920237e-01   2.0346574e-01   1.4851827e-01  -2.5391064e-02  -2.0701496e-01   2.6985954e-01   6.2051876e-02  -1.8746110e-01   1.1328293e-02   1.0538761e-02  -3.6440346e-02   1.2119146e-01  -9.0720435e-02   1.9776695e-01  -1.9596193e-01   7.4370477e-02   1.7886475e-02   2.4517658e-01  -7.5312758e-02   1.0742605e-02  -2.4703838e-01  -7.7038720e-02   7.1576387e-02   7.6949157e-02  -8.7452682e-02  -4.2808024e-02  -6.1569435e-02  -8.7577309e-02  -4.3875417e-02   3.8299519e-01  -5.7650463e-02   1.7144626e-02   9.8848444e-02  -1.0778761e-01   1.7553070e-01  -3.4734002e-02   7.8557331e-02  -1.7896697e-01   7.1688154e-02  -1.3749001e-01   2.3268187e-02   3.0032535e-01  -6.2338144e-02
  -1.4811519e-01   2.4324724e-01  -3.3828437e-03  -9.5392125e-02  -1.2614894e-01  -9.7878795e-02  -2.1092315e-03  -3.0767202e-01  -2.8227421e-02   6.8609043e-02   6.5273909e-02   2.8344565e-02   1.2515391e-01   1.8310014e-02   5.4001673e-03   7.2334346e-02  -1.4324095e-01  -1.4372140e-01  -1.5319481e-01   2.5300033e-01   2.3694889e-02   1.2332653e-01  -8.0770676e-02   6.6521364e-02   3.1918438e-01  -8.4118155e-02   6.2964547e-03  -4.1845140e-03   2.4330446e-01  -8.6680217e-02   1.4946980e-01  -4.6806454e-02   6.8511942e-02  -1.7392295e-02  -1.2760457e-01   3.1856834e-02   2.3894738e-01  -9.8017144e-02  -1.9647523e-01  -1.4271681e-01  -2.4561638e-01   1.6789484e-01  -2.3861514e-02  -1.4787271e-02   1.2174816e-02   2.5429005e-01  -1.9195330e-01   2.4064435e-01   7.2990900e-02
  -1.6044590e-01   3.8074771e-02   1.7837013e-01   5.2515756e-02   1.1579363e-01   2.4982177e-01  -6.1836000e-02   2.1296091e-02   1.8390110e-01   4.5538288e-03  -1.0451842e-01   1.0227981e-01  -1.7539690e-01  -3.5316412e-02   1.3009461e-01   1.7337585e-02  -2.9793385e-01   4.6463117e-02   1.0430502e-01   2.9889114e-01   1.6330955e-01  -1.8453676e-01  -1.4568060e-01  -7.0520187e-02   2.4940541e-02  -1.9418891e-01  -1.1025967e-01  -3.2686482e-02  -3.1349381e-01  -1.1867020e-01   1.7110106e-01  -2.0495855e-01   6.2802582e-02   1.5952487e-01  -1.7042754e-01   2.0666248e-02   1.7438113e-01  -3.2980678e-02   2.6875446e-01   1.9360688e-01   1.3062488e-01   1.7289917e-02  -2.9944928e-02  -2.6079648e-02   2.2197110e-03   9.0112939e-02   5.8461980e-03  -7.3987333e-02   8.8140552e-02
  -1.7516271e-01  -1.1910164e-01   3.6358695e-02   3.7800068e-02   1.4189543e-01  -2.5276167e-01   9.2006897e-02  -1.1546314e-01  -2.0581028e-01   2.1892466e-01   2.0551210e-02   7.2937814e-02   2.3792582e-02  -1.0805355e-01   6.5286801e-02  -8.2904141e-02  -1.7456091e-01  -1.8856693e-01   4.4379193e-03  -2.1091322e-01  -4.6950032e-02   3.6915978e-02  -4.8088545e-03   8.6600148e-03  -5.6274898e-02  -1.5363597e-01  -1.8229935e-02   4.3673243e-02  -7.9877324e-02   7.2109129e-02  -5.8406145e-02   2.0703561e-02   6.0267509e-02   2.6078617e-01  -1.5375478e-01   2.1538702e-01   1.1229268e-01  -1.2162645e-02  -2.5364833e-01  -6.9311064e-02   2.4548355e-01   2.3224566e-02   2.8754130e-01   1.7749011e-01   1.3117558e-01  -1.2810780e-01  -1.8847006e-01  -3.1055852e-01   6.6218005e-02
  -1.3072703e-01  -9.5584082e-02  -2.2586881e-03  -9.3566619e-02  -2.1209177e-01   1.4296522e-01  -1.0207999e-01  -4.2414530e-03  -8.7516834e-02  -1.9753345e-03  -1.2126438e-01   2.5256594e-02  -2.4291876e-01   1.4544201e-01   3.1119588e-01   1.5636509e-01   1.1416387e-01  -3.8438559e-02  -1.2706574e-01  -8.2540138e-02  -9.0922367e-02   1.0403699e-02  -1.3449689e-01  -2.7031428e-01  -5.2259111e-02   7.5662441e-02  -1.1825212e-01   1.3921823e-01  -8.3803496e-02  -5.2226957e-02  -3.7296615e-02   2.5808261e-01  -2.4899439e-01   7.2185422e-03  -1.1492326e-01   9.2591183e-03   1.1896646e-01  -2.2929492e-01  -2.3144576e-02   4.2497577e-03  -1.2300600e-01   3.5650979e-02   2.4868244e-01  -7.4081890e-02   1.9880033e-01   5.8526127e-02   5.1087658e-02   5.6341892e-02  -3.6473112e-01
  -1.2605888e-01  -4.0785560e-02   2.9176619e-01  -3.0129409e-02   1.7682441e-01  -1.5518123e-01   1.8848478e-01   1.1287423e-01   1.5626055e-02  -7.5640687e-02   2.5429575e-01  -1.3526120e-01  -1.5127440e-02  -6.9633846e-02   6.7541512e-02   1.4744017e-01  -4.1431420e-02  -1.9324943e-02   3.5421688e-01   2.9046019e-02   6.4692061e-02   2.5671214e-02  -1.4808393e-01   3.2069998e-02  -1.1206489e-01   2.3351913e-01  -7.7067116e-02  -3.1031518e-01  -3.3155438e-02  -1.3797536e-01  -1.2353553e-01   1.8663682e-01   4.6023200e-02   1.5507382e-01   9.3666384e-03   4.2501400e-02   1.8574238e-02   8.3422505e-02  -2.5613885e-02  -1.6577386e-01  -5.7113950e-02   9.2562800e-02  -2.0329398e-01   1.5660529e-01   1.2814250e-02   1.4311512e-01  -3.7137676e-02   1.4457771e-01  -3.0432922e-01
  -1.4147058e-01  -7.9470287e-02   1.2489691e-01   1.5480510e-02   2.1197443e-01   4.4564928e-02  -8.6642980e-02   2.5190066e-01  -1.2771673e-01  -1.7438966e-01  -1.4475779e-01   3.8109707e-03   3.4698948e-01  -1.3845476e-02   8.3811803e-02  -2.1293590e-01   1.1738419e-01   1.3970748e-02  -1.1364790e-01  -1.9698044e-03   2.2855338e-02   8.6533888e-02  -1.7826962e-01   6.8570139e-02   7.9178431e-02   1.5469413e-01  -1.9504084e-01   1.5874746e-01   1.5566506e-01  -3.3364685e-01  -1.8293624e-01   7.2717698e-02   1.1947330e-01   1.5357550e-01  -6.6930972e-02   1.2492194e-02   8.5733881e-04   2.8021525e-02  -7.7003412e-02   2.7342115e-01  -2.0504115e-01   3.9512381e-03   4.8993024e-02  -2.1060693e-01  -8.9425241e-02   3.5165776e-02   6.6609367e-03  -1.4096814e-01   1.3503250e-01
