  -1.4361708e-01  -4.9175017e-02   8.1746334e-03  -7.8169653e-02   1.9274804e-02   6.4892582e-02  -1.2133553e-01   4.4568114e-02  -1.8650139e-01  -6.2359151e-02   1.7970993e-01  -1.4301063e-03   2.4942782e-02  -2.2763489e-01  -2.7433196e-01   7.6683439e-03   2.7334480e-01   5.3686972e-03   5.7613202e-03   2.6295217e-02   2.1291340e-02  -2.7751600e-01  -4.1295537e-03  -3.9792664e-02   3.8802324e-01  -1.6007149e-01  -2.8919399e-01  -2.1136436e-01  -9.8182164e-02  -7.4217006e-02  -6.2773287e-02   5.9850931e-02   2.9975560e-02  -5.7649490e-02  -1.7453454e-01   1.8142183e-01  -9.6596369e-02  -1.2071345e-01   5.0056321e-02  -7.8293181e-02  -4.5040168e-02  -2.8570672e-02   5.9632411e-02  -5.0140374e-02  -1.1763414e-01   2.7268508e-02   6.7663670e-02  -3.0472460e-01   2.1906704e-01
  -1.4079969e-01   8.8334922e-02   8.4260487e-02   6.4363249e-02   1.1048459e-01  -5.4266764e-02  -1.0816412e-01   3.4589234e-01   1.4126395e-02   1.0315519e-02   1.3863800e-01  -8.5318981e-03   2.4380710e-01  -3.3402942e-01  -3.0552163e-02   7.3560887e-02   2.2899368e-01   2.3190246e-02   1.0768890e-01  -1.3104194e-01  -1.8919765e-02   1.3722625e-01  -1.0774510e-01   3.1328386e-01  -2.2821504e-01   3.6519628e-03   3.0415778e-02   5.1735613e-02  -1.6704160e-02  -2.4563751e-02   2.4818296e-01  -1.1065506e-01   4.1549764e-02  -5.8349445e-02  -1.7999572e-01  -1.3737465e-01  -1.3159643e-02  -1.0482368e-01  -7.0852060e-02  -2.1988977e-01  -3.8457987e-02   7.8843574e-02  -1.1700900e-01   2.7142870e-01   1.1512962e-01   8.6577689e-02  -1.1068844e-02   1.8340675e-01   7.7860684e-02
  -1.4237796e-01  -2.4573440e-02   7.0096736e-02   2.3315956e-01   2.0154610e-02  -2.1536369e-01  -1.2076023e-01   3.6629228e-02  -5.8766342e-02  -5.9186902e-02  -1.4216790e-01   7.7135049e-02   7.5218807e-02  -4.8756985e-02  -1.9158815e-02   2.2635870e-01   6.2007335e-02  -3.4474592e-01   1.4858977e-01  -1.3652598e-01  -2.1763513e-01  -1.6217478e-01  -2.4054992e-02  -4.1930999e-02  -3.2302230e-02   7.5327565e-02   8.7608098e-02   7.3530713e-02   7.3492472e-02   3.7791781e-02  -2.0840928e-01   3.1020297e-01   2.2110471e-01  -6.8662867e-02   1.7297783e-02  -1.0016059e-01  -1.4017710e-01   3.4815997e-01   1.2605945e-01   2.2786240e-01   1.6086318e-01   5.1348865e-02   3.5038220e-02   1.4808217e-01  -1.5779004e-01   4.1897879e-02   5.6354587e-02  -1.0245433e-04   6.7548668e-02
  -1.4683281e-01   1.9638631e-01   5.0675328e-03   1.6429989e-01  -2.2402924e-01  -1.5980560e-01  -1.6793946e-03  -1.6159452e-01   1.3750829e-01   6.4815906e-04   2.7184197e-01  -2.1630695e-01   1.7479556e-02   1.1341255e-01   1.5141306e-01   2.0150633e-01   1.2473928e-01  -5.9554064e-02  -1.7874926e-01   2.2701781e-01  -1.3367433e-01  -1.4162467e-01   6.9974178e-02   1.1368703e-01   1.2027075e-01   2.5125211e-02   1.8319580e-01   5.9280711e-02  -1.7969402e-01   5.7319262e-04  -1.7690494e-01  -3.2515063e-02  -6.9553378e-02  -4.9543486e-02  -9.8936588e-02  -2.9981925e-02  -1.0153989e-01  -2.2014233e-01  -2.1999256e-01   1.5498464e-01   3.5854935e-02  -1.9453868e-01   2.7988495e-02  -5.6873118e-02   2.4614821e-01   1.8252904e-01  -2.8648518e-02   1.3985883e-01   1.1381391e-01
  -1.5148811e-01   7.3949331e-02   9.5111726e-02  -6.8879229e-02  -3.0811685e-02  -6.9392564e-02   3.0105211e-01   1.0071022e-01   6.8252136e-02  -2.2768952e-01   4.4469873e-02   1.9301401e-01   1.8608303e-01   9.0053951e-02  -2.8958263e-02  -2.7938558e-01   3.0252862e-01  -1.6104021e-01   5.3176999e-02   1.7132432e-02   8.6635449e-03  -1.1202180e-01   1.0414228e-02   1.9879739e-01   8.9530119e-02   1.8240328e-01   1.9256779e-01   6.8475067e-02   6.6904852e-02   1.4902464e-01  -6.3348500e-02  -7.7641680e-02  -7.4119433e-03   1.6321901e-01   1.4653664e-01   4.8357204e-02   2.9707769e-01  -9.1583932e-02   2.0374703e-01  -3.5919226e-02   2.0192627e-01   3.7408641e-02   5.2971238e-02  -2.0506379e-01   2.4548684e-02  -2.1040837e-01  -9.3813014e-02  -4.2452466e-02   9.3873761e-02
  -1.3360092e-01   9.4030389e-02   2.3531387e-01   1.6843798e-01   3.1908883e-01  -4.8543888e-02   2.7896244e-02  -3.0634446e-01   1.3411649e-01  -1.5120944e-02  -8.7925691e-02  -1.0613559e-01  -2.9294498e-02   3.5506174e-04   2.9054075e-02  -1.5198773e-01   7.8724669e-03  -2.0335188e-01  -1.2722478e-01   1.2480154e-01  -6.5874427e-02   1.6675437e-01  -1.1933603e-01   6.3260938e-03   9.3023840e-03   1.7599941e-01  -1.5417463e-01  -6.5039993e-02  -5.7528456e-02  -1.9224142e-01  -2.0349598e-01  -2.5295578e-02  -1.9460458e-01  -2.8469011e-01   7.1793652e-02  -6.2672557e-02   9.6065342e-02   9.2734494e-02   1.1851369e-01  -3.9517415e-01  -6.9826697e-02   2.4404094e-02  -5.6597560e-02   8.2966887e-02   5.6139516e-02   8.0233114e-02   2.9310592e-02  -1.5893652e-01  -2.1548688e-02
  -1.4698877e-01   3.0877432e-02   4.9084827e-04  -4.3827602e-02  -8.4036001e-02   8.4588951e-02   1.8381594e-01  -7.0085636e-02   3.9933064e-01   7.3520993e-02   8.6669192e-02   1.2453173e-01  -9.5540781e-02  -1.5292900e-01   1.0207168e-01  -1.3671493e-01  -1.2401433e-01   3.4480478e-02  -7.1858450e-02  -5.2679369e-02   1.2505570e-01  -8.5701235e-02   1.6357913e-01  -2.2697329e-02  -6.4367150e-02   1.8314395e-01  -1.2058558e-01   2.5099712e-01  -1.4742194e-02  -4.0420836e-02  -5.8870405e-02   2.9451152e-01   2.6352763e-01   2.2874827e-01  -1.3974005e-01  -9.7880750e-02  -1.3956819e-01  -1.7021183e-01  -9.7850105e-02  -1.2021348e-01  -4.4820571e-02   7.2273446e-02   2.5565862e-02   1.6952224e-01  -3.0177868e-02  -9.2562683e-02   2.9781369e-01  -1.7954264e-01   2.5598211e-02
  -1.5227181e-01   7.9462892e-02  -1.6945596e-01  -5.1292845e-02  -2.0833940e-01  -1.0196182e-01   1.5759962e-01  -5.1858997e-02  -1.2050494e-02  -1.0276433e-02   4.2127346e-02   1.1695850e-02   4.9602952e-02   2.6581623e-01   3.1863861e-02   5.1089821e-02  -8.5404076e-02  -7.3465140e-02   1.6620646e-01  -1.3521849e-01   1.4229111e-01  -1.5277890e-02  -5.4086171e-02  -1.6674235e-01   4.8800856e-03   7.0899422e-02  -1.6734837e-01   5.2173686e-02  -7.2145495e-02  -1.3533666e-01   1.2364643e-01  -1.5958893e-01  -1.9941710e-02  -2.8755767e-01  -2.4185518e-01  -9.4470676e-02   1.1948478e-01  -1.2802206e-01   1.1387805e-01   1.9698899e-01   1.1732681e-01   3.4895994e-01  -4.0294463e-01   4.5069103e-02  -3.1934874e-02   9.1887483e-02  -4.7711719e-02  -1.4710535e-01   5.2865337e-02
  -1.4940702e-01  -1.6560299e-02  -3.1129638e-01   7.2880505e-02   1.7070799e-01  -1.8728852e-01  -1.1026802e-01  -2.0457133e-01  -1.1736340e-01  -1.5153905e-01   2.8857054e-02  -1.0557232e-01   1.5570076e-01   2.4873205e-02  -6.7463477e-02  -6.3115818e-02   2.8034115e-02   1.4053427e-01  -5.4717753e-02  -2.4680536e-01   3.3166480e-01  -1.1390077e-01   2.2054250e-01   1.6429725e-01   1.3463236e-01   1.0984806e-01   1.4913184e-01   1.3938553e-01   6.9149658e-02   1.5144137e-01   3.9334411e-02  -5.7299080e-02  -9.9825995e-02  -7.6020439e-02   1.3378304e-01   1.1364995e-02  -4.2210924e-02   1.8317364e-01  -3.6714539e-02   2.1451022e-02  -2.6715188e-01  -1.6061039e-01  -2.0138283e-01   4.5142483e-02   1.0511596e-02  -5.4924849e-02   2.5566018e-01  -3.2135608e-02  -8.4819286e-02
  -1.3573526e-01  -9.0367033e-02  -3.8055051e-03   1.8514918e-01   1.5710961e-01  -2.6044412e-01  -1.4925118e-01   5.0472468e-02   1.8933551e-01  -4.4799564e-02  -2.5788098e-02   2.2921510e-01  -2.8817791e-02  -3.9827029e-02   1.7952608e-01  -9.7928565e-02  -1.9998927e-02   1.2030057e-01   3.5243966e-01   6.6652007e-02   1.0744502e-01  -3.1535245e-03   1.2566706e-01  -4.0050889e-02   1.1998421e-01  -1.5422305e-01  -1.4676486e-01  -1.9680190e-01   2.6883371e-02  -6.8557476e-02  -8.5681275e-03   1.4822389e-01   8.4268092e-02  -1.6311728e-02   2.1045203e-01  -2.7617311e-02   2.5659259e-01  -1.2129574e-01  -2.7495844e-01   4.3018965e-02  -4.5730232e-02   1.4471142e-01   3.5274157e-02  -2.4143814e-01   5.2653361e-02   2.6036682e-01   2.7089608e-02   1.4207223e-01  -6.0064388e-02
  -1.3260770e-01   2.0917111e-01   2.1550870e-01   6.8661736e-02  -6.4621682e-03  -1.2683128e-01   1.2107982e-01   1.8833627e-01  -6.9754221e-02   1.0923869e-01  -1.3672252e-01  -2.2108240e-01   2.3504374e-02  -9.5863853e-02  -6.7537517e-02  -1.9796167e-01  -1.5523660e-01   3.4402498e-01  -1.6842423e-01   8.8522394e-02   1.9016709e-01  -5.3728078e-02   1.2557340e-02   1.6939146e-01  -1.5283328e-01  -2.4488739e-02  -6.3442754e-02  -2.5198450e-02   2.2415461e-02  -7.3464524e-02  -1.7293392e-01   1.1197176e-01   2.0466745e-01   3.9110411e-02   4.1730738e-02   1.3345524e-01   2.9325937e-02   7.1133945e-02   1.2219560e-01   2.0606151e-01   4.0434966e-02  -1.6635127e-01  -2.2929980e-01  -2.1700118e-02  -1.2545131e-01   2.0640250e-01  -2.8497651e-01  -1.0742406e-01   1.1617046e-02
  -1.4498145e-01  -2.3097281e-01   8.3589327e-02  -4.9308534e-02  -1.2633183e-01  -2.4122044e-01   2.9098762e-01  -7.9060229e-02  -1.0054504e-01   4.3791088e-02   5.3489104e-02   7.3341720e-02   9.2239749e-02  -5.2032368e-02   2.1098912e-02   1.5543200e-01  -1.0819422e-01   1.2920553e-01   3.0379529e-01  -1.7630861e-03  -6.2607993e-02   3.2883429e-01   4.4475291e-02   1.0469088e-01  -1.6694307e-02   1.2965305e-01  -2.4714288e-01  -1.2976349e-01   6.0454597e-02   1.5775231e-01  -1.6663856e-01  -2.6764738e-02  -2.6325848e-01   2.0552917e-01  -1.6087519e-01  -1.1625886e-01  -1.8524988e-01   9.1613930e-02   7.3363139e-02   4.3186480e-02  -1.6153976e-01  -1.7171614e-01   6.5104235e-02  -6.9184951e-02   9.7975869e-02  -3.4377361e-02  -5.6938994e-02  -8.7782376e-02   1.0050287e-01
  -1.1918073e-01   2.2107599e-01   8.0635856e-02  -1.0958035e-01  -4.2081615e-02   2.5487278e-03   2.9840194e-02  -2.1435577e-02  -5.4923365e-02  -1.7808230e-01  -1.9622443e-02   1.8447372e-01  -2.3063486e-01  -8.4408044e-02   2.0809195e-02   4.8076988e-02   8.5094853e-02  -5.9489545e-02  -2.0355441e-01  -1.6696410e-01  -3.1130497e-01   2.2876302e-01  -1.6358279e-02   5.1972657e-02  -3.6513259e-02  -2.2579526e-02  -2.2136122e-01  -1.3050378e-01  -1.3633509e-01   1.9002177e-01   2.1411502e-02  -2.5686109e-01   3.0320195e-01  -7.1518637e-03   1.9502504e-01   2.0785492e-02  -2.4248551e-02   6.8814198e-02  -2.2256207e-01   1.4625614e-01  -4.6870560e-02  -7.6019926e-02  -2.6188769e-01  -1.3028333e-01   3.3707933e-02  -6.5516476e-02   1.7912717e-01  -9.6735431e-02  -1.2108490e-01
  -1.2918146e-01   1.1540771e-01   1.2913302e-02   3.7433662e-01   1.3196742e-01   8.0094112e-02   2.1453324e-01  -1.7963129e-02  -1.2406946e-01  -1.6464464e-01  -4.9691741e-02   1.7417602e-01  -1.6771622e-01   1.4017824e-03  -2.1458223e-01  -9.2878348e-02  -7.6298465e-02   3.9835211e-02  -5.5808693e-02   1.2517949e-01   9.0501452e-02   1.3868408e-01  -1.4917339e-01  -4.3155335e-04   3.0776865e-01  -2.1654729e-02  -4.5281602e-02   2.8428293e-01  -6.3429004e-03  -1.9240319e-02   1.7418012e-01  -4.0210417e-02  -9.5694061e-02   4.9583024e-02  -7.5715589e-02  -7.2177966e-02  -1.5329767e-01   7.4767491e-02  -3.1769868e-01   1.3090148e-01   1.5949714e-02   1.0563205e-01   1.2182956e-01   1.1080929e-01  -1.4135891e-01  -1.0666559e-01  -2.3481483e-01   1.2548909e-01   6.7985669e-02
  -1.3970548e-01  -4.0386581e-03  -2.8027600e-01   9.3967358e-03  -1.8831973e-01   1.7188798e-01  -1.4680313e-01   2.7051977e-01   1.4066488e-01  -6.2185484e-02  -1.0057892e-01  -1.3737074e-01   1.1159331e-02   8.2398445e-02  -1.8114445e-02  -2.4442240e-01  -1.8607330e-01   9.5519599e-02   2.2136624e-01   4.9969738e-02  -2.3465304e-01   1.0870382e-01  -1.9601727e-01   8.7304043e-02   1.9130993e-01  -1.4634964e-01   1.6531150e-01   1.4316804e-01  -3.1381828e-02  -9.6317945e-02  -9.6332945e-02  -8.6946257e-02   4.4294657e-02  -9.6992956e-03   4.2169174e-02  -2.2871333e-01  -6.1493512e-02   2.0665832e-01  -1.4287600e-02  -1.5589999e-01   5.1514624e-02  -1.3327821e-01  -3.0403569e-02  -1.3074168e-01   1.1178989e-01   8.2094137e-02   1.0539409e-01  -2.6382954e-01   1.2575449e-01
  -1.2658504e-01  -3.0543479e-02  -2.4740476e-01   5.9454772e-02  -8.7981743e-02   2.5337514e-01  -2.3453517e-02   6.3485445e-05  -1.0187712e-01  -2.4697200e-02  -2.5586210e-01   2.1250209e-01  -1.3717879e-01  -1.7116423e-01  -1.3587983e-01  -2.2502290e-01   1.4184922e-01   1.9072100e-02  -6.4261443e-02   5.6908668e-02  -1.2799761e-01  -6.3525996e-02   1.0548544e-01  -6.2982247e-02  -2.0827869e-01   1.4343634e-01  -3.8075595e-03  -2.6564241e-02   1.2579503e-02   1.6807774e-01  -1.9863714e-01   4.8023725e-02  -2.8791223e-01  -7.9303566e-02  -9.7335285e-02  -1.4864046e-01  -7.5180854e-02  -2.3450209e-01   1.1791122e-01   4.5005255e-02  -1.4821461e-03  -5.5125829e-02  -1.1850340e-01  -7.6377375e-02  -1.3734828e-01   3.0478434e-01   7.4578087e-02   2.6368818e-01  -4.1002143e-02
  -1.3518844e-01   2.3563749e-01  -1.7438696e-01  -1.4218944e-02  -1.5970145e-01  -4.2876103e-02  -1.7565733e-01   4.8847708e-02   1.2619153e-01   1.7056443e-01   1.1171346e-01  -3.9326897e-02  -7.0903891e-02  -2.8398206e-01  -9.8148732e-02   6.9395565e-02  -1.3241726e-01  -1.2518528e-01  -7.1975921e-02  -1.0716110e-02   2.8416639e-02  -1.2082159e-01  -1.4337294e-01  -2.4104489e-02   6.2867247e-02   2.2799053e-01  -1.8937539e-01  -2.3600121e-02  -1.5280081e-01  -1.9397705e-01   9.3974165e-02  -6.5101370e-02  -2.3211447e-01   3.3321490e-01   1.9558406e-01   6.2186919e-03   1.5535700e-01   2.3938671e-01   2.0513826e-01   1.2153628e-01  -1.3064801e-01   1.3832412e-01   5.6661523e-02  -1.0228375e-01   5.7301516e-02  -5.3600006e-02  -2.6125385e-02   1.8660304e-01  -3.6965240e-02
  -1.3662852e-01   5.1728345e-02  -1.6649542e-01  -1.2744259e-01   3.8130463e-01  -1.1341973e-01   1.7174204e-01   2.3800641e-02   6.6778377e-02   1.5786287e-01  -1.3708301e-01  -9.1171387e-03   1.3739878e-01   1.2998123e-01   4.4896667e-02  -6.7111128e-02   7.6148300e-03   7.4389022e-03  -1.1387010e-01  -6.2961659e-02  -3.0274404e-01  -1.2609150e-01   1.4742169e-01  -1.9177594e-01  -1.2035785e-01  -1.3598392e-01  -2.8409765e-02   9.3795356e-02  -7.1037710e-02  -6.1887163e-02   1.0916688e-01  -2.0175383e-01   1.2338634e-01   2.6214491e-02  -2.9091611e-02  -8.4790606e-02   1.9048061e-02  -3.1972563e-02   8.5673191e-02   1.2004511e-01  -3.6068877e-01  -2.3947749e-02   2.3880020e-01  -2.7112959e-02  -5.5746187e-02   5.5075218e-02  -9.2985610e-02   3.1457081e-02   3.4256136e-01
  -1.5014027e-01  -8.5076668e-02   1.7540606e-01  -2.1429092e-01  -2.4069139e-01  -8.3088006e-02  -1.5692527e-01  -1.9954444e-01   1.3039161e-02  -1.1043444e-01   1.5770107e-02   7.8144356e-02   1.2174431e-01   1.7679071e-01  -1.4906606e-01  -1.9423287e-01   1.8484674e-03   1.2597906e-01  -4.6859640e-02  -1.0023081e-01  -7.7013235e-03  -9.4305853e-02  -2.6830380e-01   1.7524003e-02  -2.3628453e-01  -4.2917734e-02   4.4776543e-02  -6.4875689e-02   1.0768868e-01  -2.4979095e-01  -1.7810151e-01   2.3725763e-02  -2.6850966e-03  -3.8006238e-02   2.6975466e-02   8.8500037e-02  -1.8409863e-01   7.3573629e-02  -2.5305909e-01  -7.2979551e-02  -1.5899845e-01   1.6417101e-01  -3.6612721e-02  -9.2065197e-02  -9.9383572e-02  -1.8492232e-01   1.6218535e-02   2.9621918e-01   2.1718621e-01
  -1.3915841e-01   1.6670024e-01  -1.0263468e-01  -2.2264372e-01   2.0688496e-01  -3.6638281e-02  -3.9647097e-02  -1.9940998e-01  -8.5308654e-02  -6.6675363e-02  -2.0273456e-01  -1.6960869e-02   2.9928260e-02   8.9961221e-02   7.5757788e-02  -4.9133064e-02  -9.9743402e-02  -6.7739357e-02   3.0948258e-02  -4.9193492e-02   8.2195941e-02   3.4508375e-03  -2.1044802e-01   1.4444088e-01   1.6286493e-01  -3.1107766e-02   1.0165447e-02  -2.0326124e-01   1.1183333e-01  -1.1698117e-02   9.8412020e-02   7.0633709e-03   1.2061638e-01   2.4926976e-01   8.4459041e-02  -8.1563081e-04  -4.3434207e-01  -2.4499846e-01   1.9378929e-01   1.3073041e-02   2.1837794e-01   1.0487687e-01   7.8345368e-02   1.0210454e-01   2.4064715e-01   1.9157256e-01  -1.4159065e-02   8.0047401e-02  -9.5878348e-02
  -1.4250822e-01   6.4451467e-03  -2.0870643e-02   2.0570412e-01  -1.0886662e-01   1.0906827e-03  -6.9303030e-02  -9.4864519e-02  -1.5313137e-01  -3.5795433e-02   2.1133424e-02   2.7559303e-01  -8.2557282e-02  -1.9884322e-01   1.7183641e-01   1.2738590e-01  -1.1453600e-01  -1.4177240e-01  -6.9345150e-02  -1.9259999e-02   2.1096957e-01  -3.3185129e-02  -2.0468946e-01  -1.0552538e-01  -2.2007602e-01  -2.8470696e-01   3.3616189e-01  -2.3368251e-02  -1.8482290e-02   4.3821964e-02  -7.4140832e-02  -4.4406375e-02  -1.8715308e-02   8.7903184e-02   9.9345403e-02  -5.6877312e-02   1.6259656e-02  -2.0046450e-01   9.9530226e-02  -6.5486013e-02  -2.8535725e-01   1.5397288e-02  -3.1070714e-02  -2.4167388e-02   6.0592894e-02  -6.0895985e-02  -1.9564960e-01  -3.4557238e-01   6.3814739e-02
  -1.3687526e-01  -1.6350758e-01   6.4167305e-02  -5.6388789e-02  -2.9131529e-02  -3.5453096e-01  -3.9856215e-02   4.2527546e-02   1.3991808e-01   2.0438534e-01   9.5225236e-02   1.5693450e-01  -2.3208343e-01  -1.6081509e-01  -7.1481678e-02  -9.5146840e-03  -2.3251178e-01   1.2024793e-01  -5.2613260e-02  -4.3140164e-02  -2.2208638e-02  -8.3294976e-02  -6.5079349e-02  -1.9291615e-01   1.3675240e-01   9.2905799e-02   1.5020562e-01   1.1046896e-01   4.2903889e-02   2.5255991e-01   5.4104013e-02  -3.1014675e-01   6.2023098e-02  -2.2399325e-01   3.2028305e-02   2.0736322e-01  -1.1172858e-01  -1.4411929e-02   1.2485272e-01  -2.4596011e-01   2.4987733e-01  -8.3316024e-02   2.9172661e-02   9.4918436e-03  -7.5695283e-02   6.0520205e-02  -1.7014434e-02   1.2859216e-01   7.1324353e-02
  -1.3949458e-01  -6.6306083e-02   1.4684891e-01   3.6102062e-02   1.4513369e-01   9.9357110e-02   2.1134274e-01  -7.2818175e-02  -1.3128437e-01   3.9845423e-01   1.0562332e-01   2.0309790e-02   5.6518618e-02  -1.3402604e-01  -1.5237858e-01  -1.7591555e-01  -5.9613629e-02  -1.6290805e-01   9.2092183e-02   3.2277941e-02  -1.1202319e-02  -2.0350020e-01   9.4800441e-02  -8.5388590e-02  -2.5312756e-02  -3.1414403e-01   6.4989583e-02  -2.8932808e-02   6.6100236e-02  -1.2938833e-01  -6.9965087e-03  -5.9972512e-02  -3.2827208e-02  -1.1372015e-02  -4.4839846e-02  -1.7880668e-01  -4.7114813e-02   9.4629224e-02  -6.9527865e-02   1.0072578e-01   1.7417727e-01  -9.8578305e-02  -2.2661855e-01  -1.1771857e-01   3.0705327e-01  -2.2595634e-01   1.5013934e-01   1.1565714e-01  -1.8717600e-01
  -1.4384485e-01  -4.8814932e-02   4.7712842e-02  -3.1339457e-01  -3.3823757e-02   1.5218216e-01   1.2381872e-01  -2.4409801e-02   1.2311121e-03   1.3685541e-02   1.5716255e-01  -5.0001257e-02  -2.2121668e-01   5.2828559e-02  -2.1372510e-02   4.5779745e-02   1.6325661e-01   3.7406696e-02   3.9821289e-02   1.1820129e-01   1.2235201e-01  -3.1784255e-02  -1.5934300e-01  -1.4389562e-01   1.6123411e-01  -5.3717793e-02   6.0627267e-02  -7.8879984e-02   2.1662522e-01   1.7826547e-01  -1.4162567e-01   1.0269954e-02   1.0991356e-01   3.2993572e-02   1.2330547e-01  -2.3996356e-01   2.8522921e-01   1.8124047e-01  -2.6232355e-02   3.8766456e-02  -1.7640170e-01  -3.3808269e-02  -3.9583433e-02   4.5179096e-01   6.2859279e-02   2.0751829e-01  -4.9796285e-02   1.3597520e-01   5.4056206e-02
  -1.5431248e-01  -1.4756898e-01   1.7927318e-01  -9.7850437e-02   1.7917608e-01   2.3216519e-01  -2.1580735e-01   1.0243117e-01   1.2217505e-01  -8.3770298e-02   1.1685637e-01   1.4578999e-01  -6.7648367e-02   1.0276686e-01  -4.6707898e-02   1.0760193e-02   6.1621459e-02  -4.8297226e-02   1.1560245e-01  -3.9919567e-02   5.9613473e-02   9.0026987e-02   1.5308546e-01  -1.3967717e-01  -1.7188050e-01   1.5355032e-01   1.6970951e-02   1.7899989e-01   1.2575073e-02  -2.0513924e-01   5.7909859e-02  -7.3130250e-02  -2.3428214e-01   5.5925923e-02   2.1310100e-01   2.8263838e-01  -1.3261727e-01   6.4627009e-04  -5.3708218e-02   2.8378420e-01   1.2870878e-01  -1.8088636e-01  -7.0740113e-02   1.3320302e-01   1.9613527e-01   1.4185629e-01  -6.1780215e-02  -1.9412261e-01   1.6374580e-01
  -1.6301064e-01  -7.7402766e-02  -1.6453227e-01  -1.5479385e-01   2.5893341e-01   1.2068499e-01   3.4514116e-02   9.6878664e-02  -6.9918841e-03   4.3571114e-02   1.9006708e-01   6.6247981e-02   5.7802202e-02   6.3445770e-02  -9.4510405e-03   2.5645787e-01  -2.3634843e-01  -7.4172783e-02  -3.8128562e-02  -6.6344488e-02  -2.1253907e-01   8.3400048e-02  -7.2477462e-02   2.2631822e-01   1.2989995e-01  -1.2109330e-01   7.8875891e-03   2.4042445e-01   9.2322394e-02  -6.6400501e-02  -3.6077912e-01   1.0491395e-01  -4.3176884e-02   4.5551020e-02  -5.3864276e-02   2.8286021e-01   1.3989896e-01  -1.6812632e-01  -7.0713471e-03  -5.3732524e-02  -7.2718361e-02   7.3716083e-02  -1.6702141e-01  -3.9292878e-02  -1.7298141e-01  -1.1832236e-02  -9.2867260e-02   1.1078309e-01  -2.4588004e-01
  -1.3805866e-01   1.5484257e-01  -3.5292574e-01   8.1369575e-02  -2.9561241e-04   3.7351761e-02   2.1751970e-01   1.3148307e-01  -8.5748586e-02   1.9538890e-02   2.2383756e-01  -1.4513238e-01   1.4969689e-03   5.6538263e-02   1.4062603e-01  -1.6039337e-01  -1.0722550e-01  -1.9114461e-01   1.1764006e-01   7.0226760e-02   5.4827768e-03  -6.6927852e-02   3.0998534e-02  -4.3171534e-02  -2.9100770e-01  -3.9299900e-02  -9.8397818e-02  -2.9769331e-01  -2.1833221e-02   1.9865392e-01  -5.5092425e-03   7.2465351e-02  -1.0273097e-01  -5.7796579e-02   1.6411416e-01   3.0219870e-01  -1.0865647e-01   1.2382477e-01  -2.4306798e-01  -1.5901766e-01   1.3497255e-01   2.1856754e-02   8.3594732e-02   1.9082820e-01  -1.0513023e-01  -6.0614399e-02  -3.2800925e-02  -2.1119039e-02   7.9286983e-02
  -1.3982222e-01   1.7260711e-01   2.2288110e-01  -2.5832811e-01  -1.4503798e-01  -2.0890421e-01  -1.5607941e-01   1.4435735e-01  -1.2708213e-01  -1.7941263e-02  -2.4684190e-01  -9.5909670e-02  -4.1584746e-02   2.0395321e-02   3.6074866e-02  -1.6271309e-01  -8.8654478e-02  -1.0644357e-01  -5.6928847e-02  -2.4902379e-01  -7.3546281e-02  -9.7185133e-02   1.1684122e-01  -6.5541246e-02   5.1396211e-02  -1.6028338e-01  -8.1210806e-02   1.9824133e-01  -2.7892355e-02   1.9523424e-01   3.4372886e-03   1.5140370e-01  -3.4418268e-01  -2.4793245e-02  -1.2257215e-01  -4.3007838e-03   1.3731577e-01  -5.5824256e-02  -2.1109655e-01  -3.6678222e-02  -1.4948341e-02   5.1528237e-02   2.0382541e-01   1.3427832e-01   1.5384407e-01  -5.1426319e-03  -8.6138641e-02  -1.3164735e-01  -2.0407825e-01
  -1.4378899e-01  -5.0006877e-03   1.3871748e-01   4.5416320e-02   2.3299754e-01  -1.5039593e-01  -1.5050758e-01   2.6188340e-01  -8.9871627e-02  -1.5946985e-01   7.2575766e-02  -1.0671857e-01  -2.7432980e-01   2.8492579e-01   7.1855085e-02   1.1364107e-01  -1.1862277e-01   8.6222128e-02  -9.0410020e-02   1.8625469e-01  -1.1016164e-02  -1.1117745e-01  -7.9048947e-02  -2.3892025e-02  -9.7783244e-02  -2.5091690e-02  -2.7610644e-02  -1.1124277e-01   9.1898325e-03   4.7943287e-02   1.1294316e-01   8.7698391e-02  -1.9318458e-01   2.0238258e-01  -5.5635082e-02  -2.4679167e-01   4.8921173e-02  -1.4782480e-01   1.1960159e-01  -2.5619802e-02   8.7836244e-02  -7.8407222e-02  -1.7543721e-01  -2.2715070e-02  -1.8312587e-01  -2.4489953e-01   3.0651320e-01   3.9314944e-02   1.4032315e-01
  -1.5274300e-01   1.8074621e-01   1.0512505e-01   8.6105736e-02  -3.1097543e-02   5.4842562e-02   4.4014195e-02  -1.7712370e-01   4.9725276e-02  -1.3274112e-01  -8.8437611e-02  -9.8170352e-02   1.4563495e-01   3.0176841e-02  -3.6225573e-01   1.3713088e-01  -1.4667623e-01   4.7552995e-02   3.3389216e-01   5.8482718e-02  -8.3895543e-02  -1.0814500e-01  -1.2913856e-01  -1.5731099e-01  -1.6187572e-01   1.0254329e-01   1.2668088e-01  -7.2922383e-02   7.9236500e-03  -2.4689888e-02   1.0792741e-01  -1.7711589e-01   9.6985183e-02   1.1750586e-01  -1.1323735e-01   1.2534308e-01   2.1213715e-01  -1.5414036e-01  -8.3128202e-02  -7.0278674e-03  -4.8862442e-02  -2.4065465e-01   1.7646887e-01   7.2235554e-02  -1.5913405e-01   8.3744382e-02   1.8335949e-01  -7.0035679e-02  -2.8799300e-01
  -1.5695316e-01  -2.9667183e-02   1.0278672e-01   9.7089365e-02   1.4127435e-01   1.5653171e-01  -1.0619197e-01   2.6579347e-01   2.4985879e-03   3.8905501e-02   1.4009242e-01  -2.0912872e-01   8.7298731e-02   9.2943955e-02   1.2285667e-01  -7.1595254e-02   1.0972629e-01  -7.8183199e-02  -8.5411147e-02  -1.3619987e-01   2.8516905e-01   1.2747408e-01  -1.3586676e-01  -3.0399904e-01  -7.7324614e-03   1.8708068e-01   3.6577332e-03  -3.1867271e-02   3.2840536e-02   1.8064695e-01  -2.5049806e-01  -1.9108831e-01   1.3196700e-01   3.0332170e-02  -2.2084145e-01  -4.8213829e-02  -1.5030043e-01   5.0404792e-02  -3.9376390e-02   7.3265077e-02  -7.9546443e-02   1.3786614e-01   1.9908979e-01  -3.0228630e-01   3.1179145e-03   3.4108870e-02   2.4748895e-02   2.8627390e-02  -2.1168187e-01
  -1.3787931e-01   8.0848180e-02  -1.0010612e-01  -1.2115618e-01  -5.5496057e-02   3.9440259e-03   8.1302827e-02   1.9651550e-01   1.6645075e-01   1.4359813e-01  -1.7960022e-01   1.7920923e-01   1.0616099e-01   5.4475676e-02   4.5765047e-02   2.4262422e-01   1.0915514e-01   3.5078443e-02  -1.1566559e-01  -1.4613333e-01   1.8805437e-01   1.6641947e-02   4.7445074e-02  -3.2383783e-03   1.1229816e-01   4.8803327e-02   2.3310718e-02  -2.4024835e-01  -2.0997800e-02  -2.9601906e-01  -8.6571862e-02  -5.4989598e-02  -1.0227127e-01  -1.9095836e-01   1.7473379e-01  -2.6750415e-01  -8.7328254e-02  -8.4164507e-02  -1.2975314e-01  -3.2837949e-02   1.3528846e-01  -3.0185928e-01   1.3306392e-01   8.3584407e-02  -2.4774114e-01  -1.9971243e-01  -1.1799735e-01  -2.6752836e-02  -1.5573972e-01
  -1.2513420e-01  -1.9729283e-01   1.4227722e-01  -3.2155513e-02  -1.1773355e-02   2.5560129e-01  -5.8674640e-02  -9.6820855e-02   1.0817057e-01   8.2936307e-03   4.8503653e-02   6.3823540e-02   2.9249900e-01  -7.5474621e-02   3.1580847e-01  -1.1273157e-01  -2.2652980e-01  -4.3719792e-02  -9.1136277e-02   5.9257731e-02  -5.3996828e-02  -1.7183292e-01  -3.0767431e-01   1.7330734e-01   7.9046967e-02   6.7720167e-02  -1.4614736e-01  -3.8778939e-02  -7.2358585e-03   2.4316126e-01   3.1243194e-01   1.0749949e-01  -5.3049548e-02  -2.5964925e-01   4.9295287e-04  -3.1016614e-02   5.0182631e-02  -1.6185829e-03   2.1442266e-02   2.6129607e-01  -6.1231091e-02  -1.8934225e-01   4.3055040e-02  -3.1512883e-02  -1.1991379e-01  -1.2098633e-02   6.3506283e-05   3.0952758e-03  -1.7218080e-02
  -1.4437768e-01   2.5954863e-01  -1.1253112e-01  -9.0923770e-04   1.2231098e-02   4.6958112e-02  -5.4853855e-03  -1.0732123e-01   2.4668887e-01  -2.7114207e-02  -1.8044269e-02   1.1847868e-01  -2.4351662e-01   7.5377673e-02   3.8088423e-02   7.1143450e-02   1.7080420e-01   1.1206287e-02   4.2475129e-03  -1.2063894e-01   1.4641102e-01   1.6035673e-01  -6.7181713e-02   5.6283373e-02  -9.7719955e-02  -2.7262749e-01  -2.6211245e-02  -1.3156023e-02   2.0717843e-01  -6.9098315e-03   1.4524965e-01   1.9588449e-01  -2.8279552e-02  -1.2021500e-01  -3.8747856e-01   2.1400846e-01   9.4638479e-02   2.3486307e-01   1.9974928e-01  -5.1554039e-03   4.3258584e-02  -2.4892801e-01   1.0322480e-01  -1.9062609e-01   9.3709667e-02  -3.5939270e-02   2.2144822e-02   1.0885434e-01   5.8491569e-02
  -1.4243540e-01   6.5045783e-02   2.5485999e-01  -1.3042029e-01  -2.4969907e-02   1.9519807e-01   2.8662754e-01   1.4418358e-02   3.7542275e-03   2.6599076e-02  -1.2313839e-01  -7.0879002e-02   2.6426054e-02   1.4259641e-02   5.0552621e-02   2.6555331e-01   5.9977267e-02   7.8287697e-02   1.1793644e-01  -1.8724638e-02   1.3576846e-01  -1.0323287e-02   4.4697066e-02   1.0068697e-02   3.1628909e-02  -1.7660342e-01   1.6907471e-01   1.1832636e-01  -4.0930560e-01   9.6629204e-02   1.1334442e-01   1.0847378e-01  -1.4133481e-01  -2.9081001e-02   2.1491279e-01   6.9278208e-02  -1.5518286e-01   1.5791876e-01   6.2080746e-02  -1.5511997e-01  -3.6100678e-02   1.9773607e-01  -2.4891242e-02  -2.0148651e-01  -1.5758351e-01   2.1912153e-01   2.0452243e-01   9.3309563e-02   5.3992419e-02
  -1.4563189e-01  -1.8240613e-01  -2.1431991e-02   2.2308785e-01   3.9487082e-02   1.8295025e-01   8.0211660e-02  -6.2253232e-02  -1.0398357e-01  -1.0741489e-01   7.0895649e-02  -7.9416294e-02  -2.0063899e-01   7.1937615e-02   1.8255204e-02   1.9156216e-02  -2.8711840e-02   3.6811133e-01   3.3110660e-02  -4.4517262e-01  -1.5165349e-01  -1.4803543e-01  -3.8685023e-02   1.8612533e-02  -3.8400663e-02   1.0437543e-01  -1.1348073e-02  -1.1111118e-01  -3.1995022e-01  -5.0830347e-02  -6.3758167e-02   1.2339175e-01   8.9189258e-02  -7.8109741e-02   4.2108234e-02  -2.5347588e-02   1.3373371e-01  -5.0773381e-02   1.3815784e-01  -3.7529107e-02   9.2107313e-02   1.7927253e-02   1.5754434e-01   9.1867895e-02   2.8632467e-01  -1.5391949e-01  -1.5223493e-01   9.4816101e-02  -3.6829307e-02
  -1.2985324e-01  -2.1777043e-01  -2.7752872e-02   2.4442587e-01  -1.8179373e-01   9.9872481e-03   1.0424330e-01  -2.8480402e-02  -1.6068507e-01   1.8434913e-01  -2.9763101e-01  -1.9763413e-01   5.1342645e-02  -3.9826825e-02   2.7171900e-01   4.0072456e-02   1.9956548e-01  -1.5266931e-02  -1.2640552e-01  -1.4633764e-01  -2.0371716e-03   1.0135354e-01  -1.6693068e-01  -7.7338381e-02   8.7443030e-02  -7.3841292e-02  -1.3609532e-01   1.3267465e-01   2.1122850e-01  -1.4475237e-01   1.5382140e-02  -1.2723923e-01  -2.2110352e-02   2.1352071e-01   9.4071565e-02   2.4965476e-01   1.9093616e-01  -1.1937874e-01  -6.7129049e-02  -2.4797244e-02   1.2599848e-01  -7.3828708e-02  -1.5675365e-02   9.1855775e-02  -4.2587899e-02   3.5246949e-02   2.7777775e-01   6.0148160e-02   1.5342679e-01
  -1.5255745e-01  -2.9561262e-01  -1.0002568e-01  -1.7982254e-01   7.1884172e-02   6.4458248e-04  -1.0304565e-01  -2.2881051e-01   6.4512499e-02  -2.8640338e-01  -7.5765238e-02  -1.5769816e-01   7.0515610e-02  -2.0806490e-01   4.9189745e-02   3.3578854e-03  -8.2654170e-02  -1.5594324e-01  -1.1860668e-01   2.9619625e-02   1.3108725e-01   8.3941475e-02   1.6497760e-01  -4.8482445e-02  -8.2843220e-02  -1.3188613e-01   1.5490409e-02  -3.4144412e-02  -2.8373273e-01  -1.7786478e-02  -1.3586302e-04  -1.0396444e-01   7.9621069e-02   2.3988364e-01  -2.1504365e-01  -1.2045553e-01   1.6136449e-01   1.5403307e-01  -1.2146777e-01  -7.2224171e-02   3.2287843e-01  -7.9030983e-02  -6.6899286e-02  -2.5438722e-02  -1.5130424e-01   2.7144696e-02  -2.2491275e-01   8.0425299e-02   5.9205072e-02
  -1.4811197e-01  -6.5638279e-02  -8.0082317e-02   6.9558691e-02  -8.8821634e-02  -9.7254421e-02  -9.4786927e-02  -1.1169535e-01  -3.0236047e-03   1.5614086e-01   2.8704483e-01   1.1113942e-02   2.4704412e-01   1.5804719e-01  -3.5149711e-01  -5.1520418e-02   6.8090617e-02   7.9153716e-02  -2.7851607e-01  -1.5978029e-02  -4.7420119e-02   3.8196113e-01  -1.8595451e-02  -1.1689600e-01  -9.9890540e-02  -1.8996683e-01  -5.5137932e-02   5.6744731e-02  -2.9552309e-02   1.2955151e-01   1.3385103e-01   2.6001380e-01   1.1127444e-02   1.5875063e-02   2.4151753e-01  -1.5515114e-01   6.5853475e-02  -9.4079411e-02   1.1848566e-01   2.7852263e-02   1.7821945e-01   5.7790043e-02   1.4436051e-01  -6.7067194e-03  -5.5941563e-02   1.1029097e-01   5.4792782e-02  -9.2323567e-02  -6.7814195e-02
  -1.6722533e-01  -1.5274301e-01  -1.5919718e-01  -4.2736621e-02  -2.5571569e-02  -1.0880956e-01  -2.3225249e-02   8.8450761e-02   5.7240895e-02  -1.2796910e-01  -2.0607164e-01   7.6357014e-02   9.6344877e-02   8.4583767e-04   3.7348021e-02   1.0205320e-01   1.9723273e-01   1.9796344e-01  -3.6367905e-02   5.0786461e-01   4.1478620e-02  -7.8507753e-02  -8.1104507e-02  -5.2694162e-02  -1.5075320e-01  -1.1323878e-01  -1.9002797e-01   1.8613389e-01  -1.5464261e-01   3.3112460e-02  -8.1984786e-02  -7.7503636e-02   6.4087842e-02  -1.2071764e-01   1.8222468e-02   1.4087138e-01  -7.8364937e-02   8.7887640e-02   1.2746398e-01   5.1157663e-02  -1.6424287e-02   1.1422270e-01   7.1911012e-02   1.5115803e-01   2.3398335e-01  -2.4094694e-01   4.9308209e-02  -7.8421316e-03  -2.9119607e-01
  -1.4051175e-01  -1.2856661e-01  -1.0053373e-02  -4.7683541e-02  -2.1350158e-02  -1.7873026e-02   9.4376001e-03   1.4765951e-01  -1.1036443e-02   1.0999049e-01  -2.1348145e-01   1.3820340e-03  -3.2106487e-02  -2.7890481e-02  -1.6167099e-01  -6.9899443e-02  -1.6945345e-01  -1.4405636e-01  -1.1876863e-01   1.2099945e-01   5.6023033e-02   3.1878822e-01   9.3722460e-02   8.3125989e-02   1.5069740e-01   1.4302514e-01   3.5701945e-01  -3.3437748e-01  -1.8957033e-01  -2.7723914e-02   2.1266591e-02   1.3795450e-01   6.8496221e-02  -1.2375065e-01  -1.5632776e-01   2.1814234e-01   1.3765494e-01  -6.2921155e-02  -2.1279417e-02   2.0932416e-01  -1.4364178e-01   1.2677456e-01   3.8629978e-02   1.1909058e-01   1.3911233e-01  -1.3154996e-01   2.0101162e-01   4.0397755e-02   1.4309314e-01
  -1.4012479e-01   1.3366621e-01   7.8303766e-02   4.1218255e-02  -5.9812773e-02   2.2140688e-02  -2.4411254e-01  -1.5788155e-01  -1.6916271e-02   2.1067763e-01   7.1365475e-02  -6.8523329e-03   1.0505795e-02   5.9783764e-02   2.7632056e-01  -2.4720959e-01   2.3743794e-01   1.1672774e-01   2.5074843e-01   5.5242284e-02  -1.8828840e-01   1.7630862e-01   1.4194260e-01  -1.4444579e-01   1.8180382e-01  -1.2403297e-02   1.5540825e-01  -2.9417381e-02  -1.6507995e-01   9.0705404e-03   7.2657757e-02   2.9204325e-02   2.0835333e-02   1.4592814e-01  -6.4354707e-02   9.6271583e-02  -1.0554837e-01  -9.9099219e-03   1.5189253e-01  -7.9008692e-03  -1.0019609e-01  -3.1764751e-02  -1.8989944e-01   1.7842356e-01  -2.8874682e-01  -2.1601328e-01  -1.7414403e-01   6.0668461e-02  -1.6569343e-01
  -1.5474015e-01   2.1151681e-01  -1.2228177e-02   6.9148463e-04   4.9482245e-02   2.0602091e-01  -1.1319627e-01  -6.3257283e-02  -9.6324048e-02   5.9827041e-02  -1.2988742e-01   1.1902434e-01   2.7684852e-01  -3.7747570e-02   5.2928113e-02   2.7628837e-01  -8.1929424e-02   2.8695074e-01  -1.3454200e-01   1.2270430e-01  -1.3520171e-01  -4.5099205e-02   1.5221829e-01  -2.3226172e-01   7.2727495e-02   2.2322752e-01   6.1871178e-02  -9.7689211e-02   2.7152850e-01   1.3614278e-01   6.0770238e-02   1.1387757e-01  -2.5246823e-03   5.0376823e-02  -6.0366735e-02   5.6287739e-03   9.1986954e-02   1.3066777e-01  -1.5824898e-01  -2.0559419e-01   1.3777333e-01   1.6113334e-01  -1.5095443e-01  -1.1834079e-01   1.9287388e-01  -7.4681355e-02  -1.1140565e-01  -8.1844292e-02   1.6914272e-01
  -1.5683512e-01  -6.9857212e-02   6.8115562e-02   8.2146630e-02  -1.8526074e-01   1.1705171e-01  -9.0989943e-03   8.1799019e-02   1.2857310e-01  -1.8970290e-01  -1.0521575e-01  -3.2660946e-01  -3.2309826e-02  -2.0196953e-02  -1.5471392e-01   9.4117366e-02  -9.6995285e-02  -2.5078711e-01   8.4302742e-02   1.5969906e-02   2.6769290e-02   6.3188300e-02   2.5474533e-01  -1.1180403e-01   6.4368257e-02  -5.2040794e-02  -1.7234413e-01   5.0159266e-02   2.1863448e-01   6.9070803e-02   1.3253046e-01   7.6464725e-02   1.5932633e-01  -1.3482909e-01   2.2638250e-01  -1.2402233e-02  -1.2412173e-01  -2.2804326e-01   1.5460905e-01  -1.3217600e-01  -2.1185292e-01  -8.6443277e-02  -1.1892109e-01  -9.5163710e-02   7.8079609e-02  -1.9527386e-01  -2.2759194e-01   2.1355093e-01   4.5541408e-02
  -1.3210321e-01   9.3315625e-02   1.2439446e-01   1.0268108e-01  -1.2027009e-01   2.2787694e-01  -2.5546392e-01  -1.0330831e-01  -1.3105768e-01   1.6949122e-01   1.9699198e-03   1.2511797e-01  -4.2208706e-02   1.9036951e-01   1.0800217e-02   4.2896726e-02  -1.6335461e-01  -2.7169891e-02   5.1741982e-02   7.1346853e-02   1.3547750e-01  -1.7955074e-02   3.4508274e-01   3.9377482e-01  -5.5610840e-02  -1.0404255e-01  -1.6343466e-01   2.2006993e-02   4.3754336e-02   7.1711564e-02  -1.4454419e-01  -3.5076408e-01   1.0952939e-01  -3.9764554e-02   3.3484001e-03  -6.9553897e-02   8.9515726e-02   4.0994458e-02   1.1413150e-01  -1.7099012e-02   7.6150536e-02   1.4340764e-01   2.7162516e-01   1.0448368e-01  -8.6624501e-02  -1.8427988e-02   8.7405532e-02   3.0230178e-02   1.2227938e-01
  -1.5609905e-01  -2.0712178e-01  -9.3072933e-02  -7.8112578e-02  -3.6237699e-03  -4.3584913e-02  -7.1493734e-02  -2.9901037e-02  -2.0775017e-01   3.4658724e-01  -1.0099838e-01   1.5995835e-02  -2.3928349e-01   2.5626238e-01  -9.5044443e-02   5.4606693e-02   1.7820039e-01  -1.7533968e-01   5.0284978e-02   1.1086337e-01   4.7941371e-02  -1.0720603e-01  -9.5249797e-02   2.1610586e-01  -1.1018629e-01   2.9322967e-01  -2.9528681e-02   1.0490912e-01  -8.8538700e-02   3.8501978e-03   2.4350825e-01   1.4026034e-01   1.9119991e-01   5.6007370e-02  -3.0152009e-02  -2.0502451e-02   2.2497625e-02   3.1672758e-02  -1.9887486e-01  -2.0376520e-01  -8.8569596e-02  -1.0213532e-01  -3.3296165e-02  -2.0942480e-01   1.7863370e-02   8.7571136e-02  -2.0118060e-01  -1.2254793e-01  -8.5626978e-02
  -1.4196137e-01  -2.4086961e-01   3.1308069e-02   1.1500099e-01  -3.7835244e-02   9.5815412e-03   8.1516257e-02  -2.3233641e-02   3.3603155e-01  -6.3517488e-03  -1.4698631e-02  -1.7577898e-01  -1.6970853e-01  -1.6868369e-02  -5.9066415e-02   4.3356435e-02   1.3739720e-01   8.4546508e-02  -1.4728939e-01  -4.0276878e-02  -2.0602121e-01  -1.3800423e-01   1.1758645e-01   2.0687761e-01  -3.0649531e-02  -9.3000213e-02   1.5890214e-01  -2.3492780e-01   2.9420430e-01  -2.6820946e-03   1.6467526e-01  -1.4043481e-01  -1.7567388e-01   7.9251654e-02  -4.3626133e-02   3.8235103e-03  -1.1095685e-01   9.9824579e-02  -3.2803393e-02   9.6635234e-02  -3.6333429e-02   3.5138453e-01   3.6432603e-03   1.1579831e-03  -1.1923708e-01   7.0002107e-02  -9.0665062e-02  -2.4158399e-01  -2.1735235e-01
  -1.3471305e-01   8.3403929e-02  -6.7566111e-02  -2.5229880e-01   7.0004972e-02  -2.8078947e-02   1.1865682e-02  -1.4642895e-01  -2.5883761e-01  -4.0893168e-02   1.1545576e-01  -2.6087136e-01  -2.0670494e-01  -3.5736430e-01   1.4729212e-01   1.2271212e-02   4.5515292e-02   1.1710471e-01   1.5141464e-01   1.1200586e-01  -4.5119890e-02   1.5040081e-01   2.2461592e-02   3.5763129e-02  -1.0640510e-01   1.2846903e-01   1.3086363e-01   1.6816529e-01   1.9374739e-01  -1.7984319e-01   3.4690577e-02   5.1675688e-02   2.2197252e-02  -2.7176779e-01   1.0945041e-01  -1.0882817e-01   3.9748388e-02  -1.0988588e-01  -2.5308532e-02   1.8096566e-01   1.1639074e-01   1.1825359e-01   2.4912224e-01  -1.7981124e-01  -1.2232282e-01  -1.3549932e-01   6.3767165e-02  -8.4004202e-02   2.8267035e-02
  -1.2481057e-01  -7.1232760e-02   6.5357715e-02  -1.1139614e-03  -1.8844249e-01  -3.6922945e-02   1.3605746e-01   1.5287040e-01  -3.1507948e-01  -2.6249538e-01   2.1378044e-01   1.9316054e-01   4.3975673e-02   6.5207040e-02   1.9146267e-01  -8.9369987e-02  -1.2324529e-01  -4.7168833e-02  -2.0379376e-01   7.8658463e-02  -9.1827696e-02  -1.2389813e-02   2.2373089e-01  -8.4696553e-02   4.9631448e-02   5.1030507e-02   5.9269744e-02  -3.4224366e-02   1.0403008e-01  -3.7954637e-01   2.0455049e-01   1.2941538e-02   8.5235215e-02  -1.9286485e-03  -8.2933816e-02   2.3401790e-02  -3.7335181e-02   1.7223802e-01   1.4291377e-01  -1.6894765e-01  -1.0251640e-01  -7.9977713e-02   1.0688892e-01   8.3508115e-03   1.6717511e-02   2.5395274e-01   7.6073996e-02   8.7188158e-02  -2.3543235e-01
