  -1.5869955e-01   1.1803440e-01   4.8556227e-02   1.8958540e-01   1.9089106e-01  -8.8684797e-02  -2.9102407e-01   1.5011492e-02  -4.4606600e-02   1.6770713e-01   1.6735752e-02  -4.2954482e-02  -7.2667797e-02  -3.4809716e-02   1.6602630e-01   4.8024852e-02  -1.0602621e-01  -1.7350689e-01   2.2691489e-01   4.4771256e-02  -7.2922764e-02   6.3994397e-02   1.4136979e-01  -2.9653668e-01   1.3376872e-01  -1.5741436e-01  -1.7176886e-01  -5.1507125e-02   1.9230821e-02   4.8392866e-02  -1.6371262e-02  -5.7978472e-03   7.5215643e-02   7.5472228e-02   1.7653367e-01   3.9882601e-02  -1.1867348e-01   1.3660218e-04  -3.0822764e-01  -2.4797177e-01  -8.8310655e-02   6.8779827e-02  -7.6023308e-02  -1.7299730e-01   1.0955559e-01   6.6396831e-02  -3.0887363e-01   2.8208214e-02   2.4331671e-01
  -1.5663351e-01   1.1087706e-02  -5.7437443e-02  -1.2702744e-01  -3.1807487e-01  -1.0133142e-01  -1.7951348e-02  -1.5113418e-01   6.2267091e-02   2.6345119e-02   2.4242254e-01   2.8461168e-02  -2.0696691e-01  -1.2534271e-01   1.7555917e-01  -8.8436559e-03   8.8060336e-02  -3.2020025e-03   2.8331835e-01   1.5320982e-01  -1.7804092e-01  -3.2289896e-02  -2.9586826e-02   2.6674556e-01   2.2892023e-02   1.2965951e-01   1.5196076e-01  -3.0758898e-01  -2.9316056e-02   4.3966732e-02  -1.1488565e-01  -8.8689957e-02   9.1207946e-02   1.5517054e-01   4.1485383e-02  -7.0573852e-02   8.9287561e-03   7.5504236e-04  -1.2268195e-01   3.3494975e-02   2.6937906e-01   2.7369940e-02   2.5779291e-01  -2.2947326e-01  -5.9924854e-02  -5.5908005e-02  -9.2394025e-02  -9.5304542e-02  -1.4289497e-01
  -1.3543249e-01  -6.0378298e-02  -4.1693675e-02   2.3317073e-01  -1.8902432e-01  -2.0873666e-01  -2.8702095e-01   2.6454561e-02  -7.3135962e-02   1.6846863e-01  -3.3830412e-01   1.5808298e-02   1.3322694e-01   1.5271191e-01   4.4974150e-02   1.3089462e-01   6.8053865e-02   2.2099983e-01   9.4126724e-02   4.1963606e-02   4.0160349e-01  -1.4938425e-02   1.6264477e-02  -4.5636318e-02  -1.8598354e-02   7.3572406e-03   2.9744269e-02   2.5984377e-02   1.2207602e-02  -7.7711254e-02  -6.1286693e-02  -1.7932144e-01  -1.2261069e-01  -1.0839797e-01   7.1823713e-02   1.3406192e-01  -1.4019201e-01   1.2861476e-01   1.4237141e-01  -3.4663627e-02   1.6496357e-01  -5.7902277e-02   2.0075458e-01   5.2344408e-02  -1.0479663e-01  -2.5579179e-01  -4.2193103e-02  -1.1581073e-01  -7.7873673e-02
  -1.3715373e-01   6.8396883e-02  -1.5554412e-01  -3.1599171e-02   1.3778062e-01  -2.1119168e-01   1.0225860e-01  -2.2932449e-01  -1.0771352e-01  -2.2293321e-02  -1.6944887e-01   1.0760776e-01   1.1673220e-01  -6.9731146e-03  -1.4656517e-01   2.4210032e-03   1.0751097e-01   2.9812206e-03  -4.8525140e-03   1.7745722e-01  -1.6448480e-01   1.1892680e-01   2.5047857e-01   3.4465890e-01   2.0981321e-01  -1.1197857e-01  -1.6143020e-01   7.9531670e-02   6.8780662e-02  -1.5078383e-01   6.8182870e-02  -2.3900169e-02  -5.2554454e-02   2.0496102e-01  -6.8349062e-03   2.2997835e-02   4.3321301e-02  -6.9367793e-02   2.9449811e-01   2.0576453e-01   8.2123464e-02   3.7839728e-02  -7.5138062e-02  -3.2033687e-02  -3.9432744e-02  -6.6351720e-02  -2.0222323e-01   1.3817938e-01   2.9629911e-01
  -1.2698330e-01  -1.3561531e-01  -9.1332392e-02  -7.6803390e-02  -6.3512219e-02  -2.7434413e-02  -2.8111038e-04  -3.5784062e-02  -1.0894748e-01   1.1272769e-01   7.1647785e-02  -7.2568875e-02   6.9902897e-02   2.5032983e-01   1.1782160e-01   2.8382478e-01   5.8041846e-02   9.3431157e-02   3.4117897e-01  -8.5821543e-02  -1.6149224e-01  -3.7052900e-02  -2.6036195e-01  -1.4708879e-01   1.6723510e-01  -2.0075835e-01   2.4542769e-01   4.9043274e-02   1.4910405e-01   1.1611139e-02   5.3647747e-02   2.0899881e-01  -9.9392361e-02  -2.2711923e-03  -2.2324373e-01  -1.3563366e-01   2.7872729e-01  -8.2143822e-02   1.0628489e-01  -1.5050349e-02  -1.3432994e-01   1.6641136e-01  -3.8158406e-02   2.0784872e-01   5.4230784e-02  -7.8236715e-02  -9.6259670e-02   1.0605617e-01  -3.9775259e-02
  -1.4739928e-01  -4.4290762e-02   3.0965923e-01  -7.8195526e-02  -2.1076114e-01   6.8447612e-02  -9.8028690e-02   1.2999003e-01  -1.9316743e-01  -1.2144010e-01   2.4567492e-02   1.3975495e-01   4.4157203e-02   4.8108703e-02   8.6292437e-02   7.1209772e-02   3.8052620e-02   1.6435410e-01   9.4099093e-02  -2.1532787e-01  -6.5157472e-02  -1.3258059e-01   4.9060401e-02   2.6864978e-01  -3.7427676e-02  -1.8094858e-01  -9.9163987e-02   6.7340153e-02  -2.4540191e-01   6.8974311e-02  -9.0088410e-02   1.4627833e-02   1.7729012e-01  -1.2217408e-01   9.8984099e-02  -7.3890762e-02  -2.0707312e-01  -2.7096171e-01   1.3183485e-01  -8.1364159e-02  -8.1742843e-03  -1.7494326e-01   9.7386412e-02   1.3463722e-01   2.5867633e-01   1.7420983e-01   3.6099152e-02   7.6851065e-02   2.0770770e-01
  -1.6624307e-01   2.3196426e-01   6.3314603e-02   8.2081259e-02   1.1873818e-01   1.6752277e-01   1.6946329e-01   6.7347228e-03  -5.0948274e-02  -1.5023115e-01   7.9112496e-02   9.8861172e-02   1.8052679e-01   3.4591185e-02  -5.4154489e-02  -3.5285343e-02  -1.6148735e-02   3.9527887e-02   1.0520248e-01  -1.2126101e-01  -1.6945144e-01  -2.0768489e-02  -6.8792833e-02  -2.9967251e-01  -6.3075407e-03  -2.5231704e-01  -2.4905441e-01   5.4216433e-02  -1.3902488e-02  -2.5644810e-01  -9.2600285e-02  -1.0064326e-01  -3.0964457e-02   2.0378604e-01  -1.3318511e-01   1.6778555e-01   5.2717611e-02  -5.3399046e-02  -1.3135830e-03  -2.3348200e-02   2.1079630e-01  -5.3071000e-02   3.8887135e-01  -1.4822721e-02  -2.1525145e-01   8.2198936e-02   1.2567823e-01  -6.1855462e-02  -1.6478345e-01
  -1.4291339e-01   1.2971057e-01  -2.4515273e-01   4.9192188e-02   1.2660854e-01  -1.3382866e-01   5.5337372e-02   5.7383103e-02  -1.9460243e-01  -1.0370490e-01   1.6426726e-01   1.8033716e-01   9.1582101e-02  -2.9072055e-02   1.6454965e-01   4.6782267e-02   2.4716814e-01  -3.3494021e-01   8.8260252e-02  -2.5438831e-01   4.8038316e-02   1.4851689e-01  -1.2451836e-01   2.8481644e-02  -2.4063821e-01   2.0984469e-01   6.3762353e-02   9.7180279e-03  -1.5273194e-01   1.3972515e-01   3.6836061e-02  -4.5466068e-02  -2.3735464e-02   4.5358488e-02  -2.0534226e-01   2.7465155e-01  -1.9476575e-01   1.2464888e-01  -4.6098522e-02   1.4130025e-01  -5.6705521e-02  -2.6797493e-03  -1.8587202e-02   1.3755167e-01   1.6146684e-01  -1.4478214e-01   1.8846449e-02   1.7683524e-02   9.2195490e-02
  -1.2629324e-01  -8.1083276e-02   2.8578355e-01   1.4317221e-01  -4.5053075e-02   8.3052535e-02   1.0945484e-01  -1.3267533e-01   2.5250950e-01  -1.0199880e-01  -1.4855812e-01   1.4065505e-01  -1.0044861e-01  -5.1273473e-03  -2.2001412e-02   2.8478453e-01  -3.7089571e-02  -2.4416770e-01  -1.1783738e-01  -2.3541680e-01   2.3172914e-01  -4.1020332e-03   3.2923983e-02   1.5964031e-01   1.6816947e-02  -2.7009286e-01   1.6892170e-01  -5.3799682e-02   1.2588740e-01  -7.4164444e-02   9.5363186e-02   6.2038004e-02  -1.0308129e-01  -9.3922521e-02  -1.6039010e-01   3.6092551e-02   2.0099272e-03   1.3048994e-01  -1.8393684e-01   2.2822761e-01   3.5672140e-02   1.0618524e-01   1.2027955e-01  -2.5046531e-01   8.6989962e-02   1.2257792e-01  -9.7101970e-02   8.7351823e-02   2.6642118e-02
  -1.4033028e-01  -9.6591137e-02  -8.5714029e-02   1.0448922e-01   3.0217432e-01  -1.8286895e-01  -6.3481302e-02   5.3872090e-02  -1.8608392e-01   1.2352562e-01  -1.6019253e-01   2.6292992e-02  -3.0686822e-01   1.3465540e-02   1.1668740e-01   1.0412059e-02  -6.8788720e-02   3.6828633e-02  -1.8765266e-01   1.0258017e-01  -4.7797169e-02   7.0296291e-02  -2.5899433e-01   2.2083094e-01   8.9199696e-02  -1.2478701e-02  -1.5649041e-01  -2.7100538e-01   1.6672799e-01  -6.8796556e-02  -5.5721738e-02   1.8344390e-01  -3.9962430e-02  -7.7479299e-02  -3.5536457e-02   1.3445396e-01   4.7959637e-02  -8.7674935e-02  -1.0713356e-01   2.5607493e-02   7.9703818e-02  -1.0045891e-01   8.1284181e-02   2.2047454e-01   1.0339295e-01   2.9649889e-01   1.9541281e-01  -1.1662845e-01  -1.2400599e-01
  -1.2692009e-01  -1.6614751e-01  -4.8533165e-02   6.2873186e-02   8.1981957e-02   1.5395405e-01   9.7651563e-02   2.6529719e-02   4.8532202e-02  -1.7297456e-01  -5.5849552e-02   1.8854283e-01  -4.2466578e-02   3.0927798e-01   2.1288554e-01   2.9686303e-01   4.3190097e-02  -7.3728923e-02  -1.0497578e-01   4.0736269e-01   4.3833316e-02  -5.8086747e-02   2.3920971e-01  -6.5810953e-02  -1.2431998e-01   1.5457325e-01  -1.3064522e-01   2.9545544e-02  -1.5430726e-01   1.1865995e-01   1.0711602e-02  -1.9862499e-01   5.3476284e-02   1.0602111e-01  -1.8555347e-01  -1.8864297e-01   5.8794519e-02  -6.3269524e-02  -2.3210530e-02  -5.6571730e-02  -6.5356428e-02  -1.0160268e-01  -3.7992662e-02   8.9768442e-02  -1.4984668e-02   1.3862293e-01  -1.8136636e-01   4.1459822e-03  -2.2325758e-01
  -1.4639401e-01  -2.1020328e-01  -1.6398394e-01   1.2937064e-01  -8.8426943e-02   7.0522784e-02   9.7669882e-02   1.8827779e-01  -1.3979687e-01   8.2137469e-02   7.8115581e-02   1.9764176e-01  -7.8745690e-02  -3.3824635e-01  -1.0155943e-01   1.4521601e-01  -7.9113639e-02   3.1580354e-02  -6.1969893e-03   1.8433672e-01  -9.4893317e-02  -2.8944078e-01  -1.7435164e-02  -1.4334992e-01   6.7672136e-02   1.8860903e-01  -2.4111027e-02   1.7741425e-01   1.8329758e-02  -1.3221947e-01   1.3879748e-01   1.5480501e-01   3.0534744e-02  -2.6172704e-01   5.2369003e-02   1.7429769e-01  -9.0960802e-02  -1.9090898e-01  -7.7221624e-02   1.6019489e-01  -6.1140136e-02  -2.7375499e-02   9.8710993e-02  -1.5100126e-01  -1.0395629e-01  -1.2616140e-01  -2.3745969e-02   2.7945547e-01  -4.9775935e-03
  -1.5663511e-01   5.3771795e-02   2.8858872e-01   5.3008384e-02  -7.5121422e-02  -4.0367366e-02  -1.5463435e-02  -6.2091409e-02  -1.1455678e-01   1.5101614e-02  -3.8115002e-02  -3.3081875e-01  -1.8198664e-01  -9.6516953e-02   1.9562207e-01  -6.7491737e-02   4.8323315e-02  -4.2202197e-02   4.5990593e-02   3.0825225e-02   2.9715650e-02   1.9383919e-01   7.3428160e-02  -7.4755221e-03  -1.8603687e-01   9.8061605e-02   1.0998057e-02   1.1770194e-01   1.9560523e-01  -5.9345057e-02   2.8797710e-02  -6.3892686e-02  -2.2656880e-01   1.9273654e-01  -8.9115438e-02   6.8960902e-02  -5.1512628e-02  -3.0582620e-01   2.0242317e-01   2.8598236e-02  -3.5747001e-01  -1.3987608e-01  -1.0480602e-02  -2.2837137e-01  -1.5180372e-03  -3.5474419e-02   1.4952351e-01   1.2799554e-01  -1.7567307e-01
  -1.6040563e-01   1.5626789e-02  -2.0945109e-02   1.1619984e-01  -1.1079910e-01   1.6631056e-01   8.8162225e-02  -4.7429216e-03   9.5842012e-02  -8.5681468e-02  -2.5271313e-01  -9.8812530e-02  -4.2350885e-02  -7.3397900e-02  -2.3421568e-01  -3.0491715e-01   2.1839872e-01  -7.6277788e-02   1.2067991e-01   3.3810810e-01   7.0015289e-02   1.0210802e-01  -3.7671429e-01  -1.3556831e-01   1.3256899e-02  -9.0432408e-02   1.1814670e-01   5.8622509e-02  -9.8701901e-02   2.2622609e-02  -1.6465707e-01   9.7634890e-02   1.8145564e-02   6.1200486e-02  -4.6865459e-02  -1.9919950e-01  -1.7010354e-01   3.4031902e-02  -8.8981151e-02   1.6613358e-01  -7.9224247e-02  -1.9788345e-01   6.4830004e-02   1.1243050e-01   1.1736543e-01   7.3734957e-02  -1.5272222e-01   9.5062260e-03   1.4161588e-01
  -1.3447636e-01   1.2565620e-01  -2.1540187e-01   3.6345894e-02  -1.5778475e-01  -3.2815640e-02   1.5604992e-01   3.0014616e-01   1.4923645e-01  -6.8668969e-03  -6.7893603e-02  -1.0062069e-01  -1.2312122e-02   1.7399935e-01   7.3230754e-02  -1.1038192e-01   3.7189596e-02   2.3329730e-02  -2.5510403e-01  -2.5617024e-01  -1.0040301e-01   7.1042748e-03   1.4338431e-03   2.3299454e-02  -9.8667653e-02   6.2656441e-02  -1.2717045e-01  -1.5486656e-01   2.0483167e-01  -2.3069408e-01   1.2648949e-01   2.2566864e-01   9.0639119e-02   5.2770561e-02   1.7249531e-02  -2.2285057e-01  -2.1000367e-01   4.0840836e-02   9.3000498e-02  -2.0622795e-01   4.9292567e-02  -3.2351052e-02   3.8093287e-02  -5.1244660e-02   1.1397344e-01  -1.2566879e-01  -3.0470437e-01   1.5777552e-01  -1.4752042e-01
  -1.5035241e-01   1.8625526e-01   9.7378282e-02  -3.2580225e-02   1.5191284e-02   1.2024573e-01  -4.1322159e-02  -5.3120796e-02  -2.5560061e-01  -5.6018123e-02   1.2135009e-01   7.0307962e-02   8.3840609e-02  -1.9796255e-02  -2.2759554e-01   1.5719968e-01   1.7213051e-01   1.0873149e-01  -2.4077601e-01   8.5797843e-02   8.6886895e-02   2.7188593e-01  -6.3326167e-03  -1.7246811e-02   1.5386423e-01  -6.2700240e-02   2.6381189e-01  -1.9080843e-01  -1.5613992e-01   6.8354249e-02  -9.1351356e-02   2.3745534e-01   1.3458794e-02  -8.3318244e-02  -5.9609992e-02   1.4138380e-01  -7.4328051e-02  -8.6593245e-02   1.5269235e-02  -2.7673629e-01   9.5839751e-02  -7.8580252e-02  -2.7588894e-01  -1.8099471e-01  -1.7737923e-01  -2.1631472e-02  -9.8261275e-02   2.8570283e-02  -1.9426799e-01
  -1.3003684e-01  -1.6375052e-01   1.1019287e-01  -1.6399300e-01  -1.4594797e-02  -1.5372685e-01   3.0459557e-01  -9.6508935e-03  -1.1363702e-01  -3.3890562e-02  -1.2490911e-01   1.5614931e-01  -1.1829339e-02  -3.1460731e-01   1.0944663e-01  -5.6864908e-02  -4.2300781e-02   4.7245205e-01   8.7787146e-02  -3.0908516e-02   1.7521044e-01   4.6614997e-02  -5.6316392e-03  -1.0278684e-01  -7.5213237e-02  -8.7234180e-03  -5.8777164e-02  -9.0037439e-02  -3.4605998e-02  -1.6953486e-01   2.0017514e-02  -9.1827993e-02   1.0936740e-01   2.0666232e-01  -1.7523711e-01  -3.0195970e-02  -2.9136586e-02   2.5075743e-01  -1.7829423e-01  -1.0878889e-01  -1.0804876e-01   1.6832752e-01  -2.3510755e-01   9.1251306e-03   8.3283192e-02   3.0140038e-02   2.0383276e-02   3.2914821e-02   2.4399192e-02
  -1.3798108e-01  -1.5706878e-01  -9.2506823e-02  -2.8885405e-03   1.1294897e-01   2.3329787e-01   1.7441130e-01  -8.4552121e-02   9.0188336e-02  -3.3230122e-02  -2.0938936e-01  -3.3851403e-02  -3.9010286e-02   2.0160404e-01   2.1644524e-01  -7.8548351e-02  -3.2536685e-02  -3.9829362e-02   2.1318305e-01  -5.4293714e-02  -4.8395711e-02   2.6309508e-01  -6.6830475e-02   1.6296743e-02  -7.2856266e-02   1.7999159e-01   9.7345917e-02   1.3470074e-01  -2.0303895e-01  -3.2288075e-01  -8.9857296e-03   4.8215515e-02   1.2966020e-01  -2.5751957e-01   2.2390095e-01   1.1977640e-01   1.2917497e-01  -8.7244186e-02   8.5709144e-02  -9.2722763e-02   1.7386224e-01   9.1845131e-02  -1.5869578e-01  -2.4658873e-01   5.3573653e-02   1.6035803e-02   1.0444317e-01  -1.3236091e-01   9.4665360e-02
  -1.6116253e-01   2.1554549e-01   2.8523140e-02   1.3895674e-01   1.6407573e-01   5.6681007e-02   1.3754879e-01  -1.6325275e-01   1.2495266e-01   3.6079508e-01   1.6631945e-01  -5.1737619e-02   5.0591533e-02   4.4165035e-02  -1.5497378e-01   1.0016213e-01   4.9690252e-02   3.1807414e-02   9.8048405e-02   5.1605261e-02   5.1852940e-02  -2.9401690e-01  -3.9632221e-02   9.9279572e-02  -7.7483048e-02   6.6255640e-02   1.6770240e-01   7.8853995e-02   1.3169951e-01  -1.1623142e-01   1.5009720e-01  -1.4128132e-01   1.4576198e-01   2.3500125e-02  -1.7573079e-02  -7.8164974e-02  -4.0518497e-01  -1.0421854e-01   9.0894384e-02  -2.9148459e-02   2.9159489e-02   1.5952653e-01  -1.8818452e-01   9.7882292e-02   1.3440218e-02   2.1715261e-01   9.4089756e-02  -1.9759168e-01  -6.1370769e-02
  -1.4359323e-01  -3.1175557e-01  -1.6728191e-01   5.8100112e-02  -1.2783369e-01   2.6400138e-02   4.4922263e-02   8.1952568e-04   5.9843524e-02   2.2540741e-01   4.5731153e-02   1.6078685e-01   9.1273407e-02   7.5151970e-02  -8.8556055e-02  -2.0668773e-01  -1.5889878e-01  -2.9162106e-02   3.9374748e-02  -2.2270838e-01  -7.7683134e-02   1.5403070e-01   1.2940814e-02   1.6412109e-01  -6.0831934e-02  -9.1318379e-02  -4.4593862e-02  -4.1067460e-02  -9.6659723e-02   1.2398306e-01  -9.4703581e-02  -1.7323962e-02  -1.0449906e-01  -8.9784872e-04   1.6337160e-02   5.9797368e-02  -9.8743514e-02   1.6546099e-02   1.4466460e-02  -1.6243589e-02  -3.9591912e-01  -3.4309519e-03   3.3997091e-03  -1.0799333e-02  -4.6344619e-01   2.3846077e-01  -1.6283031e-01  -1.3535829e-01  -4.9545886e-02
  -1.4910907e-01   1.4792958e-01  -2.4856867e-01  -4.9943901e-02  -8.5713454e-02  -1.0627294e-01   1.0494845e-01  -4.7204584e-02  -5.2624191e-02   1.4853434e-01   1.1011321e-01  -9.4466050e-03  -3.3370660e-01   1.0464853e-01   3.2198598e-02  -3.4844901e-02  -1.0553411e-01   8.3374518e-02  -2.6092939e-01   7.0427693e-02   1.3846909e-01   6.6262269e-02  -1.4829933e-02  -1.1791248e-01  -1.1392912e-01  -3.2925103e-01  -1.0277492e-01   1.6146083e-01  -2.7660118e-01   2.1261927e-01   5.5048000e-02   3.1372222e-02  -3.8241847e-02  -7.0428081e-02  -1.0252740e-01  -1.9922699e-01  -1.8708802e-02  -1.0947232e-01   5.0499005e-02   3.7324785e-02   3.1012725e-02   2.5706424e-01   1.1461835e-01  -1.9031365e-01   2.6523076e-02  -1.4405816e-01   2.0186773e-01  -1.0453585e-01   1.5200046e-01
  -1.2966028e-01   1.5296649e-01  -1.3830461e-01   2.0422604e-03   5.1783955e-02  -2.6248501e-01  -1.7569132e-01   9.0317219e-03   2.1100261e-01  -8.3087687e-02  -2.5218401e-01   8.4146206e-02  -3.9022258e-02   4.3958538e-02  -2.2625480e-01   1.6124317e-01  -1.8306601e-01   1.2989445e-01  -6.1192198e-02  -2.5862170e-01  -1.2908095e-01  -1.3934349e-02  -1.7391217e-01  -1.0901577e-01   7.2901074e-02   1.3622290e-01   1.8156718e-01   8.9956991e-03  -1.7953293e-01   8.2545501e-02   2.9376835e-02  -2.1341894e-01   2.5620204e-01   2.2391630e-01   8.2645063e-02  -3.1366281e-02   1.3778206e-01  -1.9842100e-01  -5.4441501e-02   1.6272770e-01  -1.1760626e-01  -1.7349401e-01  -8.4190569e-02  -1.4822001e-01   3.8855228e-02   3.6143983e-02   7.6361106e-02   8.1546385e-02  -1.1543933e-01
  -1.3301344e-01  -1.4084285e-01   1.8955476e-02   1.6212473e-01   8.4852094e-02   1.8423698e-01  -1.3317902e-01  -8.2495106e-02   2.3523240e-01   7.1745693e-02  -2.0913633e-01   6.8440112e-02   7.2431988e-02  -7.4329310e-02   5.9584050e-02  -2.0697701e-01   2.1074170e-01   1.4462391e-01  -2.0152750e-02  -7.8111089e-03  -3.2049008e-01   4.3711237e-02   2.6041779e-01  -1.1370509e-01  -2.0689095e-02  -9.5495782e-02   3.7954063e-02  -1.8372367e-01   3.7882061e-02   3.5159036e-01   1.5530663e-02   5.3676261e-02   1.0572240e-01  -5.5042283e-02  -6.5037751e-02   1.1436657e-01  -1.0619490e-01   2.2673409e-02   9.6031991e-02   6.7912854e-02   6.1288152e-02   2.4970437e-01   9.2153166e-03   6.5557991e-02   1.1836067e-01  -1.1718310e-01   2.4476905e-01   1.9269545e-01  -1.6606393e-01
  -1.4723998e-01   5.2712340e-02  -5.9388708e-02  -2.5973638e-01   1.6807624e-01   2.7515883e-01  -2.0788335e-02  -2.1064627e-02  -5.1217668e-02  -7.1544249e-03   4.6560825e-02   1.4634665e-01  -2.2450313e-01   2.1029836e-01   2.5602419e-02  -3.2176079e-01  -6.8846578e-02   1.9837488e-01   2.2460227e-02  -7.8597179e-02   1.1308528e-01  -2.1569138e-01   7.1448065e-02  -1.7912122e-02   2.6211027e-01   5.6740630e-02   1.8051395e-01   3.9738706e-02   4.7440482e-02   1.2160625e-01   2.5568522e-01  -9.5172354e-02  -2.9563777e-01   7.4874195e-02   4.1371415e-02   2.0195901e-01  -2.5899734e-02   1.0987862e-01   1.7065047e-02   1.4893668e-03  -2.2169243e-02  -2.1536442e-01   7.3143364e-02  -6.7507628e-02   1.8430963e-01  -1.1213174e-02  -1.4607600e-01  -2.7784326e-02  -6.5195738e-03
  -1.5025416e-01  -6.5713813e-02   2.1175447e-01  -3.2851909e-02   1.8643030e-01  -1.7671224e-01   3.1995450e-02   2.5232622e-02   1.4369289e-01   3.0403695e-01   8.6887390e-02   4.9993304e-02   1.2897798e-02   1.7790713e-02   4.2936089e-02  -1.0421060e-01   2.7239178e-01  -1.9585290e-01   4.3015526e-02  -4.1592025e-02   1.2844882e-01  -1.7936084e-01   5.1284271e-02   4.4323575e-02   2.1486206e-01   3.8424337e-03  -1.3378287e-01   5.7441284e-02  -2.6775225e-01  -8.2497802e-02   2.1469845e-02   2.3242366e-01   1.7433252e-01   3.1781677e-02  -3.2466545e-02  -1.5802858e-01   1.9259814e-01   2.3676785e-01   7.1297824e-02  -5.6440442e-02  -1.1155343e-01  -2.9026222e-01   1.7575044e-02  -9.1599704e-02  -8.2434208e-02  -1.6597122e-01   2.0360398e-01   4.5550076e-02  -1.0652081e-01
  -1.3850112e-01  -1.8079167e-01   2.8888398e-03  -1.4716761e-01   1.3836587e-01   5.4788072e-03  -1.1040702e-02   2.9430933e-01   5.9353239e-02   4.2145714e-04  -6.2764874e-02  -2.8561935e-01   3.2402778e-01  -1.4143930e-02  -4.8112940e-02   1.0078077e-01   1.6014591e-01   1.1286543e-01  -6.9464190e-03   1.6797097e-02  -3.6042251e-04  -2.0447772e-01  -8.5438369e-02   1.5072581e-02  -1.7048091e-01   4.7790972e-02  -1.3364024e-01  -1.5245984e-01   3.1520405e-02   2.4183446e-01   9.6435021e-02   1.0039965e-01  -1.4523642e-01   8.5749060e-02  -1.2030003e-01   4.7480802e-02   7.0828442e-02  -1.1860253e-01  -4.5064033e-02   9.8365015e-02   1.3804134e-01  -3.8105997e-02  -5.6339250e-02  -3.6206321e-01  -2.5394676e-02   6.8181560e-02  -2.1349279e-02  -2.8554690e-01   2.3761435e-01
  -1.4378121e-01  -1.9889029e-01   5.7541900e-02   1.1217029e-03   9.7556408e-02   1.1555245e-01  -8.1674231e-02  -6.4571184e-02   2.0974710e-01   7.0402331e-02   2.9163845e-01  -2.2286897e-01  -6.8674568e-02   3.2479327e-03  -1.5975950e-01   5.1450363e-02  -3.0812252e-01   8.1011165e-02  -5.4985120e-02  -1.5801160e-02   1.4746418e-01   1.4453190e-01  -1.0750819e-01   3.2186935e-02   6.7696588e-02   1.8926355e-01  -1.6046831e-01   5.0880177e-02   2.8796134e-02   6.1060923e-02  -2.8007037e-01  -4.7593558e-02   2.3631333e-01   3.7514064e-02  -3.1020619e-01   2.0469427e-01   4.7849329e-04   7.1386838e-02   2.4000097e-01  -4.0683754e-02   1.0579971e-01  -2.1678085e-03   9.2627963e-02   4.3251675e-02   1.3634971e-01  -9.2447928e-02  -1.5414489e-01   1.5680073e-01   1.2370449e-01
  -1.3679326e-01   1.8679776e-01  -9.5133389e-02   7.7506170e-02   1.5464328e-02  -9.8586721e-02  -1.5692920e-01  -1.7634219e-01   1.0841619e-01  -2.3572329e-01   1.2633546e-01   2.2113733e-03   2.6614248e-01  -1.6456860e-01   9.2468964e-02  -9.9803398e-02  -9.8051557e-02   1.5355515e-01   1.2567882e-01   7.0099741e-02   2.2802674e-01   6.7028119e-02  -5.7233489e-02   1.2105534e-01  -4.9783094e-02   6.9124415e-02  -1.7096990e-01   2.5208769e-01  -8.6885213e-03   1.6653371e-01   2.1616834e-01   3.2368765e-01   6.9251235e-03  -1.0320470e-01   1.3062399e-01  -4.8039769e-02   1.3532906e-01   5.8193399e-02   3.7705443e-02   3.7440897e-02  -2.8075139e-02   1.1840891e-01   8.0967138e-02  -3.1773553e-02   1.0110214e-01   2.6526061e-01  -1.0732931e-01   1.2043178e-02  -2.9842653e-01
  -1.4853377e-01  -1.5680691e-01   2.1532936e-01   1.2652184e-02   3.8527602e-02  -6.7383383e-02   8.6510307e-02   3.1795456e-01  -1.2929288e-01   9.8273204e-02   9.9644748e-02   1.1498533e-02   1.7996321e-02   1.0457782e-01  -3.8563978e-01  -5.3697548e-02  -7.6013190e-02  -9.6332945e-02   3.6276542e-02   1.3797666e-01   1.8949393e-02   2.4725758e-01   1.3230264e-01   7.7646495e-02  -2.0253211e-01  -3.7784124e-02   1.7376510e-01   4.2850493e-02   6.8475192e-03   1.2389915e-02   2.6139971e-01  -9.1846738e-03   1.0847002e-01   1.9574748e-01   2.6050862e-01   6.5977720e-02   2.0113431e-01  -9.6533051e-03  -1.0102150e-01  -2.9432753e-02   2.3215620e-02   1.7268728e-01   2.0427306e-01   1.5057535e-01   1.7947512e-01  -1.1142893e-01  -1.5824474e-02  -7.4042518e-02  -1.0172514e-01
  -1.4679636e-01   4.7180842e-02  -3.3058321e-02   3.9073657e-01   1.3765127e-01   8.9303198e-02   1.6262813e-01  -7.7868176e-02  -9.0374503e-02  -1.1496442e-01   7.6081859e-02  -1.2293701e-01   5.6951199e-03  -8.8688235e-02   7.9007998e-02  -8.0540236e-03  -1.1695004e-01   6.4007731e-02   2.6093473e-03  -2.9480194e-02   6.9384488e-02  -1.0072335e-01  -1.0533996e-01   8.4676053e-02  -1.6241978e-01  -1.4376805e-02   1.5432436e-01  -2.6840959e-01  -4.7542892e-03   1.6802021e-01   1.7437580e-01  -1.5634736e-01  -3.3059892e-02  -2.4580196e-02   1.8015861e-01  -1.7517560e-01   2.2922489e-01   1.2262377e-01   1.2319955e-01  -1.9465404e-01   4.5112250e-02  -1.5872889e-01   4.0711243e-02   6.7752198e-02  -2.2751192e-01  -1.9586954e-02   8.4973647e-02   2.9964618e-01   2.8457409e-01
  -1.4208702e-01   3.2645992e-02   1.2740935e-01  -7.5254529e-02   6.0994455e-02   2.5532538e-01  -8.9502552e-02   2.6824792e-02  -1.1525506e-01   2.5225791e-01  -8.1372250e-02   7.3546615e-03  -1.2944061e-01  -2.9441488e-01   1.8389078e-01   3.9890904e-02   2.6535969e-02  -1.7989172e-02  -1.4507504e-01  -2.3869460e-01  -1.0385534e-02   6.8971980e-02  -3.7647369e-02  -3.9618648e-02  -1.0793534e-01   1.7268303e-02  -3.3674077e-02   2.3458701e-01   2.3871536e-02   1.0554501e-01  -4.3956585e-02  -2.0073503e-02   1.2005110e-02   1.0905370e-01   1.3648312e-01  -1.8840941e-01   1.4605042e-01  -2.1172695e-02   9.7291936e-03   2.7915995e-01   3.2186836e-01  -3.5441969e-02  -1.7816534e-01   2.2053794e-01  -1.8435711e-01  -7.2635613e-02  -2.8278561e-01  -8.9763684e-02  -9.6031379e-02
  -1.4460098e-01  -1.3954675e-02   5.2797537e-02   1.8655078e-01  -3.0241608e-01  -6.5249079e-02  -1.8029870e-02  -5.6947409e-02   1.9075279e-01  -4.3045122e-03   1.7536175e-01   3.2891331e-01   1.3793400e-01   8.7048300e-02   1.4401205e-01  -1.0405641e-01  -1.8237236e-01  -2.7554917e-02  -1.6206335e-01   1.5399929e-01  -7.3339668e-02  -6.8104530e-02  -6.6911821e-02  -4.1465269e-02  -1.1336696e-01  -9.8451493e-02   4.1789145e-02   1.0377684e-01   2.4860952e-01  -3.0698711e-03  -9.4366589e-02   1.5616788e-01  -5.6138366e-02   1.9879477e-01   5.1175341e-02   1.6427016e-01   1.2391598e-01  -2.9049587e-02  -2.9839641e-02  -3.7073466e-02   9.1113474e-02  -2.3293081e-01  -3.3574352e-01   3.2313130e-02   1.1427009e-01  -1.4603597e-01   1.5759227e-01  -1.7127405e-01   1.5004257e-01
  -1.3925055e-01  -1.2204538e-01   7.2731658e-02   2.3226526e-01  -3.2676192e-02  -1.3759406e-01   3.3151243e-02  -7.7394061e-03  -1.8615467e-02  -1.0042250e-01   1.2081866e-01  -1.1505287e-01   1.9351631e-01  -2.0930026e-01   1.2141349e-01  -1.1142436e-01  -8.3575332e-02  -2.1965646e-02  -2.4380751e-01  -7.9932847e-02  -1.3670474e-01   9.9545394e-02   1.5733452e-01  -1.4304209e-01   3.8142934e-01   1.6262682e-01   2.0817208e-01  -3.1591629e-02  -1.5303724e-01  -1.2395370e-01   1.1029998e-01  -1.2636757e-01  -1.2031037e-01  -1.3694838e-01  -1.6412674e-01  -2.1641401e-01   3.2576031e-03  -9.3328436e-02   3.8482200e-02   2.5860079e-02  -1.2484225e-02   6.3095014e-03   1.2564755e-01   1.0734053e-01   1.4574737e-01   9.0871049e-03  -5.0254328e-02  -3.6847526e-01   5.7781299e-02
  -1.3862411e-01   1.4726670e-01   1.4408357e-01   1.7882990e-02  -1.4957312e-01   1.0043978e-01  -1.6040283e-01  -6.8298185e-02  -2.1426393e-02   5.2818107e-02   3.0558548e-02  -1.0061077e-01   1.7128118e-02   1.0289677e-01   4.8652417e-02   3.5982637e-02   2.7718795e-01   1.3364288e-01  -3.6018194e-01   9.6921583e-02  -2.7663451e-01  -9.9684256e-02  -2.5469959e-01   1.2920178e-01  -3.4003439e-02   8.3066879e-02  -9.2861166e-02   1.2282252e-01  -6.8111337e-02  -1.3293419e-01   4.8064817e-02  -2.1626481e-01   4.5220918e-02  -9.0221128e-02   6.5418449e-02   2.0614234e-01   2.0789142e-01   2.7558350e-01  -1.1729915e-01  -2.6587857e-02  -2.7604828e-01   2.2504543e-01   6.3458682e-02  -2.1230185e-02  -7.4801834e-04   2.3781368e-02  -9.7303196e-02  -2.9495604e-03   9.6705615e-02
  -1.3857741e-01   1.1919194e-01  -4.2000790e-02  -1.0486400e-01   1.3177710e-01   8.1214474e-02  -1.4635058e-01   1.4025730e-01  -1.6207167e-01   1.1784623e-01  -1.1511704e-02   2.7729608e-02   3.5121367e-01   1.4588015e-01   1.3454260e-01  -2.3259853e-01  -1.9526496e-01  -3.2096047e-02  -9.6168159e-02   6.7956086e-02   1.2502790e-01  -5.5602870e-02   8.0320922e-02   1.7548850e-01   7.7743464e-05   8.5595373e-02   2.1458586e-01   4.0131206e-02   7.1287534e-02  -1.2317813e-01  -3.4519442e-01  -4.4022266e-02  -1.6723091e-02  -3.4245479e-03  -1.1425646e-01  -2.2989442e-01   2.9852357e-02  -7.6227632e-02  -2.9619369e-01   1.2600731e-01   1.0453931e-05   1.6569763e-01   5.2789743e-02  -9.1744510e-02  -2.3442321e-02  -6.7677734e-03   1.4510752e-01   2.9730036e-01   1.8617135e-02
  -1.5693385e-01   1.4600774e-01  -2.8819035e-02  -3.7220537e-01  -1.1664337e-01   1.7428244e-01  -6.1304924e-02  -1.7278927e-01  -1.8754261e-03   1.0111879e-01  -1.4015766e-01  -7.1362218e-02   1.3782090e-01  -3.6852193e-02   8.3062439e-02   2.5906663e-01  -2.5075480e-01  -6.0562725e-02  -6.3418982e-02   1.1042860e-01  -4.2248650e-02   1.3462236e-01   1.4316907e-01  -1.4975382e-01  -7.0362302e-02   1.0359928e-01   4.8781627e-02  -1.8984902e-01   1.7103451e-02  -5.5930183e-02   1.8446285e-01   2.5342680e-01   1.3482509e-01   3.6967324e-02   6.4799776e-02   6.9533466e-03  -1.3440849e-01   1.9782864e-01   3.5586553e-02   1.0803267e-01  -1.6118450e-01  -1.6277595e-01   2.1703456e-01   1.6192157e-01  -8.7476430e-02   2.0809605e-02   1.7875288e-01  -8.2248712e-02   1.9963420e-01
  -1.4972042e-01  -2.0369783e-01  -1.9164580e-01  -5.8902635e-02  -9.3461034e-02  -2.5472967e-02  -1.6179138e-01  -5.9260134e-02  -3.0218812e-01  -1.1535709e-01   1.4831158e-01  -1.8827944e-01   1.3322633e-02   5.0191019e-02  -1.0997620e-01  -8.6058236e-02   1.9554579e-02  -1.0501272e-01   7.3904744e-03  -1.9858138e-02  -5.0840278e-02  -1.2880921e-03   1.0468384e-01  -1.0170356e-01  -7.6440864e-02  -2.7656310e-01  -2.5005492e-02   1.6769410e-02   2.1247147e-01  -8.1434436e-02   8.3819143e-02  -2.4401614e-01   2.7351710e-01  -2.1809410e-01  -3.7535314e-02  -8.4084216e-02   4.5790973e-03   2.7919178e-01   3.3710852e-02   1.9428766e-01   7.4987771e-02  -2.3416450e-01  -2.0436298e-01  -1.5999188e-01   8.4837674e-02   1.3718388e-01   8.4178218e-02  -7.5080062e-03  -1.6290449e-01
  -1.3565645e-01  -1.1303715e-02  -1.9770094e-01  -1.5016486e-01  -1.8201022e-01   7.1736425e-02   6.2508456e-02  -7.4443787e-02   1.0098655e-01   2.3583270e-01  -1.1517728e-01  -1.3747579e-01   1.5473025e-01  -2.3537369e-01  -1.4057231e-01   1.1557025e-01  -8.7826486e-02  -2.1964593e-01  -3.8362899e-03  -3.2825956e-03  -4.5789488e-02  -3.8770758e-02   1.2360589e-03   7.9981611e-02  -8.5218922e-03  -8.2985846e-02  -1.2790500e-01  -8.3122714e-03  -2.3012061e-01  -2.8695253e-02  -2.3069570e-02  -1.9355885e-01  -4.0820807e-01  -1.1262328e-02   2.4777117e-02   4.9923527e-02   9.9697202e-02   5.8337770e-03  -6.9472510e-02  -2.8892772e-01   1.1897263e-01  -7.5427858e-02  -1.0569762e-01   9.5383684e-02   3.0567114e-01   7.7396008e-02   8.6798969e-02   1.8625662e-01  -1.7497081e-01
  -1.4329103e-01   9.5746741e-02   6.5502983e-02  -8.0416713e-02  -1.6803291e-01  -9.4747652e-02   8.5091882e-02   2.1853491e-01  -1.5789731e-01  -8.5775359e-02  -2.2880033e-01   6.5559733e-02  -7.4250723e-02  -7.2444760e-02   1.9127219e-02  -7.6714079e-02  -8.7190943e-02  -3.3378458e-01  -2.5566549e-02   3.2301254e-02   4.6869625e-02  -2.3464247e-01  -1.7249768e-02  -1.3846112e-01   1.5350611e-01   1.1754915e-01   1.0066582e-01   2.8267560e-02   9.2936665e-02   1.8473324e-01  -1.7915138e-01   1.0853309e-02   9.4656939e-02   7.3638903e-02   2.3132792e-02   9.3839130e-02   9.3819504e-02   1.6737148e-01   4.2286854e-01  -1.3971072e-01   4.1822619e-02   2.9775186e-01  -2.0568135e-02  -6.6300349e-02  -4.7015886e-02   2.8604627e-01   2.9125330e-02  -3.9486302e-02   1.0850697e-02
  -1.4862632e-01  -7.0783867e-02   4.8389379e-02   2.6172095e-02   7.8579297e-02  -1.2858004e-03  -4.2659113e-01   1.3303314e-01   9.4481924e-02  -2.4020031e-01   1.3869142e-01   5.0030753e-02  -2.3403650e-01   1.3779596e-02  -1.7544501e-01   3.9194428e-02  -4.6573044e-02   2.6582242e-02   9.0593515e-02   5.3102835e-03  -1.1954785e-01  -6.3102679e-02   4.9212226e-02  -2.9268658e-02  -1.6669392e-01   8.0418508e-02   1.0236087e-02  -5.8066915e-02  -2.1926293e-01  -3.0600157e-01  -1.7183829e-02   1.5330214e-01  -3.6525056e-01   1.1077042e-01  -1.5073208e-02  -1.8008160e-01  -1.1518911e-01   2.0483488e-01   1.3632917e-01   7.2819993e-02   6.4979986e-02   1.6694406e-01  -1.6856302e-01   5.9719350e-02  -1.0256039e-01   5.0149918e-02   1.1676773e-01   3.6542732e-02   5.4301811e-02
  -1.3568125e-01  -2.1654608e-01  -3.8229463e-02  -2.3607609e-01  -6.3782734e-02  -1.5704882e-01  -8.6403683e-02   2.5579954e-02   2.2286312e-01  -1.9102870e-01   6.5763983e-02  -1.7171304e-01  -1.8750017e-02   2.8708772e-02   1.4899869e-01  -7.2466912e-02   1.8422825e-01  -1.0083083e-01  -1.3283114e-01   1.2302276e-02   1.5207179e-01   5.6010461e-02  -5.7975777e-02  -3.5078284e-02   1.8784528e-01  -7.9505672e-02   7.4279546e-02   1.8889961e-01   4.5837228e-02  -1.2762009e-02   2.3744566e-01  -8.4822438e-02   7.7272745e-02   1.1456029e-01   5.7850079e-02   1.3916563e-01  -1.6126104e-01  -1.7915540e-01  -1.8818073e-01  -1.5337327e-01   1.9793331e-01   6.7851606e-02  -1.5530589e-02   2.2826448e-01  -3.2796092e-01   1.1989127e-01   1.2290464e-01   2.1794530e-01   1.0554347e-01
  -1.2404998e-01   1.2311515e-01   1.0370383e-01   5.7854111e-02  -1.2664987e-01   7.0531744e-02   1.3025614e-01   1.9230551e-01   1.2533449e-03  -1.7335799e-02   6.4830753e-03   7.8485358e-02  -3.9545494e-02   1.2590377e-01  -1.2351020e-01   1.5962764e-01   6.4684928e-04   6.6591715e-02   1.6701698e-01  -4.3316621e-02  -1.0579579e-01   3.1461375e-01  -5.3833814e-02   8.8168830e-02   3.2271561e-01   2.5075221e-01  -2.6481085e-01   1.6081743e-01   2.3751406e-01   2.5194515e-01   4.4516938e-02  -1.1404444e-01  -1.4172106e-01  -1.1704567e-01   1.1290992e-02  -2.2569386e-01  -1.1476366e-01   1.9245745e-01  -1.5488773e-01   1.5347619e-03   6.8831248e-02  -2.2517229e-02  -8.6978622e-02  -5.9230378e-02  -7.2799998e-02  -2.8825790e-02   2.8043263e-01   1.0800999e-02   5.0345574e-02
  -1.5144071e-01  -9.0243764e-02  -4.6381881e-02  -5.2668741e-02  -6.9599412e-02   1.7937664e-02  -1.0710595e-01  -3.9780883e-01  -1.1953774e-01  -5.4833178e-02  -6.8988040e-02   1.4015022e-01  -9.4249084e-02   2.5284639e-02  -3.2108215e-01  -9.6671172e-02   2.2675652e-01  -6.8248009e-02  -2.4317037e-02  -2.2616400e-01   1.2125169e-01  -1.0658603e-01   1.3266215e-01  -1.3486852e-01  -1.5218631e-01   2.9785608e-01  -1.3707060e-01  -2.0266056e-02   2.3726689e-01  -6.7578521e-03  -6.7914618e-02   8.1162903e-02   1.1588446e-02  -6.0171374e-02  -6.9641912e-02  -1.6659109e-01   2.0384869e-01  -2.1590241e-01  -1.5883881e-01  -2.4063846e-01  -9.4046987e-03   5.5620331e-02   1.1022176e-01   5.5589082e-02   1.3436535e-02  -7.3088202e-03   3.0524049e-02  -8.6068428e-02   1.5001191e-01
  -1.5533574e-01  -7.1909129e-02   1.8078485e-01  -1.5623436e-02   8.3579773e-02  -1.8548858e-01   2.1561852e-01  -2.6259576e-01  -1.5333366e-01  -2.3637559e-01  -1.4380348e-01  -2.9045284e-01  -3.6876806e-03   1.7004211e-01  -5.3533073e-02  -2.5065917e-02  -2.6642866e-01  -6.5442553e-02  -6.9858356e-03  -3.1062369e-02  -1.9760382e-01  -2.7865739e-01  -9.8596137e-03   7.2258993e-02  -2.3023342e-02   1.8427076e-02  -4.3474639e-02   1.0659079e-01  -1.1392247e-01   1.6014479e-01  -1.2716510e-01   1.5307619e-01  -4.7033484e-02  -5.1042544e-02   9.3884878e-02   6.6679506e-02  -2.1145651e-01   9.1594444e-02  -2.0962953e-01   1.0429350e-02   3.3245669e-02   3.7263662e-02  -8.1658059e-02   9.4393549e-02  -9.2751033e-02  -3.0608158e-01  -7.3751774e-02  -5.7457725e-02  -1.7059429e-01
  -1.2821051e-01   1.8782364e-02  -6.4782476e-02   3.9968679e-02  -1.1214128e-01   2.5444581e-01   1.2328196e-02   2.7427219e-02  -1.1218269e-02  -1.5008342e-01   9.7472239e-02  -6.8610573e-02   3.4986427e-02   2.9320662e-02   3.8905373e-03   4.3937617e-03   1.3738912e-02  -1.0211703e-01   3.2387637e-02  -4.0457463e-02   3.2009743e-01  -8.7405335e-02  -5.7310070e-02   1.3271143e-02   2.6784721e-01  -5.1587361e-02  -2.9186859e-01  -3.9039201e-01  -3.8707514e-02  -8.2410432e-02  -1.3016584e-02  -7.5072392e-02   6.2851542e-02   9.7282304e-02   2.5058599e-01   3.8329189e-02   5.2528155e-02  -2.0089968e-01   1.9002684e-02   2.5903217e-01  -2.0993324e-01   2.2595432e-01  -1.9718368e-01   1.1289778e-01   3.4950435e-02  -2.2304163e-01   7.6671298e-02  -8.5260085e-02  -9.0175822e-02
  -1.2659841e-01  -6.9669073e-03   1.7053337e-01  -2.4461851e-01   1.3062293e-01  -3.0525305e-01   2.0186776e-01  -6.0892315e-02   1.6847265e-01   5.3021823e-02   2.0985718e-01   1.1546395e-01   7.4849214e-02   9.9404139e-02   8.8399693e-03   2.1053557e-02   1.1184943e-01   5.9984678e-02  -8.5495498e-02   4.0255778e-02   3.4029434e-03   8.2639863e-02  -4.4893361e-02  -3.1640501e-01  -1.0860190e-01   3.9369496e-02  -1.6410943e-02  -1.7346458e-01   8.5261807e-02   2.6427903e-02  -2.3486893e-01  -1.2212392e-01  -2.0988787e-01  -2.9756785e-01   3.5926608e-01  -3.8474266e-02  -3.1511620e-02  -3.4980455e-02   1.3009488e-01   2.0564501e-01   2.2033557e-03  -1.3728774e-02   2.9866189e-02   2.7703291e-02   5.9488318e-02   1.0843162e-01  -1.1179291e-01   1.6040941e-01   3.9639661e-03
  -1.2837852e-01  -3.5595704e-02  -2.9070140e-01  -9.9294506e-03   1.9560078e-01   8.3887905e-02   7.1768644e-02   1.1852338e-01   1.3388278e-01  -1.8839592e-01   6.5206541e-02  -1.0586488e-01  -8.3333392e-02  -2.0775964e-01   1.3840425e-02   2.5443337e-01   1.7776854e-01   1.1600048e-01  -4.5976388e-02  -5.2813213e-02   2.2909397e-02  -2.7672002e-02   2.0557671e-01   1.2035221e-01   4.1912747e-02  -1.4887978e-01   1.8522972e-01   2.2842394e-01   1.8369286e-01   5.3044692e-03  -4.1042417e-01   3.5882485e-02  -4.0540731e-03   7.9837588e-02   2.6128523e-01  -9.9933617e-03   2.2983957e-03   1.1255888e-01  -2.0706141e-02  -1.3421245e-01  -2.1846755e-01  -5.1367123e-02   1.2836696e-01   2.7096875e-02   6.3151407e-02  -6.9243204e-02   9.7592989e-02  -1.8857263e-01   8.7543254e-04
  -1.4794166e-01   3.5756914e-01  -1.2211231e-02   2.8885303e-02  -1.4827516e-01  -1.0089265e-01   1.0261970e-01   2.2001420e-01   1.7873641e-01  -7.1651676e-04  -2.1384720e-02  -1.9178319e-01  -1.7648391e-01   2.8050343e-02  -5.5346108e-02  -8.9470651e-02   1.2728610e-02   1.0281489e-01   1.8559893e-01   3.1731028e-03   3.3694171e-02  -4.6428715e-02   3.7791909e-01   2.8299928e-02  -6.4693982e-02  -6.4791250e-03   3.4371252e-02  -5.6773225e-02  -5.0635946e-02  -3.0379331e-02  -6.0068998e-02   3.6879536e-02   3.5054640e-02  -3.0069439e-01  -2.3038208e-01   2.2514933e-01   2.6739688e-01  -5.6771032e-02  -1.4987064e-01   1.2673453e-01  -1.9882954e-03  -8.7269678e-02  -1.5064847e-01   2.4909798e-01  -1.2858058e-01   8.3276974e-02  -7.7960991e-02  -2.5151999e-02   7.4761653e-02
  -1.3671751e-01   9.9837555e-02   9.0224271e-02  -2.6696042e-01   2.1139031e-01  -7.9657252e-03  -1.4971170e-01   1.0520264e-01   1.7049778e-01  -1.5519132e-01  -1.0282863e-01   2.2011259e-01   1.3728205e-02  -2.1262306e-01  -2.9423058e-03  -6.9366420e-02  -1.3298291e-01  -1.4729280e-01   8.0465987e-02   1.3306931e-01  -5.4457143e-02   1.5118440e-02  -1.9796659e-01   1.4507361e-01  -9.8396036e-02  -1.6757416e-01  -2.5878779e-02  -4.3821014e-02   1.6463040e-01  -1.1624706e-02   1.1489765e-01  -2.2032230e-01   5.2231122e-02  -3.2739369e-01  -1.6592511e-01  -1.0166416e-01  -1.8542174e-03  -1.0630084e-01   1.0517279e-01  -2.2217642e-01  -1.3075894e-01   6.9008009e-03  -1.0271608e-02   2.6203443e-02  -1.0064339e-01  -3.3668669e-01  -7.2272185e-02  -1.6200302e-01  -5.0778551e-02
