  -1.4588486e-01  -7.5556958e-02   1.5502562e-01   7.1569056e-02  -4.1366946e-01   9.5971080e-02  -1.2350159e-01   1.0611541e-01  -1.1214193e-01   1.6714248e-01  -2.5718823e-01  -1.8196357e-01   5.4194107e-02  -8.1590566e-02  -1.3714393e-01   5.6336289e-03  -1.8921414e-01   1.4268576e-01  -7.3566215e-03   6.5252683e-02   6.7765564e-02  -7.0594265e-02   9.0945229e-02   2.5907227e-01   2.2484174e-02  -2.2861489e-01  -7.0697381e-02   9.4757226e-02   1.0062756e-01   1.6714015e-01  -5.0696315e-02  -2.5124023e-02   5.9527063e-02   1.0542434e-01  -2.1642762e-01  -2.1752973e-01   7.9339795e-02  -1.0707136e-01  -1.2187111e-01   3.7345071e-02  -1.6032050e-01   1.7340221e-01  -2.3926350e-02  -1.8236198e-02  -2.6417707e-02   3.1623168e-01  -3.8879688e-02  -6.2919728e-02  -9.8410262e-02
  -1.3780712e-01   1.7829327e-01  -2.6741007e-02   2.2951400e-01   4.7562498e-03   1.1055052e-01   2.4358213e-01  -7.9192841e-02   2.2188263e-01  -5.7503259e-02  -1.2323265e-01   1.0227061e-01   1.5440823e-01   3.6358886e-02  -1.5922908e-01   1.2058085e-01   1.4260338e-02   2.7092926e-01  -7.8866542e-02   2.2068055e-01  -3.8122502e-02  -2.0014556e-02   2.6807613e-02  -1.2378372e-01   1.8424065e-01   4.5319827e-03   8.5884474e-02  -7.0831285e-02  -3.6664350e-03   1.4305856e-01  -1.5195183e-01   1.1920629e-02   2.9296917e-01  -5.8645642e-02  -5.5794360e-02  -1.0911307e-03  -1.0045236e-01   3.1708544e-02   7.3657644e-02   1.2432849e-01   4.5313775e-01  -1.5117104e-01   8.8341145e-02  -2.1020909e-01  -8.1709771e-02   1.4473185e-01  -6.9814315e-02   1.9222286e-02  -2.8987595e-02
  -1.4850034e-01  -1.3159863e-01   1.4555291e-01   1.3278523e-01   2.2959416e-01   4.7416573e-02  -4.5625991e-03   1.3524633e-01   1.2931132e-01  -7.0627412e-02   4.1558551e-02  -1.3055471e-01   1.2469721e-02   1.6942274e-02   7.3441062e-02   5.1109330e-02  -7.1944746e-02  -1.7288671e-01  -6.5597300e-02   3.0617369e-01   1.1835203e-01  -3.3402140e-01   2.3057387e-02  -1.7320523e-01  -7.9150169e-03  -7.4482290e-02  -1.4071585e-01  -1.7563712e-02   1.8747989e-01   1.8708563e-01  -1.8862451e-01  -2.4344220e-01  -2.3470913e-01   5.4482572e-02   8.0446489e-02   2.4965939e-01  -1.4100946e-01   7.9578101e-02   1.7091828e-01  -3.9985611e-02  -1.9864475e-01  -1.5454625e-01  -8.5510103e-02   5.0865296e-02   4.5059790e-03   1.1326070e-01  -1.9209701e-02  -1.4128770e-01  -1.7136362e-01
  -1.4670565e-01   3.2421017e-01  -3.1693692e-02  -1.2240980e-01  -2.5399121e-01   2.0036618e-02   4.2235650e-02  -9.2574334e-02   4.7895184e-02  -1.3426301e-01  -2.8847978e-02   1.3388838e-01   8.9581921e-02  -3.3525282e-01  -2.8105834e-02  -2.8922570e-02   1.3030793e-01  -7.4042391e-02   1.3250779e-01   7.4594415e-02  -2.3122648e-02   1.2028026e-01  -3.7714280e-02  -9.9141593e-02   2.8038807e-02   1.9687226e-01  -2.3061966e-01  -8.6118214e-02   1.4621733e-01  -1.3560495e-01  -1.9488269e-01   4.2308387e-03   1.3895602e-01   7.9911653e-02   1.3683625e-01  -2.8085944e-02  -8.9611973e-02  -2.1464678e-02   3.7755739e-02  -6.4487865e-02  -3.8112962e-01  -3.7585518e-02   6.8934143e-02   6.3043351e-02  -2.5591996e-01  -4.1701093e-02  -2.9868000e-01  -9.7454534e-03   3.7633037e-03
  -1.1901557e-01   4.8096493e-02   9.0333689e-02  -2.1080776e-01  -5.9084239e-02   1.1727931e-01  -1.1108750e-01   1.1336562e-01   2.0195478e-01   1.4190913e-01  -5.4299816e-03   1.8838442e-01   2.5420174e-02   1.2811730e-01   1.8556474e-01   4.8572577e-02  -1.7920106e-01   1.2096826e-01   7.0759328e-02  -7.8916673e-03   1.2490573e-01   2.2741175e-02  -1.9329257e-01  -1.4176613e-01  -1.8902774e-01   2.1615229e-01   1.5040124e-01   7.7149281e-02  -2.8380607e-02  -1.1332310e-01  -3.2321141e-02   2.3122243e-01  -1.9162445e-01   3.1417383e-03  -7.6376633e-02   1.4229836e-01  -8.3616868e-02   2.3705502e-01  -2.1232767e-01  -3.0084694e-01   4.8415820e-02   1.2248973e-01   1.5553671e-01  -1.7288315e-01   6.4733026e-03   2.6770441e-01  -8.2709477e-02   1.6721544e-03  -1.4846788e-01
  -1.5665157e-01   2.1553964e-01   1.5426971e-01  -4.1390886e-02  -7.0311933e-02  -1.0312901e-01  -3.0415776e-03   1.2174596e-01  -9.0309605e-02   1.2099329e-01   2.3270318e-01  -7.6134329e-02   8.2396004e-02  -8.0665022e-03   3.6448392e-01   4.3690832e-02   5.0656403e-02   1.3458531e-01   3.5722725e-02   1.2477774e-01  -5.3772452e-02  -3.0825079e-02  -2.3278501e-01   1.7853440e-01   3.3984588e-02  -2.3507958e-01  -7.8428646e-02   1.6945747e-02   4.6976432e-02  -2.7548885e-02   1.4670888e-01   1.5854244e-01   1.5057355e-01   2.5823903e-01  -6.1096852e-02   1.0599986e-01  -6.4840643e-02  -4.6932148e-02   8.2482049e-02  -2.4706096e-02   2.1813710e-01  -1.2980268e-01  -5.6080260e-02   3.0396735e-01   7.4039768e-02  -1.9627374e-01  -7.5058653e-02   1.3378151e-01  -2.5130867e-01
  -1.3804172e-01  -1.1195091e-01   1.7126213e-01  -2.2590521e-02   1.0279362e-01  -1.5723547e-01   9.6360061e-02   2.7903185e-02  -1.3854825e-01  -2.9653937e-01   5.0311558e-02  -1.1830968e-02   1.0916698e-01   1.6064973e-01  -1.6617999e-01  -1.5957703e-01   2.9467579e-01  -2.0697665e-02   2.3215862e-02   2.1519828e-01   1.1697359e-01  -1.5597097e-01   2.9664552e-02   7.7902177e-02  -1.2690195e-01   1.5817743e-01  -6.2958374e-02  -2.3191742e-01  -1.5292340e-01  -1.6030520e-01  -8.5282747e-02   3.2672818e-01   3.1033053e-02  -7.2517349e-03  -8.3803540e-02  -2.5747016e-01   5.7375902e-02  -4.5986754e-02  -5.4144602e-02  -1.5132321e-01   1.4987654e-02  -6.5680157e-02  -9.8086410e-02   1.7438663e-01   1.4035888e-01   2.7880457e-01   4.5533159e-02   1.3692973e-02   4.1552548e-02
  -1.4656460e-01   2.4971222e-01  -3.8194089e-02   1.8597085e-01  -4.1986987e-02   2.7346676e-02  -4.6739615e-02   6.4768178e-02  -1.3015541e-01  -1.7121357e-01  -9.8525671e-02   1.7707542e-01  -2.3342064e-01   2.5804038e-02   1.0750105e-01  -6.8873501e-02  -9.4337459e-02  -1.9882155e-01  -1.5792814e-01  -1.7927735e-01  -1.6248373e-01   7.6923037e-03  -3.6500938e-02   4.2439188e-02   2.1139199e-01  -1.2243710e-01   1.3173044e-01  -1.4004402e-01  -1.5988640e-01   1.3088256e-01  -1.7634847e-01   1.6806174e-03  -8.0936119e-02   2.4127427e-01   9.8792263e-02  -1.3980801e-01  -1.3675559e-02  -1.4189392e-02  -1.7307277e-01  -2.9839053e-01   4.8327980e-02  -1.2692952e-01   3.4699413e-03  -6.8032306e-02   2.0602379e-01  -5.8094698e-02  -3.9920183e-03  -3.5252408e-01   1.6438522e-02
  -1.5635191e-01  -4.2565977e-02  -1.9807723e-01   7.8393751e-02  -1.8239174e-01  -2.4826554e-01   2.1436315e-01   4.9915261e-02  -6.4140383e-02   1.5445665e-01  -2.2503378e-02   7.8211994e-02   2.6626670e-02   1.5892355e-01   4.8095565e-02   5.6321357e-02  -9.4340768e-03  -4.8087975e-02   6.6065486e-02  -1.8513620e-01   1.5474755e-01  -8.3116930e-02   2.4417229e-01  -1.3293713e-01  -7.7380320e-02  -1.9943762e-01  -2.4077996e-01   1.7848140e-01   7.0077752e-02   8.2926713e-03  -1.6074267e-01   2.3810963e-01  -1.0732597e-01  -3.0032942e-01   2.9014325e-01   5.8055876e-02  -3.7770902e-03  -2.6506700e-01  -1.0828965e-01  -1.4606464e-01   1.4422333e-01  -3.6695916e-02  -9.9768375e-02  -2.2148088e-02  -8.7024410e-02  -6.2016062e-02  -4.7398190e-02   2.4602268e-02  -8.4884541e-02
  -1.5431894e-01  -2.1833787e-01  -1.6192407e-01   9.8549415e-02  -2.0218201e-01  -1.1028409e-01  -1.7235808e-01  -3.7654292e-02   7.4605767e-02  -7.2324902e-02  -2.9936287e-02   1.9078432e-03   1.6599999e-02  -1.4938624e-02   1.7770674e-02   3.3835460e-03   2.1079118e-01   2.2537095e-01  -1.2965206e-01   2.9388185e-01  -1.3883546e-01  -2.2731333e-01  -2.5531941e-02  -1.4665027e-01  -3.8445420e-03   1.5606589e-01   1.4685327e-01   1.8429419e-01  -1.2869436e-01  -8.5785558e-02   7.4275967e-02  -7.9369356e-02  -1.5636578e-01   2.8329371e-01   1.5829392e-01  -7.7087654e-02   6.2292337e-02  -9.7155494e-02  -7.7194133e-02  -2.0873628e-02   3.3863341e-02   2.4356378e-01  -2.0628945e-01  -1.7483439e-01  -2.5530737e-02  -2.9050311e-01  -1.1073178e-01   4.8424151e-02   9.3542127e-03
  -1.2378045e-01   2.0828974e-01  -1.0436670e-01   1.4496716e-01   6.8512630e-02   5.2437555e-03   2.0339036e-02   1.0488844e-01  -2.2252151e-01  -2.1736250e-02   1.4006523e-01  -2.7441331e-01   1.5397711e-01  -2.6146425e-02  -6.7000969e-02   2.4231131e-01  -1.2796553e-01  -8.9535321e-02  -3.9999327e-04   2.2055151e-02  -3.9995782e-03  -1.5664696e-01  -2.9602254e-02  -9.5996757e-02  -9.6988111e-02  -1.3343269e-01  -2.4776716e-02  -1.3448359e-01  -1.5261592e-01  -1.3333947e-01  -3.3937823e-02   1.4157298e-01   2.6751168e-01  -7.8836336e-02  -9.9773805e-02   1.7416079e-01   1.2247948e-01   1.7917546e-01  -4.5940525e-02  -5.6449955e-02  -2.5050641e-01   1.7804266e-01  -3.3725992e-02  -4.0064219e-01   1.3393698e-01  -1.6319446e-01   7.0759186e-02   1.0546667e-01   7.5961944e-02
  -1.2832440e-01  -1.0176707e-01   4.2301747e-02  -1.4716347e-01   8.0980291e-02  -1.6437493e-01   2.6672105e-01   1.5104046e-02  -4.6098697e-02   1.0233496e-01  -6.1286859e-03  -1.0802698e-01  -5.1531080e-02  -1.1184587e-01  -1.3418229e-01  -2.2911758e-01  -1.7193560e-01   2.9923678e-03   1.6748914e-01   1.5019738e-01   2.3766756e-01  -2.7996310e-02  -6.2177946e-02  -2.0044514e-01   2.0320955e-01  -1.3786386e-01  -8.1992196e-02   1.9938139e-01  -2.7490551e-01   5.5935002e-02   1.9819464e-01  -5.0471114e-02   4.3469385e-02   1.1660151e-01  -2.8430279e-02  -5.2313143e-04  -1.0868338e-01   1.6299000e-01  -2.2039932e-01  -1.2184784e-02   2.6377175e-02  -3.1615665e-02   2.1193606e-01   9.3445569e-02  -5.5010481e-03  -1.0048480e-01  -1.6967952e-01  -1.3229480e-01   3.3294276e-01
  -1.1899577e-01   5.2178563e-02  -7.8836099e-02  -7.7665226e-02   1.5736291e-01   3.3178532e-02   8.9362545e-02  -2.3435221e-01   1.4385623e-01  -8.8933886e-02  -2.6184689e-01  -1.3842350e-01  -1.2677285e-01  -2.2838934e-01   7.4443117e-02  -1.0270624e-01  -2.5412168e-01  -6.5292754e-02   2.0499149e-01  -8.3486926e-02   1.7799079e-01   7.9304705e-02   7.0433300e-02   7.7270487e-02  -4.3899389e-02   8.1957838e-02  -3.2108349e-02  -1.1373983e-01  -2.7474619e-01   1.2071657e-01   2.4446056e-02   1.7898959e-01  -9.3137163e-02   2.1687129e-01  -4.2083828e-02   9.8415645e-02   2.8408816e-02  -1.0669065e-01   1.9943260e-01   1.7592682e-02   9.2863802e-02   7.1055510e-02  -4.2010968e-01  -8.9324740e-02  -6.9225889e-02   2.4175779e-02   3.2748307e-02   1.5843299e-01  -1.4240053e-01
  -1.3212319e-01  -3.9773846e-04   1.3068945e-01   2.2170741e-01   1.0715821e-01  -1.5701939e-01  -1.5569428e-01  -2.4528016e-02   1.1744816e-01   3.2236518e-02   4.5017447e-02   1.0355664e-01  -6.3089940e-03  -1.4896955e-02   1.2409134e-01   8.4665507e-02  -7.6587435e-02  -8.5227945e-02   1.1788364e-01   2.7957563e-02   2.5277726e-02  -5.0557722e-02   4.7127780e-01   2.5083292e-01   1.0366159e-01   2.4115897e-01   1.3062316e-01   1.5135055e-01  -1.4485172e-01  -2.4392804e-01  -1.0567381e-02   5.8154957e-03   2.4315088e-01  -3.8701534e-02  -8.5077950e-02   2.3238695e-01   1.0774106e-02  -2.0262249e-02  -5.2955610e-02   8.1237179e-02  -8.5890266e-03   1.4238533e-01   8.9485454e-02   1.7291369e-01  -9.7081082e-02  -3.7834138e-02   1.8046221e-03  -3.0782694e-01  -6.1068749e-02
  -1.6549658e-01   1.1981146e-02   1.9718206e-01  -2.6633531e-01  -2.5045926e-02  -1.8784289e-01  -4.2505971e-03  -6.7194679e-02   6.5645407e-02  -2.0601182e-01  -5.6150570e-02   2.6248861e-01  -1.4165602e-01   3.3849634e-02  -1.0198163e-01   4.8049583e-02   4.3356510e-03   2.9527696e-03  -2.2723505e-01  -7.3976401e-02   4.8215722e-02   4.8507795e-04  -6.8171770e-02   1.2673529e-01  -1.7193956e-01  -3.6893855e-01   1.5784350e-01   1.0091904e-01  -5.3910946e-02  -2.6337586e-01   5.7640675e-02  -1.5966210e-01   7.4910978e-02  -1.1439271e-01  -3.5737904e-02   1.5549821e-01  -1.8194116e-01  -6.6162270e-02   6.0158280e-02   1.9340951e-01  -8.6429306e-02  -9.3635285e-02  -2.2275529e-01  -1.8702607e-01   8.7780542e-02   9.2859593e-02  -2.0753695e-01  -4.5456322e-03   6.7297157e-02
  -1.3047573e-01  -1.9078243e-02   2.4378271e-01   8.0036690e-02   1.1163092e-01   3.1189045e-01  -1.5265461e-01  -8.4535971e-02   1.3141726e-01   1.1700673e-02  -6.5395029e-02  -5.9444922e-02  -3.5569657e-02  -7.5458949e-02   2.3893088e-01   7.7396585e-02   1.9201377e-01  -1.4277908e-01  -2.7482322e-02   2.5634100e-02  -2.0751066e-01  -7.3839884e-03  -1.1369019e-01  -9.5450116e-02  -1.1810087e-01  -1.5274585e-01  -2.4545327e-01  -2.9763733e-02  -2.1348054e-01   3.9565128e-02   5.5663394e-03   8.2620114e-02  -3.6744123e-02  -2.1147447e-01  -1.0940513e-01  -6.2187675e-02  -2.3080628e-01  -2.2168458e-01  -2.7388710e-01   8.2012737e-02   7.3841884e-02   1.2876591e-01  -5.2358280e-03   2.0340453e-02  -2.4644795e-01  -4.3348041e-02   1.1690689e-01  -8.5877764e-03   2.4538015e-01
  -1.5500882e-01  -1.2426324e-01   9.4676991e-02  -3.2635252e-02  -2.0675223e-01   1.8777369e-01  -1.5486553e-01  -1.7792686e-01  -4.5515990e-02  -1.1982421e-01   2.9187562e-01   1.1006597e-02   1.2789570e-01  -1.6563422e-01   6.2722724e-02  -2.1967341e-01   2.3667911e-02  -2.1090356e-01  -1.3755076e-01  -2.8178013e-01   1.2094075e-01  -2.0437982e-01   1.5511845e-01  -1.3229734e-01   1.2191465e-01  -6.4622942e-02  -8.0468241e-02   1.6065603e-02   1.0247690e-01  -9.5166271e-02   1.5435208e-02   8.9614268e-02  -1.2201949e-01   1.8530034e-02  -1.9140808e-01  -4.8235300e-02   2.0227827e-01   2.1917660e-01   2.0709564e-01   9.2200934e-02   2.9402230e-01  -1.1808234e-02   7.9720086e-02  -1.2214087e-01  -5.5972913e-02  -1.9096941e-02  -1.3079068e-01  -1.2342841e-02   3.2396496e-02
  -1.5705784e-01   1.7753531e-01  -1.2454944e-01   1.9219064e-02   1.4655615e-01   3.4820632e-03  -2.1607963e-01  -2.2302595e-01  -1.8060131e-01   1.8502339e-01   3.2333393e-03   2.1895724e-01   1.1995956e-01   1.7023207e-01  -9.0207471e-02   1.3506648e-01  -1.0002781e-01   4.5376022e-02  -1.5673465e-01  -1.6738541e-02   7.5970317e-02  -1.4697079e-02   1.0323814e-01  -2.0275605e-01   1.6036535e-02  -3.6194850e-02   5.3550511e-02   2.2484286e-01  -1.1960726e-01  -1.6091414e-03  -1.4239280e-01   6.5339069e-03  -8.4886351e-02   2.1933466e-01  -2.1340681e-01  -8.5473543e-02  -1.0009288e-01  -1.3148896e-01   2.3323953e-01  -7.2844375e-02  -1.6482319e-01  -9.2831200e-02   8.0199956e-02   2.2766192e-01  -5.2805508e-02   6.5016624e-02   1.6854063e-01   2.7134740e-01   2.0712694e-01
  -1.2296433e-01  -1.8377632e-01   2.6364334e-02  -2.4815511e-02   1.1394085e-01  -1.0716186e-01  -1.5276606e-01   1.5244192e-01   3.7124245e-02   1.1216526e-01   2.8449409e-01  -4.2366764e-02  -1.9401028e-01  -4.7011203e-02  -5.7517960e-02   5.1445529e-02  -2.4966656e-01  -6.8925234e-02  -4.3476444e-02   7.8005115e-02   5.8693545e-02   1.7802238e-01  -1.3805741e-01   3.0038659e-02   3.7766492e-02   1.4911510e-01   1.1588424e-01  -9.2686353e-02   2.7661947e-01   1.3476605e-01  -2.5657439e-01   2.2101090e-01   1.2777941e-01  -5.6469616e-02   3.9817035e-03  -1.7951009e-01  -1.6579139e-01  -1.9773114e-01   1.7496964e-01   4.0722777e-02   9.5334778e-02   2.0590363e-01  -9.3962777e-02  -4.3307456e-02   6.6708771e-02  -1.0234239e-01  -2.0991061e-01  -3.9038222e-02   2.7883233e-01
  -1.3365030e-01  -1.7118698e-01   9.4865209e-02   7.3231790e-02  -2.8897814e-01  -3.5055830e-02   1.0360991e-01   6.3573761e-02  -1.1271483e-01  -1.8741099e-02  -2.4365926e-02   5.5088963e-02   1.7596285e-01   5.8524385e-02  -6.0287072e-02   7.7548384e-03  -1.0378530e-01  -1.0691153e-01   2.4740101e-02   6.6243269e-02  -6.8783087e-02   3.1209461e-01  -5.8924256e-04  -2.4745069e-01   9.0549159e-02  -6.3238325e-02   5.8653806e-02  -2.8779832e-01  -1.9595018e-03  -1.8742108e-01   2.9284636e-01  -1.5744894e-02  -6.2960721e-02   6.6210711e-02   8.9150204e-02   1.2396981e-01  -2.5494527e-01  -8.9367468e-02   2.7988595e-01  -4.9539491e-02   2.8036186e-02   1.9878446e-01   2.5041523e-02   1.5917315e-02  -4.4866389e-02   6.5504223e-02   3.3599159e-01  -1.6462508e-01  -3.3197954e-02
  -1.4679929e-01  -1.5932210e-01  -1.5744786e-01  -1.7234613e-01  -2.9905139e-01   1.6355358e-01   1.3247508e-01   1.2878067e-01  -2.1705081e-02  -5.3651467e-02   1.9821669e-01   2.0833455e-01  -1.7382310e-01   6.0262084e-02   7.2441325e-02   1.1975099e-01  -8.3494233e-02  -2.0059829e-01   8.2271314e-02   2.0052755e-01   1.5447360e-02  -3.7515081e-02  -3.7835432e-02   2.4313076e-01  -9.1586169e-02   1.4145234e-01  -7.0400137e-02   1.3764391e-01  -1.7743445e-01   1.1772745e-01  -1.1091015e-01   3.3810087e-02   7.9834091e-02   7.9602918e-02   7.8564704e-02  -4.0719734e-02   1.0778520e-02   1.1778346e-01   6.9106827e-03   2.7090427e-01  -3.0636340e-02  -2.5470428e-01   4.5226615e-02  -1.1081203e-01  -6.8685787e-02  -3.1929247e-02   3.7608931e-01   5.6089780e-02   5.3700271e-02
  -1.4604385e-01  -1.2047550e-01  -9.8272756e-02   1.5334301e-01  -2.1418403e-01  -1.6264926e-01  -5.1271044e-02   1.4382825e-02   8.7638014e-02  -1.3225363e-02  -1.4966427e-01  -2.0367890e-01  -2.2901362e-01   7.0393953e-02  -1.4573355e-01   1.5124515e-01   1.2139664e-01  -2.3273344e-01   5.6346216e-02  -1.0440825e-01  -1.5523345e-01   1.4452858e-01  -2.0928840e-01  -1.4987253e-01  -2.0122785e-01   7.3663569e-02   3.5954509e-03   1.5073965e-01  -8.0488425e-02   3.1889842e-02  -6.5371482e-02  -1.4710881e-01   1.6631169e-01  -1.0468527e-01  -2.7502557e-01   6.2647845e-02   9.6870288e-02   2.6545668e-01   1.3619652e-01  -2.0966916e-01   1.4267256e-01  -7.9463518e-02  -1.1429668e-01   2.7051514e-01  -5.8749826e-02   1.4205301e-02  -9.3043187e-02   8.8208940e-03  -2.0699955e-02
  -1.5187287e-01  -6.2363536e-02   1.8783233e-01   1.6647745e-02   1.1753263e-01  -1.6825896e-02  -1.1688265e-01   1.1961142e-01   2.1654144e-01   7.9140524e-02  -6.9751378e-02   1.0351516e-01  -7.9538943e-02  -1.6372132e-01  -1.5142152e-01   3.0374224e-01   2.4685690e-01   1.3134388e-01   1.4408905e-01  -2.7740543e-01  -6.5145758e-02  -6.9428610e-02  -1.4820760e-03  -2.1130171e-02   1.6940404e-01  -6.1180363e-02  -1.5435533e-01   1.2172977e-01  -4.4296633e-02   1.1372477e-01   1.6455725e-01   2.3093382e-01   4.4053007e-02   8.5781921e-02   3.4230654e-01  -1.0075873e-01   4.8011164e-02   2.0985168e-01   2.2973535e-01   2.9445882e-02  -1.0806919e-01   4.4979829e-02   3.4093910e-02  -5.9660144e-03   2.2364770e-01   1.1123409e-01   9.4245525e-02  -6.5452566e-04   6.1431103e-02
  -1.4094581e-01   4.8085001e-02   5.5792037e-02   6.7001942e-02   1.3005398e-01   8.7516952e-02   1.2815867e-01   2.8225814e-01  -1.7202765e-01   1.3379432e-01  -7.9086932e-02  -2.1352789e-02  -3.8890191e-01  -4.8481961e-02   9.2144270e-02  -1.8323819e-01   3.4880798e-02   3.3564024e-01  -9.3969830e-03  -6.7056514e-03  -7.3819571e-02   3.5770291e-02   1.3677582e-01  -1.3863444e-01  -2.3335194e-01  -1.2849764e-01   9.4193566e-02  -1.4722203e-01   2.5697859e-02  -2.4911641e-01  -1.7868093e-01   1.0132851e-02  -7.5200920e-02   7.1088110e-02   6.6219341e-02  -2.8272390e-02   2.3142347e-01   1.4801627e-01   1.5154399e-01   1.5660934e-01   7.4930783e-03   6.7471581e-03   5.3704631e-02   5.5849724e-02  -2.9828079e-01   1.0221928e-03   4.5491359e-02  -3.6334722e-02   8.6294636e-02
  -1.2361523e-01   4.6121490e-02   2.3033348e-01  -2.4357182e-01  -3.9511940e-02  -8.4869972e-02  -6.0918585e-02  -1.2977653e-01  -1.7361088e-01   2.1401938e-02   4.4825553e-02  -3.2676479e-02  -1.4805714e-01  -6.7623647e-03  -1.9219100e-01   1.5271135e-01  -2.2649613e-01   4.0055371e-02  -1.8821964e-01   1.5883620e-02  -1.6392979e-01  -1.0399006e-01   7.2472549e-02   8.4182648e-02   6.6716318e-02   1.7578698e-01  -2.1685505e-01  -2.4667629e-01  -1.5442366e-01   4.1892641e-02  -8.3869685e-02  -2.7364045e-01  -5.9126599e-02  -9.5152243e-02   2.6578696e-01   1.2504402e-01   8.5882320e-02   3.4513660e-02  -9.8241901e-02  -7.7164053e-02   2.3242801e-01   1.8631391e-01   1.4531243e-01   1.3928945e-01   7.1102268e-03   1.2784187e-02  -2.3802379e-02   2.7995333e-01  -6.5060280e-02
  -1.5446951e-01  -4.7267894e-03   1.5055403e-01   2.0308523e-01  -1.0995973e-02   1.9734524e-01   1.0461736e-01  -9.3065425e-02  -1.7176115e-01   7.7586504e-02   6.2290554e-02   2.2226070e-01   4.3054680e-02  -4.2733048e-02  -2.9390927e-01   1.7486173e-02   5.0666591e-02   1.9096292e-01  -6.7229634e-02   2.2000886e-02   1.3218603e-01   1.0743915e-01  -2.6270462e-01   1.8872373e-01   5.5857461e-02   1.2152053e-01   2.2502328e-02   1.0392206e-02  -6.1829063e-02   1.6206494e-01   6.0481373e-02   1.3654633e-01  -2.8357068e-01  -2.4686715e-01  -1.1563181e-01   2.7044373e-01   2.0481362e-01  -2.1838779e-02   1.9191143e-02  -9.5623362e-03  -1.2754590e-01  -5.0166307e-02  -1.2606790e-01   8.5379026e-02  -5.5294344e-02  -2.7238266e-01  -4.9363362e-02  -1.8119432e-01  -2.3479588e-02
  -1.5246253e-01   1.8229765e-01   2.6323760e-02  -1.2054514e-01   5.0882296e-02  -1.7996036e-01  -5.1141246e-03   3.9805463e-02   4.3997258e-01   3.7855198e-02   1.7361207e-01  -1.0170894e-01   1.0961468e-01   7.3962988e-02  -8.9813891e-02   1.9896396e-01   6.1500102e-02  -3.6805238e-02  -1.4840481e-02   1.0749849e-02   2.9103667e-01   1.5730422e-01  -1.1885364e-02   1.1089686e-01   4.8612319e-03  -1.5883644e-01   2.8852092e-02  -1.6811666e-01   1.2693710e-02  -5.6178782e-02  -8.0213486e-04  -2.3569556e-01  -1.6963873e-01   4.9996414e-02  -5.4992004e-02  -2.7995274e-01   2.9291079e-01  -4.1675012e-02  -6.3851915e-02  -1.2060057e-01   3.1574654e-02   3.5095917e-03   3.2626902e-02  -5.5100455e-02  -2.2104665e-01  -1.5541357e-01   2.0795541e-01  -1.0114612e-01   8.4479646e-03
  -1.4918512e-01  -2.0996977e-01   3.6282107e-02   1.9076411e-01   1.6426992e-01  -7.4876918e-03   2.0417233e-01  -4.0760604e-02   1.0102702e-01  -3.7219112e-02   2.3115104e-01  -7.0562072e-02  -1.9640952e-02  -1.1071391e-01   3.7747415e-02  -1.0128811e-01  -7.0360448e-02   5.0328401e-02  -2.3805521e-01  -3.5855877e-02  -1.6812047e-01   3.9069449e-01   2.4778012e-02  -2.5644828e-02  -1.0255263e-01   3.7454479e-02  -2.1056629e-01   2.1822537e-01  -1.6919171e-01  -6.9551263e-02  -1.7629329e-02  -4.6915259e-02  -4.5166238e-03   6.2424302e-02  -5.2566972e-02  -1.1208970e-01   9.1257801e-02  -1.8644023e-01   7.7094203e-03  -2.5073649e-02  -1.5457770e-01  -6.0296910e-02   2.6302404e-01  -1.6158405e-01   1.8090796e-01   8.2755498e-02  -8.8220166e-02   9.4943770e-02  -3.1865904e-01
  -1.4030379e-01  -4.7141887e-02  -1.0050696e-01  -2.9886793e-01  -8.9991274e-02   9.7581530e-02   1.3581775e-01  -1.6709866e-01   1.2536481e-01   2.1154070e-01   1.4349504e-01  -1.4453914e-01  -4.2445649e-02  -3.0105827e-01   7.8323314e-02  -1.8194405e-02   1.0790421e-01   7.3484664e-02  -2.0776532e-02   1.6475276e-01  -2.6882884e-01  -1.2828854e-02   2.4109807e-01  -5.1523575e-02   1.6088609e-01  -1.0953936e-01   3.4635908e-01  -4.5456089e-02   1.1057240e-02   2.4616191e-02  -6.7288715e-02   5.4127275e-02  -3.5980645e-02  -2.7095404e-01  -6.9368506e-02   5.9169093e-02   5.3047315e-02  -2.2342383e-02  -1.9377315e-02  -2.2651872e-01  -1.1827089e-01  -1.2556364e-01  -1.1675160e-01   1.0987390e-01   2.1930993e-01   7.8356721e-02   1.3213653e-01  -9.9858878e-03   5.1152911e-02
  -1.5491607e-01  -5.1298343e-02  -8.7124360e-03  -2.3800748e-02   1.3661027e-01  -6.7913446e-02   7.9709978e-02   1.5585304e-01   7.4947650e-02  -3.7218463e-02  -2.8921551e-01   1.4210639e-01   2.0832316e-01  -1.0939221e-01   6.5632373e-02  -2.2908949e-01  -1.9765527e-01   9.1986809e-03  -2.8323199e-01  -1.0118546e-02  -1.1141098e-01  -9.4089269e-02   5.7396931e-02   2.1033242e-01  -6.9888777e-02   6.6354563e-02  -6.3739309e-02   7.1733795e-02   1.3948262e-01   2.6415225e-02   1.2208636e-01   1.7324111e-02   8.6682809e-02  -2.2098883e-01  -3.6620399e-02  -2.5481135e-01  -1.8015761e-01   2.9830196e-01   9.9095092e-02  -2.2648117e-01  -4.1361476e-02   2.8993673e-02  -3.5385365e-02   2.5372616e-02  -9.4192421e-02  -3.0656381e-01   1.6267051e-01   1.2030966e-01  -1.6491204e-02
  -1.3945597e-01  -8.5880607e-02  -7.2963936e-02  -2.1400717e-01   7.4616760e-02   4.4671864e-02   2.5580075e-01  -1.6151392e-01  -1.4652308e-01   7.4326621e-02  -3.4161435e-02  -1.7113127e-01   1.6627461e-01   4.2529279e-02   2.0351136e-01   2.6843182e-01   1.3591350e-02   9.0421581e-02  -3.4218820e-01  -2.6152229e-01   5.4486811e-02  -7.7001320e-02  -4.8910997e-02  -6.3085540e-02  -2.0181511e-01   2.5184542e-01   2.1981985e-02  -3.6168897e-02   6.9709188e-02   1.2347199e-01   1.2910686e-01  -2.6481460e-02   1.8353620e-01   1.5805625e-01   8.1260553e-02  -4.2361241e-02   4.0461296e-02  -3.3658444e-02  -5.0297716e-02   9.1616657e-02  -2.9936346e-02  -2.4179214e-02  -8.8147916e-02   9.0459352e-02  -7.8405267e-02   9.7538586e-02  -4.4491617e-02  -3.8586298e-01   7.3025360e-02
  -1.5676511e-01  -1.3311875e-01   1.0251593e-01  -1.4289414e-01  -5.1529368e-03  -6.0053137e-02  -2.0035772e-02  -1.3986847e-01  -2.8063680e-03  -1.1876546e-01  -3.0014259e-01  -1.5419568e-01  -1.8336068e-03   3.2457185e-01   1.2374971e-01   7.4372343e-02   2.6586917e-02  -1.2749759e-01   1.0095746e-02   2.0109826e-02  -1.5094517e-02   8.0655139e-02   8.7103995e-03  -9.2733504e-02   1.9764920e-01  -7.4763480e-02   2.6873362e-01  -1.1429251e-01  -2.5420228e-03   1.2345640e-01  -9.2699077e-02   2.5304123e-01  -5.6765573e-02  -8.3793825e-02   1.8989035e-02  -7.2074065e-02   7.4375085e-02   6.9058365e-02  -8.3927670e-03   2.9386822e-01  -2.1104152e-01  -1.5447795e-02   2.9618410e-01   4.5558119e-02  -4.1233096e-02  -2.4819272e-01  -1.4504638e-01   1.2002772e-01  -2.2906982e-01
  -1.3813999e-01  -8.6523561e-02   5.9481469e-03  -2.8628147e-01   1.5300084e-01   2.1160933e-01  -3.8333364e-02   3.2085122e-01  -1.3466412e-01  -1.3065904e-02  -3.4497236e-02   8.9274855e-02  -1.6213638e-01   8.0404161e-02  -1.3359456e-01  -6.2395613e-02   2.9694371e-01  -3.1482236e-02  -1.1382965e-02  -1.1842553e-01   1.5490520e-01   5.4860094e-02   1.4430427e-01  -1.5154149e-01   2.4112232e-01   9.6368338e-02  -3.6716958e-02   2.6558027e-02   1.0572590e-01   1.0321017e-01   6.7247334e-02  -1.3160523e-01   2.8066904e-01   8.7255398e-02  -2.2054536e-01   1.3294958e-01  -2.4267403e-02  -2.0109709e-01  -1.1874456e-01  -1.6281019e-01   1.4511303e-02   4.7082840e-02  -8.4775778e-02  -1.3172522e-01  -7.7385861e-02  -1.1872639e-01   7.5209761e-02   1.0350446e-01  -2.2770286e-01
  -1.2525773e-01   8.0939858e-02  -1.1974724e-01   1.4894340e-01  -1.7909447e-01   6.6121094e-02   9.5978846e-02   2.3768281e-01   2.1836840e-01   1.1270394e-01  -2.3121914e-02  -8.5395775e-02  -5.9581281e-02   1.3724035e-01   1.9100395e-01  -1.1149960e-01  -3.7308205e-02   8.9077063e-02  -7.8731327e-02  -2.3456589e-01   1.5560692e-01  -1.9954907e-01  -1.5123644e-01  -1.1215463e-02   2.8659181e-01   2.5165516e-01  -4.8055321e-02  -1.8138880e-01  -1.8481318e-01  -2.0072565e-01   5.2757639e-02  -1.8644501e-01  -4.7181893e-02  -2.0334087e-01  -8.4424131e-02  -5.5677478e-02  -6.5275137e-02  -1.4398348e-01   7.5103686e-02   1.7932283e-01  -1.6012284e-01  -3.5987540e-02  -5.7107360e-02   1.1246005e-01   2.0835215e-01   6.3044914e-02  -6.9863092e-02   1.6464712e-01   1.0254745e-01
  -1.4458650e-01  -7.1769256e-02  -8.4612414e-02   1.8317755e-02   3.9887462e-02  -1.3745190e-01  -2.5431201e-01  -1.9366318e-01  -1.7903215e-01  -3.3387307e-02  -2.1808693e-01  -7.2650562e-02  -1.6402296e-01  -1.7661463e-02   2.2113583e-01   1.4844011e-01  -4.0466404e-03   1.9288436e-01   4.3382712e-02   1.7839839e-01   1.1548416e-01   2.1881237e-01   3.5414553e-02   2.2351697e-02   1.6228893e-01   1.1515436e-01  -3.2558438e-01  -6.2493760e-02   2.7142259e-01  -1.9468242e-01   1.0977661e-01  -2.5806782e-02  -8.8781354e-02  -8.6734916e-02  -1.1524169e-01   1.7309004e-02   3.2886676e-02   9.0966527e-02  -8.8299611e-02  -1.2763785e-02   6.6719750e-02  -3.0700683e-01  -1.7355115e-02  -2.1236988e-01   1.6871862e-01   9.1262308e-04   9.7000275e-02  -5.8309912e-02   1.4229295e-01
  -1.5528877e-01   2.0764112e-01   1.9767063e-01   7.0800242e-02   7.4425852e-03  -6.6706332e-02   4.6551482e-02   1.0869478e-01  -1.5945172e-01  -2.1071555e-01   1.2218349e-01   6.0900367e-02   5.4618092e-02  -1.5573967e-01  -8.3815305e-03   1.2982170e-01  -1.5700256e-01   3.7989506e-02   2.9197780e-01  -9.3758127e-02  -6.0201924e-02   2.1056421e-02   1.2346302e-01  -3.0515279e-01  -1.4857932e-01   1.6165797e-01   1.8270462e-01   1.1752304e-01   1.2726203e-01   1.2183080e-01   1.2416955e-01  -1.6205138e-01  -1.5461924e-01  -1.2121703e-01  -8.8048856e-02  -2.8125650e-01  -5.4570111e-02   7.1679511e-03  -2.2597104e-01   2.5367898e-01   4.3964264e-02  -5.2983156e-02  -1.7930771e-01   8.0280885e-02   1.5180521e-01  -5.3830381e-02   6.0162013e-02   7.1095249e-02  -1.2260899e-01
  -1.3804467e-01  -1.4302471e-01   7.0866756e-03   1.1913090e-01   1.0548149e-01   3.1794164e-01   2.6763284e-01  -1.2011913e-01  -1.5004654e-01  -5.7479712e-02   1.4291734e-02  -1.5454550e-01   7.4412532e-02   7.3530179e-02   9.9918386e-03   1.7155951e-01   1.0741463e-01  -4.3177785e-02   1.9778319e-01  -1.1921704e-01   8.3732873e-02   1.0280141e-01  -3.0346069e-02   3.0142875e-01   1.4242609e-01  -5.2242073e-02   1.5918295e-01   1.5753078e-01   1.4065284e-01  -2.9758603e-01  -1.9651411e-01  -1.8147286e-01  -1.2087669e-01   1.0732848e-01   1.4994521e-01  -7.8470592e-02  -2.3189474e-01   1.6000540e-01  -7.3051272e-02  -1.3784575e-01   7.3354523e-02   1.2519222e-01  -6.8148738e-02   2.8575927e-02  -7.3295196e-03   1.5666136e-03  -7.3416772e-02   1.8213375e-01   6.9424666e-02
  -1.5472643e-01  -7.7244398e-02  -2.5212144e-01  -2.2690437e-02  -1.6276902e-02   4.5574390e-02  -1.9840336e-01   5.8065662e-02   4.6912518e-04  -1.0522088e-02   1.7482764e-01   4.0108566e-02   1.7450283e-01   1.8391657e-01   3.9616193e-02  -8.3621489e-02   1.2947217e-01   2.2830138e-01   1.4813298e-01  -7.6631386e-02  -2.6951976e-02   2.1524721e-01   3.0153625e-01   1.2784653e-01  -1.9984197e-01  -1.0557074e-01  -1.0078841e-01  -2.8773881e-01  -2.0482815e-01   3.1892266e-01   1.2460373e-02  -1.4481493e-01  -5.6400661e-02  -9.1252578e-03  -2.3448769e-02   3.7135420e-02  -2.3648880e-01   2.3163624e-01   1.1538937e-02   3.1523807e-02  -5.0699593e-02   1.0897654e-02  -3.3872494e-02   1.2761686e-02   6.5159971e-02  -2.9349552e-02  -2.5856049e-01  -3.4080683e-02   5.4174335e-02
  -1.5211887e-01  -1.1814374e-01  -1.9856644e-01  -6.2071838e-02   1.6846613e-01   5.8481033e-02  -1.0598777e-01   6.2374624e-02  -2.1063414e-01   9.8929789e-02  -1.7812561e-01   1.7038537e-01   1.3538718e-01  -2.3355898e-01   9.4492023e-02   8.8809253e-02   3.4508222e-02  -1.3339501e-01   2.8024975e-01   8.3732778e-02   4.8321430e-02  -1.6707572e-01  -1.8900717e-01   8.1112291e-02  -1.5110641e-01  -4.7401199e-02   1.3631071e-01  -8.3531290e-02  -1.2757333e-01  -3.5819102e-02   7.8610241e-02  -2.2251033e-01   2.4031652e-02  -1.8385505e-01   4.1048405e-02  -1.4177482e-01   1.5160128e-01  -2.5989206e-01   2.4065143e-01  -7.1985838e-02   1.3920307e-01  -2.3873803e-02   2.9640666e-01  -6.6675916e-02   6.5329362e-02   3.7987056e-02  -1.5487795e-01  -7.9984324e-02  -9.4756511e-02
  -1.4673331e-01   3.0105452e-01   9.9489186e-02   1.0673823e-01  -1.3482736e-01   1.2097720e-01   6.3681757e-02  -1.5484603e-01   6.2710470e-02   4.5141149e-02  -4.0417614e-02  -2.0099526e-01  -2.7130849e-01   1.0414625e-01  -7.7816488e-02  -1.5012439e-01   1.7452171e-01  -1.0160418e-01  -3.3896769e-02   7.2151810e-02   1.8032070e-01  -6.4957484e-02   1.6466886e-01   1.0991152e-01  -3.4913028e-01   1.2514283e-01   1.0393818e-01   5.8089875e-02   1.8376452e-01   1.3598041e-01   2.8057791e-01   5.8877632e-03  -1.1549478e-02   2.1707908e-02   9.1814377e-02   5.1854017e-02  -1.3844768e-01  -1.2333409e-01   1.3160544e-01  -9.0920661e-02   2.6505278e-02   3.1724326e-02   2.9180759e-01  -9.6305215e-02   2.0701490e-01  -1.0413335e-01   2.6513002e-02   5.9170092e-02   1.1447094e-01
  -1.2282826e-01   8.6855310e-02   2.0813527e-01  -1.8807438e-01   2.1664784e-02   5.6631345e-02   6.2443943e-03   7.0244777e-02   8.1577795e-02   1.4763228e-01  -1.8959664e-01  -3.9091445e-02   3.4910164e-01   2.4321963e-01  -2.6095625e-02  -2.6715277e-01  -1.7925214e-02  -7.6728334e-02   1.8392161e-01  -2.2041124e-02  -2.6747031e-01   1.1334697e-01  -2.1814908e-02  -8.8714675e-03  -7.1985454e-02   9.5328823e-02  -1.2470110e-01   1.5100220e-01   6.2808935e-02  -4.5750790e-02  -2.6211803e-01  -1.1510607e-01   1.0178499e-02   1.0269148e-01   4.6855967e-02   1.5059440e-01   2.5147384e-01  -9.2567255e-02   7.1383321e-02   1.0361293e-01   8.9820614e-02  -1.6824091e-02  -1.0482433e-01  -8.6873121e-02   2.8394299e-01  -1.1289083e-01   5.1729100e-02  -1.0597839e-01   2.1822095e-01
  -1.4223267e-01  -2.2906021e-01   2.7258740e-02   1.8028373e-01  -2.9104167e-03  -6.4557717e-02  -9.1742114e-02  -3.7682645e-01   1.0124099e-01   1.2295406e-01   6.4674219e-02   1.6990492e-01  -3.8059824e-02  -3.8317793e-02  -1.3076027e-02  -2.6334845e-01  -3.2334770e-02   1.2393559e-01   1.5056402e-01  -1.7206840e-01   1.4253543e-01  -1.2430096e-01  -2.1830692e-01  -9.8486232e-02  -1.3280795e-01  -9.4148694e-02   6.2180258e-02  -2.1425256e-01   1.5103573e-01   1.7485626e-02  -1.6058001e-01  -1.2179420e-01   3.3717800e-01   6.6676244e-02   1.0093710e-01   4.0408975e-02  -3.2769463e-03   3.0749858e-02  -2.3684911e-01   1.8146175e-02  -9.8425173e-02   5.5535862e-03   1.7159554e-02   6.0854223e-02   9.5218613e-02  -7.7077586e-02   2.7156954e-01   6.0756578e-02  -1.1526545e-01
  -1.3628038e-01  -1.1794199e-01  -2.1853546e-01   6.7942243e-02   8.7239292e-02   2.3081311e-01  -6.9620922e-02   1.2646718e-01   1.9841702e-01   3.6193604e-02  -5.5565284e-02   3.6023256e-02   4.7247650e-02   3.3672724e-03  -3.1162569e-01   8.2702042e-02  -2.2513641e-01  -1.6177592e-01  -3.0173062e-02  -5.4655105e-03  -1.8381291e-01  -4.7960136e-02   9.2089846e-02   2.1348570e-02  -1.0373646e-01  -5.2771183e-02   1.1359886e-02  -1.9255407e-01   1.9632777e-01  -2.1076432e-01   2.8467386e-01   1.7021044e-01  -3.4479236e-02   1.9979283e-01   4.5697727e-02   9.6649217e-02   9.9551445e-02  -9.8980933e-02  -2.7876117e-01   6.6695605e-02   2.8610116e-02  -2.7782752e-01   3.8142786e-03   1.8297600e-01  -5.8408997e-04  -1.8178629e-02  -1.7603127e-01   1.2144996e-01   6.0326187e-02
  -1.4079226e-01   9.6786025e-02  -7.1340383e-02  -8.2657401e-02   1.0437688e-01   4.9331456e-02  -3.4179997e-02  -2.1027587e-01  -9.4494860e-03  -5.1148295e-02   2.2454961e-01  -9.7218865e-02  -1.5901326e-01   3.8114045e-01  -1.0598658e-01  -1.4040090e-01  -1.7735386e-01   1.2290818e-01   2.6896901e-01  -2.9485158e-02  -3.3960668e-01  -2.0380035e-01  -1.1554007e-01   4.7128595e-02   1.4404381e-01   2.1825017e-03  -8.6834172e-02   1.0431735e-01   6.1498829e-02  -4.1393231e-02   2.3095475e-01  -4.2081885e-03   5.1112313e-02  -1.2184150e-01   1.4277160e-02  -1.6763978e-01  -1.8329284e-02  -5.2199373e-02   1.4458401e-01  -1.0063569e-01  -1.1116974e-01  -2.1179160e-02  -7.3131719e-02  -1.3261574e-01  -2.7032642e-01   9.9229567e-02  -2.3229922e-02  -1.8113801e-01  -1.1824879e-01
  -1.3284983e-01   4.4598043e-02  -1.3283917e-02   1.5754310e-01   9.3544998e-02  -1.9233386e-01   2.2519376e-01  -5.8292119e-02  -4.2415047e-02   1.7049766e-01   3.1899581e-02   3.1105382e-01  -3.2235221e-02   8.6263667e-02   2.3824092e-01  -4.8085834e-02   1.3266246e-01  -2.8047701e-01  -1.1670206e-02   1.2492956e-01  -1.1822400e-01   6.4162225e-02  -5.9267287e-03   5.6926430e-02   1.0955481e-01  -9.8025762e-03   1.7360136e-02  -7.9198336e-02   1.8040186e-01   2.1003833e-01   2.2211889e-01  -7.3586959e-02  -1.7185613e-02   5.0125705e-02  -5.7364140e-02   4.6274651e-02   2.7157649e-01   1.1446776e-01  -8.9000926e-02   4.8997172e-02  -7.8760783e-02   2.4421032e-01  -1.1184528e-01  -8.6193768e-02  -8.1811090e-02   2.8674364e-01  -1.1944859e-01   2.3562352e-01   1.6110646e-01
  -1.5712908e-01   2.1758736e-01  -4.0937894e-01  -1.1934986e-01   1.3609257e-01  -1.8288758e-02  -9.0961261e-03  -4.2062509e-02   1.4759297e-04   7.5865497e-02  -2.4573653e-02  -3.2074298e-03  -6.7787185e-02  -6.1859626e-02  -1.8692977e-01  -9.4443060e-02   1.3559810e-01  -1.0728854e-01  -1.1450803e-01   8.6239792e-02  -1.1891705e-02   5.5379841e-03  -1.2309193e-01   2.4562242e-02   2.5774452e-02  -5.8021767e-02  -1.5211277e-01   7.3770355e-02   9.3472946e-02  -1.1232961e-01  -8.7482820e-02   7.0006062e-02  -1.4738000e-01  -3.4620748e-02  -8.0771654e-02  -8.3074700e-03  -1.3736252e-01   1.3536084e-01  -8.2615122e-02   3.4281979e-01   1.1423403e-01   3.7201387e-01   3.5271301e-02   1.4952928e-01   1.9368504e-01   6.8851209e-02   1.3353555e-01  -2.0794769e-01  -2.5386105e-01
  -1.3939738e-01  -4.3079221e-02  -6.6024506e-02   5.6710825e-04   2.4439251e-02  -3.8536958e-01   3.2632277e-02   1.1591153e-01  -2.4930716e-02  -1.1331171e-01   8.6544870e-03  -1.6164853e-01   9.1674740e-02  -1.8318723e-01  -7.5064179e-02  -5.1200604e-02   1.2018604e-01   8.8113753e-02   7.4059834e-02  -2.8706545e-01  -2.1919706e-01  -1.3606669e-01  -1.1446897e-01   1.9697164e-01   3.0936161e-02   1.0154413e-01   1.1445878e-01  -2.8177519e-02   1.0083697e-01   1.1513997e-01  -9.7109296e-02   4.6013684e-02  -2.3391110e-01   1.2295949e-01  -1.8713636e-01   2.7448910e-01  -1.7700895e-01  -1.3577770e-01  -6.2650438e-02   4.8126588e-02   1.5540875e-02  -1.0106022e-01   2.5666934e-01  -1.5569842e-01  -2.0100380e-01   9.4999045e-02   1.5718797e-01   8.1062965e-02   1.2113573e-01
  -1.4872919e-01   1.2639607e-01   6.2859387e-04   7.7890532e-02   6.1856251e-02  -2.6952149e-02  -3.4320997e-01   8.6635019e-02  -1.3750023e-01   1.4878560e-01   4.6746287e-02  -2.4496830e-01   1.5446841e-01  -6.3306333e-02  -5.3136074e-02  -2.5465113e-01   7.5667917e-02  -1.4142828e-01  -1.6723772e-01   3.1220581e-02   1.2335429e-01   2.0974028e-01  -1.0017438e-01   1.7323783e-02   7.8149589e-02   7.6308059e-02   2.2055585e-01   1.3287370e-01  -1.2128440e-01   2.1691625e-02   7.2701042e-02  -4.1567771e-03   8.0719503e-02  -1.3786275e-01   4.1508130e-01   1.2282714e-02  -1.3144409e-02   7.7505718e-02  -9.7024543e-02   9.2369209e-02   3.4464965e-02  -2.3043808e-01  -1.4356113e-01  -6.1678723e-02  -2.0300132e-01   2.2507580e-01   4.2049157e-02   7.3031003e-02  -6.7204630e-02
  -1.2622602e-01   2.5045318e-02  -1.9295560e-01  -1.9682737e-02   3.7767346e-03   1.2680906e-01  -8.4194523e-02   8.3071305e-02   7.2578721e-02  -5.9505063e-01   1.5863207e-02  -3.3940636e-02   3.7587961e-02   1.0450135e-02   1.5308012e-01  -5.4093859e-02  -1.3435477e-01   1.8988936e-01  -2.0857409e-02   1.5971282e-02   9.7445821e-02   1.0138392e-01  -7.6423450e-02  -1.2894799e-02   3.1433504e-02  -1.2996155e-01   3.0191053e-02   1.8203523e-01   1.0510242e-01   1.2526600e-01   3.9766495e-02  -3.5426158e-03   1.0281756e-01  -1.1619801e-01   1.3438208e-01   2.0493553e-01   2.6450941e-01  -1.0332419e-01   1.2903961e-03  -7.6873846e-02  -4.9158256e-03   2.1445795e-01   1.1071788e-01   2.5558215e-01   2.4712667e-02   1.2856604e-01   1.0878867e-01   5.2858045e-02   2.0052446e-01
