  -1.3919978e-01   2.2241452e-01  -6.2349803e-02   2.6379078e-01  -2.4444352e-01  -7.4250728e-02  -2.6110339e-01   3.9222971e-03   3.4085620e-02   1.5483100e-01   1.3238773e-01  -1.2249419e-01  -5.4211738e-02   1.7838503e-01   1.9929001e-02   7.2533314e-02   9.4439805e-02   1.6882194e-01   1.3838604e-01   2.8120026e-02  -8.8674237e-02  -3.0582768e-02   1.4099114e-01  -3.7950956e-02   3.0477324e-01  -4.5542265e-02   5.5900925e-02  -1.2240355e-01  -3.2200317e-01   1.9087261e-01   1.7085744e-01  -7.4013390e-02   8.8040273e-02  -5.9342821e-02  -1.5767152e-01  -4.9876793e-02  -4.2558139e-02  -5.5687418e-02  -1.7633457e-01   1.7665708e-01   2.0530312e-01  -1.0068165e-01   2.3941165e-02  -9.6183936e-02   2.1249720e-01   1.0603612e-01  -1.5866247e-01  -4.4205633e-03  -3.5624759e-02
  -1.3992960e-01   3.7988697e-02   1.5186824e-01   1.1751905e-01   1.5312420e-01   1.3974091e-01  -6.8539913e-02   8.8542341e-02  -1.2355679e-01   1.7957441e-02  -2.5688243e-01   2.5197046e-03  -6.3155277e-03  -1.8643534e-01  -9.0146838e-02   8.8228738e-02  -3.6363037e-01  -2.3520873e-01   1.6026287e-01   1.2398815e-01   6.3073948e-02   5.9595502e-02  -5.8338775e-02   2.7293965e-02   2.5575564e-02  -2.5448844e-01   1.7697991e-01  -1.9523556e-02  -3.6953018e-02  -2.5639067e-02   1.2621947e-01   2.1700269e-01   1.4327886e-01  -1.3449127e-01   1.1541764e-01   1.7160726e-01   6.4947067e-02  -2.3281382e-01   2.0109575e-01   7.9300830e-02  -3.6204882e-02  -2.4089642e-01   7.5240323e-02  -1.3414115e-02   2.2645943e-01   1.7597350e-01   5.2744431e-02   2.8259139e-02  -1.1956647e-01
  -1.5018669e-01  -9.1325957e-02   1.2871050e-02   7.8883587e-02   3.1715128e-01   7.0011757e-02   9.7506309e-02   7.4696991e-02  -1.0354557e-01  -1.4301313e-01  -1.7606758e-02   2.5753069e-01  -2.9597057e-01  -5.6676581e-02   2.7848674e-01  -2.3672881e-01   8.7031659e-02   1.5280361e-01   1.5469144e-01  -2.1367600e-02  -4.6192979e-02   3.1924184e-02  -3.7446517e-03  -2.3606086e-01  -1.8013047e-02   5.5979148e-03  -2.8194737e-01  -2.0794081e-01  -1.8578739e-02   7.5461345e-02  -1.3600504e-02  -3.9423826e-02   1.8026517e-01   1.3061659e-01   8.5949447e-02  -6.4003321e-02  -8.1775634e-02   2.4979274e-02  -1.1294540e-01   1.2277356e-02   2.8091213e-02  -1.6926215e-01   4.0030479e-02   1.7203840e-01   2.1840152e-01   1.8487148e-02   4.1722299e-02   1.3485104e-01   2.5494277e-01
  -1.5048595e-01   1.1091849e-01  -1.4117131e-01   1.7739601e-01  -1.4538388e-01  -3.9525288e-02   2.9981603e-01  -3.9944127e-02  -1.8395689e-01  -6.3374907e-02  -1.9455252e-01   4.8902067e-02  -2.0325955e-01   4.1856354e-02   6.7765851e-02  -3.0418473e-02  -7.3612978e-02   2.0851590e-01   6.6236963e-02  -1.9611924e-01   3.6547776e-01   5.2159769e-02  -2.3670251e-01   7.7736449e-02  -1.3838658e-01  -2.7259154e-02   2.2623959e-01  -4.0950347e-02  -2.6029547e-02   3.3429653e-02  -3.7455898e-03  -1.5567099e-01  -1.2557147e-01   1.2045999e-01  -2.2467173e-01   1.6207259e-01   2.6247958e-02  -6.4449074e-02  -9.8881953e-02  -4.7457962e-02  -3.4441425e-03  -1.3605234e-01  -8.1573720e-03  -1.5187094e-01  -2.7162476e-01   4.2301194e-02  -4.8245187e-02   1.7829597e-01  -9.2943965e-02
  -1.5837532e-01  -1.0888654e-01  -2.9492149e-01  -7.8304124e-02   1.0764169e-01  -2.6273630e-01  -4.9037772e-02  -8.7169964e-02   3.5534664e-02  -1.0582623e-02  -2.4494312e-02  -1.5531939e-01   1.1516647e-01  -1.9277203e-01  -1.8314175e-01  -2.5894701e-02   2.1104426e-01   1.9297386e-01  -2.0670336e-01  -7.9309262e-03   4.2832732e-02  -7.0172358e-02  -1.2860845e-01  -1.2584866e-01  -7.0589991e-02  -4.2689494e-02  -8.0384200e-02   6.4832439e-02  -6.6098713e-02   7.9734007e-03  -2.4905103e-01  -9.1981871e-02   1.5229593e-01  -2.4670443e-01   1.2385444e-01   7.1287664e-02   6.2400933e-02   2.7188962e-02   8.8691342e-02  -7.2857592e-02   9.3183528e-02  -1.6693352e-01   4.9349106e-02   2.0188669e-01   9.6996502e-02   1.8843760e-01  -1.5826341e-01   2.0901308e-01  -3.1115981e-01
  -1.2463227e-01   1.4994701e-01  -1.8174285e-01  -1.6092095e-01  -1.2191170e-02   3.0114654e-01   1.5779580e-01   8.8013570e-02   9.0431593e-02   1.5852883e-01  -1.0310791e-01   5.7072227e-02   6.8829528e-02   7.2029641e-02  -1.0314543e-01  -1.2050884e-01  -2.0399876e-01   4.7344141e-02   3.3539892e-02   1.0987374e-01   1.4230995e-02   2.4208025e-01  -1.8423364e-01   1.2449664e-01   1.0518363e-01   1.0866487e-01  -1.8167782e-01   3.1747577e-01  -2.2295510e-01   6.0820551e-02   4.6582858e-02   7.9205201e-02  -1.9026085e-02   2.5000501e-02   2.4327345e-02  -1.8793765e-01  -4.1112789e-01   6.6712794e-02   4.3187227e-02  -1.4175096e-01   6.3349521e-02   2.5817402e-03   4.0061681e-02   1.0383120e-01   3.9517845e-02  -1.2949118e-01  -1.9169037e-01   6.4321141e-02  -7.4255559e-02
  -1.2984167e-01   1.6379638e-01   1.2350156e-01   9.0943654e-02   5.2491429e-02   1.9121033e-01  -2.4010996e-02  -6.3842319e-02   1.4951809e-02  -7.3533421e-02   9.6410297e-02  -1.6028793e-02   3.3358061e-01  -1.5560114e-01   1.6506803e-01  -9.4425458e-02   2.2120370e-01   9.6363873e-03   1.8548214e-02  -1.3299970e-01   1.5001929e-01   3.9300590e-02   6.6287535e-02   1.0454511e-02  -1.1926271e-02  -1.2183717e-01   2.4487470e-01  -2.1237381e-02   9.9538263e-02  -5.8562258e-02  -3.4400012e-02  -8.1025659e-02  -3.8345790e-02   2.2874148e-01   1.0577971e-01   5.8444969e-02  -6.9501488e-02   9.7319758e-02   4.1874857e-02   9.4097895e-02   1.5475061e-01   1.2825305e-01   4.6804429e-01   6.2920619e-02   1.6098413e-01  -3.0456038e-01  -1.4968473e-02   3.2419052e-02  -1.8223895e-01
  -1.3514194e-01   1.3907609e-01  -2.3524783e-01  -4.1991927e-03  -1.0919831e-01  -9.1248084e-02   2.3210778e-01  -1.9187616e-01  -1.2171798e-01  -2.0484514e-03   6.5939990e-02  -2.9485390e-03  -3.2387895e-02  -3.9821817e-02   4.1964713e-02   3.2736090e-02  -2.5812565e-01  -3.9092566e-02  -1.6780738e-01  -1.0131736e-01  -2.5474139e-01   7.0605031e-02   1.5087751e-01   1.6570202e-01  -1.6610029e-01   1.4910079e-01  -1.3496221e-02   8.9465682e-03  -3.3562324e-02  -2.6434892e-01   3.0132792e-01   1.1785118e-02   7.4678840e-02   7.5286167e-03   2.4049824e-01  -4.1794684e-02   2.3179838e-01   1.3182919e-01  -4.9407885e-02   3.1418457e-01   2.2324609e-01  -5.1134544e-02   1.8203410e-03   1.6433160e-01  -1.3274876e-02  -5.3868399e-02   6.1095147e-02   7.8048644e-02   5.3820239e-02
  -1.2510859e-01  -6.2729120e-02  -3.1377757e-02  -2.8169238e-01  -9.4738359e-02   2.1688389e-01   9.1357350e-02   2.4761674e-01  -2.2676345e-02  -2.7110207e-01   1.4129820e-01  -3.1486016e-01  -6.1939102e-03  -1.1492106e-01  -9.1515757e-02  -1.6422963e-03   1.0324614e-02   4.0831910e-02   7.7470924e-02  -2.6073164e-01   1.4562610e-01  -1.4752839e-01  -4.8549213e-02  -1.4297836e-01   1.5119154e-01  -1.8495600e-02  -1.6331204e-01  -1.0105667e-01  -1.9321866e-01  -1.1350364e-01   1.7062877e-01   2.0092294e-01   9.7231030e-02   5.0068690e-02   7.3874549e-02   4.3241515e-02   1.1865111e-04   3.4790360e-02  -2.3524253e-01   1.0003051e-01  -1.4466707e-01   8.1281588e-02   7.0976351e-02  -1.6144980e-02  -1.5625565e-01   1.5730039e-01   1.1450424e-01  -1.8625045e-01  -1.5072513e-01
  -1.5610615e-01   6.4524358e-02  -9.1330399e-02  -1.7958013e-01  -4.8244646e-02   7.6527982e-02  -2.5939483e-01  -1.6584665e-01  -1.9906314e-01  -6.0519037e-02   6.2732411e-02   1.4555388e-02  -1.1815739e-01   2.6394438e-01   1.7447621e-01   1.5768878e-02   1.7223909e-01  -1.4944869e-01   1.6369757e-01   1.9174760e-01   2.4048012e-01   1.5035138e-01   1.7976512e-01   1.0783242e-01   3.4345521e-03   1.0706336e-01   6.4013538e-02  -3.8437188e-02  -1.1187197e-01  -2.3671892e-01  -1.5242998e-02  -8.9811935e-02   1.4931422e-01   9.1941001e-02  -3.5754783e-03   1.0930153e-01  -4.6522515e-02   1.6958431e-01   2.6352227e-01  -1.7731441e-01  -2.8557049e-02   4.8969527e-02  -1.5268749e-01   1.9596599e-01  -5.1106313e-02   1.9699776e-01   1.8234002e-01  -2.4012277e-02  -1.3272085e-01
  -1.3676208e-01   5.8710861e-02  -4.5731847e-02  -1.6944260e-01  -8.3336340e-02  -4.9030191e-02   1.9207855e-02   1.7331996e-01  -1.9839491e-01  -4.7184958e-02  -8.2486459e-03  -2.5491360e-01  -2.2457868e-01  -6.9459367e-02   1.7511212e-01   1.5597215e-01   1.2552990e-02  -9.5341619e-03  -1.6701235e-01  -7.9621562e-02  -1.6357175e-02   2.1062444e-01   5.0181976e-02   1.4086895e-01  -6.0214625e-02   1.9453364e-01  -3.7605509e-03  -2.3584062e-01   2.1167327e-02  -2.0367163e-02  -3.5638134e-01   4.2673393e-02  -2.7984299e-01  -1.5488966e-01   2.6882509e-02  -7.0836097e-02  -1.6239063e-01  -2.9424919e-01   1.0076164e-01   6.7950565e-02   3.0086151e-02   3.2455202e-02   3.2632816e-02  -7.3352825e-02   2.8179607e-01  -1.0871531e-01  -1.5312850e-02  -1.5448518e-01   5.1314871e-02
  -1.4301887e-01   3.6035623e-01   8.0876583e-02  -1.1029009e-01   9.9574459e-02   8.5183393e-02   9.4739134e-02  -2.3701612e-01  -1.6406996e-01  -3.2247944e-01   1.8267472e-03  -7.9001549e-02   3.1809709e-02   2.8442903e-02  -1.0767861e-01   2.8437122e-02  -2.1170691e-01   9.4048706e-02  -3.1866137e-02   2.8047071e-02  -1.5188448e-01  -1.9200207e-01   1.6705233e-01  -1.9948527e-01   2.9259078e-02   4.5082998e-04  -1.1486169e-01   2.7455047e-01   5.3911899e-02   2.2110988e-01  -1.7525906e-01  -3.0220327e-01   2.7276580e-02   7.0229270e-02  -6.5729804e-02   4.1962061e-02  -1.5828390e-02   4.8226876e-02   1.8571914e-01   7.3682490e-02  -8.5929976e-02   3.0937596e-02  -3.3182884e-02  -2.4570879e-01   7.1433747e-02   9.6256766e-02   4.7298748e-02  -9.4812006e-02   3.5328383e-02
  -1.4791731e-01  -1.0397883e-01   6.6175748e-02   2.6406523e-02  -1.3517418e-01   6.1527564e-02   1.1017282e-01   1.8092456e-01   4.8988902e-02  -2.2743656e-01  -3.1823269e-02   4.0218343e-02  -1.2661453e-02   1.2833024e-02  -1.5524666e-01  -5.9540023e-02   2.5983566e-01   1.0221876e-01  -7.1032180e-02  -1.1437216e-01  -8.8418625e-02   2.7110885e-01   9.2206926e-02   1.4435698e-01   6.3324949e-03   2.1313095e-01   1.3261423e-01   1.1460208e-01   1.8121642e-01   2.9163891e-01   3.2212827e-01  -1.3122712e-03   1.3025119e-01   6.2458086e-03  -8.1656856e-02   9.1806825e-02   2.4757845e-01  -1.6767177e-02   1.9135417e-01  -1.0269041e-01  -2.1962127e-01  -3.6509070e-02  -8.5623497e-02   1.2880674e-01   1.9858677e-01  -1.9068473e-02  -1.8801060e-01  -1.2842879e-01   3.0211466e-03
  -1.6724072e-01   1.2507966e-01  -4.7488557e-02   3.2021776e-01  -2.4984760e-02   3.2445121e-02   4.4722574e-02   2.2728574e-01  -8.5047941e-02  -3.2955816e-02   2.5721285e-01   8.4341670e-02   6.2653922e-02  -1.8633453e-02  -4.7630492e-03   7.5000159e-02  -4.4175802e-02  -1.6883508e-01  -1.0812903e-01   2.0756104e-01   1.0385547e-03  -5.1602758e-02  -1.7759644e-01  -2.5469886e-01   2.7547948e-03   9.8486436e-02   7.2746504e-03   3.4995269e-02  -8.1016194e-02  -1.5914059e-01  -3.9763381e-02   3.5482828e-02  -4.5316619e-01  -4.0301416e-04  -7.5782590e-02  -8.6242625e-02   2.1215365e-01   2.9152365e-01   4.5162890e-03  -1.1661916e-01  -2.1085411e-01  -5.8305825e-02   6.2441132e-02   1.3448665e-01   1.2099365e-01   1.4864175e-01  -6.0927433e-02  -3.7939400e-02   2.8930480e-02
  -1.4547388e-01  -2.1635522e-01   1.5415936e-01  -2.0623178e-01   3.1491558e-02  -9.5301913e-02   7.8326822e-02   4.3974324e-02  -5.8468784e-02   6.4431290e-02  -5.0049013e-02   2.0117251e-01   2.1643901e-02  -1.5918041e-01   8.0361376e-02   7.9194031e-02   2.2812262e-01   2.2331643e-02   1.3657521e-01   1.1637059e-02  -1.4990049e-01  -1.6089462e-01   1.3384951e-01   1.2978364e-01  -3.9072287e-02   2.8087628e-02  -3.7281747e-02   2.1700627e-01  -2.9725446e-01  -1.8457555e-01  -5.1558672e-03   8.9297605e-02  -1.3235932e-01   2.8249083e-01  -1.8948906e-01  -2.7778691e-01   1.5505677e-01  -1.3646202e-01   1.6562515e-01   1.0491149e-01   7.4272434e-03  -1.1910253e-01   1.7627312e-02  -2.5161003e-01   6.9433277e-03   5.8242579e-02  -8.6782911e-02   1.2692909e-01  -1.6248278e-01
  -1.3859916e-01   5.9698565e-02  -6.5179303e-02  -1.0640655e-01  -1.3546874e-01   9.1155836e-02   1.4403529e-01   3.9945265e-02   2.9577707e-01   1.3341487e-02   1.9634987e-01  -1.7549042e-02  -2.8465864e-02  -6.7113072e-02   2.8519822e-01  -9.6013766e-02  -2.4185952e-02  -8.7240237e-02   2.7121630e-03   3.1124586e-03   4.6582768e-02  -1.6270656e-01  -3.0653925e-02   2.4318904e-01  -1.1217462e-01  -1.8439541e-01   1.2622963e-01   4.2819815e-02   1.5448591e-01   1.0917863e-01  -2.0276926e-01   2.6644302e-01   1.6487623e-01  -1.0909318e-01  -1.4321440e-01   2.6712680e-02  -8.9327696e-03   3.0786826e-01  -2.8508255e-02   1.0129387e-01  -3.3844748e-02   7.3610040e-02  -2.2858667e-01  -1.6265156e-01   2.3709441e-01   1.5986613e-01  -1.6331473e-02   2.0361935e-01   7.7852406e-02
  -1.6091441e-01  -7.3801702e-02  -3.2329227e-01  -3.2649447e-02  -4.6605870e-02   1.0465260e-02   4.7820592e-02  -9.1687501e-02   7.7866585e-02  -5.6675786e-02  -1.3278556e-01   1.8905708e-01  -5.9013508e-02   2.7473087e-01  -6.6631655e-02   1.0694977e-01   6.8138262e-02  -2.9338933e-01   3.1357031e-02  -6.7964303e-03   2.0829353e-03   1.8151910e-01   7.2051157e-02  -1.7426446e-01   1.9497641e-01  -1.7990039e-01  -2.1236401e-01  -1.3318082e-01   2.9540413e-01  -5.2416696e-02  -2.4991192e-02   5.6004944e-02  -2.8386031e-02   5.7278150e-02   1.4159295e-01  -3.7409447e-02   1.3484176e-01  -5.4110149e-02  -4.7865741e-02   4.2999279e-02  -5.1520865e-02   1.8202222e-01   1.3441762e-01  -3.2452199e-01   1.1425837e-02   1.6167550e-02  -2.6074219e-01   9.5882900e-02  -1.3355546e-01
  -1.5419384e-01  -5.4192444e-02   2.1787941e-01  -1.6291491e-01  -7.4260517e-02  -2.8889801e-01  -7.1009803e-02   4.8993380e-02   5.5515209e-03   3.9131711e-03   2.5384723e-02  -1.0875437e-01  -1.9674086e-01  -1.0690204e-01  -6.4737130e-02  -7.8624557e-03  -2.3031693e-02  -2.4030424e-01   1.0480795e-01  -1.5702130e-01  -3.4231452e-02   1.4938070e-02  -1.9574372e-01  -2.5516484e-03   1.8312426e-03  -1.4656235e-01   1.0422910e-01   2.7272036e-02   1.8285910e-01  -1.2205720e-01   2.1798884e-01  -3.5723626e-01   3.5198533e-02  -9.4043115e-02  -4.3421381e-02  -2.5107097e-01  -2.8516830e-01   2.1272323e-01   1.0121630e-01   1.5469757e-02   1.7534816e-02  -5.5384420e-03   1.7668105e-01   2.8622023e-02  -5.8147667e-02   1.4805918e-01  -2.0339280e-01  -1.7745710e-02   1.8528579e-01
  -1.3943295e-01  -7.0460736e-02   5.8171117e-02   1.3339829e-01   6.5860481e-02  -1.0882051e-01  -1.9968506e-01   1.3760751e-01  -1.4074521e-01  -1.4701413e-01   1.2904985e-01  -9.4244201e-02   3.6067495e-02   1.8170499e-02   1.7785801e-01   1.4422681e-02  -1.3975758e-01   1.7647207e-01  -1.5797928e-01   3.0898445e-01   2.7559450e-01  -7.3180079e-04  -4.3056732e-02   3.9407828e-01   8.0353838e-02  -1.5303146e-01  -2.9185170e-01   1.6689787e-01   1.9644223e-01   4.3880918e-02   9.4222096e-03  -2.6640943e-02   1.2871578e-01   3.8201347e-02   7.8196750e-02  -2.0879807e-01   1.7818225e-01  -2.7241726e-02  -9.9852389e-02   2.2715440e-02   1.9090641e-02  -8.0252185e-02   7.5444342e-02  -6.1388856e-02  -1.6807934e-01  -9.0991832e-02  -8.7969946e-02  -1.3896214e-01  -2.1889187e-03
  -1.5232190e-01  -9.5119345e-02   5.3048384e-02   9.3897416e-02  -3.1602000e-01   1.0328601e-01  -2.0929537e-01  -1.6878386e-01  -2.4072717e-01  -1.7834395e-01  -7.8332143e-02   1.5051334e-01  -3.1284483e-02  -4.1664584e-02  -3.6472014e-01  -9.9881615e-02   2.2829829e-02   2.0794757e-01   9.1639576e-02   1.0729496e-01  -1.8059604e-01  -8.0405409e-02  -2.1383848e-01   4.4578390e-02  -1.5627818e-01  -3.5778175e-02   1.6989452e-01  -3.5249373e-02   6.5031568e-02  -2.0338698e-01  -1.9348705e-01   1.7544811e-01   1.0851359e-01   9.8460611e-02   1.1586919e-01  -1.4152920e-01  -7.4249695e-02   5.6758556e-03  -2.0923800e-01  -8.1431753e-02   3.8108967e-02   1.7428863e-01  -9.6988775e-02  -3.4988763e-02   1.3808106e-01  -3.1847822e-02  -3.5258131e-02  -8.7015537e-02   8.1867679e-02
  -1.2682125e-01   2.1310736e-01   2.1056542e-01  -1.2878745e-02  -1.1170404e-02  -7.7877779e-02   5.0139997e-02   1.0931986e-01   1.0310307e-01  -1.2359398e-01   2.7024790e-02  -9.5764218e-02  -1.9151526e-01  -6.6480138e-02  -5.1284353e-02   3.8238570e-02   2.1869733e-01  -9.8722217e-02   1.4071914e-01   3.4577438e-01  -2.9590446e-01   1.8454180e-01  -1.1006066e-02   7.3302397e-02  -1.8549278e-01  -3.0177754e-02  -1.3640834e-01   8.6866194e-02  -9.3330243e-02  -3.6573783e-02  -1.4036850e-03  -2.7300425e-02   1.9029586e-02  -1.9467108e-01  -3.0523468e-02   3.1570343e-01   1.2502125e-02  -3.1299309e-02  -2.5648549e-01  -6.2859043e-02  -5.0782612e-02   9.7863467e-02   1.6111587e-01  -6.4236573e-02  -1.9398147e-01  -1.6509818e-01   9.8199997e-02   2.5155767e-01  -7.9064212e-02
  -1.2339508e-01   2.0783993e-01  -1.0873600e-01  -5.6677302e-02   3.9878901e-02  -1.5508073e-01   2.5335617e-02   1.7341618e-01   1.5705899e-01   5.7854078e-02  -1.0911625e-01   1.5350625e-01  -8.1452154e-02   4.2272848e-04  -1.1457181e-01  -2.0340881e-01   1.8909314e-01  -7.7793401e-02  -3.6551111e-01   1.6077353e-01   1.9135185e-01  -1.3929193e-01  -1.5430622e-01  -3.1685273e-02   3.8721105e-03  -2.3501235e-02   1.3570699e-01  -6.3731018e-02  -2.9281186e-01  -1.5125036e-02   1.1934142e-01  -5.7984957e-02   1.5597520e-01   5.5351981e-02   2.0236407e-01  -3.4885627e-03   5.0250663e-02  -7.7516285e-02   1.7470416e-01   1.9221622e-02   3.2328903e-03   1.4799257e-01   1.5584699e-02  -2.7181559e-01   2.3206966e-02  -9.4225173e-02   1.9553041e-01  -1.4568192e-01   2.5331323e-01
  -1.4953497e-01  -4.3624304e-02   1.1477218e-01  -1.4511810e-02  -1.0338714e-02  -4.9052470e-02   6.6497756e-02   3.1527931e-02  -1.3768805e-01   2.3173234e-01  -3.1883385e-01  -5.1940050e-02   1.6175651e-02   2.5320180e-01   2.1966426e-01  -9.8331227e-02  -5.2526367e-02  -5.6569268e-03  -7.7132374e-04   1.2176801e-02  -4.7406297e-02  -1.5024649e-01   1.4926037e-01  -7.4376667e-02  -2.5237001e-01  -5.3195297e-02   1.3624787e-01   2.1311719e-02  -1.4999081e-01   2.5299284e-01  -6.9475415e-02   3.9707909e-03   4.7634088e-02  -1.5220758e-01   1.5159676e-01  -2.0716238e-01   8.6092053e-02   5.6500766e-02  -1.5203261e-01   7.8003494e-02  -3.1760241e-01   2.7600074e-01   1.3191733e-01   2.1117774e-01  -8.1901628e-02   4.0268401e-02  -1.0254869e-01  -1.0979160e-01  -1.4690688e-01
  -1.4136822e-01   6.2101064e-02   1.6007229e-02   1.5801097e-01   3.4631699e-01  -4.4958708e-02  -8.1866199e-03  -2.0681645e-02   2.1284828e-01  -6.2658609e-02  -9.4987402e-02   1.5923370e-01  -1.0913931e-01  -1.9436214e-01   1.0296627e-01   1.5260930e-01   3.2837754e-02   2.1106917e-02   1.5849180e-01  -4.8907480e-02   8.2793918e-02  -7.9975089e-02   4.1906077e-02   4.6556460e-02   2.0019978e-01   3.7083511e-01   2.1165851e-01   1.7413739e-01   7.3321452e-02  -1.5647101e-01  -2.1268360e-02  -5.6666233e-02  -1.1929113e-02  -1.7674903e-01   2.0838577e-01   1.8400353e-02  -9.0234440e-02   2.9819957e-02  -2.3640974e-01   4.7890348e-02   4.5437320e-02   1.3632293e-01  -2.4811104e-01  -7.8417195e-02  -4.3690470e-02   2.3534181e-02  -1.3869491e-01  -2.2675351e-01  -1.5813796e-01
  -1.4196797e-01  -2.5761930e-01   1.1021026e-01   7.5169566e-02  -1.5572180e-01   1.6425958e-02   1.3998881e-01  -2.3874691e-02  -1.2802314e-01   1.7779303e-01   2.7144132e-01  -2.3102591e-02   9.1728366e-02   6.1125144e-02   1.0336343e-02   1.2630959e-01   9.5422106e-02   3.7886627e-02   6.0244252e-02   2.2283347e-01   1.7451432e-01  -7.2860819e-02   3.1613216e-04  -2.4941336e-01  -2.3945285e-01   1.9631672e-01  -4.5749235e-02   9.1772562e-02   1.0625015e-01   1.4175879e-01   1.2433038e-01   1.0366295e-01  -7.1588965e-04   1.6545534e-03   2.7206474e-01   2.3473838e-01  -2.9575607e-01  -7.5757491e-02   1.5835038e-01   2.4187121e-01   8.4611465e-02  -4.0540505e-02  -5.0562745e-02  -1.4601604e-01  -1.0272116e-01   3.7288448e-02  -1.2699441e-01   1.3208482e-02   8.9191821e-02
  -1.4810581e-01  -2.0390614e-01  -7.7584402e-02   2.0497916e-02   1.6633117e-01  -3.6249564e-02   3.0101292e-01  -1.4634525e-01   1.4680276e-01   3.1187772e-03   2.7632255e-01   3.7837520e-02  -2.3528542e-02   1.0626827e-01  -9.2110598e-02   2.2311190e-01  -3.5386387e-03   2.5166803e-01   1.2930104e-01   8.7610339e-02  -1.6692569e-01   1.6817086e-01  -4.0434856e-02   1.2670752e-01   8.2672853e-02  -3.4759001e-01   2.0046765e-01  -1.6854384e-01  -1.0436854e-01   9.4127267e-02  -2.0220832e-02  -8.2828055e-02  -9.9665821e-02  -5.1514346e-02   1.5814850e-01  -1.3261475e-01  -8.0437558e-02   7.1580910e-02   1.0309327e-01  -5.3939300e-02  -1.3693366e-01  -6.5398695e-02  -6.0422584e-03  -1.7280511e-02  -4.6697828e-02  -5.6856339e-02   2.8071476e-01  -2.0208132e-01  -7.7497871e-02
  -1.5413645e-01  -1.6263556e-01  -6.0774389e-02   2.4863811e-01   1.2713674e-02   1.8558005e-01  -2.3239774e-02  -1.4459336e-01  -1.2124062e-01  -3.6428032e-03  -3.4800247e-02   3.1943384e-02   1.7791053e-01  -7.5433548e-02   3.3509305e-02   3.0457130e-01   1.5326641e-01  -3.0583777e-01   4.5333921e-02  -2.8427065e-01  -9.0573300e-03   5.6701308e-02  -2.3304935e-01   1.3863652e-01  -2.0935216e-02   9.0856493e-02  -1.8434011e-01   1.0521172e-01  -2.2560592e-01   2.0170050e-01  -1.3481572e-01  -6.6659139e-02   1.8564036e-01  -1.8081771e-01  -9.7295184e-02  -5.0760737e-02   9.7174281e-02   1.5414461e-02   2.3276082e-02  -2.0341367e-02   1.0100305e-01   1.3768073e-01   7.7678323e-02  -2.7885242e-02  -9.0580155e-02   1.5740912e-02   1.7622175e-01  -2.6837211e-02   2.6335852e-01
  -1.4825600e-01   1.9407951e-01   2.1541995e-01  -2.5243538e-01  -6.3054613e-02   2.2200618e-01  -7.4945628e-02  -2.2553671e-01   2.8235984e-02   1.8593069e-02   2.0737906e-01   2.5789004e-01   8.5650692e-02  -3.6465007e-02   7.1282493e-02  -1.2565090e-01   2.9239791e-02   1.0079324e-01  -4.7684956e-02  -2.7050387e-02   3.9554102e-02   3.0315614e-02  -1.4388201e-01  -6.7413446e-02   1.9213063e-01  -2.4926960e-02   4.1026933e-02  -1.5851095e-01   1.4508585e-03  -3.9387811e-02  -2.8905651e-02   1.3208648e-02  -7.7483325e-02  -3.5630010e-01   3.0460232e-03  -8.4216160e-02   1.9705888e-01  -2.7371851e-01   9.5186120e-02   1.4236115e-01  -1.0092160e-01  -4.2608416e-02  -8.9565941e-02   1.5341677e-01  -2.8261544e-01  -4.5056530e-02  -1.8703774e-01   1.1730999e-01   1.1952555e-01
  -1.2358099e-01   1.0865787e-01  -3.2301199e-02   5.3995489e-02  -1.2857399e-01  -1.3007383e-01  -1.7856890e-01  -1.9139564e-01   2.3432833e-01  -1.8705898e-01  -2.7338909e-01   1.2983129e-01   1.4542731e-02  -1.5887677e-01  -8.4914866e-02   9.3197603e-02   1.1067914e-01  -1.1034426e-01  -8.9793907e-02   2.8192739e-02   9.8813048e-02   3.7699755e-02   1.1692688e-01   1.3259440e-02  -9.8082518e-02  -3.7556644e-02  -1.4627333e-01  -9.9714146e-02  -6.6786178e-03   1.7561831e-01  -2.4537112e-02   2.2272512e-01  -1.6261012e-01   1.0718077e-01  -9.2631731e-02  -5.4026738e-02  -2.5785072e-01   1.6035916e-01  -1.1807316e-02   3.1559260e-01  -1.7763529e-01  -3.0326684e-01  -4.2105919e-02   1.7823117e-01  -1.6552745e-01  -7.9162149e-02   9.0705133e-02  -1.4814234e-01  -9.4977001e-03
  -1.2557671e-01   2.0562946e-02  -1.6952719e-02   4.0249574e-02   3.1079961e-01   1.7839455e-01  -1.7990648e-01   6.4109914e-02  -8.0163651e-02  -1.3947738e-02   1.8138073e-01  -1.9197579e-02  -1.6036482e-02   1.6388994e-01  -7.8431222e-02   4.9628533e-02  -3.7315078e-02  -1.3104148e-01  -2.2172736e-01  -1.1578605e-01  -9.0901707e-02  -9.1640263e-02  -8.7501193e-03  -8.8105224e-02  -3.3937299e-01   6.1778051e-02   7.3728550e-02  -2.1598855e-01   2.0415673e-02  -1.8782357e-02   1.5496035e-01   2.3476607e-02   1.9190476e-01  -8.4336721e-02  -2.2902042e-01  -1.8076351e-01  -1.2270306e-01   4.1677442e-02  -1.9178706e-02  -8.6894395e-02  -1.9322322e-02  -1.7674798e-01  -1.6436062e-01  -2.0768504e-01  -7.3182831e-02  -3.0577791e-01  -8.1009496e-02   4.3060444e-02  -2.7663598e-01
  -1.3790858e-01   1.2846918e-01  -5.5069756e-02   1.3305423e-01  -9.2956274e-02  -2.5114455e-01  -1.7532109e-02   1.4486465e-01  -4.4063117e-02   1.2277415e-01  -6.8274540e-02  -2.8785466e-02   1.3582069e-01   5.4028343e-02   3.3220021e-02  -2.1646188e-01  -6.0679388e-02   1.1619915e-01   3.7944001e-01  -1.8977327e-01  -1.5507210e-01  -1.6429632e-01  -3.7212822e-02   4.4280954e-02   1.1402240e-01   1.4217174e-01  -1.8599835e-01  -1.2721039e-01   1.0132982e-01  -9.9312711e-02  -1.0110199e-01   1.8187706e-01   6.3577618e-02  -1.4585644e-01   5.6874256e-02   1.0073032e-01   4.0272167e-02   1.7711261e-01   3.6908421e-01  -1.1299538e-01  -8.7062917e-02  -9.6565252e-02   4.3704868e-02  -1.3281658e-01  -1.3924329e-01  -2.6649624e-01   5.3560196e-02  -9.6399407e-02  -1.4664168e-02
  -1.4204668e-01   1.0083340e-01   5.7212613e-02  -1.2190479e-01  -4.2891326e-02  -1.7729414e-01   2.8298706e-03  -2.7233133e-01  -1.0858324e-01   2.7534654e-01   1.1946275e-01  -1.8191968e-03   4.2704744e-02  -3.6535554e-01   1.1339844e-02  -1.7099310e-01  -5.7632644e-02  -8.1370867e-02   2.4855277e-02   3.3726276e-02   9.7552676e-02   2.1102096e-01   4.3052373e-02  -1.2041280e-01  -3.8348119e-04   1.5249366e-01  -5.0946416e-02  -8.1127252e-02   1.2790837e-01   2.8073994e-01   1.4824795e-01   1.3684022e-01  -3.0206465e-02   4.9161520e-02  -1.3983441e-02  -1.7514718e-01   9.3051015e-02  -5.1659712e-03  -1.9907205e-01  -3.4018180e-01   4.4674746e-02   2.7451790e-02   8.8385770e-03  -1.8321752e-01   3.9561880e-02   1.0237017e-01   2.3631866e-01  -7.0035623e-02  -1.4028717e-01
  -1.2347493e-01   1.6585823e-01   1.1693952e-01   1.7588527e-01  -2.6411505e-01  -3.7546115e-02   5.3584561e-02   1.0348008e-01   7.2842447e-02   5.8195886e-02  -8.2668569e-03   9.3722843e-02   5.8956955e-03  -3.8948293e-02   1.2379966e-01   2.3070761e-01   5.8531858e-02   5.8313437e-02  -1.1286178e-01  -2.4939306e-01   5.8839461e-02  -8.7607149e-02   1.5414247e-01  -1.4190171e-01  -6.1729703e-02  -3.1961509e-01  -2.1619080e-01   1.9650318e-01   8.1469851e-02  -1.7728895e-01   1.1685115e-01  -5.9119950e-02   1.8765792e-02  -2.7657155e-02   1.3443493e-01  -8.1739690e-02  -1.3578520e-01  -2.4254907e-01   2.7418545e-02  -2.8447024e-01  -4.3793328e-02   7.3820374e-02  -2.9563281e-01   1.4462410e-01   9.6200517e-02  -8.9100619e-02   1.6023086e-01   8.4512079e-02  -8.0031116e-02
  -1.5019471e-01  -9.2542270e-02  -2.0074295e-02  -1.5135330e-01   1.5209480e-02   5.6535440e-02  -1.7007970e-01   3.6191792e-02   1.5395907e-01  -2.0953637e-01  -2.1975884e-01  -2.2924267e-01   3.1137692e-01   2.0089461e-02   1.1444313e-01  -1.2105275e-02  -6.2794307e-02  -8.6402315e-03   1.8319508e-01   4.1479410e-02  -2.6052883e-03  -2.5716629e-03   6.6650853e-03  -5.6133550e-03  -1.6395824e-01  -5.2690295e-02   2.5396241e-02  -1.5631107e-01  -1.3633292e-01   1.1361752e-01   1.4250878e-01  -1.6751138e-01  -3.2553995e-01   3.3061614e-02   2.6555828e-01  -8.7475123e-04   1.3931552e-01   6.4421789e-02  -6.1659468e-02  -2.0320036e-01   1.7727333e-01  -8.1709704e-02  -2.9195767e-01  -1.1098507e-01   1.5127949e-02  -6.6524188e-02  -1.0333951e-01   1.3787619e-01   2.0642171e-01
  -1.5583609e-01  -1.2327380e-01   1.6315175e-01   2.8966175e-02  -1.2034651e-01   9.7425713e-02   2.7591410e-01  -1.4130175e-01   1.7085145e-01   1.5471772e-01  -6.2969501e-02  -2.9615045e-01  -3.4963438e-02   9.8325269e-02  -1.5031481e-01  -6.8411769e-02   2.0626576e-02  -2.0397279e-01   2.1991149e-02   1.0819734e-01   1.7568948e-01  -4.5276016e-02   1.5020604e-01  -1.0557625e-01   1.4535814e-01   1.0447550e-01   5.3204252e-02   4.2219353e-02   1.5032520e-02  -2.0132145e-01  -2.5293693e-01  -1.3138903e-01   1.9453513e-01   5.1422454e-02  -3.9498619e-02  -9.2029956e-02   1.5606522e-01  -3.4303474e-02  -1.7266296e-01  -6.0336471e-02  -4.9276543e-02  -3.7214890e-01  -3.1964561e-02   5.4441116e-02   7.4281383e-02  -2.6182985e-01   2.4415801e-03  -5.6548625e-02   1.3725970e-01
  -1.5703626e-01  -1.3240574e-01   7.5368955e-02   8.9883430e-02   7.6764029e-02  -1.1520836e-02  -4.9244203e-02   2.3009758e-01  -1.4047726e-01   5.8152123e-02   4.7157934e-02   7.8475785e-02  -4.6372117e-03  -1.7117491e-01  -2.4391271e-01  -7.5037421e-02  -1.4327431e-01   5.0371769e-02  -1.6351589e-01  -1.1863928e-01   6.9055305e-02   2.3209541e-01   5.2738258e-01  -3.4413261e-02   1.3450784e-01  -1.3123622e-01   1.0911060e-01  -1.9835455e-02  -1.3694676e-01   1.3090318e-02  -2.0643704e-01   6.8875338e-02  -3.6734820e-03  -2.6115088e-02  -1.8594046e-02   7.7237114e-02  -5.6893371e-02   2.1733167e-01   2.0186910e-02  -4.3039415e-02   9.2374490e-02   1.3979256e-01  -7.3551352e-02  -4.1694862e-02  -2.6159929e-01   5.7273641e-03  -9.6172348e-02   1.7867636e-01   1.9072802e-01
  -1.5680417e-01  -4.3613236e-02  -4.3570451e-01   3.1858217e-02   8.1626472e-02   1.0653480e-01  -4.9224485e-02   8.9723541e-02  -4.5644497e-02   1.7950509e-01  -5.9011707e-03  -1.7106961e-01   2.8482372e-02  -2.7860227e-01   3.5632347e-02  -1.7091473e-01   6.8376503e-02  -3.5968069e-02   1.8713003e-01   1.7690378e-01  -1.1536763e-01   9.7069745e-03   2.2198083e-02  -1.3795383e-01  -6.9456332e-02  -2.0164039e-01   4.9954922e-02   1.0031855e-01   1.6334522e-01  -4.9651989e-02   5.3185497e-02  -1.3613959e-01  -2.4136417e-02   7.3401515e-02  -3.1464844e-01   2.3051934e-02   3.3557384e-02  -2.2035316e-01   4.2445851e-02   1.9061191e-01  -6.5559775e-03   1.8265337e-01  -1.9791081e-01   1.5293383e-01  -1.2015393e-01  -1.1308050e-01   1.0497761e-02  -2.0729688e-01   9.1114115e-02
  -1.4623382e-01  -3.4182802e-01  -7.6240599e-02  -1.9183604e-02  -1.5250330e-01   7.7992493e-02  -5.0089118e-02  -1.5695397e-01   4.3111188e-02  -1.6847035e-01  -1.8043703e-02   1.2445697e-01  -2.0695648e-01   3.6050038e-02   2.0788880e-01  -2.1852815e-01  -1.0783944e-01  -8.5359438e-02  -1.9972850e-01   1.5262271e-02  -1.2150893e-01  -2.5995079e-01   1.0609102e-01  -3.5966417e-02   1.1405546e-01  -6.4768972e-02   6.2219820e-02   1.7326573e-01  -5.2631307e-02   3.7237556e-02   1.1261139e-01   6.5306208e-02  -1.9288532e-01  -2.4137751e-01  -1.1524776e-01   2.2298755e-01  -7.8377112e-02  -2.9696571e-02   6.3871346e-03  -2.4162541e-01   2.4035996e-01  -8.3114528e-02   2.1664913e-01  -8.5888130e-04  -2.9781726e-02  -1.0208676e-01   4.8951606e-02  -1.9736855e-01  -6.0166569e-02
  -1.2113651e-01  -1.3271679e-01   1.9346989e-01   1.0794409e-01  -1.8184705e-02  -1.1941611e-01  -1.0008819e-01  -8.1439575e-02   3.0759500e-01   1.7380479e-03   3.3938816e-02  -4.9448895e-03   1.7519628e-01   9.4188305e-02   1.9082283e-01  -1.8879774e-01  -2.3816946e-01   9.3637012e-02  -1.3468945e-01  -1.1975160e-01  -9.5297386e-02   4.1356136e-01  -1.3884019e-01  -1.4168485e-01  -1.7682743e-01   1.2678606e-02  -1.1907037e-01   1.6562635e-02  -1.6482731e-01  -2.4296665e-01  -1.0842362e-01  -6.3771082e-02   1.1077738e-01   1.2976305e-01  -1.3769251e-01   1.8311755e-01   4.7131998e-03  -7.3157681e-02   8.1721238e-03   8.7022851e-02  -5.7625968e-02   7.2337362e-02  -3.3344957e-02  -1.2371617e-01   2.8629623e-02   1.7194296e-01  -5.7236204e-02  -2.3901740e-01  -6.5205953e-02
  -1.5526905e-01  -7.2232481e-02   2.1487017e-01  -5.8353496e-02   7.8247568e-02  -2.9794781e-01   1.8623429e-01  -9.9213212e-03  -2.1551258e-01  -6.1013459e-02  -5.3876753e-03   3.7032937e-03   1.2879385e-01   1.0085443e-01  -9.8861758e-03  -2.3237512e-02  -4.8342975e-02  -2.2830288e-01  -1.1797849e-01   5.0136355e-02  -7.0473236e-02  -9.2001702e-02  -2.4230281e-01   4.9798880e-02   3.3218371e-01  -4.9795433e-02  -3.4230860e-02  -1.4115324e-01  -4.4881075e-02   1.3986435e-01  -9.7064480e-03   4.3300464e-02  -1.5037695e-02   2.1396891e-01  -1.1670758e-01   1.9382096e-01  -6.9262512e-02   7.7969307e-03  -4.6840093e-02   8.9603163e-02   1.4259647e-01   1.9644335e-01  -3.3261804e-01   2.3247350e-01   7.1767613e-02  -1.8523561e-01  -3.4475526e-02   5.6444269e-02  -1.7640095e-01
  -1.2773852e-01  -1.9530940e-01  -1.5298034e-01   1.6430984e-02  -6.7093261e-02  -8.2384852e-02  -2.6859512e-01  -4.7101967e-02   1.6819126e-01   9.6388024e-04   2.1054482e-01   4.1842856e-02  -8.6812954e-02  -8.8750249e-02  -7.2719240e-02   2.4143021e-03  -3.1789416e-01  -4.2573648e-02   5.7275877e-02  -6.6374296e-02   5.7012802e-02  -1.5290122e-01   1.6234357e-02   1.1704751e-01   4.9102111e-02   2.2559053e-01   2.8868542e-02   1.3436347e-03  -7.0030777e-02   9.3129608e-02   2.0107853e-03  -1.9843571e-01  -1.5494463e-02   1.6803017e-01   6.9211108e-02   7.5865606e-02  -4.4623814e-02  -1.9146025e-01  -1.1571116e-02   3.4806616e-02  -4.3495139e-01   1.3519372e-01   1.0447990e-01   5.8073143e-02   1.0881731e-01  -1.7101019e-01   1.0753382e-01   3.5978652e-01  -5.9749739e-03
  -1.2990890e-01   5.1065861e-02   7.9822321e-02   3.1557309e-03   1.7976400e-01   2.6269642e-02  -2.5215140e-01   1.9035031e-02   4.5213657e-02   1.4667997e-01   9.9023273e-02  -1.6325316e-01  -2.9594179e-01   2.7517580e-01  -1.3497670e-01  -1.7687978e-01   1.0981407e-01  -4.2364465e-02   1.8549603e-02  -2.9704172e-01  -3.8210949e-02   8.6137295e-02  -1.5626302e-01  -2.5680801e-02  -1.1593871e-02  -7.3217776e-02   5.5376046e-02   3.6877436e-01   1.0379368e-01   1.2922692e-01  -9.8424670e-02   1.8060218e-01  -2.4337358e-01   1.5129887e-01   1.9990667e-01  -3.3532699e-03   1.5746819e-01  -2.3235540e-02   9.9128026e-04   1.5462873e-01   1.4289323e-01  -9.1474978e-02  -7.4451019e-02   4.8749206e-02  -5.0478988e-02   1.5743644e-02   1.9826207e-01   5.7467410e-02  -1.3561168e-02
  -1.5246580e-01   9.8472686e-02   8.3779394e-03  -1.5125327e-01   1.1631777e-01   9.7130817e-02  -1.1257091e-01  -1.3947753e-01   2.1883825e-02   3.2338889e-01  -7.7080690e-02  -9.4358069e-02  -1.4744301e-01  -9.6155650e-02   9.7856196e-02   3.8168110e-01   4.8879158e-03   1.7004044e-01  -1.7336476e-01  -3.4598212e-02  -1.6167095e-01  -1.2559179e-01  -9.0855726e-02   3.8000478e-02   4.6917229e-02  -5.6317762e-02  -8.4736888e-03  -7.1781208e-02   3.0934521e-02  -2.1693198e-02   2.9512570e-02   1.3748395e-01   6.0350724e-02   3.1578233e-01   1.1518682e-02   3.1050242e-01   6.1585257e-02   1.1327818e-01  -1.2005816e-02  -2.4141442e-01  -1.1574796e-01  -3.2380571e-02   1.0300582e-01   4.9036569e-02  -6.8362786e-02  -1.3360711e-02  -2.7365248e-01  -1.0647376e-01   2.1397674e-01
  -1.3489590e-01   3.0745398e-02   7.1437483e-02  -6.3064651e-02  -1.5842460e-02   1.9180525e-01   2.8937887e-02   1.7245222e-01   4.5395977e-02   2.7415368e-01   3.5135332e-02   2.6707554e-01   7.2468512e-02   3.7453343e-02  -2.5913439e-01  -1.2247992e-01   1.6526520e-02  -7.2902781e-02   9.5465492e-03  -6.6475132e-02  -1.4954752e-02  -1.8631613e-01   9.1261688e-02   3.4342980e-01  -1.5069868e-01   4.4512436e-04  -2.4711149e-01  -2.1431270e-01   1.1509260e-01   2.8504969e-02  -7.8045974e-02  -3.4990029e-01  -1.4348921e-01   1.4615524e-02   3.1186643e-02   2.0802669e-01   1.6739875e-03  -2.0993693e-02  -1.3758926e-01   3.6391474e-02   1.0726911e-01  -9.0069534e-02   7.7986878e-03   4.2909164e-02   5.6467814e-02   2.3410419e-01   4.5394009e-02  -1.9718437e-01  -1.2557871e-01
  -1.3606887e-01  -1.9225143e-03  -1.1360883e-01  -1.8729080e-01   1.6519141e-01  -1.7046266e-01  -4.1630025e-02   2.9870710e-02  -2.2511337e-01   4.8425375e-02  -5.6986805e-02   8.5073771e-02   3.9381142e-01   2.2856527e-01   2.0785571e-02   1.1342638e-03   1.0839969e-01   8.1328979e-02  -6.2757920e-02  -6.9096182e-02  -1.1402918e-02   4.9732328e-02   4.3242629e-02   4.8432299e-02   9.2913395e-02  -7.6461676e-03   1.1233997e-01   1.8822703e-01   1.2626876e-01  -1.7625245e-01   1.1505514e-01   6.9658595e-02  -5.2002132e-02  -1.6035481e-01  -1.2929740e-01   1.3650631e-01  -1.8946427e-01  -5.6247457e-02  -3.2744095e-01   3.0549366e-02  -2.3598688e-01  -1.8352006e-01   6.9192158e-02  -8.7750276e-02   1.4393494e-01   5.8571443e-02   1.9257931e-01   6.8574363e-02   2.6219291e-01
  -1.4768651e-01   3.4505849e-02   4.8752197e-02   3.2340181e-01   1.6098873e-01   8.2612160e-02   1.3414168e-01  -1.5087681e-01   1.2973585e-01  -7.3500425e-02  -7.2607867e-02  -3.0523869e-01   8.0662636e-02   7.9317581e-02  -3.1264252e-02  -1.9044319e-01   1.0866311e-01  -6.4417772e-03  -1.4654518e-01   5.5092822e-02  -1.4712410e-01  -1.4343107e-01   8.5126506e-02   1.9490320e-01   8.2944398e-02   1.2434242e-01  -1.4435883e-02  -1.7357006e-01   1.2150768e-01  -9.2001241e-02   9.2148201e-02   1.5005252e-01  -7.5637973e-02   9.1775401e-02  -2.4366187e-02  -1.5105467e-01  -2.0461758e-01  -2.4257251e-01   1.2387849e-01  -1.2364893e-01  -2.3197206e-02   1.2000720e-01   6.9131597e-02   3.6422913e-02  -1.7011884e-01   3.6531956e-01   2.6428155e-02   1.9046009e-01   7.5973859e-02
  -1.4357332e-01  -1.4177436e-01   1.6932392e-01  -3.5572799e-02   8.5539273e-02   1.0241670e-01  -3.1805528e-02  -9.0504701e-02   1.0026198e-01   1.2868189e-01  -2.4704766e-01  -7.9984947e-02  -1.0550810e-01   5.4153250e-02  -1.4922007e-01   1.3133937e-01  -4.4852301e-02   3.2683879e-01  -2.9849046e-02   8.6875867e-02   2.2846555e-01  -1.7415704e-02  -2.8578822e-02  -7.3785354e-02   9.2610767e-03   7.3976864e-02  -1.8823776e-01  -7.5504021e-02   1.0711034e-01  -1.2726462e-01   1.9917186e-01   3.2685792e-03  -1.4618810e-01  -2.0960394e-01  -2.7467336e-01  -2.6738533e-02   1.1660694e-01   2.2312433e-01   1.1664050e-01   1.6683193e-01   1.0137087e-01   2.8884854e-01   3.5605755e-02  -1.3538681e-02   2.1134027e-01  -1.0085812e-01   2.2379097e-01   1.3450802e-01  -1.3625156e-02
  -1.3882119e-01  -4.6624751e-02  -2.6205554e-03  -1.0479140e-01  -1.9438935e-01   1.0288760e-01  -7.9667245e-02   3.4590760e-01   1.1455927e-01   1.3053836e-02  -1.6231056e-01   9.8959300e-02   1.0167536e-01   2.7173216e-02   1.5308038e-01   1.9827890e-01  -9.4487047e-02   8.6132255e-02  -1.2505568e-01   1.2253670e-01  -2.3805773e-01   3.0341904e-02  -1.0371848e-01  -1.9160211e-01   1.5840373e-01   2.0099764e-01   2.0760591e-01  -4.5081979e-02   2.5036887e-01   9.5694895e-02  -1.3277574e-01  -1.1013339e-01   1.6307220e-01   1.2352972e-01  -7.5262432e-03  -1.2158091e-01   7.8786420e-03   1.3163731e-02   6.2775208e-03   3.6777718e-02   1.8902169e-01  -1.0832244e-01   6.6626001e-02   3.4500316e-02  -2.2270480e-01   1.1571090e-01   3.2247549e-01   1.2920973e-01  -1.0280607e-01
  -1.4253660e-01   1.2932837e-01  -3.9089922e-02  -1.3889450e-01   1.1534729e-01  -2.5409303e-01   6.3970061e-02   8.2621251e-02   2.2173157e-01  -1.5631845e-01   1.5080889e-01   1.2600699e-01   6.3163019e-02   2.0077907e-01  -1.6433539e-01   1.8468654e-01  -1.7013906e-01  -8.5606769e-04   2.2549064e-01  -8.8614342e-03   1.7510640e-01  -1.0070950e-01   1.0080118e-01  -6.2962208e-02  -2.4036533e-01   5.8784649e-02   6.1072043e-02  -1.5101730e-03   1.9562209e-02   5.7905197e-02  -6.6761164e-02   2.2246678e-01   6.5917230e-02   4.7372896e-02  -2.0708690e-01  -5.6095402e-02   8.5584144e-02  -2.3401551e-01  -1.1873376e-02  -1.4967403e-01   2.9105209e-01   1.1346022e-01   1.9591407e-01   2.5209490e-01  -1.0539036e-02   2.7579455e-02  -6.2027494e-02  -1.0251130e-01   1.6206268e-01
