  -1.2063651e-01   9.4804568e-03  -2.1551802e-02  -2.1136858e-01   1.8913644e-01   2.8586829e-03  -4.4481341e-03  -2.3793618e-01   2.2072513e-01   4.5613601e-02  -1.0334343e-01  -2.0506762e-01  -4.4675899e-02  -5.8663650e-02   2.5226694e-01   5.9791197e-02   5.5442972e-02  -1.4901682e-01   7.3002788e-02  -7.0201673e-02  -6.3066192e-02  -8.3339848e-02  -1.4095872e-01   3.5150092e-02  -1.8748168e-02  -1.7976528e-01   6.5191915e-02  -5.6084629e-03   1.8248168e-02  -2.1970910e-01   1.0683247e-01   2.1715343e-01  -9.9122644e-02   1.8491377e-01  -2.7735588e-01  -3.2518412e-02   3.9977214e-01   1.7601436e-01  -1.5715060e-01  -2.8679554e-02  -1.1278922e-01   1.7823848e-02  -1.1935416e-02  -4.7977413e-02  -5.0250384e-02   1.1205055e-01   1.6833473e-01  -2.1355388e-01   1.3078499e-01
  -1.5204009e-01   7.9475181e-02   1.9387093e-02   5.9533653e-02  -2.7977207e-02  -7.7655134e-03   3.5076699e-01  -9.7248547e-02   3.3076491e-02  -1.6254719e-01   4.2055929e-02   6.9939275e-02   7.6504196e-02  -3.5464921e-01  -2.5616003e-02  -9.1974318e-02  -3.5548022e-02  -2.0271478e-01   1.8540208e-01  -1.1650795e-01  -1.1745300e-01  -4.6810783e-03   2.5014364e-01   1.2061306e-01  -1.5328453e-02  -2.3266503e-01  -2.3597518e-01   1.2429945e-01   1.5133833e-02   2.8663882e-01  -2.5271632e-02   5.4845705e-02  -3.8577735e-02   8.4478206e-02  -5.3112468e-02   1.5294943e-01  -4.8525703e-02   8.4012895e-02  -9.8064580e-02   1.5305065e-01   1.1044728e-01   1.1634548e-02   1.5950383e-01   1.3164286e-01  -1.8769882e-02   2.8504028e-01  -1.8250212e-02   2.2209507e-01  -4.4153595e-02
  -1.2882051e-01   9.1667825e-02   1.1766315e-02   3.7696021e-01   1.5231828e-02  -1.4422931e-01  -1.4729057e-02   4.6243108e-02   5.3843850e-02   1.3984826e-01  -1.5167933e-01   9.9590832e-02   1.8720884e-01  -4.6047534e-02   1.6872289e-01   2.3497584e-01   4.7995780e-02   2.0127031e-03  -3.1815080e-03   5.6528059e-02   9.9915807e-02  -7.0371566e-02   1.4996111e-02   2.2603205e-02  -2.9218506e-02  -2.0949211e-04  -1.6417044e-01  -2.1073109e-01   3.3097605e-01   1.8988764e-02   3.2838404e-02  -1.6065094e-01  -1.6826981e-01  -3.9119737e-01   1.1868592e-02  -2.5495891e-02   2.5565672e-01  -7.2881388e-02   8.0803565e-02   5.4453275e-02   1.6155473e-01   1.6932091e-01   2.0054508e-01  -1.4878839e-01   1.4383419e-02   3.2447868e-02   1.2792244e-01  -5.2944724e-02   5.5627648e-02
  -1.3995406e-01  -2.9493410e-01   8.5253473e-02   4.4670481e-02  -8.1225994e-02   1.3417271e-01  -4.8016227e-02  -1.2813746e-01   3.7730487e-02  -1.4705804e-01  -2.9188597e-02  -2.2561552e-02  -1.2213748e-01   1.4409568e-01   1.4975769e-01  -8.1356672e-02   2.9532835e-02  -5.1428831e-02  -4.9889267e-02   1.2630380e-01   2.9615238e-01   3.1194343e-01  -1.8331905e-01  -1.7036771e-01  -2.4622467e-01  -6.4324081e-02  -2.3949771e-01  -1.1019419e-01   8.1098472e-02   8.9266003e-02  -5.4528310e-03  -3.2152817e-02   1.7889095e-01   1.2592111e-01  -1.0204917e-01   2.7614206e-01  -5.8294989e-02  -1.0423453e-01   9.3681127e-02   3.8708371e-02   2.4200976e-01  -2.1708184e-02  -8.8559770e-02  -5.4834046e-02  -2.0349391e-01   1.4747151e-01  -9.4548729e-02  -1.0175330e-01   1.4427772e-01
  -1.4941160e-01  -8.1467119e-02  -6.4711929e-02   4.9518985e-03   6.6087430e-02   1.6313146e-01  -1.9247600e-02   3.1538462e-01   1.6194711e-01  -1.0196915e-03   6.5229170e-02   2.0756438e-01   3.4673272e-03  -5.8836355e-03   2.5230275e-02   2.3000432e-01   8.8419911e-02  -1.2662776e-01  -3.3793474e-02  -7.4082600e-02  -3.6335654e-04   5.7999975e-02   1.0287199e-01   1.3824165e-01   1.2854909e-01   2.8114694e-03  -1.8119604e-01   3.7788601e-02  -3.0670729e-01   4.3510399e-02   2.5983297e-01  -3.6896865e-02   9.3356354e-02  -3.9505906e-03  -8.2776014e-02  -3.5148765e-01   9.1977104e-02  -1.1389533e-01   2.3411181e-02  -3.2318047e-01   1.7157011e-01   1.6797685e-02  -1.7560516e-01   8.8386196e-02   3.7245917e-02   1.3341264e-01  -1.9609019e-01  -2.3630672e-02   1.9383705e-01
  -1.5715599e-01   8.5622269e-02   1.4832412e-01  -1.0472601e-01   1.3698679e-01  -1.1501776e-01  -1.0681467e-01   8.5369704e-02  -2.2623642e-02  -8.7431460e-02  -2.6257652e-01  -2.0229388e-01   1.6538414e-01   5.1936016e-02  -2.8325401e-01  -3.7451669e-03   1.3204861e-03   1.6428945e-02  -2.9600487e-01  -4.3011928e-02   1.4109679e-02  -4.5620911e-02   1.8279314e-01  -1.2417963e-01   3.5947192e-02  -2.0551744e-02  -7.8829303e-02   1.9562037e-01  -3.3041789e-01  -1.2950715e-01  -1.7146172e-01  -8.8672937e-02  -1.0626840e-01   1.2970254e-01  -4.4137913e-02   3.0392072e-02   1.0760248e-01  -2.5016319e-01   1.2183659e-02   1.6713086e-01   1.1430880e-01   1.6163075e-01   1.6253140e-01  -2.3940704e-01  -2.0821555e-01   4.6238318e-02  -4.8708948e-02   2.3138670e-02   3.4316071e-02
  -1.5197107e-01  -3.5588158e-02   1.2919043e-01  -1.1602837e-01  -2.3165240e-01  -3.6264186e-02   1.8449955e-01  -3.7050267e-02   1.6002834e-01  -7.2599433e-02  -3.4119061e-01  -1.5123816e-01   2.3032956e-01   6.6341346e-02  -2.6515156e-02   8.7181321e-03   2.9195181e-01   1.9161313e-01   2.0394038e-02  -4.3614431e-03   4.2440060e-03  -2.4954319e-02   2.6405324e-02   1.1293333e-01  -1.4497903e-01  -1.2360654e-01   1.7479617e-01  -2.3355654e-01   8.3845899e-02  -1.6076636e-02   1.5177787e-01   1.2500877e-02   9.6576318e-02  -1.1610365e-02   2.9965111e-01  -1.1180106e-01  -1.7815879e-01   4.3516101e-02  -1.8864036e-01  -1.5685169e-01  -1.5145490e-01   1.7301576e-01  -1.1343044e-01  -2.8108098e-02  -1.2266723e-01   1.0766235e-01  -1.6383482e-01   1.0571719e-01  -3.9745349e-02
  -1.4507237e-01   2.2754050e-03  -1.5038065e-01  -1.1981100e-01  -1.5962326e-01   2.9941990e-01  -7.5383758e-02   3.3210341e-01  -4.1063641e-02   4.8619125e-02  -5.9272894e-02  -9.3895481e-02   3.2638331e-02  -8.5785004e-02   5.8063964e-02  -1.2980736e-01  -2.0510826e-01  -1.2715710e-01   1.5103423e-01   3.6506991e-02   1.3204221e-01  -1.2327293e-01  -1.3338945e-01   5.1908275e-02  -4.9480523e-02   8.9223350e-03  -2.5471722e-03   6.0858728e-02   5.8849216e-02  -8.5927160e-02  -1.3773969e-01   9.9152893e-02   6.5590205e-02   2.0978979e-02  -4.9956061e-02   9.0851458e-02  -1.6250149e-01   5.2955806e-02  -6.1803012e-02  -3.7418532e-01   3.0605597e-02   2.0166621e-01   3.3570071e-01  -2.5149254e-01   3.1098449e-02  -8.7446312e-02   1.6960727e-01   1.8690246e-01   7.7833734e-02
  -1.5238609e-01   1.7595050e-01   1.6157531e-01  -1.4300997e-02   1.5863669e-01  -5.6310600e-02  -1.7247628e-01   4.1805680e-02  -2.8245956e-01  -1.3555779e-01  -1.5715847e-02   7.1723025e-02  -5.7588393e-02   8.1281972e-03   7.9506299e-03   5.7937045e-03  -9.9642734e-02  -1.8412287e-01   5.2195345e-02   4.9897133e-03   2.5187748e-02   1.7311426e-01  -4.4964648e-02   2.5910949e-01   8.6509800e-02  -7.2518892e-02   1.8568476e-01  -7.7719796e-02  -2.7782719e-02   1.8990113e-01  -2.9030296e-01  -2.4785770e-01   3.1357331e-01  -8.4372841e-02   1.0263853e-01  -9.6558656e-02   7.5192752e-02   2.9664187e-01  -1.6510581e-01   1.1422819e-02  -7.1205833e-02   1.0844213e-01   1.4220024e-02   1.7464409e-02  -1.6926267e-01   1.5484090e-02  -4.2362226e-02  -2.6198231e-01   8.6587142e-02
  -1.5017215e-01   5.2628087e-02   5.2601616e-02  -1.4836856e-01  -1.4695031e-01   6.0239940e-02   8.9534928e-02  -1.4522334e-01  -1.0341529e-01  -1.4119479e-01   8.1170713e-02   9.8660664e-02  -3.8253683e-02   2.5013789e-02   2.5602369e-01   6.3647643e-02  -5.4693449e-02  -2.2910564e-01  -7.7210174e-02   1.5000373e-01  -3.6171208e-01  -3.9538154e-01  -1.0924212e-01   5.1597041e-02  -1.2380182e-01  -1.5545683e-01   9.7672088e-02  -4.9276719e-02  -1.0450540e-01  -1.7960467e-01   5.3003021e-02  -3.1232412e-01   6.9731719e-02  -1.0221847e-01  -7.2446844e-02   3.5408939e-02  -9.9390894e-02  -1.8376500e-01   2.5314061e-01   8.9608431e-03   1.0282172e-01  -1.9399471e-02  -5.8063002e-02  -1.6037028e-02  -1.2499230e-01  -1.0285375e-01  -4.2301838e-02   2.0662912e-02  -1.5366065e-01
  -1.4926157e-01  -1.2148431e-01   7.7073671e-02  -1.0045231e-01  -1.4603804e-01  -6.8548251e-02  -2.7417887e-01  -1.3544638e-01  -2.3848643e-03  -1.3813624e-01  -1.5855405e-01   5.9554943e-02   1.6645918e-01  -2.5230409e-01   1.1317593e-01   6.6569956e-02  -2.3193935e-02  -1.5122404e-01   5.2038804e-02   1.0532629e-01   8.1684577e-02   2.6593441e-01   2.3082818e-01   3.1518352e-03  -1.1637118e-01   1.1758596e-01  -4.8003169e-02   1.1214140e-01  -1.3354352e-01  -2.3917560e-01   1.2782397e-01  -4.4427344e-02  -1.5332473e-01  -2.2830154e-02   1.7794957e-01   9.8333104e-02   2.9076913e-02   2.4089500e-01   2.0718033e-01  -4.3530105e-02  -1.1675267e-01  -1.0272742e-01   1.5329665e-01   1.8691332e-01   1.9200472e-01  -2.5634994e-01  -1.1091746e-01  -1.5206191e-02   2.6778536e-02
  -1.2891801e-01  -2.2744958e-01   2.8775841e-01   1.1924104e-02   5.9513263e-02  -3.5758025e-01   3.4496381e-02   2.1948813e-01  -4.6177526e-02   5.6856529e-02   3.1606729e-01   7.2094872e-03   1.6005795e-02  -1.2243449e-01   3.1494720e-02  -1.0123588e-01  -2.2734786e-01  -5.3510442e-02   5.2841325e-02  -5.4638581e-02  -2.0526581e-02   1.3586924e-03   4.7913640e-03  -1.6852043e-01  -5.8484844e-02  -8.0640518e-02   9.2425515e-02  -1.3935980e-01  -3.4537533e-02  -5.6803119e-02   7.0076093e-02   3.9316083e-01  -2.9686402e-02  -1.9415602e-01   3.7434389e-02  -1.6276307e-02   8.5915014e-02  -5.4994390e-02  -3.6526808e-02  -6.1699500e-02  -9.7977714e-03   6.3319937e-02  -4.5222999e-02   4.9188118e-02  -3.5227643e-01  -1.8653180e-01  -1.0981150e-01   9.9026599e-02  -6.5078308e-03
  -1.2869340e-01   1.5533575e-01  -1.5846128e-01  -2.0133435e-01  -1.3434025e-01  -2.7986933e-01   7.8300123e-02  -9.3583932e-02   1.0965772e-01  -1.0404951e-01  -4.9226524e-02  -4.6012663e-02  -6.2459720e-02  -1.3754773e-01   1.6762947e-01  -1.2632161e-01  -2.7333526e-01  -5.3738191e-02   5.3264338e-02  -7.3163526e-03   3.6434635e-01  -9.5789000e-02   7.7013605e-03  -2.5512922e-01   3.1411761e-01   9.5735951e-02   2.9596360e-02  -9.9214577e-02  -3.9259131e-02  -2.5752697e-02  -5.9231126e-02  -5.4962720e-02   7.1209957e-02  -2.4898489e-02   2.3320381e-01  -1.7260391e-01  -3.6890427e-02  -2.1508956e-01   1.2646974e-02  -5.3058923e-02   6.1953039e-02  -1.4409295e-01  -5.8811361e-02   2.8648199e-02   1.0459734e-01   2.4893601e-01   8.3403189e-02  -1.3931828e-01  -6.8234594e-02
  -1.2879396e-01   1.0046917e-02   2.2580583e-01  -9.2555239e-02  -1.7575857e-01   8.4773572e-02   1.7506259e-01   2.5045664e-01  -1.0106140e-01   5.1957725e-02   2.0646062e-02  -2.5536571e-01  -1.6352039e-01   2.6100261e-01  -2.2918939e-02   2.1013556e-01  -1.2119071e-02  -4.0674656e-02  -8.8400550e-02   1.4601405e-01   6.8455595e-02  -1.6257494e-02  -6.6253885e-03   1.5774627e-01   3.2096563e-01   7.7353985e-02   9.7193452e-03  -2.4384593e-01  -3.8249801e-02  -7.6829934e-02   3.1113453e-02   1.3210090e-03  -8.2845506e-02   3.5406833e-02   4.1929918e-02   2.5128667e-01   1.9197106e-01   1.2878614e-01   1.9069886e-02   1.3901182e-01   4.4567061e-02  -2.0756308e-01   8.8538885e-02   2.4945527e-01   6.7539667e-02   9.1426428e-02   6.0419055e-02   2.3530559e-01   5.7261818e-02
  -1.2662537e-01  -1.2299540e-02   3.3651074e-01   4.8337582e-02  -1.0249822e-01  -2.0975331e-01  -9.9826922e-02  -3.1198689e-03   7.3818180e-02   5.2277388e-02  -3.6787590e-02   3.3204153e-02   1.3592432e-01   1.0376902e-01   3.3277303e-02  -1.2372166e-01  -2.8426136e-02   7.8256671e-02   1.4257362e-02   1.0821818e-01  -1.5584256e-01  -1.6500603e-01  -6.2579665e-02  -1.5609509e-01   7.2703779e-02   1.0973126e-02  -1.2270984e-01   1.3481732e-02  -9.5817193e-02   4.3633439e-01   1.2541415e-01  -1.6479589e-01  -9.1784418e-02   2.7539816e-01  -5.5917247e-02   6.7072776e-02  -2.7713511e-02   8.7677778e-02  -1.7508234e-01  -2.3716764e-01   9.8506249e-02  -4.8528093e-02  -7.6558701e-02  -4.0993797e-03   1.8337052e-01  -2.3662072e-01   2.7850151e-01  -1.0677793e-01   4.4219803e-02
  -1.5046069e-01   2.4477610e-01  -1.5164855e-01  -1.5374034e-01   2.0201081e-01  -1.3536016e-01   1.1998970e-01   1.1914225e-02  -1.6588507e-01   7.3555705e-03   1.0446760e-01   8.4473793e-02  -6.3284529e-02   2.4386787e-01  -7.2160565e-02   1.5325171e-01  -2.4115197e-01   1.7593497e-01   2.4299070e-01  -6.8316499e-02   1.8385722e-01  -2.3877370e-02  -8.2118137e-02   1.6441476e-02  -1.7416347e-01  -3.8383248e-02  -1.7124292e-01   7.6190056e-02  -9.4082407e-03  -9.2762929e-02   2.5452671e-01  -1.6015517e-01  -2.0907167e-01   9.9288257e-02   7.2688158e-02   2.5263260e-01  -1.7559248e-02   4.1725631e-02  -5.8876904e-02  -3.5998923e-02  -6.1662300e-02   3.2549045e-01  -1.3477244e-01   6.7593863e-02   5.7662399e-02  -3.3771256e-02  -1.7396115e-01  -2.9050795e-02  -3.9303043e-02
  -1.5004648e-01  -1.2375867e-02  -3.4767133e-02  -1.6343187e-01  -1.2836306e-01  -5.9651825e-02  -2.1993402e-02  -1.6090431e-02   4.4683433e-02   2.3078363e-02   3.0678562e-01   7.0932300e-02   1.8556516e-01  -1.1330959e-01  -7.1415507e-02   1.0128290e-01   2.2768152e-01  -8.8715406e-02  -1.3536875e-01  -1.1469921e-01  -8.0484620e-03   4.0002698e-02  -3.1416773e-01  -2.9769365e-02  -1.8025684e-01   3.3533164e-01  -5.9840712e-02  -1.6068669e-01  -2.9269741e-01   1.3180527e-01  -1.4735713e-01   5.3198523e-03  -2.5645329e-02  -1.7892151e-01  -9.2858437e-02   1.4982719e-01   1.1321618e-02  -3.7715582e-02  -6.6123347e-02   7.0446486e-02  -2.9630578e-01   1.3216446e-01   1.9766340e-02  -2.7621450e-02   1.6335853e-01   2.2436879e-01   9.9241667e-02  -1.1319932e-02  -6.8601816e-02
  -1.5695423e-01   2.0284889e-02  -2.7026972e-02  -1.4727357e-01  -5.1968453e-02   1.6729124e-01   3.0628563e-02  -3.7750485e-02  -5.6679240e-02   2.2955638e-01   1.0276168e-01   6.0772544e-02   4.6398008e-03   1.2865759e-01  -2.1606517e-02   7.8420795e-03  -3.2832959e-02   1.5368011e-01   4.9208260e-02  -1.0503954e-01  -2.2129828e-01   1.9574623e-01   3.7830737e-02  -4.4622878e-01  -8.6347253e-02   2.6105088e-02   1.4934949e-01   1.4215345e-01   3.8134713e-03   4.9747127e-02   1.1353213e-01  -1.6767051e-01   2.6988656e-03  -1.0802876e-01   1.3809012e-01  -1.1565549e-01   1.8329750e-01   3.2413554e-01   5.0044214e-02  -6.9964525e-02   1.6473211e-01  -1.7073453e-01   1.7185325e-01  -1.5384837e-01  -1.3610066e-01   2.5872643e-01   8.0135666e-03   8.6149964e-02  -1.3950993e-01
  -1.3300538e-01   1.1342923e-01   5.6756144e-02   3.1576273e-01  -2.7851043e-01   8.3827999e-03  -1.0017385e-01   5.4187992e-02   7.9471169e-02   6.7160534e-02   2.2451471e-01  -8.3457329e-02   1.1778087e-02   9.4333233e-02   5.4242978e-02  -5.4710502e-02  -5.0406096e-02   4.1386176e-02  -1.5771053e-01   6.6052984e-02   1.7739908e-01  -4.9474466e-02  -3.4167992e-02   1.0441183e-01  -2.6896646e-01  -2.6809109e-01   2.3350615e-01   4.1374137e-01  -1.0064807e-02   6.1598076e-04  -7.6301809e-02   4.9541905e-02   7.9263848e-02   1.0392037e-01   1.4866869e-01  -4.5092556e-02   2.7833961e-01  -1.3726526e-01   1.7499021e-02  -4.6462671e-03  -7.7634740e-02   4.8580719e-02  -3.8684556e-02   1.7981088e-01   1.8381926e-01   1.2603112e-01   2.7048585e-03   5.3268295e-03  -7.1921290e-02
  -1.4651888e-01   1.6256908e-01   1.7370174e-01   6.4162067e-02   1.1764391e-01   6.2827892e-02  -2.6116732e-01  -2.8076208e-02   1.9445359e-01  -4.7281380e-02  -1.1556558e-01  -7.2413003e-02  -1.2314953e-01  -9.0773596e-03  -2.2178828e-01  -5.5423540e-02  -3.4645613e-01   1.9884596e-01   7.0705189e-02   5.3771970e-02  -1.0706263e-01   1.4215673e-01  -5.6455602e-02   2.0465064e-01  -1.3761030e-01  -1.6757399e-01  -6.2020269e-02  -2.5026143e-01  -8.0931189e-02   2.7975213e-02   4.0554107e-02   8.3571970e-02  -9.2481898e-02  -1.6170113e-01  -1.9424589e-01  -6.5491559e-02  -1.2652092e-01  -6.3268058e-02   1.8251544e-01  -9.5770354e-02  -1.2605619e-01  -2.3878476e-01  -8.7412033e-03  -7.1922737e-02   1.1534150e-01   2.0923519e-01   2.7010649e-02   3.1288501e-02  -2.3462910e-01
  -1.4703870e-01   2.0399070e-01   6.9045530e-02  -1.8638837e-02  -8.1560747e-02   1.3525431e-01  -6.5939656e-02   5.3804023e-02  -2.7793072e-01   3.3893249e-01  -1.1082476e-01   5.9754461e-02   3.0185802e-02  -1.7226067e-01  -1.6399809e-01  -2.7052468e-01   1.0076232e-01  -1.1066432e-01   4.1237310e-02   2.6174429e-02  -1.3908727e-01   3.5009204e-02  -1.9283018e-01  -3.6170749e-03  -1.3398709e-02  -1.7707588e-02  -1.9570548e-01   7.6914470e-02   1.2509233e-01  -1.6462123e-01   1.0312712e-01   1.0177173e-02  -1.5015563e-01  -3.8346264e-02   1.8136963e-01  -1.4075232e-02  -8.0056426e-02  -2.1575660e-01  -6.7332566e-02   6.3306168e-02  -1.0609928e-01  -1.9336987e-01  -1.6823264e-01   1.5960824e-01  -1.4231973e-01   9.6753594e-02   8.0947015e-02  -1.3790475e-01   3.2226313e-01
  -1.3416110e-01  -1.7884259e-01  -3.9945346e-02   7.3061084e-02  -1.4916235e-01   7.4294523e-02  -4.0789311e-01   1.1991053e-01   5.4389747e-02  -8.6989689e-02   1.5424320e-01   1.4021755e-01   3.7880905e-02  -5.3177679e-02  -1.3365026e-01   5.3295606e-02   1.6667841e-01   1.9698178e-01   2.2180538e-01  -2.0459395e-01   2.7902319e-02  -2.3186204e-01   1.4091583e-01  -8.4122575e-02   2.7259104e-01  -1.7895288e-01   1.2872547e-01  -7.2603985e-02   6.6632848e-02  -1.6712679e-01   9.3849395e-02  -6.8669083e-02   3.6911795e-02   6.6574604e-02  -1.0470492e-01   2.2648796e-01  -1.4304907e-01   1.5947629e-02  -2.9049590e-02   1.4788972e-01   5.6143850e-03   6.5218855e-02   7.2542279e-02   1.2361055e-01  -1.0462405e-01   1.5610745e-01   7.0765887e-02  -2.4408320e-01  -7.8883122e-02
  -1.5436143e-01  -1.6942766e-01  -6.6017601e-02  -1.1322387e-01  -3.9047473e-02  -1.2951137e-01   3.3971490e-02   1.1267267e-01   2.3399187e-03   8.0936145e-03  -2.1508316e-01   8.6145006e-02  -7.9749823e-02   1.4484411e-01   6.3496595e-02  -3.2109407e-01   1.2351496e-01   5.6725368e-02   1.1484617e-01   9.2691274e-02   1.2797996e-01  -7.9864995e-02  -2.5513635e-01   1.7929829e-01   3.9861810e-02   9.8717160e-02   1.3406529e-01   2.5823514e-01  -5.2226756e-02   1.6403495e-01   1.1966301e-01   1.7324085e-02  -1.8918243e-01  -2.2823079e-01  -2.6529371e-01  -1.6535545e-01  -3.2223178e-02   4.2532771e-02  -5.4088827e-02   2.5647821e-01   1.0110614e-01  -6.2668193e-02   2.1872058e-01   8.7429137e-02   1.7826002e-02  -2.5894416e-02  -2.5745701e-01  -6.7228259e-02  -1.0408164e-01
  -1.4486524e-01  -3.5954841e-01   1.3750005e-01   5.6913463e-02   2.4836980e-01  -5.1295480e-02   8.3880036e-02  -7.6611799e-02  -9.1619492e-03  -3.0076267e-03   3.1664539e-02   1.5188780e-02   5.3807417e-02  -4.2837640e-03   1.3404971e-01  -9.5391388e-02   2.1603161e-02   2.1794096e-01   6.5705174e-02  -2.2376721e-01  -1.3948214e-02   8.5547513e-02  -1.8931188e-01   1.3923867e-01   1.6384733e-01  -1.0190650e-01  -1.9378595e-01   1.8321245e-01  -2.4952315e-02  -3.2860838e-01  -1.7152471e-01  -2.6236181e-01   1.4648050e-01  -1.1585544e-01   1.0679623e-01  -1.0166791e-02   1.0066044e-02  -5.4500294e-02  -1.6260503e-01  -2.0328774e-02  -2.3990603e-02  -1.1070444e-01  -8.5010797e-02  -5.4027797e-02   1.8431238e-01  -3.6021130e-02   1.5824057e-01   2.7426832e-01  -6.2727134e-02
  -1.2181843e-01   7.2139300e-02   7.0964346e-02   1.8674578e-01   1.1367414e-01   3.5022208e-01   1.1356897e-01  -2.0312912e-01   1.8096057e-01   9.7026664e-02   8.1696172e-03   2.3791756e-01  -7.1082861e-02   2.4192028e-02  -9.1898931e-02  -2.8499637e-02  -1.1719671e-02  -6.1468202e-03  -1.4964144e-02   2.9132224e-02   2.9870063e-01  -3.3051369e-01  -3.2680413e-02  -1.3869292e-01   8.6289054e-03  -1.1078173e-01  -8.6731689e-02  -1.3711086e-01  -3.1648882e-01   1.9886552e-02  -8.0539097e-03   9.3814995e-02   5.3690560e-02  -6.3209998e-02   2.0508178e-01  -1.9396674e-02   1.3621744e-02   1.6376764e-01  -9.6898805e-02   1.7492372e-01  -1.4883560e-01  -1.4404401e-01   1.0957158e-01  -1.1526700e-01  -3.5583624e-02  -2.5341601e-01  -1.1453806e-01  -2.5028664e-03   7.3231345e-02
  -1.4737789e-01  -6.1770321e-02  -1.7655629e-01   8.4641731e-02  -1.8750804e-01  -1.2441005e-01   4.7546332e-02   9.3054754e-02  -3.9400534e-02   3.7668404e-02  -8.3589721e-02   2.4091495e-01   8.0804379e-02  -3.7172366e-02  -1.3995656e-01  -1.3793535e-01  -1.5562211e-01  -6.1106284e-03  -8.0727169e-02   5.4556864e-02  -2.7556779e-02   8.8110515e-02  -1.2476495e-01   2.1136314e-02   7.0455306e-02   8.2089743e-03  -6.8151575e-02  -1.6695059e-01   5.4918536e-02  -1.0236141e-01   1.3400349e-01  -1.7603905e-02   1.9600447e-01   3.7488373e-01  -1.1821943e-01  -2.5952761e-01   1.2793226e-01   2.0189262e-01   2.4834780e-01   3.2504338e-01  -1.3721208e-01   1.8012146e-01  -1.3109361e-01  -1.2128112e-01  -1.0237544e-02  -5.2245267e-02   1.3828329e-01   2.0207069e-01  -4.1896580e-02
  -1.4834123e-01  -8.6332365e-02   2.5529385e-02   1.1397293e-01   2.9017556e-01  -7.2548805e-02  -6.9236992e-02  -6.7959258e-02  -2.5529591e-01  -2.0469396e-02  -9.2643981e-02   7.2663289e-03   2.0745667e-01   1.3853867e-01   2.3610878e-02   3.1399733e-01   3.6827216e-02  -1.4407726e-01   2.1877000e-01   2.9280333e-01  -9.8452506e-03  -8.1922035e-02  -4.7908666e-02  -2.1905274e-01   8.1993442e-02  -3.9337500e-03   1.6557237e-01   1.5912245e-01   5.1615198e-02   1.0276116e-01   8.9621645e-02   2.1570473e-01   1.9073739e-01   5.8646215e-02  -4.6762784e-02  -2.4663552e-02  -1.8411683e-01  -1.3864123e-01   7.1698541e-02   4.5355753e-02  -2.2933860e-01  -1.0514244e-01   4.8785406e-02  -6.8616853e-02   1.5237840e-01   2.0287784e-01  -2.4753168e-02   1.7816274e-01   1.0931413e-01
  -1.4349686e-01   2.4187413e-01  -3.7764202e-02   2.9751160e-01  -1.2535451e-01  -1.8509627e-01   1.2159615e-01   3.4373496e-02  -1.3751257e-01  -1.4965026e-01   1.7573290e-01  -1.3400707e-01  -1.2227649e-01  -2.9057879e-02  -5.7054960e-02  -5.9550831e-02   1.9587103e-01  -1.1984940e-01  -1.4475013e-01  -5.5352762e-02   3.8757476e-02   1.3617178e-01   3.0756197e-02  -1.5199731e-01   3.2090569e-02  -6.0890942e-02   2.0744955e-02  -6.5865706e-02   5.8383913e-02  -2.5940589e-01   1.3798255e-01  -1.0383155e-01  -4.7516050e-03   2.4225378e-02  -3.0519200e-01  -3.1868705e-02  -1.5849505e-01   9.6635448e-02  -2.6085212e-01  -1.2562816e-01  -4.9344672e-02  -2.1647776e-01   6.9981847e-02  -2.6095027e-01   1.5852842e-01  -9.1510196e-02  -2.2731027e-01  -2.7816997e-02   1.1152170e-02
  -1.4350488e-01  -1.5122861e-01  -1.0113342e-01  -5.0253655e-02  -1.4593410e-02   8.8908923e-02   8.8214232e-02  -1.3146287e-01  -2.1735018e-01  -3.5044676e-01   1.0498878e-01  -1.3726759e-01   7.5307943e-02  -1.0624890e-01  -2.6856152e-01   5.6960600e-02  -4.9399018e-02   2.1537534e-01  -2.1514500e-02  -1.0436683e-01   2.0307619e-01  -2.2315670e-01   5.0659200e-02   7.3005440e-02  -1.6091634e-01   1.4196757e-01   5.7437618e-02   2.5380729e-02   1.7753507e-01   1.5618774e-01   4.4003729e-02  -1.4035262e-01  -7.7777104e-02  -4.2708863e-02  -1.4509909e-01  -1.7347219e-01   1.9856145e-01  -2.6162053e-02   1.0245036e-01  -1.4928148e-01  -1.0875660e-01  -2.4532062e-01  -2.8386316e-02   7.1591124e-02  -1.8069891e-01  -1.0202574e-01   1.4840793e-01   5.4839025e-02   2.3183503e-01
  -1.4114966e-01   8.6090331e-02   1.1752634e-02   1.2151947e-01   1.0787032e-01   7.4514008e-02   1.2730384e-01   1.1214820e-01  -7.6287472e-03   1.2675525e-01   1.1984416e-01  -3.6188481e-01   4.9393296e-02  -1.1766208e-02   2.1962836e-01  -2.7370885e-01   1.5021106e-01   1.8604002e-01   3.5654471e-01   4.8247807e-02  -3.7361970e-02  -2.1519331e-02   2.7274742e-01  -6.1083114e-02  -1.0064953e-01   1.3394097e-01   4.2211020e-02  -1.2912388e-01  -2.1142089e-01  -1.6947205e-02  -1.5825718e-01  -8.7953760e-02   5.9763608e-02  -1.3251912e-02  -1.1016510e-01  -6.4332532e-02  -3.9701843e-02   4.7860210e-02   3.1161339e-01   1.2902145e-01  -6.6461763e-04   1.2013210e-01  -1.4981313e-01   1.0823149e-02   1.1537323e-01  -2.8585210e-02  -1.4970335e-02  -8.3333220e-02   1.9437121e-01
  -1.3961789e-01  -1.0324512e-01  -2.2543859e-01   8.9358410e-03  -4.3938869e-02  -1.5100105e-01  -3.5318467e-02  -1.6704060e-02   8.1144236e-02   1.7652119e-01  -3.0899795e-02  -1.8214508e-01  -2.0824161e-01   4.3137586e-02  -1.3514264e-01   2.2055036e-01   2.0850677e-01  -1.7794019e-01   9.4145409e-02  -6.6735969e-02   2.9206860e-02   7.0053891e-02  -1.4248732e-01  -1.5400841e-01   6.2229866e-02  -3.5009629e-01  -1.0878095e-01  -1.1437989e-02  -4.9097082e-03   1.5285415e-01  -3.4859432e-01  -1.1024983e-01  -2.4646718e-01   4.4614277e-02   2.6817798e-02  -1.7747941e-01  -1.3708610e-01   4.9768670e-02   2.0993078e-01  -1.0878871e-01  -1.1403398e-01   1.5392804e-02  -3.9687386e-03   1.7289422e-01  -1.1512063e-01  -1.8250266e-01  -2.2309952e-03   8.2975868e-02  -7.9045765e-02
  -1.4594016e-01   4.7726955e-02   3.1010671e-02   1.1795719e-01  -1.2936690e-01  -7.8247284e-03   2.1413177e-01  -2.0696689e-01   1.7592727e-01  -4.4363727e-02  -6.7223918e-02   1.1917123e-02  -1.7120583e-01  -3.7138313e-02  -5.5861558e-02   6.3016161e-02  -1.6465314e-01   2.5722657e-01  -1.5761280e-01  -4.0774696e-02  -2.5064972e-01   1.2003286e-01  -1.3573370e-01  -7.5765052e-02   3.0090477e-01   7.1176774e-02   5.0453266e-02   2.0059445e-01   1.4717775e-02   8.7224828e-03   8.2558326e-03   8.6446160e-02   1.5161549e-01  -1.6273263e-01  -7.7319705e-02   1.3338277e-01  -9.0539478e-02  -7.6412933e-03   1.8809909e-01  -1.1719204e-01  -1.4612164e-01   2.6978719e-01   1.6713235e-01   1.3316067e-01  -1.3232691e-02  -5.4565867e-02  -7.3568936e-02  -1.2468850e-01   3.4463490e-01
  -1.2404409e-01  -2.8461077e-01  -1.3569561e-01   1.6746993e-01   1.7602178e-01   1.3934565e-02   1.5984285e-01   9.7290975e-02  -1.0171638e-01   1.2554285e-01  -1.0470222e-01  -4.6882101e-02  -1.2182017e-01  -2.6356894e-01  -4.2374319e-02  -6.1978598e-02  -6.9272689e-03  -7.8519175e-02  -2.3405496e-01   4.8545434e-02   4.5106846e-02  -4.7025575e-02   2.2052576e-02   1.2940320e-01   1.0526770e-01  -1.1035317e-02   2.6788349e-01   5.4997595e-02  -7.6131023e-02   1.2304425e-01   1.2532962e-01  -4.4822254e-02  -2.0248357e-01   2.7091685e-03   1.6070141e-01   3.1590376e-01  -2.1476845e-02   1.2943973e-01   1.7466110e-01  -1.3029180e-01  -3.8493473e-02  -3.0838869e-03  -2.6700873e-01  -2.8682917e-01   3.0840713e-02   1.2574580e-01   2.2879945e-02  -1.7785317e-01  -1.3028120e-01
  -1.6396848e-01   5.8820874e-02   1.4492338e-01  -1.9668964e-01   2.3063540e-04  -1.2345966e-01   3.1786404e-01   2.8949719e-02   1.2540344e-01   1.9676965e-01   4.9144977e-02   2.7067212e-01   8.3155289e-02  -6.8685358e-03  -2.4227871e-01   2.0140409e-01   1.1159705e-01   4.3481804e-02   1.3946976e-01   2.0969584e-04   9.5096680e-02   1.0005535e-01   4.0623324e-02   1.8440825e-01  -1.2587327e-01   2.4793347e-02   1.7166628e-01   5.1869295e-02   1.1389475e-01  -1.3430717e-01  -2.1158702e-01   1.2858471e-01   1.3085640e-01   1.4924732e-01  -5.9272948e-02   5.3282236e-02  -7.1907291e-02  -8.9487189e-02   1.5623434e-01  -3.0869778e-02   2.5064083e-01  -2.1833489e-01   5.9245280e-02  -1.1268462e-01   8.7317320e-02  -1.5129223e-01   1.0106504e-01  -2.7312522e-01  -2.7288257e-02
  -1.5501089e-01   8.7729725e-02   1.0644848e-01  -1.4341820e-01   1.0533336e-01   2.0022958e-01  -7.5249335e-02   8.5577702e-02   3.7552812e-01   3.6111811e-02   8.8644297e-02  -1.6425078e-01  -6.0985042e-02  -1.7900421e-01  -5.8636689e-02   1.2099947e-01  -8.4131665e-02  -1.7913267e-01  -1.0705263e-02   1.9255661e-03   7.6344503e-02   1.5650740e-01   2.0403573e-02  -9.1255963e-02   2.0980443e-02   8.9370605e-02   2.3138086e-01   1.3696842e-01   2.4384917e-01   1.1929179e-01   1.8575296e-01  -2.3110900e-01   2.1592728e-02  -1.0400321e-01  -5.6515663e-02  -1.2403830e-02  -1.3050466e-01  -1.1513041e-01  -1.5758808e-01   3.2241758e-01   5.7405296e-03   8.7304970e-02  -2.2134283e-01  -3.2855844e-02   1.5735138e-02  -2.3306469e-01   7.5331154e-02   1.6927578e-01   1.3676210e-02
  -1.3770393e-01   7.1447173e-02  -1.8320070e-01  -2.4312604e-01   5.4483438e-02  -7.2765767e-02   1.6755747e-02   2.5606230e-01   6.3620807e-02   8.5405422e-03   6.1713559e-03   1.1236843e-01  -5.1139574e-02   1.7742154e-01   2.5804511e-01  -7.2963472e-02   1.0408606e-01   1.1776952e-01  -2.3850586e-01   5.4133879e-02  -1.7263654e-02   3.2636504e-02   3.4561483e-01   2.0360519e-02  -1.8990554e-02  -1.5073244e-01  -2.4753583e-01   1.0422914e-01   1.3086116e-01   1.4291546e-01   2.7144978e-02   5.3053344e-02   1.8029607e-01  -1.3113751e-01  -2.6434904e-02   1.3895549e-01  -3.3750804e-03  -4.3313662e-02   2.9260174e-02   3.5004668e-02  -4.1977208e-01  -1.9253942e-01   2.7965579e-02  -7.5316908e-02  -1.0601689e-01  -1.0119167e-01   1.4220707e-01  -7.9919952e-02  -5.2802037e-02
  -1.3265544e-01   1.5943913e-01  -1.5616714e-01   8.1267403e-02   1.4790648e-01  -8.9654669e-02  -1.3268222e-01  -1.5540412e-01  -4.7817503e-02   1.3370575e-01  -5.0267333e-02  -2.0991739e-01   1.6939312e-01   1.7155772e-01   1.4619756e-03  -9.0787096e-02   4.9738177e-02  -1.6875256e-01  -1.8634155e-01  -4.6274622e-01   6.9049869e-02  -5.3341186e-02  -6.0717599e-02   1.2868336e-01  -2.0872896e-02   6.3458172e-02   1.3984189e-02  -2.6590214e-02  -3.8028755e-02   7.1376719e-02   2.5193606e-01   1.6943665e-01   2.8046258e-01  -6.6705182e-02   4.3905530e-02   1.0064240e-01  -1.5769015e-01   8.5657563e-02   1.8606551e-01  -1.9639250e-02   2.5541068e-01  -6.5301315e-02   4.8623780e-02   1.8387722e-01  -2.3708086e-02  -1.1814510e-01   1.2758467e-01   7.5217161e-02  -7.0245367e-02
  -1.2403616e-01   5.1303241e-02   1.0078616e-01   2.4270738e-02   4.9486727e-02  -2.1869738e-01  -2.3928568e-01  -2.7654737e-02   1.9008788e-01  -7.2032267e-02   4.0716225e-02   6.5167050e-02  -4.7763167e-01   2.1512536e-02  -4.4359596e-02  -5.9071168e-02   2.0524046e-01  -7.3041938e-02   1.1721422e-01  -7.2833384e-02  -1.2294833e-01  -2.4510350e-01   3.6368226e-02   1.1918179e-01  -9.3055599e-02   3.5313680e-01  -9.4084778e-02   7.9232208e-02   1.9068385e-01  -3.1170076e-04  -4.1636584e-02   3.7109623e-02   4.7969254e-02   1.4637609e-01   2.4778242e-01   3.0606285e-02   8.0005096e-02   3.6149177e-02   1.1340339e-01  -4.4378568e-02  -5.8151359e-03  -1.6950177e-02   2.4294027e-02  -2.0837373e-01  -2.7452351e-02   1.1155754e-01  -1.3138885e-01   2.0324874e-01   1.0849071e-01
  -1.3117807e-01   3.9857830e-02  -1.8315038e-01  -7.4523373e-02   9.0077821e-02   1.4360208e-01  -5.2119322e-02   5.4452678e-02   1.2079634e-01  -2.1921964e-01   7.5693167e-02   6.4436657e-03   3.3872776e-01   1.3165468e-01  -1.0462496e-01  -2.1993638e-01  -2.0714131e-03  -8.1604602e-02   3.2737288e-02  -3.9315354e-02  -2.1709174e-01   3.4914926e-02  -1.3229509e-01  -6.5383082e-02   2.0357258e-01  -8.4527940e-02   2.5145728e-02  -1.3527592e-01   2.3905569e-01   9.1156737e-02  -1.7666389e-01   8.7073593e-02  -6.7654743e-02   2.0875174e-02   1.3488103e-01   1.6576419e-01   3.0397749e-01  -1.0074143e-01   8.1364264e-02  -4.0320405e-02   4.6184926e-02  -8.5713569e-02  -9.5527638e-02  -5.7749257e-02   2.1165097e-01  -1.4554939e-01  -3.8297071e-01  -2.4322151e-02   6.8892246e-03
  -1.4028176e-01   1.2127194e-01   1.9655922e-01   1.1417972e-01   3.2612116e-01   1.9836024e-01   1.1758245e-01   1.9275837e-01  -1.0383719e-02  -1.3502374e-01  -1.2304257e-01   1.1345589e-01  -3.1059898e-02  -1.3546465e-01   1.2880693e-01  -5.5488544e-02   1.1791867e-01   5.0687570e-02  -1.9483739e-01  -1.7748051e-02   4.5160480e-02  -4.4686873e-02  -9.9619461e-02  -2.2863985e-01  -4.5999171e-02   2.2413032e-01   1.0505386e-03  -2.9861708e-02   1.9285551e-01  -9.2148075e-02  -1.0373900e-01   1.2391963e-02  -4.9250884e-02   2.2472868e-01  -5.9054579e-02  -8.3632047e-02  -3.6575606e-02   1.9596041e-02   6.5841933e-02  -1.4352941e-01  -6.9617715e-02   8.2585316e-02   8.4550031e-02   3.9162252e-01  -5.4084238e-02   2.3190797e-02  -5.5101977e-03  -5.3453278e-02  -3.6399064e-01
  -1.3792885e-01  -2.9747868e-01  -1.2275891e-01   1.8454207e-01  -5.9032697e-02   6.0566360e-02   1.2187075e-01   3.8710409e-02   7.7039088e-02   1.3160058e-02   3.6546907e-02  -2.9427074e-01   2.7569431e-02   1.6526015e-01  -1.1123212e-01   1.1525539e-01  -2.6948911e-01  -1.7037772e-01   6.8289265e-02   1.7543169e-02  -2.4423077e-01  -5.5757841e-02   6.9237615e-02   6.1169443e-02  -1.1129821e-01   2.5122109e-01  -2.3829806e-01   3.7181847e-02   6.2955624e-02  -6.0395275e-02   1.9742058e-02   4.5604030e-03   7.5062966e-02   6.4368839e-02   1.7448565e-01  -1.4977815e-01  -7.4001241e-02  -2.7373044e-02  -2.0440824e-01   1.3026410e-01  -7.9046145e-02  -4.2150249e-02   1.2674369e-01   2.1596710e-02  -2.1002146e-02  -1.7004546e-02  -2.4407911e-02  -4.0141728e-01  -1.9449591e-01
  -1.5058936e-01   1.3975934e-01  -2.1911314e-01   1.8901573e-01   1.1045316e-02  -3.7772602e-02  -7.7522535e-02  -8.8131968e-02   2.1183211e-01  -1.6686239e-02   1.4108535e-01   1.0119462e-01   2.6306551e-01   1.2266146e-01   2.0620246e-01   5.0301750e-02  -9.2039526e-02   1.0486563e-01  -5.9806623e-02   1.9793276e-01  -2.6000107e-02   6.5026199e-02  -3.9748285e-03   1.8601880e-01   9.5418522e-02   2.0936345e-01   8.0670263e-02   8.1234927e-02  -5.8772465e-02  -9.3918068e-02  -2.0740148e-01   4.1835866e-02  -2.7387050e-01   1.0769771e-01  -1.9996989e-02   3.5688099e-02  -2.2655866e-01   1.4758888e-01  -1.2869707e-01  -2.7446596e-02   8.0869623e-02  -1.5980548e-01  -1.5382311e-01   1.4848459e-02  -4.0456038e-01   6.2651219e-02   3.2585531e-02   1.4199553e-01   7.6270995e-02
  -1.3438038e-01  -2.0034865e-02   2.9302267e-01  -7.9898466e-02  -1.5512258e-01   2.2958434e-01  -1.5907304e-02  -1.7868130e-01  -2.3807357e-01  -5.5948956e-02   1.3009512e-01   5.7899731e-02  -1.4472744e-02   1.9954134e-01   2.1905271e-01   4.0158251e-02  -2.2076742e-02  -4.4852794e-02  -8.5424631e-02  -3.0400289e-01   7.8486554e-02   7.1477301e-02   1.3276768e-01   9.7138338e-02   1.7372990e-01   8.4351473e-03  -4.7520559e-02   4.5901729e-02   1.3782386e-01   8.1037298e-02  -5.0536421e-02   2.3395869e-01  -3.3975173e-01   4.6483885e-02   2.3702185e-02  -2.5163990e-01  -1.7121624e-01  -3.3062961e-02   1.2153243e-01   8.8300383e-02  -4.6980725e-02   1.6477535e-01  -8.3217975e-02  -2.5061618e-01   1.0552944e-01   5.5652497e-03   1.5755666e-02  -7.4163709e-02  -4.6428673e-02
  -1.6927827e-01  -8.9448898e-02  -2.0535982e-01   6.2041048e-03   7.0003074e-02  -3.6075787e-02  -9.8084242e-03   1.5391021e-01  -5.2685330e-02  -2.2508301e-01  -1.6674062e-01   1.7098130e-01  -2.0612544e-01   8.1374107e-02   4.3368418e-02   4.2274847e-02  -7.2456184e-02   5.5279127e-02  -1.6116121e-01  -1.1208314e-01  -2.0021444e-01  -4.7563099e-03   7.0012412e-02  -1.4733968e-01  -2.9848351e-01  -9.5136665e-02   1.9710638e-01  -1.6459009e-01  -6.2518197e-02  -3.7825006e-02  -1.4041593e-01   1.4504560e-01  -1.4469257e-01  -5.6472293e-02   1.1443409e-01  -4.3982314e-02  -1.2340112e-01   2.7845793e-02  -1.9730187e-01   1.8043927e-01   2.0791066e-01  -1.2143755e-03  -5.1301289e-02   1.2732178e-01   2.8914430e-01   8.1386151e-04   2.0696492e-01   2.2094501e-02   2.9750951e-01
  -1.3608934e-01  -7.5521871e-02  -1.0176658e-01   1.3837010e-01  -8.1916480e-02   6.5564272e-02   1.5794321e-02  -2.1623456e-01  -7.4858315e-02   2.0862648e-01  -1.9452379e-01   1.9732023e-01  -1.3617330e-01   1.5097719e-01   2.1018370e-02  -1.0790424e-01  -4.8995798e-02  -1.2941745e-01   1.6383537e-01  -1.5216070e-01  -2.3691610e-02   1.6815715e-01   2.7240229e-01   2.4481535e-02   1.5139472e-02   1.7370488e-01   2.4805151e-01  -1.6992931e-01  -9.5180406e-02   4.9401037e-02  -3.9065607e-02  -9.5050371e-02  -1.4567290e-02   8.1023167e-02  -1.6506218e-01   1.3163596e-01   2.0901752e-01  -3.9437834e-01  -1.8702167e-01  -1.5099301e-01  -1.6168415e-01   3.2576453e-02   4.0072610e-02   8.4258772e-02  -7.5154376e-02  -9.8773779e-02   1.2048890e-02   1.4650738e-01  -1.0957536e-01
  -1.4955543e-01   1.6073501e-01  -8.2723882e-02   7.4329755e-02  -1.7004380e-01   9.3616539e-02  -2.4518480e-02  -3.4133179e-02  -1.5008621e-01  -2.3266940e-01  -1.5268766e-01  -4.4597788e-02  -1.3221528e-01  -5.6437776e-02  -8.8772241e-02   1.1303183e-01   1.8228331e-01   7.8676454e-02   2.0120677e-01   1.5773208e-01  -4.7475868e-02   5.5601371e-02  -2.6309719e-02  -7.4579423e-02   9.6105036e-02   8.5078391e-02  -1.4961332e-01   1.7159665e-01  -1.2354509e-01  -1.4987399e-02  -3.2253970e-02   3.1708049e-01   1.1598970e-01  -2.3807623e-01  -6.4256183e-03   5.0805553e-02   1.8327752e-01   3.4061382e-02  -9.3451927e-02  -7.3331207e-03   1.7853709e-01   7.3497611e-02  -3.5120788e-01  -5.8361547e-02  -6.1327284e-02  -1.7390591e-01   2.0148851e-01  -4.3296829e-04  -3.1625641e-01
  -1.4275522e-01   2.6673561e-02  -1.6453044e-01  -5.6168391e-02   1.5931455e-01   3.8845572e-02  -6.6487119e-02  -1.2992755e-01  -1.1667391e-01  -2.9248736e-02   2.7946409e-01  -9.6742281e-02  -1.1502739e-01  -1.9263807e-01   8.0873164e-02  -6.7152714e-03   1.8581529e-01   2.4622416e-01  -4.8323207e-02   2.5542967e-01  -7.6080917e-02   2.0712607e-01  -8.1609967e-02   1.6886706e-01   8.5957473e-02  -8.0861859e-02   3.7874397e-02  -1.6460577e-01  -8.2908375e-02   1.0429987e-01   2.1559887e-01   5.1286224e-02  -2.8876024e-02   2.0513525e-01   2.5246555e-01  -1.1713583e-01   1.6377667e-02  -2.5937357e-01  -6.0810720e-02   5.1316079e-02   1.2888930e-01   7.6783510e-02   3.6864552e-01  -4.4549683e-02  -1.7561403e-02  -1.3667031e-01   9.0309418e-02  -6.6320713e-03  -6.2370617e-02
  -1.5330040e-01  -1.3427610e-01  -2.7406587e-02  -1.6161562e-01   1.1187955e-01  -3.1642454e-03  -6.7388552e-02  -2.9266162e-01  -1.5728646e-02   1.8780185e-01   1.7526883e-01   2.7016460e-02  -1.6576387e-02   1.0092854e-01  -2.7184458e-01  -2.1443782e-01   4.1354776e-02  -8.7095420e-02  -2.2794877e-01   3.8133223e-01   6.2406699e-02  -1.1634019e-01   2.8561720e-01   6.7069414e-03   4.9124283e-02  -1.3714597e-02  -8.6339763e-02  -5.1243649e-02   1.7220098e-01  -1.2311073e-01  -7.8171403e-02   2.9787989e-02   4.3241230e-02  -1.7448014e-01  -1.2298795e-01  -8.3023026e-02  -4.7813573e-02   1.4137941e-01  -9.9798783e-02  -1.4630047e-01   1.3477048e-01   2.5551929e-01  -7.1290901e-02   1.6032372e-01   1.5727870e-01   1.0524777e-01   1.0982672e-02   4.9192462e-02  -2.8169875e-02
  -1.3773989e-01  -2.2214738e-02  -6.1145545e-02  -1.0104138e-01  -1.0635325e-01   4.6830400e-03  -1.6817870e-01  -4.9459800e-02  -1.8613431e-01   3.4162603e-01  -1.1025259e-01  -9.2559778e-02  -1.7668521e-02  -3.2795661e-01   1.8416854e-01   2.5306441e-01  -1.4819841e-01   2.9882063e-01  -1.5489912e-01  -7.0324474e-02  -3.0147217e-02  -1.6724262e-01   1.7005967e-02   1.2489430e-02  -4.2132303e-02   4.4988660e-02  -9.4211711e-02  -4.7237374e-02   8.0136089e-02   1.1968559e-01  -1.7874762e-01   6.4636295e-02   1.5143544e-01   1.1814299e-01  -1.4798263e-01   2.3835612e-02   1.3702339e-02   2.0971066e-02  -1.5825480e-01   7.9531950e-02   1.0195307e-01  -9.3676763e-02  -1.1081189e-01   5.4725781e-03   8.8042722e-02  -5.8405899e-02  -4.0848459e-01   5.5233397e-02  -3.7547904e-02
