  -1.2513010e-01   1.4939124e-01   1.8524042e-01  -2.1429802e-01  -2.8193667e-01   3.6481302e-02   3.7241659e-02  -8.3350903e-02   4.9487995e-02   2.1134685e-01  -1.1252274e-01   4.1260708e-02   1.4242112e-02   2.4172401e-01   1.1664780e-01  -6.3283501e-02  -2.9289128e-01  -1.6245125e-01   1.4738545e-01  -1.7543257e-01   1.9202451e-01   1.0951465e-01  -2.5002136e-02  -2.0241314e-01   5.7443083e-02  -1.0832010e-02  -6.0388563e-02   1.7836371e-02   1.7224231e-01  -1.5313365e-01   4.9559232e-02   1.1157469e-01   3.2009485e-02  -1.8559067e-01   4.5148121e-02  -1.6168786e-02  -2.5779972e-01   3.1686155e-01  -7.3407980e-02   7.6224867e-02  -1.8559603e-02   4.4233325e-02   2.5115830e-01  -1.5906141e-02   1.4252095e-02   9.1813799e-02   1.0413056e-02  -1.5598133e-01  -9.9151399e-02
  -1.4143381e-01   3.3369191e-01   3.3035890e-02  -8.8777645e-02   5.1252296e-02   6.2984500e-02   1.2366891e-01  -1.3947099e-01   9.5648885e-02   4.4340093e-02  -1.0850957e-01   5.1301589e-02   7.3949646e-02  -3.0056228e-01  -1.7240016e-01   1.1391534e-01   1.3955388e-01  -3.8367337e-02   4.2516600e-02  -1.1196327e-01   3.7014965e-02  -1.0604265e-01   2.7679887e-01  -1.8266246e-02  -2.7311546e-01  -3.8312189e-02  -1.5257299e-01   7.8421854e-02   1.3637687e-01   1.0440028e-01  -3.1965705e-01   6.9699748e-02  -1.1530149e-01   1.7592737e-01  -6.0658684e-03   2.8800065e-01  -1.7218397e-01  -1.4951188e-01  -1.2279128e-01  -1.0256577e-02  -1.7304398e-01   1.6339713e-01   6.7841708e-02  -1.3515902e-01   4.1604391e-02  -4.7091743e-02  -3.2233777e-03  -7.5258177e-02   6.2283454e-02
  -1.5691777e-01   4.0016115e-02   1.4943826e-01   1.3503368e-01  -2.3034125e-01   4.9116354e-02  -3.3276381e-01   1.3751217e-01  -9.0380057e-02   1.5044119e-02  -2.9141411e-02   1.5687972e-02   3.2838993e-04  -1.5509591e-01   1.3065215e-01   1.6139182e-02   9.3725078e-02   1.7020953e-01   2.2832394e-02  -7.2714535e-02   1.1519319e-03   5.8553779e-02  -9.2410412e-02   8.4124200e-02  -7.9833171e-02  -1.7808969e-01  -2.8691187e-01   6.3702271e-02   1.4001800e-01  -4.2915205e-02  -2.4171102e-02  -2.4555004e-01   1.0254746e-01   1.2563875e-01   1.3096451e-01   1.9240682e-01  -1.5026047e-01  -6.6608087e-03   6.7496355e-02  -2.3522099e-01   2.9566616e-01  -1.5697782e-01  -1.4671134e-01   1.4205466e-01  -1.2744119e-01   2.7276906e-01  -3.0771486e-02  -5.4741843e-03  -1.3948187e-01
  -1.5121601e-01   6.9220075e-02  -1.0517645e-01   3.2546324e-02  -2.5921401e-01  -1.1452583e-01  -2.9784621e-02   1.5411527e-01  -8.2944950e-02  -7.4318047e-03   2.0980148e-01   7.3269307e-02   1.1708947e-01  -8.5017751e-02  -1.6294672e-02   1.1525127e-01  -6.8029540e-02  -2.7499307e-02   1.6812624e-01  -7.0034083e-02   9.5317048e-02  -3.4695438e-01   3.9676845e-02  -1.2099841e-01  -5.3169342e-02   1.5733270e-01  -2.0593531e-02  -1.3250559e-01  -2.3137983e-01   7.7808973e-02   3.1728407e-01   2.0082012e-01  -6.9575068e-02   1.5157400e-01   1.2207596e-01  -7.7728089e-02  -8.2431341e-02  -6.2548551e-02   1.2643106e-01  -1.7301177e-01  -5.3557402e-02   9.3534096e-02  -1.1718452e-01   1.9399521e-01   2.2610879e-01  -2.9332060e-02   3.0399506e-01  -1.4262869e-01   3.1210083e-02
  -1.4227043e-01   2.9023973e-01  -2.6738628e-03  -4.8449410e-02   4.3905762e-02  -1.2055332e-01   3.5052609e-02  -1.2528309e-01   1.3193282e-02   6.6626069e-02  -8.2543759e-03  -1.2375080e-01  -1.0970668e-01  -1.3059364e-01  -1.0669705e-01  -1.5046240e-01  -1.7036994e-01   4.7606585e-03  -9.2849973e-03   1.7124572e-01  -1.5140994e-01   1.7583631e-01  -1.3416434e-01   1.3227248e-01  -1.7333265e-01   1.5607675e-01   5.2648965e-02  -2.5987091e-01  -2.5451732e-01  -1.6936755e-01  -1.6619902e-02   7.4629164e-02   1.4727973e-01  -7.8083432e-02  -3.9754913e-01   1.6164045e-02  -1.9424979e-01  -1.3109109e-01   2.3048477e-01  -3.1761188e-02   1.5957218e-01  -8.6010915e-03   4.0994689e-02   6.5357187e-02  -9.4599315e-02   1.9354385e-01   4.1121772e-02  -5.3099682e-02   1.6522636e-01
  -1.5516806e-01   3.1613292e-02   1.8522131e-01   1.6001769e-01   8.4153652e-02   1.0061614e-01  -1.2706153e-01   9.7358525e-02   1.4869336e-02  -2.0097685e-01  -1.8122298e-01  -1.5205983e-02  -2.3643805e-01  -1.3621945e-01   4.5000177e-02  -8.6318556e-03   9.2163581e-02  -1.4954542e-01   4.9500561e-01   1.4188987e-01  -1.6898827e-02   2.8186968e-03  -4.8843726e-02   5.5125737e-02  -2.4124491e-02   1.2352385e-01   8.5682227e-02  -5.9973954e-02  -8.4456271e-02   2.0853912e-01   9.4418223e-02  -1.6584343e-01   8.4255405e-02  -2.3499325e-02  -4.1431660e-02   2.1011551e-03   6.0282508e-02   3.7472218e-03  -3.0720592e-01   1.5486973e-01   7.3833192e-02   5.4142089e-03   3.1474142e-01   9.2867418e-02  -1.2156271e-02  -1.4455829e-01   1.7209378e-01   1.4863669e-02  -1.0464470e-01
  -1.1694664e-01   4.6972558e-02  -5.3488303e-02   2.3448653e-01  -7.0353682e-02   3.4764928e-01   1.2971078e-01   2.0500150e-01  -7.1969514e-02  -7.7215884e-02   1.8452411e-02  -1.2044828e-01   2.2437377e-01   2.8765364e-01   3.7234722e-02   1.8775090e-01  -1.3638056e-01   2.0540888e-01  -4.0825110e-02  -2.4443936e-01  -2.1552323e-02  -1.9515057e-02   2.9289631e-02   5.7725295e-02  -1.1869913e-01   2.7405308e-01   8.1044698e-03   9.3440784e-02  -9.5699675e-02   7.5178734e-02  -5.6539674e-02  -1.0082336e-01  -2.9058450e-02  -1.1287940e-01  -9.3726700e-02   9.2919659e-02  -1.3592115e-01  -2.3334671e-02   9.3986670e-02   1.5605596e-01   2.1219859e-01  -2.2354296e-02  -1.2555883e-03  -1.5603127e-01  -2.1797993e-01  -2.7633398e-01   3.8285724e-02  -9.7452196e-03   1.1817388e-01
  -1.4839473e-01   1.3382470e-01   9.6212974e-02  -1.7808353e-01   1.7260550e-01   6.0779893e-02  -2.1199623e-02  -2.3364767e-01   1.0666035e-02  -8.5310867e-02   2.7430773e-01   1.7631351e-01   9.6677434e-02   4.5914949e-02   5.7201913e-02  -3.9284237e-02  -1.2834208e-02   7.4056718e-02  -1.4494309e-02   4.2205722e-02   1.6181090e-01   6.1775767e-02   1.7432071e-01   8.2995558e-02   3.0427758e-01  -7.5722540e-02   6.6238594e-02   9.7621910e-02  -2.3755804e-01   4.3394183e-02  -1.0422471e-01   2.1159788e-01   1.2559243e-01   1.5962509e-01   1.3846881e-01   1.6637989e-01   1.7905059e-01   1.1230320e-01   4.2058876e-02  -1.8027842e-01   3.6105297e-01  -1.2437700e-01   2.2135549e-01   2.5016058e-02  -6.9792718e-02  -1.4022891e-01   7.4352773e-02   4.1031026e-02   7.2275784e-02
  -1.5487267e-01   1.2671103e-01   2.3802437e-02  -4.4067132e-02   1.2529991e-01   3.0513436e-02  -4.9141559e-02   6.5010837e-03  -3.6160708e-02  -1.1831874e-01  -8.9869520e-02  -1.1951276e-01   2.4725723e-01   1.1018629e-02   1.0368597e-01  -1.9029977e-01  -1.2534991e-01  -3.5870244e-01   8.2968119e-02  -8.8031035e-02  -1.9119077e-01   1.8575388e-01  -1.7676222e-01   1.0610782e-01   1.2042936e-01  -5.2245375e-02  -3.2877655e-02   3.5917961e-02   9.0613858e-02   1.8194252e-01  -2.3145660e-01   9.2504045e-03  -3.6666264e-01  -1.9956690e-01   1.7601925e-01  -1.3998063e-01   4.0838106e-02  -1.1059568e-01   1.1402297e-01  -1.6551107e-01   4.7619811e-02   3.2254419e-02  -1.9850941e-01   2.0785286e-02   1.1726350e-01  -9.8723051e-03   2.3055071e-01   1.0713799e-01   6.7494779e-02
  -1.1943415e-01  -2.8395421e-02   3.3292911e-02   1.2935433e-01   4.6532020e-01  -5.7404447e-02  -2.1899227e-01   8.8420308e-02   1.9390069e-01   5.6662427e-02   3.8981745e-02  -1.2163000e-01   6.9060596e-02   1.2808551e-01  -3.5732608e-02   6.4188235e-02  -1.5222757e-01  -8.3149797e-02   3.7222574e-02   3.7536756e-02   2.0250670e-02  -2.7737542e-01   1.9453183e-01  -4.3065605e-02   1.1990499e-01   5.6048750e-02  -1.7758285e-02  -2.3321732e-01   9.8881514e-02   1.2046891e-02   1.6651888e-01  -1.5358398e-01  -2.6124138e-01   7.9211691e-02  -8.6142101e-03   2.8208231e-02  -1.9159398e-01   1.0627380e-01   6.9590851e-02  -1.3658659e-01   4.1622588e-02  -7.1376672e-02   1.5153234e-01  -1.1321096e-01   2.4980179e-02   1.7873693e-01  -3.0338539e-01   2.1986390e-02   9.9072391e-02
  -1.4589918e-01   5.3218686e-03  -1.4158445e-01  -5.8796064e-03   9.3176365e-02   1.4784182e-02  -2.9474583e-02  -4.9855652e-02   8.6549146e-03   7.1322818e-02   3.0091152e-01   6.6924056e-02  -2.5510761e-02  -3.3506756e-04   2.2889288e-01   2.1672375e-01   1.0063185e-01  -9.3959547e-02   2.1829116e-01  -1.2538662e-01  -5.7142053e-02   5.4084148e-02  -1.9850702e-02  -9.1834501e-02  -1.9916613e-01  -4.1990499e-01   1.4265400e-01   4.3085018e-02  -2.2813827e-01   1.2190705e-01   1.5761520e-02   6.8886424e-02   2.4569111e-03  -1.8380717e-01  -1.8237333e-01  -3.1852418e-02  -1.7040651e-01   2.4415754e-02   1.2059933e-01  -4.6383460e-03  -2.0838462e-01  -1.6895108e-01  -4.2484953e-02  -9.8724351e-02  -1.2098631e-01  -1.5071437e-02  -9.2215649e-02   2.2999148e-01  -2.5817932e-01
  -1.3267892e-01  -7.6503132e-02  -2.8158391e-02   1.6160153e-01   1.1677385e-01  -2.0491443e-01  -1.8465321e-01  -6.0511005e-02  -9.6710885e-02   1.4789615e-01   1.5604287e-01  -1.2074719e-01  -1.4573432e-01  -4.1710401e-02  -2.4815129e-01  -1.0338107e-01  -1.4862408e-01   2.2288738e-01  -1.1180880e-01  -2.4067234e-01   7.6701530e-02   2.4810506e-03  -1.1188464e-01   6.4124041e-03  -1.1687878e-01  -1.6628968e-01   5.1456038e-02  -1.6666115e-01   2.2128171e-03   2.0405559e-02  -1.4347588e-01   3.4842076e-02  -4.3123196e-02  -1.7525497e-01   3.0140983e-01   1.4418581e-01  -2.8547258e-02   8.5871288e-02  -1.4461268e-01   2.8031707e-01  -1.0656145e-01  -1.0866809e-01   7.1252068e-02   2.4784134e-01  -2.4029144e-03  -1.0814832e-01   1.5746955e-01   9.5338514e-02   2.2160283e-01
  -1.5087497e-01  -5.7128512e-02  -2.8346625e-02   2.1991800e-01  -1.2792472e-01  -3.2299141e-02   7.2489235e-02   2.2583362e-01   8.7675194e-03  -1.0849879e-01   3.3669787e-01   1.1414594e-01   1.4972281e-03  -1.6753782e-01  -9.4742777e-02  -4.4046534e-01  -2.5862877e-01  -1.2275285e-01  -4.6835889e-02   8.8035014e-03   1.5950347e-01  -1.0152557e-01   2.0711096e-01  -3.5859858e-02   7.9270070e-02  -7.5251233e-02  -3.1249506e-02   6.3526685e-02   7.0620570e-02   1.1589203e-01  -1.4580434e-01  -5.8379248e-02   1.6992603e-01  -8.9587997e-02  -8.2129139e-02  -9.6184952e-02   7.4172577e-02  -1.5780286e-01   3.4155449e-02   1.7940333e-01   5.7858806e-02   1.8901124e-01   3.2039541e-02  -1.9954666e-01  -3.3915149e-02   1.6271859e-01  -9.5488423e-02   2.8432800e-02  -1.5334352e-01
  -1.7275562e-01  -8.1714498e-03  -1.3338486e-01  -1.1259625e-03  -9.4671212e-02   9.1152819e-02   1.2684358e-01  -3.1111170e-02   3.1186715e-02  -1.5844042e-01   2.2069018e-01   3.5277593e-02  -2.1282878e-01   4.8551537e-02   2.0580539e-01   1.5363491e-01  -5.7879548e-02  -1.1584486e-01  -1.2489746e-01   1.1084588e-01  -4.3344238e-01   7.6927199e-02   2.2098510e-01   1.5123327e-01   1.3644368e-01   3.5641795e-03   2.3175225e-01  -1.3832692e-01   1.7296243e-01  -1.6533632e-01  -2.3653303e-02  -1.7048767e-01   1.5228276e-01   9.6008637e-02   2.9660690e-01   8.1926008e-02  -2.2409139e-01   1.8263722e-02  -5.5719347e-02   4.4923203e-02  -1.3503791e-01   7.1779620e-02  -2.2788638e-02   8.9922788e-03   3.1758153e-03   4.8467198e-02   1.2583081e-01  -1.0438679e-01   6.3098837e-02
  -1.4977220e-01   2.3849422e-01  -4.1408397e-02   1.2502088e-01  -1.5894731e-01   1.6212898e-02  -2.2265115e-01  -5.7480664e-02   8.4756115e-02  -4.8601314e-02  -1.3427845e-01  -1.0361305e-01  -2.5236863e-01   5.1828775e-02  -2.1416453e-01   1.2200437e-01   1.2891597e-02   5.9825582e-03  -1.1315545e-01   2.7727733e-01   1.6579433e-01   5.1860558e-02   1.4359331e-01   1.9846744e-02   7.0065414e-02  -2.4303882e-01   1.5860637e-01   2.3840281e-02   1.4728373e-02  -7.2446922e-02   1.3625576e-01   8.1705537e-02  -3.1218427e-01  -1.1070591e-01   4.8125052e-02  -2.6928233e-02   1.0192741e-01   3.2296096e-02   1.5698441e-01   8.8367015e-02   1.1783680e-01   1.7606650e-01  -2.1244048e-01  -7.9812346e-02  -1.7361493e-01  -2.1682653e-01  -1.4094032e-02  -1.8612654e-01  -1.8162503e-01
  -1.4715350e-01   3.0930237e-01   2.5152513e-02   6.7968835e-03   9.9211987e-02  -1.5810450e-02   1.9369284e-01   3.0295096e-01   1.9263792e-01  -1.4145370e-02   6.1864551e-02   1.4414288e-01  -3.0807532e-02  -4.5652583e-03   1.1665835e-01  -4.8594838e-02   2.4914718e-02   2.9376419e-01  -2.5561096e-02   2.0164854e-01  -1.2374613e-01  -8.4627647e-03   5.8084394e-02  -1.9073979e-01  -7.0515630e-02   4.0222938e-02  -1.4116186e-01   3.2371675e-02   2.1710313e-01  -2.2606912e-02  -8.3541835e-02   1.8586484e-02  -1.0198567e-01   3.0798398e-02  -1.1095731e-01  -2.1058257e-01   2.0129813e-01   3.4072441e-01   7.3165805e-02   2.2517857e-02  -1.2579573e-01  -6.6258183e-02  -1.9034032e-02   2.8445667e-01  -1.1539391e-01  -1.3758422e-02   1.1493409e-01   1.9480918e-01   3.4763435e-02
  -1.4379973e-01  -8.1000050e-02  -5.5817514e-02   5.6218055e-02  -3.9797127e-02  -2.4262736e-01  -2.1663779e-01  -1.1604690e-01   6.4420104e-02  -3.4621264e-01  -3.9573257e-02   1.5988346e-02   2.1843025e-01  -1.8568282e-01  -1.8863883e-01   2.0219449e-01  -2.7256746e-02   3.2725171e-02  -1.2756459e-01  -5.5899008e-02  -7.2032229e-02   1.5557073e-01   1.9843323e-02  -1.8744977e-01  -3.4655814e-02   1.8172959e-01   1.6451172e-01   1.5823931e-01   3.5519545e-02   8.8586846e-02  -3.4376758e-02   1.3338709e-01   8.4689536e-02  -3.6004273e-03  -8.0218875e-02  -2.5356865e-01  -9.2398799e-02   2.6033614e-01  -2.7547912e-01  -3.3668011e-02   4.9111693e-02  -1.6353232e-01  -9.1830929e-02  -1.9860925e-01  -9.3354853e-02   1.8163976e-01   6.4776559e-02  -7.5594207e-02   2.6285885e-02
  -1.4039740e-01   9.2267672e-02  -2.7664332e-01  -2.5366127e-01   1.4393345e-01   9.6389469e-03  -1.7823008e-01  -2.4615870e-02  -2.3073789e-01  -2.8516544e-02  -1.4960074e-01  -3.6704406e-02   2.7483467e-01   2.0714770e-01  -4.8316796e-02  -9.2226277e-02   2.3304532e-02   2.7757850e-01  -2.3053308e-02   6.5891329e-02  -1.0289454e-01   1.3788162e-02   2.1052245e-01   6.0985912e-02  -1.0971923e-01  -7.3799823e-03   5.5387022e-02   1.6104386e-01  -3.5455025e-02  -5.1657647e-02   1.6966069e-01  -8.9232761e-02   1.4995345e-03  -8.5797657e-02   6.9528008e-02  -1.2808765e-02   7.0178843e-02  -1.8368306e-01  -3.6048072e-02   1.5829647e-01  -4.4705228e-02   1.4593736e-01   2.2735738e-01   1.0338652e-01   9.6323122e-02   2.7702643e-01   1.0537766e-01   6.1531194e-02  -2.8918804e-01
  -1.1024133e-01   2.1534034e-02  -3.4270250e-01   2.2563923e-01   2.8764644e-02  -1.1378607e-01   1.0771243e-01  -4.9722947e-02  -7.5867144e-02   8.7441214e-03  -4.7083373e-03   6.9947392e-02  -2.6444604e-01  -6.2698965e-02   2.3767213e-02   1.0621890e-01   1.0589164e-01  -1.0240791e-01  -2.0637430e-01  -7.9830286e-02   1.0588916e-01   1.1487765e-01  -2.0133829e-01  -6.2162083e-02   1.3040425e-01   3.7529895e-02  -1.8297518e-01   3.0116448e-01   1.3202693e-01   5.0199538e-02   1.8691868e-01  -8.4108195e-02  -1.0348922e-01  -5.0502145e-02  -6.7971451e-02   4.1122220e-02   5.7688349e-03  -7.0815770e-02   1.7392802e-01  -1.7292108e-01  -3.9335117e-02   1.7798968e-03   4.4889559e-01  -9.6121980e-02  -4.7998266e-03   5.4579460e-02   1.8055295e-01  -6.7268065e-03   1.3405502e-01
  -1.5574376e-01   4.4777449e-02   1.5279037e-01  -2.3782997e-02   1.0990927e-01  -1.3078705e-01  -7.6081638e-02  -1.3956231e-01  -6.3917136e-03   1.5848885e-01   2.4816857e-01  -2.6569110e-01  -1.5368883e-02   1.2108015e-01   8.2468899e-02  -1.1223458e-01   3.3721301e-01  -1.7303274e-01   4.9103503e-03  -1.4565408e-01   8.3337093e-02  -9.7756992e-03   1.4062545e-04  -1.3948427e-01   1.5840544e-02   1.5064325e-01   9.8559569e-02   2.0954008e-01   1.9170947e-01  -1.9432602e-01   4.7755300e-02  -1.1212383e-01   8.6258039e-03   3.2061530e-01  -1.7226275e-01  -1.0048884e-01  -3.4042944e-02  -9.9491853e-02   5.3164141e-02   3.2181856e-01   1.3316485e-01  -3.5307264e-02  -1.7421267e-01   2.4322753e-02   5.8899204e-02  -6.8987855e-02   1.6381303e-01   2.6800835e-02  -2.5048879e-02
  -1.4575765e-01  -1.0150919e-01   1.1860757e-01   1.0568917e-01  -4.2295887e-02  -2.4490512e-01  -5.0814701e-02  -1.9956345e-01  -8.5656190e-02   1.6614136e-02  -8.1654293e-02   2.5157073e-01  -3.5506604e-02   2.1178889e-01   3.1916302e-01   7.0793960e-02  -3.5826281e-02   1.6834469e-02  -9.3035302e-02   1.5562915e-01   2.2603986e-03   3.0639877e-02  -9.5160647e-02   3.9476828e-02  -3.5155100e-01   4.5747467e-02  -1.5594784e-01  -1.7022113e-01  -1.3030259e-01   1.6922769e-01  -1.3281091e-01  -2.0994275e-02  -9.0992312e-02   2.2597168e-01   1.5252772e-01  -1.0388829e-01   1.4082534e-01   8.4224367e-02   1.3527635e-01   2.1816653e-01   7.3391342e-02   1.9283620e-01   4.9657054e-02  -2.7394114e-01   7.9693084e-02   5.9929900e-02  -3.4589230e-02   1.4096168e-02   4.6504620e-02
  -1.4691678e-01   9.0172267e-02  -2.0944710e-01   4.1555702e-02  -1.8856449e-01  -8.1809564e-02  -1.4097720e-01  -1.0964761e-01   1.8077068e-01   2.2854970e-01  -7.7539602e-02   1.5546696e-01   6.2712645e-02  -6.2043106e-02   1.4708806e-01  -1.5134568e-01   2.2310875e-02  -1.2034671e-01   1.1911149e-01  -3.9496470e-02  -1.6679462e-02  -2.1839395e-01   5.8476365e-02   2.6751411e-01  -2.5933823e-02   1.6021794e-01   7.6209003e-03   2.3936740e-01  -1.9286842e-01  -2.9762311e-01   4.4522036e-02  -1.2326013e-01  -5.1565496e-02  -1.1773229e-01   9.6213263e-02  -8.3033341e-02   1.7516895e-01   2.6794648e-03  -2.1838040e-01  -3.1328585e-02  -1.0680244e-01  -7.7557669e-02  -8.1681278e-02  -3.5824721e-02  -2.2610932e-01  -3.9088199e-02  -1.7206527e-01   1.1923675e-01   2.6248824e-01
  -1.3942073e-01  -1.5333779e-01   6.2655125e-02  -4.1308678e-01   7.4110876e-02   1.8602145e-01  -4.6970397e-02   7.7118688e-02  -1.7921013e-01  -1.3466171e-01  -8.1215157e-02   5.5528298e-02  -2.1457358e-01  -1.3459449e-01   1.1029150e-01  -8.9383714e-03  -1.3892296e-02  -5.1628022e-02  -1.1405266e-01   1.4148592e-01   1.0280077e-01  -8.7725688e-02   9.5483849e-02  -4.2285240e-01  -1.7604353e-02   2.6354648e-02  -1.6235556e-01  -2.7628593e-02  -9.9199733e-02  -5.9363730e-02   1.1227339e-01  -6.0118973e-02  -5.3695754e-02  -2.0292693e-01   6.1599430e-02   8.2641388e-02  -3.6028186e-02  -1.5986683e-01  -2.7472725e-02   1.2007279e-01   5.3608193e-02  -1.1858815e-01  -1.7442088e-01  -1.5620332e-01  -1.2352961e-01   4.2304932e-02   9.3028475e-02   1.3493062e-01   2.9280996e-01
  -1.4624852e-01   1.1477987e-01   6.6885977e-02   9.4780728e-02   1.3549902e-01   5.7655762e-02   1.3270073e-01  -2.6310754e-02  -3.7518671e-01   7.6435526e-02   2.5491208e-02   2.0706769e-01  -3.7883136e-02   4.2153550e-02  -1.6000249e-01   3.1942166e-01  -1.1064636e-01  -2.6501796e-01  -1.7423592e-01  -4.3121037e-03   1.6255854e-01   1.2814895e-01   1.5738891e-01   1.6091103e-01   3.2195688e-02   4.3546102e-02  -2.1826901e-01  -3.3745527e-02  -7.7068961e-02  -7.1972180e-02  -1.3306055e-02  -1.4442057e-01   3.7912166e-02  -5.4168500e-02  -1.1186337e-01  -2.2707546e-01   3.2357592e-02  -4.4618677e-03  -2.1468964e-01   2.7001178e-02   1.7675232e-02  -1.1143823e-01  -1.5259999e-01   2.7531491e-01   1.8895645e-01  -2.0432130e-02  -1.6757268e-01   2.8898997e-02  -8.7150106e-02
  -1.5353587e-01   2.4875948e-02  -5.1398513e-03   5.7042006e-02  -6.7521775e-02  -1.6266530e-01   1.2931473e-01  -1.5232169e-01   1.6726769e-01  -1.3077389e-01  -2.7111267e-01   1.9493757e-01   1.7842608e-01   2.7059294e-02   2.0100585e-01  -2.1482298e-02  -1.9641355e-01   1.2665676e-01  -9.9667180e-02   5.8881142e-02   1.4628139e-01  -6.9174287e-02  -1.4414299e-01  -8.8141635e-02   2.7773343e-01  -1.4587523e-01   1.8504892e-01   2.0128302e-02   1.1877468e-02   1.9340350e-01   4.8671863e-02  -1.5937608e-01  -2.5262318e-02   1.3708348e-01  -1.7896551e-01   1.6490692e-01  -1.5163927e-01  -2.8288688e-01  -2.7610299e-02   1.8601695e-01  -1.1954659e-01  -1.7055902e-01  -1.0977344e-01   2.5676619e-01   1.2134480e-02  -5.9011536e-02  -7.7233886e-02  -3.9639923e-02   2.9577629e-02
  -1.4186451e-01  -1.7311643e-01   1.8779260e-01   1.0681189e-01  -8.6541628e-02   5.1724873e-02  -8.9357956e-02  -3.0542824e-01   4.8549204e-03   4.1402132e-02  -2.5824939e-02   1.9762666e-01  -1.5185169e-01   6.3805063e-02  -2.1694085e-02  -1.0005639e-01   8.4861011e-02   2.4565499e-01   1.2527628e-01  -3.1024582e-01  -2.4802490e-01   1.4309899e-01   3.1987081e-01  -7.0582218e-02   9.0267124e-02   6.7661332e-02  -2.1680472e-02  -8.0661562e-02   1.5293288e-01   1.3954863e-01   1.8048146e-01   4.4461110e-02  -2.9859883e-02  -1.9848340e-01  -2.4084437e-01  -1.8078967e-02   1.2904920e-01  -8.1595853e-02   7.3722918e-02  -1.6777367e-01  -9.0302227e-03   1.8111687e-01  -1.0411164e-01   6.6034177e-02   1.2008167e-01  -3.7810461e-02  -7.0205094e-02   4.7068613e-02   1.4221827e-01
  -1.4187297e-01   3.4412603e-02  -2.6850955e-01  -2.0494760e-01   7.2306215e-02   1.3497063e-01  -2.4062827e-01  -3.0889812e-02   1.4254156e-01  -2.8365874e-01  -1.5560809e-02   3.1289005e-02  -1.3607213e-01  -8.0486349e-02   3.6138746e-02  -4.3602951e-02   1.0286502e-01   1.0014738e-01  -1.4739892e-02  -1.9154976e-01   4.5689895e-02  -1.1702261e-01  -2.2187010e-01  -2.3195004e-02   8.8034771e-02   7.4690558e-02  -1.3808313e-01  -4.3703666e-02  -7.7866073e-02  -1.0417964e-01  -2.4685445e-01  -1.1800921e-01   1.5466411e-01  -5.4743668e-02  -1.5882253e-02  -1.7660285e-01  -8.5922004e-02   1.3147774e-01   1.9023547e-01   6.5650287e-02  -9.5139682e-03   1.4527745e-01   5.6836923e-03   7.8038435e-02   3.1253702e-01  -2.3311695e-01  -2.7051062e-01  -1.5270559e-01  -5.9738091e-02
  -1.4202063e-01  -2.4335288e-01   1.0832862e-01  -1.2429223e-01  -3.8713706e-03  -1.6901531e-01   5.8294879e-02   1.8941514e-01   5.8111980e-02   2.6192008e-02  -8.7254555e-02   1.5154139e-01   1.0986192e-01  -8.6619588e-02   1.1256944e-02  -3.1321818e-02   2.3770185e-01  -2.2223523e-01  -2.3105768e-01  -1.6152991e-01   1.6184675e-02   4.8978446e-02   1.1572290e-01  -6.2618045e-02  -1.8030360e-01   1.7381088e-01   2.3354331e-01  -1.7894275e-01  -1.1488292e-02  -5.0154524e-02  -1.0318675e-01  -5.3476805e-02  -9.7148241e-02  -1.3593646e-01   7.4191993e-02   3.5041129e-02   9.4642892e-02  -8.0714227e-02   1.9298668e-01  -1.0014276e-01   3.9854752e-02  -6.3042173e-02   2.1521243e-01   2.5752342e-01  -2.7489294e-01  -1.1489355e-01  -8.1660961e-02  -2.1345596e-01  -2.0706573e-01
  -1.4013041e-01  -1.7087786e-01  -2.8431748e-01  -1.5846907e-01   4.9351227e-02  -1.5414133e-01   6.6445053e-02  -2.8065963e-02  -2.3415387e-01   2.1003928e-01  -1.2398065e-01  -1.1519353e-01  -2.9918948e-02  -8.6342814e-02   8.0472090e-02   1.1384686e-01  -1.3129208e-01   1.3188404e-01   2.8290205e-01  -1.0041066e-02   2.1187158e-02  -1.3772653e-01   8.7712227e-02   1.2934400e-01   1.7546607e-01  -4.9637557e-02  -1.1416250e-01  -2.1259228e-01   2.8825670e-01   3.5550049e-02  -1.9621612e-01   4.8754504e-02   8.1295109e-02   6.6261143e-02  -1.2962314e-01  -1.6422794e-01   1.5016209e-01  -4.2499673e-02   3.7674568e-02  -1.3270616e-02   5.5946324e-02  -1.8488351e-01  -4.5621362e-02  -1.5717370e-01  -2.1733429e-01  -1.1586401e-01   1.3632913e-01  -2.3330991e-01  -6.8024998e-02
  -1.5960372e-01  -6.8931707e-03   1.5622238e-02  -2.3350757e-01  -2.7451801e-02  -1.1273877e-01   1.7549240e-01   1.8913317e-01  -1.2511095e-01  -3.8817054e-02  -3.9482329e-02   7.9196664e-03  -1.7428039e-01   1.3195124e-01  -1.0710900e-01  -3.1652949e-01   2.3873527e-02  -1.0239415e-02  -1.6177222e-01  -1.1681129e-01  -2.6325472e-01  -1.4939202e-01  -5.5613134e-02   1.8028230e-01  -1.5006294e-01  -2.5410679e-01   1.9793334e-02   1.4156511e-01  -8.2803251e-02   1.8039860e-01   2.0140679e-01  -3.6435935e-02  -1.3575598e-01   1.4606884e-01  -1.5686317e-01   2.5347447e-02  -7.1201899e-02   2.0714906e-01  -2.2362600e-01  -8.9583436e-02   1.4403322e-01  -1.3949917e-01  -2.2383551e-02  -1.1368899e-01   1.0784355e-01  -1.4387731e-01  -8.0953067e-02  -2.0086885e-01   3.2175244e-02
  -1.5978496e-01  -1.2587918e-02   2.2695409e-01   5.4544171e-02   2.9018958e-01   2.1537201e-01   1.5770682e-03   6.3697387e-02  -2.0826429e-01   2.3436935e-02  -1.0237975e-01   3.7193624e-02  -8.7716928e-02  -1.9682684e-01   6.8578397e-02  -9.1949030e-02  -1.9765323e-01   1.4605174e-01  -3.4030509e-02  -2.2887903e-01   7.5462315e-02   1.0291466e-01  -1.8195547e-01   4.5647224e-02   7.8302945e-02   5.2847548e-02   1.7574865e-01   9.6525545e-02  -1.3770728e-01  -1.6435494e-01   1.0399100e-01   6.1588118e-02  -2.9501152e-02   3.0270102e-01   6.2903894e-02  -7.3050975e-02   6.2495208e-02   4.3825478e-02   4.1529449e-02  -1.0400923e-01  -3.7286214e-01   1.9874639e-01  -8.9754585e-02  -1.1566224e-01  -2.1787886e-01   6.5687710e-02   2.3048753e-04  -1.1303480e-01  -9.9883131e-02
  -1.3224386e-01  -2.4377863e-01  -1.4258103e-02   4.5536061e-03  -2.5158056e-02   2.9396651e-01  -2.9934659e-02   5.4041857e-02   2.4443003e-01   2.6049119e-01  -2.3252192e-01   1.2706604e-01  -1.3169855e-02   1.1352084e-01  -3.1645054e-01   1.0930104e-01   9.3384664e-02  -1.5477862e-01  -5.3224841e-02  -3.5296954e-02  -1.2310955e-01  -1.4994609e-01  -1.2162015e-02   1.2002784e-02   1.4221166e-01  -2.0900605e-01   1.5897367e-03   6.2690942e-02  -1.9734982e-01   1.0469180e-01  -1.6464996e-01   8.5682219e-03   1.2164527e-01   1.5372213e-01  -6.6169935e-02  -1.5267404e-01  -1.6882823e-02   8.8212383e-02   1.4629716e-01   1.4562592e-01   4.9949887e-02   7.1744729e-02   1.2503225e-02   9.4994672e-02  -5.6976964e-02   2.7044841e-01   2.5458983e-01   3.5025156e-02   1.1561628e-01
  -1.4517537e-01  -1.6160403e-01   2.2968815e-01  -3.1104603e-02  -1.9186924e-01  -1.3148047e-01  -1.5608685e-01   1.0841181e-02  -2.1240244e-01   1.7891526e-02   7.1216262e-02  -5.5800497e-02   2.3371525e-01   5.3056669e-02  -2.0406423e-01  -3.9262239e-02   6.7717565e-02   3.2608002e-02  -2.2242438e-02   3.2399085e-01  -1.4511009e-01   3.8917097e-03  -3.7978963e-02  -1.7810408e-02   1.8824357e-01  -4.3445881e-02  -1.9210199e-01   3.8155259e-02  -5.4829028e-02  -9.9045492e-02  -8.4689685e-02  -9.1909634e-02   1.5656210e-02   5.7414185e-02  -9.4971863e-02  -6.4725136e-02  -2.5090904e-01  -6.7385797e-03   5.6688131e-02  -1.2475342e-01  -2.9539906e-01   1.0689104e-01   2.0354144e-01  -5.5602822e-02  -1.0397640e-01  -3.7328199e-01  -1.8445191e-02   1.8752380e-01   2.8386873e-02
  -1.4946042e-01   4.2060536e-02   8.2922798e-03   4.4481057e-02   7.3674714e-03  -7.1019402e-02  -1.8703164e-02   3.3304260e-02   1.7145263e-01   2.0095441e-02  -4.6322166e-02  -3.5957761e-01  -3.9628817e-02   8.3580169e-02   2.4700303e-01   1.0840437e-01  -5.1546004e-03  -5.9889693e-02  -3.1763849e-01  -1.2589764e-01  -1.2536594e-01  -1.2612629e-01  -6.0505271e-02  -1.0295781e-01   1.1768484e-01  -5.4732327e-02  -2.5098496e-01  -1.4588676e-01  -1.1849803e-01   3.1560581e-02   7.3543327e-03   2.6428657e-01   1.5530407e-01  -1.9998728e-02  -7.5061601e-02   2.1022609e-02   1.3970140e-01  -1.5743581e-01  -3.7618700e-01  -1.0808301e-01   4.6132865e-02   2.7734325e-01   2.7571991e-02   7.3861084e-02  -1.4186642e-01  -1.9594479e-02  -1.9569086e-02   1.0757138e-01  -1.6309367e-01
  -1.3395873e-01  -1.8184853e-01  -2.0742890e-01   8.7494133e-02   6.7270216e-02   2.3626212e-01  -7.9864892e-02   5.6519218e-02   9.9654001e-02   1.3906708e-01   1.3963373e-01   1.3179401e-01   3.2733443e-01  -1.8060948e-01   1.6697401e-03  -3.4914066e-02  -3.8672277e-02  -9.7155146e-02   4.9119004e-02   1.4469509e-01  -1.5932995e-01   3.1549809e-01  -1.5046490e-01  -1.2721799e-01  -7.1484592e-02  -1.2012379e-01  -1.6916794e-01  -9.9343004e-02   8.3794147e-02  -1.7524886e-01   2.2165121e-01   1.4824552e-01  -8.6598713e-02   1.0782549e-01  -9.1226298e-02   2.0198797e-01   1.6194643e-01   1.7247927e-02  -1.3258530e-01   1.9469414e-01   7.7615786e-02   2.1916501e-02   1.7472597e-02   1.5019208e-02   9.7807624e-02  -1.3288445e-01  -8.9733697e-02  -2.4329889e-01   6.7803602e-02
  -1.4647215e-01   2.3307633e-01   1.0920312e-01   7.2515266e-02  -2.1880700e-02   4.0832628e-02  -1.7631788e-01   1.5033838e-01  -9.1823131e-02   1.0612890e-01  -9.6771971e-03  -1.4371367e-01   8.9642113e-02   1.8810119e-01   3.8210814e-02   5.9032471e-03   1.5638072e-01  -7.9743059e-02  -8.1101198e-02   1.0654153e-01   3.9366549e-02   4.9695888e-03  -6.0006255e-03  -8.1278018e-02   1.3063615e-02  -1.9297378e-02   1.1246381e-01  -1.3977101e-02   6.9093608e-03   2.0025127e-01  -4.7071057e-02  -4.5770742e-02   3.6627179e-01  -1.5401014e-01  -1.5575220e-02   1.4847593e-01   3.2237607e-01   1.4303588e-02   8.8324297e-02  -8.6672085e-02  -3.3385723e-01  -1.9383216e-01  -3.8909120e-02  -1.4022578e-01   1.7132758e-01   7.4382126e-02  -5.3857040e-02  -3.1135109e-01   2.1564325e-01
  -1.4772932e-01  -8.4565400e-02   1.2923877e-01   1.4967968e-01   5.1622729e-02   1.2850256e-03   2.7551801e-01  -1.5999642e-01   9.0062184e-02   1.4610525e-01   9.2522556e-02  -1.4695280e-02  -1.2276860e-02   9.6424941e-03  -8.0204694e-02   3.9313062e-02  -5.4351436e-03   2.2956610e-01   6.6969948e-02   1.3411362e-01  -1.1222087e-01  -1.5337324e-01  -1.5751285e-01  -2.7784926e-01   2.2265851e-02   9.9673911e-03   5.9198734e-02   7.6118723e-02  -1.9211480e-01  -2.4961983e-01  -2.1758488e-01  -2.5488807e-01  -1.5001618e-01  -2.1007046e-01   7.0075940e-02   1.0522369e-02   8.7295422e-02  -8.4211383e-02  -1.5398152e-01  -2.0064208e-01   1.1180304e-01  -6.4550817e-02  -1.8048075e-02  -1.4215100e-01   2.2513179e-01   6.5740453e-02   1.0744851e-01  -2.0231308e-01  -2.2697490e-01
  -1.5415897e-01  -6.0722459e-02   2.3160432e-02   1.6561689e-02  -2.8038458e-01   2.5874306e-01   1.0925589e-01  -5.2764831e-02   1.6057460e-01  -1.4270114e-01  -2.6834530e-02  -2.8187351e-01  -8.6614789e-03  -2.4278004e-02   6.5875281e-03  -9.2329733e-02   6.7395016e-02   1.1118144e-01  -6.5741988e-02  -5.9766599e-02   1.8874021e-01   1.7609226e-01   1.3618614e-01   9.9139991e-02  -8.3434754e-02  -9.5313927e-02  -2.7707857e-02  -2.3269609e-01  -5.6972648e-02  -9.4252221e-02   3.1905006e-02   4.3244641e-02  -1.6968261e-01   1.9519100e-01   5.7533974e-02  -3.0971488e-01   7.8049629e-02  -1.6598027e-01  -1.8911813e-02  -3.5718240e-02  -1.3269580e-01  -3.8338317e-01   2.2446933e-01  -8.3955718e-02   1.6589048e-01   6.5401953e-02  -3.8295845e-02   1.1084555e-01   3.3770701e-02
  -1.2147745e-01  -1.8051750e-01  -1.4787906e-01  -7.1880387e-02  -3.9266910e-02   1.8399088e-01   5.7765080e-02  -2.2766635e-01   4.3993179e-02   2.2546463e-01   1.2996827e-01  -2.2951994e-01  -8.9930519e-02  -7.0115712e-02   2.9509360e-02  -1.5708622e-01   1.1645966e-02   2.4493217e-02  -6.9968259e-02   2.5206257e-01   9.1654674e-02   9.4708124e-02   1.7635826e-02   4.8253114e-02   4.0443837e-03   3.7129109e-01  -9.6911353e-02   1.1184418e-01  -7.9395688e-02   4.5995226e-01  -3.3993935e-03  -1.4394002e-02  -9.1054838e-02  -6.8177921e-03   7.4259171e-02   9.8898562e-02  -1.2891554e-01   2.0274196e-01  -1.3489620e-02  -2.7108458e-02  -1.2078274e-01  -3.1305453e-02  -1.4309871e-01   1.6919212e-01  -8.0024582e-02   6.3309923e-02  -1.0488251e-01  -5.7423415e-02  -1.8836945e-01
  -1.3321867e-01   1.8022984e-01   7.5378158e-03   4.8690223e-02  -4.9376259e-02  -6.9654250e-02   2.2935883e-01   2.2273720e-02  -1.5560979e-01   4.2756128e-03  -3.7536404e-02   1.1761755e-02  -3.5313667e-02   3.1570108e-02  -2.1394850e-01   2.0345547e-02   2.0905892e-01   2.3822195e-02   2.0722482e-01  -4.0967703e-02  -2.5646510e-01  -2.1922788e-03  -1.7823365e-01  -1.6584108e-01   2.1073489e-01   8.4779000e-02  -4.6152613e-02   2.9256987e-03  -5.9084519e-03   8.1530196e-02   6.8453854e-02   2.5909952e-01   1.6849172e-02   3.8574871e-02   3.5773265e-01  -8.1525249e-02  -2.3588506e-02  -1.5876450e-01   8.7375818e-02   2.0821630e-01   8.8873670e-02  -9.8856621e-02   1.9306364e-02  -1.2999656e-02  -1.3491560e-01   1.2702191e-01  -4.4691128e-01   3.3532658e-02   3.8034346e-03
  -1.4851632e-01  -6.4105487e-02  -1.0902444e-01   1.9419837e-01  -8.5179195e-02   1.1933969e-01   1.3666140e-01  -1.4692756e-01  -3.0330895e-01   1.1898066e-02  -2.7662808e-01  -1.8460098e-01   9.9421505e-02  -2.1906166e-01   8.2527209e-02  -6.7004554e-02  -2.4388414e-02  -1.2526780e-01  -6.8530514e-02   6.6348688e-02  -1.6842029e-02  -2.3387147e-01   3.1074649e-02  -1.4004723e-01  -9.3303251e-02  -6.0747791e-02   2.9631160e-01  -1.9066554e-02   1.1962536e-01  -1.0998076e-01  -7.9305329e-03   7.7215878e-02   1.1857749e-01   2.9710403e-02  -2.9860335e-02   1.3687630e-01   7.5221271e-02   3.0845991e-01   1.3404630e-01  -7.7641705e-02   1.5550354e-01   5.0057002e-02   2.8805691e-02   5.9013024e-02   1.8838522e-01  -5.7778468e-02  -1.1422814e-01   3.3819507e-01  -1.7469895e-03
  -1.4520199e-01  -1.3067369e-01  -2.3116565e-01   1.5756777e-03   6.1469453e-02  -8.9623956e-03  -1.4267148e-02   1.1152090e-01   5.6931373e-02  -2.1546954e-02  -4.0847309e-02   4.3986133e-02  -1.6336055e-01   3.9342444e-01  -1.4700405e-01  -6.7845986e-02  -1.1613785e-01  -3.9606278e-02   1.9584946e-01   1.1376540e-01   1.7946669e-01   1.9320027e-01  -4.8192680e-02  -1.9809098e-01  -2.6950555e-01   1.0650962e-02   1.4995967e-01   9.2536177e-02   1.2463277e-01  -4.1766082e-02  -1.5311649e-01   7.4291604e-02   1.4920686e-01   2.1182501e-01   6.6377058e-02  -1.3285760e-02  -4.7759732e-02  -2.1411918e-01  -1.3396144e-01  -3.6721651e-01   3.6868693e-02   9.9697700e-02  -1.0404137e-01   1.1561885e-01  -3.4079419e-02  -8.0633983e-02  -1.1067412e-01   9.9416213e-02   1.0720975e-01
  -1.5384487e-01  -2.7399013e-01   2.1437356e-01   3.8431875e-02   1.6184843e-01  -1.7509410e-01   1.1176095e-01   9.5777630e-02   2.0358153e-01  -9.2055638e-02  -1.2857036e-01  -1.6840006e-01  -5.4458486e-02  -6.3858802e-02   7.2672229e-02   1.2175693e-01  -1.6431128e-01   1.8765568e-02   7.8610562e-02   9.6716502e-02  -2.6520159e-02   3.2877714e-04   1.5514791e-01   2.3056189e-01  -1.2447991e-01  -1.7477794e-02  -1.7672792e-01   4.2013800e-01   4.6505596e-03  -1.3198775e-01   7.8508455e-02   2.9067295e-01   1.6960344e-01  -1.4719377e-01   1.0813948e-01   4.8268836e-02  -4.4361078e-02  -6.3987565e-02   2.3568674e-01   9.2730381e-02  -3.0799748e-02  -1.0268309e-01  -3.8520408e-02   7.0914755e-02   1.9689342e-01  -6.1515681e-02  -2.8730272e-02  -6.9593339e-02   1.5150674e-05
  -1.1947106e-01  -3.3372936e-03   1.5550930e-01  -2.0473136e-01   3.7733562e-02   8.7439216e-02   1.6492941e-01  -1.2244450e-01   9.8442227e-02   6.1081837e-02   1.7785357e-01  -8.1410331e-02   1.7801982e-01  -1.5393807e-01  -3.6466422e-02   1.7835947e-01   2.5860532e-02   9.6857914e-02  -2.9047279e-02   7.9188999e-02   1.4958829e-01  -9.2185743e-02  -2.3641221e-01   1.5582774e-01  -1.6740131e-01  -1.7248616e-01   1.3968833e-01   9.3749632e-03   2.5300127e-01   1.6728968e-01   2.4571858e-01  -1.9408772e-01   1.5426531e-01  -1.5598722e-01   1.1162456e-01  -3.0250061e-01   2.0470166e-02  -6.9691053e-02  -3.0243767e-02  -7.0955176e-02   1.2945258e-01   2.8083753e-01   5.7540541e-02   4.1100249e-02  -9.8324026e-02  -1.0375609e-02  -8.7825098e-02  -2.7059782e-02   2.2436766e-01
  -1.4742612e-01   1.9993711e-02   6.5665127e-02  -2.9921055e-01  -1.6794558e-01  -4.4406417e-02  -1.1809257e-01   1.5513572e-01   1.5882118e-01   1.4404605e-01   8.1350158e-02   7.5144221e-02  -1.1390772e-01  -6.6250096e-02  -1.9822541e-01   2.5831095e-01  -2.5055382e-01   1.1036631e-03  -5.5362510e-02  -6.9548252e-02  -8.2685369e-02   2.9481466e-02  -2.0638086e-01   1.1757563e-01   4.8193590e-02   2.3925253e-01   1.4085532e-01  -1.1883398e-02   1.3825427e-01   5.4523342e-02   3.3049858e-02  -5.0870422e-02  -3.7813930e-02   7.5756077e-02  -5.7837372e-02   2.3764935e-01   2.5553429e-01  -7.5731711e-02   5.2347850e-02   2.8084209e-02  -1.6213302e-03  -8.1488868e-02   4.0601846e-03  -1.8651775e-01   1.8781074e-01  -3.4551617e-02  -3.3476611e-02   3.6303979e-01  -2.0423759e-01
  -1.4167788e-01  -1.2191561e-01  -4.6292815e-02  -9.6406217e-02  -7.4476855e-02  -1.7843253e-01   2.6832861e-01  -4.6486276e-02   1.6803223e-02  -3.5498811e-01   6.1106773e-02  -1.9116796e-01   8.4081149e-02   1.3264557e-01  -1.6541651e-01   7.8344407e-02   8.8012991e-02  -7.2478629e-02   2.3890392e-01  -1.1488881e-01   1.5632518e-01   8.6562364e-02  -2.1349204e-02   7.2542502e-02   5.7197940e-02  -6.9108014e-02  -1.5820143e-01  -9.7828719e-02  -1.1733506e-01  -1.1769107e-01   3.4746971e-02  -2.2319993e-01  -6.6355670e-02   1.7435476e-02  -8.4702611e-02   3.1664902e-01   2.3740220e-01   2.5078432e-01   5.6034697e-02   3.2157778e-02  -1.2406215e-01   1.8654123e-01  -1.2324653e-01   5.4380592e-02  -1.3420963e-01   2.1582956e-01  -1.5458264e-02   2.9507241e-02   7.4227597e-02
  -1.2592588e-01   4.8726095e-02  -1.0173759e-01   5.2217328e-02   1.4946726e-01  -1.5470366e-01   1.7780391e-01   1.7721262e-01   1.6310236e-01   1.8986386e-01  -2.1198373e-01   1.0480597e-01   1.0169954e-01  -5.3950190e-02  -2.5533069e-02  -1.3443170e-01   2.6566701e-01   9.6857021e-02  -3.4510617e-02  -3.0017430e-02   1.9122932e-01   2.5745205e-01   7.0887014e-02   7.9984510e-02   1.3402908e-01   3.3100469e-02  -2.8626148e-02  -2.3209346e-01  -7.6610495e-02   4.4683343e-03   1.8550324e-01  -7.3194433e-02   2.3014166e-01  -9.5394957e-02   1.7322480e-01   1.7263854e-02  -2.2684614e-01   9.6922710e-02  -3.4276610e-02  -4.0246454e-02   5.3711560e-02   5.7081221e-02  -2.0241087e-01  -2.8989163e-01   1.3169785e-01  -1.3741943e-01   1.5517348e-01   1.9148622e-01  -9.4750477e-02
  -1.2991772e-01  -4.1974196e-02   5.2789754e-02   8.6662184e-02   9.3032803e-02   1.9644368e-01   1.3154181e-03  -1.9376962e-01   1.8123871e-03  -2.2473362e-01   5.6434571e-02   2.5475092e-01   1.8581651e-02   2.1905225e-01  -1.0897806e-01  -1.3405001e-01   1.7947681e-01  -4.8837605e-02  -7.8831554e-02   9.1464376e-02   9.3178554e-02  -3.1909828e-01  -2.5421574e-01   2.4135189e-01  -8.5687084e-02   1.0283607e-01  -8.3595671e-02  -1.5551267e-01   2.8488678e-01  -1.2134206e-01   6.2958800e-02   2.9767763e-01   3.4154243e-02  -1.5478294e-01  -5.9253824e-02   1.1170819e-01  -6.4178476e-02  -2.8100372e-02  -4.4145361e-02  -2.4740656e-02  -1.1577867e-01  -1.5863103e-01  -8.2050132e-02  -6.8471069e-02  -9.8449494e-02   6.6535522e-02   1.5484341e-01   3.9799601e-02  -1.7646768e-01
  -1.1784144e-01  -1.2892116e-01   2.5026539e-02  -2.9850017e-02  -8.1518881e-02  -2.0711030e-02  -2.6421447e-02   3.0921963e-01  -1.4561763e-01   7.0956380e-02   7.4702900e-02   2.5084732e-02  -4.0730997e-02  -2.0221330e-02   2.0337292e-01   1.1213214e-01   2.6455359e-01   1.6714246e-01   3.6267377e-02   1.0903341e-01   1.8791111e-01   4.8343012e-02  -5.2515839e-02   2.1080563e-01   1.8735463e-01   3.3582961e-02   2.3789719e-01   2.8087404e-02   1.2450417e-02  -4.9140010e-02  -2.3643738e-01   2.6669471e-01  -2.7727592e-01  -1.1774676e-01  -1.8786410e-01   5.6476241e-02  -1.4619471e-01   3.7584604e-03  -1.8071674e-01   4.7513599e-02   5.9426937e-02   1.8674308e-01   3.5203566e-02   2.1143188e-02   1.7374167e-01   2.3322898e-01  -9.8637998e-02  -1.1281550e-02   1.9206346e-01
