  -1.2652259e-01   1.6225512e-01   1.1862124e-01   1.1408595e-01   9.4711577e-02  -7.9116538e-02  -8.8138164e-02  -1.2228948e-01   1.6494181e-01  -1.0203350e-01  -3.0756034e-01   2.6299801e-01   1.8747073e-01   2.7393362e-02   1.2107895e-02   7.7054522e-02   1.2387591e-01   3.8014866e-02   1.3445436e-01   1.3171378e-01   1.8042842e-01   1.8184976e-02   1.8991639e-01   8.8802734e-03   2.7132645e-02   3.6793996e-02   1.3613118e-01   1.9117138e-03  -1.2176390e-02   1.7331552e-01  -1.4167871e-01   1.7283077e-01   2.0915096e-02   1.0101415e-02  -9.1847562e-03   1.1318336e-01  -2.2110656e-01  -6.7906461e-02   1.0573019e-01   1.9090900e-01  -6.2463092e-02   2.5158982e-03   4.3478458e-02   9.1813636e-02   3.1905298e-01   9.6613809e-02  -1.7244008e-01   3.2094606e-01  -2.3367959e-01
  -1.3286018e-01   8.5519648e-02   3.1048372e-02   1.6161714e-02   5.4644565e-02   9.8964660e-03   1.3146349e-01   1.0741783e-01   5.7209110e-03   4.9624386e-02  -2.6300909e-01   1.9852003e-01  -1.2769137e-01   1.5618330e-01   9.9358675e-02  -3.3732118e-01  -8.3493089e-02   3.4744280e-02  -3.5146465e-02   1.5167843e-01  -5.8631028e-02  -5.4601482e-02   1.7080743e-01  -2.2625315e-01  -7.4510389e-02  -1.0464681e-01  -1.1001079e-01   8.4553960e-02  -2.3701372e-01  -3.1458696e-01  -3.6270858e-02  -7.8046331e-02   1.9873545e-01   2.3488004e-01  -9.6329297e-02  -1.3851541e-01   1.1625055e-01   1.5432628e-01  -9.8824237e-02   1.0097073e-01  -1.4628623e-01  -1.0295283e-01  -2.6783198e-01  -7.7113648e-02   9.3970438e-02  -4.9737908e-02   2.1454566e-01   1.1656512e-02  -3.7293105e-02
  -1.5867895e-01  -2.0700299e-01   1.6220470e-01   2.6660652e-01  -3.6051298e-02  -1.7272972e-01   8.0791267e-02   2.9293818e-01  -4.9349027e-02  -1.8280594e-01  -1.6608678e-02   3.4758137e-02  -6.0335035e-02  -8.5927011e-02   1.3359960e-01  -6.5746987e-02   9.0509984e-03   1.1937102e-01   1.3701558e-01  -8.3198333e-03  -2.5487857e-01   1.8323323e-02   1.9414939e-01   1.6608167e-01   6.5942246e-02   3.3726703e-02   1.9266557e-01  -2.5101689e-01   2.2153366e-02   4.8284917e-02   1.4865717e-01  -6.1800998e-02   1.5092284e-01  -2.8753290e-01  -1.3341255e-01  -1.8977162e-01  -1.1091246e-01  -6.2734477e-03   2.9334403e-02   4.1501726e-02  -2.2157637e-01   2.3365341e-01   3.7192451e-03  -1.8546098e-02  -2.4438590e-01   1.6223896e-02   3.2396862e-02   5.4022445e-02  -1.6597288e-02
  -1.4697317e-01   1.2494478e-01  -1.0492026e-01  -2.9667384e-02  -2.0546575e-01  -1.3950031e-02  -1.0911181e-02   9.6699701e-02   1.8018433e-01   5.4743600e-02  -3.3623181e-02  -1.9545294e-01  -2.5148019e-01  -2.1871498e-01   2.2867624e-01   1.2145729e-01   3.4395793e-01   1.7950448e-01  -2.0161523e-01  -4.4374581e-02  -8.5760382e-02   2.0781726e-02   2.9289881e-02  -3.3680155e-02   7.3316018e-03   3.8613255e-03  -6.9151094e-02   1.9059871e-02  -1.0557026e-01   6.7914031e-02  -5.6786293e-02   6.8798731e-02  -7.0866755e-02   1.5131698e-01   6.4240051e-02  -9.1897314e-02   2.6202432e-01  -2.6672633e-01  -3.1275474e-02   1.8773815e-01   5.2843366e-02   1.7118378e-02  -5.3885050e-02   9.5195108e-02  -1.1099487e-01   1.1719275e-02  -2.0375946e-02   3.7372361e-01   1.7360228e-01
  -1.3393134e-01  -2.0032856e-01  -1.0001607e-02   8.6290277e-02   2.9825905e-02   1.5492916e-01   9.8032349e-02   5.6251999e-02   2.1020497e-01   1.5831992e-01  -1.4133824e-01   3.5783847e-02   1.1061018e-01   2.2569002e-01  -1.5623565e-01   2.9264696e-01  -1.5298390e-01   3.0721650e-02   8.2756356e-02  -1.1958423e-01   6.9824199e-03   2.4768815e-01  -1.6196349e-01   4.2522287e-02   2.9719981e-01  -8.0135744e-02  -3.1380352e-01  -3.5122814e-02  -1.9841781e-01   4.2908487e-02  -9.6900277e-02  -2.1248355e-01   7.8761145e-02   4.5485453e-03  -5.0106897e-02  -7.8385191e-02   2.7937362e-02  -2.9315226e-02   6.4496959e-02   1.7245325e-01   2.0409320e-01   1.6757362e-01   5.6693195e-02   6.9239710e-02  -9.5334759e-02   1.5318985e-01   1.9084719e-01   3.4673896e-02  -9.7484621e-02
  -1.5870572e-01  -1.4380017e-01   1.9401659e-02  -2.4579376e-02  -1.2578036e-01   1.1536311e-01   4.9414977e-02  -2.9122797e-01   1.5344847e-01  -1.3730022e-01   1.5746561e-01  -1.4214429e-03   4.5813333e-02   6.5006488e-02  -3.1098025e-01  -9.0374137e-02  -2.9998351e-03  -1.2712478e-01  -4.9608974e-02   1.6364280e-01  -6.4285155e-02   2.4934272e-02  -1.6196039e-01  -4.6830970e-02  -2.4799934e-01   5.9869973e-02  -1.1570703e-03  -4.3586419e-02   3.6064431e-02   4.9536899e-02  -8.9840201e-02   1.7842476e-02   1.3828683e-01  -6.9044974e-02   1.9493055e-01  -2.0431541e-01  -5.9919625e-02  -1.9606551e-01  -3.1511527e-01   2.2283708e-01  -2.1363687e-01   1.3428068e-01  -4.0449866e-03   1.7706336e-01   7.8404279e-04  -3.2673749e-01   5.3510230e-02   2.6493208e-02  -2.5854185e-02
  -1.4551547e-01   9.8343781e-02  -2.5412023e-01   9.9865388e-02   1.7807549e-01   1.1469914e-01  -6.0851204e-02  -1.0287225e-01   1.4428887e-01   2.3154255e-01   8.8825579e-02  -9.4592870e-03   2.0514933e-01   2.2759226e-01   2.1461269e-01  -9.0593059e-02   7.3958634e-06  -1.9225648e-01   1.4545285e-01  -3.3555609e-01  -1.9228748e-02  -3.2809473e-02  -9.0919855e-02  -1.2104204e-01   9.0253674e-02   6.9373282e-02   2.5149818e-01  -1.3857305e-01  -2.3559353e-02  -1.5830560e-01  -5.7330415e-02  -5.0553597e-02  -1.6994483e-01  -5.7530084e-02  -1.7471167e-02  -9.9833657e-02   1.3622187e-01  -1.7476481e-01   2.9178931e-02  -1.4466992e-02  -2.2520447e-01   3.0306839e-02  -1.4725723e-01  -1.7787264e-01  -1.0309394e-01  -6.9751933e-02  -2.5248198e-01   4.2630679e-02  -6.5568765e-02
  -1.5497892e-01  -9.0030232e-02  -1.0073706e-01  -1.4435091e-01  -1.7522650e-02  -1.2719191e-01  -5.1005407e-02  -9.3837797e-02  -1.5552647e-01   8.2679355e-02  -5.2859609e-03  -2.2747258e-02  -2.2567146e-01  -9.1141272e-02   5.3198812e-02   1.1324388e-01  -3.3447934e-01  -4.2092060e-03  -2.2488073e-01  -4.1181077e-02   6.6497806e-02  -1.0547796e-02   7.8868034e-02   7.1309655e-03  -1.5052780e-01   1.1716241e-01  -2.3744732e-01  -4.0802357e-01  -1.7673822e-02   1.0386217e-01  -5.7483228e-02   3.8791608e-02   3.1344569e-02   2.2328104e-01  -1.8534105e-01   1.0505982e-01  -8.7670478e-02  -1.4334206e-01  -8.7111367e-02   4.9291883e-02  -1.7243535e-01  -2.4922330e-02  -1.9656389e-02  -5.4750285e-02  -5.7886496e-02   1.6526378e-01  -2.1640475e-01  -1.0725873e-01  -3.0854784e-01
  -1.5437159e-01   2.4519772e-02   2.8064609e-01  -2.9202044e-02   1.9790187e-01   1.6252674e-02  -9.9643220e-02   1.2968825e-01   1.3582253e-02  -1.7293423e-01   2.5607244e-01  -2.0772742e-01   2.5236799e-02   2.3115447e-01  -1.0638255e-01   1.4511117e-01   2.0677377e-02   7.9820226e-02   4.3176978e-02   3.8897782e-02   3.4770198e-02  -3.7299360e-01  -2.1519368e-01  -1.8184957e-01   3.3129190e-02  -2.1923898e-01  -1.1132093e-03   4.8376755e-02  -1.1115189e-01   2.2762270e-01   1.6442535e-01   5.2071240e-02   1.2963055e-01   8.8449289e-02  -6.7945705e-02   1.1540007e-01  -5.5443699e-02   1.8611989e-02   4.1544855e-02   1.0747677e-01  -6.9719057e-02  -1.5178782e-01  -3.0232813e-01  -7.1897504e-03  -1.4768121e-01   1.0481409e-01  -1.1301687e-01   5.9425062e-02   3.8719341e-02
  -1.5290016e-01  -2.6209159e-02   6.6195953e-03   3.4312031e-01  -2.7977559e-01  -2.8234764e-02  -2.4648751e-02  -1.5872648e-01   1.3422152e-01   4.0485501e-02   1.7556713e-01   5.7346142e-02   1.1297410e-02   6.8243340e-02   2.6491910e-01   1.8660826e-01   1.6271290e-02   2.8919765e-03  -7.9249415e-03   4.4041974e-02   4.0454937e-02  -7.8243203e-02  -9.9002829e-02   1.1704059e-01  -2.0365567e-01  -1.4452029e-01  -2.5582527e-01  -2.2880723e-01   2.8650172e-02  -8.1985850e-02  -1.9233567e-01   8.6479713e-02   5.9177333e-02  -2.0079434e-01   1.4818153e-01   5.1390450e-02   6.3756299e-02   3.6840690e-01   1.4053924e-01  -1.1787330e-01  -7.9674027e-02  -1.5439148e-01  -8.4712933e-02  -3.8126817e-02   1.5670330e-01   2.3855510e-02   2.5611397e-02  -2.3042113e-03   1.3253724e-01
  -1.4257896e-01  -1.3704856e-01   2.3245090e-01  -1.7146315e-01   9.7318891e-02   1.4957683e-01  -1.7565190e-01  -8.9286406e-02   1.1545439e-02   1.7553499e-01   2.4663203e-02   8.2731965e-02  -1.9252085e-01  -3.5971370e-02   1.6626443e-02  -9.9024497e-02   9.4360993e-02  -2.4281194e-04  -4.7878692e-02  -1.5295241e-01   2.4006772e-01  -1.2725791e-01  -1.0420884e-01   3.7719300e-01  -4.6206383e-02   1.0688897e-01   1.1088201e-01   1.6731366e-02  -3.6563928e-02   3.4098580e-02   9.2606545e-02   1.9582476e-01   8.8530313e-02  -4.4773079e-02  -7.8628162e-02  -7.2637302e-02   1.8659395e-01  -2.9298826e-04   2.4314127e-02  -1.3170924e-01   1.0769252e-01   3.5235998e-01  -2.4671709e-01  -8.4851870e-02   2.2246270e-01   2.6898107e-02   2.1488174e-01   9.8960285e-04  -9.2560760e-02
  -1.3139763e-01  -1.9982904e-01   1.7678396e-01   1.3018849e-01   3.3087346e-02  -3.4748738e-02  -1.0417858e-01  -8.6991085e-02   1.5837928e-02  -1.4378354e-01   1.6676768e-02   2.3176879e-01   1.8919789e-01   4.3869003e-02   3.7552140e-02   2.3225708e-02  -8.0570583e-05   3.9329281e-02  -2.0047736e-01  -9.4176835e-02  -1.1026519e-01  -2.1034961e-01   1.5792313e-01   2.9897189e-02  -2.6372556e-02   2.0931731e-01   9.5245350e-02  -1.9296934e-03   7.7873440e-02   1.2085943e-01  -1.8603958e-01  -3.3286868e-01   4.8858195e-02   2.9175674e-01  -8.1371750e-02   1.6322799e-01   2.3207313e-01  -9.1718274e-02   6.1091310e-02   9.4015567e-02   1.8184516e-01  -1.0834140e-02   1.3331536e-01  -1.5399899e-01   3.3773738e-02  -1.5637216e-01  -2.8739316e-02  -1.5655956e-01   2.9249992e-01
  -1.3671777e-01   1.8185709e-01   3.2918160e-02  -8.3461313e-03   1.4895755e-01   3.0429613e-01  -8.1432491e-02  -4.0411393e-02  -1.3281140e-01  -8.1971794e-02  -1.4015670e-01  -2.6473252e-01   1.0296139e-01  -1.6676010e-02  -1.5217801e-02  -1.1168063e-01  -1.1584624e-01  -4.5689116e-02  -2.4837613e-01  -7.2158842e-03   2.1875431e-01   8.4645691e-02   2.6283274e-01   1.6822035e-01  -7.5776923e-03  -4.6927538e-02  -1.1728287e-02  -1.1248213e-01  -7.3347403e-02  -2.0512520e-01  -8.0214585e-02  -2.8735909e-02   2.3744225e-01  -2.8920892e-01   4.9421947e-02   2.2498444e-01  -1.5508154e-02  -7.4932954e-02   1.6143566e-01   4.7683598e-02   1.0844178e-01  -6.9776495e-02  -5.5789825e-02   2.0590115e-01  -2.3639381e-01  -1.4799547e-01  -4.5990990e-02   2.7955487e-02   1.2985487e-01
  -1.4573971e-01  -9.7579088e-02   6.6612486e-02  -1.3775871e-01   3.6032844e-02  -2.0415403e-01  -1.7896026e-01   9.0929293e-03   2.3687955e-03  -7.3353594e-02  -4.7960064e-02   6.1381786e-02  -8.2638218e-02   1.7543143e-01   3.7464126e-02   3.1371588e-01  -2.6710451e-02   2.9221575e-02  -1.0060248e-01  -2.6384720e-01   1.1926058e-01   1.7118389e-01   2.2048935e-01  -8.3838203e-02  -7.2925504e-02  -1.2888702e-01   9.9846369e-02   2.6634794e-01   2.4473925e-01  -7.8459759e-02   1.3521518e-01  -1.2899866e-01   3.3400102e-02  -7.8963473e-02   9.7723207e-02  -1.5431927e-01   2.7012087e-01   1.6542181e-01  -1.2753047e-01  -7.5694408e-02  -1.2894722e-01  -9.8200386e-02   2.1086331e-02   3.3218821e-01  -7.0630194e-03  -2.7836396e-02  -9.4629628e-02  -5.1613068e-02  -1.5816919e-01
  -1.4761861e-01  -1.2384822e-02  -2.3571908e-01  -6.7216888e-02   3.5294580e-02  -9.2841584e-02  -5.3325391e-02  -3.7251408e-02   7.8338298e-02  -6.1597346e-02  -3.7199972e-01  -6.6000244e-02  -4.5227136e-02   1.6072396e-01   1.9613479e-02  -1.6354679e-01  -2.9448363e-02   1.9874721e-01   1.7649273e-01  -1.8110752e-02   5.3591610e-02   5.6894040e-02  -2.2168227e-01  -3.2639585e-02  -2.0983703e-02   1.7213429e-01  -6.0349555e-02  -7.6467675e-02  -1.2332569e-01   3.7246836e-01   1.8582644e-01   5.9209084e-02   1.6376409e-01  -7.1689089e-03   3.6709009e-02   1.6693799e-01   1.4797550e-01   5.1167023e-02   1.5492937e-02  -3.4114985e-01  -1.5196837e-01  -8.2006800e-02   1.7810547e-01   5.3510099e-02  -4.2841731e-02  -2.0061865e-01   4.7314037e-02  -1.2313050e-02   1.7433532e-01
  -1.3157903e-01   2.2200943e-01   2.5713886e-01  -1.0177791e-01   8.3845382e-02   7.9202360e-02   1.6997932e-01   1.4937293e-01  -1.6072444e-02   1.6303138e-02  -1.9011123e-01   2.4950965e-02  -1.1892885e-01  -1.8080981e-01  -1.2891068e-01   8.2184012e-02   2.2390514e-03   1.8207770e-02   6.9508752e-02   1.0100202e-01   1.0228337e-01   3.4925019e-02  -2.1118875e-01  -1.7842055e-03  -9.5263596e-03  -9.6976864e-02   4.2376550e-02  -2.0596245e-01   2.0209374e-01   1.1174636e-01  -1.7034845e-01  -1.9517936e-01  -9.7775172e-02  -2.5136562e-01  -8.7019274e-02  -2.2012159e-01   2.2351779e-01  -2.7529296e-02  -9.9705464e-02  -1.0569922e-02   1.1378082e-01  -3.0654975e-01   3.9507330e-02  -2.9321556e-01   5.9577517e-02  -1.7727005e-01  -9.8467712e-02  -2.9572679e-02  -9.7793922e-02
  -1.1867269e-01   1.2271797e-01  -1.4854453e-01  -7.6451522e-02   1.8131312e-01  -3.7362654e-02   6.2464377e-02  -8.1577139e-02   1.8658031e-01  -4.5638103e-01   1.9767925e-01  -4.3368917e-02  -8.0136697e-02  -5.4440666e-03   1.4280490e-01  -1.2330854e-01  -9.2896214e-02  -3.0422272e-01   6.4023496e-02   2.7392138e-02  -4.4708796e-02   7.9207730e-02  -1.8228764e-02   1.2279185e-01  -2.2558572e-01   1.8238599e-02  -7.1412658e-02   1.8373914e-01  -6.4013061e-02   2.9103972e-02   3.0354078e-02  -2.2496869e-02   1.4809131e-01  -1.9554509e-02  -5.1995839e-02  -1.4280983e-01   1.7245897e-01  -2.8869651e-02   1.8550832e-01   1.3844218e-02   1.4428677e-01  -4.2792025e-02   2.5935812e-01  -1.7663491e-01  -4.4055682e-02   2.8568048e-01   5.7932724e-02   7.7272082e-02  -1.4580551e-01
  -1.5510030e-01  -9.5849456e-02   2.0644755e-02   1.5476515e-01   2.9914690e-01  -2.7786652e-01   1.1587384e-01  -6.0667372e-02  -1.4873926e-01   4.9988028e-02   1.3744327e-01   4.1506783e-02   2.2558876e-01  -1.7282145e-01   1.1493945e-03  -1.0280149e-01   2.9794064e-02   2.4353105e-02  -5.2959624e-02  -2.9387284e-02   6.0971930e-02   2.5464801e-01  -6.9587790e-02  -1.9057754e-01  -1.1240222e-01  -3.6681669e-02   1.9779662e-01  -2.5435646e-01  -1.1026079e-01   6.0700964e-02  -4.2546586e-02   1.8867263e-01  -5.1524391e-02   1.3405993e-01   1.5132596e-01  -3.5522877e-02   6.6065104e-02   1.0195148e-01  -1.5232273e-01  -1.0243632e-01   3.7370728e-01  -8.5541802e-02  -1.0911812e-01   1.5390410e-01  -1.2843387e-01   5.9056162e-02   1.7919088e-01   8.0908582e-02  -4.0453186e-02
  -1.2171650e-01   4.1646310e-02   1.5296244e-02   4.0560222e-02   4.3657664e-02   3.3333526e-01   7.4111625e-02  -5.0535517e-02   1.7894002e-03   3.6174932e-02   7.0120058e-02  -1.0810934e-01  -8.0401062e-02  -6.2466789e-02  -4.0330263e-02   2.1162827e-01  -3.4249342e-02  -9.5847540e-02  -5.9236635e-02  -1.4387892e-01  -3.9823448e-01  -1.7077017e-02   2.9324738e-01  -8.4532026e-02   1.3454167e-01   1.9991193e-01   6.0168905e-02   8.3204623e-02   8.6120099e-03   2.1817385e-01  -3.0260544e-02   1.2764288e-01   2.5084739e-02   2.4947821e-02   1.0840566e-01   1.0201762e-01  -8.7116783e-02   1.5229492e-01  -2.5307249e-02  -1.9041334e-01  -4.0739003e-02  -2.0477878e-01  -3.5873015e-02  -1.4325058e-01   4.1471648e-02  -1.6575830e-01   3.0079007e-01   1.2228082e-01  -2.7314977e-01
  -1.5012161e-01   1.0445516e-01   4.1552196e-02  -6.8734269e-03  -7.3443689e-03   2.2514566e-01   2.1439931e-01  -1.0039774e-01   1.3934645e-01   5.6127384e-02   2.2001236e-01   3.6119467e-01  -1.2602992e-01  -4.0048163e-02   1.2721041e-01  -1.4804929e-01  -5.9790595e-02   3.0333649e-03  -8.5473291e-02   1.2644531e-01   6.1567879e-02   2.7369344e-03  -5.9115934e-02   2.2658364e-01   1.9917928e-01  -4.4366123e-02   3.0221639e-02   8.0068108e-02   6.2794387e-03   7.3090339e-02   1.1625833e-01  -1.9688283e-01  -1.1129702e-01   1.1115896e-01  -1.3865832e-01   9.6506018e-02  -1.2926897e-01   1.7022648e-01  -2.4855062e-01  -2.1946541e-01   9.0991620e-03  -4.7778717e-02   5.7853248e-02   2.5321626e-01  -2.1635104e-01   1.8658880e-02  -2.1816534e-01   1.8380157e-01   3.9353076e-02
  -1.6451955e-01   9.0163350e-02  -1.7621658e-01  -3.1294791e-01  -2.3471339e-01  -1.2829853e-01   3.7438060e-02   2.6859571e-01  -1.3438392e-01  -9.3060725e-03   1.1657306e-01   3.4583093e-02   2.5236614e-01   1.0989046e-01  -1.4654886e-01   6.1634114e-02  -7.3735133e-02  -1.3789709e-01   8.7511451e-02   1.7949773e-01  -1.4183479e-02  -1.4386285e-01   5.1040903e-02  -2.8643890e-02  -1.8301483e-02   2.1408566e-01  -5.3668442e-03  -7.1428342e-02   3.8787436e-02  -6.0015786e-02  -7.2216342e-02   2.6502244e-02  -1.2889618e-01  -1.3229462e-01  -1.7206044e-01   2.3194433e-01   2.7861244e-01   2.5073090e-01  -4.6712588e-02   6.9287211e-02   6.5587013e-02   2.1258159e-01  -3.7421579e-02   4.8802472e-02  -2.9858182e-02  -5.3641627e-02   6.2259915e-02   2.7807514e-01  -5.0338785e-02
  -1.2251833e-01  -1.7643112e-01  -9.6139024e-02  -1.3897840e-01  -1.7890800e-01  -7.8252643e-02  -2.0336113e-01   7.9343585e-02  -1.5864124e-02   2.1605587e-02   2.3020647e-01  -1.5555337e-01   1.5530224e-01  -1.4928894e-01  -1.4981444e-01  -2.6347557e-01  -2.2754004e-02   2.0991892e-01   2.3463445e-02  -6.2351384e-02   1.1723441e-01   2.8735952e-02  -1.1563009e-02   2.5275747e-01   2.2001754e-01  -9.5166001e-02   1.0681005e-01   8.7131973e-03  -1.5668159e-01  -3.2406563e-02  -1.2679213e-01  -1.2096871e-01   7.7882388e-03   1.9671629e-01   3.2626707e-02  -1.9763464e-01  -5.1578106e-02   1.2723440e-01   2.3807288e-01   5.8825303e-02  -1.3902015e-01  -3.2288992e-01   1.2234680e-01  -5.0278816e-03   1.0430653e-01  -1.3531838e-01   1.5389390e-02   9.9261145e-02  -1.8639392e-01
  -1.3817242e-01   2.4058287e-01   3.9344321e-02   1.3090727e-01   9.6125652e-02  -4.1138359e-02   1.6031540e-01  -2.1117874e-01  -2.7472367e-01   2.5590876e-02   1.2250303e-01  -1.4926206e-01   1.0565254e-02   7.8405469e-02   8.1648979e-02  -1.3727930e-01   2.0798411e-02   2.2966182e-01   1.1116898e-01  -1.4775512e-01  -1.2552380e-01   3.4205998e-02  -3.4911897e-02   5.4522306e-02  -2.8222327e-02  -2.3757864e-01  -2.1617773e-01  -3.2190064e-02   2.5508259e-01  -1.7708318e-02   2.7416505e-01  -1.1908368e-01  -1.1360836e-01   9.7798422e-02  -7.3326545e-02   1.6554839e-01   5.8902629e-02  -3.9749588e-02   7.6889770e-02   1.9901734e-01   2.3776288e-02   1.9726859e-01   1.4891345e-01   4.5369475e-02   2.2541297e-01  -2.2244086e-01   1.0416220e-01   7.6773824e-02  -1.5209630e-01
  -1.4437816e-01  -3.0708562e-02   2.2874604e-02  -1.5621754e-02   2.3448618e-02  -3.1451815e-01  -1.2946584e-01  -3.4521879e-02   1.8042207e-01   3.5819315e-01  -1.9031168e-03  -1.6680254e-01  -9.9144159e-02  -3.3632720e-02   3.1450071e-02  -8.6071647e-02   1.1075803e-01  -3.7756289e-01   1.7784877e-01   1.5961910e-01   6.8910729e-03  -9.1628307e-02   2.5708566e-01   1.2635258e-02   1.4435174e-01  -1.5705076e-01  -1.5844632e-01   5.8711335e-02   5.6386497e-02   1.1279220e-01   4.8798704e-02   1.1537318e-02   1.9053578e-01   3.7634930e-02   5.3557595e-02  -1.1026486e-02  -1.0355075e-01   8.6552828e-02  -7.1173831e-02   2.4111646e-02   2.5617928e-01   8.2517683e-02   7.1198110e-02  -1.1379259e-01  -1.1081140e-01  -2.5728378e-01  -1.7387138e-01  -9.5026298e-02  -1.1084262e-02
  -1.2230316e-01   1.1456526e-01   2.1306198e-01  -2.8254894e-01  -1.5889712e-01  -1.3542260e-01  -1.1149995e-01  -1.4340270e-01   5.0463732e-02  -3.8620653e-02  -5.5722319e-02  -4.6583090e-02  -7.4824696e-02   1.4849321e-01   5.8579176e-02   4.2574834e-02  -3.1304523e-01   3.2497474e-02   1.0069420e-01  -9.4181044e-02  -2.9971259e-01   1.5577278e-01   4.1300522e-02   1.1020433e-01  -8.2979072e-02  -3.2518835e-01   2.4142508e-01   1.7133270e-03  -2.9363330e-01  -2.2715209e-02  -1.5995264e-01   9.3034599e-02  -2.4587423e-01  -4.3931596e-02  -5.0797405e-02   8.3046969e-02  -1.4266253e-01  -7.6216162e-02  -1.0641090e-01  -5.1385781e-02   8.4373538e-02   4.2979250e-02   4.2920087e-02  -7.0000120e-02   5.8133522e-02  -1.6699592e-02   4.0609618e-02  -1.2301241e-02   2.3840785e-01
  -1.2532570e-01   1.7908351e-01   7.1748268e-02   1.8409870e-01   5.6900728e-02   1.4331486e-01  -2.1053538e-01  -2.6615236e-02  -3.1243041e-01   1.1242791e-01  -1.0019117e-01  -3.6324797e-02   1.0366087e-01  -4.1156219e-03   4.4462778e-02   1.2152471e-01  -1.6030995e-01  -5.3257897e-02  -7.4767499e-02   1.6293235e-01  -4.3454349e-02  -2.0477277e-01  -3.8883964e-02  -4.0868811e-02  -5.8783323e-02   1.1075976e-01  -7.2620744e-02   1.0619631e-01  -1.7888464e-01   8.1692494e-02   3.0547039e-02   1.5290510e-01  -1.8919917e-01   8.2624654e-02  -8.4009582e-02  -5.2734484e-01   8.0839388e-03   1.3019984e-01   1.0320159e-01  -4.0527054e-02   5.7314174e-03   1.2180173e-01   2.7390574e-01   1.6349833e-01  -6.0434466e-02  -4.8110151e-02  -7.4756538e-02  -2.0277189e-02   8.1502149e-02
  -1.3364684e-01   2.1757736e-01   2.4592939e-01   1.5791325e-01  -2.0833307e-01  -1.1309066e-01  -1.1299590e-01  -2.3682171e-02   5.1044291e-02   4.2215005e-03   1.8295030e-01  -1.5748322e-01   2.8151439e-02   1.6806386e-01  -6.9811889e-02   1.0843793e-01   5.5082958e-02   7.5266082e-02   3.2927638e-02   3.0236098e-01   8.9165763e-02   3.1909210e-01   1.7941209e-02  -6.2165528e-02   4.6680418e-02   3.2168423e-01   1.3799691e-02   1.5736605e-02  -2.7780891e-02  -2.4006598e-01   1.4509198e-01  -1.3431424e-01   3.9981126e-02   1.2986810e-01  -8.1084258e-02   3.7537958e-04  -2.3385935e-02  -2.6667543e-01   5.3390928e-02  -3.5802161e-01   2.7250605e-02   8.3531933e-04  -8.2503403e-02  -9.2649002e-02   3.4478948e-02   8.2751996e-03   2.0789463e-02  -4.6784750e-02  -8.2428923e-02
  -1.6926978e-01  -5.6331934e-02   1.5146471e-01  -1.2280802e-02   1.7796610e-01   2.4029899e-02  -1.3167349e-01   1.1742267e-01  -4.9847453e-02  -2.9184951e-02   4.8571988e-02  -1.7474678e-01  -2.9173582e-01   6.2874386e-02   1.6068770e-01  -7.7880200e-02  -2.0640130e-02  -1.3854458e-01   1.2898306e-01  -1.4885645e-02   2.4450988e-01   1.2607583e-01  -1.1164431e-01  -1.3373437e-01   1.2982153e-01   2.4272089e-01   1.8414878e-02  -1.0464849e-02   2.4071008e-01  -8.2050841e-02  -2.4292493e-01  -2.7085247e-02  -1.6629671e-01   9.2839338e-02   8.0193800e-02   9.8970798e-02  -2.0822287e-01   1.6383684e-01  -9.1929554e-02   2.0392190e-01  -1.8457697e-01   1.8081214e-02   1.9855331e-01   6.3949858e-03   4.0728711e-03   9.4869206e-02   2.5076404e-01   6.1574158e-02   2.4309815e-01
  -1.5318995e-01  -1.1109327e-01  -2.1398283e-01   3.3374049e-02  -2.5743747e-02   1.2775914e-01   7.5570901e-02   1.2483271e-01  -2.8304953e-01  -4.8391557e-02   1.5587039e-01  -1.2464149e-02  -8.3141476e-02   6.9113995e-02   9.3208386e-02  -2.9161505e-02  -1.2007372e-01   2.2539722e-02   1.5576780e-01   5.4007244e-02  -1.1797982e-01   1.1406668e-01  -2.5535683e-03  -4.0981201e-02   2.3723543e-01  -1.7931799e-02   2.6970950e-02   1.0414449e-01   1.5837676e-01   6.6871180e-02  -2.0980707e-01   1.9301688e-01   3.2006501e-01  -3.2536125e-02  -1.0869667e-01  -9.6401092e-02   4.9237791e-02  -1.8907857e-01  -9.6430976e-02  -6.3187916e-02   1.7189754e-01  -5.0408131e-02  -1.1653304e-01   1.4916945e-01   3.9188625e-01   6.2713452e-02  -2.4880510e-01  -5.7479149e-02   1.8556003e-01
  -1.6182481e-01   8.3689783e-02  -1.3045016e-01  -1.6984362e-01  -2.1036332e-01   3.0065969e-02  -4.6766527e-02  -6.4797595e-02  -1.6518825e-01   2.6985719e-02  -7.2930658e-02   1.4270486e-01  -8.6607115e-02   3.6638120e-01   1.1654875e-02  -2.6181027e-02   3.8625395e-01   7.6838027e-02  -7.3227454e-02  -1.4197316e-01  -7.3120834e-02  -1.6613081e-01  -9.2776138e-02  -1.7829045e-02  -6.2510064e-02   8.0755205e-02   1.1874228e-01  -1.5521790e-01   8.0659524e-02  -1.1781517e-01   4.7736376e-02  -1.1125034e-02   1.4869535e-01  -6.9746629e-02  -2.6259669e-02  -1.1860433e-01  -3.3383534e-01   9.8101817e-03  -2.3478781e-02   7.3355884e-02   3.1920487e-01  -1.8275667e-01   1.6885122e-01  -9.5071276e-03  -1.2883161e-01   1.2735570e-01   9.1753271e-02  -7.4821264e-02  -9.6522885e-02
  -1.4574890e-01  -9.7599554e-02  -3.9858581e-02   1.2816029e-01  -1.5449432e-01   1.9262029e-01  -6.7713609e-02   2.1192691e-01  -7.0772247e-02  -3.0986430e-01  -1.8714225e-01   5.1057144e-02  -1.1548119e-01  -4.0929078e-04  -1.1338307e-01  -4.2302599e-02   1.2916771e-01  -2.9527702e-01   2.9594705e-01  -6.9305388e-02   3.8191122e-03  -9.5743658e-03   4.2598529e-02   1.3690352e-01  -1.0041750e-01  -1.1887448e-01  -9.6564035e-02  -1.2345843e-01   2.8320638e-02  -2.9933617e-02   3.1002609e-02   7.8030035e-03  -3.5341337e-01   2.9773852e-01   1.3830255e-01   5.0961273e-02   4.9534812e-03  -9.6402303e-02   1.0751059e-01  -1.1224596e-01   1.0988898e-01  -3.0818295e-02  -2.1467546e-01   1.9326543e-01  -4.9146256e-02  -8.0986821e-02  -4.6801706e-02  -1.4469491e-01  -9.1513740e-02
  -1.4703033e-01  -7.3272730e-02  -6.4400596e-02   5.7448706e-02   3.6580721e-02   1.5252413e-01  -1.9773845e-01   1.5749702e-01  -1.8868334e-01   2.1595361e-01   1.6880678e-01   2.3937382e-01  -6.8999940e-02  -4.1582229e-02  -2.2903548e-01  -3.3478739e-02   6.4442899e-02  -6.9139484e-02   3.2033729e-02   3.7932504e-02   6.9058456e-02   8.0438687e-03   1.9500016e-01  -1.4920455e-01  -1.4027469e-01  -2.1460378e-01  -4.3808181e-02  -6.5158642e-02  -1.8300743e-01   4.8517976e-02   2.0923601e-01  -1.6886414e-01  -1.3327599e-02  -1.5935514e-01   2.3939448e-01   1.1923961e-01   6.3654211e-02  -2.1142775e-01  -7.1660298e-02  -8.5094575e-02  -1.1751759e-01  -2.6662808e-02   2.6320380e-01  -1.6332953e-01   1.5089814e-01   2.2961099e-01   4.4579440e-02   1.5884937e-01   1.4486321e-01
  -1.4822823e-01  -3.4284734e-03  -1.9693170e-01   7.1385926e-02   2.6298735e-01  -1.5199796e-01  -6.8331561e-02   9.9099437e-02   2.1025550e-01  -6.3473159e-03  -6.4622788e-02   1.2204790e-02  -9.9500699e-02  -1.7582431e-01  -2.2450313e-01   1.8658321e-01   5.9238968e-02  -1.8172319e-01  -2.5433288e-01   3.4435099e-02  -1.9549746e-01  -1.1953284e-01  -2.3103546e-01   7.8299644e-03   5.5528992e-02  -1.3467617e-01   1.1062386e-01  -1.0324033e-01   5.4940922e-02  -3.1871225e-01   6.4988232e-02   1.4374381e-02   3.2404870e-02   2.6644077e-02  -3.0356218e-01   8.4538401e-02  -1.2227162e-01  -3.8444212e-02   1.2241292e-01  -1.5336052e-01  -6.9213521e-02  -1.1324255e-02   1.1111256e-01   1.7682913e-01   2.2804558e-01  -1.1213962e-01   1.1206931e-01   2.7211654e-02   9.4259655e-02
  -1.3319177e-01  -6.0427321e-02   3.1855551e-02  -2.2899607e-01   1.1745949e-01  -4.7419445e-02   3.5456475e-01  -2.0372976e-02  -9.8626453e-03   6.7295337e-02  -1.1030877e-01  -8.5541084e-02   2.6333136e-01   2.9494452e-02   7.1008603e-05   1.4842332e-01  -3.5268311e-02   8.3752513e-02   1.0791501e-01   5.2004703e-02   4.9019418e-02  -2.5386682e-01   1.3014883e-01   2.1382306e-01  -2.7502747e-02  -9.4741583e-02  -8.2248767e-02  -6.0880695e-03   2.7203213e-01  -1.7519748e-01  -8.0007280e-02   8.1406884e-02   6.1605645e-02   2.2708327e-01   2.5074114e-01  -1.4634361e-01  -7.2682468e-02  -1.9518097e-01  -2.7130969e-03  -2.8479028e-01  -1.4956712e-01   1.6003515e-02   6.9078031e-02  -7.9781939e-02  -9.6679664e-02   1.5508939e-01   9.1799149e-02   1.2759770e-01   1.5567533e-01
  -1.5060656e-01  -9.6471470e-02   1.3662550e-02   9.3502332e-02  -2.3070279e-01  -3.8208027e-02  -8.1905813e-02  -1.9172274e-01  -1.3974861e-01  -2.8882805e-01  -2.2157826e-01  -1.3313206e-01   1.1575547e-01  -2.0390888e-01   1.4825679e-01  -6.0363323e-02  -2.6891331e-02  -9.3284933e-02  -1.5529729e-01  -6.8219002e-03   8.1648680e-02  -2.2478083e-01  -1.7851175e-01  -1.8787945e-01   3.8864873e-01  -1.4334230e-01   1.2322428e-02   9.0406528e-02  -6.6555984e-02  -1.2245453e-01   1.8683123e-02  -8.6360193e-02  -6.6916180e-03  -1.0448885e-01   1.3310879e-01   9.1462210e-02   3.6674854e-02  -2.3206443e-02  -2.8418786e-01  -1.4262921e-01   2.7105956e-02   1.5108298e-01   5.5371753e-02  -1.4829502e-01   3.7173346e-02   1.2357292e-01   2.2368935e-02   1.9479102e-02  -1.9817364e-01
  -1.6046032e-01   4.2285108e-02  -2.0524282e-03   3.6325016e-02  -1.5429052e-01  -8.9087683e-02  -3.4774963e-02   2.8042458e-01   1.2015396e-02   1.7804803e-01  -1.5536289e-03   1.2515875e-01   2.5508912e-01  -1.0998948e-01   2.7507619e-01  -8.9017295e-02  -1.4885568e-01  -1.1535816e-01  -1.2070529e-01  -7.7984072e-02   8.1650007e-02  -5.6683839e-03  -1.5776969e-01  -2.6709854e-03  -1.9500437e-01  -3.7940840e-02  -9.2208943e-02   3.3837542e-01   1.3546271e-01   2.1379136e-01  -1.6421535e-02  -1.7021752e-02  -3.5088843e-02  -1.3701926e-01  -1.1127188e-01   6.7856049e-02  -2.1879115e-01  -3.2203561e-01   3.8114739e-02   1.4177586e-04  -2.7839829e-02  -1.3893031e-01  -1.0375248e-01   7.8261850e-02  -5.6100916e-02  -7.6350837e-02   2.9343945e-01  -9.1734698e-02  -7.7440549e-02
  -1.3213557e-01  -3.1681548e-01  -6.5139578e-03  -1.1819209e-01  -1.1183444e-01   1.7716102e-01   2.0500596e-01  -1.2551229e-01   1.7875414e-01  -1.0937399e-01   7.3004150e-02   1.5353267e-03   5.5419429e-02  -3.2978260e-02   8.0969006e-02   3.4772765e-02   1.1508368e-02   7.0006924e-02   1.1594572e-02   2.7445492e-02   3.0369803e-01   2.5222443e-02   2.4660689e-01  -3.1715073e-01   4.8792099e-02  -6.9248061e-02  -2.4693621e-02  -5.8592611e-02   1.0888249e-04  -5.1534608e-02   2.6816750e-01   2.8132401e-01  -2.1856805e-01  -8.4255004e-02  -3.4306857e-01  -8.2172856e-02  -3.1529220e-02  -3.7650057e-02   1.2105587e-01   4.3437174e-02   6.7186755e-02  -8.2624027e-02   1.1260966e-01  -1.0162850e-01   2.6698957e-02  -1.4696265e-01   5.2228122e-02  -8.7110410e-02   1.2223243e-01
  -1.3346854e-01  -2.7728821e-01   5.6505714e-02   5.6445627e-02  -5.6285824e-02   6.0491526e-02   5.1843570e-02  -8.1145243e-02  -2.8444330e-02   1.0771157e-01  -1.7841034e-01  -2.0290455e-01  -1.8308755e-02  -1.5304170e-01  -1.5591694e-01  -9.7834059e-02  -5.5087906e-02   5.9712260e-02   7.7392020e-02  -1.7575119e-01  -9.0623940e-02   4.6268449e-02  -9.4869984e-02  -1.3962443e-01  -3.7977791e-01   1.3912083e-01  -3.1599974e-02   2.5210595e-01   6.6965373e-02  -1.0410928e-01   1.0677436e-02  -2.0380683e-01  -1.1297677e-04  -3.8756433e-02  -1.2152784e-01   1.3179707e-02  -2.0919513e-01   1.7180183e-01   8.6745143e-02  -9.3523929e-02   1.5061091e-01   3.4306779e-02  -1.2122985e-01  -9.3891309e-02   1.9780860e-02   8.6571236e-02  -3.0261298e-01   3.4080237e-01   5.7891022e-02
  -1.3269768e-01  -6.7094516e-02   9.1595767e-02  -8.0608198e-02   1.0402385e-01   6.7497622e-02  -1.1691994e-01  -1.9508792e-03  -9.7645827e-02  -6.7402407e-03  -9.5513271e-02  -1.3139803e-02   3.3097579e-01  -8.3480099e-02   2.5634394e-02   3.3514924e-02   3.0409899e-01  -9.4125863e-02  -2.1297114e-02   1.0123217e-02  -2.1254058e-01   2.9538155e-01  -7.3325059e-02   2.8275087e-01   1.4108366e-02   7.3944424e-02  -2.2978306e-01   7.9785012e-02  -4.6723092e-02  -9.9241593e-02   1.9068922e-01   2.0071497e-01  -2.0368517e-02   2.5732582e-02  -1.4659889e-01   7.6920764e-02   4.7814898e-02   1.1228858e-01  -3.0513097e-01   1.7655173e-01  -1.8147558e-01  -2.0338562e-01  -7.6762211e-03  -1.6152818e-01   1.1319161e-03   1.1204031e-01  -1.1818240e-01  -1.2800491e-01   1.1232101e-01
  -1.3955186e-01   2.4582834e-02  -8.1879064e-02   3.1174661e-01   8.1317429e-02  -2.4289204e-01   2.5865769e-01   5.2929692e-02   3.5742711e-02  -4.6531237e-03   3.8221390e-02  -1.2729929e-01  -1.5018088e-01   1.9285174e-01  -3.0570998e-01  -1.1532908e-01   5.2124015e-02   1.3092291e-01  -1.1199403e-01  -1.4385084e-01   1.2637372e-01  -1.8711937e-01   1.5493565e-01   2.0058257e-01   1.9201131e-02   1.3986658e-01  -9.5664093e-02   2.4428323e-01  -1.8305341e-01  -7.1543091e-03  -1.7749912e-01   1.4169282e-01  -2.8423567e-01  -2.0381527e-01  -4.3996338e-02   4.9905178e-02   2.5165406e-02  -6.7166397e-02  -2.0015527e-01  -7.0716394e-03   3.3083432e-03  -8.6519591e-02   4.8887786e-02  -2.3543397e-02   2.9299587e-02   6.4997873e-02  -4.8230178e-02  -1.4903435e-01  -3.0905020e-02
  -1.3169600e-01   2.6875932e-01  -4.9932612e-02  -6.6808327e-02  -7.1541879e-02   6.0377512e-02   1.7152989e-01  -2.3931453e-02  -5.0086813e-02  -2.0843874e-02   9.9234417e-02  -4.2745723e-02   7.5512234e-02  -3.0941387e-01  -5.0520952e-02   1.6894537e-01   2.7068956e-01   9.1934627e-03   2.3162931e-01  -2.3057658e-01   1.7344002e-01   1.6381315e-02   7.0207475e-02  -1.2569102e-01  -1.2568613e-01  -5.8417918e-02   7.2587501e-02   5.2547317e-02  -2.3811835e-01   7.2547525e-02  -2.1912564e-01  -1.6292070e-01   2.1440860e-01   9.8063143e-02  -1.8477532e-01   2.8898048e-02  -8.9568012e-02   1.3289420e-01  -5.1889802e-02  -7.2461629e-02  -1.7084970e-01   2.3170669e-01   4.1228657e-02   7.4403039e-02   2.7311590e-04   3.5704388e-02   3.1334751e-02  -3.2216917e-01   4.6783636e-02
  -1.5804771e-01   1.3836240e-01  -1.8002572e-02   1.5594475e-01  -2.0705468e-01  -8.4054598e-02   5.6755271e-02  -1.6930109e-01  -1.0551316e-01   8.7388884e-02  -4.4856085e-02   2.5549829e-01  -1.6066494e-01  -2.0418798e-01  -2.4808992e-01   1.1164109e-01  -2.4174184e-01  -2.0498452e-02   1.6685192e-01  -9.3601275e-02   5.3165506e-02   1.5180783e-02  -1.3373659e-01   3.2731972e-02   1.1652250e-01   5.4376582e-02   1.8040557e-01   1.7669611e-01   9.6806060e-02  -1.5218170e-01   1.5952144e-01   2.7466315e-01   1.6791422e-01   9.2800506e-02   9.6199359e-02   1.1390917e-01   1.3075857e-01  -1.4579693e-02   1.7809654e-01   2.5456497e-01  -3.6091527e-02  -1.0748073e-01  -1.0471243e-02  -1.2708824e-01  -2.7622048e-01   1.7740905e-02   1.3210457e-02  -2.9788634e-02   1.0479019e-01
  -1.4247390e-01   3.6485026e-02  -1.4954359e-01  -6.7254946e-02   1.3808595e-01   4.6187251e-02  -3.4631144e-01  -2.6279996e-01   1.6059505e-01   2.9087933e-02   1.1308552e-02   4.0798596e-02   7.0244747e-03  -2.0378835e-01  -9.5425855e-02  -1.2512423e-01  -1.7646800e-03   3.2084933e-01   2.3605846e-01   2.0779051e-01  -1.9977676e-01  -1.1662058e-01   1.2985535e-01  -8.9113295e-02   4.7982013e-02   1.5669758e-02  -1.2468159e-01   2.3167058e-02   2.2458041e-01  -1.0479745e-02  -1.2480965e-01  -8.3072821e-02  -1.6387124e-01  -1.7924456e-01  -8.4314842e-02  -1.8443459e-02   6.7623607e-02  -3.4577800e-02   9.1684199e-03  -1.3028177e-02   3.8014656e-02  -2.9235578e-02  -1.7925602e-01   1.3523921e-01  -1.5126319e-01   2.5690325e-01   1.5308660e-01  -1.9239413e-01  -1.3867411e-02
  -1.3436612e-01  -1.2633211e-01  -2.1288514e-01   6.5514573e-03  -2.3330206e-02  -1.8546042e-02   2.2503123e-01  -2.0978215e-01  -1.7289706e-01   1.3326963e-01  -1.3449322e-01  -1.9318433e-01  -5.4384756e-02   1.0259389e-01   4.4771126e-02   1.0408597e-01   9.5380953e-02  -1.5725876e-01  -1.4553157e-01   3.7838985e-01   2.3681877e-02   9.2020564e-02   1.0763049e-02   1.3443748e-01  -8.9859576e-03  -7.4137411e-02   3.5461607e-01   7.5405359e-02  -1.2593884e-02   2.4087223e-01   9.7576606e-02  -2.6163566e-01  -1.4112043e-01  -6.2032809e-03   1.1266231e-02   1.3108464e-02   3.1902300e-02   6.7129570e-02   1.8507440e-01   1.4805040e-01  -1.1356700e-01  -2.5657548e-02  -1.9699577e-01  -1.4017168e-02   6.7797286e-02   1.7190634e-01   8.9362120e-02  -1.3360752e-01   5.1365284e-02
  -1.3833101e-01   1.4054177e-01  -3.2182885e-01   1.1003993e-01   2.7075616e-02   1.5388540e-01  -1.5762734e-01   2.6434694e-01   1.7747291e-01  -1.1504981e-01  -2.8782303e-03  -1.5325149e-02   5.9048313e-02   4.5083017e-02  -6.3448150e-02   5.3383201e-02  -1.1732629e-01   2.7726751e-01  -2.1648407e-01   8.6333674e-02   1.0632491e-01   1.4981506e-01   2.4035637e-02   5.0770439e-02  -1.0585989e-01  -1.6083474e-01   1.2338654e-01   5.1165148e-02   2.0495604e-01   5.4609157e-02   4.2604636e-02   8.6964106e-02  -1.3018140e-02   1.6061729e-01   1.2714863e-01  -3.7255718e-02  -1.6363229e-01   1.9410438e-01  -1.5172474e-01   3.2893905e-02   1.0216538e-01   2.8083542e-01  -5.0848452e-02  -3.6511654e-01  -2.8745729e-02  -6.3067184e-02  -7.0371608e-02  -1.0354780e-01   3.6338568e-03
  -1.6370138e-01  -1.2382706e-01   1.2228181e-01  -1.7484515e-01   1.0483081e-01  -2.5309123e-02   8.6175154e-02   2.7723393e-02  -1.3208686e-01  -3.1334705e-03   5.3689973e-02   2.0910634e-01  -8.5960820e-02   6.3768101e-02  -6.5276592e-03  -9.7165417e-02   2.3455940e-01   7.1325009e-02  -2.1050313e-01   1.2307259e-01  -1.5491302e-01   1.8238012e-01  -1.2887317e-01  -1.7385148e-01   7.1655617e-02  -9.9122048e-02  -1.2354318e-01   1.6275139e-01  -1.4400409e-02  -1.6736452e-02  -2.9088810e-01   1.6748726e-01  -7.5225752e-02  -7.4478271e-02   1.4142292e-01   1.1889624e-01   1.6049223e-02   3.6649185e-05   3.9938331e-01  -1.3432404e-01  -1.3500277e-01   2.1834612e-01   6.4422586e-02  -8.7422221e-02  -1.8234947e-01  -1.0522929e-01  -1.8991169e-01  -1.0749609e-01  -1.4561171e-01
  -1.4587885e-01   1.5679378e-01   2.3586896e-01  -6.1519260e-02  -1.8618577e-01   7.3511910e-02   1.5426538e-01   1.5425886e-01   3.0048504e-01   1.3284910e-01  -4.6944610e-02  -1.3751262e-01   1.2110009e-01  -3.3660791e-02  -1.0832909e-01  -3.0134265e-01  -9.1814173e-02  -7.3872325e-02  -1.8894330e-01  -1.2171422e-01  -1.5931005e-01  -1.2600824e-02   7.3321370e-03  -1.3850710e-01   5.1817893e-02   8.1656107e-02   6.6480946e-02  -1.5196307e-01   1.2680150e-01   8.0697016e-02   1.5917677e-01   7.7589471e-02   1.5328884e-03   2.6522236e-02   1.9044444e-01  -4.7769493e-03   9.3681259e-02   1.0663772e-01   1.2191201e-01   5.6038719e-02  -8.1311117e-03   4.8836947e-02   1.0316513e-01   2.0093391e-01   2.0017620e-01   3.3131303e-01  -1.2741968e-01  -2.5351648e-01   2.6574146e-02
  -1.3117837e-01  -1.3392125e-01  -1.6460704e-02  -9.7888854e-02   1.5638052e-01   7.8347670e-02   9.6669045e-02   1.5676727e-01   8.7487997e-02   6.6684380e-02   3.9477067e-02  -1.7255699e-02  -4.0320680e-02  -1.3423193e-01   2.8847569e-01   1.9260857e-01  -9.0281165e-02   2.1057105e-01   1.9511282e-01   1.8467025e-01  -5.7874386e-02  -1.5948509e-01  -1.0749660e-01   4.5794355e-02  -1.2426507e-01   2.0972915e-01   1.1158849e-01   7.2346912e-02  -2.6198368e-01  -2.5729854e-01   1.3642966e-01  -5.9336221e-02  -2.3817174e-02  -6.8707786e-02   3.0855474e-01   1.6666250e-01  -2.8430870e-02  -3.0747396e-02  -4.0293172e-02   1.6764376e-01   1.4098689e-01  -3.7402810e-02   1.2387826e-01   9.8974488e-02   1.1701126e-01  -1.3285400e-01  -1.2795376e-01  -2.1737134e-01  -1.8507193e-01
  -1.2086243e-01   1.7016454e-01  -9.2585310e-02  -2.1117317e-01   9.7959460e-02  -2.1752050e-01   5.1296846e-02  -5.9901965e-02  -5.2646858e-02  -1.9062336e-01   5.8962976e-02   1.9006873e-01  -1.0855098e-03  -1.1209857e-01  -2.6938095e-02   6.0290719e-02  -5.2039070e-02  -4.2224516e-02  -9.4565693e-02  -1.6114578e-01   1.9137758e-02   2.7540249e-02   4.3297471e-02  -1.9315585e-02   2.0012085e-01   2.2841004e-01  -2.5906942e-01  -4.7594122e-02  -1.0743181e-01   5.4225211e-02   2.0011743e-01  -1.7849294e-01  -1.0779587e-01  -1.4200810e-01   2.5862530e-01  -2.1162229e-01  -2.5601620e-01   4.0427680e-02   1.3040425e-01   4.5525773e-02   3.4342467e-02   2.9931179e-02  -3.3147724e-01  -7.0921082e-02   1.7626415e-01  -1.0108268e-01  -3.5995205e-02   7.8284719e-03   2.5376265e-01
