  -1.2991651e-01  -7.4712987e-02  -7.8363523e-02   2.4485957e-02  -3.3670392e-01  -1.1708936e-03   4.1452253e-02  -1.5481548e-01   2.5806878e-01  -1.8948605e-01  -4.9075518e-02   2.5491415e-02   5.9941957e-02  -5.5993504e-02  -2.7288680e-02   7.8219948e-03  -1.2299371e-01  -1.6172939e-01   2.4514900e-01  -1.2873135e-01  -3.4858822e-02  -2.3175345e-01   9.8435664e-02   2.5155573e-02   1.1443192e-01  -1.1353205e-01  -6.7793069e-02   4.0549272e-01  -2.5432995e-02   1.3005313e-01  -1.5659686e-01  -2.5918014e-01  -3.7861977e-02  -2.0831540e-01   1.0495797e-01   2.8818882e-02  -9.0468229e-02   2.6983804e-01   9.7995880e-02  -7.1904403e-04  -1.1089396e-01   1.4061043e-03   1.4872851e-01   1.6365613e-01   2.3656470e-02  -1.1470232e-01  -5.4201750e-02   6.2464790e-02   4.6339811e-02
  -1.3016804e-01   6.3692575e-03  -4.2161602e-01  -1.1200231e-02   1.5518376e-01   1.6394844e-01  -3.4356278e-02   2.4493863e-01  -4.0946144e-02  -8.2168207e-02  -4.6785044e-03   1.0238506e-01   1.9300772e-01   1.1597195e-01   8.1832435e-02   1.7996880e-01   6.4779948e-02   1.9277123e-01  -6.8753327e-02  -2.1733064e-01  -8.9037113e-02   7.0980243e-02  -7.8498492e-02  -8.2523250e-02   2.7490591e-01  -1.9942013e-01   1.9466458e-01  -1.2466194e-02   2.3193775e-01   4.3639989e-02  -2.1826208e-02   6.0182044e-02  -1.7372560e-04  -1.2489101e-01   1.2467099e-01   2.6448013e-02   1.6713388e-01   1.4332662e-01   2.0334909e-01   5.7588672e-02   1.7479030e-01  -1.0981072e-01   1.1784199e-01  -1.5140047e-01  -1.8919918e-01   3.0057444e-02  -4.1158675e-02   7.6663245e-02   5.6184378e-02
  -1.5935277e-01  -1.6147627e-02   2.8399946e-01   1.3084940e-03   9.9137334e-02   4.1337453e-02   2.8741259e-01  -1.4054520e-01  -1.2014007e-01   8.1418027e-02  -1.8680207e-01   5.4717601e-02   1.8142274e-01  -1.5460280e-02   7.6633635e-02   1.0737599e-01  -1.2585721e-01   2.4864005e-01   2.8153788e-02  -1.2545474e-01   2.6665183e-03  -4.8175203e-02  -1.9136645e-02   9.0969196e-02   2.8313630e-01   3.7466784e-02  -1.2185952e-01   2.3123806e-01  -2.0272129e-01  -8.8510288e-02  -7.8724965e-02   3.3745419e-01   8.1467201e-02   1.1909417e-01   3.9791819e-02   1.0361872e-01   6.1984161e-02  -1.0079851e-01   8.5524304e-02   2.5763855e-01  -4.2436903e-02   6.0453868e-02  -2.6326134e-02   7.5691836e-02   7.1640120e-02   7.2549627e-02  -2.7829153e-02   2.3095742e-01  -2.2136948e-01
  -1.4436842e-01  -1.3612379e-01   1.3344392e-01  -1.3646091e-01   5.4037121e-02   2.2918434e-01  -8.9992018e-02   2.3917026e-01  -1.0368269e-01  -1.8204607e-01   1.3598534e-01  -2.9217426e-01  -4.8515108e-02  -6.4522481e-02  -1.0091042e-02  -1.7025581e-02   9.2061795e-02   1.0454683e-01   4.1603553e-03  -2.7688825e-01  -8.0488585e-02  -2.2565547e-02   1.9591476e-01   1.2817928e-01   1.1268494e-01   1.0974867e-01   1.5919920e-01   1.6776908e-01  -2.2946385e-02   3.9259728e-02   1.2497319e-01   8.5060552e-02  -8.9507330e-03   2.0251326e-01  -1.5315785e-01  -1.4259273e-01  -1.3000621e-01  -7.5996524e-02  -7.1157874e-02  -2.6507644e-01   1.1330393e-01  -1.6176496e-02   1.5411270e-01   1.2359383e-01   2.8465602e-01  -1.7144983e-01  -1.6711977e-01  -6.6731698e-02   9.9654005e-02
  -1.4039463e-01  -7.1412344e-02   1.6049204e-01  -1.6663078e-01   7.7649008e-02   1.9082810e-02  -1.1047283e-01   7.2741300e-03   6.3216218e-02   1.8458746e-02   2.5349872e-02   2.9555868e-01  -2.3209651e-01  -3.3938184e-02   2.7604032e-02   1.0532145e-01   6.7991119e-02   2.0600705e-01   1.8560108e-02   1.2986119e-01  -3.8553368e-02   2.7879018e-02  -6.7199433e-02  -3.4004777e-01  -1.2166506e-01   1.9494076e-01  -1.4434488e-01   8.8512175e-02   1.2643748e-01   3.1028948e-01  -2.4115161e-03   7.9550086e-02  -1.0058079e-01  -1.4989959e-01  -1.7681359e-01  -1.3712944e-01  -3.5326296e-02   2.0726655e-01  -1.1523739e-01  -5.3415222e-02   9.1984432e-02   1.9206265e-01   4.5855203e-02  -1.6795724e-02  -8.1691187e-03   1.6033736e-01  -2.6295096e-01   2.6553043e-01  -2.9950457e-02
  -1.5702800e-01  -2.0141922e-01  -2.6187905e-02  -9.9287042e-02   1.2977783e-01  -1.2930301e-01   9.2357004e-02   1.9894168e-01   5.6640733e-03   4.1243916e-03   8.7306649e-02  -1.8657926e-01   2.9529366e-02  -2.6398724e-01  -7.5674207e-02   2.8607494e-01  -1.4373276e-01  -1.0691205e-01   2.0101638e-01   1.7641174e-01  -7.7980791e-02  -8.3495965e-02  -8.4641010e-02  -1.1713498e-01  -1.2906656e-01  -7.8659283e-02   1.6244094e-01   8.3158093e-03   1.7030272e-01  -1.0387009e-01  -2.0368049e-01  -3.1495424e-04   1.5670405e-01   1.7353694e-01   1.5363467e-01   4.9817481e-02   5.8840927e-03  -3.9399904e-02  -3.1603548e-01   5.4915070e-02   1.2832377e-01   2.2216762e-01   1.0301423e-01   1.8558380e-01  -1.6041338e-01   3.0071424e-03   2.1474888e-01   5.2120495e-02  -5.5885929e-02
  -1.5846809e-01   1.6012084e-01  -2.3258033e-01  -1.3392030e-01  -1.0942605e-02  -1.2045441e-01   2.1916246e-01   1.6292144e-01  -7.1900293e-02   1.5942840e-01  -1.9400532e-01   1.5716741e-01   1.1309019e-02   7.8455876e-03  -1.2178774e-01   6.1702983e-03  -6.8361263e-02   8.8222852e-02   2.1505933e-01  -1.1767050e-01   2.2866855e-01   2.3147578e-02   3.1846394e-01  -2.8481934e-01  -1.9089787e-01   2.7653554e-02   1.4764533e-01   1.5922073e-02  -8.2094818e-02  -2.2140861e-02  -2.5254664e-01  -8.4228286e-02   6.1781595e-02   7.8538959e-03  -1.1059219e-01   2.5841106e-03  -5.9222936e-02  -2.6812767e-01   1.0903548e-01  -5.9292730e-02  -1.1525903e-01   6.1495340e-02  -5.1882696e-02  -1.5557448e-01   1.3621125e-01  -5.0578394e-02  -1.7787378e-01  -1.7637836e-01  -2.2052740e-03
  -1.2365151e-01  -1.1686780e-01   1.0050452e-01   1.1640779e-01   1.6049946e-02   6.6256952e-02   1.5685541e-01  -5.5511442e-02  -7.2630288e-03   1.1582178e-01  -1.6826099e-01  -7.4005136e-02  -2.3505077e-01  -5.7027133e-02   4.8304118e-02   3.2210605e-01   3.2554136e-02  -1.8023768e-01   2.1844298e-01  -5.0362579e-02   3.0694870e-01  -4.3031797e-03  -1.2373403e-01   1.8948111e-01  -1.5493654e-01   6.2448462e-02  -5.3255531e-02   1.2090803e-01   1.1841508e-01  -1.4860048e-01   1.3835776e-01  -3.3756062e-02  -7.2608354e-02   3.2323494e-02  -1.8345220e-01  -5.1757678e-02   2.4202312e-01   7.2769099e-02   1.3099090e-01  -3.5347654e-02   1.6252661e-01  -1.7714515e-01   4.8788188e-02  -3.2184978e-01   3.1208279e-02  -1.0449631e-02   8.5088601e-02   8.9961833e-02   2.5907897e-01
  -1.5235680e-01  -1.9981817e-02   1.5151753e-01  -1.9656171e-01   2.0637742e-01   9.8198551e-02  -1.1060216e-01  -1.1445894e-01  -1.3432968e-01  -8.7459639e-02  -1.4712067e-01   7.8477779e-02   2.7313625e-01  -6.0704158e-02   2.5138569e-01  -2.0922185e-01  -1.1822862e-01   1.1500163e-01  -2.7607747e-02   3.0572156e-02   2.3241496e-01  -2.8005521e-01  -8.3283365e-02  -1.8714061e-01  -4.2734656e-02  -2.1289688e-01  -4.1458650e-02   1.0649848e-01   5.5068642e-03   1.3215551e-02   1.0782272e-01  -2.6974749e-01  -1.2686002e-02   8.8275852e-02  -7.9075719e-02  -1.1004209e-01   8.7114480e-02   6.2895569e-02  -1.6046352e-01  -1.6035751e-01   7.4639332e-02  -2.1142499e-01  -1.1532567e-01  -2.5135840e-02  -8.9246734e-02   3.3733548e-02   1.6219738e-01  -2.1961555e-01  -1.1485162e-01
  -1.5170475e-01  -2.5877263e-02  -8.5226084e-02  -1.5810069e-01  -4.5187054e-02   1.1838243e-01  -1.8107303e-01  -1.7434413e-01  -8.8771206e-02   1.6183774e-01  -7.8116111e-02   5.2209933e-02  -1.2558171e-01   5.3108343e-03  -2.7555031e-01   5.5410603e-02   9.2921645e-02   1.0538407e-01   2.5588169e-01  -9.5831660e-02  -1.1404419e-01   2.7376391e-01   1.0551505e-01   8.0459537e-02   2.0150145e-01   2.5744537e-02  -2.8556645e-01   5.4321880e-03   2.5952937e-01  -2.3050171e-02   6.9490684e-02  -7.3507443e-02  -1.2210463e-01  -1.2000816e-01  -4.0170293e-02   5.7887592e-02   1.3088394e-01  -1.1559629e-01  -7.6243081e-02  -7.1943406e-03   6.8084738e-02   4.2879321e-02  -2.0766846e-01   1.8974781e-01  -1.0018895e-02  -1.4477571e-01   2.6228958e-01  -2.1239084e-01  -1.8706599e-01
  -1.3119205e-01   4.7425043e-02  -1.3578923e-02  -1.5976400e-01  -2.1178003e-01  -1.5631235e-01  -2.3236383e-01   1.4693123e-01  -6.1083106e-02   4.6489887e-03   1.7118500e-01  -1.6665554e-01   3.4052592e-02   5.4234686e-02   1.1688602e-01   1.9600500e-01  -2.6869176e-01  -9.0049012e-03  -4.1043796e-02  -1.0463680e-01   2.2772518e-01   6.8558915e-02   1.0250678e-01   8.5484875e-02   6.2417163e-02   8.7589833e-02  -2.1295973e-01  -1.4386432e-01   2.5952425e-02   1.1497623e-01  -4.2059122e-02  -6.9979017e-02   1.1108386e-01   1.3149436e-01  -1.3322535e-01   3.5779390e-01  -1.3455315e-01   3.0912604e-02   1.9090295e-02  -6.9494377e-02  -3.4007915e-02  -2.5140065e-01  -2.2618796e-01   6.5547079e-02  -1.8128638e-01   1.6866902e-01  -1.0364649e-01   2.0890486e-01   1.8115838e-02
  -1.3856528e-01   1.8600664e-01  -6.4074719e-02   2.0055411e-02   2.7039864e-01   2.1776205e-01  -2.5596126e-01   6.8979259e-02   6.6459594e-02   1.8394402e-01  -2.5974413e-01  -1.3556852e-01  -1.4590004e-01  -7.8694010e-02  -1.9971637e-02  -7.5689315e-02   1.2380883e-03   9.4996081e-02   1.1332316e-01   8.2945048e-02  -1.0708129e-01  -3.6421695e-02  -1.7563405e-01   1.1766013e-01   2.1096771e-03  -4.4829273e-02  -3.6458185e-02   9.3394269e-03  -4.7515495e-02  -1.3428012e-01  -2.0777434e-01   3.8824648e-02   2.3355645e-02   1.6475441e-01   3.1151702e-02   5.1917301e-02  -2.5243944e-01   3.2891423e-01   1.4992450e-01  -3.9820547e-02  -2.7613998e-01   1.1262483e-01  -1.3141686e-01   4.0489102e-02   4.4190650e-02   1.7944374e-01   9.7118381e-04  -1.0783335e-01   2.3998162e-01
  -1.3780480e-01   1.6604240e-02  -1.4200117e-01   1.7015600e-01   1.8483267e-01  -6.8106863e-02   1.2447728e-01   6.0726076e-02   1.2976073e-01  -4.3400015e-02  -1.8107361e-01   1.2014975e-01  -1.5195724e-01   2.3614991e-02   1.3508306e-01  -1.8504576e-01  -3.0471139e-01  -1.6513622e-01  -8.4138173e-02  -5.0319659e-02  -7.8291896e-02  -7.0395800e-02   1.1779723e-01   2.9621095e-01   1.5087182e-02   1.2579707e-02   7.7425091e-02  -1.5939710e-02   2.6157789e-01   6.7175566e-02   2.5217702e-02   3.2478042e-02  -3.2146026e-01  -3.5221135e-02  -4.9168786e-02  -2.4684821e-02   4.2758606e-02  -2.5513154e-01  -8.6620964e-02  -1.9395213e-01  -2.3934624e-02   1.6372726e-02   3.1918274e-02   1.8600005e-01   1.6328889e-02   3.6597123e-01  -1.6137168e-02   8.0315230e-02  -1.0412905e-01
  -1.3317830e-01   1.7933260e-01  -3.7209733e-02  -8.4154412e-02   2.1091416e-01  -1.1522983e-01   6.9618482e-02   9.5773263e-02  -8.2263266e-02   1.1378147e-01   3.0079478e-01   4.8787754e-03   1.8102364e-01   1.6955666e-01   1.2894615e-01  -1.8321261e-02  -4.8667174e-02  -1.2054484e-01   1.3658594e-02   2.3921475e-01  -1.0233086e-01   3.2539602e-01  -6.9353972e-02   1.7409029e-01  -1.4216215e-01   1.7516554e-01  -1.1421054e-01   4.8542017e-01   3.5894615e-02   5.1482478e-02   5.5143906e-02  -4.1243099e-02   1.9947907e-01  -1.3468029e-01   3.0803028e-02  -5.4095864e-02  -5.5678354e-03  -2.1672621e-03   7.3761434e-02  -2.5619829e-02  -8.5590941e-02  -1.0215179e-01   1.4761534e-01  -1.5731597e-02   3.2903671e-02   6.0517060e-02   2.5925704e-02  -1.8203769e-01  -2.8884102e-02
  -1.5134127e-01  -1.5432299e-01  -1.7643499e-02  -1.7557319e-01   1.9209758e-01   7.6643268e-02   3.7012116e-02  -2.9034135e-01  -1.0963850e-01  -2.0012748e-01  -2.7194043e-02   6.8714742e-02  -9.6752403e-02   7.0338227e-02  -2.6702642e-01  -2.2108730e-01  -1.2261012e-01  -2.1382128e-01  -2.0356787e-01  -1.8900178e-01  -8.3335568e-02   5.0807165e-02   6.2191889e-02   7.1565037e-02  -1.0478079e-01  -9.5742659e-02  -9.3768964e-02  -6.5789285e-02  -4.3219640e-02  -8.4939025e-02  -2.8542551e-02  -1.6764503e-02   4.5426544e-01  -7.4124730e-02  -1.5228338e-01   1.0240612e-01   2.6110147e-02   1.0760554e-04   8.1748564e-02  -6.2189547e-02   1.0027459e-01   2.2598586e-01   8.2291786e-02  -9.8496627e-02  -1.8847551e-01   4.6274738e-02  -4.8893189e-02   8.1859294e-02   1.4382509e-01
  -1.4048967e-01  -2.5860703e-04  -6.8204327e-02   7.4461637e-02  -2.7700788e-01   1.8828189e-01  -1.1533805e-01  -8.6930997e-02  -9.3337769e-02   2.7761740e-01  -4.3027650e-02  -1.1905794e-02   8.5334246e-02   8.0484783e-02  -1.8139496e-01  -1.0560905e-01  -9.8155632e-02  -2.7054687e-02  -9.4015683e-02   2.5088227e-01   1.7774095e-01   6.6167193e-02   2.0288668e-01   1.7836704e-01   7.3205265e-02  -1.1072161e-01   2.4225869e-01   4.0064273e-02   9.1402369e-02   8.3812995e-02  -8.1851198e-02   1.5841117e-01   1.3918161e-01   7.5239738e-02  -1.0981429e-01  -4.3816495e-01   4.4151923e-03   1.1551739e-01  -2.3383385e-01   1.3301225e-01  -5.9697246e-02  -1.0399651e-01   1.6143232e-02  -1.9804900e-02  -1.4232383e-01  -1.4185670e-02  -5.1161148e-02   1.4852060e-01  -1.6408261e-02
  -1.2720990e-01  -1.6729224e-01   2.4109962e-02   9.0820843e-02   2.4527966e-01  -1.6015734e-01   4.2052415e-02  -2.1487298e-01   2.3475887e-02   2.4459998e-01   2.1747342e-01   2.5880002e-03   1.0444541e-01   1.1452311e-01   3.9046336e-03   1.4280480e-01   1.1545740e-01  -1.8610925e-01   4.6380432e-02  -3.2396671e-01  -2.2634985e-01  -8.0766906e-02  -2.4240477e-02  -6.4220582e-02  -5.0478277e-02  -1.7363544e-01  -1.1156691e-02  -1.1625974e-01   1.5782369e-01  -1.2549547e-03   2.2489094e-02  -2.9691628e-02  -2.1354928e-02   6.6826674e-02   3.3293877e-02  -1.3061929e-01  -1.6872305e-01   5.9906508e-02  -1.5360674e-01  -5.2007902e-02  -3.3814830e-01  -1.6233291e-01  -1.6996870e-01  -1.8618810e-01   1.2679832e-01  -1.0807252e-01  -1.4676113e-01   1.2342883e-01  -1.4397077e-01
  -1.5620263e-01  -1.5537911e-01   1.4775474e-01  -1.2563263e-02  -9.3979628e-02  -1.2917238e-01   1.6263931e-01   4.7247855e-02   9.5827421e-03  -2.1929876e-02  -8.1385242e-02  -3.9762002e-02   9.7726581e-02  -1.2039402e-01  -3.2434140e-02  -7.6707564e-02   1.8172568e-01  -5.2449472e-02  -2.8862284e-01   7.3066032e-02   6.7270190e-02   1.3433066e-01  -1.2405868e-01  -2.3427152e-01   1.6772972e-01  -4.6179801e-02  -8.7862607e-02  -2.4562946e-02   2.3769207e-01  -2.0481475e-01  -2.2295063e-01   1.6060932e-01  -1.0440821e-01  -2.2458640e-01  -2.6230835e-01   1.1942243e-02  -2.4385984e-01  -8.7845595e-02   6.2196548e-02  -3.7895849e-02  -1.4915303e-01  -2.4035110e-01   1.4256433e-01   1.5994215e-01  -1.0620987e-02  -8.7827938e-03   1.3873375e-01  -7.3475798e-02   2.2841979e-01
  -1.3085815e-01  -1.5345345e-01  -5.3995013e-02  -3.2917644e-01   5.8609599e-02   5.1098144e-02   8.7929112e-02  -8.0500720e-02   1.1816803e-01   2.6544459e-01   4.3757980e-02  -8.1616930e-02   1.9894134e-01   5.5660345e-02   9.2485287e-02  -5.4856304e-02   1.3789619e-01   8.1746627e-03  -1.8478903e-02   4.7148313e-02   2.1224758e-01   1.7796003e-02  -4.5593190e-02   3.3463613e-01  -1.1019399e-01  -3.9541480e-02   5.5971558e-02  -2.2356484e-01  -1.8191223e-01  -6.0061456e-02  -1.0125258e-01  -4.1930523e-02  -2.4367505e-01  -3.0250695e-01   1.0270154e-01   1.1349062e-01  -2.1206002e-01   9.1944377e-02  -4.9772024e-02   1.4648145e-02   3.1405537e-01   1.2265537e-01   6.7143043e-02   1.9618355e-02   1.0902843e-01  -1.6776212e-02  -1.2708461e-01   1.7367074e-02  -7.9601561e-02
  -1.3989300e-01   3.2624671e-01  -9.2043231e-03   6.9070975e-02   4.9564190e-02  -1.6972674e-01  -4.0500461e-02  -1.1432082e-02   2.4440154e-01  -9.7839482e-02   3.2292166e-01  -3.6977557e-02  -1.4389137e-01   5.9755210e-02  -8.0892071e-03  -1.1558328e-01   1.3461121e-01   1.0016987e-01  -1.3239440e-01  -8.7359907e-02   2.5262640e-01  -1.0190713e-02   1.6857613e-01  -1.4222557e-02   1.0695677e-01  -9.8623729e-02  -5.1932576e-02   8.4662882e-02   5.6201257e-03  -2.8487909e-01  -1.8756963e-01   8.7632463e-02  -7.4586755e-02   7.5156544e-02  -9.6613775e-02   6.3711338e-02   2.1073415e-01   2.3611496e-01  -1.7088677e-01  -1.0748185e-01   5.7288752e-03   1.8449743e-01   7.7269018e-02  -1.6068274e-01   1.0201098e-01  -1.5322784e-02   2.1600026e-01   7.9919934e-02  -1.6567506e-01
  -1.4443491e-01   7.0089913e-02   2.6215039e-01   5.1756933e-02  -5.4347070e-02   8.1346870e-02  -4.0593725e-02   4.7101338e-02   1.3982489e-01   1.2811580e-01  -2.4010708e-02  -1.1851948e-01   1.5622322e-01  -3.1320258e-01  -1.8409691e-01   1.0667437e-01  -4.4131482e-02   1.0861507e-01  -2.5943152e-01  -1.5975248e-01   3.1823126e-02  -9.7000031e-04   1.9450204e-01   4.8497856e-03  -1.5573776e-01   1.0567905e-01   1.7847407e-01  -1.3326733e-02   1.4388286e-01   4.0006023e-02   3.6175416e-01  -1.1275071e-01  -2.8312629e-02  -1.7802425e-01   9.1903963e-02   1.5519204e-01   2.1156693e-02   7.6878211e-02   7.8486845e-02   1.4285458e-01  -2.4099260e-01   1.5282867e-01   1.2335408e-01  -1.3756985e-01  -1.2107883e-01   1.5685385e-01   3.0299095e-02  -1.6943756e-01  -9.9179677e-02
  -1.4540969e-01  -1.2172985e-01  -8.2139568e-02   4.7367269e-02  -7.2482497e-02  -3.8624481e-02   1.0405770e-01  -1.7254290e-01  -2.1710187e-01  -2.0441593e-01  -8.2923168e-02  -3.7078364e-01  -2.4864581e-02   1.4623224e-01   1.5209820e-01  -1.7777547e-02   2.3642732e-02   2.3929779e-01  -5.7252577e-02   4.6590844e-02   3.7637906e-02   2.4922798e-02   1.1326187e-01   3.0623338e-02  -2.5349794e-01   3.1681038e-02  -2.7266920e-01  -1.2204328e-01   1.1573896e-01   2.7445254e-01  -1.8299512e-01   1.3884226e-01  -1.5172681e-01   6.5767742e-02   2.8924546e-01  -1.0627533e-01   6.6188292e-02   1.0287399e-02   7.3558571e-02  -7.7947056e-02  -1.8577987e-01   1.1167076e-01   1.4129878e-01  -1.3990119e-01  -9.9545504e-02  -7.8225190e-02   8.3864953e-02  -7.5116689e-02   2.0107575e-02
  -1.3402727e-01  -1.9558882e-01  -1.1688965e-01   4.9394538e-02   1.1903032e-01  -1.9606469e-01  -2.2418219e-01  -6.7810413e-02   3.2411033e-01  -7.5755920e-04   2.4645774e-02   5.2425413e-02   1.7077011e-01  -4.4403209e-03   3.3882820e-02   2.7172235e-01   7.4247065e-02   6.9381391e-02  -1.6539377e-01   1.5513683e-01   1.4046560e-02  -4.0747873e-02   6.7053816e-02   9.6520686e-02   7.5334802e-02   6.9718659e-04  -1.3252235e-01  -1.7848857e-02  -2.0131836e-01  -7.1784224e-02   2.8416790e-02  -1.4082398e-01  -6.9509545e-02   2.1105526e-01  -2.0927550e-01  -2.7008280e-01   1.4375445e-01  -2.1529839e-01   2.6571818e-01   2.3510543e-02  -6.2842046e-02   2.0683557e-01   5.5070973e-03   1.3673613e-01  -1.7415906e-01  -9.7531715e-02  -1.2719297e-01  -9.7890881e-02   7.0663104e-02
  -1.5842312e-01  -1.9906260e-01  -3.7351677e-02   1.8488305e-01   8.1604013e-03  -2.7394697e-01  -6.0970231e-02   1.9481258e-01  -1.4785111e-01  -1.0888678e-01   5.0502007e-02   2.0807111e-01   4.2056178e-02  -1.3982270e-01  -2.0516687e-01  -1.2031433e-01  -1.7439060e-01   1.0723289e-01   2.7268947e-02  -3.9660558e-02  -1.0262643e-01  -1.9776163e-01  -3.9720433e-03   1.7196458e-01  -4.9113417e-02   3.6911736e-01  -7.5831181e-02  -1.8277421e-01  -6.2273016e-02  -1.1315161e-01  -1.0708496e-01   6.8546525e-02   2.8905094e-02  -7.7881491e-02  -3.4872482e-03  -1.6989803e-01  -2.0769593e-02   3.1059535e-01   1.0853041e-01   8.5783663e-02   1.5406765e-01  -1.9695876e-01  -5.2683714e-02  -8.6547266e-02   8.3333138e-02  -5.2889916e-02   7.1612501e-02  -1.7008520e-01  -1.5144563e-01
  -1.3604495e-01  -3.1544894e-01  -6.2664912e-02   4.5287730e-02  -3.9789205e-02  -8.3518922e-02   9.5839564e-02   2.3172140e-01   1.9283687e-01  -1.5523409e-01  -1.4202535e-01  -8.2414635e-02  -2.1181575e-01   1.1836681e-01   6.7640421e-03  -1.8124023e-01   1.8218118e-01   1.1202665e-01   6.3287198e-02   1.0124100e-01   1.4745037e-02   2.2197398e-01  -3.8905007e-02   3.5904446e-02  -2.4904979e-02  -2.5252331e-01   3.8834455e-02   5.3259960e-02  -9.1784827e-02   1.4746317e-01   1.9281634e-01  -1.5699284e-01   1.2880880e-01   1.4089117e-01  -1.5744700e-01   6.7838471e-02  -2.1467817e-01   2.0320857e-02   5.7656482e-02   2.4914609e-01  -3.2569330e-02  -5.1211777e-02  -3.7382440e-02  -1.4772979e-01   7.7172204e-02   1.1044641e-01   1.5689497e-01   4.6725858e-02  -3.1928815e-01
  -1.4759602e-01  -3.2858831e-02   8.8375418e-02   5.4530983e-02   1.4173136e-01  -5.8928725e-02   5.8878918e-02   1.8707073e-01  -1.3955837e-01  -3.5187658e-02  -1.6214929e-01   4.4323356e-02  -6.7048825e-02   1.3762409e-01  -7.3349452e-02  -2.5882856e-02   3.8122087e-01  -3.7616337e-01  -1.3277421e-01   2.4847141e-02   1.8747324e-01  -5.4387040e-02   2.0874625e-01  -7.2629406e-02   2.5960788e-01   2.1201382e-01  -8.5356192e-02   1.0073206e-01  -6.5475602e-02   3.8137288e-02   3.1045135e-02  -1.1596678e-01  -5.7627085e-02   9.4961226e-02   3.7397456e-01   1.0420888e-02  -2.0115498e-02   8.0873793e-02  -1.3957175e-01   9.0708153e-02   5.5400297e-02   4.7048911e-02  -1.6727426e-01   3.3109201e-02  -1.8512474e-01   6.2135271e-02  -1.2525403e-01  -5.9433256e-02   7.2390926e-02
  -1.3647005e-01   1.4950266e-01   1.1183504e-01  -1.1967178e-01  -1.4668206e-02   2.5521867e-02   9.7818011e-02   1.2825570e-01   1.5416684e-02   6.8104642e-04   1.1290416e-01  -1.9350265e-01   1.2850587e-01   1.1214983e-01  -1.2769129e-01  -3.4786576e-01  -1.8607806e-01  -1.2539039e-01   7.0774633e-02  -1.2818408e-01   1.5409148e-02   8.7605711e-02  -3.2623076e-01  -1.2068419e-01   2.0061306e-02   1.5719985e-01   2.9100686e-02  -8.9708966e-02   1.3715756e-01   4.3189994e-02  -1.5476874e-02  -2.2645253e-01  -2.6421284e-01   1.6574940e-01  -7.7275208e-02  -1.5227039e-01   1.4484085e-01  -1.9562492e-02   1.7979663e-01   3.0028117e-01  -6.1274791e-03   1.7285363e-01  -8.7999586e-02   2.5913314e-02  -1.4624978e-02  -1.6534770e-01  -3.2740863e-02   1.9888385e-01   6.9066832e-02
  -1.4414265e-01   1.8783599e-01   1.1552176e-01   1.5339479e-01  -8.7497368e-02   2.8732539e-02   2.4697241e-01   2.6672049e-01   8.2298706e-02   1.2130209e-01  -1.3273534e-01   6.3738996e-02  -1.8975435e-02   2.7025271e-01   2.0445299e-01   6.1589357e-02  -1.2375047e-01   6.4345559e-02  -6.3663728e-02  -6.8049539e-03  -1.5330612e-01  -6.7214473e-02   1.2316144e-01  -1.3254963e-02  -1.4428007e-01  -1.2639909e-01  -1.5943877e-01  -1.1338766e-01   2.0989401e-02  -1.1730038e-01   2.6671441e-01   4.6329589e-02   1.2827775e-01  -1.0648125e-01  -5.6550394e-02  -5.8292709e-02  -1.5214716e-01   1.5650876e-01  -3.1368228e-02  -1.1703023e-01   1.2095765e-01   1.5836565e-01  -1.3225822e-01   1.8460170e-01  -1.5779587e-01  -3.8539241e-01   8.1039682e-02   2.3904283e-02   7.9102088e-02
  -1.5271312e-01   1.3330903e-01  -2.6323932e-03   1.8414582e-01   1.7704096e-01   1.0502415e-01   1.1338951e-01   3.9915705e-02  -5.7475718e-02  -1.2079139e-01   1.4999352e-01  -2.1079366e-01  -1.0996021e-01  -3.0298716e-01  -3.6143164e-03   1.1300560e-01  -1.9751968e-01  -1.0668588e-01  -2.0378994e-02   2.1802807e-01   6.7707814e-02   3.0460523e-02  -2.2283660e-02  -3.3799368e-02   3.2371933e-01  -1.9535182e-01  -1.1232146e-01  -1.5996366e-01  -1.7230806e-01   2.5459821e-01  -1.1326000e-02  -4.4582220e-02   5.9481569e-02  -3.5876078e-01  -4.3411928e-02  -1.1587482e-01   9.9015557e-03  -8.8002370e-02  -1.7018896e-02   7.7390326e-03   1.1155841e-02   7.0561487e-02  -2.2108084e-01  -1.6145350e-01   1.7131822e-01  -8.1502399e-02  -8.2238658e-02  -6.9271029e-02  -5.1615166e-03
  -1.4327374e-01   4.7306683e-02   1.8641976e-01  -2.0100638e-01   1.3968044e-01   2.2345109e-01  -4.6229220e-02   9.5434489e-02   1.1926522e-01  -2.0783796e-01   1.2331270e-01   1.8077931e-01  -1.0926006e-01   8.8318390e-02  -1.5997466e-02   8.2749757e-02   1.1553023e-01   6.8700972e-02   2.7413399e-02   5.7697340e-02  -6.7218681e-02  -8.7222575e-02   1.6495571e-01   1.3334164e-01  -1.8252462e-01   6.4469362e-02   1.7001778e-01  -1.0112185e-01  -1.5841797e-01   2.3873315e-02  -1.6631215e-01  -6.4994811e-02  -1.4436352e-02  -1.9351004e-01   1.2185250e-01  -6.3430374e-02   9.3054547e-02  -1.9528475e-01   4.9911995e-02   1.1155548e-01  -2.4095168e-01  -2.7107776e-01  -1.3662412e-01   6.5326113e-02  -4.1951169e-02  -7.2555948e-02   3.2678428e-01   2.6762217e-01   1.3289325e-01
  -1.4508325e-01  -6.2788448e-02  -3.2262392e-02   2.1433493e-01   1.1158729e-02   2.2066388e-02  -1.1916835e-01   9.1366062e-02   7.8456962e-02   2.5446257e-01   1.4449038e-01   2.6383887e-02  -1.1018290e-01  -3.2861748e-01   9.2313712e-02  -4.0419422e-01   6.2287736e-02   1.3983293e-01   1.9257625e-01  -9.1775556e-02  -1.2992388e-03   4.8557286e-02  -5.3974960e-03  -4.7954887e-02  -3.8642219e-02  -6.7902215e-02  -2.2140008e-01   3.5406638e-02  -1.5057759e-01  -8.8323224e-02   6.1183414e-02   1.9998468e-02   3.2157695e-02  -2.8385840e-02   2.0903993e-01   4.9343564e-02   3.6618370e-02  -2.5539029e-01  -7.1245690e-02  -2.5798515e-02   3.6373087e-02  -1.6695377e-01   1.9814815e-01  -5.1340101e-02  -3.0575422e-01  -1.0812131e-01  -1.5446486e-01   1.5867171e-01   1.0076648e-01
  -1.2931920e-01   5.6173287e-02   1.4320413e-01  -1.7399494e-01  -5.8332384e-02  -1.8133168e-01   3.1312372e-02   6.0865259e-02  -2.2815680e-04   8.2088290e-02  -2.2692502e-02   2.8260645e-02  -1.3315536e-01   1.8540981e-01  -3.3238213e-01   2.7945424e-02  -6.0717478e-02  -2.0293255e-02   5.3019736e-02   1.2725539e-01  -5.4470605e-02  -1.5511378e-01  -2.8691653e-01   6.4319839e-02   1.8237762e-01  -8.9253403e-02   1.8672954e-01   8.5512798e-03  -2.1394803e-01   1.8422228e-01   8.8736028e-02   1.8272218e-01  -1.6275541e-01   3.0650710e-02   1.3854417e-02   1.4178219e-01   3.8737945e-02  -3.5503742e-02   5.7367323e-02  -3.7916013e-01  -1.2335280e-01  -5.9387394e-02   1.5003172e-01  -1.5612285e-01  -2.7756971e-01  -1.3784577e-01   6.7085642e-03  -1.0935590e-01  -1.0957817e-01
  -1.3575755e-01  -1.0645195e-01  -6.0357523e-02   2.5239703e-01  -1.2892614e-01   1.3949746e-02   1.1236938e-01  -1.9247993e-01  -1.1660931e-01  -2.6646685e-02   2.1322103e-01   9.3776585e-02  -3.7248079e-02   1.4458768e-01   1.1896596e-01   3.5279619e-02   6.2221161e-03   2.5249552e-01   1.1645322e-01  -1.5764878e-01   1.5714094e-01   7.7209848e-02  -2.3618202e-01  -2.5775771e-03   1.6967551e-01   2.5503676e-01   2.7080188e-01  -2.0554481e-02  -1.1587000e-01  -5.1876726e-02   6.3929099e-02  -2.0298365e-01   8.1682479e-02  -8.2798498e-02   1.1183648e-02  -8.2108905e-02  -2.1712518e-01  -7.8640150e-02  -1.3875299e-01  -1.3925147e-01  -8.5418771e-02   2.4042400e-01  -9.4355594e-02   3.6136488e-02  -1.2950511e-01   1.9475337e-01   1.8376575e-01  -5.8881489e-02   1.8134174e-01
  -1.2693209e-01   2.8685828e-02  -1.8466797e-02  -1.1628640e-01  -1.2217880e-01   1.6437191e-01   2.3943158e-01  -1.3252335e-01   1.8606603e-01   1.6049272e-02  -7.9652749e-02  -2.0353789e-02   9.2955016e-02  -1.8183313e-01   2.6491984e-01  -3.9914074e-02   5.5345812e-02  -1.8313502e-01   9.9823719e-02   8.5203528e-02  -3.0344482e-01   2.6955075e-01   1.5100454e-01  -1.2990741e-01   1.5261753e-01   2.7649374e-01   8.2294150e-02  -2.7515468e-01  -1.7172747e-01  -1.8855884e-02  -4.2790194e-02  -5.0162275e-02   4.5975957e-02   1.8594706e-01  -7.2329938e-02  -1.4420202e-02   1.6453804e-01   2.1045219e-01   1.7502427e-02  -2.2680911e-01  -1.5052369e-02  -1.1545153e-01   6.4529037e-02  -8.5926544e-02  -8.9612684e-02   7.0433575e-02   4.7277575e-02  -1.6861341e-02  -1.2937303e-01
  -1.6213784e-01  -1.2994786e-02   6.0479544e-03   1.3301766e-01  -1.1126675e-01   6.8405580e-02  -3.0589877e-01   8.4607100e-02  -3.8611211e-02  -6.7652900e-02  -2.0081137e-02  -1.1736541e-01   2.2128004e-01   1.7285836e-01  -4.2775797e-02   4.7985069e-02  -1.7018760e-02  -3.0552169e-01   1.9367008e-01  -1.5203717e-01  -2.7088680e-02   7.2907412e-02   8.9352473e-03  -2.7541129e-01  -1.8662817e-01  -1.0618227e-01  -6.4940924e-02  -4.0735537e-03  -3.2590688e-01  -7.5860092e-02   1.0211387e-01   3.3227905e-01  -1.4682680e-01  -1.6277639e-01  -2.5854459e-02  -1.2770172e-01   1.0064684e-02  -5.4449948e-02   4.0875593e-02  -1.7906293e-02   8.1266591e-02   7.6617356e-02   5.2227834e-03   2.6144481e-02   4.1268305e-02   3.1209856e-01   1.7451287e-01   4.3096163e-03  -5.0594153e-02
  -1.4603084e-01   1.2975830e-01  -7.0541332e-02   5.7637385e-02  -3.4887821e-02   2.7427432e-02  -1.7304625e-01  -1.2640793e-01  -1.8261418e-01   5.0606723e-02   1.9006776e-02  -1.4912615e-01  -1.9458189e-03   5.5348863e-02   1.4132852e-01  -6.6966863e-02   2.1624486e-01  -8.8385413e-02   1.1676928e-01   2.7867402e-01  -9.1404972e-02  -4.3235646e-01   8.6172661e-02  -6.4469312e-02   1.0134630e-01   1.8824490e-01   8.5990160e-02  -3.3801977e-02   2.3036351e-01  -1.1114303e-01   8.3898280e-02  -4.7534845e-02   1.2062033e-01  -8.7622081e-02  -1.2565259e-01   1.1435895e-01  -1.7400824e-01  -1.9553141e-01   2.8922868e-01   3.5303163e-03   7.3371813e-02   9.3164012e-02   1.0305419e-01  -1.1092997e-01   1.8357981e-02  -3.9366024e-02   5.7201286e-02   2.0441051e-01  -2.2519002e-01
  -1.4636025e-01   4.6283191e-02   1.2511124e-01  -4.3487557e-03  -8.4671201e-02   1.1074125e-02  -1.6841455e-01  -5.4545537e-02   7.9675426e-02   2.2738713e-01   1.9411679e-03  -1.6135187e-02  -3.6845134e-01   1.4737134e-01   3.0275287e-01   6.6418388e-02  -7.8334545e-02  -1.2390002e-01  -1.8906558e-01  -2.4328454e-01  -8.6163491e-02  -1.0206098e-01  -1.1007831e-01  -7.0365082e-02   2.8986445e-02   2.6462784e-02   9.4156535e-02  -4.5039044e-02  -5.2641551e-02   1.7751545e-01  -2.5745640e-01  -6.4129909e-03   1.2671979e-01  -4.4569275e-03  -1.7197177e-02  -6.2653485e-03   6.3799780e-02  -9.7503531e-02  -2.9187953e-02   3.2384519e-01   1.4581765e-01  -6.8655919e-02   1.9466180e-01   3.8640055e-02   2.1632833e-02  -3.7915191e-02   3.7182643e-02  -3.7092008e-01  -6.2844554e-02
  -1.4300009e-01   9.7684251e-02   1.2534290e-01  -5.2757477e-02   4.1620191e-02  -1.1731438e-01  -8.5067888e-02  -2.6193044e-01   3.1374114e-01  -2.9544314e-01  -4.8447102e-02  -7.9132581e-02  -9.9191537e-03   1.6415472e-01  -2.8708698e-02   1.5700261e-03  -1.9708897e-01   1.2190768e-01   1.7228262e-01   1.6503471e-01  -7.0854475e-02   1.1012694e-01   8.9926993e-02  -8.5568841e-02   5.8096624e-02   4.5491642e-02   1.2659280e-01  -6.3292865e-03   1.5641837e-01  -2.3044336e-01   1.2252172e-01   1.5152411e-01  -4.2753273e-02   1.6695885e-02   1.9139273e-01   1.0143347e-02  -1.9006619e-01  -9.7830208e-02  -1.1628299e-01   1.7663576e-01   1.9709584e-01  -1.6986323e-01  -9.2153856e-02  -1.9706961e-01  -2.9964458e-02  -1.3578483e-02  -2.4253859e-01  -1.6197648e-01   1.6525856e-01
  -1.4763239e-01   2.3197895e-01   4.1001048e-02   8.0332748e-02  -1.0713911e-01  -1.3752727e-01  -6.7665176e-02  -7.2827414e-02  -1.0178081e-02   1.0749461e-01  -1.7262222e-01   5.2679733e-02   1.0590341e-01  -6.0671256e-02  -1.9968916e-01   1.1096093e-01   1.9476665e-04   8.6560996e-02  -2.6626405e-01  -1.3605243e-02  -2.1136020e-01   9.3600263e-02  -4.7688957e-02  -9.5949870e-03  -8.3173083e-03  -5.4785352e-02  -8.8066366e-02   3.4636520e-02  -8.0700456e-02   1.2641709e-01  -6.3822399e-02  -2.9437078e-01  -4.7872046e-03   1.7920849e-01   2.0720798e-01  -7.9414841e-02  -1.7224297e-01  -1.4103663e-01  -2.0484612e-02  -1.5382368e-01   3.2871695e-01  -6.8966567e-02   9.9712519e-02  -1.5111696e-01   2.6500553e-01   7.2399342e-02   2.2710971e-01   2.4496199e-01   1.3181897e-01
  -1.4985413e-01   1.1266879e-01  -1.0079186e-01  -1.8391592e-02  -2.3064687e-02  -2.5868908e-01  -5.0170537e-03  -6.6357708e-02  -3.7633071e-01  -5.6003459e-02  -4.9201822e-02  -1.4166594e-02   7.7033661e-04  -4.7956371e-02   8.7647016e-02   3.9845395e-03   1.0079716e-01   6.6189307e-02   4.2558805e-02   6.7108749e-02  -3.0417280e-01  -2.2536647e-02   1.1511063e-01   8.8013484e-02  -3.1208529e-02  -1.2544495e-01   1.0151153e-01   8.5807916e-03  -2.0496745e-01  -2.1370898e-02   1.1677003e-01  -1.0708736e-01  -2.5304878e-01  -3.9303314e-02  -3.0086564e-01   2.0364175e-01   1.4379070e-01   1.0895451e-01  -2.8716913e-01   2.9271292e-01  -7.9842843e-02   9.9308428e-03   8.9618583e-02   8.1605975e-03  -1.7442271e-02   5.2935814e-03  -7.0953117e-02   1.4214332e-02   2.7775248e-01
  -1.4319409e-01   3.2234337e-02  -2.5415012e-01   3.7271524e-02  -1.1652230e-01   1.2141774e-01  -9.8704151e-02   3.0757307e-02   1.9484434e-01  -1.4257525e-01  -1.6500674e-01   1.0836231e-01   2.1624828e-01  -1.3795035e-01   7.3303980e-02  -3.2603705e-02   1.1445182e-01  -1.1964714e-01  -1.4378587e-01  -5.2526341e-02   7.3935393e-03  -5.4372974e-02  -2.7385748e-01   1.1763212e-01  -1.2997279e-01   2.4269326e-01  -2.0180339e-02   1.4013432e-01   2.6616498e-02   1.6838985e-01  -2.1903751e-02   2.4666851e-01   5.7874189e-02   2.9843630e-02  -1.0457323e-01   2.1339293e-01  -4.2650768e-03  -1.5350587e-01  -3.0903100e-01   1.8714015e-02  -6.9905103e-02   1.0241095e-01  -2.2985729e-01  -2.1588635e-01   4.4981178e-02  -2.7604779e-01   3.9051189e-02  -9.8857558e-03   1.5648702e-02
  -1.4989287e-01   7.4699915e-02  -1.8988069e-03   1.6824183e-01  -1.9832243e-01   3.0991764e-01   2.7673847e-01  -1.6638437e-02   3.4038792e-03  -4.9321082e-02   2.5330988e-01  -5.6944586e-02  -9.4253197e-03   3.8787661e-02  -2.1255173e-01   6.0681803e-02   1.9511593e-01   9.5170966e-02  -1.0146540e-01   7.7419329e-02  -1.8313063e-01  -1.7755120e-01  -1.0809247e-01   1.4896028e-02  -2.3766520e-01  -1.1021887e-01  -8.4914753e-02   9.3421181e-02   9.7625182e-03  -8.8140316e-02  -1.6539070e-01  -7.3913395e-02  -8.0080333e-02   1.1044943e-01  -8.7712097e-02   7.9185041e-02   7.3945194e-02  -6.3921102e-02   3.0915875e-02  -1.6257063e-02   1.7372862e-01  -1.3378923e-01  -2.3681574e-01   7.8444182e-02  -1.2470573e-01   2.5170684e-01  -2.6012358e-01  -1.8085100e-01  -1.1186416e-01
  -1.3867068e-01   1.3966594e-01  -3.9101882e-01  -2.8002620e-02   1.2218999e-01   1.6251884e-01   9.0121283e-02  -1.6058633e-01  -2.1498753e-02  -7.9104618e-02  -1.7302647e-02  -2.9052134e-02  -1.7900824e-01   7.3660067e-03  -1.5677550e-01   1.4638998e-01  -1.0370201e-01  -1.6859313e-02  -1.5999488e-01   2.3800268e-02   1.9917641e-01  -2.7212696e-02  -1.5009607e-01  -1.8129391e-01  -8.3668776e-02   1.5531214e-01  -8.9902817e-02  -8.1548648e-02  -1.6471737e-01  -1.2747841e-01   2.9118374e-01  -1.5505703e-02  -3.9414045e-02   7.4693810e-02   6.8681565e-02  -1.1919086e-02  -1.0422724e-01   5.8356559e-02  -9.0329488e-02   1.0619440e-01  -1.2480966e-01  -2.3746759e-01   2.8017325e-01   2.9579970e-01   9.4099967e-02  -1.0882527e-01  -3.4995955e-02   7.6313876e-02  -1.6636664e-01
  -1.3386900e-01   4.0030723e-02   1.8930130e-02   1.0418406e-01   3.6255408e-02  -2.7920111e-01  -1.9236387e-02  -7.3055524e-02   1.4795706e-01   5.8801399e-02  -1.7664146e-01  -2.5233642e-01   6.8002090e-02   7.8375594e-02  -7.7666023e-02  -1.1148066e-01   2.1176253e-01   1.3484733e-01   6.7306927e-02  -8.2515727e-03   5.8598138e-02  -2.8562889e-02  -1.2124768e-01  -3.1368297e-02  -6.3933414e-02   4.3715266e-02   1.6893777e-01  -9.7922037e-02   3.9601618e-02   1.4772885e-01   6.0748369e-02   2.6048773e-02   3.4763328e-01  -1.7461704e-01   5.0971027e-02   4.3190518e-02   4.1091328e-01   5.1091321e-02  -7.2561120e-03  -1.3307127e-01   2.4969016e-02  -1.2519611e-01  -1.1614034e-01   3.5362968e-01   2.1073931e-01   6.4473769e-02  -1.3289610e-01   6.5522066e-02   7.0728315e-02
  -1.5047393e-01  -1.3203089e-01  -1.9427511e-01  -2.6524974e-01  -1.5779217e-01  -7.6338577e-02   1.4112536e-01  -8.0057269e-02   3.3135107e-02   1.7855358e-01   2.7908427e-01   1.3338632e-01  -1.1145683e-01  -1.3518843e-01   6.5641786e-02  -1.3393434e-01  -3.7105495e-02  -3.6663987e-02  -9.4192822e-02   8.1271059e-02  -9.4236330e-03  -1.8292595e-01   8.8410037e-02  -9.9201257e-02   3.8337667e-02  -1.0112986e-01   1.1744397e-02   4.7562495e-02   3.3256642e-02   1.0417118e-01   2.8604427e-01   2.7458965e-01  -1.1348627e-02   1.7789085e-01   1.7764969e-01   1.4679998e-02   4.8285165e-02   4.2393374e-02   2.1352219e-01   5.5883305e-02   2.8006037e-02   4.8639987e-02  -2.2640066e-01   3.6234405e-02   2.1617621e-01   1.0942229e-01   1.9214059e-01  -7.2348158e-02   2.9583205e-01
  -1.4674163e-01  -1.9752736e-01   1.5835270e-01   3.0305356e-01   4.3796679e-02   2.4483735e-01  -7.9374927e-02   3.9307862e-02  -7.8580024e-03   2.7283478e-02   1.2111225e-01   2.8387624e-01   1.8199248e-01   2.2937566e-01  -6.6352395e-02  -2.3708328e-02  -1.1074987e-01  -3.4516755e-02   9.3919634e-02   2.3783286e-01   9.9184918e-02   4.7948523e-02   6.6423662e-02  -5.5146139e-02   3.8454223e-02  -5.4026969e-02  -4.5831389e-02  -2.0710951e-01   8.5013049e-02   9.5209690e-02  -3.4451879e-02  -6.3969061e-02  -5.5390480e-03   1.7464385e-01   1.9993305e-02   3.8997487e-01   1.2347556e-01   1.8214159e-02  -2.9390005e-02  -1.2607050e-02  -7.0951096e-02   4.8980281e-02   2.5032084e-01   3.0011955e-02   3.0648973e-01  -8.3161019e-02  -3.6240285e-02  -8.2868065e-02   1.3050025e-01
  -1.2874482e-01  -2.2830617e-01   1.2711713e-02  -1.0091089e-01  -2.6165938e-01   2.2258956e-02  -1.7245771e-01   1.1400199e-01  -1.7179216e-01  -1.1946320e-02  -9.2989859e-02   1.1432326e-02  -1.7567100e-01   2.8557357e-02   1.5247443e-01   2.1284247e-02  -1.5828647e-01  -6.2672838e-03  -2.4188960e-01   1.2328765e-01  -9.7330413e-02   1.3107324e-01  -1.3436252e-01  -5.1255876e-02  -1.4977624e-02  -4.9227407e-02   9.0999684e-02   1.0945703e-01  -2.1680041e-02  -4.3737385e-01  -1.3569547e-02  -1.4476696e-01  -2.1456068e-02  -1.2663101e-01   2.4072320e-01   5.4379583e-03   2.2692773e-01  -3.4273393e-02   7.8201216e-03  -1.4505840e-01  -1.7528351e-01   9.3483400e-02  -1.4663339e-01  -8.7738851e-02   1.9726592e-01  -6.8711228e-02  -2.0969951e-01   9.6229276e-02  -1.4040246e-01
  -1.5009657e-01   1.1972259e-01   1.1049347e-01   1.8727861e-01   5.2226831e-02  -9.5198311e-02  -1.0707911e-01  -2.0722441e-01  -1.9580973e-01  -1.4551578e-01   4.1280846e-02   1.8863051e-01  -6.3499516e-02  -2.5073699e-01   1.1132547e-01   1.5491140e-02   7.9071550e-02  -1.2015600e-01  -1.3123874e-02  -2.2692636e-02   1.3294218e-01   3.0834543e-01  -1.1065495e-02   3.6054884e-02  -1.9842601e-01  -1.5315999e-01   3.2706130e-01   4.8233876e-02   3.1256169e-02   1.0103068e-01  -5.3411810e-02   1.0475111e-01  -1.1594293e-01   1.3198843e-01   5.3567446e-02   8.5164195e-02  -1.2444969e-01   9.8364541e-02   3.0143339e-01  -5.4402566e-02   1.2824138e-01   1.2231960e-02  -1.3799836e-01   2.2921198e-01  -9.1596808e-02  -2.3909071e-01  -5.0839258e-02   2.3197030e-02  -1.5430248e-01
  -1.3352121e-01   2.7094326e-01   1.0439163e-01  -1.9097739e-01  -2.3915337e-01  -6.0780978e-02   1.1364133e-02   1.0677982e-01  -6.8423527e-02  -2.2538738e-01  -1.0505254e-03   2.6349797e-01   3.9866446e-02  -1.2063675e-01   7.8833764e-02   6.7082761e-02   2.0816719e-01  -7.6652516e-02   1.9311283e-01  -6.6916431e-02   8.1115774e-02  -2.0600478e-02  -1.9831075e-01   2.5380337e-01   3.2176763e-02  -1.8705567e-01  -1.7009945e-01  -2.8505243e-01   1.4985487e-01  -5.8580809e-02   1.0120188e-01   2.2654125e-02   1.8702572e-01   7.9737847e-02   1.0666860e-01  -2.2579542e-01  -1.7618068e-02  -8.0050209e-02  -3.4687021e-02   5.0210829e-02  -1.4625879e-01   9.5542545e-02   2.0497675e-01   2.1058096e-02   8.5335923e-02   1.5909114e-01  -1.5188749e-01  -9.5179975e-02  -2.7850094e-02
