  -1.4997925e-01   2.0615129e-02   7.0560042e-02   4.2634001e-01  -6.4868982e-02   6.3040000e-04  -1.1222327e-01   4.7329027e-02  -7.4801808e-02   1.0208597e-01   1.0041881e-01   2.2183900e-02   9.1295119e-02  -3.7327896e-02  -8.9219152e-02  -1.3496226e-01  -3.8945102e-02   2.3382919e-02   8.6312828e-02   3.4430035e-02  -2.7110503e-02   8.2573209e-03  -6.9605373e-02   1.2337963e-01  -6.8803840e-02  -3.5337419e-01   4.3112825e-01   5.6994900e-02   1.4773054e-01  -1.8279882e-01  -2.4199451e-01   6.1860869e-02   3.3036671e-02  -1.3286088e-01   2.0807493e-01   1.2738282e-01   4.8169900e-02   1.1215882e-01  -1.0966919e-01  -8.2362552e-02   2.5682523e-01   5.9992608e-02  -8.7279741e-02   1.3228104e-02  -9.6746818e-02  -2.4531694e-02  -2.1798554e-02   1.8508783e-01  -8.2779292e-02
  -1.5942629e-01   1.8859627e-01  -1.7935838e-01  -2.0178198e-02   2.3673258e-03  -6.5957193e-02   4.2561886e-01  -2.3640076e-01   6.4608837e-02   1.0926569e-02   2.4228856e-01   3.4830766e-02  -9.9515257e-02   1.2025589e-01   1.0912699e-01   6.4682541e-02   9.7683848e-02  -2.3344823e-01  -1.0923530e-01  -1.5007105e-01  -6.1786556e-02  -5.5419239e-02   2.5762208e-01   3.9033547e-02   8.2637365e-03  -3.1650219e-03   6.6725225e-02  -1.2306502e-01  -6.5443909e-02   7.1011173e-02  -1.0089277e-01   3.0482040e-01  -6.3374267e-02   5.0538251e-02   2.4674832e-01  -1.8938377e-01   1.4477145e-01   1.2879248e-03   6.0168697e-02  -2.0255903e-02   1.1040782e-01   7.5240822e-02  -1.2739628e-01  -3.0212885e-02  -1.1809302e-01  -1.2114122e-01  -1.0548362e-01  -1.9014547e-01  -1.2568535e-01
  -1.4105228e-01  -3.4014982e-02  -1.3239132e-01   7.9167153e-02   3.9639866e-02  -1.6468923e-01   1.2445545e-01  -1.5503974e-01  -6.7142765e-03   3.3905151e-02  -1.0867623e-01  -2.5848326e-01  -3.3022755e-02   9.8983158e-02  -3.1280752e-01  -1.8682344e-01  -1.7175303e-02  -2.5005108e-01   2.0462756e-01  -1.5593918e-02   8.6911444e-02   2.0135504e-01   1.4913116e-01   1.2178004e-03  -7.7246073e-02  -2.6012528e-01  -5.4838822e-02   1.6083882e-01  -3.0800824e-02   7.7532004e-02  -2.4862233e-02  -2.2904947e-01  -1.5497640e-01  -8.9037545e-02  -9.5137880e-02  -1.3671356e-01  -1.9272488e-01   2.6707221e-02   1.3461416e-02   1.9310050e-02  -2.4194823e-02   5.5952034e-02   1.3819469e-01   1.5375925e-01   2.4932606e-01  -2.1718987e-01  -3.9082667e-02  -1.1355779e-01   2.3945197e-01
  -1.3033154e-01   1.2296445e-01   1.9934605e-02  -2.6444528e-02  -1.4375099e-01  -1.3669139e-01   8.4934863e-03   5.9931243e-02   1.5391088e-01   1.7786806e-01  -2.3988497e-01  -4.3392985e-02  -1.9358317e-01   4.7998758e-01   2.9691423e-02  -1.4241130e-01  -8.3239676e-02   1.5718562e-01  -2.9575815e-01  -3.2056333e-02   3.5072017e-02   3.7378289e-02  -2.5198203e-01  -4.6221751e-03   2.1934473e-01   5.8100303e-02   7.4476049e-02   3.1935779e-03   1.3021749e-01  -9.4103797e-02   1.2513249e-01  -1.7943486e-02   2.3728583e-02   5.8678016e-02   9.7050330e-02  -1.1363333e-01  -6.4747440e-02   2.3977287e-01  -1.0065323e-01   1.7000030e-01   2.8010871e-04   3.0573843e-02  -7.6029633e-02  -1.6002324e-01  -4.2802171e-02  -1.7240915e-01   1.6173333e-01  -2.2361385e-02   1.3152639e-01
  -1.5632220e-01   4.1225355e-02  -5.7391651e-02   8.0141362e-02  -7.4206455e-02  -1.2725991e-01   9.9237473e-03   1.3545753e-02   2.5008476e-02  -6.3034418e-02  -4.9386908e-02   2.7776527e-01  -3.4657746e-01  -8.7224486e-02  -5.4037369e-03   3.3640609e-01  -3.6361732e-02   6.0847877e-02   1.4426491e-01  -1.3324320e-01  -1.9417679e-01  -1.3717466e-01  -1.3864104e-02  -2.1340156e-02  -1.2333366e-01  -1.3892426e-01  -1.2490420e-02  -1.0915755e-01   9.0695476e-02   2.4295755e-01   1.6145325e-01  -3.4022272e-01   1.9376844e-01  -1.4075140e-01   3.5157371e-02   7.8661899e-02   1.9692691e-01   8.8765783e-02  -1.9835835e-01  -7.9803901e-02  -4.8031755e-02   2.2711488e-02  -1.4787151e-01   9.9028341e-02   1.5642659e-01  -6.3129301e-02   1.5979283e-01  -1.2245811e-01  -1.4445785e-04
  -1.3164797e-01  -2.2739265e-01   1.5502964e-01  -8.3761858e-03   2.9244915e-03  -1.3750744e-01   7.5136648e-02   2.0250616e-01  -2.0954809e-03   5.5961973e-02   1.8845471e-01  -2.0194665e-01  -2.8106259e-02   5.3265679e-02  -1.6221885e-01   9.9764471e-02  -4.6731327e-02   2.3967181e-01   1.0982337e-01   4.3314468e-02   2.7183946e-01  -1.8033745e-01  -7.1516661e-02   7.3692859e-02   1.0279627e-01   3.1813509e-02  -3.0229626e-02  -2.2899375e-01  -1.1804597e-01   1.6714214e-01  -6.0766906e-03   4.3421325e-02   1.6551877e-02   3.1204645e-01  -9.1734263e-02   1.2455057e-01   1.1266270e-01   6.0307820e-02   5.7958942e-02  -2.3956042e-01   1.9622560e-01   3.9808993e-02   2.0788960e-01   1.3738782e-01  -1.0782174e-01  -3.1921681e-01  -1.0999446e-02  -8.1604047e-02  -3.9545104e-02
  -1.4912638e-01   3.0494250e-01  -4.7464464e-02   6.7031649e-02   1.1698427e-01  -9.5825446e-02  -1.2608014e-02   7.7683173e-02  -5.5453772e-02   1.1610263e-01   3.0473946e-02  -1.4797331e-01  -2.0522142e-01  -6.9946025e-02  -1.8019895e-01  -1.8069992e-01  -5.8507666e-02   9.5440384e-02  -1.8523620e-01  -1.2877465e-01   7.3536598e-02  -7.8668544e-02  -3.7650835e-02  -4.7892268e-02  -8.5312219e-02   1.6020252e-01  -9.1180373e-03   1.9809338e-02  -2.1945007e-01  -3.1761564e-02  -1.1018351e-01  -1.3638577e-01   2.8821184e-01  -9.8081344e-02  -1.2733489e-01  -1.0482629e-01   9.6675854e-02  -2.9722213e-01  -5.0630233e-02   1.5970204e-01   1.4223608e-01   2.3762954e-01   1.4749185e-01   1.8085976e-01  -1.4149694e-01   3.2411937e-01  -1.0186833e-03  -2.4888523e-02  -5.3732368e-02
  -1.3971715e-01   9.2729180e-02  -1.6897961e-02   2.3685141e-01  -9.4791896e-02   1.0022694e-01   2.5292772e-01  -8.0066818e-02  -3.0569803e-01  -9.5626671e-02   1.5479693e-01  -2.2099324e-01   7.0264452e-02   1.1017872e-01  -4.9458661e-03   1.2755095e-02  -9.8845744e-02   9.5753104e-02   2.3914881e-01   2.0778827e-02  -8.4756909e-02  -1.1341650e-01   1.4633084e-01  -6.1439712e-02   1.4970493e-01   1.5550089e-01  -2.3755473e-01   2.8915934e-02   4.2422340e-02  -1.9623830e-01   2.0077625e-03   3.7303273e-02   3.6344380e-01  -7.9223552e-02  -2.9152374e-02   3.6786367e-02   5.9984291e-02   3.6073521e-02  -3.6517338e-02   2.3874070e-03  -1.4821329e-01  -2.5420253e-01   1.2910289e-02  -1.8473078e-01  -1.5607132e-02  -3.7487640e-02   1.1560545e-01   1.8002874e-01   2.2571741e-01
  -1.5772015e-01  -1.9283345e-03  -4.0738982e-02   2.2657828e-01  -1.4257804e-01   2.2625248e-01  -2.5855219e-01  -6.7644575e-02   1.3599240e-01   1.3869579e-01  -1.8887300e-01  -1.0740926e-01  -5.7258071e-02   4.2692623e-02   1.1233336e-01   1.3556802e-01   2.2237685e-02  -3.1791791e-01   1.3961301e-01  -7.0260438e-03   1.6777646e-01  -7.7427509e-02   1.8384557e-01   2.7032930e-02   1.5430729e-01   8.9192254e-02   1.6576515e-01  -9.4710509e-02  -9.4192171e-03  -7.7724531e-03   2.6135645e-01   4.1443667e-02   7.9639684e-02  -1.0110490e-01  -2.3973718e-01  -1.7786082e-01  -1.2911315e-01  -1.7575179e-02   1.3800675e-01  -1.6602096e-01  -2.4731583e-02  -9.6243719e-03   9.6868272e-02   8.5813542e-03  -1.6118500e-01   2.7087329e-02   2.1077500e-01  -2.3575554e-02  -2.8080715e-01
  -1.3627008e-01   1.7576959e-02  -8.0846054e-02   1.0902182e-01   1.6087644e-01   2.8879644e-01   2.0497729e-01   9.6974523e-02  -6.4730307e-02  -3.0980797e-02  -1.2953787e-01   1.4744762e-02  -3.3155921e-02  -2.0583025e-01   5.0306228e-02  -2.8079897e-03  -1.3725316e-01   2.2541535e-02   1.1334314e-01   2.6331863e-01  -8.5273134e-02   5.5940317e-03  -3.2141656e-01   1.6066586e-01  -3.7765318e-03   2.7031926e-01   1.4874136e-01   3.6832182e-02  -1.6035756e-02  -2.3312280e-02  -2.4915650e-01  -1.2204280e-02  -1.2571133e-01   5.5310979e-03   1.1907998e-01  -1.7819453e-01  -2.1680932e-02   1.4093320e-01  -3.6617092e-02  -1.3625640e-02  -2.4674468e-01  -8.2391680e-03   1.1572909e-01   1.3979207e-01  -3.1030695e-02  -3.0557503e-02   1.2090116e-01  -3.7715180e-01   4.9219851e-03
  -1.4359898e-01  -1.5197850e-01   7.9290612e-02  -1.4162143e-01   2.7840586e-02   2.3429809e-01  -3.8549715e-02   5.9569352e-02  -4.5372879e-02   6.0498255e-02   7.6199923e-02  -1.3406014e-01  -4.3795222e-02   1.1514989e-01   9.4704732e-02   2.7662618e-01   9.7321831e-02  -2.9968258e-02  -3.9002609e-02  -3.3600672e-02   1.4450365e-02  -3.5713748e-01  -4.7993162e-02   1.7318841e-01  -2.5438974e-01  -1.2492169e-01   1.6575880e-01   2.4215402e-01   6.6473266e-02  -1.2018843e-01   1.8220682e-01  -3.5066172e-02   2.5096080e-02   5.5688161e-02   1.8575611e-01  -1.2326209e-01   4.2843236e-02  -1.7257292e-01   1.9242436e-01   3.1486489e-01   1.1469025e-01  -8.9729290e-02   1.8334326e-01   1.9296821e-03   1.5273414e-01   1.5048368e-02  -6.2316785e-02  -1.8215190e-02   2.0605781e-01
  -1.5702720e-01   1.7138944e-01   1.1032883e-02  -1.7079620e-01   1.3687673e-01  -5.6400881e-02  -4.0384283e-02  -3.2965445e-03   1.1756554e-01   1.2243362e-01  -7.8903753e-02  -1.6450010e-01  -1.4259507e-01  -1.8114824e-01   4.2097137e-02   1.5729046e-01  -2.6823167e-01  -6.0367555e-02  -5.7301939e-02   9.6053288e-02  -2.4140627e-02  -1.7376339e-01   7.7967696e-02  -1.7497448e-01   1.7969715e-02  -2.5521829e-02  -1.2083693e-02  -8.8265665e-02   2.2082615e-01  -2.9747058e-01  -1.2015888e-01   4.3746082e-02   7.7913532e-02   1.6955863e-01   1.1269561e-02   6.8124915e-02  -2.3946720e-01   7.0111954e-02  -3.0731025e-02  -3.1954622e-01  -7.8657612e-03   1.2142903e-01  -1.9963847e-03  -1.5544445e-01   3.1484285e-01   1.0337696e-01  -2.8204200e-01  -5.5448205e-03  -9.7050881e-04
  -1.4864896e-01   1.2004957e-01  -8.2255990e-02  -9.5755701e-02   1.7829978e-01   5.3528654e-02   5.4759521e-04  -1.0869777e-01  -4.3303159e-03  -1.8335139e-01   2.6079031e-01   1.9955822e-01  -8.9872033e-02   2.9572934e-02   3.0239634e-02   1.7018845e-01   1.8795875e-01  -1.3914532e-01   3.7674703e-02  -8.5737466e-02   3.4959660e-01   9.7609283e-02  -2.0367873e-01   5.5177247e-02   5.9596138e-02  -6.4888363e-02   5.1628925e-02   4.4709646e-02  -8.4745464e-02  -8.2056117e-02  -7.8173774e-02  -5.2636465e-02   7.7754711e-03   6.4094733e-02  -1.6182574e-01   4.1310352e-02  -6.9795596e-02   2.1556229e-01  -3.1709762e-01   1.5387274e-01  -1.6436316e-01   5.8903695e-02   3.0370751e-01  -1.6479477e-01   2.2328679e-02  -3.2746041e-02  -4.0943298e-02   2.6301772e-01  -1.2605395e-01
  -1.4315337e-01   4.0020577e-02  -1.6743684e-01   8.9800883e-03  -4.8736453e-02   3.5996598e-04  -7.8171334e-02   4.2658320e-02  -7.9278017e-02  -2.6450061e-01   2.0943102e-02  -2.4285837e-01   1.9273822e-01  -7.0250685e-02   3.5630611e-01  -1.4725331e-01   7.6294599e-02  -1.3403955e-01  -3.0921258e-01  -1.3541345e-01   1.6752151e-01  -2.8286425e-02  -2.5809176e-01  -8.6866205e-02   1.4940736e-01  -2.5011182e-01   1.8754474e-02  -5.1543282e-02  -9.9467060e-02   7.7275056e-03  -5.2469123e-03  -1.0949425e-01   9.1221744e-02  -2.4926242e-02   2.9117675e-02   1.5625724e-01   6.4591686e-02  -1.9187220e-01  -4.3009733e-02  -1.8709387e-01  -3.5542243e-02  -2.2089983e-01  -9.6458893e-02   7.6751581e-02   1.4582313e-01  -5.5286095e-02   6.5432190e-02  -2.3671407e-01   2.3359575e-02
  -1.4691715e-01   8.1854803e-02  -2.8011233e-01  -1.3464934e-01   1.2953038e-01  -2.6662822e-01  -3.0650274e-02  -1.7576144e-01   5.6736908e-02   2.1224131e-01   3.8128054e-02   1.5981076e-01   2.3813038e-01  -2.3976305e-02   4.4568441e-02   1.4542038e-01  -1.1045424e-01   8.6254925e-02   1.0568093e-01   2.3702264e-01   2.3123309e-02  -7.8627599e-02  -1.9365740e-01  -1.8573394e-01  -6.1392773e-02  -1.5693156e-01  -4.6076429e-02   3.0315932e-02  -2.5277588e-02  -5.7660468e-02  -6.7380327e-02   2.2318268e-01  -7.6170915e-02  -8.6673094e-02  -2.4729758e-01  -2.9618598e-02   1.2941015e-01  -1.8875766e-03   2.0927953e-01   6.0939182e-02   1.5919748e-01  -6.4732168e-02   1.1995984e-03   1.4390192e-03   2.4644295e-02   5.6142571e-02   4.0243066e-01   1.8424583e-02   9.5359921e-02
  -1.4004876e-01  -6.7037695e-02  -5.0481649e-02   1.3490124e-01  -1.9655201e-01   1.1015974e-01   9.7322831e-02  -1.4823592e-02  -1.5116687e-02   2.3186494e-01  -6.8237377e-03   2.4104874e-01   1.4451875e-01  -4.1201777e-02   1.8082862e-02   1.0985112e-01  -1.5245175e-01  -2.3277463e-01  -2.3634533e-01   1.2478936e-01  -2.0547859e-02   5.8547881e-02  -4.5035514e-02  -4.2648426e-02   2.4625457e-01  -9.4987011e-02  -3.0280238e-01  -1.1575722e-01   4.3793827e-02   5.1765196e-02  -4.7780538e-02  -3.2873256e-01  -9.5117144e-02   1.2182563e-01   2.2249629e-01  -6.0420225e-03   1.0994770e-01  -1.9196785e-02   1.3798991e-01  -5.6584512e-03   1.9945863e-02   4.2813798e-02   2.5221376e-01   1.3201354e-01  -1.2575469e-01   1.3902626e-01  -1.2029755e-01   2.2703265e-01   1.0921033e-01
  -1.4253887e-01   2.0895934e-01   8.3690554e-02   6.5308637e-02   2.1880402e-01   2.1487471e-02  -1.6644032e-01   1.1305957e-01   2.9792083e-02  -1.7067691e-01   5.6274411e-02  -6.0716935e-03   1.6611162e-01   4.2514180e-02   1.0219723e-01  -3.1744452e-02   1.0645126e-01   5.0732714e-02   6.2885761e-02   7.5768925e-02  -1.2235410e-01  -1.1965839e-01  -3.2283334e-02  -7.2084064e-03   1.6862877e-01   9.8605957e-02  -5.1881928e-02   9.7988026e-02   1.8030628e-01   2.6458362e-01  -1.1833452e-02  -1.9086055e-01  -1.8382621e-01  -1.4049613e-01  -2.1171863e-01  -3.7337307e-01   1.7211276e-01   2.4847100e-02  -1.1331353e-02  -1.1961342e-01   2.6118051e-01   2.2121398e-02  -5.9219775e-02  -2.3684061e-01  -5.2512767e-02  -6.9609842e-02  -2.9049804e-01   2.5177082e-02   1.2232642e-01
  -1.2419169e-01   9.8566164e-02   2.0392891e-01   7.8607242e-02  -2.2085446e-03   2.2911061e-02   2.8015917e-02   3.2860602e-02  -2.3869991e-01  -1.0712385e-01  -3.7176593e-01   1.6886515e-02   1.8610769e-01   5.0191323e-02  -8.1339035e-02   1.8557107e-01  -1.0780041e-01  -9.6141245e-02  -7.9292610e-02  -3.6774814e-02   7.9237846e-03   1.1271339e-01   5.7274567e-02  -9.7584237e-02  -6.4637850e-02   4.6898738e-02   2.7233871e-02  -9.5626978e-02  -1.4035446e-01   1.1635679e-01   7.1512380e-02   2.1541014e-01  -1.0307108e-01  -1.8558748e-01   3.6518462e-02   3.3107672e-01   1.5544027e-01  -1.0891146e-02  -3.7268756e-02   1.1801533e-01   1.1647534e-01   2.0784257e-01   2.6870524e-01  -3.2921727e-01   1.0338968e-01  -1.6310042e-02  -2.7692823e-02  -1.9844442e-01   1.9753400e-02
  -1.3287038e-01  -2.1622018e-02   3.4455917e-03   6.4706553e-02   3.8928888e-01  -7.6109679e-02   7.8718134e-02   6.2200567e-02   1.4103731e-01   7.2991910e-02  -2.8512481e-01  -1.0036585e-01   2.2378695e-01  -2.0854377e-01   9.8819244e-02  -1.6579914e-02   7.6526466e-02   5.8314422e-02   6.1611406e-02  -1.4748300e-01  -8.0276102e-02   2.0462867e-03   8.1444872e-02   7.6447223e-03   9.5867952e-02  -1.6869511e-02   1.1621689e-01  -1.1159268e-01  -1.2611891e-01   7.5781662e-02  -1.2673043e-02  -1.1267413e-01   1.6392240e-01   1.8590646e-01   1.2494273e-01  -1.8043999e-02   6.3934971e-02  -4.6914767e-02   1.9425966e-01   2.4584845e-01  -2.2394133e-01   1.3381658e-01  -1.5621680e-01  -5.0708319e-02   6.9479691e-02  -2.5173734e-01   5.5224429e-02   3.3550696e-01  -1.0728974e-01
  -1.4360299e-01  -8.2740067e-02  -2.4758221e-01   5.4453843e-02  -2.6134949e-02   4.4499800e-02   7.0369203e-02  -6.8951695e-02  -1.6649497e-01  -3.9041391e-02  -4.1500982e-02  -7.4384793e-02  -1.4008581e-01  -8.2080983e-02  -3.1732503e-02   2.4503804e-02   2.0287043e-01   3.9673060e-01  -1.0922327e-01   2.2176138e-01   2.7449183e-02   5.3051108e-02   1.6248713e-01  -6.5727606e-02   2.4206592e-01  -6.4123372e-02   1.8432654e-01   1.3485393e-01  -7.4391181e-02  -1.3291604e-03   3.3476907e-01   1.2397690e-01  -2.7573081e-01   2.1743541e-02   5.8387317e-02  -2.8397264e-02   1.2644204e-01  -9.4354596e-02  -1.1118256e-01  -1.7057930e-01  -1.4984886e-01   2.0325195e-01   1.1838783e-03   6.9298843e-02   1.1840168e-01   1.7806943e-01  -2.6724037e-02   1.5774978e-01   5.1717092e-02
  -1.3370519e-01  -2.3174035e-01   1.5744660e-01  -6.6782152e-03   2.0200150e-01   3.5192984e-02  -1.2664185e-01  -1.0293499e-01  -1.4178468e-01   2.9760644e-01   9.9150461e-02   1.1431216e-01  -5.8639413e-02  -7.3752497e-02  -3.3768878e-02  -1.0772718e-01   2.4226977e-01  -1.9052212e-01  -1.8297007e-01  -3.5914126e-02  -1.8033552e-01  -3.1123842e-02  -8.5851141e-02  -1.2359376e-01   1.2043284e-01   2.8152449e-01  -2.4782485e-02   9.0662250e-02  -1.7984757e-01   1.4831080e-01   1.7460361e-02   1.9624807e-01   1.6229454e-01  -1.6964422e-01   8.2589511e-02   2.1650157e-02  -1.2856028e-01   1.7158584e-01  -1.0857792e-01  -1.3102572e-01   1.6752648e-01  -8.9799823e-02  -1.5022830e-03   1.5439945e-01   2.7042607e-01  -9.1522414e-02   4.6496820e-02   8.9727726e-02   1.0506837e-01
  -1.3680956e-01   1.0036588e-01  -1.0217211e-02   2.1634464e-01  -4.8281325e-02   1.5997533e-01  -3.9332817e-02  -3.3074577e-01   2.1775880e-01   1.5110396e-02   2.9637617e-02   6.2006578e-02   8.2345637e-02   7.1206085e-02  -3.7903672e-02   9.4013745e-02   1.1835654e-01   2.1092678e-01  -1.9994413e-01  -4.4828977e-02  -5.4977894e-03  -1.5356606e-02   8.6169713e-02   7.8739640e-02  -2.4646013e-01   3.1277155e-01  -4.0825218e-02   9.7726044e-02  -1.0535142e-02  -5.7298039e-02  -1.7865348e-01  -2.3336556e-01  -2.2026346e-01   1.3505210e-01  -6.9937666e-02   2.6372834e-01  -1.4695246e-01  -2.5732928e-01  -2.2790600e-02  -1.4050671e-01   6.8072258e-02  -1.5559612e-02  -6.3562985e-02  -7.5416861e-02   5.1012490e-02  -2.0509375e-01   1.6217464e-01   2.6558626e-02   3.8182936e-02
  -1.4575188e-01  -1.1243535e-01   1.6788686e-01  -7.6527095e-02  -1.5605652e-01  -1.2805397e-01   1.8999805e-01  -7.0056046e-02   2.6169126e-01  -1.5980600e-01  -1.1108443e-01  -4.2460028e-02  -7.7830568e-02  -7.0927510e-03   1.6731904e-01  -2.6124351e-01   1.5861722e-01  -6.5246358e-03   6.5448187e-02   1.6984697e-01  -2.0221660e-01  -2.1146755e-01  -1.6660195e-02  -1.5638978e-01  -1.1130969e-01  -1.2542369e-01   5.8875316e-02   1.1501152e-01   4.6327639e-02   3.2888538e-01  -1.3617581e-01   5.7923749e-02   9.2848999e-02   3.7082827e-02   4.9494653e-02   6.2392215e-02  -1.6650503e-01  -7.7697137e-02  -6.0225966e-02  -9.0354008e-02  -8.2505969e-02  -1.2568855e-04   3.4097228e-01  -1.5416871e-01  -1.6114435e-01   1.7104472e-01   1.2651579e-01   1.1800410e-01  -1.4552850e-02
  -1.4875186e-01   2.4493297e-01   2.6362544e-01  -2.2343774e-01   5.9993375e-03   6.7688454e-02   1.1595968e-01  -1.9857897e-01  -2.6352240e-02   2.4922269e-01   1.0101366e-02  -5.2502453e-02  -8.6337841e-02  -2.0009669e-02  -8.5817675e-02  -1.3388872e-01  -1.2906037e-01  -2.4011008e-02   9.6404639e-02  -6.3590153e-02   5.2281893e-02   1.4789069e-01  -1.3514875e-01   1.8294748e-01  -3.3717359e-02   1.1278808e-02   2.6418061e-01  -1.3990321e-01  -2.0121711e-02   2.0333297e-01   1.2867746e-01  -4.4791083e-02  -1.4527864e-01   8.7149672e-03  -9.5339184e-02   1.3989106e-01   1.9260972e-01  -6.0793823e-02   1.0052557e-01  -1.0136948e-01  -1.4527815e-01  -4.1561494e-01  -8.8715681e-02  -3.2220912e-02   2.6903581e-02   1.8655883e-01  -1.1672666e-01   1.3759744e-01   4.9440491e-02
  -1.4702656e-01  -2.7947710e-01   1.8390526e-02  -3.8947816e-02   5.0403548e-02  -9.6588724e-02  -9.6635289e-02  -1.7076854e-01  -1.2882827e-02   6.4722568e-02   2.2630134e-01  -1.8501943e-02  -2.5318249e-02  -5.4165279e-02   3.1625925e-01  -3.5912346e-01  -9.2196524e-02   1.6552726e-02  -1.2334141e-02  -2.6307292e-02  -4.2929335e-02   3.1594267e-02   1.2163836e-01  -4.1101612e-02  -2.0151325e-01   1.5237471e-01   2.3836651e-02  -1.1914398e-01   1.3782863e-01  -2.4119801e-01   1.6444539e-01  -1.8871249e-01  -7.1717556e-02  -1.3769238e-01  -9.8259075e-02   1.2665472e-01   2.8601880e-01   2.1387719e-01   1.0650734e-01   6.5372136e-02  -1.3228112e-01   2.2279003e-01   1.4699691e-01  -5.2449545e-02  -6.0392182e-02  -6.0147325e-02  -5.6343479e-02  -1.3114171e-01  -1.0854189e-02
  -1.5169868e-01   1.2168665e-01   1.9990732e-01   2.4393738e-01  -1.7052503e-02  -1.5902479e-01   1.9830587e-02  -9.0271756e-02  -4.1878509e-02  -1.3194455e-01   6.1430732e-02   1.7953004e-01   6.8473801e-02  -5.2003203e-02  -9.6111171e-02  -1.1805091e-01   1.4510358e-01  -1.6849919e-01   1.8088612e-01   1.3984072e-01  -1.5541622e-02  -1.0322337e-01  -2.8598659e-01  -9.1526335e-02  -8.6183352e-02   1.8699773e-02  -8.6944614e-02  -2.7432402e-02  -1.5488701e-01  -1.6639125e-01   4.2318675e-01   1.6664382e-02  -1.5573470e-02   3.3283006e-01   3.7388734e-02   2.4826335e-02  -1.8950687e-01  -3.1896241e-02   7.5153396e-02   5.8857542e-02  -2.8765267e-03   1.2840374e-01  -2.4473060e-01  -5.6987455e-03  -8.4730632e-02   1.0086809e-01  -1.1793092e-01  -1.4558910e-01   7.0619489e-02
  -1.4667666e-01   2.8032290e-01  -2.0798186e-02  -5.2806671e-02   8.0933002e-02  -2.6454585e-04  -2.6385687e-01  -3.9431440e-02  -1.5700371e-01  -1.0228415e-01  -1.1643787e-01   5.9748868e-02  -7.0830820e-03   2.4485768e-01  -1.7283710e-02   6.7024536e-02   1.7725837e-01   1.8613136e-01  -2.5224116e-02  -6.8073002e-02  -2.1906489e-01   2.2680814e-02   1.2565222e-02  -1.1332595e-01  -1.0697209e-01  -1.0817849e-01  -8.1071762e-02   5.2960224e-03   3.7503462e-02  -4.6082313e-02  -6.0063761e-02   1.1584079e-01   3.0174734e-02  -3.7281332e-02   3.6004015e-02   9.9728090e-02  -7.7273740e-02   1.5618137e-01   3.0036074e-01  -9.9820955e-02  -2.4250312e-01  -1.0470660e-01   1.9784825e-01   3.8221873e-01  -2.0703170e-01  -1.3622059e-01  -2.2670712e-01  -1.9198740e-03  -8.2870087e-02
  -1.2423454e-01   8.9985548e-02  -2.3687167e-01  -3.7978095e-02   1.3660598e-02   1.9911951e-01   1.3110166e-01   1.8488956e-01  -1.9742200e-01  -1.3805038e-01   3.2168291e-02   2.2677178e-01  -1.3212045e-01  -4.1752212e-02   1.5742334e-01  -2.4990009e-01  -2.5596593e-01   3.3372859e-02  -1.0459003e-01   1.0069060e-01   1.9721236e-02   9.1485577e-02   5.2430259e-02   2.3976418e-01  -1.3938635e-01  -2.4325367e-02  -3.5818028e-02  -4.1737425e-03   1.0196633e-01   2.3014127e-01   1.8238447e-01   9.9137597e-02   1.2738025e-01   4.6063483e-02  -1.6616326e-01   1.1549699e-01  -3.0596767e-01  -5.9466654e-03   2.1871356e-01   2.8535899e-02   2.3166400e-01   8.3608496e-02  -2.9367079e-02   1.1271687e-03   9.7871851e-02  -1.5003805e-01   1.4579345e-02   1.7244813e-01  -3.3826754e-02
  -1.5714728e-01  -1.9810957e-01  -1.8960384e-02  -9.6240696e-03   6.0413054e-02  -1.1104681e-01   1.2439290e-01   1.6641858e-01  -8.1341166e-04   2.9324710e-02  -1.6204411e-01   3.5471188e-01  -2.6019841e-02   1.8498331e-01  -4.5123480e-02  -1.7119772e-01   1.7347088e-01   1.1121667e-01   1.0680730e-01  -9.2649513e-02  -5.9264696e-02  -1.4997989e-01   4.7633780e-02   2.8724534e-01   1.5329590e-01  -7.7548576e-02  -1.0884598e-01  -2.2459779e-01  -1.3371147e-01  -3.2374441e-01  -1.1573446e-01  -3.5958412e-02  -8.5792976e-02  -1.7929131e-01  -8.7049876e-02  -4.9821783e-02  -7.3566080e-02  -2.2637117e-01   5.0888593e-02  -8.2704470e-02  -1.8732531e-03  -1.6949198e-01   7.5608712e-02  -1.3447578e-01   1.9365845e-01   1.0640909e-01  -8.5011842e-02  -8.6774648e-02  -1.5195190e-01
  -1.3682956e-01  -2.0286243e-01  -1.4485583e-01  -1.4381194e-01   1.0494456e-03   4.9600351e-02  -1.3370550e-02  -2.7744076e-01  -1.4314834e-01  -1.9134195e-01  -2.5829067e-01  -7.6661004e-02  -1.5787686e-02  -3.7916862e-02  -3.2829964e-02  -5.2169128e-02  -2.0315066e-01   1.0781979e-01   1.7027921e-01  -3.5079441e-01   1.7523311e-02  -5.4366783e-02  -1.1912998e-01  -7.2917892e-02   6.9073454e-03   8.4513775e-02  -1.1630718e-01   2.0436816e-01  -9.2660794e-02  -3.0973067e-02   3.5025525e-03  -1.0196646e-01  -1.1692268e-01   1.2850499e-01   1.8541762e-01  -6.5698151e-02  -4.1241804e-03   2.1949909e-01   1.4014394e-02  -4.7176485e-02   3.4578793e-01  -1.0478952e-01  -5.1470194e-02  -2.0106964e-02  -9.5687724e-02   1.7021875e-01  -2.2885457e-03   8.2765470e-02  -2.7462529e-01
  -1.3603955e-01  -2.1480444e-01  -4.4343473e-03   1.0055386e-01   2.9350545e-01   2.1619113e-01   7.4814897e-02  -1.0837934e-01   2.4655156e-01  -2.0305054e-01  -2.1333102e-01  -1.7262895e-02  -7.2939478e-02   7.2637914e-02  -1.5010866e-01  -4.4615800e-02   9.1061525e-02  -4.2883257e-02  -7.6455663e-02   1.2131730e-01   1.8354530e-01   8.0731098e-02   3.1723940e-03  -8.2793323e-02  -9.4449823e-02  -1.9015007e-02  -1.5561958e-01  -2.4477877e-01   3.8904552e-01  -2.7883981e-02   2.1285064e-02   2.0850943e-01   1.0064755e-01  -2.7015756e-03  -6.9465840e-02   6.1903218e-02   1.8491220e-01  -5.1781461e-02  -1.5919912e-01   1.3110168e-01   1.1951408e-01  -1.3591070e-01  -1.1153147e-01   2.2540481e-01  -6.0999898e-02   1.1583984e-01  -7.0724343e-02   2.5085623e-02   8.8488907e-02
  -1.3795716e-01  -6.5692781e-02   1.7539264e-01   7.2484736e-03   5.2755516e-02  -3.3450711e-01  -8.5455026e-03   3.8397284e-03  -2.0266756e-01   1.0743422e-01  -1.5719997e-01   3.1493915e-02  -3.6012292e-02  -3.3433358e-02   2.8376585e-01   1.6397213e-01   6.4554832e-02  -3.5028399e-03  -4.9488527e-02   2.0571331e-01   5.6829806e-02   4.2946694e-01   1.5107735e-01   1.9732618e-01  -1.2373958e-01   1.9503291e-02  -8.1802255e-02   2.8299574e-01   7.3353308e-02  -7.2252795e-02  -1.8022290e-02  -2.0918108e-02   1.9595801e-01   2.2455268e-01  -1.8562513e-02  -1.4400050e-01   7.2199742e-02  -1.2630309e-01  -1.5066221e-01  -7.7061548e-02   8.2717518e-02  -1.7461502e-01   1.4651893e-02  -3.9304281e-03  -1.0108365e-01  -1.8362574e-02  -2.1209358e-02  -8.8008364e-02  -1.2121394e-01
  -1.5182900e-01  -2.8424708e-02  -2.7341899e-02   4.0133057e-02  -1.2402797e-01   1.6281828e-01   6.4203734e-03   2.2484573e-01   1.4664209e-01   6.0638982e-02   2.1860603e-01  -1.9771344e-01  -1.3445356e-01   1.1549029e-01  -3.4379278e-03   3.1215208e-02  -3.1187038e-03  -1.4376890e-02   1.5225312e-01   7.6335201e-02  -3.2420036e-01   3.3559279e-01  -2.1638854e-01  -3.0191066e-01  -4.0107469e-02  -1.2395062e-03  -1.2841346e-01   3.1057089e-03  -3.2037433e-02  -4.7157976e-02   2.9914905e-02   4.0455342e-02  -1.1480881e-01   2.3817340e-02  -2.0164007e-02   9.5462314e-03   9.6461778e-02  -2.0174732e-01  -2.2952051e-03   1.5018431e-01   6.9616516e-02  -5.2272907e-02   1.4745688e-02  -4.5779646e-02   2.1945157e-01  -9.9505434e-02  -4.0725397e-02   6.1348687e-02  -4.0966244e-01
  -1.3363679e-01   2.6501231e-02   2.8778697e-01  -1.2485963e-01  -3.9265093e-02   1.7076526e-01   5.8600112e-02   1.3714041e-01   5.6054017e-02  -3.6408200e-02   2.3306430e-02   1.9062658e-01   4.6157652e-02   1.1521686e-01   1.6175890e-01  -3.0838335e-02  -8.4508966e-02   1.2514834e-01   1.6897346e-01  -9.0162756e-02   3.9987333e-01   1.6478474e-01   3.4089758e-02  -2.9120708e-01  -2.0217797e-01   2.6320490e-03  -5.4715516e-02  -3.6946469e-03  -1.1381693e-01  -4.8266600e-02  -5.0086388e-02   1.6194564e-02   1.2272444e-02  -2.0526553e-01   2.5325417e-01  -2.5585463e-01  -2.4709110e-02  -1.0360576e-01   6.0180603e-02  -2.4746264e-01  -6.2445203e-02   1.7479248e-01  -1.2166241e-01   8.2729858e-02   5.1631749e-02  -2.8183372e-02   1.0677499e-01   1.1192996e-01   1.4209182e-01
  -1.4470652e-01   8.3121535e-02  -1.2090018e-04  -2.0469826e-01  -2.4325821e-01   1.4577403e-01  -2.6559988e-02   1.2752708e-01   8.5458207e-02  -1.0988735e-01  -6.3145576e-02   5.2534913e-02  -9.0423721e-02  -2.2193078e-01  -2.5766790e-01  -9.2793742e-02   3.0737449e-01  -1.9349241e-02  -1.0861488e-01   2.7175576e-01   1.1975514e-01   4.9971668e-02   2.1218434e-01  -9.7497962e-02   1.3945400e-03  -9.2429721e-03   3.8768797e-02   7.1220139e-02  -1.5863799e-01  -1.2054917e-01  -1.3950424e-01  -1.6790672e-01   1.5502484e-01   4.3519090e-02  -1.2587299e-02   3.5524472e-02   1.8944310e-01   3.1545087e-01   2.6838570e-01   7.2200994e-02   1.1946502e-01  -1.3076968e-01  -1.2766912e-01  -1.6412052e-01   3.5745951e-02  -3.3060433e-02   4.6003312e-02  -9.5027065e-02  -1.7337013e-02
  -1.2458453e-01  -5.5916453e-02  -1.4035601e-01   8.9867411e-02  -3.0250390e-01  -3.9739340e-02  -2.9468566e-02  -1.0482581e-01   3.6033682e-01   6.2086775e-02  -2.8742630e-02  -8.6867687e-02   1.6163767e-01  -7.1997148e-02   1.9687614e-01   1.3154377e-01  -9.6283510e-03   2.3202574e-01   1.1991526e-01   1.0770999e-02   5.6610752e-02   1.2536837e-01  -9.2273763e-02   2.3099030e-01  -2.6296448e-02   7.3517557e-02  -7.0598699e-02  -1.8174091e-02  -2.4932309e-01   1.1013601e-01  -1.6331454e-02   1.3844769e-01   2.0075294e-01  -1.9382958e-01  -3.4215636e-02   3.2297919e-02  -9.5028028e-02   1.6830714e-01  -2.6199543e-02   1.4012779e-01   2.8773424e-02   3.4317067e-02  -4.6529940e-02   7.8015128e-02   9.4670930e-02   1.1262576e-01  -4.1893676e-01  -3.7965379e-02   1.3496002e-01
  -1.5449880e-01   1.0890711e-01   1.3274163e-01   1.9690110e-01   1.7593224e-02  -4.3797878e-02  -5.5425643e-02   2.9565245e-01   9.3494964e-02   9.1846616e-02   2.9407729e-02  -8.0240536e-02  -2.2201824e-01  -1.9646684e-01   1.5485706e-01  -2.9831418e-02   6.6942906e-02  -4.0818048e-02   3.9115194e-02  -2.8439422e-01   9.9058666e-02  -6.1203440e-02   1.1053071e-01   1.2687063e-01   6.6370097e-02  -6.3928135e-02  -3.5387800e-01   2.3479443e-01   7.1457959e-02   3.5787806e-02  -9.9938883e-02   2.2642160e-01  -3.5467022e-01   4.8022187e-02  -4.3248154e-02   1.8011651e-01   3.7993687e-02   1.6263710e-01   7.3010839e-02   1.0747443e-01  -8.6215937e-02  -2.0379475e-02  -8.5995248e-02   3.9628312e-02  -2.2123550e-03   1.6222572e-01   1.7154622e-01  -1.0373973e-02   1.0558781e-01
  -1.3107547e-01  -2.8200462e-02   6.8962284e-02  -1.1171932e-01   1.7052255e-01  -3.7421463e-03   1.2025060e-01   1.3443380e-01   1.1163790e-01  -2.9494798e-02   1.1387925e-01  -1.0876596e-01   3.0914894e-01   3.3357415e-01  -1.3723441e-01   5.0572269e-02  -1.3876325e-01  -1.1170994e-01  -1.4791917e-01   2.1299585e-01  -1.3992956e-02  -1.4159879e-01   9.0689472e-02   2.0506203e-01  -7.2741466e-02  -9.9137833e-03  -1.1637002e-01   2.6018447e-01  -8.6622791e-02   6.4478943e-02   1.1158812e-01  -1.1030957e-01   3.2090735e-02  -1.5325346e-01   2.1372783e-02   1.5956218e-01   2.6021137e-02   1.8125007e-01  -8.2919662e-02  -1.1844813e-01  -1.6129538e-01   1.0879093e-01  -2.1758441e-01   1.0576393e-01   1.8800720e-02   1.9917037e-01   6.9162886e-02   1.5609275e-02  -3.1318701e-01
  -1.3643432e-01  -2.5921717e-02  -5.4376020e-02  -1.9631076e-01  -1.2001116e-01  -1.3775093e-01  -1.0054540e-01   1.1491007e-01   2.4103071e-01  -2.9790941e-01  -4.8806957e-02   6.6510523e-02  -3.9839508e-02  -1.3504503e-01  -1.7097442e-01   8.2482609e-03  -2.0842732e-01  -2.5161283e-01  -1.2894626e-02  -7.3322956e-02  -1.9314456e-01   4.3231179e-02  -6.4018153e-02   1.9445423e-01   6.8408737e-02   1.7045599e-01   6.4453039e-02   1.7940604e-01  -8.7106510e-02  -2.4395419e-01   9.0321193e-02   1.8125275e-01  -1.0495997e-02  -6.6631904e-02   3.7438600e-03   1.9304390e-02   2.1170419e-01  -1.9077142e-01  -5.3781904e-02  -1.6920895e-01  -3.5072098e-02   3.2101124e-02   5.5194479e-02   9.8542642e-02  -1.5026698e-01  -2.3947690e-01   1.3096607e-02   2.2011391e-01   2.1666544e-01
  -1.3868213e-01  -2.3256174e-01  -1.1340953e-01  -1.4488328e-01   1.3745529e-01   2.2564618e-01  -1.3531281e-01  -1.8745849e-02  -1.2288627e-01   1.8753915e-01  -9.0850584e-03  -1.1102760e-01  -1.9560155e-01   2.3056791e-02  -3.4949060e-02   8.0557765e-02   9.5134449e-03  -3.0410595e-02  -8.7985353e-03   4.3904447e-02  -1.1340605e-01   5.8161457e-02  -8.5803153e-02   3.7960100e-02  -7.8334040e-02  -2.6222046e-01  -1.5462977e-01  -6.2802248e-02  -2.3018231e-01   4.2037312e-02  -1.0754224e-01  -8.4778434e-03   1.1342310e-02  -6.2985207e-02  -6.4642888e-02   6.8746429e-02  -1.0442262e-01  -1.0033507e-01  -7.1472766e-02  -7.5686413e-02  -1.0579215e-01   1.3370472e-01  -2.7282659e-01  -3.1899400e-01  -4.5143692e-01  -5.8428391e-02  -6.2802526e-02  -4.9581367e-02   1.8516952e-01
  -1.5779671e-01   7.9235643e-02  -2.7730838e-02  -2.9562755e-01  -7.2711837e-02   1.1078186e-01  -9.9154631e-02   1.1252013e-01  -8.4300293e-02  -4.5749786e-04  -7.0416267e-03   2.4561758e-03   1.5649631e-01   1.9894894e-01   1.8987039e-01  -2.5613545e-02   8.6235978e-02  -8.6304042e-02   2.9705338e-01  -1.2294140e-03  -1.7933477e-01   5.8246309e-02   2.3775045e-01  -1.1102180e-03   1.6667987e-01   8.7563554e-02   1.7398809e-01  -1.6690519e-01  -1.9893959e-02  -3.0637362e-02  -1.3589067e-01  -9.8405837e-02  -5.4997714e-02   2.5272515e-01  -5.9350401e-02   1.7758289e-01  -6.4819452e-02  -5.3949608e-03  -2.6542913e-01   1.4948657e-01   1.7892939e-01   1.3878989e-01  -8.4177246e-02   2.6553884e-01  -5.3164338e-03   1.6069476e-01   1.2284004e-01  -4.6956907e-02   2.0830406e-01
  -1.4487967e-01   4.9413197e-02   3.3783942e-01  -2.0288480e-01  -6.5780514e-02  -3.7060492e-02   7.1509369e-03  -2.4636770e-01  -5.1700682e-02  -8.0331246e-02   8.1532948e-02  -3.7104289e-02  -3.9450224e-02  -2.5230023e-01  -4.0805550e-03   5.2495309e-02  -9.8573364e-02   1.2896488e-01  -2.5370638e-02   1.6377640e-01   5.2064528e-02  -8.4041529e-02   5.5551976e-02   3.2834661e-02   3.3944932e-01  -8.7570855e-02  -9.0901806e-02  -1.4699184e-02   1.1523640e-01  -4.6376356e-02   1.0503919e-02  -4.0845912e-02  -9.8418926e-02  -3.2512816e-01   6.0582489e-02   3.6772115e-02  -2.4891123e-01  -1.6189261e-01  -5.2468420e-02   3.2183388e-01   5.2323279e-02   1.6126354e-02  -8.8187445e-02   1.5179210e-01  -1.1411546e-01  -2.2389794e-01   2.8739470e-02  -6.7291903e-02  -1.9004280e-01
  -1.4725339e-01   1.6248164e-01  -1.1145600e-01  -1.1774568e-01  -3.3895195e-02   8.7428476e-02  -1.8784806e-01   8.7610616e-02   6.9515244e-02   1.5058721e-01   8.4743723e-02  -8.4988994e-03   3.0857347e-01  -2.3426753e-01  -1.9668573e-01  -1.6421293e-01   2.1010173e-02   1.4303444e-01  -4.1462171e-02  -9.6934907e-02  -6.0461258e-02   1.1251966e-02   1.3594032e-01   1.1029687e-01  -2.0470860e-01  -9.8649086e-02  -1.9091255e-01  -1.9156442e-01   7.1200459e-02   2.7547522e-02   2.5789062e-01   9.2144114e-02  -1.7952210e-03   7.6492542e-02   2.3779536e-01  -2.1358178e-01  -7.1825579e-02   4.6292317e-02  -3.5315441e-01  -1.2357293e-02  -3.8464460e-02  -1.5111071e-01   1.9527900e-01  -1.1373125e-01  -4.0055083e-02  -5.2534366e-02   1.3985839e-01  -9.7605713e-02  -4.7808015e-02
  -1.5207814e-01  -1.0047515e-01  -7.1439138e-02  -5.2265248e-02  -2.5083591e-01  -2.5205820e-01   1.4751008e-01   1.9803079e-01  -2.6691491e-01  -3.4446413e-02  -7.3559858e-02  -2.0083988e-01   8.2761219e-02  -9.5012804e-02  -2.8810959e-02   1.6953850e-01   1.9576139e-01  -1.1180859e-01  -1.5252386e-01  -2.3688898e-02   2.7049568e-02  -6.7962988e-02  -1.1115484e-01  -3.4731454e-02  -3.1404543e-01   2.2603593e-01   5.9848521e-02  -2.8346983e-01   1.4561631e-01  -1.5954458e-02  -7.1065132e-02  -3.8041597e-02  -2.2214527e-01  -1.6247413e-01  -1.1009186e-01  -1.2992113e-01  -1.7252290e-01   8.0887078e-02  -2.5867375e-02   3.9164537e-02  -5.0106149e-02  -2.2171732e-02  -1.5595484e-01   5.4023281e-02  -7.1849785e-02   3.2981588e-02  -9.3146763e-03   2.6848157e-01  -2.8247309e-02
  -1.4077054e-01  -1.8206120e-01   2.6451817e-01   1.4571616e-01   3.8571196e-02   1.3272584e-02  -4.1576115e-02  -4.4904259e-02   4.7666980e-02  -2.8230493e-01   1.8332217e-01   2.4422240e-02   2.5238860e-02  -7.6971807e-04  -6.4255494e-02   1.3699575e-01  -2.6189946e-01   1.1790478e-01  -3.0708116e-01  -1.3363674e-01  -2.3931290e-01   1.6576977e-01   1.4468684e-01  -3.3549312e-02   1.2843793e-02  -1.6965266e-01   1.5453829e-01  -1.4984511e-01  -1.9464993e-01  -1.3708906e-02  -6.5044477e-02   3.5718679e-02  -2.7790735e-02   1.4805724e-01  -2.4004940e-01  -2.8371625e-01  -1.2959650e-01   1.4738419e-01   7.9537966e-02   6.4418057e-02  -5.1614052e-02  -8.8886631e-02   5.9653697e-03   1.2302490e-02   6.3144530e-02   1.8854358e-01   1.3493413e-01  -3.8460100e-02   1.0302374e-01
  -1.3184729e-01  -1.2360213e-01  -7.2969726e-02   4.3320688e-02  -1.3195061e-01   5.0210443e-02   7.8894495e-02   1.3504086e-01  -3.8190728e-02   1.7981450e-01  -6.5870631e-02   2.7145801e-01   1.2932151e-01  -2.7889024e-02  -4.4519242e-02  -8.0469222e-02  -2.0672000e-01   8.9772244e-03  -5.6411506e-02  -1.0901347e-01   1.0775941e-01  -2.3072511e-01   1.4451994e-01  -3.6568485e-01  -2.2273866e-02   8.1952954e-03   1.6428035e-01   2.8267817e-01  -9.3933562e-03   6.4782141e-02  -3.4879392e-02   6.6682542e-02  -2.5122501e-02   1.1000313e-01  -2.6689935e-01   8.8797616e-03   2.0487895e-02  -7.3129428e-02  -2.2416358e-01   1.6183932e-01  -1.8663849e-01  -1.8820855e-01  -1.0045197e-01   5.6343583e-02  -9.4140026e-02  -1.6565296e-01  -2.8747752e-01  -1.0153883e-01  -6.4720598e-02
  -1.4010781e-01  -1.1184391e-01  -2.1299475e-01   2.9583440e-02   2.1442729e-01  -2.1589415e-01  -5.0922448e-02   2.0731024e-01   1.1793546e-01  -5.5336612e-02   2.2141369e-01   4.9747456e-02   4.5909726e-03   1.0177168e-02  -1.2243190e-01   1.2083643e-01  -2.6422513e-02   2.6587268e-02   6.1787057e-02  -6.8562414e-02   1.0235054e-01   2.1369928e-01   9.0655611e-02  -1.5387614e-01   1.4083114e-01   2.1873830e-01   2.1217893e-01   4.1956120e-02   1.5222643e-01   1.0025496e-01   8.5566108e-02  -1.1251327e-01   1.9121612e-02  -1.2940677e-01   2.8779593e-01   1.9809961e-01  -2.6974224e-01  -8.1484054e-02   1.8686642e-01   4.3813093e-02   5.7665452e-03  -2.0786886e-01   4.2892335e-02  -1.5329108e-01  -1.8198471e-01   1.6998431e-01  -1.7484481e-02  -1.5661396e-01   9.3795340e-02
  -1.4132849e-01  -1.1529113e-01   4.7437293e-02  -1.4158114e-01  -1.9031637e-01   8.7186567e-02   6.4389923e-02  -8.3976116e-02  -8.3048280e-02   6.3011696e-02   6.8011044e-02   5.5944626e-02   2.0939107e-01  -5.1344813e-02  -2.2424771e-01   2.3591982e-02   1.7215308e-01   4.7227839e-02   1.1770607e-02  -3.0593819e-01  -3.4945655e-02   1.5025962e-01  -1.9026676e-01   1.0039877e-01   1.5097534e-01  -7.2996615e-03   4.2248290e-03   1.5426441e-01   4.3380436e-01   7.7632452e-02  -8.2747932e-02   9.3755436e-02   2.2955813e-01   8.6992970e-02  -1.5770283e-01  -3.8611702e-02   2.7047248e-02  -9.3843661e-02   1.7862961e-01  -9.2504441e-02  -1.4248187e-01   3.3604173e-01  -5.2983840e-02  -6.2304583e-02   7.3435846e-02   9.0109917e-02   5.1435888e-02  -1.6374287e-01  -4.1961634e-02
  -1.3739675e-01  -8.2389045e-02  -7.9958541e-02   4.6744240e-02  -1.2334673e-01  -1.4293951e-01  -4.8483339e-01  -1.2586726e-01  -1.5609279e-01  -1.3002074e-01   6.2678401e-02   3.6075219e-02  -1.0575105e-01   1.5126948e-01  -9.2963955e-02  -1.0912741e-01  -1.6218625e-01  -8.0727024e-02   5.1753905e-02   1.9232316e-01   1.5116167e-01  -1.2264966e-01   4.6921901e-02   1.0281272e-01  -1.1290493e-02   1.2957697e-01  -5.9010218e-02  -9.9134359e-02   1.6850745e-02   2.5408861e-01  -2.6212519e-01   1.3094562e-01  -4.7969854e-03   1.4002130e-01   2.1523815e-01  -9.7504932e-02   1.1556831e-01  -1.4345127e-01   4.1977474e-02   1.4831681e-01  -2.3990198e-01   2.2764217e-02  -1.1877277e-01  -9.6006022e-02   2.2626623e-01   4.0757691e-02  -8.6040487e-03   4.2257730e-02  -6.8806120e-02
