  -1.4481776e-01   5.2077913e-02   7.8719875e-02   2.2977836e-01  -2.2632289e-02   1.0044020e-01   2.1341586e-01   1.9094017e-02  -1.3356289e-01  -2.2238990e-01   8.4520233e-02  -9.3055265e-02   3.8166631e-02  -1.0087685e-02  -3.1352889e-02   8.4989749e-02   4.0635746e-01   1.1692223e-01  -8.2680567e-02   1.4263428e-01   1.2405849e-01   2.2025594e-01   1.2163861e-01  -6.9462361e-02  -1.2911356e-02  -6.9607034e-02  -2.1401967e-01   2.0037296e-01   1.9578000e-01  -7.9909874e-02   2.4087168e-01  -6.8063388e-02  -1.7115600e-01   5.9056018e-02   2.5404292e-01   6.6077447e-02  -8.1084363e-02   1.5872780e-02  -8.6780743e-02   4.8166719e-02   1.6713921e-01  -1.8261172e-01   1.6682130e-01  -1.2184037e-01   7.7171328e-02   6.4272379e-02  -1.8724513e-01  -1.7985535e-02   1.1099364e-01
  -1.4279360e-01   2.8000677e-02   2.4391977e-01   1.0643665e-01  -1.2571548e-01   1.2336099e-02   2.2970400e-02   6.3841136e-02   3.3982679e-01   4.7335819e-02   1.0840307e-01   4.2357032e-02  -2.6986107e-02  -1.6225424e-01   6.8815015e-02  -7.4991778e-02   3.9341371e-02  -1.4848615e-01   2.7019236e-01   1.0526319e-01   2.6314847e-01   2.5585641e-01  -1.7548074e-01   2.8324740e-02   2.8811731e-02   3.5784842e-02  -2.5464820e-02  -9.0686914e-02   1.8667323e-01   3.4016196e-02  -1.2249495e-01   1.2548696e-01  -3.1863035e-01  -1.0082022e-01  -1.3862320e-01   1.8169507e-01  -8.5655690e-02  -2.3303553e-02   3.0892735e-01  -8.3040116e-02  -1.0165223e-01   7.4873881e-02   1.0867513e-01   2.9600707e-02   9.6193958e-02   3.2123377e-03   1.7940466e-01   1.0870278e-01  -1.0493112e-01
  -1.3796468e-01   1.1494699e-01   3.6146403e-01  -1.5189362e-01  -1.0749972e-01  -4.7359399e-03  -3.0737315e-01  -4.8192901e-02   1.5425843e-01   3.7627767e-03  -2.6494354e-01  -1.0348626e-02   2.4116407e-02  -3.7981703e-02  -7.5154535e-02   1.0258903e-01  -7.8832891e-02  -2.8336004e-02  -2.5129299e-01  -8.6884046e-02   7.3844037e-02   4.1183774e-02   9.0027911e-02   3.1155904e-02  -1.1262693e-01  -2.6511112e-01   1.2908135e-01  -1.3785452e-02   2.9642182e-01  -2.7209450e-01   2.0669215e-01   1.2607332e-01   3.2776764e-02   6.9702495e-03  -5.9046500e-02   2.3733771e-02   4.9850728e-02  -1.0440977e-01  -9.5499611e-02  -9.4687431e-03   4.2666647e-02   1.0146484e-01  -1.4024406e-01  -2.6747030e-01  -1.7209790e-01  -1.0050834e-01   2.2321399e-02  -6.6470606e-02   5.7702845e-02
  -1.5823629e-01  -1.9327424e-01   4.1690118e-03  -1.2638528e-01  -2.5825659e-01   1.9460743e-01  -4.4374261e-02  -6.8219057e-02  -6.2814882e-02   1.3328950e-01   1.1133356e-01   1.3571930e-01  -2.9595257e-01  -2.1375847e-02  -1.7034141e-02  -3.0921993e-02   1.1668256e-01   2.0204233e-01   2.0655206e-01   1.2632186e-02   1.0785277e-01   4.3918670e-02  -4.0762820e-02   2.7038588e-01   5.5135675e-02  -1.3960242e-01  -6.7201778e-02   1.9153189e-01   1.1626620e-01   1.8380021e-01  -1.1326876e-01  -5.6784387e-02   1.6640258e-01   2.0619884e-01  -1.9024614e-02  -1.8645806e-01   1.7090222e-01   1.8513351e-01  -2.0088344e-01  -2.5518311e-01   1.1176405e-01   1.4504454e-01   4.2401851e-02  -7.1124749e-02  -8.0837432e-02  -1.3118045e-01   1.0748141e-02   4.2445793e-02  -1.2488072e-01
  -1.4372561e-01  -2.1118687e-01   1.6985859e-01   4.2619322e-02  -5.0591193e-03  -1.0676892e-01   1.2941638e-01  -1.2730069e-01  -3.0841590e-02  -1.1092604e-02   4.5497283e-02  -2.3865705e-02  -2.6668002e-03  -3.8575379e-01   2.3368561e-01   1.2702145e-01   1.5163366e-01   2.2271011e-01  -2.4950431e-01   7.1847202e-02  -2.7382173e-01  -7.3435877e-02  -8.8336234e-02  -1.5905770e-01   1.5702680e-02   1.0425493e-01   9.0854127e-02   6.2177061e-02  -1.4051005e-01   8.6175324e-02  -2.2040553e-02  -3.5434291e-02  -1.0238662e-01   9.1978086e-02  -2.3320235e-01   4.3333645e-02   1.2513360e-01  -3.4620509e-01   6.7722006e-03   8.1432693e-04   1.9635426e-02   4.9445147e-02  -6.3826708e-02  -5.1201579e-02   6.3167789e-02  -2.3976194e-01  -5.3488587e-02   4.4021765e-02  -2.1030883e-01
  -1.3630965e-01  -8.2863450e-02  -4.0845794e-02  -1.7756237e-01  -5.4711311e-02  -1.9073073e-01   9.8701973e-02   1.8562526e-02  -3.8516561e-01   7.9101459e-02  -6.9700809e-02   1.4618404e-01  -2.7847177e-01   5.8614169e-02  -1.5779144e-01   5.7090646e-02  -1.9594306e-01  -3.6140581e-02  -6.1700889e-02  -2.1726810e-02   1.1669449e-01   1.6081155e-01   8.2124693e-02  -2.8596662e-02  -1.0840082e-01   1.4263514e-01   3.1822295e-01  -2.8442531e-02   6.5745097e-02   1.5273576e-01   3.2018373e-02   6.5585249e-02  -1.3699390e-03   6.9021488e-02   9.3206479e-02   2.6760078e-01  -1.3662399e-01  -5.3672044e-02   7.5239176e-02   7.8203426e-02   6.9154869e-02  -2.2727077e-01   2.1411445e-01  -9.7697922e-02   1.3569631e-01  -1.6350957e-01   2.0921841e-01  -1.4495908e-01  -6.0074284e-02
  -1.4177764e-01  -2.0450946e-01  -1.8415099e-01  -1.1346711e-01  -1.2868148e-01  -9.8689737e-02  -1.8673208e-01   3.1499088e-02  -2.5496729e-03  -7.8883800e-02   2.2784853e-02  -1.4224946e-01   2.0586202e-01  -3.4255555e-02  -3.3690215e-02  -7.4082514e-02  -1.3352144e-01   7.4979398e-02   2.1987714e-01  -4.4703639e-02  -1.0873723e-02   3.8694149e-02   7.9072409e-03   8.9786073e-02   3.9687682e-01  -1.8458180e-01   5.7961726e-02  -1.9467405e-01   1.2741782e-02   1.0875424e-03   1.3214905e-01  -1.7059817e-01  -5.9365154e-02  -3.9209175e-02   2.6388859e-01  -1.2777740e-02  -1.6119075e-01  -1.4404645e-01   4.5584406e-03   2.0394972e-01   2.1112231e-02  -6.4703177e-02  -1.1066441e-01  -1.5594024e-01   1.0920115e-01  -1.6348565e-01  -1.2158549e-01   3.2319050e-01  -1.6301022e-01
  -1.3339452e-01   1.9381831e-02   1.0553336e-01   6.4237918e-02   2.6662640e-01   9.4955084e-02   1.0209784e-01   1.7447018e-03   1.0396475e-01  -5.3725227e-02   3.9952299e-03  -2.6050550e-02  -1.6097811e-02  -1.1193118e-01  -2.6759861e-01  -1.8463251e-02   9.3692637e-02   1.3464916e-01   1.5668440e-01  -4.7554232e-02   2.8353147e-02   1.1339538e-01   2.4862461e-01   4.9085659e-02  -6.4116482e-02   1.1306557e-02   1.7336526e-01  -6.4082700e-02  -9.4440704e-02  -2.2760015e-03  -2.0180095e-01  -3.5569489e-02   8.5041525e-02  -1.2152466e-01  -4.3475096e-02  -4.1991131e-01  -5.6835385e-02  -1.4210172e-01   1.5417008e-01   4.5187243e-02   3.6537441e-01  -1.8797803e-01  -2.5786813e-01  -2.5056519e-02   1.7935576e-02   1.8263306e-02   2.5599879e-01  -1.4893063e-02   6.4546303e-02
  -1.5801006e-01   9.3866420e-02  -6.7103073e-02  -8.5821447e-02   1.7844577e-01  -7.6463297e-02   9.0358625e-03  -9.0490972e-02   2.0715486e-01   1.3665496e-01   6.7220629e-02  -9.2646684e-02  -1.8940453e-01   1.6724592e-02   4.0360317e-03  -1.0568099e-01  -1.0781318e-01   2.9961178e-01   2.0430936e-02   1.3316178e-01  -1.6470010e-01   1.0449656e-01  -1.1543240e-01  -1.4893773e-01  -1.4407490e-01   2.6022236e-01  -1.9426239e-01  -2.2815723e-01   2.3739265e-01  -1.2602948e-01   1.3448079e-01  -9.8850986e-02   1.4414308e-01  -7.9631225e-03   1.0640519e-01   4.9507190e-02  -1.0278740e-01   1.3319358e-01  -1.3056910e-01   2.4452607e-01   2.0018160e-01   2.9627486e-01   2.0750726e-02   8.3952684e-02   3.4253107e-02   3.4765569e-02   6.6361149e-02  -6.8793969e-02  -1.6822971e-01
  -1.5792572e-01  -1.7261556e-01  -9.5315176e-02   9.7057637e-02  -8.6940608e-02  -1.8267486e-02  -1.2481635e-01  -8.5424035e-02  -8.3535936e-02   1.5117201e-01   9.5430116e-02  -2.1700480e-01   7.9107517e-02   1.9030693e-01  -9.6940930e-02  -6.0038602e-02   1.1292499e-01   1.4857781e-01   2.0615392e-01  -7.1768916e-02  -2.4116027e-01  -2.6633916e-01   1.1377891e-02  -5.8413315e-02  -6.1244200e-02  -1.2186857e-01   6.6350570e-02  -6.4535760e-02   1.4017658e-01   1.3531387e-01   1.3633239e-01   2.6042276e-01  -2.0288401e-01  -1.0505167e-01  -6.6964289e-02  -7.6849740e-03  -2.0308678e-01  -1.5537686e-01   7.9582804e-02  -2.5942013e-01   2.3908301e-02   5.7900670e-02   1.9568748e-02  -5.4841510e-03   4.5956788e-03   1.9201134e-01  -2.2121192e-02  -3.8762596e-01   1.0200313e-02
  -1.4222210e-01   1.4050178e-01  -2.6983217e-01   9.8919794e-03  -2.7022795e-02  -1.2171233e-01   1.2324274e-01   2.6204026e-01   1.8839290e-01  -3.4672895e-02  -1.1006545e-01   5.3602206e-02   3.0993217e-01  -6.0719666e-02  -1.7617898e-01  -5.5861330e-02  -8.8080757e-02  -1.5020203e-01  -1.1815764e-01  -2.1440477e-02   3.8396048e-02  -1.2285450e-01   1.6689339e-02   1.3083298e-01  -1.9254301e-01   7.9531975e-02  -9.4759689e-02   5.9270377e-02   2.7688930e-02   5.5178018e-02  -6.1771998e-02  -3.4029424e-02   1.9470607e-02  -3.8975217e-05   3.3509305e-03   1.2594457e-01   8.5559319e-02  -3.2078569e-02   1.5787644e-02  -3.0878992e-01   3.6544723e-01  -2.7723719e-02   6.1951346e-02  -5.8358043e-02  -5.5905341e-02  -8.0394558e-02  -1.8512626e-01  -3.6440768e-02  -3.8962499e-01
  -1.2798545e-01   7.7111903e-03  -8.2246944e-02  -4.8394304e-02   6.4979189e-03   2.3022890e-03  -6.3901056e-02   4.3209721e-02  -1.1938828e-01   3.2457468e-01  -1.1063728e-02   9.6318197e-02   3.6237453e-02  -1.0871828e-01  -2.2426369e-01  -3.1964754e-01   2.2955422e-01   2.8293101e-02  -3.0704940e-02   3.1874018e-02  -1.9594006e-02  -1.4598581e-01  -4.5877469e-02  -5.6328515e-02   5.6568492e-02   8.1036741e-02  -1.1979975e-01   5.6526591e-03   4.5972025e-02  -3.9802323e-01  -1.6339211e-02  -8.0835448e-02  -1.5319155e-02   1.0258018e-01   1.6484579e-01   1.8399889e-01   1.4083965e-01  -1.7211972e-01   2.2395239e-02  -2.0493384e-01  -1.1833157e-01  -1.5231133e-01  -1.2034962e-01   2.4234555e-01  -1.3646724e-02  -1.3699746e-01   2.1843844e-01   1.2890197e-01   2.0612303e-01
  -1.3816628e-01  -2.5461772e-02   1.6480114e-01   2.3798303e-01   3.9753735e-02  -1.2110780e-01  -2.3147991e-01  -5.3250780e-02  -4.4832906e-02  -1.5367296e-01   1.5302922e-01   1.0198276e-01   1.4752616e-01  -2.0497096e-01  -2.5544587e-01  -2.0735279e-02  -1.1617605e-03  -1.6362221e-02  -8.2205222e-04   1.0252232e-02  -9.2204934e-02  -3.3140143e-01   2.0389325e-02   4.7826866e-02  -1.9793605e-01   9.8155348e-02   1.7085189e-01   3.4803306e-02   1.6823214e-01   1.1501010e-01  -1.1838983e-01  -3.0409634e-01  -6.1245713e-02  -7.6395588e-02   4.4358941e-02  -6.2538287e-02  -8.8199533e-02   3.5178253e-01   3.4020530e-03   1.1775474e-01  -1.7657031e-01   6.2518072e-02   1.9179270e-01  -1.9272171e-03  -5.3178037e-02  -1.8741836e-01  -2.7411277e-02   3.7790699e-02   1.1564905e-01
  -1.5642377e-01   8.2257895e-02  -1.0423643e-01   6.0177781e-02   2.8796184e-01  -1.7867877e-02  -1.8068676e-01  -4.1522678e-02  -7.4862104e-02   8.5377068e-02   9.5148005e-02   7.1307200e-02  -1.1830389e-02  -2.4837273e-01   1.2529529e-01  -3.3589133e-02   8.9134341e-02  -2.1098862e-01  -3.5025755e-02  -2.5974307e-01  -3.2638099e-02   1.8825400e-01   8.8527638e-02   6.4603606e-02   2.1186130e-01   1.2007605e-01   1.3080710e-01   1.4655756e-01  -3.1644331e-02  -6.9440274e-02  -1.4120205e-01   8.6829639e-02  -1.6189623e-01   1.7147744e-01   2.7754419e-01  -4.7821802e-02  -4.0470259e-02  -1.1099218e-02  -1.2154581e-01   4.7160199e-02  -1.1735738e-01   1.3597855e-01   1.1030196e-02  -8.0817614e-02  -2.5763585e-01   2.6702976e-01   2.5232697e-02  -1.9165838e-01  -2.4991255e-01
  -1.5625297e-01  -2.7521362e-01   6.5319716e-02  -2.0424749e-01  -9.8253966e-02  -4.6858763e-02  -9.1971995e-02   7.5996526e-03  -8.0570757e-02  -5.8969609e-02  -1.9492544e-01  -2.8279821e-01   1.8724059e-02  -1.4114152e-01   8.3796045e-02   6.3907106e-02   1.5590295e-01  -2.1399653e-01  -5.7240535e-02  -7.0577099e-02   1.2376031e-01  -1.3164064e-01   1.4453009e-01   3.0840540e-01  -1.0749629e-01   1.7774625e-01  -6.6967233e-02  -2.1910086e-02  -8.7662194e-03   1.9454448e-02  -9.4332861e-03   1.6538291e-01  -4.1913413e-03   3.7730893e-03   9.4787440e-03   6.4809005e-04   4.8375588e-02   5.4339178e-03  -1.6236396e-02   2.1743961e-01   2.0921195e-01   1.5570442e-01   9.6006580e-02   4.1223434e-01   1.3444731e-01   1.7148903e-01  -1.4886724e-02   1.1033786e-01   1.1863885e-01
  -1.5291214e-01  -2.0046269e-01   9.2962904e-03   5.4413440e-02  -8.9455539e-02   4.4784684e-01  -2.6010340e-02  -1.5072938e-02   8.1747356e-02   4.7011066e-03  -9.4385299e-02   1.8933970e-01   9.5677070e-02   5.2251416e-02  -1.3776407e-01  -1.1649314e-01  -3.6353834e-02  -2.2718664e-01  -8.4115083e-02   8.2477464e-02  -1.2929920e-01  -4.2848700e-02  -3.0689237e-01  -1.2618794e-01   6.8397123e-02  -7.4829616e-02  -3.8333406e-03  -6.3729028e-02   3.1813893e-02   7.6567586e-03  -2.6680113e-02  -6.6847794e-02   1.4088740e-01   7.2736174e-02  -9.8037342e-02  -8.4641430e-02   6.0966750e-02  -1.9525583e-01  -3.4729384e-02   3.3282917e-01   7.6491496e-02  -1.9683329e-01   3.2900046e-01  -1.8292171e-05  -8.9929553e-02   1.8988131e-01   4.6809446e-02  -1.0711594e-01  -7.4536872e-02
  -1.4512795e-01  -8.0731705e-02   3.3459911e-02   4.8019793e-02   1.8359877e-01   1.7500922e-01   4.1084196e-02  -1.0786499e-01   1.8866359e-01  -3.7466645e-02   6.2115897e-02   1.2730275e-02  -2.9498904e-01  -3.3182075e-02  -2.0008566e-02  -2.8877458e-01   7.8702311e-02  -8.9781469e-02   6.1403463e-02  -8.5291849e-02   1.2651696e-01  -2.7658320e-01   3.4673007e-01  -1.8315087e-02  -3.5328701e-02  -2.2252797e-02  -7.7196467e-02  -1.5519431e-01  -2.0197344e-01   5.6395323e-02   2.0586549e-01   1.6436092e-01   6.1723705e-02   6.0669079e-03  -7.9819042e-02   2.6629055e-01   1.4767571e-01   1.5336615e-01   3.4610384e-02   1.2872796e-01  -1.3192253e-01  -1.6399825e-01  -9.3094413e-02  -1.8119404e-01   3.1244096e-02  -6.2576808e-02  -1.9231962e-01   2.8845720e-04  -1.5161045e-01
  -1.4104304e-01   2.9542746e-01  -2.2468397e-02  -8.0471936e-02  -2.0704836e-01  -4.1367877e-02  -2.5789170e-02  -8.4591206e-03   2.8881772e-02   2.1752713e-01   1.6968556e-01   1.2169201e-01   2.1555026e-01   4.4176306e-02   1.0803273e-02   5.9585028e-02   7.0339246e-02   1.3965588e-02  -1.4190887e-01   5.3582757e-02   2.1096516e-02   3.6936728e-02   1.2189510e-01  -1.1492220e-01  -9.5930925e-03  -8.6055428e-02   3.4517094e-02  -1.8361396e-01   1.1238678e-01   3.6640212e-01  -1.6415636e-02   4.6243453e-02  -1.1096008e-01   3.8797509e-01  -9.7380975e-02  -4.3353165e-02   2.7878434e-02   1.3963101e-01  -1.8500725e-02   2.1588882e-01  -8.3817827e-03  -1.8276012e-01  -3.2493687e-01   2.3190292e-01   1.7383620e-02   9.1790915e-02  -6.0946381e-02   1.1305837e-02   1.2239486e-02
  -1.4251507e-01   3.0121590e-01  -5.8669656e-02  -2.7519638e-02   1.0940857e-01  -4.8871000e-02  -2.1916258e-01   1.6831728e-01  -1.5331121e-01  -5.4559308e-02   1.9948717e-01  -1.7093265e-02  -2.0259994e-01  -3.3700210e-02   1.4021415e-01  -1.3263224e-01  -1.4028943e-01  -9.5189408e-03  -9.7839801e-02  -1.4775615e-01  -1.2414869e-02  -9.3857728e-02   1.1817233e-01  -1.4957164e-01   8.4528577e-03  -1.6424669e-01  -2.7741120e-01   9.8928116e-02   1.2373658e-01   2.6273811e-01  -2.7257863e-02   3.4269370e-02  -1.1806826e-02  -2.4591832e-01  -1.3811117e-01  -7.1718052e-02   5.3262235e-02  -2.8179546e-01  -9.6962398e-02   9.6961601e-04   7.9258168e-02  -2.2939796e-02   2.3102185e-01   1.5442539e-02  -2.5386378e-02   3.4177521e-02   1.3582398e-01   2.9283297e-01   9.2717646e-02
  -1.2873200e-01  -1.9996653e-02   9.3285726e-02  -1.2581068e-02   9.5500824e-02  -2.4564966e-01  -3.0454896e-02  -1.0773738e-01   8.0315587e-02  -2.4104668e-01  -2.1294690e-01   1.5274814e-01  -8.7205576e-02   1.1747998e-01  -1.1393127e-01  -2.1900011e-01   3.2322237e-02  -3.8253618e-02   7.4521947e-02   2.5279684e-01  -2.5463461e-02   4.6942354e-02  -5.9647211e-02  -2.8466786e-01   1.0118230e-01  -4.4765822e-02   1.1315998e-01  -2.7509372e-02  -1.0058952e-01   5.7781850e-02  -2.6486290e-01   3.4772867e-01   1.0604311e-02   1.3397452e-01   8.9889740e-02  -3.5218749e-02  -1.4310113e-01  -2.4665298e-02  -2.1997633e-01  -1.3795138e-01   8.9941985e-02   8.5090395e-02   5.6222625e-02   1.1646747e-01  -7.5884423e-02  -4.2551315e-02  -2.8723018e-01   1.6372221e-01   1.4841598e-01
  -1.5472037e-01   4.3109313e-03  -1.1117340e-01   3.2874062e-01  -1.2096618e-02   7.8344577e-02  -1.3232990e-01   4.4421405e-02   1.2723408e-02   1.9607114e-01   9.9824889e-03  -1.2441663e-01   7.2079045e-02   1.5966299e-02  -3.1862205e-02  -2.8119851e-02  -1.9150167e-01   1.5614977e-01  -8.8053828e-02   1.7130432e-03  -4.9676625e-02   2.3776503e-01   6.7876105e-03   2.1899509e-01  -1.6978857e-01   9.1136562e-02   6.9684013e-02  -9.6894619e-02  -6.7661594e-02  -4.9681633e-02  -2.6736989e-01   1.2415306e-01   5.0964511e-02   4.6027852e-02  -3.4556335e-02   7.1339079e-02   2.0824770e-01  -7.6267582e-02  -1.7928683e-01   1.5821585e-03  -1.2848777e-01   2.1534494e-03   4.3477334e-02  -2.5647267e-01   3.9908010e-01   1.2390750e-01  -1.8565622e-01   7.8886133e-02   2.3545678e-01
  -1.2808964e-01  -1.7734499e-01  -5.2899664e-02   1.9449272e-01  -5.7220161e-02  -2.1099997e-02   3.3045500e-01   2.3514247e-02  -1.1659981e-01  -2.9051462e-01   1.0924767e-01  -5.2671525e-02   1.0785588e-01   2.0141458e-01  -8.6780179e-02  -6.1763195e-02  -2.4977435e-01  -2.6937560e-02  -2.0634643e-03  -3.6500588e-02  -1.2569602e-01   5.0626250e-02   1.5121011e-01   1.1244664e-01  -8.0269741e-02   8.7550294e-02  -1.1223651e-01  -7.3382639e-03   1.4806424e-01  -1.4220538e-01   7.5653973e-02   2.1620093e-01  -8.4060698e-02   2.4375411e-01  -1.5444940e-01  -8.6335655e-02   3.9038836e-02  -2.8139748e-02  -8.1851695e-02   4.5643090e-02  -2.0635060e-01   1.0615838e-01  -9.6214485e-02   1.1565903e-02  -2.6797165e-01  -4.4805558e-02   2.9019223e-01   2.1595862e-01  -7.2835855e-02
  -1.6383734e-01   8.3799531e-02   4.2509967e-02  -1.6487766e-02  -2.7785417e-01   4.3959383e-02   1.4682645e-01   3.6327176e-02  -7.3745812e-02  -9.3148431e-02  -8.3965693e-02   1.2923325e-01   2.3688809e-01  -4.3421877e-03   5.5870039e-02  -1.8531594e-01   1.7149380e-02   1.0428106e-01   1.8104040e-01  -2.0472703e-01   2.2644307e-01   2.4147470e-02   1.8409994e-01  -2.4984555e-01  -5.3655351e-02   3.7546188e-02  -1.5488284e-02   2.3008719e-01  -3.8510522e-02  -1.1340782e-02  -1.2383310e-01  -8.4932390e-02   2.9580010e-01  -1.5795624e-01  -6.5372703e-03   5.7809496e-02  -8.6285904e-02  -1.7584063e-01  -6.7275112e-02   1.6829835e-01  -2.1253139e-01   2.8949036e-01  -1.0521354e-01   7.1689506e-02   1.4826003e-01  -2.3336071e-02  -3.5314545e-02  -2.3866930e-01  -4.4157023e-02
  -1.5538270e-01   1.0863091e-01  -1.4474775e-01   1.1173893e-01  -8.9181819e-02  -4.8876035e-03   2.0522070e-01  -1.3865684e-01   6.7253535e-02  -5.6517728e-03  -1.2224023e-01   2.7289966e-01  -6.4677088e-02  -2.2676321e-01   1.8278018e-01   2.0764343e-01  -2.5245525e-01   1.2521657e-01   7.8080643e-02  -9.0945672e-03  -2.2237299e-01  -1.1856163e-01   1.1190243e-01   1.5114740e-01   2.4194148e-01  -1.4797073e-01  -6.8914825e-02   2.9725770e-02   1.9213312e-01  -1.6198540e-01  -9.3899827e-02   2.3955243e-01   2.2322765e-02  -1.9785671e-01   1.2206229e-01   1.9490016e-02   1.0267129e-01   1.2198433e-01   1.5372112e-01   8.2742205e-02   5.0977257e-02  -1.5683347e-01   5.3899229e-02   1.9342329e-01  -8.6788727e-03  -8.1559547e-02  -9.1461496e-02  -1.4623667e-01   1.4317068e-01
  -1.4210187e-01   2.7505306e-01   6.6570560e-02   8.8865744e-03  -1.4698232e-01   2.5560826e-01   9.2372978e-02   4.0571870e-02  -1.0426943e-01  -9.6535138e-02  -1.5940381e-01  -2.0824894e-01  -9.9326065e-02  -1.2498053e-01   2.3635755e-01  -1.2279595e-01  -1.3152525e-01  -1.2534897e-01   1.8434948e-02   1.5213406e-01  -8.6883620e-02  -2.0708816e-01  -3.8220806e-02   1.1374770e-01   4.7231073e-02  -6.6560482e-03  -4.0662359e-03  -9.3224082e-02  -1.6525090e-01  -7.5443146e-02  -1.2807720e-01  -1.6056232e-01  -1.5095658e-01   1.0311853e-01  -5.6132115e-02   7.1133794e-02  -4.0245544e-01   1.0631107e-01  -2.9840025e-01  -1.1713108e-01   8.1083793e-02  -7.1541876e-02  -1.1885679e-01  -8.8076822e-02   8.4075679e-02  -3.9003359e-02   1.9256521e-01  -1.0630315e-01   3.7613728e-02
  -1.5262056e-01  -1.3123487e-01   3.2431981e-01   2.4067616e-01   4.3246647e-02  -2.8539427e-01  -8.2188074e-02   2.8226413e-01   1.3566888e-02  -2.8438424e-02   1.4746940e-01  -5.4598564e-02  -6.8980731e-02   3.5754691e-01   1.8383625e-01  -1.6423324e-01  -2.2491536e-02  -7.6099620e-02  -1.2295419e-01  -1.0684001e-01  -5.1775621e-02   2.6866707e-02  -1.7352509e-01   1.3474661e-01   2.1239445e-01  -5.8979071e-02  -9.6867186e-02   8.1500142e-02  -5.9821541e-02  -9.7654072e-03  -9.1411272e-02  -8.4636482e-02   1.0985800e-01   1.3250271e-02   4.5691912e-02   7.1855601e-02   1.1212751e-01   7.9637008e-02   6.6432370e-02   9.7013969e-02   1.8154225e-01  -9.2146009e-02  -1.6749047e-01   8.8303041e-02   2.0473740e-02  -1.5388322e-01   2.4919752e-02  -2.9076727e-01   2.0790774e-02
  -1.5315484e-01  -6.1502910e-02   2.1557261e-01   2.4990278e-02   2.2553118e-01   2.4046856e-01   2.4148916e-02   1.3680274e-01  -2.5724007e-01   2.1930067e-01  -3.5478604e-02  -7.5892970e-02   1.0223636e-01  -1.2495145e-01  -8.4233428e-02  -3.3835220e-02  -3.8310194e-01   4.8468121e-02  -1.1637502e-01   9.5201982e-02   1.6145526e-01  -3.0869181e-02  -8.1390533e-02  -1.4444461e-01   1.7847249e-01   9.0802825e-02  -4.1853321e-02   2.1781373e-01  -5.8736203e-03   2.3774560e-02   2.2662815e-01   1.2395539e-01   5.6668099e-02   5.5881782e-02  -3.8119457e-02  -1.6677352e-01  -1.3791491e-01   1.8161598e-01   2.5133822e-01  -1.4381186e-01   4.0212594e-03   9.1520176e-02  -8.3392262e-02   7.7848465e-02   8.9727687e-02   4.3356123e-02  -2.1500408e-01   9.5232620e-02  -3.3872180e-02
  -1.5084529e-01  -2.2822095e-01  -1.4945211e-01  -4.7261479e-02   3.7072701e-02   1.1411906e-01  -1.2154856e-01   1.3133161e-01   2.0647691e-01  -1.3583624e-01  -9.7493220e-02   1.2535672e-01  -1.6101638e-01   8.7535901e-02   2.3685454e-01   1.6019484e-01   3.0272994e-02   2.4842179e-02  -1.6613808e-01  -7.7930582e-02   7.3968102e-02  -4.5441533e-02  -4.0956052e-02  -4.0816336e-03  -1.7075884e-01   2.7049452e-01  -1.5234357e-01  -4.9462666e-02   2.1521598e-01   1.1441777e-01  -9.5317417e-02  -7.3193166e-02   1.1813015e-01   4.7703122e-02   1.6502730e-01  -1.2610724e-01  -3.1075189e-01  -1.5192591e-01   1.4159011e-01  -1.6865033e-01  -2.5576278e-01  -2.0749344e-01  -2.0346733e-01  -3.5231528e-02  -6.0066027e-02  -1.7590848e-02  -1.0665545e-01   1.5013087e-02   1.1005629e-01
  -1.6408513e-01  -1.2533666e-01  -6.3181677e-02   4.9575774e-02   2.1475266e-01  -9.9268993e-02   2.2554750e-01   2.0837826e-01   1.9221741e-01   2.0747685e-01  -1.8313837e-01   9.9474612e-02   8.0660234e-02  -7.4863966e-02  -6.5144166e-02   9.0213468e-02   1.6532484e-01  -1.9657527e-02  -1.4783461e-01  -1.0615701e-01  -1.0381428e-01   1.5707678e-01   9.0034129e-02   9.4587321e-02   1.1609786e-01  -3.1632254e-01  -4.1139831e-02  -1.3156528e-01  -1.5264875e-01   1.9604498e-01   1.8990918e-01  -8.6085279e-02   1.5076360e-01  -2.4833744e-03  -1.0763969e-01   5.0681155e-02  -2.4878081e-01   1.0619671e-01  -1.2362464e-01  -9.1165466e-02  -1.7313090e-01   1.8821085e-01   1.8807317e-01   5.4958548e-02   2.4985683e-02  -5.2256544e-02   1.7315925e-01   1.2238304e-02   1.7520656e-01
  -1.3011580e-01  -4.6278876e-02   1.0513992e-01   1.3741348e-01  -3.9877205e-03  -2.4866186e-01   4.7557221e-02  -2.7197631e-01  -1.5720122e-01   1.2432276e-01   2.1641778e-02  -1.1890634e-01   3.5443882e-02  -1.1863880e-01  -1.3574692e-02   1.9918568e-01  -1.2433661e-01  -3.2028177e-01   1.4503295e-01   1.9450427e-01   2.1730048e-01   5.2631261e-02   3.9572773e-02  -8.5667181e-02   1.5194031e-02   2.8207952e-02  -2.7382593e-01  -3.2412708e-01  -3.6774261e-03   3.8696594e-02   4.7040761e-02  -1.5114528e-01   1.8625262e-01  -1.0572833e-01   2.5337907e-02  -1.8232087e-01   1.5215629e-01  -1.2320783e-01  -1.8646456e-01  -1.8287175e-01  -1.1883836e-01  -1.2457272e-01  -7.1460060e-03  -8.1191105e-04  -9.5692453e-02   3.2853255e-03  -4.1916783e-02  -1.7709587e-01  -3.5127641e-02
  -1.3836966e-01  -9.9090329e-02  -1.7760458e-01   5.2071221e-02   1.8022854e-01   8.6849591e-02   1.7266259e-02  -1.6485125e-01   3.7199376e-02   2.6554895e-02   7.7680211e-03  -4.7838935e-03   1.9029031e-01   1.8640029e-01   3.2867526e-01  -1.8672231e-02  -2.4113749e-02  -5.1160178e-04  -3.0947804e-02   3.1246194e-01   2.0778447e-01  -9.9932362e-02   1.5940901e-01  -3.8067704e-02   1.5173364e-01   5.9739541e-02   3.2246960e-01   6.3205971e-02   1.4827466e-01   1.0652335e-01   5.4610860e-04  -2.0255282e-01   6.6398769e-02  -5.7214807e-02  -4.5499351e-02   2.5423508e-01   1.6653945e-01  -1.3359437e-02   5.5718112e-02  -7.6967629e-02   1.8343234e-01   1.5611429e-01  -3.1323140e-02  -9.1805768e-02  -1.8593101e-01   9.4398300e-02   1.5184273e-01   6.7284628e-02   2.2321768e-01
  -1.3263748e-01   2.0855121e-01   7.0995600e-02   1.1872436e-01  -1.2173745e-01  -1.0020026e-02   2.3938924e-01  -2.6675683e-01   3.7933474e-02   2.5793327e-01  -2.3919255e-02  -2.1391153e-01  -5.5732636e-02   2.3508981e-01   6.7586880e-02  -8.9101518e-02   1.6217292e-01  -8.3212752e-02  -2.0362368e-01  -5.8917464e-02  -3.6039010e-02  -3.6372747e-02  -1.3623993e-01   1.3170759e-01  -6.9272854e-02  -4.4105650e-03   2.6978191e-01   1.1295336e-01   2.1874379e-02   2.8210423e-02  -1.1069297e-03   7.5622183e-02   1.7239684e-01  -2.9768803e-01   1.8210195e-01  -1.4008776e-01  -1.1159397e-01   9.7756643e-03   1.5902689e-02   1.4264412e-02  -1.3507238e-01  -1.0368376e-01   3.2021966e-02   7.4218426e-02  -7.8656228e-02  -3.5181752e-02  -4.2073190e-02   3.0415584e-01  -2.3623407e-01
  -1.4405153e-01   1.4088373e-02  -2.2919652e-01  -1.0523891e-01   8.9287906e-02  -2.2900101e-01  -6.2099711e-02  -6.8455777e-02  -1.3306973e-02  -8.6006486e-02   3.3119361e-01   4.2200119e-02   8.3849258e-02  -1.4722637e-01   1.0405653e-01   5.2148819e-02   1.0900262e-01  -1.2898026e-01   1.1872268e-01   5.0409678e-02   8.4476651e-02  -3.2416237e-02  -2.7246120e-01   5.5819010e-02  -1.0750032e-01  -1.0027664e-01   7.5782985e-02   2.0560237e-01  -5.5142050e-03  -2.7273386e-01   1.2306340e-01   1.8112104e-01   3.4354722e-01   7.7031291e-02  -3.2523564e-01  -1.6360727e-04  -2.2020531e-01   9.4865112e-02  -2.3644420e-02   5.8273157e-02   3.6960376e-02  -1.7048948e-01  -6.0370765e-02  -1.0817959e-01   1.2156152e-01   7.1203481e-02   1.7798885e-02   3.2404518e-02   6.5820347e-02
  -1.3530701e-01   7.8130201e-02   8.1100341e-02  -1.1031013e-01  -1.6984586e-01   6.5953037e-02  -2.1092080e-02   2.9853251e-01  -1.5938207e-01  -1.9636398e-01   1.1360320e-01   9.1773752e-02  -1.3347734e-02  -8.0873605e-02   6.5192057e-02   2.3596976e-02   1.4802014e-01  -1.6290904e-01   9.1863588e-03   2.4237821e-01  -3.5079560e-01   4.6191573e-02   2.4396074e-02  -7.4993818e-02  -6.5200888e-02   2.1303753e-03   1.0607607e-01  -2.1206222e-01  -8.1378239e-02   3.9758601e-02   1.0765825e-01   1.1606192e-01   2.5031107e-01  -1.2208968e-01   2.8241450e-01  -2.6190707e-02   2.1227320e-01   1.1803753e-01   2.0866445e-01  -1.4676819e-01  -6.1124802e-02   1.6821892e-01  -9.7610020e-02  -1.4926532e-01   8.7278724e-02   1.8223829e-01   1.1664661e-01   6.2214495e-02  -2.4547131e-02
  -1.3287111e-01   1.9521900e-02  -5.6153948e-02   1.6254287e-01   3.4477609e-02  -9.6113866e-02   1.7876728e-03   1.4726341e-02  -1.1251213e-01  -2.3187059e-01  -2.9113995e-01  -4.2936545e-02  -2.0797525e-02  -1.3575146e-01   1.1074534e-01  -6.7794032e-02  -2.9862658e-02   3.4758008e-01   4.9209628e-02  -2.5728473e-01   2.5268230e-01  -3.6944904e-02  -3.6810704e-01  -9.0888911e-02  -1.5975142e-01  -1.8151330e-01   1.2012954e-01  -1.7795622e-01  -8.7388815e-02   5.3646861e-02   1.1689545e-01  -5.6889920e-02  -3.1551081e-02   4.7745944e-02   6.2586361e-02   2.9136017e-02   2.1931205e-01   1.4710631e-01   1.4800573e-02  -7.5702225e-02  -3.1640339e-02  -1.3165803e-01  -3.3032559e-02   1.1473295e-01  -9.9437774e-02   2.6937510e-01   1.2607893e-01   5.3404422e-02  -6.4772960e-02
  -1.6410457e-01   1.9015369e-01   8.2216077e-02  -2.8636889e-01   7.3539062e-02  -5.3494623e-02   7.7549898e-04  -4.9915266e-02   2.2789416e-01  -2.1257792e-01   1.5973102e-01  -1.5074168e-01  -3.5238053e-03   9.6024454e-02  -2.3032642e-02  -4.9135660e-02  -1.5213171e-01   1.8438558e-01  -5.6785595e-02   1.9021355e-01   3.3468758e-02  -2.2080881e-02   1.2136312e-01   2.0613323e-01   3.6310391e-02  -7.9257427e-02   1.1834362e-01   6.9766928e-02  -1.5082566e-01  -8.6062028e-02   7.1623702e-02  -1.6464739e-01   1.6405985e-02   2.3547965e-01   6.3984663e-02  -1.2813792e-01   9.3222642e-02  -1.8845709e-01   1.4711232e-01  -1.2947880e-01  -2.7434401e-01  -7.2721968e-02   3.2095232e-01   2.0256361e-01   9.3826682e-02   8.1045192e-02  -3.0022741e-02  -1.8569449e-01  -3.7456536e-02
  -1.2801183e-01   2.5092358e-01   7.6911480e-02   1.1783239e-01   6.6500878e-02   1.4767637e-01  -7.0165686e-02   2.2780438e-01   4.1481211e-02   4.4420902e-02  -1.9288443e-02   6.2340333e-02  -4.7404386e-03   1.1612133e-01   3.8370400e-02   2.9388859e-01   4.7895894e-02  -1.6056970e-02   4.3199146e-01  -1.0682622e-01  -4.7631532e-02  -2.9901433e-02  -1.0712107e-01   6.5904991e-02  -3.3606461e-03   3.1244902e-01   2.0183090e-01  -3.1152477e-04  -1.2516348e-01   3.5006177e-02   3.3868070e-01   5.1139271e-02   1.4126716e-02   6.5603693e-02  -2.4163332e-02   3.1578707e-02   8.6291619e-02  -1.8404274e-01  -1.8777481e-01   3.2211335e-02   2.9330784e-02  -8.2942141e-03   5.4178617e-02   1.3986359e-01  -1.4435416e-01  -2.4148767e-01  -1.1874001e-01   5.9476878e-02   1.1153063e-01
  -1.2884681e-01   3.7595779e-02  -8.5498933e-02  -1.1144492e-01   1.8318163e-01   7.5595093e-02   2.1593181e-01   2.5879895e-01  -7.3188594e-02   4.2078929e-02   7.0855547e-02  -2.4150986e-01  -1.3283417e-01   1.2211082e-01  -1.0282297e-01   3.6370768e-01   1.2018694e-01  -4.9464779e-02   1.9313599e-02  -3.7985390e-02   1.7117570e-01  -2.7951798e-01  -1.0448268e-01  -2.0097747e-01   6.2208188e-02  -2.2073885e-01   7.3936185e-02  -1.4393503e-01   1.5349131e-01  -1.8260243e-01  -3.7856026e-01   1.4671077e-02  -5.3369732e-02   8.5241892e-02   9.0189238e-03  -4.3820276e-03   1.1211188e-01   8.7447650e-03   2.7477991e-02   1.2286067e-01  -9.9791122e-02   1.7114663e-01   2.3253919e-02  -7.0813685e-02   5.1659449e-02  -9.7317099e-02  -8.2488724e-02  -2.9879074e-03  -6.6135307e-02
  -1.3681174e-01  -4.0111978e-02  -3.1882251e-02   7.7734384e-02  -2.6314139e-01  -5.9460330e-02  -9.4373707e-02  -5.2709209e-02   1.3460974e-01  -9.2596613e-03  -4.2038518e-02  -1.1336248e-01  -1.3618212e-01   1.0165002e-01  -1.1042079e-02   1.4445333e-01  -1.0728380e-02  -9.4415764e-02   5.9076727e-03  -3.0629232e-01  -1.6131336e-01   9.9110011e-02   2.4032864e-01  -3.8208554e-01   1.9635809e-01   1.6030667e-01   9.2425957e-02   2.7515537e-02  -2.5405596e-02  -2.3733604e-01  -6.8145399e-03  -2.3285555e-01   4.3712545e-02   9.7370251e-02  -2.2986094e-01  -2.3060058e-02   1.9364966e-02   2.3309039e-01   7.7325053e-02  -2.2411031e-01   1.0686172e-01  -9.5132055e-02   1.4828880e-01   4.8596509e-02   9.5311117e-02   1.5438596e-01  -1.8574337e-02   1.5449825e-01  -2.3820491e-02
  -1.4819270e-01   2.4631896e-02  -3.5704325e-02  -3.1210040e-01   7.8622453e-02  -1.3120681e-01   2.0248699e-01  -7.1952879e-02   1.4070670e-01  -5.2137006e-03  -1.8316449e-01  -1.1390666e-02   9.2191419e-02   6.2374796e-02   3.6079070e-04  -1.2509553e-01   2.6940163e-02  -1.3285829e-01   5.6288538e-02  -1.1590068e-01  -6.8100876e-02  -7.5228947e-02  -1.8891987e-01  -6.9921301e-02   1.1543473e-01   2.2156523e-01  -6.4192730e-02   1.9242547e-01   1.0542946e-01   1.5449243e-01   1.1947543e-01   1.9214929e-02  -2.6150527e-01  -6.8386723e-02   2.0653349e-02  -2.7249442e-01   2.7976978e-01   1.4189547e-01  -1.1455533e-01   2.9617074e-02  -9.0221434e-02  -5.8575234e-02  -4.2341050e-02  -3.0178913e-01   2.5753471e-01  -3.2107226e-02   1.1864156e-01  -7.5983720e-02   1.9181710e-01
  -1.2766747e-01  -2.7503007e-02  -1.7856030e-01  -1.0544850e-01  -1.0786955e-01   9.4359670e-02   3.7479151e-02   4.2972542e-02   8.0800875e-02  -1.7615387e-01   1.4476769e-01  -2.3295521e-01  -2.1021076e-01  -1.5191124e-01  -3.7116565e-01   3.5525790e-02  -7.8503986e-02  -3.8271355e-02  -1.4732288e-01   5.1162294e-02  -3.3632393e-02   2.2969765e-01  -1.5709632e-01   1.4279815e-02   1.2688576e-01   3.6714296e-02   9.6654037e-02   1.3588825e-01  -2.8555059e-02   1.3117166e-01   1.3229356e-02  -8.1740288e-02  -5.1458344e-02  -3.1711920e-01  -1.2047827e-01   2.2120382e-01   6.9583714e-02   1.6509778e-02  -1.2831591e-01   9.3279586e-04  -9.7679147e-02  -5.4894089e-03  -2.8637993e-01   1.6791171e-01  -2.2646462e-01   5.1630641e-02  -1.3248082e-01  -1.2181658e-01   1.4783655e-01
  -1.3750393e-01  -2.4599427e-02  -5.5007970e-02  -8.6052563e-02   1.8333311e-01   3.2229356e-01  -1.6966066e-01  -3.5071980e-01  -3.0930483e-02  -1.8275829e-01   1.4978948e-01   1.1125476e-02   2.2167984e-01   1.5026836e-01   3.9616676e-02   1.4693105e-01  -3.1243595e-02  -1.0221128e-01  -8.7139098e-02  -1.8961475e-01  -3.1130850e-02   1.9383440e-01  -8.2197807e-02  -1.1630633e-01  -1.4210353e-01  -1.2931555e-01  -9.7760313e-02  -4.8310359e-02  -1.3872332e-01   2.1197624e-02  -4.3571702e-02   1.0100963e-01  -6.3147587e-02  -6.6926784e-02   1.4440335e-01   1.0449945e-01   4.4740265e-02   1.2407799e-01  -2.0077919e-02  -1.6640662e-01   7.0362848e-02   4.1662905e-02  -1.8882843e-02   2.0037428e-01   2.0895036e-01  -3.6060060e-01   1.5462433e-01  -2.8525629e-02  -5.6998201e-02
  -1.2273314e-01  -7.7661905e-02  -8.2633077e-02   1.1522473e-01  -1.8032003e-01  -6.4904415e-02  -1.0673152e-01   5.7118537e-02   1.1144027e-01   3.6831130e-02   1.4000310e-01   3.3971420e-01  -8.3481113e-02   1.4390244e-01  -9.1230283e-02   2.1723279e-01  -2.6220589e-02   1.1200972e-01  -2.4201044e-01   1.7173197e-01   2.8418340e-01  -2.1225941e-01   1.7416311e-02  -1.8710480e-02   7.5809632e-02   7.4786034e-02  -6.2755307e-03   1.2321987e-02  -3.3002571e-01  -1.6153518e-01   1.2260718e-01   8.9111790e-02  -2.5595751e-01  -2.2348946e-01   6.7630900e-02  -1.6757795e-01  -4.2569484e-02   7.9821066e-03  -1.9799127e-01   4.2633640e-02   3.6290375e-02   1.0766454e-01  -4.5382047e-02   5.6179521e-03   1.1463910e-01   1.2110192e-01   1.7895622e-01   1.2533594e-02  -1.1030146e-01
  -1.3312151e-01  -1.1252062e-01   2.0713078e-01  -1.0280577e-01   4.3160547e-02  -8.2010205e-02   2.7811424e-02  -5.0259205e-02   1.2522182e-01   1.7248297e-01  -3.6508966e-02  -1.6456701e-02   2.2992333e-02   5.9083109e-02  -5.9761540e-02   2.6083609e-01  -1.8711141e-01  -2.7270838e-03   2.4892318e-01   5.5979726e-02  -1.8461407e-01  -7.2823037e-02   1.4876229e-02  -7.3763104e-02  -2.6466668e-01  -1.6891217e-01  -1.9001328e-01   3.7519655e-01  -2.1075671e-01   6.6160603e-02  -1.1642105e-01  -1.0371859e-01  -3.8619640e-02   5.0409405e-02   2.2122067e-01   2.7830131e-01  -2.3535047e-02  -1.9151460e-02  -9.0131862e-03   8.2232268e-02  -2.1057827e-03  -1.0424210e-01  -1.1618116e-01  -7.3276889e-02  -9.3590648e-02   2.6446103e-01   9.0305331e-02   1.8186788e-01  -3.8490338e-03
  -1.2433378e-01   1.4832679e-01  -1.4260219e-01   2.1256842e-02  -7.1689361e-02  -3.0819888e-02  -2.8311946e-01  -8.1644214e-03  -5.9321161e-02   2.8195345e-03  -2.7661040e-01  -2.3863251e-01   1.0964915e-01   5.9031408e-02  -7.3823825e-02   1.0628403e-01   1.8154163e-01   2.0341610e-01  -9.1967486e-03   2.1274540e-01   2.7604463e-02   6.1250337e-02   2.4548504e-02  -1.2224368e-02   1.4952381e-01   1.5908566e-01  -2.5900567e-01   9.0006242e-02  -2.1231579e-01   7.4694297e-02  -1.2948687e-01   1.9652913e-01   1.0791732e-01  -5.6489642e-03  -1.2341029e-01   1.6590875e-02   1.1007237e-04   1.5986139e-01   2.3436522e-01   1.5266342e-01  -1.1858456e-01  -7.8205457e-02   1.2286229e-01  -1.7291843e-01  -2.3919165e-01  -1.8103550e-01   1.9130939e-01  -6.6883792e-02  -7.1765568e-02
  -1.3926526e-01   2.3122459e-02  -2.0071568e-01   9.3938731e-02   1.5374732e-01  -3.1783240e-02  -1.5139892e-01   1.2411393e-02  -1.9109453e-01  -1.5196688e-03  -3.2366465e-01   1.4537198e-01  -1.8742670e-01   1.6082556e-01   5.5211994e-02  -4.2476941e-02   7.9003366e-02  -1.6590006e-01   1.1774688e-01   2.5189600e-01  -1.3593608e-01   1.6129303e-01   6.9363942e-02   7.7543235e-02  -1.8948086e-01  -1.9630925e-01   1.8691377e-02   1.4232354e-01   6.3179624e-02  -1.0094196e-01   7.6738604e-02  -2.4526440e-01  -2.2075709e-01  -6.9898371e-02  -2.3952586e-01  -1.2791255e-01   6.6518032e-02  -1.2188789e-02   1.0950105e-01   9.1114635e-02  -1.2056417e-01   7.6030425e-02  -1.7005329e-01   1.5714782e-01   1.5567830e-01  -3.1671631e-02  -1.3369913e-01  -2.8424005e-03  -2.0985084e-01
  -1.3470881e-01   1.6480713e-01  -1.3986860e-01   9.1794704e-02  -1.5909215e-01  -5.3649135e-02   9.8818646e-02  -2.5509745e-01  -4.2115370e-02   7.0121378e-03   4.2286763e-02   6.0883455e-02  -1.7250806e-01   1.2812610e-02  -8.8245868e-02  -3.2695966e-02  -3.5198745e-02  -1.4928198e-01  -6.2980831e-02  -1.6240385e-01   4.1551635e-02  -3.3338240e-02  -1.6200065e-01   7.3183731e-02  -7.2116702e-02  -3.6406088e-02  -1.2498432e-01  -6.1448457e-02  -2.4648811e-01   1.6773885e-02   7.4043169e-02  -1.3321597e-01  -6.4424912e-02   2.1387234e-01   6.7111706e-02  -5.4065301e-02  -5.8277802e-02  -1.4948736e-01   4.2059254e-01   7.7229854e-02   1.6901184e-01   3.5654681e-01  -2.2217410e-02  -1.7656065e-01  -1.1021448e-01  -4.5367854e-02  -1.2366830e-01   9.9953930e-03   3.1016432e-01
  -1.4754742e-01   9.8890759e-02   2.4710142e-01  -2.5577241e-01   1.3845482e-01   1.0223455e-02   7.1623306e-02  -1.3734735e-01  -2.6092190e-01  -8.2070909e-02   8.8746428e-03   2.8539842e-01   1.3084862e-01   2.0691231e-01  -8.7419175e-02   7.3165795e-02   1.2550704e-01   1.6512681e-01  -1.2712384e-02  -1.3446127e-01  -6.3558704e-02   4.2033773e-03  -5.8989302e-02   2.7090182e-01   1.6816083e-01   1.6257953e-01  -1.4637886e-01  -2.3114988e-01   4.8752755e-03  -6.9078251e-02  -1.3245223e-01  -1.1071762e-01  -3.5931443e-02  -1.7636856e-01  -2.5814441e-01   1.8648988e-01  -7.8904579e-02   4.9067426e-03   1.4730525e-02  -7.5342094e-02  -1.5045095e-02  -1.3463869e-02  -1.3457563e-02  -9.3578458e-02  -4.9647819e-02   2.4653507e-01  -1.7523008e-01   1.0508297e-01  -5.2739850e-02
  -1.4152872e-01  -1.6257222e-01  -1.9038448e-02  -2.6085041e-01  -8.5638552e-02   1.3608132e-02   7.8896895e-02   1.8522068e-01  -5.7466280e-02   1.9413511e-01   1.4277318e-01  -1.0020819e-02   1.1821423e-01  -5.0372642e-03   2.7401548e-01  -1.6910510e-01  -5.0493626e-02   6.7793290e-02   2.2149768e-02  -3.3690351e-03   1.3665265e-02   1.8702908e-01   7.4902468e-02  -1.0444926e-01  -2.9003921e-01  -4.7125047e-02   4.6723693e-02  -1.2471883e-01  -2.1207576e-01  -1.9847447e-01  -6.0166795e-02  -1.9586050e-02  -2.3331776e-01  -1.8597483e-01  -4.0284501e-02  -1.6969507e-01   4.6912139e-03   1.6499074e-01  -5.5126605e-04   5.8689717e-02   3.0576874e-02  -1.0730187e-01   1.6036536e-01  -4.1512979e-02  -3.6153673e-01  -1.3387395e-01  -2.1102755e-01  -4.1670319e-02   1.4566802e-01
