  -1.4260261e-01  -5.2697397e-02   1.6096461e-01  -9.5496612e-02   8.4330501e-02  -2.3914888e-01  -9.3013898e-03  -1.2111024e-01  -7.3701633e-02   7.9505507e-02   4.6779512e-02   2.2681308e-01  -4.4804340e-02   2.8944696e-01   1.5289802e-01   2.5623562e-01  -1.6935926e-01  -1.5632424e-02   3.1468634e-01  -4.1111802e-02   4.9557701e-02  -6.5930239e-02  -2.0913244e-01  -1.3905690e-01   4.3749537e-03   1.2714315e-01  -3.7529622e-01  -4.1718806e-02   5.8294800e-02   6.4559999e-02  -1.1418473e-01   1.7410161e-01   9.7419060e-02   4.2986596e-02   8.7434787e-02   1.5400331e-02   9.4215613e-02   7.5866929e-02  -1.1524825e-01   1.3325272e-01  -8.5348650e-02  -1.5610482e-01   4.0838004e-03  -2.3797509e-01  -9.6828549e-02  -7.1100249e-02  -2.8085697e-02   1.0329279e-01  -1.8520887e-01
  -1.4070815e-01  -1.6790803e-01   6.3213942e-02   1.9746795e-01  -1.0643650e-01  -6.2721089e-02  -2.3747501e-01   1.8754360e-01   1.3984457e-01  -2.5598287e-01  -1.0690076e-01   6.1293355e-02   1.0895359e-01  -2.3426866e-02   5.5708299e-02   3.9506379e-02   1.3291663e-01   4.5372532e-02   3.7419020e-01  -1.7528265e-01  -6.0724754e-02   1.6143040e-01  -6.3551576e-02  -2.1688101e-01   1.0666461e-01  -1.5708626e-01   1.0302346e-01   2.0123013e-01  -1.9410748e-02  -2.0486243e-02  -8.8283264e-02   9.1267092e-02  -1.3846874e-01  -1.1257653e-01  -7.7571670e-03  -1.6694425e-01  -9.9547659e-02  -1.1992647e-01  -1.1205478e-01  -2.2202333e-01  -9.6264542e-02   3.3796745e-02  -2.9823803e-01   1.3499069e-01  -2.1672532e-02  -5.8446465e-02   1.7759492e-01   1.0040977e-01   2.1420464e-02
  -1.4668003e-01  -2.7702625e-01   1.9540267e-02  -3.1213603e-02   1.3223384e-01  -1.1691612e-01   3.6833045e-02   2.0596912e-02  -7.8624484e-02  -7.8644043e-03   3.2572089e-02  -1.2346365e-01  -6.1045432e-02  -2.2427489e-01  -1.0560507e-01   2.4682032e-01  -4.8083754e-03  -2.5456815e-01  -1.0956821e-01   1.0037602e-01  -1.8189987e-01  -3.9844863e-02  -1.1264250e-01  -1.8120134e-02   6.2109084e-02  -2.9250763e-02   1.0967331e-01   2.7986973e-01   1.1631803e-02  -4.5001581e-02  -2.4993618e-01  -8.7645981e-02   2.7781616e-02   8.2488680e-02  -2.9123014e-01   2.0216979e-02   2.9022181e-01   1.9453542e-01  -1.0591429e-01   2.5545322e-01   2.0448341e-01   1.2375713e-01  -1.2915884e-01  -1.1787414e-02   1.5498720e-01  -3.1153978e-02   2.6456678e-02   1.3135405e-01   9.2634423e-02
  -1.4845390e-01  -5.0546777e-02   2.5491236e-01  -1.0816468e-01   3.1436647e-01  -8.2274387e-02   1.9392755e-01   1.6504946e-01   1.2933802e-01   1.1968780e-01   2.8722797e-01  -2.1704366e-01   1.1338353e-01  -5.7262421e-02   1.3355787e-01  -1.9923383e-01   2.5602985e-01  -2.4662701e-01   1.1011105e-01  -8.5550767e-02  -1.1571802e-01  -7.3203089e-02   5.2553547e-02   2.3388968e-02  -7.0715566e-02   1.0626230e-02   7.7030151e-03  -5.6002865e-02   3.4696326e-03  -5.3892078e-02   9.4898608e-02   5.5644112e-02   5.0860831e-02  -1.1099499e-01  -2.3759391e-02   8.5681049e-02   5.0179946e-02   8.1187994e-03  -1.6044114e-01  -3.5634556e-01  -2.3829154e-02  -2.1309743e-02   2.9965760e-01  -4.8748506e-02  -1.7949394e-02  -1.3299550e-01   7.5525039e-02   8.6345965e-02   1.6307222e-02
  -1.3594029e-01   1.7451656e-01  -9.0385538e-02   1.7446099e-01  -3.0113751e-02   2.6319205e-01   4.4150010e-02  -3.2935723e-01  -5.3156985e-02   5.0723049e-02   2.7940110e-01   2.1404597e-02   9.4974648e-02  -1.9236278e-02   6.5719619e-03   1.1387716e-02  -9.5792830e-02   2.5361039e-01   3.2716618e-01   1.8082433e-01  -2.8387344e-01  -1.3679429e-01  -5.6387132e-02   9.6027954e-02   1.2654297e-01  -1.3145128e-01   1.2986627e-01   1.1581397e-02  -1.5581870e-01  -1.3584620e-01   1.4539561e-01  -4.5863008e-02   1.8450609e-01   1.8779113e-01  -9.6322809e-02  -5.1430252e-02   1.3310995e-01  -7.7335654e-02  -7.6002159e-02  -1.7057059e-02   9.2490773e-02  -9.4576374e-02   3.3923289e-02   1.3250339e-02  -4.4248232e-02   4.4130318e-02   2.4519294e-01   5.7644695e-02   1.9534262e-03
  -1.4322741e-01  -2.3494751e-01   8.8702909e-02   1.8629224e-01  -1.2961157e-01   1.5060011e-01   2.2079593e-01  -5.7803552e-03  -7.2701695e-02   9.1897147e-02   1.2096922e-01  -7.0510559e-02   3.1452924e-02   2.4331488e-01  -1.0215011e-01  -4.2816072e-02  -3.6301967e-01  -1.6086988e-01   1.3735987e-02   4.7283397e-02   1.4033111e-01   8.9573629e-03  -2.5611526e-02  -3.3250112e-02  -1.7667467e-01  -3.8759013e-01   5.9893132e-02  -3.8837819e-02   1.4954488e-01  -7.6119538e-02   4.3766303e-02  -8.1912111e-02  -2.6862811e-01  -4.0986766e-02   2.1004475e-01   1.8172959e-01  -1.0346689e-01  -4.1100413e-02  -1.4190301e-01   3.4524783e-02   1.1297466e-01  -7.1039024e-02  -4.9583428e-02   4.5383843e-02   2.0263747e-01  -1.6675555e-01  -4.8885862e-03  -8.1521275e-02  -1.1754627e-02
  -1.5873068e-01   1.3519208e-01   1.1229882e-01  -4.4573357e-02   1.6324266e-02   5.6945278e-02   3.3592735e-02  -1.7507848e-01   5.0298669e-03  -2.7670436e-03  -7.8429848e-02  -1.0606973e-01   3.2649946e-01   1.3387072e-01  -3.9612606e-01   1.0191206e-01   1.7453204e-01   1.1610484e-01  -1.0473546e-01   3.8897856e-02   7.3472852e-02  -2.0325178e-02   1.0938707e-01  -1.7922357e-01   2.2934367e-02  -1.5137544e-01  -7.0382342e-02   9.5230793e-02   3.8811814e-02  -7.7397458e-02  -7.1723891e-02   8.5639356e-02  -1.7083988e-01   1.4140915e-01  -8.5680877e-02  -1.1841452e-01  -2.1721562e-01   3.4861886e-01   9.2447249e-02  -1.5151861e-01   1.0133416e-01  -1.0094615e-01   7.1852787e-02  -1.2421666e-01  -1.5966849e-01   7.4491491e-02  -1.8376578e-01   2.3738510e-01   2.5197490e-02
  -1.3243997e-01   4.1420725e-02   2.9726036e-02   1.4529643e-01  -4.8617703e-03   2.6863257e-01  -6.8786694e-02   5.5035459e-02  -1.5284287e-01  -1.2658604e-01   5.0882785e-02   1.6185989e-01  -5.2928522e-02  -1.5763527e-01   2.7235490e-02  -2.5054435e-02   2.1377718e-01  -4.0284046e-02   3.3180651e-02  -1.6563287e-01  -4.6568337e-02   1.9110751e-01   8.0227658e-02   8.8065165e-02   2.3084018e-01  -5.1355630e-02  -3.4828687e-02   1.3385502e-01   1.5378541e-01   7.6165138e-02  -1.2496640e-01   1.7358825e-01  -1.6513654e-01   3.7147163e-02   3.6196941e-01   1.9880877e-01   2.3342144e-01   1.3664647e-01   8.7426981e-02   8.7514484e-02   1.3507284e-01  -7.7364055e-03   2.9446608e-01  -7.4955113e-02   5.5024916e-02   2.0633810e-01   2.2763267e-02  -1.1225812e-01  -2.1354019e-01
  -1.2468128e-01  -3.0687127e-02  -1.2937897e-01  -1.9530503e-01  -8.8717649e-02  -2.0848131e-01   5.6487051e-02   1.1269498e-01  -2.0644613e-01   7.9230381e-02   9.6545424e-02  -4.8742695e-02   6.0593011e-02   1.3476569e-01  -2.4228515e-01   7.4599971e-02   6.4532254e-02   2.9094713e-02   1.9373621e-01   1.3137894e-01   2.3190300e-02   6.3214480e-03  -1.8476813e-01   1.2345851e-01   2.3044077e-01  -3.1398543e-02   1.1871931e-04  -1.4214600e-01   3.8685232e-02  -3.6379366e-02  -1.6226595e-01  -8.8596822e-02   3.2633166e-02  -2.0392170e-02   1.0317590e-02  -1.2722185e-01   2.4293260e-02  -1.7281858e-01   3.5101951e-01  -2.7090925e-01   9.2038812e-02   3.2891152e-01   6.2581282e-02   7.1668387e-02   1.7505942e-01  -5.7765228e-02  -8.7202090e-02  -1.8387101e-01  -2.1843336e-01
  -1.1856236e-01   1.1604093e-01   8.4986370e-02   2.6049360e-01   1.4598983e-01  -1.6120496e-01   1.2192511e-01  -1.7504233e-02  -1.3340675e-01   1.8088497e-01  -1.5954765e-01   1.8181711e-02   2.2304798e-02  -2.1956574e-01   2.9172081e-02   1.8737434e-01   1.2135733e-01  -9.0054198e-03   1.3178752e-02   7.6584900e-02   1.7559377e-03  -8.9483267e-02   3.5727595e-02   2.6220320e-03  -5.0050130e-02  -1.4789615e-01   7.3460413e-02   9.4803624e-02  -1.1925568e-01   2.5594605e-01  -8.4308062e-02  -3.3062438e-01  -1.4950798e-01   4.6890181e-02  -1.6268536e-02   1.5331622e-01  -1.4629838e-01  -7.7971313e-02   1.7898447e-01   2.1111609e-02  -2.8904988e-01  -5.6971012e-02  -4.1088677e-03  -2.0831091e-01  -2.2485617e-01  -1.3292117e-01   1.7727524e-01  -2.5207091e-01  -8.4944595e-02
  -1.4411260e-01  -2.2169208e-01  -2.4520844e-01   9.5424380e-02   2.8387565e-01  -1.1637540e-01  -7.0661727e-02   2.7484735e-02  -4.7266101e-04   1.1387467e-01   7.4020833e-02   2.1648285e-01   5.6251573e-02   1.7635082e-01   1.8964391e-01  -1.5858780e-01  -1.2092670e-01   3.0000581e-01  -7.1768309e-02  -3.0290374e-02  -5.3905440e-02   2.4606322e-01  -2.1403965e-02   9.0317855e-02  -2.9625598e-03   1.0253810e-03   7.4926183e-02   2.4316688e-01   8.8737250e-02   2.9858686e-02   1.6032406e-01  -7.8138202e-02   7.2181175e-02  -2.5908737e-03  -8.2827328e-02   2.0105040e-01  -1.8364923e-01   1.6400461e-01   8.4404894e-03  -5.6613964e-02   1.4305523e-01   3.1929044e-01   3.0748497e-02  -8.6550451e-02  -1.9699365e-01  -2.1315232e-02  -1.5139375e-01   8.6244713e-03   5.1855721e-02
  -1.2383584e-01   2.5160358e-01   1.3004607e-01   1.3458496e-01  -9.4870208e-02  -1.1383817e-01   4.4670715e-02  -1.3210386e-01   1.0484697e-01  -9.6419367e-02   2.5422751e-01  -1.4246449e-01   2.3538083e-02  -1.7352884e-01   1.4863105e-01  -3.5708967e-02  -1.4177715e-01  -1.9234303e-01  -5.9803395e-02  -2.6724971e-02  -4.5350783e-02  -9.9649069e-02  -2.1292630e-01   1.4946064e-01   1.8965620e-01   6.3940857e-04   1.0495114e-01   4.4446699e-02   1.1526839e-01   4.2522637e-02   1.2930084e-01   1.3046120e-01  -1.8339518e-01  -3.5650596e-04   4.9953406e-02  -1.5205916e-01  -1.7182825e-01  -7.1558603e-02  -2.4119628e-02   1.8302800e-01  -2.0914694e-01   2.8971669e-01  -8.6684774e-02  -2.2303896e-02  -1.1106229e-01   9.6220437e-02  -3.7184051e-01   1.1781580e-01  -9.7098259e-02
  -1.1464366e-01   2.4275017e-01  -2.0798355e-01   8.5148575e-02   1.6643601e-02  -1.6658516e-01  -1.8208693e-01   5.1795247e-02   1.8537340e-01   1.4279023e-02  -9.9925345e-03  -7.6355560e-02   9.0931801e-03   4.1336828e-02  -6.1343477e-02   5.8064681e-02   1.3210009e-02  -4.8703970e-02  -5.6612142e-02  -5.0930211e-05  -1.5482952e-01   1.7555501e-02   2.9684992e-01  -1.3470226e-01   1.3501968e-01  -2.8474120e-02  -2.6073967e-03  -2.3358123e-01   5.0649170e-02   1.3598276e-01   1.2691658e-01  -4.2572775e-02   4.4855076e-02   1.2542303e-01   2.8710421e-01  -3.8612915e-03   1.7153790e-01   1.1797680e-01  -2.0910999e-02   1.2322192e-01   1.2016258e-01   9.9669238e-02  -7.3770607e-02   6.7681299e-02   1.3774803e-03  -5.5709384e-01   1.6689241e-03   1.0612983e-01  -9.0634424e-03
  -1.4416441e-01   3.0359892e-02  -1.6646914e-01   1.0495614e-01   6.8686394e-02   1.2569593e-01  -9.5618892e-03  -9.7311338e-02   4.7914710e-02  -3.3112948e-02  -1.9066098e-02  -8.9365658e-02  -4.6253390e-01   1.5477953e-01   5.1997733e-03   8.5878950e-02  -6.0981241e-02  -2.1062174e-01   1.4828615e-01   1.3589986e-01  -6.5229274e-02   2.1113041e-01   2.4139203e-02  -2.3907002e-02   1.3347802e-01   1.4395962e-03  -1.2765966e-01  -2.3838002e-01  -2.0526720e-01   1.9190702e-01  -9.0746676e-02   9.2246983e-02  -2.4436511e-01  -5.6372439e-02  -2.3542157e-01   1.9099327e-02  -1.0241488e-01   1.1754020e-01   9.9987067e-03  -1.2197182e-01  -5.4456319e-02   4.2111753e-02   1.8860758e-01   1.1047608e-01  -7.3935220e-02   8.3125074e-02  -4.1124992e-02  -3.1564559e-02   3.1896274e-01
  -1.4100513e-01  -1.0187888e-01  -1.2592577e-01  -1.0200086e-01   2.4710800e-01   2.9940997e-01   1.7814726e-01   2.9085017e-02   2.5507033e-01  -8.3375337e-02   9.8665600e-02   1.2007090e-01  -3.9887708e-02  -1.0877258e-01  -2.4207852e-01   2.1064063e-02  -1.3098265e-01  -1.3912920e-01   7.3605111e-02  -7.2883654e-02   1.1396755e-01  -1.1552419e-01   1.2402099e-01   1.4411053e-01   6.3425641e-02   1.4381144e-01  -5.1267742e-02   5.5227111e-02  -2.5124835e-02   1.0856455e-01   1.5557972e-01   1.8283479e-01   1.0754972e-01  -4.0028180e-02  -3.9128240e-02  -2.8046418e-02  -1.1322617e-01   2.1618548e-01   1.8699750e-01  -5.6567998e-02  -1.2264423e-01  -2.8389326e-02  -3.9291324e-01  -6.2069811e-02   6.9934892e-02  -5.4812462e-02   1.1261910e-01  -1.7837978e-01  -2.0421225e-01
  -1.3596354e-01  -3.0551900e-01   2.0139490e-01   1.1750900e-01  -7.9131606e-02   1.5906531e-01  -2.1351721e-01   6.2626815e-03  -2.1254215e-02   1.2681538e-02   1.9406706e-01  -1.7195835e-03   2.0590231e-02  -1.4860227e-01  -1.6126976e-01   1.8087051e-01  -4.6731529e-02   1.7778053e-02  -1.2427813e-03   6.0324022e-02  -8.5630400e-02   2.4991609e-01   1.2615360e-01   2.3341646e-02  -3.9166874e-02   2.6075265e-01   2.4498055e-02  -2.2903264e-01  -1.0131285e-01  -2.6200438e-02   2.3477338e-02  -3.9991539e-01   1.8116683e-01  -2.4643942e-01   1.3450459e-01  -1.0060154e-01  -1.1570166e-01   9.8415033e-03   1.8689135e-02   4.6016292e-02  -8.6624792e-02  -9.9465548e-02   6.9220176e-02  -3.1818602e-02  -5.7874691e-02   4.8556299e-02  -1.9622350e-01   1.7689075e-01  -1.1949657e-01
  -1.2603169e-01  -1.2950456e-01  -2.1289815e-01  -5.8675249e-02   1.5893184e-01  -1.0251324e-01   2.3946918e-01   2.3773838e-01   7.5673425e-02   3.9373197e-02  -1.3257456e-01  -7.3286233e-02   2.8661514e-01  -1.3937015e-01  -2.1275498e-02  -5.7871985e-03  -9.8085978e-02   1.4691855e-01   1.1341669e-01  -1.5830411e-01   8.1686221e-03  -2.0856132e-02  -2.1728222e-01  -1.5120081e-01   1.5534202e-01   7.3132736e-02   1.3524597e-01  -2.4229320e-01  -2.8036076e-01   3.6937674e-02   6.8911975e-02   5.0980726e-02  -1.1432575e-01   1.0695263e-01   9.6588145e-02   1.3345925e-01  -3.4975112e-02  -2.6676469e-03   4.8510447e-02   2.8519704e-01  -1.4450645e-02  -2.1671752e-01   1.2297396e-01   2.3802660e-01   3.1181094e-02   1.7255537e-01  -9.9689489e-02   7.2159184e-02   4.1796899e-02
  -1.3066166e-01  -6.5796554e-02  -3.2788160e-01  -1.6700977e-01  -1.6700930e-01   1.1024177e-01  -5.8620012e-02   1.5353642e-03  -3.0487753e-01  -2.8559286e-02   6.5626027e-02  -1.1884992e-01   2.8765505e-02  -1.4365132e-01  -1.1186025e-01  -6.2999669e-02   2.7511939e-02   2.3807241e-02   3.5250948e-03  -1.3681537e-01   1.0889912e-01   2.7210921e-02  -3.6017063e-02  -1.0424391e-01  -1.2618402e-01  -3.6425455e-02   1.4476805e-01  -2.4388662e-01   1.6305340e-01  -3.7207083e-02  -1.2908238e-01   9.6240289e-02   1.2389110e-01   1.1822948e-01  -2.6078312e-02   8.8621201e-02   1.3208102e-02   1.3366421e-01  -3.3878989e-01  -2.1482029e-02  -4.2249564e-01   1.9353902e-01   2.5979291e-03  -1.7687550e-01  -1.5368074e-01  -1.9457076e-02   9.7330164e-02  -2.6934186e-02   2.4159686e-02
  -1.3597859e-01   5.7248894e-02   6.3895392e-02   1.0793219e-01   2.4430872e-01  -2.1251357e-02   3.2571361e-02  -1.2039917e-01  -2.1362993e-01  -8.3826367e-03  -1.3544636e-01   9.9624564e-02   2.4270092e-01   8.1231566e-02  -1.4473648e-01  -2.1669913e-01  -6.4465848e-02  -1.4930344e-01  -7.2909562e-03  -1.1933921e-02   8.3979031e-02   1.8902035e-01   1.3838889e-01  -3.8316481e-02  -5.5350934e-02   1.8994697e-01  -8.7388844e-02   8.6836516e-03  -5.8374219e-03   2.5480196e-01   1.0692245e-01  -2.8782518e-02  -1.9754850e-02   1.1673594e-01  -2.1353490e-02  -3.6300465e-01  -1.2816886e-02  -2.2871186e-01  -1.5555524e-01   1.4633754e-01  -2.0022827e-02   2.1285137e-01   9.1956296e-02  -5.7068602e-02   2.9863923e-01   1.2420041e-01   2.2230098e-01   4.9988414e-02   8.3785173e-02
  -1.4530216e-01  -3.6797530e-02   2.4902439e-01   1.1192146e-01  -9.3311614e-02   2.8666571e-01   1.3983338e-02  -1.0745186e-01   7.3915771e-02  -6.1300691e-02  -2.1850407e-01   2.4781898e-02   1.2656458e-01   8.0892989e-02   8.4533109e-02  -2.6821538e-02   1.6943302e-01  -4.6483925e-02  -6.0670387e-02  -1.5646253e-01   1.4651427e-01  -2.2055924e-01  -2.6732946e-01   1.2402014e-01   3.8274033e-02   1.9875104e-01  -8.2040531e-02  -2.3654748e-01  -1.4256821e-01   5.4423608e-02  -1.4424554e-01  -1.2394162e-01   1.0251371e-01   1.0930716e-01   4.6264496e-02   2.0690859e-01  -4.0358465e-02   1.0994545e-02  -7.6437479e-02  -3.8219983e-02   2.7499681e-01   3.2680655e-01  -1.3896446e-01   5.7977381e-02  -1.4578043e-01  -1.0074514e-01   4.9744067e-02  -2.8594448e-02   1.3042428e-01
  -1.5705541e-01  -2.3003897e-01   7.8118517e-02  -2.1789391e-01  -2.0972604e-01   1.2484302e-01   9.7803550e-02  -7.9329223e-02   7.1460039e-02  -2.9200992e-02  -5.4038843e-02   7.2967704e-02  -1.7135833e-02  -1.1739471e-03   3.0735668e-01  -2.1419348e-01   1.9887713e-01   1.6445888e-02  -8.6173259e-02   1.9768859e-01   1.0753251e-01   1.7115180e-01   1.6422214e-01  -1.2525190e-01   2.1116356e-01  -7.8591904e-02  -6.1469005e-03  -7.4634159e-02  -9.2150258e-02  -2.0635354e-02   7.0125565e-02  -7.1948181e-03  -1.0306369e-01   2.1900142e-01  -3.4332261e-01  -4.7659223e-02  -2.3190703e-02  -1.1010322e-01  -2.5395690e-03   1.6910465e-01  -2.1409868e-02  -6.5816476e-02   2.2046800e-02  -5.6277993e-02   1.4745737e-02  -2.1451071e-01  -7.3251394e-02  -2.2517374e-02  -3.4339312e-01
  -1.4641994e-01   5.2512454e-02   1.4218795e-01   1.8473890e-01   2.3862873e-01  -2.4553893e-02  -2.9516937e-01   2.2931927e-01  -5.6220350e-02  -9.5933041e-02  -3.8069947e-02   1.2986249e-01   2.9199632e-02   5.7986189e-02  -4.8098598e-02  -8.7659042e-03  -1.1481717e-01   7.2117571e-02  -2.3483711e-01   5.2436051e-02  -1.3718980e-01  -1.9203871e-01   2.4068353e-02   2.3483891e-03  -7.9343230e-02  -1.8660059e-01   6.5313948e-02  -2.8092464e-01  -8.0281419e-02   2.2822169e-02  -4.6038698e-02   1.5115507e-01   3.6528598e-02   5.0367956e-02  -2.1503763e-01  -9.5058596e-02   1.4084718e-01  -2.8953370e-02  -2.2325064e-01  -1.2261438e-01   5.2979465e-02  -9.7147223e-02  -5.3162104e-02   2.8656801e-02  -6.1983511e-03   1.4039368e-01  -2.4668409e-01  -3.3572115e-01  -2.1027148e-01
  -1.4183506e-01   3.4209612e-02  -5.8457599e-02  -2.1168406e-01  -1.6798029e-03  -1.3149056e-01  -3.2426646e-01  -5.6158733e-03  -6.3168609e-02   2.6162674e-02   1.0762751e-01   1.2554366e-01  -1.7288077e-01  -1.9638803e-01   6.0743889e-03  -5.6895516e-02  -1.3264447e-01  -1.4666356e-01  -1.0195790e-01  -1.0765325e-01   1.1565133e-01  -4.0365045e-02  -2.5334228e-02   1.2038494e-01  -2.0743024e-02  -2.2688899e-02  -7.7131444e-02   9.3787509e-02  -3.0199091e-01  -8.9693535e-02   2.8313494e-02  -1.3163487e-01  -1.2762381e-01   4.5777908e-01   1.6423467e-01   1.1699784e-01  -1.7318641e-01  -9.2866382e-02  -2.3201961e-02  -2.8425544e-01   6.6226585e-02  -1.2789469e-01  -6.3807962e-02  -5.3233174e-02   1.4891028e-01   5.6529928e-02   2.4204605e-02   1.9961362e-01   7.2910537e-03
  -1.4594754e-01  -7.2910055e-02  -2.0815953e-01  -1.7427008e-01   1.6739224e-01   1.9561960e-01  -7.2285612e-02  -1.3519965e-01  -3.7893616e-02  -1.4645567e-03  -7.9722790e-02  -4.4315855e-02   1.6717588e-01  -1.3798188e-01   8.2191874e-04   3.2618088e-02  -1.4744740e-01  -1.3853864e-01  -9.0347887e-02   1.3195062e-01  -2.3848185e-02  -1.0468687e-01   1.5566407e-01  -1.3932725e-01  -7.7354280e-03  -5.5530203e-02  -2.7071113e-01   1.8079221e-01   9.9972563e-03  -6.6930783e-02  -1.3820937e-01   1.0176070e-01   9.1881250e-03  -1.8924581e-01   1.1181032e-01   7.5657432e-02   8.4456138e-02  -4.8808713e-01   2.6782326e-02  -2.8458706e-02   3.3045258e-02   4.0015850e-02   2.3607060e-02   1.8180724e-01  -3.6877852e-01  -2.6007175e-02  -1.1103045e-01   2.4499985e-02   1.8267597e-02
  -1.6373673e-01  -9.6723844e-02  -1.5334284e-01   4.4463150e-02  -5.8777763e-02   7.1896432e-02  -1.5848454e-01  -1.4459207e-01   1.3110831e-01   2.3780598e-01  -1.5492967e-01  -1.3805732e-01   1.0833697e-01   1.4221234e-01   1.5501669e-01   1.4522043e-01  -1.0350291e-01  -3.5982040e-02  -3.6616455e-01  -1.3826024e-01  -1.8848504e-01   2.0512594e-02  -2.1028809e-01   1.2505903e-01   8.9299693e-02   1.9760816e-01   1.9363787e-01  -6.6818355e-02   2.1956551e-01   2.0796928e-02  -4.7581818e-02   1.4178015e-01  -1.3764576e-01  -8.2752832e-02  -5.2540785e-02  -9.7185105e-02  -3.8592934e-03  -9.1810734e-02   1.3748437e-01  -1.7260542e-01  -4.1564386e-02  -2.2426368e-01   7.4672251e-02  -1.2872630e-01   8.7655448e-02  -3.5008271e-02   2.7651826e-01   7.3227223e-02  -9.3657412e-02
  -1.6076173e-01   1.6156865e-01  -7.6216069e-02  -1.0484906e-01   1.4123079e-01   8.5225419e-02  -2.1506025e-01   1.4538471e-01   1.8239492e-01  -2.3955612e-01   7.6200665e-02  -1.0788539e-01  -9.7776272e-02   1.8871128e-01  -3.8258452e-02   1.1540956e-01   2.2090964e-01  -1.5415870e-01   2.4182311e-02   2.2140491e-01   7.2099777e-02   5.3888841e-02  -2.6640392e-01  -2.0656100e-01  -2.8755853e-01  -3.5049558e-02   1.3130449e-01  -3.0001649e-03   1.3409809e-01  -7.7827373e-02   1.9010258e-01  -7.0121655e-02   1.0526620e-01   6.4296670e-02   1.4547414e-02   1.1838127e-01  -1.6716479e-01  -1.5136791e-01   1.4136105e-01   2.6135632e-01   1.0532542e-01   2.1931153e-02   7.3909407e-02  -1.0301172e-01  -2.6313463e-02   1.5497699e-01   1.6813350e-01  -2.8682808e-02  -9.1558303e-02
  -1.5095538e-01   2.1625209e-01   3.7302992e-02  -1.2237697e-01  -4.6313320e-02  -2.8870166e-02  -8.9016820e-02  -2.1560468e-01  -1.5912139e-01   1.2127224e-01  -2.3255630e-01   3.4573543e-02   1.4986394e-01   2.9808589e-02   7.0273896e-02   9.3997518e-02   5.3344871e-02  -2.0340384e-01   1.0825868e-01  -1.3841926e-01  -3.1873803e-03   2.6516925e-01   3.5300634e-02   9.5691243e-02  -1.6970062e-01  -9.5981173e-02   1.7692787e-01   3.1661769e-03  -3.4377694e-01  -2.3205187e-01   2.1431985e-01   1.6484860e-01   6.6321935e-02  -2.9880451e-01  -5.4895075e-02   1.8357904e-01   1.4851118e-01   6.1547517e-02   9.7482545e-02   4.0436272e-02  -2.5406796e-02   4.2033849e-02  -1.3289421e-01  -8.1463149e-02   1.4989869e-01  -4.2794546e-02  -1.7518981e-01  -6.7301046e-02   1.9137375e-02
  -1.5162320e-01   7.7281465e-02  -1.2441781e-01   7.6913469e-02  -1.1707121e-01   1.6109050e-01  -1.1285788e-01   2.5541651e-01   5.1763821e-03   3.5708952e-01   7.1150043e-02   6.3265287e-02   1.2203121e-01  -2.0006422e-02   4.8502516e-02  -6.3727284e-02   2.1819003e-01  -1.5102718e-02   9.1897094e-02   1.8478987e-01  -1.1356703e-01  -1.2659178e-02  -1.0548774e-01   1.3070561e-01  -1.9417151e-01   2.4307115e-01  -2.4941925e-01   1.7205429e-01   2.2424608e-02  -2.1199384e-01  -7.6359268e-02   4.2578355e-02  -1.6480554e-01   1.0270358e-01   3.6006839e-02  -1.8251113e-01  -9.8021121e-02   1.0547760e-01  -7.8958276e-02   1.5659289e-01  -1.0033792e-01  -8.9232723e-02  -4.5519030e-02   1.2057309e-01   8.5155635e-02  -1.4664146e-01  -1.4161788e-01  -2.4780915e-01   1.7791398e-01
  -1.3283057e-01  -7.3160973e-02   3.1160730e-01  -2.1267798e-01   7.1653303e-03  -7.6087052e-02   6.3255166e-02   2.0009008e-03  -1.5893179e-01   9.4664659e-03  -1.0125470e-01  -5.3375266e-02  -1.4638373e-01   2.0760922e-01  -8.2184587e-02  -1.4207751e-01  -2.8842954e-02  -6.0477839e-02   2.4696024e-02   8.4148358e-02  -2.3402160e-01   9.2144145e-02   1.3810892e-01   4.9982016e-02   1.5943755e-01   1.3753386e-01   3.6139913e-01   7.1924416e-02   1.0370588e-01  -4.7381783e-03  -6.8278978e-02   1.3947271e-01   1.7913632e-01   2.2892742e-01   2.4327109e-01   4.5582887e-03  -1.1445553e-01  -7.3775204e-02   5.7684226e-02   6.0005028e-02  -3.7956434e-02  -1.7082375e-01  -1.6621621e-01   7.1122037e-02  -2.2820105e-01   2.9490463e-02  -3.0519513e-02  -1.8608442e-01   2.4880638e-01
  -1.3578228e-01   2.0214158e-01  -8.1574853e-02   1.8334099e-02  -4.8621354e-02   4.2659610e-03   2.2342788e-01   1.5222396e-01  -6.6357560e-03  -2.0529020e-01  -1.3828725e-01   7.6344056e-02  -1.8899917e-01   2.4635623e-01  -1.4003001e-01  -1.6703592e-01  -9.4989118e-02   6.4626644e-02  -3.4725905e-02  -7.8762932e-02  -2.6309076e-01  -1.6146503e-01   1.2579332e-01   2.8482146e-02  -9.4583408e-02   2.6393725e-01   8.4377907e-02   1.4462539e-01  -2.0056915e-01  -2.5670711e-01  -2.2692419e-01  -1.2854650e-01  -1.6713407e-01  -1.4559074e-01  -2.8430966e-02   9.0439268e-02  -4.8529650e-02  -4.2711762e-02  -1.1321470e-01   5.6201931e-02  -8.2761923e-02   8.9714619e-02   8.6877791e-02  -6.7519471e-02   2.9006195e-04  -5.9096308e-02   4.1741275e-02   1.9604520e-01  -2.9138681e-01
  -1.6941433e-01  -1.6291557e-01   2.4842809e-02  -1.0149783e-01   4.7771666e-02  -2.3503551e-02  -2.4607187e-01  -1.5685786e-01   1.1048384e-01   1.4373403e-01  -3.0276385e-02   1.8098439e-01  -1.0470096e-01  -9.3408577e-03   1.0915556e-01  -1.9470887e-01   4.6599750e-02   7.3169499e-02   8.3976715e-02   8.6560596e-02   1.1889588e-01  -5.0794712e-01   1.4863056e-01  -1.6132291e-01   5.3662444e-02  -1.1366949e-01   2.0934016e-01  -4.8350763e-02  -1.9386710e-02  -5.1281241e-02  -1.0457141e-01  -2.1300730e-02  -5.4778423e-02  -2.4657398e-01   1.5006904e-01  -1.2441241e-01  -1.8588195e-02   1.4245111e-01   1.6027028e-01   1.4410692e-01  -9.6396904e-02   1.3451369e-01   1.3107980e-01  -7.5119253e-02   1.9110338e-01   9.9499877e-02   2.6429835e-02   2.4772810e-02   1.8141449e-01
  -1.5112091e-01   2.4280391e-01  -2.6265409e-03  -1.9438869e-01   1.4908254e-01   1.2162387e-01   2.3715531e-01  -3.9235016e-02   1.2101417e-01   7.9838821e-02  -5.9455758e-02   3.0605053e-01  -1.4640543e-01  -8.8034896e-02  -6.7039067e-04   1.2171810e-01   1.7275176e-01   1.7269648e-01  -1.7961165e-01   6.9869730e-02  -1.9398359e-02   1.6392930e-01  -1.9784142e-01   4.2243333e-02   7.6556132e-02  -2.4010466e-01   4.9290640e-02  -1.5790238e-02   1.1619739e-01   1.2648342e-01  -1.8670113e-01  -7.7541227e-02   1.9715221e-01  -1.5860324e-01   1.2166387e-01  -3.7654712e-02  -1.3797786e-01  -1.0318449e-01  -2.6811150e-01  -5.6397479e-02  -7.9048262e-02  -8.4416003e-02  -6.2720765e-02   1.1205545e-01   2.4826052e-01  -6.1117299e-02  -1.1393825e-01   1.5263394e-01   7.3101377e-02
  -1.3952096e-01   8.8122775e-02   5.5256266e-02  -1.7949626e-02  -1.5269896e-01   1.2112075e-01   1.2675440e-01   1.3958103e-01  -1.6574485e-01  -6.6704289e-02   1.8496969e-01  -7.1443658e-02  -3.7151249e-02  -3.1391553e-02   2.3392557e-01   3.4436496e-01  -1.3547536e-01   1.6904226e-01  -1.3107197e-01   5.2955302e-03   1.9751523e-01  -7.1651159e-02   8.5557174e-02  -2.9926240e-01  -1.2481000e-01   2.1816166e-01   2.1295648e-01   2.3858902e-01  -2.2182667e-01   2.0081158e-01   3.1831618e-02   1.9414182e-01   8.2593795e-02  -5.7461830e-04   5.5568404e-02  -1.3776092e-01  -5.1595635e-02   2.0985324e-02   5.2304324e-03  -1.4875468e-01   1.3005225e-01   8.9189798e-02   1.6512676e-01   4.7980012e-02   8.9365119e-02  -1.3577455e-01  -3.1061606e-02  -1.1019957e-01   4.4560952e-02
  -1.3364163e-01  -1.3094954e-01  -2.2545310e-01   8.5695536e-02  -2.2184168e-01  -1.7754118e-01   1.5050442e-01  -5.7243285e-02   3.7537891e-02   6.8313521e-04   5.8900268e-02  -1.4134530e-02  -1.1375152e-01   6.3731356e-02  -7.7911064e-02  -2.3451554e-01   1.5523713e-01  -1.5792974e-01  -1.9945608e-01  -1.0142497e-01  -1.8858306e-02   1.0715299e-02  -2.0057736e-01  -2.2930327e-03  -6.1005770e-02  -1.9544161e-01  -9.0605870e-02   1.0206575e-01  -3.1789611e-01   1.1964922e-01   4.1865752e-02  -1.1159283e-02   2.0698194e-01  -1.4852032e-01   2.0346169e-01  -3.6392571e-01   5.6130316e-02   8.7761391e-02  -5.0638359e-02   3.5703527e-02   1.6700892e-01  -1.3160761e-01   4.1404783e-03  -1.0757855e-01  -2.5265613e-01   7.3572351e-02   5.6084797e-02  -1.1840984e-01  -5.2416214e-02
  -1.4612828e-01   4.0527626e-02  -6.2605722e-02   6.6507300e-02  -1.8926719e-01  -8.5100334e-02  -4.7770326e-02  -1.4687891e-03   2.8323641e-01  -8.8981026e-02  -1.3395112e-01  -5.3238406e-02   1.6865308e-02  -3.0332666e-02  -2.3386493e-01  -1.6745141e-02  -8.1784009e-02   1.0789022e-02   1.0085703e-01  -3.3757920e-02   1.9167696e-01  -5.6194376e-02  -4.6741655e-03  -7.6569218e-03   2.8772825e-01   1.4359144e-01  -1.2945518e-03   2.1587217e-01   1.0373477e-01  -1.1813797e-02   1.2692839e-01  -1.3836309e-01   1.3818898e-01  -3.8275745e-02  -1.2242024e-01   1.6533620e-01   9.9915918e-02  -1.7716901e-01  -2.2825083e-01  -6.9553347e-02   4.2984584e-04  -1.5602189e-01   2.1736060e-01  -3.1590687e-01   1.1779353e-01  -3.4300072e-02  -2.1347160e-01  -2.6066332e-01   2.0691327e-01
  -1.4995218e-01  -4.1093010e-02  -1.3479865e-01   1.2468174e-01  -2.6477676e-02  -2.4446694e-01   1.7754318e-01   3.8258851e-02   1.1867429e-01  -2.6299629e-02  -2.7743100e-02  -7.4947448e-02   1.8504549e-02  -4.4622693e-02   1.9686706e-01   3.0373406e-01   9.4014656e-02   3.6101083e-02   3.2693553e-02   5.6173298e-02   1.8155374e-01   1.4570121e-02   4.1659572e-01   3.2188828e-01  -1.6846050e-02  -2.8358892e-02  -3.0979523e-02  -1.8314231e-01   5.4231070e-02  -2.8192549e-01  -1.3732772e-01   1.3125801e-01   6.5305940e-02   2.5470000e-02   6.4300957e-02  -6.9364124e-02  -1.9517494e-01  -8.9898298e-02  -1.4487686e-01   7.2553069e-02   1.9486649e-01   3.6542364e-02  -5.8345279e-02  -1.0447807e-01  -9.3838122e-03   2.4258273e-01   1.2371536e-01  -1.8819691e-02   2.8955662e-02
  -1.3218394e-01   1.0196786e-01  -8.2360695e-02   8.8081617e-04  -1.1247447e-01  -3.2161578e-03  -1.3362693e-02   1.5441760e-01  -2.5082205e-01   1.1312937e-01  -8.4176680e-02   2.1474252e-01  -1.1443471e-01  -1.2944419e-01  -6.6941509e-02  -7.4021495e-02   3.3588552e-02  -1.2105813e-01   2.2565988e-01  -5.4853364e-02   1.9777668e-01  -1.5783178e-01   2.5298096e-02   1.8038241e-01  -1.0773095e-01   7.4588652e-02   2.1418580e-01  -5.3325022e-02   2.7349880e-01   2.1375377e-01   1.3964464e-01   9.0012323e-03  -6.1323750e-02  -1.3138779e-01  -2.4488634e-01  -6.6870339e-02  -3.8520980e-03  -4.6669611e-02   6.8901753e-03   1.8964345e-02   3.2030915e-01  -2.1867467e-01   6.3958174e-03   9.9877888e-02  -2.2901918e-01  -7.7739688e-02  -6.4449818e-02   2.7338114e-01  -3.4311650e-02
  -1.4914682e-01   1.2589431e-01   2.0450624e-03  -5.6171785e-02   9.4589132e-02  -1.0477952e-01   1.2787705e-01  -1.1867109e-01  -2.3812637e-01  -1.9925106e-01   1.8468936e-01   1.0199127e-01  -5.7142586e-02  -1.5788734e-01   9.4732549e-02  -5.7128997e-02   1.5490344e-02   8.1460216e-02  -1.4060909e-01  -1.6269764e-01  -5.6169192e-02   2.9377121e-02  -5.5867880e-02  -3.0608959e-01   1.3090930e-01   1.5707618e-01  -1.4663808e-01  -1.8614892e-01   1.8515809e-01  -3.0586040e-01   1.2668492e-01  -2.0281294e-01  -2.2289276e-01  -1.7915507e-01  -5.3850728e-02  -5.3350051e-02  -1.1938363e-02   3.1322562e-02   7.2597796e-02  -3.3642675e-02   1.7503154e-01  -1.2220417e-01  -2.1681490e-01  -5.8012125e-02  -1.0423065e-02  -1.7179710e-02   9.8187145e-02  -2.2634849e-01   1.9451557e-01
  -1.5513784e-01   2.3971559e-02   1.1104828e-01  -1.5562080e-01   5.0821802e-02   5.2954115e-02  -8.8376270e-02   1.8309408e-01  -1.1202869e-01  -1.3272161e-01  -8.4532194e-02  -4.1299217e-01  -4.9469728e-02  -8.9930460e-02   4.5178336e-02  -1.7735440e-01  -8.5481382e-02   3.9582128e-01   2.8105748e-02   2.3902393e-01   3.1840483e-02   4.3277109e-02  -8.2928084e-02   2.5603559e-01  -2.4169079e-02  -5.7530107e-02  -1.7650391e-01  -1.4583477e-02  -8.4942771e-02   1.9421364e-01   1.9508427e-02   8.2397868e-02  -1.4032033e-01  -1.9272722e-01   9.1194999e-02   1.4453318e-03   1.0736715e-01   3.4815782e-03   1.9785085e-02   5.8133131e-02   6.9779214e-02  -4.7709246e-02  -1.8310842e-01  -3.1470510e-01   4.5724449e-02  -6.1903043e-02   6.1053716e-02   1.2925516e-01   9.5202280e-02
  -1.4280541e-01  -7.4767962e-02   3.3673185e-02   5.2235773e-02   1.4788198e-01  -1.4959121e-01   5.6027782e-03  -3.3512569e-01   1.9180344e-01  -2.2856008e-01   1.3638932e-01  -1.2688610e-03  -7.8827225e-02  -2.4694838e-02  -1.0989343e-01  -5.1922433e-02   6.5321365e-02   2.2755958e-01   1.5274504e-02  -1.0107493e-01   2.6552153e-01   1.3065661e-01  -6.1455782e-02   2.0866038e-01  -3.5434033e-01   9.8174780e-02   1.3989539e-01   7.6241967e-03   2.6054415e-02  -4.7559305e-02  -1.8758994e-01   3.3941949e-02  -1.4758172e-01   1.1855743e-01  -3.3776661e-03  -8.3887633e-02   2.9311589e-01  -6.9136770e-02   1.2196129e-01   2.7386838e-02  -1.0913011e-01  -9.4549560e-02   9.8481412e-02   2.2699253e-01  -5.5893167e-02  -2.0500997e-01  -7.4665671e-02  -7.6149186e-02   3.2203257e-02
  -1.2174476e-01  -1.6862822e-01  -3.3627516e-02  -1.6278895e-01  -4.0119060e-02   3.6053817e-02   1.1226698e-01   4.4003207e-02  -8.0159233e-02  -2.6531486e-01  -2.5670267e-01   8.0621251e-02   7.9511149e-03   1.3220794e-01   1.1952914e-01   2.7976143e-01   7.9203415e-02  -1.4985621e-02  -3.8685135e-02   7.6469818e-02  -1.1081698e-01  -1.8117222e-01   6.6503191e-03   2.0840393e-01  -3.8199098e-02  -6.4514391e-02  -8.0329234e-02   5.6184921e-02   9.8005755e-02  -9.7834803e-03   4.6544175e-01  -2.2741320e-01  -1.3064743e-01   9.0270621e-02   1.3149740e-01  -1.4402453e-01   2.2394441e-01   1.2828706e-01  -6.5211854e-02  -1.4176183e-01  -2.2847876e-01   5.4829719e-02   9.2197676e-02   1.5015218e-01  -4.2038748e-02   8.2175941e-02  -4.1667158e-02   2.3194307e-02   7.3397215e-02
  -1.4460848e-01   1.0916866e-01  -9.0576882e-02  -6.0499066e-02  -1.9147881e-01  -2.1312532e-01  -1.9074350e-02  -2.0186937e-01   6.5349090e-02  -1.3579788e-01  -5.6538216e-03  -5.9982752e-02   2.3638262e-01  -4.3475468e-02   1.6534864e-01  -1.7723908e-01  -6.2532566e-02  -9.2868341e-02   5.5992392e-02   3.1756926e-01  -6.6733778e-02   1.2422449e-02   5.8913289e-02  -5.7121732e-02  -1.3108652e-01   1.7033812e-01  -1.7881352e-02   3.1558788e-02   1.0485189e-01   2.8582507e-01  -1.4667398e-01  -1.2972413e-01   4.7154350e-02  -9.4407237e-02   2.7509073e-02   2.4352337e-01  -2.3357409e-02   2.6585069e-01  -9.0062157e-02  -1.6911261e-01   3.5598462e-02  -1.1164620e-01  -1.1146595e-01   2.6797335e-01   1.1769840e-01   2.3563657e-01   3.6988731e-02  -9.2837153e-02  -1.6240364e-01
  -1.3532092e-01   1.1437245e-01  -7.4528620e-03   5.0410441e-02   1.4857764e-01   1.1610678e-01  -1.2392047e-02  -2.3557182e-02   1.1289109e-03   3.4521326e-01  -1.1346385e-01  -4.2148269e-01  -2.6849894e-01   1.2717514e-01   1.1307572e-01  -3.8578290e-02   3.4682689e-02   9.9040132e-02   9.4278131e-02  -2.6161865e-01   2.0114415e-01   1.2109304e-02   8.5683016e-02  -1.6136707e-01   5.1241899e-02   7.2010021e-03  -3.5235659e-02   1.2478413e-01   1.0036814e-01  -5.0025157e-02   2.4150964e-02  -2.6347554e-01   7.6665768e-02   7.9708375e-02   1.0574447e-02  -1.0130577e-01   1.7390620e-01   2.4058839e-02  -5.6410506e-02  -3.3220452e-02  -1.7458607e-02   8.6158134e-03  -1.9725741e-01   1.8202965e-01   1.3085853e-02   2.4458276e-01  -1.1471739e-01  -3.1265241e-06  -2.2320586e-01
  -1.1529506e-01  -1.6390808e-01   4.9911186e-02   2.6092925e-01  -1.2960029e-01  -1.7480506e-01   7.6756196e-02  -7.0130681e-02  -5.8919413e-02   1.8921886e-01   6.0257795e-02   5.4061191e-02  -2.0104833e-01  -2.0416126e-02  -2.6282584e-01   6.5495027e-03   2.9358453e-01   1.6384646e-01  -1.7705323e-01   1.7431873e-01  -2.3734888e-02  -8.7494297e-02   2.5039546e-03  -1.5331907e-01  -2.5967989e-02   1.5462394e-01  -1.0039481e-01  -1.8553664e-02  -1.5559250e-02   2.5499550e-02   2.8930110e-01   3.0999497e-01  -3.3197570e-02  -1.7830407e-02   1.9065512e-02   3.0908073e-01   9.2286374e-02  -1.8694624e-01  -9.3510233e-03  -6.7578680e-02  -1.0106746e-01   8.6576749e-02  -1.7230861e-01   9.2772488e-02   9.3103153e-02   1.2095367e-01   2.6244208e-02   1.6488023e-01  -2.2545421e-02
  -1.4999397e-01  -8.0106436e-02   9.5378900e-02  -6.4075037e-02  -1.5864449e-01  -2.6194488e-02   5.8901525e-02  -1.0331787e-01   9.9335590e-02  -1.2952004e-03  -2.3796556e-01  -8.2797070e-02  -1.6409232e-01  -3.0245621e-01  -3.6174858e-02  -2.3966118e-02  -1.1474238e-01   1.3205980e-01   1.3542801e-01  -2.7279543e-01  -4.0667656e-01  -2.8943916e-02   2.8535319e-02  -7.4187412e-02  -3.3148093e-01  -1.1729327e-01  -2.1287815e-01  -4.2326390e-02   1.6969274e-01   6.2778149e-02   6.0283172e-02   9.0078920e-02   1.4661971e-01   1.2291381e-01  -7.8251390e-02  -3.3328267e-02  -2.2594985e-01  -3.2259655e-02   1.5048458e-01   2.9594697e-02   1.2629905e-01   1.1599268e-01   1.7318877e-01   5.7659015e-03   1.3602790e-01  -1.9369569e-02  -6.6393538e-02  -9.8485965e-02  -3.5099173e-02
  -1.4483157e-01   9.4823316e-03  -1.2144824e-01   3.1404469e-01  -2.2166329e-02   6.0714473e-02   9.6375001e-02   1.3833281e-01  -1.6850470e-01  -2.2830270e-01   4.9627642e-02  -1.9240890e-02   7.4416286e-02   1.3854893e-01   2.0964772e-01  -1.3025307e-01   3.8534828e-02  -1.0816192e-01  -7.1191731e-02  -6.6510372e-02   1.7069423e-02  -8.0803148e-02   6.0698607e-02  -1.1634384e-03  -2.4641657e-02  -9.2824622e-02  -1.2428271e-01  -9.1423710e-03   7.1186967e-02  -6.5265806e-03  -1.4431850e-01  -2.4610358e-02   3.4866978e-01   1.1159370e-01  -9.8389964e-02   6.3411413e-02   5.3694502e-02  -5.4188438e-02   4.0575570e-01  -3.9451397e-02  -2.0675934e-01  -1.8036977e-01  -7.2794041e-02  -6.2685391e-02   1.9183663e-01  -2.5458602e-02  -1.9727925e-01   2.3731472e-01   2.0625666e-01
  -1.6463224e-01   7.8659902e-02   1.2192867e-01  -2.2108877e-01  -1.8385705e-01  -6.3758736e-02  -1.5262610e-01   8.9417819e-02   4.4494110e-03   2.8040913e-02   3.3014170e-01  -5.3928928e-03   1.0418540e-01   2.3076797e-01  -9.3432851e-02   9.4052612e-02   3.2893931e-02   1.0206798e-01  -1.4253903e-01  -3.4494875e-01  -2.5866559e-02  -5.4430570e-02   1.6794041e-01   1.8236900e-01   9.0695990e-02  -1.5278880e-01  -1.7335824e-01   8.3376844e-02  -4.5600396e-02   1.9850057e-01   7.7782953e-03  -7.0654056e-02   1.4479968e-03  -1.2595283e-01  -2.3593566e-01   1.5175392e-01  -5.4693113e-02  -5.4892294e-02   9.6505267e-03   2.6764181e-01  -1.0655017e-01  -9.8543208e-03   3.0630242e-02   2.5005361e-01  -1.6742935e-02   6.8869595e-02   2.1056614e-01  -6.3016136e-02   1.0364140e-01
  -1.6701379e-01   1.5793358e-01   1.6249981e-01  -6.2638940e-02  -2.1657483e-01   1.5910365e-02   1.4470292e-01   2.7289474e-01   3.1668933e-01   2.0421201e-01   1.4328446e-02   2.4516466e-01   4.6894995e-02  -8.3141418e-02  -1.0106876e-02  -5.0092058e-02  -2.7272970e-01  -1.2627418e-02  -5.8385667e-02   8.9502111e-02   4.0423475e-02   2.0346739e-01   2.6279014e-02  -1.1803962e-01  -1.1608309e-01  -4.8952148e-02   4.2123889e-03  -9.2383560e-02   4.0245452e-02  -5.3981210e-02  -5.2571664e-02  -5.7037452e-02  -3.5904383e-02   9.2541580e-02  -3.4043949e-02  -4.2100051e-02   3.8009508e-01   1.4567054e-02   1.9074706e-01  -9.5381808e-02  -5.4664634e-02   1.7174230e-01  -4.8499559e-02  -1.1083622e-01  -1.9749626e-01   2.1949335e-01   1.3395326e-01   8.4640322e-02   1.3886407e-01
  -1.3890430e-01   8.5200368e-02   1.7612136e-01   1.4629633e-01   2.9583270e-02  -1.0199631e-01  -8.7352498e-02   6.9187827e-02  -1.0348062e-01  -2.9053519e-02  -2.0374351e-01  -4.0677313e-02  -8.4808980e-02  -1.5658539e-01  -4.5218995e-02  -9.4930478e-02  -2.1987105e-01  -8.7357789e-03  -1.2190202e-01   1.5808539e-01   2.4492809e-01   6.5623264e-02  -1.3523330e-01   5.8621552e-02   1.9467863e-01  -5.0587888e-02  -1.3167214e-01   6.9669292e-02   2.9305789e-02  -3.1377651e-01   8.7415944e-02   1.0428890e-01   2.5931898e-01  -8.0470652e-02  -3.4827846e-02  -1.3008011e-02  -1.2452490e-01   2.2701508e-01   3.2740706e-02   3.4042715e-02  -1.1996457e-01   2.0031173e-03   2.4955493e-01   3.2742051e-01  -6.1842911e-02  -1.5166940e-01   2.8429842e-01   2.2405660e-02  -9.3051384e-02
