  -1.6118862e-01   2.2086203e-02  -1.5701521e-01   1.6381469e-01  -4.3437280e-02  -6.5506803e-02  -2.1858718e-01   2.3394279e-01  -1.6025434e-01  -2.9500006e-01   3.6912456e-02  -3.2851716e-01   6.0772581e-02  -1.5541040e-02   1.3862634e-02  -1.3305128e-01  -1.2423517e-01  -1.7051469e-01  -9.3108033e-02  -4.7565756e-02  -2.5762904e-02  -1.6547433e-01  -1.6809439e-01   3.2499414e-02  -2.1395870e-01  -1.8458245e-01   1.3892149e-01   1.8270402e-01  -1.5098327e-01   2.7256294e-02   1.0374149e-01   1.2903652e-01   2.1309562e-01   1.5123160e-01  -1.8534412e-02   5.9088487e-02  -1.0057011e-01  -9.0184848e-02  -1.5377224e-03   1.4551478e-01  -7.9483270e-02  -1.9733443e-01  -2.4593368e-02   8.5449047e-02   1.5816947e-01   1.0792949e-01   1.6700596e-01   1.2104139e-01   1.7128635e-01
  -1.5792490e-01  -1.2541652e-01  -1.8951798e-01   1.3252109e-01   1.4697513e-01   1.2665409e-01   7.5605627e-02  -1.5745571e-01  -6.0615502e-02   1.2694361e-01  -3.6863760e-02  -6.2737427e-02  -8.1443864e-04   1.9147083e-01   2.5760356e-01   1.9767982e-01  -1.2437032e-01  -1.7151800e-01  -1.0100325e-01  -1.7480048e-01  -1.4220972e-01   9.1493695e-03  -1.7747574e-03  -3.4253420e-01  -7.7056404e-02   7.2249391e-03   1.7289476e-01  -9.8567822e-02   2.4095632e-02  -9.9923382e-02  -3.1720048e-02  -2.2810792e-01  -1.4339233e-02  -1.0143479e-01  -1.7493325e-01  -3.3089693e-01  -5.5164819e-02  -6.0361340e-02  -1.1639386e-01  -1.2844888e-01  -1.6194267e-01  -9.0841796e-02  -1.1613360e-01  -1.5450976e-01  -1.7730488e-01   5.5758947e-04   1.2204100e-01  -6.0967827e-02   1.6977251e-01
  -1.3562198e-01  -1.5400344e-01   2.7955724e-02  -4.6615632e-02   1.4379402e-01   2.0118756e-01  -5.3340874e-02  -1.2874364e-01  -1.6619276e-01  -3.0499144e-01  -1.4902431e-02  -4.8619484e-02  -2.3580718e-02  -2.0923479e-01   1.1028538e-01  -4.4061314e-02   3.2041656e-02  -5.2061873e-03   1.4044353e-01   8.5328073e-02  -4.9965874e-02  -1.8158182e-01   2.1500644e-02  -7.6749281e-02   9.0700049e-02  -8.7941072e-02  -1.9317349e-01  -1.1284740e-01   1.8868428e-02  -2.9389625e-01  -1.0407444e-01  -1.5515955e-01   8.1196569e-02   7.1520794e-02   1.1454202e-01  -6.2069235e-02  -1.0080660e-01  -2.3623724e-01   1.1179049e-01  -1.3929733e-02   5.9527267e-02   3.0284966e-01  -9.8314350e-02   3.3822860e-01  -9.3660640e-02   1.1676287e-01  -2.8697579e-01  -9.0750164e-03   6.0479228e-02
  -1.2881562e-01   1.5040886e-01   1.7287635e-01  -1.6774918e-01  -9.6924445e-02  -1.5021073e-01  -8.6767596e-02  -2.2023829e-01   5.8869728e-02  -8.5643657e-02  -2.5728638e-01  -1.7528906e-01  -9.4329499e-02   1.8744897e-01   5.0241703e-02  -1.0308332e-01  -9.5503114e-02   6.3781323e-03  -6.7244552e-03   2.5120479e-01   2.0742983e-01  -1.3207012e-01   8.3875374e-02  -1.8394869e-01  -5.0892370e-02   1.7580958e-02   7.6586578e-03   5.7718988e-02  -1.0278409e-01   1.5264949e-01   1.1763222e-01  -1.1214967e-01   9.1477986e-03   1.7604580e-02   1.8982881e-01  -1.2272118e-01  -7.3708151e-02   1.1759920e-01  -2.9242546e-01  -2.6399434e-01   2.7531090e-01   1.6545413e-01   1.9547728e-01  -6.4427572e-03   4.5789539e-02   8.3214655e-02   1.0548074e-01  -3.7075267e-02   1.4398471e-01
  -1.4581674e-01  -1.6724899e-01   1.4309188e-01  -2.8091169e-02   2.3342134e-02   2.6122888e-01  -1.5475115e-01   9.6135748e-02   1.7689781e-01   1.0610750e-01  -9.2379854e-02  -1.6462321e-01   4.8560723e-02   1.2787790e-01  -2.3660633e-01  -9.7043826e-02   3.1340558e-02   1.8194676e-01  -1.3792761e-01  -2.9169318e-01   1.5078254e-01   1.0969912e-01  -1.5949264e-01   1.1920192e-01   3.9458650e-02  -1.8678214e-01  -1.4181232e-01   6.7708539e-02  -1.4008304e-01   1.3393374e-01  -2.6703953e-01  -3.9486520e-01   5.0816820e-03  -3.2974303e-02   1.4836942e-01   9.0519006e-03   4.3604511e-02  -6.5396963e-02  -1.1425915e-01   3.7385554e-02  -1.7778696e-01   1.1830380e-01  -2.5004986e-02  -4.0504612e-02  -6.5535454e-03   6.8337759e-02   1.0541622e-01   7.5458281e-02  -1.1600524e-01
  -1.5803052e-01   6.9619320e-03   1.1105506e-01  -4.9931032e-02  -6.7032264e-03  -1.6402404e-01   3.6917758e-01  -6.9323024e-02  -8.7621866e-02   2.8014184e-02   4.8405497e-02   2.3515570e-01  -1.7613287e-01   3.0753479e-02  -1.5782328e-01  -1.5234897e-01  -2.5786298e-01   1.1846879e-01  -8.1931513e-03  -1.2135173e-01   7.3887235e-02   5.9470429e-02   1.2435016e-01   3.1653300e-01  -1.1794348e-01  -7.2844961e-02   1.3049653e-02   2.9711141e-04  -1.3805449e-01  -5.5272304e-02  -1.0836399e-01   6.4294031e-02   9.0960321e-02   1.1702057e-01   9.9398775e-02  -3.8405060e-01  -2.7735071e-01  -9.7397141e-02   1.9726907e-01  -4.5190000e-02  -6.9370599e-02  -1.0529636e-01   5.7582466e-02   1.0223756e-01  -4.9505463e-02  -5.3878323e-02   1.2468989e-01  -3.7021173e-02   9.9566909e-02
  -1.2949936e-01   1.8204142e-01  -2.2510816e-01  -1.2756651e-01   1.7941988e-01   9.0065553e-02   3.2838189e-03  -8.7077148e-02   5.6005257e-02   2.3213344e-01  -4.8283958e-02   7.2958638e-02  -5.3701613e-02  -1.2679641e-01   5.8476214e-02   2.4184893e-01  -1.3760354e-01   7.7098287e-02   6.4291029e-03  -8.3330963e-02   1.1716852e-01  -1.6957128e-01   2.1933440e-02   1.3634107e-01  -2.1443918e-01  -8.8604268e-02   1.4700855e-02  -4.5673739e-02   1.0865383e-01   2.4867092e-01   5.2784732e-02   5.0018722e-02  -5.5947523e-03   6.9928985e-02   1.3626963e-01  -3.4873483e-02   2.4427427e-01  -1.6011497e-01  -1.7108688e-01   3.5711446e-01   2.8433690e-01  -8.0466414e-02  -1.4281901e-01   1.8243128e-01  -1.2203643e-01   1.6256555e-01   1.2176426e-02  -1.0015559e-01  -4.3567642e-02
  -1.2211510e-01   1.4466717e-01   1.1727043e-01   1.8751123e-01   7.6405313e-02   2.0061175e-01   2.7077832e-01   9.0764895e-02   1.8892909e-01  -2.7938390e-01  -1.9794227e-02   1.1717643e-02   6.5297802e-02  -3.0339841e-02   3.7845824e-02   6.8904773e-02  -1.5334403e-01   1.4700373e-02   1.1815772e-01  -1.6721077e-01   6.4669226e-02   4.6166605e-02  -9.2325843e-02  -1.5803633e-01   7.3282448e-02  -4.8728765e-02   2.5081272e-01  -1.4473878e-01  -1.9976048e-01   6.0920598e-02  -2.1066615e-01   2.9821901e-01   1.1499540e-01  -6.6451634e-02   1.3119654e-02   2.1521315e-01  -9.2122920e-02  -5.0685949e-02  -5.5548560e-02   1.3686042e-02   1.6698194e-01   1.1468760e-01   2.1863873e-01  -2.1023588e-01  -1.9140828e-01   5.9850492e-02  -7.0385059e-02  -1.1712355e-01  -1.3258571e-01
  -1.4790921e-01   9.4238052e-02  -8.9150245e-04   9.6425514e-02  -2.7372236e-01   1.3376691e-01   6.5536158e-02  -1.1417805e-01   7.5731403e-03  -1.5339286e-01   2.0126008e-01   3.2605821e-02  -3.6232712e-02  -1.6950941e-01  -1.3356414e-01   2.0662634e-01   4.7165687e-02  -9.8688419e-02  -5.9920470e-02  -2.6196495e-01  -7.7780790e-02  -1.0631843e-01  -9.4854168e-02   8.4593872e-02   1.6055784e-01   7.8561888e-02  -1.0544735e-01  -8.9161859e-02   3.8722917e-01   4.4235808e-03   8.0716227e-02  -5.9846383e-02   2.2906286e-02  -6.5815556e-02   1.6778309e-01   7.8715528e-02  -1.0595814e-01  -1.4106544e-01  -1.9410931e-01  -2.2314893e-01   1.3115036e-01  -6.5136055e-02   7.1027546e-02   7.0123935e-02   1.8432758e-01  -2.4127964e-01   2.8633981e-01   2.7559197e-02   3.3721855e-02
  -1.4755507e-01  -8.7900374e-02  -2.4942090e-02  -9.3007540e-03   2.4992250e-01   1.0089486e-01   5.6142434e-02  -7.9217869e-02  -3.3255319e-02   7.5270149e-02   7.2495378e-02  -1.7285854e-01  -8.2390042e-02   2.9683478e-01  -3.7705424e-01   1.2167789e-01  -5.6291848e-02  -3.6992422e-01  -1.1680247e-01   1.1645510e-01   1.5536031e-01  -1.3677685e-01  -4.7394777e-02   6.6258814e-02   2.4231280e-01  -3.6725752e-03   3.3609803e-02  -1.6067196e-02  -4.9748162e-02  -1.8593024e-02   6.7221069e-02   2.0824281e-01  -8.9418345e-03  -4.1977268e-03   2.0356003e-01  -1.7795935e-02   2.1515490e-01   4.7473235e-02   9.4762886e-02  -1.0399607e-01  -3.8950537e-02  -1.3700415e-01   1.0012391e-02   2.4498245e-02  -2.6312543e-02  -1.9338659e-01  -3.0424702e-01   6.7370247e-02   6.9169561e-03
  -1.5121106e-01   2.3208386e-01   2.4362123e-02   1.5364134e-01   4.6803128e-02  -9.8910358e-02  -1.5224230e-01  -2.0921538e-01   5.3607437e-02   1.7414068e-01  -2.6654602e-02   1.5616958e-01   1.5984936e-01  -3.2745744e-02  -9.9981721e-03  -2.0746931e-01   3.6171613e-01  -4.8589867e-02   1.5280787e-02  -8.4193084e-02   6.3799762e-02   9.9259941e-02  -3.2242379e-01   1.6912655e-01   3.0431056e-02   1.2163417e-01  -5.5925568e-02  -8.5804307e-02  -1.5508348e-01  -6.0153885e-02   4.2205396e-02   1.5968554e-01   1.9415941e-01  -2.2073550e-01  -1.9614106e-01  -1.5113628e-01  -3.0761023e-02  -1.1576915e-01  -2.4366902e-01  -4.6196857e-02  -2.9505748e-03  -4.4148580e-02   3.9577347e-02   1.2169956e-01  -6.5864892e-02   7.7871758e-02  -1.9068747e-01   7.6950959e-02   1.7118717e-01
  -1.2685354e-01  -1.8016494e-01   2.4090353e-01   1.5494521e-01  -6.9588801e-02   5.6408333e-02  -5.0462206e-02  -8.6359996e-02  -2.2129884e-02  -1.9641400e-02  -8.4724677e-03  -1.4367937e-01  -1.9532991e-01   2.1071951e-01   1.8961374e-01   3.4395584e-01  -2.3682199e-02   2.4087263e-01   4.0908086e-04   4.8358528e-02  -8.5615144e-02   4.7180078e-02  -4.7977769e-02   7.8409980e-02  -1.3644421e-01   2.0013043e-01  -1.8249395e-01  -2.0313822e-01  -2.3465698e-01  -3.4091149e-03   3.0934712e-02   3.9818263e-02   1.4551025e-01  -5.2733780e-02  -1.6613626e-01   1.0698024e-01   8.4870722e-02   1.7766037e-01   1.1000701e-01   2.7101132e-02   7.1363013e-02  -1.9329416e-01   1.0310143e-01   3.4352575e-01   1.8925523e-02  -5.7407115e-02   9.3980380e-02   8.0482379e-02  -1.3611856e-01
  -1.3637526e-01   1.5658086e-01   1.6866474e-01   1.8178885e-01   1.5502129e-01  -2.3994510e-01   2.6970604e-02   1.2147214e-01  -8.8726336e-02  -3.2938099e-01  -1.0242677e-01  -5.5156404e-03  -7.7096327e-02  -3.1436069e-02  -6.2983253e-02  -1.0459428e-01  -1.3232913e-01   8.6228561e-02  -2.3865002e-02  -2.0978169e-01  -9.9749825e-02  -8.1533882e-02   8.3844775e-02   1.0585339e-01  -5.8375112e-02   8.8026097e-02  -9.9598853e-02   2.1514247e-02   1.1789166e-01   3.6655282e-02   1.6911756e-01  -1.8839931e-01  -3.6187915e-01   4.5909075e-02  -1.3529050e-01   3.6263156e-02   1.4345673e-01   9.4921348e-02  -2.6133593e-01  -2.6060160e-02  -1.4497459e-01  -1.2937783e-01   3.9957379e-04   1.0520288e-02  -2.6858355e-01  -6.5585501e-02  -2.6709173e-01   1.6609507e-02  -8.4708218e-02
  -1.5398676e-01   2.9125756e-01  -8.7083829e-02  -6.3056497e-02   2.2221518e-02   2.0365144e-02   4.5984658e-04   6.3611608e-02   2.0371516e-01  -2.0412752e-01  -2.2119323e-01   1.7169885e-02  -1.3029210e-01  -2.2600724e-01  -5.5261055e-02   1.4156332e-01   2.0068927e-01  -2.2386962e-01  -5.1510273e-02   2.0845369e-02   4.9604690e-02   1.3718708e-02  -1.3271310e-02  -1.0490684e-02  -3.8375088e-02   1.6115889e-01   2.2130970e-03  -8.3446764e-02  -1.6119358e-01   2.9852636e-02  -1.0854762e-01  -2.1429131e-02  -9.5072411e-02  -2.3218423e-02   2.7363434e-02  -1.4608096e-01   7.0449981e-02   2.1060504e-01   1.9536104e-01  -8.0994287e-02  -3.0177755e-01   6.4706426e-03  -1.6968835e-01   1.2332325e-01   2.3376277e-01   1.1094723e-01   1.2198458e-01  -3.5448404e-01  -1.1462961e-01
  -1.4715632e-01   2.1511133e-01  -2.7119133e-05  -1.9169193e-01  -2.8870436e-01   4.9612259e-04  -4.4780007e-02  -5.4385408e-02  -4.1716726e-02   3.9414373e-02   1.5789551e-02  -1.4864745e-01   1.1325248e-01   2.7742446e-01   1.1068832e-01   7.0371817e-02   1.4625044e-01  -3.2174603e-03   2.5402606e-01   4.8401461e-02  -1.7337805e-01   1.5173605e-02  -1.5232790e-01   9.6231374e-02   2.1409629e-01   1.1836859e-01   2.4714494e-01   1.5433981e-01  -2.3363543e-02  -1.0111639e-01  -1.0885939e-01  -9.3259811e-02  -3.0223894e-01   1.9274315e-01   1.1889278e-01  -3.7162387e-02  -1.5010637e-01  -1.7551132e-01   9.1583090e-02   1.2921944e-01   1.1283232e-03  -2.0739205e-01   5.3761630e-02   6.9007203e-02  -1.7941999e-01   7.2201002e-02  -2.6593860e-02  -2.8472279e-02  -1.8778116e-01
  -1.2884072e-01   1.1829333e-01   3.0736468e-02   9.4317683e-02   8.2434863e-02  -6.6290940e-02  -9.7467693e-02   1.5827723e-01  -1.8213031e-01   1.9396500e-01   1.0096514e-01  -3.4268263e-02  -2.9142459e-01   5.8392563e-02  -6.9382613e-02   1.6476975e-01   2.4434679e-01  -4.2067243e-02  -8.6447963e-02  -6.2345442e-02  -1.6751128e-01   4.2127580e-02   2.4785123e-01  -2.6600741e-03   4.0623258e-02  -3.2284124e-01   3.0645017e-02   9.8215371e-02  -1.4527904e-01   2.1660493e-01   1.4697516e-01  -9.2079180e-04  -1.5019847e-01  -1.8932746e-01  -1.7278138e-01   1.0144228e-01  -2.4499962e-01  -2.2973035e-01   1.0778069e-01  -1.3709877e-01   1.2515632e-01   2.0852670e-01   7.0791092e-02   4.8320477e-02   5.2955312e-02   6.4471392e-02  -6.5768772e-02  -1.3011449e-01  -6.8512357e-02
  -1.6281631e-01  -2.5191461e-02   9.4380744e-02   1.2031028e-02   1.6699645e-02  -7.5582692e-02  -3.6490013e-01   6.8916501e-02  -2.8533532e-01   1.0166748e-01  -1.1992819e-01  -3.2669673e-02  -9.9493549e-02  -1.8833220e-01   5.3650269e-02   2.0966085e-02  -8.3559333e-02  -1.2969487e-01   2.2663233e-01   7.3678025e-02   9.2744872e-03   2.5812612e-01   1.6062007e-02   7.3070368e-03  -6.1749458e-03  -1.5100832e-01   7.4008057e-02  -2.2808203e-01   1.9140957e-01   4.5905838e-03  -1.1724441e-01   4.8933634e-02   1.0920422e-01  -1.0996641e-01   2.0100667e-01  -1.6637637e-01  -1.0443964e-01   1.8832642e-01  -1.1769617e-01   2.4460316e-01  -9.8381365e-02  -8.0389644e-03   1.8969367e-01  -1.1270119e-01   6.8223199e-03  -2.8008422e-01  -4.2082061e-02  -6.8185876e-02  -1.6661047e-01
  -1.2103593e-01  -3.1484894e-02   6.8051822e-02  -7.1668844e-03  -2.4373161e-01   1.6740971e-01   2.7248069e-01  -1.1508796e-01  -2.8364061e-02   1.4736500e-01  -3.1724716e-01  -2.0205962e-01  -4.2982270e-02  -3.3532275e-02  -1.1205198e-02  -1.3328008e-01   4.1404691e-02  -1.6149651e-02   1.0407944e-01   1.9613351e-03  -1.3215672e-01  -8.4484079e-02   3.3095060e-01  -1.7948441e-02  -1.1924896e-01   5.0099051e-02  -3.0008895e-02   2.6482435e-01   1.7502527e-01   2.0075346e-02  -7.6992775e-02   1.4756022e-01   2.7806890e-01  -1.2458428e-01  -9.6766672e-02   7.9033142e-02   9.5321663e-02  -1.7035295e-01  -1.4804484e-01  -5.3138380e-03  -2.3934643e-01  -1.0529542e-01  -1.2397631e-02  -1.2849521e-02   1.4580592e-01   3.3731298e-02  -2.0013372e-01  -2.2916153e-02  -1.6111596e-01
  -1.2769864e-01  -3.2045920e-02  -2.0503908e-01  -3.5401163e-01   1.1597462e-01   1.0377798e-02  -1.2709827e-01   1.5637581e-01   2.6291151e-01  -6.1883710e-02   1.0718058e-02  -2.6174446e-01   1.4981653e-01   5.5789842e-02   3.1580704e-02  -9.3321278e-02  -7.1817519e-02   1.7329193e-01   1.1260405e-01  -5.7757568e-02  -7.4441842e-02   7.8988576e-02   1.3750806e-02   5.1690174e-02  -5.7124193e-02  -5.8896263e-02  -2.0501382e-01  -8.6032274e-02   2.5724590e-01   8.5331563e-02  -3.7542039e-02   2.0236863e-01  -6.6817326e-02  -1.5196674e-01  -1.8384828e-01  -6.1058544e-02   3.3336692e-02  -6.5291961e-02   2.0713079e-01  -2.1068797e-01  -1.0950097e-02  -8.6954280e-02   2.7901208e-01   6.3966546e-02  -9.9348051e-02  -9.5185927e-02  -5.7092513e-03  -1.8090663e-01   2.1771950e-01
  -1.5373376e-01   8.6243107e-02   1.6844503e-01   1.9864221e-02  -6.3072278e-02   2.3802655e-01  -3.3097423e-02   2.2830876e-01   1.6801696e-01  -5.8593313e-03   7.4046383e-02   1.1627638e-01  -7.7265636e-02   1.1538845e-01   1.7325847e-01  -1.5234073e-01   9.6278171e-02  -1.2922827e-01   2.9449514e-02   6.0744392e-02  -1.4061354e-01  -2.7661951e-01   1.8043457e-01   1.4231798e-01  -6.4073257e-02   8.3037796e-02  -5.2469412e-03   1.0168167e-01  -5.1452340e-03  -6.2543438e-02   1.9148366e-02   7.2936507e-02  -8.1833833e-02  -3.7585930e-01   1.5592191e-01  -8.0524904e-02   5.3790234e-02   1.6901845e-01   9.3120821e-02   2.2633641e-01   1.5956047e-02   1.7590673e-01  -1.0107014e-01  -5.1217515e-02  -2.1168793e-01  -1.1862359e-01   1.8345900e-01   2.1254143e-01   2.0984063e-01
  -1.4855843e-01  -1.0715751e-01  -4.3503659e-02   2.3375302e-01   1.6250714e-01   1.6630291e-01   4.6147324e-02   8.0000362e-02  -5.7425579e-02   1.7446247e-01  -7.2100352e-02  -1.0499468e-01   4.1509597e-02  -2.2887990e-02   2.0594574e-02  -2.7452459e-01   8.9098502e-02  -1.6804086e-01  -1.0898884e-01  -1.0450628e-01  -3.8431581e-02   2.5275646e-01   1.6110045e-01   4.2585256e-02  -2.8310734e-02   4.0678459e-01  -5.5190597e-02  -9.7715587e-02   1.5509468e-01   1.6512335e-02   1.6982325e-01  -4.2843891e-02  -5.5457522e-02   2.4049867e-01   1.7925400e-01   6.3705849e-02  -8.9164101e-02   7.2354489e-02   1.6121926e-01   3.9512264e-02   2.0016885e-01   5.6836090e-03   2.1960505e-01  -1.9863328e-02   1.3029069e-02   3.1873750e-01   5.7747423e-02  -3.8646611e-02   1.3901897e-02
  -1.4101157e-01  -1.0024162e-01  -3.0645726e-01   1.3681940e-01  -7.9125341e-02   3.8716828e-02  -1.3086857e-01   7.6255371e-02   1.5247145e-01  -1.1646074e-01   6.5066025e-02   2.9985748e-01   8.2909715e-02   4.1644040e-03  -9.0024033e-02   1.3073874e-01   1.1772500e-01   4.8193896e-02  -1.3340933e-01   2.1580266e-01   4.7622939e-02   1.8864698e-01   2.5719201e-01  -1.6192968e-01  -2.6425415e-01   1.1316463e-01   5.8470481e-02   1.7458627e-01  -8.5815780e-02   5.2239360e-02  -2.4671534e-01   5.9645536e-03  -1.0383043e-01   1.0116916e-01   1.4177223e-01   2.6572202e-02  -4.8994588e-02  -1.0523139e-01  -1.6226434e-01  -5.9297399e-02  -6.1307151e-02  -4.2300765e-02   1.9858455e-01   2.0597433e-01  -6.6204235e-02  -1.9427687e-01  -1.3701682e-01   1.7388012e-01   4.1112131e-02
  -1.2509870e-01  -3.0721098e-02  -6.3267967e-03  -1.2052427e-02  -1.3696598e-01   1.2750650e-01   3.5434123e-02   2.2485397e-03  -3.4443008e-01  -2.2124830e-02  -1.1654703e-01   5.8160086e-02   3.8854786e-01   2.0113667e-01   2.4247384e-02   3.7248459e-02   8.0453228e-02   3.1152522e-02  -1.6698279e-01  -2.7876280e-02   1.1560040e-01   3.3426901e-02   3.7178952e-02   1.4203844e-01  -2.4434483e-01  -1.8873504e-01  -1.4616627e-01  -8.1578430e-02  -3.9750737e-02  -3.0291685e-01   2.8354004e-02   2.9967562e-01  -2.6969667e-01   4.6215487e-02  -3.5297768e-03   1.9202490e-02   1.0056107e-01   6.7216260e-02  -1.0912596e-01  -1.0457793e-01   7.0102415e-02   1.7239256e-01  -1.1231546e-01  -7.5805896e-02   4.4449150e-02  -3.8966653e-02   1.2023148e-01  -1.9928458e-01  -1.2096425e-01
  -1.4416817e-01  -5.8759037e-02   1.3705211e-01   1.1840926e-01  -1.9316364e-01   3.8161768e-02   1.6896887e-01   3.2447913e-01  -1.8133580e-01   2.6494987e-02   2.1262199e-01  -3.0324846e-02   2.8299904e-01  -1.2107286e-01  -9.6093257e-02   3.6261809e-02   1.1028428e-01   1.2537907e-01  -3.5718355e-02   2.2651084e-01   2.5021576e-01  -1.6158091e-01  -4.1232630e-02  -2.1394918e-01   1.2185561e-01   3.7287507e-02   7.1860203e-03  -1.9499151e-02   1.1897540e-01   2.7831336e-01   6.8663158e-02  -8.1931116e-02   8.0652816e-02  -4.3244686e-02  -1.5040504e-01  -3.8991829e-01   9.2455096e-02   3.4986811e-02   7.7639415e-02   1.4920263e-02   1.8017088e-02  -4.0349290e-02   4.5218232e-02   7.7704314e-02  -1.1009644e-01   9.9975081e-02  -2.0109377e-02  -5.4000685e-02  -1.2020573e-01
  -1.4769874e-01   1.8635818e-01  -4.5070251e-02   4.2034885e-02  -3.9737979e-02   5.5252263e-02  -2.7190799e-01   5.3526062e-02  -2.4041714e-01   7.4498270e-02  -1.5576878e-01   2.8996470e-01   2.4800348e-02   5.6388121e-02   2.9372479e-02  -3.9705682e-02  -1.9673946e-01   2.2643098e-01  -2.0693015e-02  -8.0529573e-02  -1.3108190e-03  -1.9089298e-01   1.9733467e-01  -6.7680707e-02   3.3274816e-01   2.0494445e-02   4.9981715e-02  -1.7591509e-01  -2.2580508e-03   3.1110573e-02  -2.5923473e-01   4.7386018e-02  -1.7010080e-02  -1.5896422e-03  -1.5927493e-02   1.1155795e-01   1.6410441e-01   1.4900074e-02   1.4916367e-01  -1.7477996e-01  -2.4455669e-02  -1.8648098e-01  -6.7847505e-03  -7.3868447e-02   2.0805793e-01   2.1969327e-01  -1.2385088e-02   1.8433121e-01   1.7010779e-01
  -1.4533979e-01   1.2003928e-02  -8.4784689e-02   3.0981542e-01  -1.3395796e-01  -3.7552029e-02  -4.2975526e-02  -1.1139850e-01   2.1263859e-01   1.0076740e-01   3.8350422e-01   2.8506504e-02   3.8523422e-02   1.8781781e-01   4.6980899e-02  -9.0892194e-02  -2.4222986e-01   3.3200732e-02   3.7351597e-01   1.1782068e-01   2.4888970e-02   7.7222437e-02   4.5649642e-02   2.9578839e-02  -2.3608164e-02  -1.3392389e-01  -5.8440816e-02  -1.1518816e-01   5.8205489e-02   8.3108019e-02   1.7187750e-01   3.1579587e-02  -4.5594870e-02   1.8104682e-02   1.4278345e-01   1.0397920e-01   2.0537364e-02   7.5935639e-02  -7.1301871e-02  -1.0121576e-01  -3.1326551e-01   1.6223134e-01  -1.6897143e-01   8.4168512e-02   9.3369696e-02   2.1400856e-01  -4.9353140e-02  -1.4296028e-01  -1.1520072e-02
  -1.2970650e-01   7.0159156e-02   9.8352022e-03  -1.4699643e-01  -1.9441958e-01  -2.5068494e-02   6.5773912e-02   4.2325915e-02   1.2349277e-01   1.4138891e-01   1.2972320e-02  -1.4075873e-01   1.3037565e-02  -1.0158083e-01  -1.9270397e-01  -9.9843959e-03   1.4017928e-01  -5.2286586e-02   2.7831328e-01  -3.2258442e-01   2.1417258e-01   1.8970477e-02   2.3606489e-01  -2.8977496e-01  -9.5489948e-02  -9.1965460e-02   3.5533572e-02  -2.6640356e-01  -1.5900811e-01  -1.6863575e-01   1.4627150e-01  -4.1959493e-02  -8.3325694e-02   2.0756697e-01  -1.6016713e-01   4.5737778e-02  -9.8665953e-03   1.2113054e-01   4.8149789e-02   1.1268955e-01   8.3760658e-02  -1.1068207e-02  -9.9554467e-02   5.4164945e-02   3.7224836e-02  -1.5305136e-01  -6.0624518e-02   2.7641956e-01   1.4179417e-01
  -1.4444629e-01  -2.1124372e-01   2.6716070e-01  -1.9196235e-01   2.8786084e-01   8.6461360e-02   4.5156734e-02   2.1690571e-02   1.9619318e-02  -1.6539807e-01   1.8003326e-01   1.1930261e-01  -5.1831051e-02   6.4688853e-02   7.8583479e-02   5.5336034e-02   6.5135167e-02   8.8504511e-02   1.3760282e-01  -5.3794393e-02   6.7651210e-02   1.4253352e-01  -1.8133591e-02  -1.0629726e-01   6.2823203e-02   8.0648600e-02   8.9145035e-02   1.9628131e-01   4.6237492e-02  -3.6966371e-02   5.7131328e-02   1.4549571e-01  -2.3362757e-01  -4.8724956e-02  -6.4705503e-02  -1.4767177e-01   1.6829683e-02  -7.8471987e-02  -2.1650560e-01   2.0883263e-01   3.9364628e-03  -8.5524652e-02   1.3637825e-02  -3.2104137e-02   5.2190618e-01   1.2071062e-01  -1.7772038e-02   1.2168330e-02   1.0868611e-01
  -1.4541584e-01   7.8682593e-02   5.1583673e-02  -7.1606057e-02   1.7891613e-01   3.6770487e-02   1.3785500e-02  -9.9029234e-04  -1.8502018e-01  -2.8912812e-02  -1.8346616e-02   1.2608997e-01   2.0237687e-01   2.3417735e-02  -2.4359069e-01   2.5240223e-01   8.2429181e-03  -4.9702916e-02   4.1364503e-01   4.8661107e-02  -1.5288074e-01   1.5189566e-02  -1.4542334e-01   8.3469329e-02  -3.6155588e-01   1.3010798e-01  -6.2313998e-02   1.8952985e-01   2.3981159e-02   1.2818079e-01  -3.0213138e-02  -2.1217081e-01   1.6700682e-01  -8.1090241e-03  -1.8509264e-02   8.7604390e-02  -3.3912102e-02   1.1521476e-01   1.7068259e-01  -2.0081326e-01   1.1777591e-01   4.9828734e-02  -9.5840246e-02  -2.5869355e-01   2.9904401e-02   3.8510215e-02  -4.5836449e-02   1.2341821e-01   7.2959297e-02
  -1.7253893e-01  -1.0436172e-01   1.4027906e-01  -8.8446341e-02   9.4503051e-02  -1.2654763e-01   2.8870082e-03  -1.0167625e-01   1.3027494e-01  -1.9450043e-02  -1.5586027e-01   2.3956238e-01   2.5466691e-01   8.6076292e-02   3.0386281e-02   2.3242979e-01   1.0111923e-01  -8.8219323e-02  -1.1331973e-01   9.1582137e-03   1.5660305e-01  -1.1653725e-01   1.3565531e-01   4.3612030e-02   1.7919862e-01  -1.7545276e-01  -6.6882936e-03   8.7043956e-02   1.8539690e-01  -3.8757882e-02   1.6500517e-01  -8.9621256e-02   1.9263827e-01   8.5985763e-02  -9.3350153e-02   2.9888698e-01  -2.7293328e-01   1.6568145e-01   4.3954140e-02   2.1314203e-01  -2.3106570e-01  -6.0956494e-02   1.3561621e-01   6.1788996e-02  -1.4543384e-01   9.1276819e-02   7.1441764e-02  -1.2713797e-01   1.3186204e-01
  -1.4038460e-01  -9.4056623e-02  -8.9044451e-02  -1.1093494e-01  -1.5265251e-01   2.0782055e-01  -2.5924311e-02  -1.2151810e-01   9.0453552e-02   7.2864293e-02   3.1679976e-02   5.3709732e-02   3.4514042e-02  -1.7687562e-01   3.2296118e-01  -3.1675095e-04  -1.5497483e-01  -7.0720092e-02  -1.7448078e-01  -4.6004269e-02   5.2620205e-02  -2.0151306e-01  -1.3687426e-01   2.5548422e-01  -6.0808550e-02   1.7543705e-02   6.4666215e-02  -1.8766372e-02  -8.8074057e-02   2.3126956e-01   1.0962443e-01  -3.9149832e-02  -1.4779499e-01   1.4137857e-01  -1.7443889e-01  -6.1695316e-02  -2.0346813e-01   1.4930887e-01   9.0891594e-02  -6.2176148e-02  -5.0616705e-02   1.4126288e-01   1.2954716e-01  -1.6922736e-01   1.9707880e-01  -1.2394388e-01  -3.5917896e-01   1.5894635e-01  -1.2052546e-01
  -1.7505859e-01   1.0278138e-01  -1.4308681e-01  -3.6963806e-02   1.4697835e-01  -2.3046058e-01   1.2741064e-01   2.0353516e-01  -2.2368930e-02   5.9986654e-02   3.1619560e-02  -5.1956883e-02  -1.3144017e-01   2.4092968e-01   1.6598348e-01   1.7421933e-02   1.8536436e-01   1.8933417e-01  -6.7112275e-02  -1.3038353e-01  -8.0536722e-02  -3.5855828e-02  -1.0446398e-01  -2.5781062e-02   1.1299364e-01   9.2377125e-02   5.9368299e-02   6.5787480e-02   2.2390029e-01   1.7519837e-02  -1.6293338e-01   1.2895388e-01   2.6699171e-01   3.3994072e-01   5.5349267e-04  -3.4271524e-02   4.4490599e-02   1.8114256e-01  -9.1468104e-02  -3.5231901e-02  -3.6720903e-02   4.0564283e-01  -1.2429152e-01   6.3212468e-02   6.5033203e-02  -1.5976278e-01  -1.5118082e-02   9.6184132e-02  -5.2725544e-02
  -1.4363730e-01   7.9326421e-02   1.8555843e-01  -1.2003746e-01  -2.3115239e-01  -4.6885223e-02  -7.6147864e-02   1.1419508e-01   5.1175438e-02   8.6146126e-02   4.9551607e-02   5.0805989e-02   5.6508038e-02  -6.0865897e-02  -9.1915404e-02   1.3118548e-01  -1.7477074e-01   1.2784837e-01  -2.6282374e-01   2.9340448e-03  -3.1904072e-01   1.2552666e-01  -6.9557356e-02  -1.3036229e-01  -8.9792277e-04   1.4183662e-01  -3.4412220e-02  -2.1194936e-02  -1.7458402e-01  -1.1174758e-01   2.4378572e-01  -4.3248704e-02   1.6264216e-01   1.0590728e-01   1.6814315e-01   8.7173664e-04   1.9287114e-01  -1.8424026e-01   3.9977219e-02   1.5715432e-01  -6.0644103e-02   1.3211476e-01   2.1238500e-02  -1.7194133e-01   3.0224822e-02  -8.7873129e-02  -2.2084893e-01  -2.7473511e-01   2.7082152e-01
  -1.1896806e-01  -7.8040400e-02  -9.9488662e-02  -3.1132966e-01  -3.2340051e-02  -5.6833751e-02  -1.8188831e-01  -1.1956851e-01  -1.3259792e-01  -1.5113632e-01   3.6460070e-01   5.7441524e-02   9.5765056e-03   9.8934210e-02  -9.9365730e-02  -2.1659158e-01  -8.5768613e-02  -1.2912632e-01  -7.1100850e-02  -1.0446332e-01   8.3817918e-02  -1.6750476e-02   2.3858896e-01   9.0300994e-02  -1.7698131e-02   2.8509376e-01   2.2736363e-01  -5.6640073e-02  -8.7576717e-02  -1.6588187e-02  -6.5006451e-02  -1.6056503e-01   2.2426546e-01  -1.4424914e-01  -2.4811419e-01   1.3678990e-01   1.0044655e-01   3.7311866e-03  -7.3841439e-02   4.7105791e-02   8.3310055e-02   9.4441144e-02  -4.0449428e-02   1.5865092e-02  -5.7790551e-02  -7.4503629e-03   6.7082918e-02  -2.0076073e-01  -2.3670068e-01
  -1.2825897e-01  -1.3286580e-01  -5.2702133e-02  -1.0449601e-01  -1.0172858e-01  -1.4040653e-01  -1.2886316e-01  -2.3516638e-01   4.9209109e-02  -7.8779678e-02   2.2240972e-01   4.2316256e-02  -1.3169604e-01  -1.3120436e-01  -2.8979073e-02   2.8366304e-02   1.5603549e-01   4.4195941e-02  -9.6588229e-02  -2.1569028e-01  -1.5850956e-01  -6.5026780e-02   4.1492477e-03  -2.1521763e-01  -2.1399504e-02  -1.4004124e-01  -2.5396013e-01   1.9412364e-01  -3.0973076e-02  -4.5557165e-02  -1.6104263e-02   2.4492953e-01   4.7562765e-02   1.6017042e-02   1.8355158e-01  -1.4880638e-01   4.1291036e-02   2.5555897e-01   6.1581190e-02  -3.9201939e-02   3.8586425e-02  -1.3927568e-01   4.7648939e-02  -2.3747756e-01  -1.9934789e-01   3.2011102e-01  -3.3396177e-02   9.3356974e-02  -2.2016634e-01
  -1.4415324e-01  -3.0519977e-01  -6.4713637e-02   1.4555890e-01  -2.6846447e-01  -1.2145389e-01  -4.4402413e-02  -1.0509762e-01  -4.5350757e-03  -2.2156273e-01  -2.3571536e-01   1.1347027e-01  -1.2874029e-01   9.4435070e-02   8.3598203e-02  -5.5713459e-02   5.3736023e-02  -1.3919691e-01   1.1798983e-01  -7.1062081e-02   1.4146415e-01   2.1868177e-01  -4.7668494e-02   3.4143604e-02   1.7423929e-01   4.6103682e-03  -1.1852259e-01   1.0245538e-01   2.3239701e-02   3.3343637e-01  -3.7087101e-02   6.2864754e-02  -4.2131578e-02   5.2512628e-02  -1.0680569e-01   2.9789776e-04   1.3797664e-01  -1.2828834e-01   1.7944441e-01   1.0624185e-01   2.1336521e-01   3.2382849e-02  -3.0346202e-01  -1.2171284e-01  -9.0427141e-02  -1.3855964e-01  -1.2277330e-02  -1.2057499e-01   1.8105205e-01
  -1.4751030e-01  -2.4722579e-01  -1.8662643e-01  -1.1261630e-01  -6.4934512e-02  -2.9345890e-01   8.4168436e-02   1.1179550e-01   2.3224163e-02   5.7801004e-02  -2.4805420e-01   1.0621760e-01  -3.1551189e-02   3.7360121e-02  -2.3170010e-01   2.9274488e-02  -1.6742853e-01  -6.0217165e-02   2.6786762e-02   6.9599709e-02  -9.4346117e-02  -1.5711775e-01  -2.2681483e-01  -1.2360736e-01  -1.0864497e-02   2.0022224e-01  -7.2556846e-02  -2.1099573e-01  -2.1631330e-03  -1.9560513e-02   9.0279529e-02   1.1018638e-01  -1.6261412e-01  -2.2938408e-01  -2.5640999e-02   6.0783015e-02  -1.2642891e-01  -2.1167616e-01  -2.7956369e-02   1.3243906e-01  -1.1085811e-01   2.3142966e-01   6.4194541e-02   1.0398299e-02   3.0398146e-02   1.6702239e-01   1.3668596e-01   2.3645411e-01  -2.0456429e-01
  -1.5325965e-01  -1.1527972e-01   3.2825620e-01  -7.3982948e-02   1.8533843e-02  -1.0705550e-01  -4.3104345e-05   2.8574308e-02   1.3364422e-01   1.3008710e-01  -2.6501032e-02   1.9624302e-01   3.6263159e-02  -1.4314391e-01   1.3797704e-01  -1.4197356e-01  -4.4701793e-02  -2.8173933e-01  -2.7651237e-02   2.0334728e-02  -1.4919299e-01   8.8950218e-02  -1.4404640e-01  -5.8406805e-02  -1.1325842e-01  -2.5018318e-01   2.6837363e-01   3.3006950e-02   9.9871380e-02  -2.6626261e-02  -1.9779534e-02  -2.2958490e-02  -2.7616970e-02   1.3375026e-01  -4.4384679e-02   7.8319410e-02   3.9934976e-01  -9.5490000e-02   1.1271824e-01  -2.8263986e-01   5.0317691e-02   8.7159577e-03   8.0113877e-02   2.3696293e-01  -3.9013163e-02   1.1488646e-02   1.4021232e-01   1.1479910e-01  -1.3321024e-01
  -1.3804199e-01  -1.0154344e-01  -4.8669217e-02   1.3661018e-01   1.2502519e-01  -1.1814474e-01  -8.0679505e-02  -4.6097139e-02   8.5090566e-02   1.7147815e-01  -1.1057049e-01  -1.1580304e-01   2.7957730e-01  -2.4628646e-01  -2.2709150e-02  -1.5345519e-02  -2.2982598e-01   2.0418605e-01   9.4117219e-03  -1.2771876e-01  -2.8200292e-02   1.4757417e-02   3.6266064e-02  -6.9105257e-02   1.9510610e-01   1.1223779e-01   1.6271924e-01   3.6200177e-01  -1.1523402e-01  -1.1000206e-01   8.9866353e-02   5.9332182e-02  -5.6294440e-02  -2.2455085e-01   1.0527729e-01   2.3996519e-03  -1.4929070e-01   1.7847492e-01   7.8289522e-02  -9.7415626e-02   1.9524163e-01   7.9932234e-03  -2.5391987e-01   2.2064392e-01   3.4114542e-02  -1.9987857e-01   1.4331810e-02  -7.7865249e-02  -1.1480420e-01
  -1.5138649e-01   1.5021501e-02   1.5745873e-02  -8.3135525e-02   5.4930194e-02   2.5937456e-01  -1.5182412e-01   1.8766605e-01   1.4811436e-01  -3.8421381e-03  -8.3423720e-02   1.8628287e-01  -2.6876037e-01   6.8825753e-02  -4.6472105e-02  -1.7700656e-01   3.3430801e-02   1.9386199e-01  -5.2245168e-02   2.1756766e-01   1.1146076e-01   1.9219296e-02  -1.3024169e-01  -1.0545528e-01  -7.3424737e-02  -1.3087623e-02   3.8771706e-02  -7.1023184e-02   1.3623344e-01  -1.5635602e-01   2.7251063e-01   3.5863860e-02   1.2180499e-01   9.9369555e-02  -4.8599811e-02   6.5211849e-02  -2.4611571e-01  -9.8203363e-02  -1.4877976e-02  -1.6806108e-01   7.2397428e-02  -2.6500294e-01  -3.3140614e-01  -1.4751171e-01  -9.9070345e-02  -7.6879558e-02  -1.1117525e-02  -4.5482400e-02  -2.2753370e-01
  -1.5850051e-01   2.6836268e-01  -2.1395548e-01   1.4272076e-01   3.0771243e-02  -9.5124588e-02   1.2476654e-01  -1.6666801e-02   1.7509292e-01  -1.2001751e-01  -1.9404503e-02   3.7653601e-02   7.0003737e-02   1.4802990e-01   8.3090603e-02  -2.8775311e-02  -1.0728455e-01  -5.1694427e-02  -6.1031208e-02   1.2147102e-01   2.5867770e-02   1.6447800e-01   5.3113602e-02   8.4492297e-03   9.6623401e-02  -2.1409997e-01  -2.1900552e-01   8.3279422e-02   3.7603908e-02  -2.7549394e-01   7.1672031e-02  -2.9023863e-01   1.1862722e-01  -1.3605533e-01  -1.0908736e-01  -1.2263019e-01   1.5462756e-01  -4.4745281e-02   1.6454692e-01   1.8865363e-01   2.3487383e-01  -2.6933614e-02   1.5293616e-01  -1.2085509e-01   2.4589459e-01  -4.5864900e-02  -3.2755541e-02   1.4437540e-01  -2.5092535e-01
  -1.3368273e-01   2.1114445e-01   1.8384668e-01  -4.5411954e-03   9.9797607e-02   8.8097537e-02  -4.1335774e-02  -3.0940408e-01   5.0429264e-02  -3.1016047e-02   8.6347475e-02  -1.8291564e-01   1.0936709e-01  -1.1746008e-01  -2.0423875e-01  -2.3911078e-02  -1.3587877e-01  -3.7743713e-03  -2.2373657e-01   3.0516490e-01  -2.1188601e-01   1.9855825e-01   8.9877360e-02  -4.2452108e-02   7.2870879e-02  -6.5386585e-03  -8.2250664e-02  -7.1525425e-02   9.8623204e-02   1.6027439e-01  -1.7422181e-01   1.6656851e-01  -1.1565930e-01   1.6181148e-01  -2.7890532e-01  -1.0972300e-02  -1.2608955e-01  -7.0202318e-03  -2.5137704e-03   1.5615400e-01  -2.6549618e-02   1.0742970e-01  -2.3032359e-01  -3.4700354e-02  -6.8695905e-02  -1.2907009e-02   1.7662106e-01   2.2138790e-01   9.7979436e-03
  -1.4755701e-01  -1.0231532e-01  -7.5117146e-02  -1.3014153e-01   6.6628037e-02  -1.4260907e-01   1.1359820e-01   1.1127954e-01   3.4628332e-03  -7.5969185e-02   2.7579797e-02  -1.9943823e-01   5.4787250e-02  -2.5091835e-01   2.2231270e-01   2.0816762e-01   1.1703206e-01   7.5593011e-02   1.4028321e-02   1.6114524e-01   1.0392276e-01   2.1124321e-01   2.2128700e-01   3.3426794e-01   1.8196415e-01   2.0757418e-02   8.3429332e-02  -1.1761830e-01  -1.7049657e-01  -4.0312763e-02   1.4716863e-01  -1.5312022e-02   7.9578220e-02  -4.3214156e-02   1.4615914e-01   3.4321861e-02   1.1654814e-01  -1.6036667e-01  -1.3310563e-01  -2.1199493e-01  -1.0632683e-01  -3.7278418e-02  -1.2963810e-01  -2.4036853e-01  -1.1756097e-01   1.0507879e-01   1.0106401e-01   2.5689931e-01   1.9980747e-02
  -1.3789133e-01  -1.1041808e-01  -7.5483735e-02  -3.2355510e-03   1.5589582e-01  -1.1422511e-01   2.2327443e-01  -1.8736986e-01  -3.4348986e-02  -6.1663819e-02   2.4118884e-02   3.4102969e-03   1.6730085e-01   2.8453757e-02   3.4157107e-02  -2.9089000e-01   3.1033003e-01   1.8401586e-01  -4.1411555e-02   1.0222672e-01  -2.8702903e-01  -1.7603442e-01  -9.4029968e-03  -9.4082385e-02  -6.3585470e-02  -1.4871708e-01   8.5121776e-02  -3.1219295e-01  -1.2495860e-01   2.5125807e-01  -5.3382359e-03  -1.3391410e-01  -3.5330728e-02  -6.9121502e-02   2.3885565e-01   1.4051392e-01   4.1374702e-03   2.6417271e-02   5.1197816e-02   9.7430317e-02   2.1325066e-02  -2.0356262e-01  -4.9581158e-02  -6.4338333e-02   1.5876229e-01  -2.2325535e-01   1.0374383e-02  -9.4614784e-02  -1.2068667e-02
  -1.2170287e-01   9.7759583e-02   7.8064652e-02  -1.3484902e-01  -1.2159666e-01  -1.8023837e-01   2.0811001e-01   9.3368766e-02  -1.1013595e-01   9.1900936e-02   1.5705279e-01  -1.1318255e-01  -8.2164904e-02  -1.6760774e-02   1.7436593e-01  -8.7799808e-03  -7.8138322e-02  -9.0351641e-02  -2.4863221e-01   3.3339894e-02   2.2520806e-01   1.8461766e-01  -1.7235450e-01  -1.0693223e-01  -1.6882634e-01   1.3933058e-02  -6.9542861e-02  -1.3921888e-02   1.7094157e-01  -4.2758061e-02  -2.8612101e-01  -8.4324800e-02  -9.0494871e-02  -2.9144298e-01   1.2275890e-01   2.9871640e-01  -1.5264435e-01   9.4564901e-02   5.4414131e-02  -5.6048614e-04   5.8774619e-02  -1.3043480e-01  -1.9893605e-01   6.7031724e-02   1.2555798e-02   1.3103056e-01  -2.4237684e-01   3.1810031e-02   1.5919038e-01
  -1.4183500e-01  -2.4998604e-01  -9.7745897e-02   1.2735847e-01  -1.1882356e-01  -4.2569587e-02   5.7915702e-02   1.1773325e-01   1.5590339e-01   1.1186782e-01   1.7060914e-03  -6.2243798e-02  -1.5869448e-01  -1.2874116e-01  -2.2131603e-01   3.1615723e-02   3.6610951e-02   1.9324724e-02   4.0592290e-02   2.2773862e-01  -1.8926562e-01  -1.4680808e-01  -4.2442360e-02   2.4799766e-01   6.1118925e-02  -1.1447614e-01   1.2709820e-01  -4.0360939e-02   1.5792886e-02  -2.5623757e-01  -2.6130934e-01  -9.9035776e-02  -7.0536839e-02   8.0242219e-02  -2.2719743e-01   1.6078196e-03   1.6237955e-02   2.4730981e-01  -2.3814104e-01   1.6117003e-02   2.6241658e-01  -5.6328195e-02   3.4894309e-02  -9.6294990e-02   4.0316974e-02   1.5189425e-01  -4.7355710e-02  -2.0510066e-01   1.9632364e-01
  -1.3808992e-01   6.7367546e-02  -2.6617924e-01  -8.9400843e-02  -5.0333764e-02   2.7038026e-01   1.9003959e-01  -1.7440393e-01  -2.8906280e-01  -3.7700723e-02  -2.9872388e-02   4.2108403e-02  -2.4008163e-01  -1.2924669e-01  -9.4316755e-02  -1.0699702e-01   1.1100833e-02   2.2423345e-01   2.7064898e-02   8.7370610e-02   4.9103451e-02   2.1065465e-01  -2.2436117e-01  -6.0775817e-02   9.2117771e-02  -9.1465904e-02   1.5492928e-01   1.8413582e-01  -2.3006100e-02  -2.2309161e-02   2.2671236e-01  -4.5055695e-02  -6.9215516e-02  -9.7807511e-02  -6.7379201e-02   1.5990512e-01   1.8189346e-01   2.1970822e-01   3.8707161e-02   5.7323778e-02  -1.6368027e-01   1.1440616e-01   2.0606318e-01   1.0098297e-01  -1.3286697e-01  -4.9070728e-03   1.2908457e-01   4.7239133e-02   1.5659540e-01
  -1.3947782e-01   4.2407359e-02  -2.8108056e-02  -5.9619106e-02   1.3231527e-01   9.9392103e-03   9.0670951e-02   1.2739560e-01  -1.0257912e-01   2.3971840e-01   1.3143500e-01   6.5297307e-02  -3.5487764e-02  -1.4680457e-01   1.8151881e-01  -1.1526253e-01  -9.1282710e-02  -1.8860353e-01   1.5548477e-01   9.8205968e-02   4.6911216e-02  -1.2918841e-01  -5.7370588e-02  -1.3337540e-01   1.5475453e-01   8.5943056e-02  -4.9099669e-01   1.6610090e-01  -3.0516799e-01   4.3654261e-03  -1.2533983e-01  -8.6991633e-03  -4.6261389e-02   1.8455844e-01  -8.2074395e-02   1.8377876e-01  -4.7847800e-03  -7.2481632e-02  -1.7467199e-01  -1.6082103e-02  -5.2340812e-02  -1.1142363e-01   8.5805682e-02  -6.5483055e-02  -5.2332401e-02  -2.0575327e-01   2.0325768e-01  -1.4400396e-01  -2.1391222e-02
  -1.2308012e-01   1.0082956e-02   1.0286381e-01   2.5333167e-01   9.0232747e-02  -1.7232128e-01  -1.3805630e-01  -2.3443638e-01   4.0581729e-02   9.4701932e-02   8.7221352e-02  -1.5749670e-01  -1.2726299e-01  -1.2125816e-01   4.5335266e-03   2.7781332e-02   1.2194093e-01   2.0847199e-01  -4.3347581e-03   5.4035551e-02   3.4107770e-01  -2.5032136e-01  -3.7212116e-02  -1.1114361e-02  -1.9944229e-01   1.4009544e-01   1.2096758e-01   8.0224813e-02   1.3246116e-01  -1.9606308e-01  -1.0171156e-01   5.9102932e-03  -1.2697701e-01   2.8120747e-02  -2.7925220e-02   8.8383416e-02   1.1957187e-01  -2.5940306e-01   2.7515411e-01   4.7718206e-02  -1.1295791e-01   9.9080114e-02   1.3862252e-01  -2.7619847e-01   1.3018594e-05  -1.1762585e-01   1.0342425e-01  -8.0995298e-02   2.3517956e-02
