  -1.5230613e-01   3.3759516e-02  -1.4679775e-01   8.0391803e-02  -3.9664269e-03   1.0291377e-01  -2.0099749e-01  -1.9405130e-02   4.3753811e-01   6.4026436e-02  -7.6874318e-02   9.0939492e-02  -2.7887964e-02   5.6264492e-02  -1.3850019e-01  -3.1783893e-01  -2.5650545e-02   2.7907103e-03   2.7124512e-02   1.8188907e-02  -1.0353165e-01  -3.0844770e-01   9.7701910e-02   9.5977699e-02  -1.0593560e-01   2.0668535e-02   1.9496135e-02  -5.5009327e-03   2.9302573e-02  -6.8089163e-02   5.7389716e-02  -9.3067912e-03  -1.4959626e-01  -4.7631845e-02   5.5459381e-02  -1.0414499e-01  -1.8313627e-01  -2.1154170e-01  -2.0306563e-01   1.1885845e-02  -3.2314252e-02   1.4189707e-01   8.0443365e-02  -6.1563845e-02  -2.4249610e-02  -3.3747016e-01  -1.0766234e-01   2.8489414e-01   1.3495253e-01
  -1.4487584e-01   6.5624572e-02   1.9778223e-01  -9.0808257e-02  -9.1228467e-02   1.6547866e-01   9.7603086e-02  -9.6530586e-02   4.3701422e-02   6.4987865e-02  -3.0546135e-01   1.8781318e-01   4.5330910e-02  -3.1278948e-02   2.7029748e-02  -2.2771884e-02   2.3390099e-01   1.6146991e-01  -2.5558842e-01   7.1115209e-02   1.6217235e-01  -1.0175135e-01   1.1605315e-01  -9.9679082e-02   1.7512388e-01  -3.4733361e-01  -4.6495137e-02   1.5553876e-01  -6.1983577e-02  -2.1886898e-01  -3.5553018e-02   6.8944790e-02   1.0433405e-01  -2.4193647e-02   8.2141707e-02  -9.6088409e-02   4.6398066e-02   2.2179969e-01   8.5694324e-02  -7.7298973e-02  -2.8047161e-02   6.6661440e-02  -4.4321927e-02  -2.3222142e-01   2.4449953e-01  -3.8402575e-02   3.0698279e-02  -8.8752241e-02   2.5264996e-01
  -1.6739599e-01  -8.2032792e-02   1.0608267e-02  -5.0902390e-02  -4.9501098e-02  -3.6658480e-01  -7.4428994e-02  -8.0152763e-02  -2.5006821e-02   1.1578272e-01  -6.6504044e-02  -2.2618023e-01   1.0374548e-01  -1.7029295e-03  -1.2247096e-01  -2.0643206e-01   6.1166496e-02  -1.2140971e-01   1.8959829e-01  -6.6917696e-02  -2.5235003e-03   1.6275153e-01   1.5647888e-02  -1.7808007e-01  -1.8763858e-01  -1.7600817e-01   6.0921062e-02  -1.1716111e-01  -2.6796906e-01  -1.2280959e-02  -3.3554275e-02  -1.1082202e-01   3.0238422e-01  -1.7297899e-02  -3.6218661e-02   5.1774033e-02  -1.2563434e-01   1.2911442e-01  -1.9378132e-01   9.8468843e-02  -2.7703554e-01   1.7366076e-01   3.0882336e-02  -6.6088009e-02  -1.3176535e-01   5.4274035e-02   2.2430333e-01  -4.1311504e-02   1.7152892e-01
  -1.5835091e-01  -1.5934374e-01  -2.8357776e-01   2.2946126e-01   7.1715193e-02  -7.9981102e-03   1.4366239e-01   4.5930981e-03  -2.3370484e-01  -1.2059334e-01   1.5135259e-01   8.0398642e-03   5.1259874e-02  -2.0784313e-04  -1.8736906e-01   6.1752280e-02   2.9237881e-01   1.3086273e-01   2.4311397e-01  -2.5013564e-01   2.7004409e-02  -2.0578312e-01   1.6696269e-01   1.6247452e-02   7.8834334e-02   5.2869644e-02   1.1030733e-01   5.8142340e-02  -2.9094910e-02   6.0073675e-02   5.0243136e-02  -4.0037546e-02   1.5162463e-01  -1.9656472e-01   1.1142527e-01  -2.1821582e-01  -6.8939549e-02   1.3385837e-01   8.5749406e-02  -1.0060985e-01   1.0206726e-01  -3.1396898e-02  -8.5438433e-02   1.7055876e-01  -1.8380312e-02  -2.5042521e-01  -8.9634844e-02  -2.0725325e-01   6.8099767e-02
  -1.4539091e-01  -4.7003520e-02  -1.2258685e-01  -3.6237458e-01  -1.0820374e-01  -1.1401583e-01   2.1416777e-01   4.0252902e-01  -5.5969835e-02  -7.5981327e-02  -9.4357372e-02   1.5963646e-02   5.6307607e-02   7.9004358e-02  -9.2936378e-03  -1.6430845e-01  -8.8223042e-02   6.1995831e-02   2.3466253e-01   3.8416710e-02   9.8525859e-02  -3.6375140e-02   3.0458379e-03  -8.7733358e-02  -2.2722473e-01   1.0591355e-01  -1.5243163e-01   9.0946115e-02   1.2553183e-01   7.3300758e-02   3.6457086e-02   8.3147511e-02  -1.2897107e-01   1.1830632e-01  -1.1468590e-01  -1.5043259e-01  -4.8174125e-03   1.2606585e-01   1.1054843e-01  -3.9531528e-02  -1.3452812e-01  -5.9744066e-02   1.8286042e-01   1.4707662e-01   3.6742724e-01   6.1848294e-02  -6.1923150e-02   9.5209927e-02   8.9066373e-02
  -1.4737125e-01  -1.3223766e-01   2.2009925e-01  -1.4659125e-01  -6.9778344e-02  -3.5810848e-02  -2.7970755e-01  -1.7040744e-01  -6.5968115e-02   3.9803948e-02   1.5937776e-01  -1.3604988e-01   2.4520742e-01   2.3494295e-02  -3.6613344e-02   4.8947605e-02   1.8118237e-01   5.6062177e-02   5.8385683e-02   2.0440290e-01   1.8656804e-01  -5.7579408e-02  -1.1192644e-01   4.1823258e-01   1.2196828e-01   1.1083616e-01  -4.0185302e-02  -1.7365726e-01   1.2227797e-01  -1.2187287e-01   1.5214948e-01  -8.1295322e-02   1.2246197e-01   1.3658477e-01  -1.3892139e-01  -1.2078008e-01   2.2770452e-01  -3.4062310e-02   5.4740639e-02  -1.6846388e-02  -5.2355321e-02  -2.3686832e-02   2.3086865e-02   1.6816971e-01  -3.6748303e-02   1.3883527e-02  -1.4418963e-01   1.1461069e-01   2.1571846e-01
  -1.4412444e-01  -1.6957091e-02   5.2079822e-03   4.9345078e-02  -1.4968302e-01  -1.1398507e-01   2.3293829e-01   6.6051152e-02   1.7580210e-01  -5.7032149e-02  -4.9029822e-02  -3.0378884e-01  -1.7254933e-01   1.0396491e-01  -3.5209328e-02   4.4111173e-01  -9.7128678e-03  -5.9786224e-02   8.7035241e-02   3.8660852e-02   3.0317829e-02   1.6296420e-01   3.7599295e-02  -7.4166272e-02   5.3983125e-02   9.7812854e-02  -1.2390866e-01  -1.8243957e-01   2.2027156e-03  -2.7311630e-01  -4.9480539e-02  -7.5720057e-02  -1.3323251e-01  -7.1716038e-02   2.9312140e-01  -1.0836205e-01   2.6318969e-02  -1.3109936e-01   1.9879829e-01  -4.4735670e-03  -1.7005271e-02   3.1997788e-01  -6.2946314e-02  -8.5727651e-02  -8.1119406e-03  -3.8360057e-02  -8.1900216e-02   1.4987577e-01   5.9221185e-02
  -1.5293632e-01   8.0029826e-02   5.3907675e-03  -1.2568945e-01   1.5620185e-01  -2.0528934e-01  -4.6152805e-02   2.6876559e-01  -1.5768109e-01  -1.1142204e-02   1.4576503e-01   6.1883755e-02  -3.0299096e-02   1.9345491e-01   5.4354340e-02  -1.6114773e-02  -1.4756226e-01  -2.0881832e-01  -1.6277302e-01  -4.7921354e-02  -8.4849860e-02  -2.3386864e-01  -3.5437811e-01  -5.2010433e-02   4.3135573e-01   3.6037561e-02  -7.4970248e-02   1.4598194e-01   3.5345803e-02   4.5717264e-04   6.1539184e-02  -2.1864582e-02   2.6421042e-01  -2.4772409e-02   9.1786663e-02  -3.5494176e-02  -2.3864712e-02  -9.8486122e-03  -9.4102980e-02  -1.9342471e-01  -2.8945304e-03   1.7793497e-01  -5.1679156e-02  -8.4385329e-02   8.8707653e-03  -9.3991474e-02   1.2279150e-01   1.4639150e-01  -6.1322183e-02
  -1.6174068e-01   1.0470963e-03   9.1473408e-02  -1.1771085e-01  -3.7863595e-02  -7.5201547e-02  -4.6324712e-02  -1.5859134e-01  -1.3685024e-01  -1.4586079e-01  -8.0683289e-02   8.2211762e-02   8.9092577e-02   2.7526402e-01   1.6736656e-01   5.1749310e-02  -8.8871073e-02  -7.2980226e-02   5.5122119e-02  -8.4317318e-02   8.9098955e-03   2.0144172e-01  -1.6317657e-02   1.2013182e-01  -4.6341693e-02   5.2395137e-02   1.3169821e-01   2.6652514e-01  -1.4667239e-02  -2.3782918e-01   2.3526018e-02  -5.9317971e-02  -3.4621789e-01  -1.7468959e-01   6.9867459e-02   3.4554924e-01  -1.0501236e-02   1.0600355e-01  -8.2337015e-02  -8.1300353e-02   7.1452521e-02  -7.7515080e-02   1.3532881e-01   1.7213885e-01  -6.1932449e-02  -3.2300364e-01   1.6960640e-01  -6.4128080e-02   1.3114384e-01
  -1.3994203e-01   1.3243616e-01  -1.1019252e-02  -1.0379107e-02   1.7578293e-01  -6.5158370e-02   1.4679457e-01  -1.8674336e-01   1.7120165e-01  -1.0075380e-01  -8.1444860e-02  -2.1302245e-01   1.1177186e-01  -3.9517867e-01   3.4636603e-02   5.3334615e-02   2.1604765e-02  -8.2088685e-02   1.5563657e-01   1.8530962e-02  -7.3695809e-02  -2.2891241e-02  -2.3998286e-01   2.0072761e-01  -1.2615798e-01  -1.6763190e-01  -1.8954582e-01   1.7233397e-01   7.0252917e-03   2.2068218e-01  -1.4696561e-01  -2.5158011e-02  -1.7484124e-02  -7.9504807e-02   6.8545368e-02  -3.8995994e-02   8.9825575e-02  -2.0904532e-01  -4.1306825e-02  -3.8279864e-01   1.4728238e-01  -7.8110758e-02   8.3306346e-02  -3.6411174e-02   9.4594688e-02   2.8334878e-02   1.4399808e-01  -7.1213738e-02   7.8721908e-02
  -1.3855054e-01   2.1279518e-01   5.8658059e-02  -6.6388947e-02  -4.7387431e-02   2.5537278e-01   2.4303862e-01   6.9159451e-02   2.5740515e-02  -2.6905555e-02  -1.3868789e-01   3.5144005e-02  -5.4308597e-02  -7.3813217e-02   3.7474484e-02  -8.1465130e-02   7.5769470e-02   9.7885095e-02  -3.9236892e-02   2.6421335e-02  -4.9232763e-02   2.1778008e-01  -6.3326179e-03   6.2563278e-02  -5.2643585e-02   3.2426141e-01   1.1872177e-01   5.2880360e-02   1.3606225e-01  -1.1696763e-01   2.8596361e-01  -2.9661023e-01   2.9463491e-01  -1.8788228e-01  -1.0847009e-01   2.7423759e-02  -2.1423565e-01  -1.0082429e-01  -5.6448178e-02  -2.2617518e-01  -2.0525833e-01  -7.6847271e-02   1.6970624e-02  -7.9666490e-02  -1.8248935e-01   1.1608658e-01  -8.6819357e-02  -4.1080508e-02  -6.5112030e-02
  -1.3407893e-01   1.3745900e-02  -1.8724005e-01   2.6451455e-02  -1.4867907e-01   8.9472356e-02  -2.7391313e-01  -8.1745323e-03  -1.4495073e-01   5.4536717e-02   1.6520312e-01   2.2469020e-02  -2.9197191e-01  -2.0276632e-03   8.3201131e-02   1.6582406e-01  -1.3211675e-01  -1.2815171e-01  -8.3781661e-02  -2.1420822e-01   6.6230003e-02  -3.6389957e-02   5.2750212e-02  -4.2715533e-02  -5.1771964e-02  -1.7150066e-01   1.2683784e-01  -1.8319101e-01   5.3129073e-02  -8.5728750e-02  -1.3930239e-01  -1.4448654e-01  -1.6964267e-01   7.9720169e-03  -2.5861895e-01  -1.5919626e-01  -1.2768937e-01   4.4381599e-02  -4.7948262e-02  -3.9556815e-01  -1.4777085e-02  -1.0758318e-01   1.0189661e-01  -1.0154790e-01   2.5207839e-02   2.3084480e-01  -1.7582645e-02   6.3313701e-03   2.3504074e-01
  -1.3999725e-01  -2.1330295e-01   1.1747651e-01  -2.8942791e-02  -4.3994664e-02   5.1043764e-02   2.1814223e-02   8.1584459e-02   1.5938673e-01   2.0582537e-02   1.8407159e-01  -3.6905158e-02   2.5735045e-02   1.1481494e-01   3.1609664e-01  -1.5250297e-01  -7.2003881e-02   2.2781862e-01   1.3786854e-01  -2.1132503e-01  -5.5646444e-02   6.2161961e-02   1.2091714e-02   5.4355978e-02  -1.0765231e-02  -1.0578607e-01  -2.1900562e-01  -1.6766965e-01   3.0858799e-01  -3.3950705e-02  -3.2102600e-01  -4.4287406e-02   1.1702669e-01  -1.8055240e-02   1.1387844e-01   4.0246978e-02   1.2515871e-01   1.2803512e-01  -1.0998710e-01  -1.2629551e-02  -9.0600805e-02  -1.7278936e-01  -3.2470074e-02  -2.7393165e-01  -1.0832462e-01  -1.6870040e-01  -1.0113680e-01  -1.3130559e-01  -1.9015883e-01
  -1.4592414e-01   8.2818705e-02  -1.2626034e-01  -3.1419096e-01  -1.4233327e-01   3.3251837e-01   8.3145584e-02   8.1018790e-02   1.3778846e-01  -1.2895253e-01   1.1739950e-01  -3.4331238e-02  -9.4757005e-02   1.7815836e-01   4.4737645e-02   1.1312906e-01   3.5764224e-02  -7.7878974e-02  -7.9921475e-02  -1.0757245e-01   3.1235589e-03  -8.4301051e-02  -5.2995268e-02   1.2832515e-01  -2.5940048e-01  -2.5126729e-01   2.2714449e-01  -8.0379665e-02  -1.9607828e-01   1.8069195e-01   1.4177612e-02   1.8618615e-01   2.4197762e-01   3.2405999e-02   9.1315352e-03   1.9552994e-01   2.0976721e-01  -7.8659369e-02   1.2302993e-01   2.3754116e-03  -3.4786039e-02   6.9520561e-02  -2.0576485e-01   1.6185475e-01  -1.0698089e-01  -7.6690963e-02   4.1220671e-02   5.9615618e-02  -1.5610247e-02
  -1.3005910e-01   1.4741358e-01  -7.3705060e-02  -3.7093208e-02  -1.1485294e-01   2.7253211e-02   6.9827571e-02  -1.1521505e-01  -1.6170698e-01   1.3155342e-01   2.0984320e-02  -2.2854964e-01   1.3540774e-01   3.4773631e-02  -2.0525205e-01  -5.1841823e-02  -3.4552570e-01   3.0196326e-01  -1.5919661e-01  -6.6433409e-05  -1.7806995e-01  -1.3234021e-01   2.3723745e-02  -1.8779132e-01   5.8555970e-02   6.6409937e-02   6.7614005e-02  -2.5484500e-01   4.0892114e-02  -3.5504625e-02   2.7996655e-02  -9.1660666e-02   1.1993406e-01   1.1746311e-01   1.0273778e-01   2.2949632e-01   4.0201193e-02  -2.4068317e-01   6.1754739e-02   4.4884971e-02   1.8721671e-01  -1.5745262e-01   1.3182988e-01  -5.8176558e-03   2.2005252e-01  -1.0208311e-01   5.5269629e-02  -1.8035343e-01   1.5189374e-01
  -1.5650129e-01   8.7650509e-02   6.0201837e-02  -2.5587389e-01   2.6669809e-01  -4.3625253e-02  -1.2610378e-01   6.2417017e-02  -1.3954971e-02   2.6303671e-01   1.9337436e-01   1.5854342e-01  -8.4118903e-03  -8.2492070e-02  -5.9085546e-02  -4.6458525e-03   3.4150634e-01  -5.2588945e-02  -4.3948550e-02   4.2833365e-02  -2.7009612e-01   6.4006225e-02  -6.4094199e-02  -1.3491074e-01  -1.9126201e-01   9.6552402e-04   6.2454168e-02   7.3168360e-02  -2.3707159e-02  -1.2855107e-01  -2.1941679e-01  -2.5468173e-01  -8.6947125e-02   2.3548280e-01   1.5197605e-01   3.4059307e-02  -1.3783398e-01  -1.9683425e-02   3.3315814e-01   2.5375465e-02   1.0668597e-01  -1.6935850e-02   2.2766827e-02   4.0691285e-02  -5.8867025e-02  -3.2695089e-02  -1.4688944e-01  -3.7158934e-02  -7.4334662e-02
  -1.2641748e-01   1.1562067e-01  -1.0065405e-01   8.6449423e-03  -5.1885401e-02  -1.1876733e-01  -7.6545906e-02  -1.0354346e-01   6.4200381e-02  -2.1594053e-01   1.3787164e-01  -2.4600451e-02   7.7994524e-02   1.9714652e-02   2.7042242e-01  -1.8619195e-01   1.2033998e-01   1.3537587e-01  -4.2554299e-02  -4.3230822e-02   2.1278080e-01   1.9667517e-01   7.8258798e-02  -4.4759847e-02   2.5665079e-01  -1.4156956e-01  -2.3455064e-02  -1.3863266e-01  -1.6376037e-01   2.4093842e-01   2.5765544e-01   7.7327639e-02  -1.0617650e-01   1.5387143e-01   2.7590671e-01   3.5062290e-02  -3.1838646e-01  -8.8793138e-02   2.1731141e-01  -7.2732921e-02  -3.0757546e-02  -1.4227026e-01   1.3005136e-01  -1.9390003e-02  -2.5785764e-02   7.2022137e-02  -2.5343722e-02   1.5276353e-01  -9.2548384e-02
  -1.5908424e-01  -7.9677793e-03  -1.0110594e-01   2.2812803e-01  -6.1692041e-03  -5.0761140e-03   6.5481956e-02  -7.2894868e-02   2.9197415e-01   9.8458268e-02   2.9008259e-01   1.6231207e-01  -1.5515938e-01  -3.6497238e-02  -1.2678598e-01   1.8317643e-01  -1.0028996e-01   1.2822937e-01   8.4321800e-02   1.0834692e-01   2.2577121e-02   8.2606313e-03   4.3064469e-02  -4.5187818e-03   8.0488873e-02   1.5098831e-01  -1.9915524e-01   2.4768900e-01  -1.7343712e-01  -4.2327395e-02  -5.8310932e-03   1.5057343e-01   1.7660398e-01   2.4416175e-01  -1.0830741e-01   3.4428442e-01   4.5951437e-02   2.3755068e-01   1.3096830e-02  -1.1044904e-01  -1.1603360e-01   1.8839580e-02   2.6019166e-01   4.1385154e-02  -4.0090663e-02   6.2274461e-02  -4.8606388e-02  -9.6860154e-03   8.0039019e-02
  -1.5821079e-01   6.2272796e-02  -1.9310424e-02  -1.2615788e-01  -7.1416271e-04  -1.0166213e-01   3.8456859e-01  -1.3641163e-01   5.9523889e-02   4.2293227e-02   2.0179990e-01   2.7035720e-01   2.1228363e-01   1.0724448e-01   1.1396154e-01   4.5335192e-02   2.0437905e-02  -8.5802867e-02   3.8582525e-02  -6.4646304e-02   2.4997551e-02  -2.0468756e-01   5.9209485e-02  -5.8629603e-02   1.3952468e-01  -7.6698803e-02   1.0969232e-02   4.5918960e-04  -7.7035169e-02  -1.8482806e-02  -2.1269718e-02  -7.7628817e-02  -2.1583482e-01  -5.6226373e-02  -7.9761626e-02  -5.6143715e-02   8.1820315e-02  -3.0294713e-01  -2.5831183e-01   2.3339875e-01  -7.0159360e-02   5.0534242e-02   3.3196686e-02   1.9543989e-02  -1.3373029e-01   3.2690505e-01  -1.6838310e-01  -1.9846540e-01   7.5420267e-02
  -1.4294784e-01   2.1697094e-02  -1.9212407e-01   1.9297469e-01  -6.3580203e-02   4.5131567e-02   3.1321431e-02   1.3697659e-01  -7.3325264e-02  -9.1781518e-02   3.5444169e-02   2.0239247e-01   2.0367694e-01  -9.9943165e-02  -3.3130202e-01  -1.1457883e-01  -5.1302513e-02  -1.1405159e-01  -1.2737849e-01  -1.8636901e-01   6.2965466e-02   3.4932865e-01  -2.1902890e-01   3.1023811e-01  -2.5795923e-03  -1.3965906e-01  -1.2561953e-01  -1.1559566e-01  -1.3849942e-01  -2.4681757e-01  -3.3395120e-02  -2.9694711e-02  -6.3705555e-02   6.6305542e-02  -5.0547744e-02   7.8338274e-02  -8.3253605e-03  -5.0415832e-02  -5.1256816e-02   7.0763870e-02  -2.8977776e-02   3.1675918e-02  -1.5136149e-01  -6.9148667e-02   2.6867254e-01  -1.4124625e-02  -1.2281041e-01  -2.8307368e-02  -1.8967632e-01
  -1.4103788e-01  -7.3668963e-02   2.1039043e-01   1.3343767e-01   2.6235856e-01   2.5674934e-01   1.6033446e-01   1.2444951e-01  -1.8485358e-01   5.7075957e-02   2.4223011e-01  -2.4285494e-01   1.0518199e-01  -5.7990885e-02  -3.8709387e-02  -1.2615117e-02  -1.1587581e-01  -2.2878961e-03  -1.6581532e-01   8.2900474e-02  -9.6179977e-02   1.1185878e-01  -1.4064545e-02   6.6641607e-02  -6.9801796e-02   1.7266685e-04   2.3000499e-01   6.5143936e-02  -6.2778679e-02   2.0839718e-01  -1.4834962e-03   1.1548016e-01  -1.8562510e-01  -6.7674471e-02   2.2347843e-01  -3.8698089e-02  -2.8430589e-02   2.2753719e-01  -1.7955961e-01   7.6357321e-02  -1.4543253e-01   1.3864550e-02   5.3211037e-02  -1.3685830e-01   3.8808981e-02   6.3568227e-02  -1.9505481e-01   2.0148725e-01   2.4565150e-01
  -1.3984366e-01   1.3398502e-01   4.9573723e-02   1.7498619e-01   1.9284508e-01   2.3589413e-02   8.6342438e-03   2.0303424e-01   9.5215933e-02   1.9223416e-02  -2.5102973e-01  -2.4585402e-01  -2.6945886e-01   3.2460805e-01   1.0514676e-01  -2.6724373e-02   1.5802496e-01  -7.8047038e-02   5.5653748e-02   1.7853957e-02  -6.4133351e-02  -1.1225726e-02   1.7856767e-03   1.9755412e-01   6.2356071e-02  -6.6406526e-02   4.7981952e-02  -4.9537136e-02  -2.2172632e-01  -7.4998078e-02   8.4860608e-02  -7.1324213e-02   3.8798922e-02   2.3761645e-01  -1.6222064e-02  -1.3289064e-01   8.9687145e-02   5.6541146e-02  -2.1609424e-01   1.2709633e-01   2.2903895e-01  -2.1183958e-01   2.1628124e-01   6.4709127e-02   8.7776731e-02   9.3008440e-02  -4.6624157e-02  -2.0906174e-01  -9.6596296e-02
  -1.2322596e-01  -2.1608382e-01   1.3322832e-01   1.2363019e-01   1.6540667e-01   1.0028724e-01   5.0019643e-02   3.8691915e-02  -1.1464444e-01   1.0227893e-01   6.6945305e-02  -1.0522832e-01  -8.3903666e-02  -8.8588753e-02   2.1612414e-01  -1.9939256e-01   9.3374429e-02   5.7356195e-02  -8.0993360e-03  -5.9731856e-02   1.7354957e-01  -4.8007650e-02   1.3742143e-01  -1.6308522e-01  -1.0028800e-01   1.1702299e-01  -6.6730986e-02  -2.1118905e-02  -7.0639235e-02  -4.9098981e-02   2.0127983e-01  -3.4029285e-02  -1.7914904e-01   2.7316069e-01  -1.2446943e-01   1.8923319e-01   1.1824226e-01  -1.9556501e-01  -1.1491757e-01  -2.6461513e-01   3.8503908e-02   3.4014409e-01  -3.0036427e-01   5.7250965e-02   1.3629351e-01  -4.7471015e-02   1.1064371e-01  -8.9231612e-02  -8.1917813e-02
  -1.3666056e-01  -2.8784907e-01   5.5310904e-02   7.5826668e-02  -1.9140214e-01   6.6519058e-02  -1.4486722e-02   2.1187516e-02   6.2479577e-02  -1.0792485e-01   1.4645273e-01  -1.1805531e-01   5.1265546e-02  -5.8098176e-02   2.0013321e-01   9.3082764e-02   1.9451968e-01  -2.0416219e-01  -3.0987791e-01   1.8335755e-01  -1.5979262e-01  -1.7517432e-01  -1.4337576e-01  -5.1778874e-02  -1.2838166e-01   9.9648781e-02  -1.8953500e-01  -1.0159092e-01  -9.2840476e-02  -4.5311655e-03   5.1699297e-02   8.5516949e-02   6.8856764e-03  -2.5571602e-01  -1.8189824e-01   4.0255834e-02  -3.1002112e-01  -2.5170195e-03   5.8349917e-02   1.5429487e-01  -2.2028512e-02  -3.8366503e-02   1.6868518e-01   2.1212915e-02   1.9406865e-01  -8.2906338e-02   8.0253394e-02  -2.2124646e-01  -9.0068957e-02
  -1.4861789e-01   2.2946124e-01  -6.3907593e-02   3.4758813e-02   8.1950294e-02   1.2329664e-01  -8.3380162e-02  -1.4104965e-01   1.4069256e-03   7.3628795e-02  -5.1473062e-02  -1.7529741e-01   2.7156986e-02   2.5202241e-01  -7.8028523e-02  -1.8676409e-01   8.1944169e-02  -1.7754724e-01  -7.5375985e-02   1.0515049e-01  -3.3378197e-02   1.8396187e-01   1.9364034e-01  -1.6513187e-01   1.8322459e-01   6.3363020e-02  -3.0702586e-01  -1.0159257e-02   1.0685496e-01   1.2832394e-01  -3.0976576e-01   1.1731984e-01   1.6873453e-02  -2.2767988e-01  -1.1859403e-01   7.4624362e-02  -1.1722156e-02   1.9953679e-02  -1.0100109e-02  -8.7194605e-02  -4.0411662e-02  -2.9681202e-02  -2.3404164e-01   3.5286483e-01   5.5904456e-02   8.7649435e-02  -1.6795452e-01   3.1594355e-02   3.3303821e-02
  -1.3590617e-01  -1.4001181e-01  -1.4595694e-02  -8.0393140e-02   1.7103721e-01  -7.7617859e-02  -4.3249030e-02  -2.1581477e-01  -1.6854310e-01  -1.6661717e-01  -1.9156259e-01  -3.8221331e-02  -2.9371257e-02   8.5810436e-02  -9.7285560e-03   2.4284997e-01   3.8127853e-02   1.1711454e-01   5.8937765e-02  -6.2686637e-02   1.0769708e-01  -1.4553227e-01  -9.3141082e-02  -1.4670281e-01  -1.8535378e-01   4.4864398e-02  -9.8055689e-02   1.0825174e-01  -9.0761708e-02  -7.0780753e-02  -2.6324066e-02   7.5771689e-02   1.3289388e-01   4.7019340e-02  -1.1149158e-01   1.7243559e-01  -1.9215128e-01  -9.8236798e-02  -1.6670697e-01   9.4641541e-02   1.1972908e-01  -2.6476111e-01  -2.0931324e-01  -2.2521461e-01   5.4803109e-02   6.3680574e-02  -3.0123506e-01   3.4634447e-01  -6.9939394e-02
  -1.3328942e-01  -1.4339477e-02  -2.8895156e-02  -6.5666307e-02   4.3599620e-01  -1.3995640e-01  -7.8737624e-02  -6.6991310e-02  -6.8112769e-02  -1.5896550e-02  -2.0534553e-01   2.1517077e-01  -1.5116873e-01  -8.7394359e-02   1.1120872e-01   1.1504618e-01  -1.2508329e-01   1.5766739e-01  -1.1997594e-01  -3.3171384e-02   1.1039942e-01   4.5519995e-02   8.1761423e-02   1.3921065e-01  -5.5033182e-02  -3.4319907e-02   5.2546860e-02  -2.9995036e-01   7.3218504e-02   1.4071260e-01  -4.7155154e-02   3.7723645e-02   1.1517842e-01  -2.3900274e-01  -5.1276813e-02   9.1624042e-02   3.3813255e-02  -1.0951825e-02   5.7115306e-02   6.5218523e-02  -8.1771731e-02   3.4908281e-01   3.1279323e-01   1.2257850e-01   1.1604427e-01  -4.3948567e-02  -1.5947980e-01  -6.4041476e-02  -9.1971638e-02
  -1.5884742e-01  -1.5058881e-01  -2.0391943e-01  -9.1642488e-02  -2.0087250e-02  -6.4118976e-02  -1.5413939e-01   1.6331131e-01  -4.2006888e-02  -1.2908039e-01  -2.0148600e-01   1.1611906e-01   9.9495346e-02  -5.8164581e-02   5.4864356e-03   1.1049952e-03  -1.5562868e-01   1.6753917e-01  -1.9532666e-01   2.3393093e-01  -2.3251098e-01   4.1814944e-02   3.9089863e-02  -2.8926608e-02  -8.1364280e-02   4.1056391e-02  -2.6850784e-01  -8.3180726e-02  -2.3506174e-01   5.7504408e-02   1.5016455e-01  -7.7096575e-03  -1.2562049e-01  -1.8907283e-02   9.0200215e-02  -1.0282141e-01   1.6544393e-01   1.5472780e-01  -5.4927031e-02  -1.3850890e-01   1.5904141e-01   3.3480172e-03  -1.6342613e-01  -1.9962411e-02  -4.2087686e-01   8.9115436e-02  -1.0427841e-01  -1.5212645e-01   9.8210866e-02
  -1.3233047e-01  -1.1580554e-01  -1.3126352e-01   5.5282073e-02   1.1839636e-01   1.6077397e-01   1.3379894e-01  -8.4597355e-02   8.0873036e-02   2.2786007e-01  -1.7699548e-01  -8.4137097e-02   1.3357944e-02  -9.3162627e-02   9.3788911e-02  -1.3754150e-01  -2.4412031e-02  -1.0988312e-01   5.0701992e-02  -3.6918915e-01  -5.2765570e-02  -2.3330827e-02  -2.4302065e-01  -5.7961256e-02   1.3809771e-01  -2.7959703e-03  -1.1039478e-01  -6.0875749e-02   9.8687027e-02  -1.4206012e-02   2.2667056e-01  -2.8669913e-02  -9.6822242e-02  -7.6908506e-02  -2.1060435e-01   9.2774910e-02   9.6266424e-02   1.9952315e-01   3.4360058e-01   2.4475071e-01   1.6994357e-01  -9.8618086e-03   3.6902617e-02  -2.0158052e-02  -1.7654028e-01   9.4832729e-02   7.6078748e-02   1.9824011e-01   1.5729015e-01
  -1.2827858e-01   9.3687826e-02  -7.1457227e-02  -6.0281992e-02  -1.2513325e-02   9.8683145e-03   2.3085553e-01  -3.2775013e-01  -1.9127128e-01   8.2403893e-02   1.9100652e-02   1.0975408e-01  -2.1948510e-01   1.0567359e-01  -1.2770959e-01  -3.6931146e-02   5.3550379e-02   2.7251222e-02  -7.9734185e-02   1.1926942e-01  -5.8837226e-03  -2.0107955e-01   3.4745361e-02   2.6636110e-01  -1.1490445e-01   1.3540212e-01  -1.8482137e-01  -2.0485108e-01   2.3558126e-02   9.7506015e-02  -3.9781249e-02  -1.2579810e-01  -1.5211239e-01   7.8885074e-02   1.5533884e-01  -6.4264429e-02  -4.4541263e-02   2.5919224e-01  -5.5761859e-02   3.5222597e-02  -1.1870465e-01  -4.5832137e-02  -9.4100896e-02  -5.0867645e-02   4.1946601e-03   5.7338352e-02   4.1037433e-01   1.5341383e-01  -2.1516272e-01
  -1.5065680e-01  -5.9435974e-02   3.0443135e-02   5.5276574e-02   1.7751130e-02   2.1102742e-01  -1.5083746e-01   5.5588237e-02   6.4712718e-02  -1.1043359e-01  -8.3957249e-02   2.6341821e-01   1.0555138e-01   6.0905819e-03   1.8099832e-02   3.2416826e-01   3.2862795e-02  -7.8153218e-02   3.0297500e-01   1.1157750e-01  -2.6990906e-01   1.5564438e-01   6.7700487e-02  -1.1066987e-01   1.5053884e-01  -1.1016467e-01  -1.1512519e-02  -1.1852658e-01   2.2729218e-01   2.9204444e-01   1.5454980e-01  -2.1268981e-01   2.9424210e-02   1.5994468e-01  -1.9256973e-04   7.6213146e-02  -8.5222280e-02   1.8670468e-02  -1.5783421e-01   1.4112106e-01  -5.8838535e-04   3.6028987e-02  -1.4425964e-01   2.7772877e-03   2.2017313e-01  -1.2067014e-02   1.9367575e-01   2.1326863e-02   1.2607527e-01
  -1.3420104e-01   6.3675578e-03   2.0252372e-01   2.0313872e-01  -1.3082640e-01   1.5830308e-01  -2.0182149e-01  -1.0614998e-01  -2.2448004e-01  -1.3596145e-01   2.8991308e-02   1.8442325e-01  -5.7328540e-02   4.2238889e-02   1.4674960e-01  -2.0053067e-01  -1.7616825e-01  -1.0353400e-01   2.3823153e-01  -5.4215161e-02  -1.7852656e-01  -5.9435608e-02   1.0878826e-01   1.2004983e-02  -1.4789800e-01   1.0477485e-01  -1.0311607e-01   1.4467708e-01  -2.1329939e-01  -8.3997084e-02  -3.3639077e-02  -1.7777960e-02   1.8425192e-01  -1.4393605e-01   2.2035594e-01  -1.1692086e-01   2.0150825e-01  -1.6708398e-01   2.4653769e-01   7.8689867e-02   2.2224575e-02   7.7478876e-02   1.0578009e-01  -4.1098397e-02   1.2850661e-01   2.6173028e-01   1.2019010e-02   1.0115992e-01  -2.3218003e-02
  -1.3432515e-01   1.9353979e-01  -9.0474329e-02   4.2058041e-02  -1.0013551e-01  -1.3216493e-01  -6.0041991e-02  -2.4791886e-01  -1.1093843e-01   1.6819641e-01   5.6954386e-02  -8.4179460e-02  -1.9206197e-02  -3.2612053e-02   3.6655615e-02   8.7422051e-02  -2.7060939e-02  -1.3833221e-01  -1.1492019e-02   8.0153382e-03  -2.0393603e-01   4.9248919e-02   2.6885941e-02  -1.1868707e-01  -1.7805877e-01  -2.3495539e-01  -1.1784118e-02   1.3782711e-01   3.1216013e-01  -8.1538412e-02   4.5150322e-01   2.6341212e-01  -9.4629894e-03   5.6861463e-02   3.6404413e-02  -1.4820035e-01   1.5259317e-01   9.1775177e-02  -6.9168136e-02  -9.7405029e-03  -1.1816515e-01   3.6902221e-02   2.3012269e-02  -1.5010318e-02   2.8741799e-02  -9.6387453e-02  -2.1437165e-01  -8.4768816e-02  -2.7537803e-01
  -1.3264720e-01   6.8756807e-02   5.2186167e-02   9.7819969e-02  -2.2973396e-01  -2.6470661e-01  -8.6775171e-02  -1.9561466e-02   3.7865297e-02  -1.3552290e-01  -2.5865435e-02  -1.4551802e-01  -1.9683821e-01  -4.7648658e-04   2.1881244e-02  -1.6558345e-02   2.5494613e-02   3.0379514e-01  -2.2977242e-01  -1.6358084e-01  -1.6553078e-01   3.8633632e-03  -2.9329511e-02   1.5654045e-01   4.2593936e-02   1.1810073e-02   7.2934277e-02   3.6331118e-01   4.0989422e-02   3.0560083e-01  -8.2119906e-02  -2.7756176e-01  -1.1385248e-01   4.6180210e-02  -2.1234783e-01  -1.4202756e-02   5.8634329e-02  -1.5831814e-02   1.0521734e-01   2.1928408e-01  -1.2858114e-01   1.4709589e-01  -1.8332578e-01  -8.7259925e-03   7.8390098e-02   1.4210658e-02  -8.3811378e-02  -2.4325906e-02   3.2103271e-02
  -1.3281831e-01   3.4403747e-01  -1.1016264e-01   6.8136459e-02  -9.6575318e-02  -1.0050917e-01  -3.0324445e-02   1.5541855e-01  -1.2666521e-01   4.8375973e-02  -4.3215404e-02   1.6207010e-02   1.2481975e-01  -2.1535496e-01   3.0391191e-01   5.8703229e-02   4.7325758e-02  -9.5345339e-02  -2.3373638e-02  -7.6609614e-02   4.9534370e-02  -2.0370514e-02   1.7849513e-01   2.2130335e-01  -8.7534776e-02   2.7136978e-01   1.4625580e-02  -1.4192718e-02   1.5788360e-01  -5.8189577e-02  -1.7248433e-01   3.3176831e-01   1.2217690e-01   1.9244911e-01   1.9434238e-02   3.0266642e-02  -1.7943274e-01   2.9624086e-02  -6.2258220e-02   1.9842795e-01   1.9655575e-01   1.1579289e-01  -1.1717371e-01  -1.0335351e-01  -9.5423871e-02  -3.4928713e-03   9.1576267e-02  -4.2592523e-02   2.1858226e-01
  -1.4153812e-01   1.9533074e-01  -1.1795538e-01   2.4505937e-01  -4.9148973e-02  -6.5509930e-02   7.3008809e-03   2.2877673e-01  -8.7280348e-02   1.0722078e-01   1.1271136e-02  -2.7398303e-02   2.0169992e-02  -2.2596367e-01   2.3525100e-01   1.3769559e-04  -3.4893932e-02   1.6094175e-01   1.8583867e-01   3.9819975e-01   7.6228968e-02  -1.9450461e-01  -8.5783108e-02  -5.7405491e-02   4.5633580e-02  -2.4858188e-01   1.6318374e-01  -5.8999006e-02  -5.9343784e-02  -1.8397919e-01  -7.7304560e-02  -1.5549533e-01  -7.3855036e-02  -2.1917389e-01  -7.4681641e-02   1.6463377e-01   8.4963680e-02   6.0561791e-02   3.6136068e-02   7.6595623e-02  -1.0097652e-01  -1.3731480e-01  -1.3402557e-01   1.6793417e-01  -2.2234201e-02  -2.9724530e-02   2.0007367e-02   2.0529013e-01  -1.5015838e-01
  -1.5163670e-01  -2.3003287e-01   1.6857922e-01   5.8402368e-02  -1.7140805e-02  -2.1209630e-01   1.5563857e-01   8.2256050e-02   5.2113105e-02  -1.5342707e-01   2.8164387e-02   1.3598425e-01  -2.4049678e-01  -2.5365897e-01  -8.9629779e-02  -7.5492544e-02   5.7726231e-02  -6.4852386e-02  -2.8227915e-01  -9.3695944e-02  -8.9166986e-02   1.1363845e-01   1.8015642e-01  -7.9039625e-02   7.7297822e-03  -8.8865604e-02   3.9428328e-02  -3.2156595e-02   2.0531173e-01  -1.3607863e-01  -1.7783708e-04   8.1877356e-02   1.3053188e-01   4.0749015e-02   9.6847522e-02  -3.5599711e-02   1.2795376e-01  -1.4212209e-01  -1.3777442e-01   5.0139779e-02   7.5296068e-02  -2.8220113e-01   2.7279894e-02   3.5114417e-01  -6.8235724e-02   3.3461771e-02   1.5100817e-01   2.5872333e-01   9.3644403e-02
  -1.2499609e-01   3.4262710e-02   8.9299802e-02   2.8124045e-01   6.1733585e-02   1.1148524e-01  -1.2188947e-03  -8.0774972e-02   1.1113149e-01  -2.5195851e-01  -1.1931409e-01  -8.3216153e-03   3.4331553e-01   1.7167430e-01  -2.1356694e-02   5.5942426e-02  -1.1249214e-01   1.3413792e-01  -1.2669704e-01  -5.1550306e-02   8.5515821e-02  -1.0818048e-01  -2.3578779e-01  -2.0060575e-01  -1.7952097e-01  -1.8059337e-02   1.4137616e-01   1.2809982e-02   1.8806961e-01  -9.6646645e-02  -1.7559397e-01   3.0858297e-03   1.5028515e-02   2.5662603e-01  -1.0751162e-02  -2.0609768e-01  -1.2447001e-01   1.1152446e-01   5.2709749e-02  -7.0993414e-02  -3.3741618e-02   1.6602853e-01   7.6566042e-02   2.6017982e-01  -1.7150176e-01   1.5460736e-01   1.2295990e-01   1.0422170e-03  -1.5720514e-01
  -1.4134182e-01  -6.4213985e-02   3.0782814e-01  -8.7743744e-02  -1.0302279e-01   4.8173406e-03  -1.2366419e-01   1.2600059e-01   5.7099757e-02   4.4056120e-02  -1.5141318e-01  -8.5618711e-02  -7.6080373e-02  -1.7516427e-01  -2.5099229e-01   1.3052569e-02  -2.0963211e-01  -1.8534707e-01   1.1035485e-01  -1.1218025e-01   1.6654311e-01  -3.0802166e-01   1.0065966e-01   1.4165943e-01   8.1198427e-02  -8.8915480e-02  -1.4723789e-02   3.2745620e-02   1.0594757e-01   4.9197599e-02   7.3641826e-02  -6.4885468e-03  -8.9993109e-02  -1.3352356e-02   2.3623127e-01   2.5479809e-01  -2.7182641e-01   1.0580588e-01   6.7013925e-02   5.8022769e-04  -2.8175621e-02  -2.9198715e-02  -1.2166287e-01   1.2748718e-01  -9.6944241e-02   2.0027216e-01  -1.5237036e-01  -2.4833538e-01  -1.4173981e-01
  -1.4429127e-01  -1.2354973e-01   2.7123538e-02  -3.0108516e-01  -9.4867633e-02   1.4226553e-01   3.1464001e-02  -1.5419211e-01  -3.1805550e-02  -6.9858170e-02   4.5585502e-02  -9.9439928e-02  -1.3032695e-01  -1.8409322e-01  -4.7165754e-02  -1.0388331e-01  -7.2173044e-02   2.1328431e-01   2.2364246e-01   8.4660512e-02  -2.4882398e-01   1.3106805e-01  -2.5256388e-02   4.0156299e-02   3.1303465e-01  -1.9475841e-02   2.0358252e-01   2.5689791e-02  -9.9873115e-02  -1.6029200e-01  -1.3574081e-01   2.6794555e-01  -5.2234027e-02   9.7688306e-03  -1.9220975e-01  -1.5648298e-01  -1.8989999e-01   5.9480053e-02  -1.1436047e-01   2.2205509e-02   2.2569755e-01   2.1652268e-01   1.8252638e-02   5.8780366e-02  -5.3610989e-03   6.1554782e-02   4.4318015e-02   3.2533458e-02  -2.3517450e-01
  -1.5827739e-01   2.4261339e-01   2.6335027e-01  -6.5267377e-02   4.0241652e-02  -6.5503164e-02   3.5868080e-02  -6.0017256e-02   1.5175514e-01  -2.2469709e-01   7.5398805e-02   2.6359081e-02   1.0638647e-01  -1.8615932e-01  -5.0573119e-02   2.3180119e-02  -1.7530276e-01  -2.5643678e-01  -1.4120353e-02  -6.1855358e-02   1.0311827e-01  -3.7846641e-02   2.1590407e-01  -1.8808877e-01   4.4913636e-02   1.9451968e-01   9.2501671e-02  -1.5877603e-01  -2.1959746e-01   8.6037620e-02  -4.7130843e-03  -1.3566250e-01  -3.0390934e-02   3.4695818e-02  -2.6341316e-01  -1.5952671e-01   1.8801072e-01   2.2954906e-01   7.2524174e-02   2.0722616e-03   8.0433868e-02  -1.2371371e-01  -3.5062458e-02  -1.3737716e-01   1.7602000e-02  -3.0865787e-01  -6.6101936e-02   3.9802538e-02  -1.6365741e-01
  -1.3694714e-01  -2.2593267e-01  -1.1362700e-01   3.6071381e-02  -2.7179382e-01   2.6458622e-02  -3.5336506e-03   7.9874498e-02  -9.8400914e-02   2.9072950e-01  -2.7536136e-01  -2.4443287e-02   2.7744075e-01  -1.9490850e-03  -2.5128113e-02   1.2351139e-01   1.6935929e-01  -1.2533043e-01  -1.0381973e-01  -4.9169676e-02  -1.1450651e-02  -7.7051117e-03   2.0321762e-01   2.2766932e-02   1.2466843e-01   9.7492862e-02   1.6143588e-01   8.9742185e-02  -3.7815037e-02   2.2223510e-01  -1.7285913e-01  -2.9923210e-02  -1.0980737e-02   4.8091849e-02   2.0680250e-02   1.0051179e-01   1.7553017e-01  -8.6681661e-02  -5.1966115e-02  -1.6762438e-01   1.3092129e-02   1.9280228e-02   2.8698010e-01  -9.3291887e-02  -5.1308052e-02   1.7973295e-02  -1.2441939e-02   2.1835678e-01  -3.2665282e-01
  -1.3401947e-01  -1.8184829e-01  -2.3257760e-01  -7.7293492e-02   2.8775328e-01   2.9234876e-02  -1.4191737e-01  -5.7107772e-02   1.4512202e-01   7.4844575e-02  -1.1370583e-01  -7.5480965e-02   4.6577012e-02  -5.2388787e-02   8.7621731e-02   9.7660742e-02  -1.8047253e-01  -4.3845271e-02  -4.5268329e-02  -7.8411710e-03  -1.5734586e-02   1.6267531e-02   9.3675362e-02   5.5813551e-02   1.4053288e-01   1.7711302e-01   1.7472556e-01   1.3464421e-01  -7.7579856e-02  -1.4778253e-01  -4.0971903e-02   1.4086744e-01  -3.0397576e-02   6.2835023e-02   5.4436367e-02  -1.7602134e-01   4.4782502e-02  -1.5610422e-01   1.6601509e-01   7.6280652e-02  -4.6588656e-01  -2.7780209e-01  -2.0253174e-01  -3.0270003e-02   9.3556297e-02   1.5580738e-02   2.0695904e-01  -1.6930391e-01  -3.2251912e-02
  -1.5256855e-01  -1.6236154e-01  -1.5836285e-01   9.0442824e-02  -9.0020366e-02  -1.0690113e-01   4.8844672e-02  -1.5318705e-01   5.8754883e-02  -1.4910964e-01  -6.6837437e-02   1.1184619e-01  -2.0719008e-01   4.6702341e-02  -4.2696084e-02  -2.6747779e-01   6.3753584e-02  -2.2825567e-01   4.6140310e-02   3.2964066e-01   1.5596234e-01   4.8918699e-02  -2.6678422e-01  -1.0714899e-01   1.5299110e-02   1.6404891e-01   3.6842523e-01  -6.4225279e-02   2.2152417e-01   1.1612288e-01  -9.6195576e-02   5.8428830e-02  -1.4773761e-04   4.2026182e-02   1.0694785e-01   1.1512587e-01   1.5248106e-01   4.0826435e-02   7.4055275e-02  -1.4049235e-02   1.1736915e-01   6.4097003e-03  -7.1251723e-02  -2.2008155e-01   3.9196941e-02   6.1860357e-02  -1.4585641e-01  -1.8188019e-01   8.8963438e-02
  -1.2799321e-01  -8.4863992e-02   1.2764756e-01   9.0634348e-02   1.0642659e-01  -2.3667167e-01   5.3799249e-02   8.9956503e-02   1.9985904e-01   2.2723140e-01   1.5171994e-01   7.4492346e-02   1.4472052e-01   3.0303639e-01  -9.5542478e-02   2.3613877e-02  -1.3006811e-01   8.9103643e-02  -1.4387423e-02   1.2843762e-01   2.8528735e-02   1.0538981e-01   2.0646972e-01   1.6405923e-01  -1.5132727e-01  -9.9480915e-02   1.3891223e-01   5.4996667e-02   7.5756710e-02   5.0661103e-02   1.2784307e-01   9.5407728e-02   5.2327623e-02  -2.3564937e-01  -1.8097126e-01  -5.9548337e-02  -1.2168270e-01  -3.9077082e-02   2.0606572e-01  -1.1343275e-01   3.4033646e-01  -4.1511402e-02  -1.7775541e-01  -1.6708441e-01   6.6697797e-02   1.6726658e-01   1.9132151e-01   3.9053894e-02  -7.2293512e-02
  -1.4107928e-01   2.0791528e-01   1.7891680e-01   1.7337324e-05  -6.0247821e-02  -3.6544942e-02  -2.5597496e-01   1.3082884e-01   1.0984395e-01   9.6877960e-02   2.1921874e-02   9.2059140e-02  -4.1804843e-02  -1.7769319e-02  -1.7462613e-01   9.4595501e-02   2.8505771e-01   2.6699628e-01   6.9665884e-02  -2.2861338e-01   4.2373535e-02   1.2906725e-02  -2.7811689e-01  -1.9482219e-01  -2.6705257e-02   2.5252275e-01   4.8944585e-02  -1.4849885e-01  -5.5697137e-02   6.4553136e-02   5.4069408e-02   2.9573019e-01  -1.9425125e-01  -2.5775416e-01   8.5733768e-02   1.0296734e-02   1.8893999e-01  -2.2734305e-02  -1.4916346e-01  -1.8221201e-02  -5.4269745e-02  -9.1197967e-02  -9.9389099e-03  -3.6469408e-02   5.4215242e-02   1.2722345e-01   1.6187177e-01  -4.5103391e-02  -3.6822770e-02
  -1.4271332e-01  -2.4536763e-02  -1.9044780e-01  -1.5087975e-01  -1.9671842e-02   1.9972083e-01  -1.7642094e-01  -5.7591869e-03   5.6172364e-02   1.2289099e-01   1.6773325e-01  -7.9015413e-02  -5.9865562e-02  -1.0542069e-01  -1.0234051e-02   4.7015879e-02  -1.1620410e-01   2.4677203e-02  -9.7558875e-02   5.8070859e-02   4.8667448e-01   1.6002715e-01  -1.6695639e-02  -1.3637945e-01  -7.4018915e-02   2.4322390e-02  -1.0369714e-01   2.7793408e-01   5.2472461e-02   5.0227961e-02   2.5969711e-02  -2.4905866e-01   9.5198277e-02  -1.1505798e-01   1.6059894e-01  -1.7751841e-01   3.6549451e-02  -3.4795293e-03  -1.9542026e-01   2.9153885e-01   2.6008542e-01   4.3382458e-02   7.0577363e-02   5.4387081e-02   6.2215477e-03  -4.4053090e-03   1.2404437e-01  -4.1350285e-02  -9.8811185e-02
  -1.4730709e-01   7.1687215e-02   3.1103524e-02   2.9244758e-02   1.4292248e-01   1.2715895e-01  -4.9467106e-02   1.6868685e-01  -2.4563478e-01  -2.5982006e-01   3.9029121e-02  -9.8282286e-02  -8.1562270e-02   4.7391837e-02  -2.9338947e-01  -2.9191814e-02   1.1727953e-01  -2.1389011e-03   5.3566736e-02   1.4636305e-01   9.5958962e-02  -1.1052921e-02   1.3676666e-01  -3.6260553e-02   4.2220390e-02  -1.7692835e-01  -1.4613336e-01   8.5389357e-02   1.7761843e-01  -5.2004932e-03  -2.5776108e-02   1.2333555e-01  -1.2040793e-01   2.8365400e-02  -2.3226721e-01   7.2376398e-02   6.1451776e-02  -2.6105612e-01   1.5468194e-01   1.3155734e-01  -1.1295716e-01   9.7320670e-03   2.1666131e-01  -3.0093437e-01  -3.1951312e-01  -8.3894958e-02   2.0006952e-01  -6.9920204e-02  -1.8743070e-02
  -1.2674238e-01  -4.4368057e-02   2.3979500e-01   1.3773824e-01  -1.4898822e-01   3.1685796e-02   1.3430067e-01  -2.4784218e-02  -1.6477286e-01   3.4892419e-01  -1.3370867e-01   2.0529368e-01  -1.6137399e-01   4.2254026e-02   2.7054832e-02   5.8389527e-02  -1.7682137e-01   9.6388894e-03   8.2551492e-02   6.1862835e-02   1.3211526e-01   1.5148405e-01  -2.5378275e-01  -1.5272553e-02  -1.4378214e-02  -3.9642216e-02  -8.0847553e-02  -1.3801011e-02  -1.5013312e-01   2.3901239e-01  -7.3024988e-02   1.3198108e-01   1.0614078e-02   1.0787290e-01  -7.8663304e-02  -2.5109347e-01  -1.7636090e-01  -2.2562187e-01   7.3333203e-02   8.2085232e-03  -5.6501255e-02  -1.1355778e-01  -4.8553547e-02   1.2276001e-01  -1.7359276e-01  -3.4094377e-01  -6.8036723e-02  -7.3914668e-02   7.9774020e-02
