  -1.4450382e-01  -5.2976868e-02  -9.1068731e-02  -1.9038928e-01   1.4376565e-01   1.7039671e-01   1.3048462e-01   2.1390896e-01  -8.1056787e-02  -1.7313587e-02   4.5822908e-02  -5.5089597e-02   1.9222131e-01   1.6246722e-01   2.1869086e-01   2.4149363e-01  -1.7693143e-01   1.4857892e-01   1.1035936e-01   1.2615088e-01   6.9935685e-02  -2.2523752e-01   6.0166130e-02   7.9171366e-03  -1.2277894e-01   2.4051704e-01  -4.8279814e-03  -4.9238496e-02  -6.3055484e-03  -5.1322774e-02  -1.6207608e-01  -1.9080683e-01   6.8704859e-02  -4.9306404e-02   6.5696335e-02   1.5082305e-01   5.4847676e-02   9.5057955e-02   1.5434058e-01  -5.3042595e-02  -2.0142706e-01  -7.7623228e-02   2.3101916e-01  -7.3977223e-02  -8.4916382e-02   2.9356931e-01   2.1271700e-01  -1.6044103e-01  -1.1649721e-01
  -1.5193597e-01  -3.5262584e-03   1.6747770e-01   2.4364262e-02   7.7729854e-02   1.3905581e-01  -2.6782543e-02   1.4105440e-02  -1.5270202e-01  -8.1938538e-03   1.2056261e-01  -2.2736639e-01  -9.5381401e-02  -1.9293432e-01   6.6843203e-02   2.3868411e-01  -8.5939188e-02   3.5368149e-02   5.2715967e-02  -9.3142337e-02   8.5212428e-02  -1.6055722e-03  -9.4902312e-02   3.4200915e-01   2.5492591e-01   1.0017389e-01   3.2930523e-02  -1.8640352e-01  -5.1747926e-02  -9.7332441e-02   2.9789749e-01  -1.8643244e-01   9.6795656e-03   2.3721413e-02  -7.2582237e-02  -2.4766969e-01   1.1346635e-01   4.9325197e-03  -1.9844329e-01  -1.8892508e-01   7.7001793e-02   9.3315135e-02  -1.6014704e-01  -2.4884248e-01  -1.1816610e-01  -1.1186168e-01   1.2981664e-01   1.2369348e-01  -9.3185801e-02
  -1.5089093e-01   5.2938082e-02  -2.0190742e-01  -8.6145000e-02  -4.6717359e-02  -9.2336045e-02   3.9160611e-02  -4.5536607e-02  -6.1542507e-02  -2.4014014e-01   4.2241536e-03   7.8846770e-02   1.7347474e-01   9.8376917e-02   1.6253723e-01  -1.2925417e-01   7.1854170e-02   2.2168443e-01   1.9457094e-02   1.1836564e-01  -3.0349782e-02  -1.4950516e-01  -2.5187931e-01   9.4664531e-02  -1.5590071e-01   8.1407029e-02   1.2270975e-01   4.7732830e-03  -2.6866775e-02  -9.2809007e-02   8.8943799e-02   2.8998073e-03  -1.5454087e-01   5.7436133e-02   2.0449492e-01   7.8478067e-02   7.4381899e-02  -6.2380481e-02  -1.4674027e-01   3.6032707e-01  -6.3814287e-02   5.2041261e-02  -3.2887837e-01  -6.2295870e-02  -2.3858008e-01  -1.5516952e-01  -2.5736933e-01   7.5284189e-02  -1.6131180e-01
  -1.4177988e-01   2.3943483e-01   3.4185319e-02   9.3030594e-02  -1.0226479e-01  -1.1874859e-01   4.7815183e-02  -8.5645226e-02   1.6825850e-01  -5.6256124e-02  -2.9273883e-01   6.2917934e-02  -1.9255544e-02  -2.1549664e-02  -1.2528059e-01   1.6679121e-01   2.3660264e-02  -3.1414874e-01   8.3757052e-02  -9.5841782e-02  -4.8711201e-02   4.3206704e-02  -6.7449851e-02  -9.3575552e-02   7.0615667e-02   1.1689817e-01   1.3839212e-01   2.9944515e-01   9.0437994e-02  -1.9114673e-01   1.1593710e-01  -8.6662125e-02   4.1778955e-03  -1.5170499e-01   2.0525234e-01  -2.3297029e-02   3.3751979e-01  -1.7185921e-01   1.6703939e-02  -9.0958130e-02  -2.9839543e-01  -6.4476532e-02   4.9739379e-02   8.4080582e-02  -1.6137665e-01  -6.8082482e-02   1.6525467e-01  -8.3503210e-02  -3.9236193e-02
  -1.7494586e-01   1.7533589e-01   3.0035376e-03   6.1712198e-02   5.3556132e-02  -1.1608931e-01   3.0797706e-01  -1.1872168e-01   2.3566282e-02   3.3574500e-02   1.1310105e-01   1.3610036e-01   1.5661598e-01  -1.5874269e-01   1.8566254e-01  -1.3203700e-01  -5.7542169e-02  -2.8781852e-01   4.0814454e-02   1.8178050e-01   1.0336458e-01   1.3624307e-01  -3.5875406e-02   2.7724920e-01  -1.3148107e-01  -1.8692026e-01   1.0955315e-01  -9.6177638e-02  -1.1683805e-01   4.9746613e-02  -8.0396626e-02   1.8801593e-01   7.4621987e-02  -7.2309422e-02  -1.5226097e-01  -1.9924061e-02   1.5029156e-01  -9.2551608e-02   2.3565897e-01   2.0496722e-02   2.1532969e-01   8.4183918e-02   3.7852794e-02  -2.1032038e-01  -1.1281052e-01   5.1380445e-02   2.4933322e-02  -2.5699194e-01   1.1222771e-01
  -1.3585788e-01   3.3081460e-01  -1.8548660e-01  -1.6538939e-01   7.6943961e-02   4.5639930e-02  -4.7745194e-02  -4.5639037e-02  -4.1867940e-02   1.2622191e-01  -1.1541509e-01  -1.2658986e-01  -8.0318860e-03  -2.5412678e-01  -7.0842620e-02   4.5101093e-02  -2.4537576e-02   8.5733622e-02  -2.9465687e-02   4.6070834e-02   1.6319018e-02  -1.6119371e-01   1.6326360e-01  -8.9709816e-02  -1.7361865e-01  -9.8584016e-02  -1.0971964e-01  -4.6819943e-02   2.2751144e-01  -2.6114650e-01  -1.3371042e-02   3.9370904e-02  -1.7536895e-01  -2.5390014e-02   4.3097139e-02  -1.1630565e-01  -9.1938937e-02  -1.5885976e-02  -2.0256328e-02  -2.7398348e-01   2.2001029e-01   7.7865452e-02  -8.7299564e-02   2.1339271e-01  -2.4920237e-01   2.4727355e-01  -2.0832165e-01   3.8396448e-02   1.5768925e-01
  -1.3392508e-01   9.8002391e-02   7.2329853e-02   1.5267109e-02  -3.0558464e-02   3.7993542e-04   7.1865377e-02   1.5490678e-01  -2.4223450e-01   2.9524578e-01  -6.4013133e-02  -1.0298930e-02   1.9131272e-01   6.9112574e-02  -1.3842166e-01  -1.0595970e-02   1.8020870e-01   1.2702489e-01  -1.1309471e-01  -1.0110612e-01   2.2706950e-02   8.3859264e-02   1.3516695e-01   9.3324726e-02   1.9166522e-01  -2.3571646e-01  -5.2477457e-02  -2.3498261e-02  -2.5934231e-01  -2.6379448e-01  -1.7183673e-01   1.2729625e-01   6.2187289e-02   1.1688998e-01   1.0362975e-01   2.5773048e-01  -2.5391190e-03  -5.8526151e-03   1.8565524e-01   2.7288463e-04  -2.1024660e-01  -3.7907747e-02  -1.0446703e-01  -7.3216748e-02  -1.2739657e-01  -1.1671934e-01   1.1622905e-01   3.0078283e-01   1.3005825e-01
  -1.2802610e-01   2.2810309e-02   6.9435588e-02  -3.1954953e-01  -1.6794605e-01  -8.7518676e-02   2.0289134e-01  -7.8490445e-02   1.6747406e-01  -6.1369961e-02   9.0429088e-02  -1.3505016e-01  -1.2822448e-01  -6.3529518e-02  -6.2583771e-02   1.4746821e-01   3.4440695e-01   2.5087684e-02   2.2849056e-02  -4.0254798e-02  -8.5086310e-03  -1.2824244e-01   1.2919598e-01   1.9512817e-02  -2.6385767e-01   1.1622193e-02  -2.6626326e-01  -9.3443105e-02  -6.4011114e-02  -1.4752134e-01  -2.7311832e-02   3.1312380e-01   8.2908958e-02   8.4905330e-02  -2.4307492e-02  -1.4526604e-01  -2.3478595e-02  -1.1941961e-02  -2.4660124e-01   9.8680916e-02  -6.4107183e-02  -1.6057930e-01   1.4138416e-01  -1.0134530e-01   1.2381675e-01  -1.6925861e-01   1.6464633e-01  -1.0617787e-01  -1.0020957e-01
  -1.5878178e-01  -8.1173661e-02   1.7080935e-01  -5.8640010e-02   2.3879674e-02  -2.2686682e-01  -7.9118009e-02   9.2458611e-02   9.8779367e-02  -1.0010638e-01  -1.5147292e-01  -6.9109801e-02  -3.0446969e-03  -5.8455884e-02  -6.3343991e-02  -2.6327303e-02   9.0734647e-02   1.2923919e-01   6.7820026e-02   1.8948207e-01   3.5136651e-01   1.4622220e-02  -1.3026299e-01  -2.2028393e-01   1.1254117e-01  -1.8681592e-02  -2.9994959e-01  -2.8547928e-02  -1.1833220e-01   1.8518670e-01   5.5260320e-02  -3.3137737e-02   2.3277381e-01  -2.5470290e-01  -2.1512332e-01   1.0781437e-01   1.1591478e-01   2.1853910e-01  -1.7255026e-02   3.7937604e-02   3.6788144e-02  -1.2809992e-02  -2.2124380e-01   1.8069683e-01  -2.5278515e-01   2.3820852e-02   6.2576653e-02  -5.8010418e-02   8.6583448e-02
  -1.3583796e-01  -2.7490278e-01   1.6784719e-02   5.3894660e-02  -1.5088533e-01  -2.9088568e-02   2.0935986e-01  -2.1526283e-01   1.4233740e-01   1.1016933e-01  -2.9302851e-01   4.0459159e-02   7.7062015e-02  -1.3958011e-01   1.3045635e-01  -7.7312043e-02  -8.2577723e-02   1.9380941e-01   2.7565606e-01   6.8936025e-02   1.3242450e-01  -9.6745893e-02   2.7780963e-02  -1.1384310e-01   1.3907944e-01   9.4401972e-02  -1.9275029e-03  -1.6535152e-01  -1.9694200e-01  -1.6162276e-03   1.4439684e-01   9.9889178e-02  -3.2957331e-01   1.1448790e-01  -7.4250094e-04  -1.2402778e-01  -5.2806325e-02  -1.0474775e-01   2.3734667e-01  -1.8210460e-01  -1.5365509e-01   1.0601739e-02  -3.7754524e-04   6.5285673e-02   2.2767960e-01  -1.4237938e-02  -8.5155495e-02   4.5512404e-02  -3.5710855e-03
  -1.4936507e-01  -1.5811819e-01   2.1867793e-01   2.1049921e-01  -1.2466813e-01  -5.4241094e-02  -2.0591975e-01  -7.9335235e-03   4.4387103e-02   1.3693048e-01   1.1041538e-01   7.1116413e-02   1.2477416e-01  -1.6283506e-02   6.3534773e-02   1.6852366e-01  -1.5537703e-01   6.1586563e-02   1.8742901e-01  -8.7127717e-02  -1.2560667e-01  -1.0123731e-01  -2.4252981e-01   2.8226015e-02  -1.4317202e-01  -3.2419445e-01  -1.7691250e-01  -3.1906551e-02   1.9452907e-01  -1.2609692e-01  -2.9668698e-03   1.0931856e-01   2.1250608e-01  -1.8192542e-01  -6.9124135e-03  -1.4664420e-02   3.5493609e-02  -2.1628083e-01  -8.4138488e-02   7.8658859e-02  -1.4687100e-01  -5.0857286e-02   6.9494029e-04  -9.0426947e-02   1.3315586e-01   2.9920194e-01  -1.9807289e-01   1.2117430e-01  -1.1232450e-02
  -1.4591937e-01  -1.9261690e-01  -2.9033649e-01   8.7554712e-02  -1.1298588e-01  -1.9595353e-01   2.2584062e-01   7.5572212e-02   1.6238122e-01  -1.2981916e-01  -1.4646705e-02   2.4443118e-02  -1.9234799e-01   2.1574067e-02  -7.5108514e-02   3.7531574e-02  -1.7021790e-01   1.4107948e-01  -1.2971443e-01   3.3550900e-02  -1.5658356e-01   1.6334864e-02   6.2307281e-03   1.5307553e-01   9.8156417e-02   1.1182304e-01   1.7651644e-01  -1.8691946e-01   2.5012983e-01   5.2054316e-02  -1.0791822e-01   1.9968815e-01   1.0370612e-01   6.2838525e-03  -5.2152646e-02   1.3442312e-01   2.3005914e-01   1.4757085e-01  -1.5543116e-01  -1.2768543e-01   3.1367378e-03  -5.9277031e-02   7.4002592e-02   2.0188533e-02  -2.4320184e-02   3.4888394e-02   3.0298516e-02   2.8036460e-01   3.0921497e-01
  -1.3389804e-01   9.4394290e-02   3.2404836e-02   3.5634015e-02  -3.4212638e-03  -1.4444135e-01   8.5323877e-03   1.1907281e-01  -1.6166203e-01  -1.7828948e-01   1.8822040e-01   7.4365907e-02  -3.5280167e-01  -5.4780601e-02   1.6596793e-01  -1.4983416e-02   1.2808482e-01   8.6335451e-02   1.8413407e-01  -2.7213887e-01   2.1437260e-01   1.0680574e-01  -7.7569277e-03  -1.9760742e-01  -1.2068839e-01   1.1447161e-01  -3.9509856e-02   4.2310357e-03   2.1048189e-01   4.3203559e-03   9.8809234e-02  -5.8135373e-02  -6.2681207e-02  -7.0170987e-02   2.3452316e-01   9.7235858e-02  -1.3050663e-01  -6.7043704e-02   3.3029165e-01   4.0494515e-02   7.4274695e-02  -2.9409106e-02  -3.3040770e-02  -2.4482114e-01   9.7239476e-02  -2.7263785e-02   6.8585488e-02   8.1485173e-02   2.6845085e-01
  -1.3268457e-01  -4.5560970e-02  -2.4328456e-02   1.0243142e-01   1.8118684e-01   1.5964848e-01   3.3807481e-01   4.9381770e-02   6.1200253e-02   2.1220693e-01  -9.3525611e-02  -4.3216897e-02  -2.8303814e-01   1.5576971e-01  -2.5920522e-01   3.8504496e-02  -7.0257997e-02  -4.5690578e-02  -1.0141518e-02  -1.8382475e-02   4.1911477e-02  -1.7798567e-04  -5.4113519e-02   4.8263646e-02  -1.8553310e-01   5.7146354e-02  -1.9133966e-02  -2.2727732e-02  -7.6816411e-02  -1.7808279e-02  -2.1041125e-01  -1.5476773e-01   2.6985661e-02  -4.0540730e-01   1.0688626e-02  -7.7924407e-02  -6.8881288e-02   3.9134417e-02   9.7260168e-02   6.0392109e-03   6.2086543e-02  -1.2260756e-01  -1.3077943e-01  -5.5912650e-02   7.9543097e-02  -2.1326918e-01  -3.2193332e-01   8.4901039e-02  -2.1315804e-01
  -1.2338926e-01   8.7429539e-02   1.2669077e-01   2.4578234e-02  -2.0352751e-02  -2.1782666e-01  -1.9539176e-01  -2.4329836e-01  -3.1118725e-02  -5.8057496e-03  -6.4272664e-02  -2.2139288e-01   1.3570358e-01   2.4862781e-01  -1.6802004e-01  -5.5151248e-02  -4.6302602e-02   5.0221127e-02   5.8619690e-02   2.0744254e-01   9.1170226e-02   5.8140309e-03   9.6676704e-02   4.8220996e-02  -7.7442593e-02   1.2056876e-01   2.0030091e-01   1.0142808e-01   1.9200542e-01  -1.8660144e-01  -9.9691012e-02   9.3060141e-02  -1.1500763e-01  -1.8907863e-01  -1.1687152e-01   2.3909911e-02  -9.7194809e-02   1.8220937e-01   3.1671830e-02   4.3421090e-02   9.7034140e-02   2.9714048e-01  -6.7498015e-02  -1.6356612e-01   2.8951381e-01   2.1508886e-02   2.5977664e-01   1.3197271e-01  -1.0133058e-01
  -1.5112545e-01  -1.2663047e-01  -1.4888977e-01  -1.1724455e-01   1.8574552e-01   3.6402344e-02  -1.9162390e-02  -6.8031114e-02  -2.4107609e-02  -1.4006681e-01   1.7063053e-01   2.4350907e-01   9.6462337e-02  -8.4890059e-02  -2.8700193e-01  -6.7702451e-02  -2.2127531e-02   1.0986988e-01  -1.8499599e-01  -1.6805673e-01   4.0741761e-01   1.1962861e-01   7.2811701e-02  -4.3958875e-03   9.6318641e-02  -8.2827838e-02   6.5902591e-02   1.3268464e-01  -1.1610862e-01  -1.7409918e-01   1.9581058e-01   3.6191976e-02  -8.6857637e-02  -8.1356901e-02   2.2978968e-02   9.0807020e-02   2.1083005e-01  -4.7832880e-02  -1.2478949e-01   2.7738596e-02   1.2338981e-01  -1.1419886e-01   2.1290409e-01   1.1803889e-02   2.0301512e-01   2.1935378e-01  -8.8001560e-02   1.9207377e-02  -1.8149489e-01
  -1.4335607e-01  -2.9401943e-01   7.0921183e-02  -2.4982231e-02   7.4937696e-02   5.8659244e-02  -1.0203509e-01   1.7125129e-01  -1.1038729e-01   2.4477101e-02  -1.4932382e-01   2.4308137e-01  -2.3827868e-01   1.5787039e-01   9.6370089e-03   2.7194411e-02   1.8932421e-02   1.3355627e-01  -2.4600345e-01   1.0249732e-01  -1.2712117e-02   2.1543841e-01   8.6626729e-02   9.4833660e-02  -1.8275171e-01  -9.9536908e-02   2.0240877e-02   3.4921929e-02   1.5555532e-01  -1.8519653e-01   1.2524525e-01   1.0132576e-01   1.7157222e-02   1.2851245e-01  -4.4314377e-02  -2.2903750e-01   4.8512044e-02   6.3391197e-02   1.0761941e-01  -5.6118019e-02  -2.2594384e-01   2.5857055e-01  -1.4722220e-01   4.5679079e-02  -2.6996694e-02  -4.0583934e-02  -2.1547135e-03  -3.7756598e-01   3.5112572e-02
  -1.4294227e-01  -3.7329204e-02   2.1815621e-01   6.2452875e-02   4.8577511e-02   3.1169703e-02   1.3337873e-01  -1.2359717e-01  -1.4359282e-01  -3.3791293e-02   2.4937792e-01  -1.9681880e-02   2.4457045e-02  -1.8244801e-01   1.9439594e-01  -3.0398866e-02   1.2232039e-01  -2.6396836e-01  -2.1454467e-01   9.5673621e-02   1.3341638e-02  -1.1532777e-02   1.5447107e-01  -2.3882657e-01   5.0774620e-02   1.3878989e-01   1.6620411e-01   2.0594643e-02   7.9706682e-02  -7.0122343e-02   6.8564352e-03  -1.0929216e-02  -8.9034450e-02  -9.3060847e-02  -2.5194730e-01   1.1076619e-01  -1.5017600e-01   1.7808626e-01  -1.7433801e-01  -1.3895524e-02  -4.2113975e-01  -3.3636546e-02  -2.8084311e-03  -1.8173224e-02  -3.0188328e-02   3.9808509e-02  -2.8752974e-01   6.8924584e-02   7.1065807e-02
  -1.4757755e-01  -1.7368583e-01  -1.7026755e-01  -1.0766366e-01  -3.2060442e-02  -8.1929215e-02   2.7858386e-02  -1.9156046e-01  -1.5163939e-01  -2.1872350e-01  -4.0892595e-02  -3.2012173e-03   1.3865170e-01  -1.4182865e-01  -1.5345000e-01  -9.1473083e-02   2.3180643e-01  -9.3314314e-02   3.5053031e-02   3.9016605e-03  -1.2628912e-01   1.8026747e-02   2.1175882e-01   1.3360660e-01   1.2228179e-01  -1.5682282e-01  -1.7604002e-01  -2.3250697e-01   2.8312545e-01   1.6161770e-01  -1.1444789e-01  -3.9063313e-01   1.6618872e-01  -5.8673485e-02   8.5331403e-02   8.0675797e-02  -2.8529282e-02  -1.6211899e-01   1.1129784e-01  -7.4087514e-02  -1.1031328e-01   1.8170607e-01  -1.2372510e-04   3.3921796e-02   8.1772127e-02  -7.3392973e-02  -2.5049861e-02  -3.9346976e-02  -1.6987799e-01
  -1.4899715e-01  -4.2493623e-02  -1.8614665e-01   2.0594741e-01  -2.0429457e-01  -7.0059203e-02  -9.1106847e-02   1.2239330e-01  -6.8163594e-03   4.4469930e-01   1.8002703e-01   1.3414855e-01   2.0859384e-01  -2.1301737e-01  -4.9248093e-02   1.4020875e-01   1.0752029e-01  -2.2585254e-02  -9.0453553e-02   2.2126205e-01   3.2789030e-02   1.2419930e-01   1.4447101e-04  -1.2866378e-01  -1.1021323e-01   3.8164339e-01   3.1003239e-02  -5.8217879e-02   6.7846496e-02  -1.6030463e-02   1.4750543e-01  -7.5241889e-02   2.2264745e-01   9.7192110e-02   1.1244817e-01   3.0232346e-02  -4.7930909e-02  -2.4909527e-02  -1.1313211e-02   3.2992526e-02   1.9594794e-01  -3.7494808e-02  -5.4149121e-02   1.0372033e-01   1.1216883e-01  -1.3429403e-01   4.2461262e-02  -4.7037395e-02  -9.1078084e-02
  -1.2692298e-01  -2.1970977e-01   5.5766070e-02   1.9561632e-01   5.0102145e-02   1.1760746e-01   3.2569153e-02  -8.6021418e-02   1.5691014e-01  -1.1691207e-02  -9.4675291e-02  -2.6895537e-01  -1.7540630e-02   5.4384435e-02   1.8539376e-01  -1.2180903e-01   1.3217577e-01   3.6213589e-02  -1.8423381e-01  -1.0926508e-01   1.7004373e-01  -2.0501158e-01  -2.7441623e-02  -3.2512930e-02   1.5326601e-01   4.0727924e-02   6.7557980e-02   1.3954635e-01   1.7430699e-01  -2.8792770e-01  -1.5951752e-01  -1.2848688e-01   1.7993336e-01   1.8750377e-01  -1.4924198e-01  -8.2499525e-02  -5.9123713e-03  -2.2725198e-01   1.2696056e-01   2.6453526e-01   2.4470760e-01  -1.4218882e-02   1.8970487e-01   9.5096081e-02  -1.2825466e-01  -7.6585465e-02  -1.2532504e-02  -2.1548956e-02   8.1389858e-02
  -1.4812403e-01   1.3495878e-01   7.6940775e-02  -1.6077137e-01  -1.4628288e-01   2.8364799e-01  -1.5906518e-02  -2.9025001e-01   1.4699380e-02  -3.1791790e-02   1.8902579e-01   1.7113085e-01   1.2840742e-01   1.2291406e-01  -3.9745833e-02   1.3907585e-01  -2.0300895e-02   7.5277826e-02  -3.1284051e-02  -1.7727903e-01  -6.5567879e-02  -1.6607260e-01   1.2245444e-01  -3.6226995e-02   1.1521307e-01   1.9208836e-03   1.2619761e-01   3.5943690e-02   6.4342737e-02   1.8414586e-01  -1.8782294e-02   4.2026912e-02   1.7358022e-01   1.3030979e-02  -5.5752592e-03  -2.7437846e-01   1.8446059e-01   2.4779592e-01   2.8177660e-01   1.1619885e-01   4.5025889e-02  -1.5682423e-01  -2.9894486e-01   1.5994767e-01   1.0681706e-01  -4.0009441e-03  -1.2748451e-02   6.5506157e-03   1.3594193e-01
  -1.4565526e-01  -6.6138917e-02  -1.1280752e-01  -1.0778875e-01   7.0086508e-02  -3.3942875e-01  -1.7095741e-01   1.3922276e-01  -6.1519261e-02   9.8125758e-02   9.3275630e-02  -2.8264544e-01  -2.3599026e-02   1.2658812e-01   2.7451497e-02   1.9732545e-02  -9.0197783e-02  -2.5640835e-01  -5.4924461e-02  -2.5981553e-01  -9.9253176e-02  -2.7154549e-02   3.1875486e-02  -3.8102750e-03  -2.0697855e-01  -5.1041401e-04   1.6831214e-02  -1.6233126e-01  -1.5310733e-01   1.4485623e-02   4.9786746e-02  -1.4448992e-01  -2.3976958e-01   1.3930879e-01  -2.9711575e-01   4.8593089e-02   2.6505001e-01  -1.0348230e-01   1.4122394e-01   8.0141466e-02  -2.2708631e-02  -1.3163959e-01  -1.6537607e-01   2.1799457e-01   1.4362169e-01   2.3335292e-02  -1.1310010e-02  -1.4921852e-02  -1.5567304e-03
  -1.3363395e-01   1.7568210e-04  -1.7312299e-01  -2.5219853e-01  -1.4717169e-01   1.2356530e-01   7.2938891e-02   1.5122789e-01   1.2484942e-01  -9.5529047e-02  -2.2072475e-02  -1.4096909e-01   1.1795925e-02  -1.2074243e-01   5.4511489e-03  -3.1697083e-02  -3.1947552e-02  -1.7023021e-02   1.6161375e-01  -1.7093308e-03   2.6833042e-02   3.0942307e-01  -2.2267480e-01  -2.6658631e-01  -6.8667139e-02  -2.4975014e-01   3.6879937e-01   5.9028006e-02  -1.5671707e-01  -1.0766499e-01  -1.6285125e-01  -2.1643734e-01   2.2656360e-01   1.3796874e-01  -6.0919494e-02  -1.4745925e-01  -1.5845493e-01   2.6665195e-02  -1.2021558e-01  -4.2195024e-02  -5.2905286e-02   9.5175260e-02  -1.0806834e-01  -2.3892289e-02   1.5526150e-01   7.9939099e-02   5.2706770e-02   6.4303361e-02   5.0809698e-02
  -1.5804894e-01  -1.0852982e-01  -4.1362685e-02   9.5867815e-02   2.4578202e-01   7.5998572e-03  -1.3951292e-03  -2.9521660e-01  -1.2807997e-01   9.9701513e-02   9.8251824e-02  -2.2113100e-01  -5.8910227e-02  -4.4660675e-02   1.1832065e-01  -3.9192714e-02   1.1169738e-01   3.0559357e-01   1.2599036e-01  -1.1244094e-01  -2.8698816e-01   1.4419032e-01   7.1783424e-03  -2.4379117e-02   2.1405790e-02   6.0957911e-02   6.5570620e-02   2.8231397e-01  -1.4923599e-01   9.7053322e-02  -1.1561767e-01   1.0798322e-01   5.7516753e-02  -9.4018437e-02   8.6086305e-02   2.1814082e-01   6.2947944e-02  -1.1395728e-01  -1.8933934e-01  -2.1112363e-01   7.2721949e-02  -6.4767614e-02  -1.5142356e-01   7.1317569e-02   4.7878694e-02   1.0262796e-02   4.8390493e-02  -3.2228020e-01   7.1629207e-02
  -1.6431816e-01   2.1000382e-02  -2.0799681e-01  -4.2392760e-02  -1.2489177e-01  -1.8788164e-01   7.5400830e-02  -1.6820305e-01   7.4533024e-02   2.5319074e-01   1.5696941e-01   1.0222474e-01  -1.5491944e-01   7.2088496e-02  -1.2085291e-01  -5.1824293e-02  -7.0601547e-02   8.7197989e-02  -1.2790158e-01  -1.2685146e-01  -1.2740303e-01   2.1472830e-02  -9.2587047e-02  -1.3294858e-01   1.7243269e-01   6.0352787e-02  -2.1097012e-01   2.1836846e-01  -3.9754431e-02   1.6772538e-01  -5.2125646e-02  -9.8870841e-02  -1.1229426e-01   1.0886446e-01  -1.8560110e-01  -1.8241187e-01  -1.3351092e-01  -6.6924866e-03   5.0166494e-02   9.0110943e-02  -9.0598678e-02   1.6143533e-01   4.5905904e-02  -3.0224398e-01  -2.9870366e-01   2.4938415e-01   9.0753905e-02   1.9754380e-02  -1.6484166e-01
  -1.3089345e-01  -7.1454859e-02  -8.4561118e-02   1.5263706e-01  -2.9121100e-01   2.9938452e-01   5.7655609e-02   9.4862928e-02   5.5444076e-03  -1.3934784e-01   9.4859355e-02  -2.2308834e-01   9.8796188e-02  -7.4072819e-02  -1.4255359e-01  -1.3410643e-01  -3.2080671e-02  -5.6575317e-02   1.8475100e-01  -1.4262110e-01   9.4213691e-03   2.4608797e-01  -5.5157330e-02   3.4187134e-01  -1.2550914e-01   7.6941023e-02  -1.5896359e-01   2.0786874e-01   9.5583833e-02   9.4060427e-03   1.4407904e-01   1.1827599e-01  -1.5129275e-01  -3.5428924e-02  -1.2036351e-01   1.0576150e-01  -2.1198421e-01   1.7654200e-01   1.2291880e-01   8.0754590e-02  -8.4318159e-02  -6.0895451e-02   3.6918997e-02   2.6117821e-01  -1.3914186e-01   5.5013668e-02   5.5156434e-02  -2.2298198e-02  -3.8960698e-02
  -1.4032405e-01   7.0035162e-02   2.1345968e-01   4.5889158e-02  -1.5412623e-01   5.2509472e-02   2.0061789e-02  -1.4513131e-01  -2.1354672e-01  -9.8894111e-02   1.2110837e-01   7.5272884e-02  -6.0592186e-02   9.2845514e-02   4.9432472e-02  -2.7725092e-02  -3.1814168e-01   6.9047170e-02   2.1895223e-02   2.2794257e-01   3.4875071e-02   3.0460602e-01   1.1820719e-01  -7.9945829e-02  -1.0450338e-01   4.5933380e-02  -2.7372888e-01   7.8537025e-03  -9.2850701e-02  -2.0880213e-02  -2.8270928e-01  -2.0790922e-01  -1.4877323e-01   1.0172020e-01   8.8345690e-02  -1.4753163e-01   1.9902453e-01  -1.4391673e-01  -1.9504511e-01   8.7551249e-02   5.7030889e-02  -6.9719603e-03   1.6746875e-01   1.9976242e-01  -2.4956004e-02  -1.3643610e-01   3.2518916e-02   1.4507839e-01   1.2185065e-01
  -1.4566069e-01   2.8313823e-01   1.9731645e-01   1.1401316e-01   9.9070547e-03  -5.4714766e-03   1.6272484e-01   1.8491678e-01  -1.8624759e-02  -2.0322699e-01   5.8783362e-02   9.8820975e-02   7.6287656e-02  -1.1692803e-02  -3.3756564e-01  -5.4995724e-02  -9.7279681e-02   2.5847773e-01  -6.1623713e-02  -2.1278531e-02  -2.2968877e-01  -2.7010156e-01  -6.7201141e-02  -5.2656497e-02  -6.8870363e-02   8.0479741e-02   5.0687174e-02   4.2767963e-03  -1.4384640e-01   2.7195902e-02   2.0529427e-01  -1.1570544e-01   9.5251880e-02   5.0526318e-02  -2.7642006e-01   9.7392841e-02  -1.2834361e-01  -2.2460448e-01   2.6551258e-02  -4.9392452e-02  -1.0157210e-02   2.0800779e-01   1.3207110e-01   6.4952085e-02   1.3009811e-01  -1.1412259e-01  -2.3258910e-02  -1.2363774e-01   1.5934670e-01
  -1.4751194e-01   9.6135882e-02   1.4654514e-01  -1.2266280e-02  -2.5605347e-02  -1.5357044e-01   4.6747264e-02   2.8943792e-01   1.9901750e-01   3.1438434e-02  -1.3280218e-01   4.2081808e-02   1.5172105e-01  -1.7072994e-01   1.8977490e-01   1.8877429e-01   1.6736785e-01   1.0552833e-01  -2.3894263e-01  -7.0772539e-02   2.2608949e-02   1.2444806e-02  -1.5769958e-02   2.9090296e-01   1.0409280e-01  -4.0400061e-02  -3.9175179e-02   2.6099387e-01   3.4605646e-02   2.3048452e-01  -2.2480952e-01  -1.8015347e-01  -3.0243580e-01  -7.0229265e-02   1.1208566e-01  -9.7674926e-02  -6.0375899e-02   9.0255348e-02  -1.1292373e-01   7.1709121e-02   4.6253961e-02   3.8661020e-02  -1.2993920e-02   3.1912863e-02   2.7086432e-01   6.3194339e-02  -6.1620991e-02  -4.2743204e-02   1.0550461e-01
  -1.4533722e-01   2.4640151e-01   1.7623147e-03   1.1918132e-01   1.4088680e-01   6.8081924e-03  -2.3890156e-02   9.6972028e-02   6.9389691e-02   3.0130430e-02  -1.5723985e-01  -3.5739865e-01   7.8421723e-02   1.1284221e-01   4.1631920e-02  -2.7542165e-01   2.1315856e-02   1.0019070e-01  -5.6150932e-02   2.6520903e-02  -8.9444524e-02   2.3094107e-01   2.1261092e-01  -5.5360147e-02   1.3051135e-02   5.4782892e-02  -4.0221333e-02  -1.2938906e-01  -1.6690821e-02   1.9415430e-01   2.7385419e-01   5.9316048e-02   2.0830722e-01   4.0157235e-02   2.1342330e-01  -2.3759677e-01   1.3116521e-01   8.0104822e-02   6.9741430e-03   1.5721456e-01  -1.3091864e-01  -4.3012370e-02   1.9237084e-01  -1.4235739e-01   7.6190122e-02   1.7681568e-01  -2.1809112e-01   3.0790340e-02  -1.5036943e-02
  -1.1597310e-01   6.8619388e-02   1.6223698e-01   1.4325989e-01   3.3210882e-01  -2.4198431e-02  -1.1221513e-01  -5.1123751e-02   1.6732648e-01   1.1054018e-01  -1.1338047e-02   2.2400897e-01  -1.6321730e-01  -2.2434714e-01  -2.0903040e-01  -2.4410837e-01   2.2746379e-02   2.8912688e-02   2.6831433e-01   3.5007962e-02  -2.7181097e-02  -7.7712800e-02   1.5624199e-02   1.4529752e-01  -5.1847900e-02  -3.1665038e-03   1.2920700e-01  -1.7734984e-01   8.1735705e-02  -4.1067767e-02  -1.4414071e-01  -1.6934978e-01  -6.6428733e-02   2.7826149e-01   3.9393850e-02   9.2669207e-03  -7.3335715e-02   1.8369925e-01  -1.0855137e-01   2.1664699e-01  -1.2192622e-01  -2.5044726e-01  -5.9164256e-02   5.5848320e-02  -4.4812014e-02   1.1807078e-01   2.0706545e-01  -4.7089167e-02  -1.3467799e-02
  -1.2043249e-01  -7.1871367e-02  -1.4761547e-01   4.4993940e-02   4.3427132e-02  -9.8220144e-02  -2.4833539e-02   8.1764625e-02  -2.8596819e-01  -4.6120887e-02  -1.6581561e-01   1.6603312e-01   1.1032789e-01   9.9075323e-02   1.0288706e-01  -3.1364402e-01  -6.9380358e-02  -1.8160069e-01  -2.2117923e-02  -1.0145543e-01   1.3097811e-01  -2.4036329e-01   7.3666619e-02   1.1676485e-01  -1.1685410e-01   1.1272940e-01  -4.1964982e-02   1.9329935e-01  -8.1165267e-02   1.0625818e-01  -7.4855924e-03   6.5796487e-02   2.0987488e-01  -7.9677746e-02  -1.5253640e-02  -3.2619826e-01  -2.3786450e-01  -1.3154512e-01  -2.1720604e-01  -1.9066221e-01  -4.7124095e-02  -1.9572984e-01  -1.0887728e-01   2.8128049e-02   4.1204321e-02   1.8972326e-02   1.9096378e-01   1.4782018e-01   9.7207555e-02
  -1.2751164e-01   3.2423029e-02  -1.6011443e-01   7.5945665e-02  -1.5523734e-01   2.3387938e-01  -3.1103434e-01   2.7661583e-01  -4.6510369e-02   2.2812727e-02   1.5179093e-01   5.5371542e-03  -1.7385271e-01   5.2839686e-02  -1.1525340e-01  -1.0195957e-01   3.0512134e-01  -7.1755526e-02   2.8113143e-01   1.8294404e-01   7.6248138e-02  -1.9330686e-01   7.1875488e-02   7.0186083e-03   1.9185037e-01   6.7060714e-02   1.0091401e-01  -4.1382031e-03  -9.3885354e-02   1.0540654e-01  -2.4517333e-01   1.4788730e-01  -1.4928892e-01  -9.9467490e-02  -9.1071528e-02  -1.0740177e-01   2.4806670e-01  -1.6234259e-01  -4.9087306e-02  -1.7902155e-02  -5.7180160e-02   1.4202276e-01   7.7197445e-02  -7.4711620e-02   1.1451933e-02   2.4461952e-02  -1.3279974e-01  -6.8857548e-02   5.9154071e-02
  -1.3495508e-01  -1.5515100e-01   1.8731364e-01   9.7824122e-02  -3.0303857e-01   8.7884643e-02  -4.8799626e-02  -6.2110801e-03   2.3438648e-01  -2.1773653e-02   6.3389379e-02  -3.2110487e-03   9.5400411e-04   1.3039496e-01  -9.6962768e-03  -2.8141251e-01  -9.4337197e-03  -1.7370170e-01  -1.3848853e-01  -1.3110297e-01  -3.2517640e-02  -2.0655282e-01   8.2322546e-02  -4.6790218e-02  -1.6680081e-01  -3.9450594e-02  -5.9003363e-02  -5.4625798e-02  -1.9778287e-01  -7.7227583e-02   2.5667405e-02  -2.0043895e-01  -2.8389019e-02   6.6929123e-02   3.0749655e-01   1.9405817e-01   9.3781816e-02   2.4960498e-01  -1.0410112e-01  -2.8716026e-01   1.7849221e-01   1.1942464e-01  -7.8417114e-02  -1.8584097e-01  -5.7516435e-02   9.3659934e-02  -2.3191766e-02  -1.0618258e-01   4.1001501e-02
  -1.2707639e-01  -2.0749612e-01  -9.8754000e-02  -1.1326021e-01   3.1170943e-01   1.4141050e-01  -2.6370907e-01  -7.1026971e-02   7.9986538e-02  -1.1918789e-01  -3.7433326e-02  -7.5836018e-02   1.8079427e-01  -2.2897127e-01  -1.9235581e-01   6.4250850e-02  -8.6906103e-02  -1.6731770e-01  -1.0085440e-01   1.4591193e-01  -1.5095276e-01  -3.0027660e-02  -2.3493712e-01  -6.5033835e-02  -1.1026553e-01   9.3439757e-02  -2.1876146e-01   1.5971286e-01  -7.2259559e-02   2.8435654e-02  -4.3825015e-02   7.3963107e-02  -6.8402700e-02   8.2574528e-02   7.9023734e-02  -5.0082493e-02   3.1791288e-02   8.4277978e-02   1.8700911e-01  -6.3265231e-03  -4.9050968e-02  -2.5733024e-02   8.7828657e-02  -2.8636415e-01   3.1691136e-02  -2.2840485e-01  -3.3201672e-02   1.1135586e-01   3.0304042e-01
  -1.3733053e-01   1.8981612e-02  -6.7989942e-02  -6.8179934e-02   1.3465499e-01   8.4548856e-03  -1.7474074e-01  -6.8657737e-03   1.7105067e-01   1.6263540e-01   1.0329687e-01   1.7824564e-01   9.3846242e-02   1.3028146e-02   2.7458907e-01  -1.3347073e-01   5.9545083e-02   1.2290419e-01   7.6870879e-02  -2.4788944e-01  -1.0031243e-01   1.8738762e-02  -1.9235433e-02  -4.5497346e-02  -1.1254348e-01  -1.2924756e-01   8.7385652e-02  -1.0820794e-01  -1.8228332e-02   1.0416604e-02   6.5018951e-02  -2.5253405e-02  -3.8813003e-02  -2.9993120e-01  -6.5262725e-02  -7.8311868e-02   1.1356141e-02   1.8782576e-01  -1.9083539e-02  -6.8860992e-02  -2.7714435e-02   2.1086126e-01   3.7268723e-01   1.9057832e-01  -1.5093489e-01  -3.7318252e-01   1.1706734e-01   1.6422305e-01  -6.2931254e-02
  -1.5844746e-01  -9.3177352e-02  -7.0766431e-02  -3.1272974e-02   2.4276499e-01   1.5592694e-01   1.7873407e-01  -2.5432666e-02   1.9044454e-01   1.2436848e-01   1.0677049e-01  -9.5936597e-03  -6.8425831e-02   2.4427370e-01   3.2535686e-03   1.9348964e-01  -7.2447263e-04  -2.5209754e-01   1.0854318e-01   1.3323190e-01   6.2244146e-02  -7.3711487e-02   1.5933080e-01  -1.3742791e-02   4.7498468e-02  -1.5673417e-01  -5.0846614e-02   5.3104895e-02  -2.1661427e-02   1.6358467e-01   2.8540276e-01   2.3021187e-02  -4.6438777e-02   3.6354598e-02   1.7560752e-01   1.3456472e-01  -1.4983543e-01  -1.7156975e-01  -1.7739387e-01   2.2073744e-01   1.1801422e-02   3.0038666e-01  -1.0869589e-01   1.6920255e-01   2.6064964e-02   6.6013710e-02   1.5219001e-01   1.4299012e-01   2.1443263e-01
  -1.4775630e-01   1.8740208e-02   4.8798511e-02  -3.2231046e-01  -1.4642071e-01  -9.6687118e-02  -1.6809593e-01  -1.0953160e-01   3.1004482e-03   1.7844772e-01  -2.8098371e-02  -4.0571995e-03   2.0618663e-02   3.2341376e-01  -8.5535017e-02   8.7315225e-03  -4.8189766e-02  -1.2810196e-02   6.7183245e-02   9.6915608e-02   8.5126564e-02   8.1238205e-02  -1.0079015e-01   1.7813162e-01   1.7999576e-01  -3.2999141e-02   1.3514903e-01  -7.2277384e-02   9.7763646e-02   1.5837337e-02   1.3952406e-01  -1.3784409e-01  -4.1400000e-02  -2.6842865e-02   3.6845867e-03   9.3374882e-02  -2.7311000e-01  -6.2969480e-02  -8.4490283e-02  -6.8051906e-02   1.9004106e-02  -3.3916113e-01   2.0559343e-01  -8.5566960e-02  -9.1206927e-02  -1.4232614e-01  -2.1763710e-01  -2.4514244e-01   2.7485849e-01
  -1.5259001e-01  -1.0863590e-01  -1.0522756e-01   2.0718883e-01   2.6070726e-02  -1.3974988e-01   5.7801029e-02   1.7445985e-01  -1.4052151e-01  -2.2071293e-01  -5.3397764e-02   1.0215063e-01   8.1594881e-02   7.1917103e-02   2.6272784e-02   1.7509226e-01   2.0107700e-03  -1.0615704e-01   1.9936569e-01   6.5194285e-02  -3.5103828e-01  -1.8553793e-06   2.0066804e-01  -1.9851715e-01   2.6153101e-01  -1.7118936e-01  -5.1467796e-02   1.2057248e-02  -1.0492002e-01  -2.5497855e-01   7.8526117e-02   5.2864611e-04  -1.1279121e-01  -7.8831129e-02  -1.6384561e-02  -1.4317437e-01  -1.3556131e-01   2.5935883e-01  -1.8419497e-02   1.3870461e-01   3.0194685e-01  -1.7370343e-01   4.3257737e-02  -5.9682839e-02  -3.2052263e-02  -2.3505815e-02  -8.6467881e-03  -1.2197807e-01  -5.3890795e-02
  -1.5243914e-01  -3.7407275e-02   1.8156282e-01  -2.3980853e-01  -2.9730539e-02   2.1198094e-01  -7.6059549e-02  -1.3075893e-02  -7.8240929e-02  -1.9523220e-02  -2.9691051e-01   1.5795681e-01  -4.2741716e-02  -3.5092218e-02   3.2491011e-02  -5.3467941e-02   8.1093699e-02  -1.4142372e-01  -1.4467228e-01  -1.5548774e-01  -2.5182452e-01   1.7593500e-01  -1.5849292e-01  -3.5541941e-02   8.7262590e-02   3.3459409e-01   1.4948710e-02  -3.1865194e-01  -9.4020465e-02  -3.3303257e-02  -6.6129346e-02   1.4850800e-01  -3.5919774e-02  -2.0284521e-01  -6.1470420e-03   9.7399842e-02  -9.5143893e-02  -1.6143872e-01  -3.2604298e-02   1.9364940e-01   1.8784366e-01   7.8391005e-02  -8.4399874e-03   4.9796145e-02  -8.0649913e-03   2.7284906e-01   9.9113725e-02   4.9039972e-02  -5.4239648e-03
  -1.3021635e-01   9.4068039e-02  -2.5058737e-02   5.1918915e-02  -3.4038165e-02   1.5698664e-01  -2.4093458e-01  -2.9774852e-02   2.9974306e-01  -1.7145095e-01  -9.0457431e-02   1.2219372e-01  -1.2680602e-01   2.4869751e-02   1.9394663e-01   9.2353844e-02   7.4050635e-02   1.0434485e-01  -1.2036684e-01   2.3431928e-01  -9.5180606e-02   1.1933941e-01   2.9332951e-01   5.9565584e-02  -1.3378986e-01  -8.2469846e-02   2.7259247e-02   9.9381994e-02  -8.0309077e-02   7.4617817e-02   1.0355143e-01  -7.7580468e-02   7.3960751e-03   1.0349130e-02  -2.5519871e-01   1.7961907e-01  -7.7159204e-02  -2.2903634e-01   1.2327703e-01  -1.5163759e-01   5.6581236e-02  -2.8562557e-01  -1.1475633e-01  -1.4762180e-01  -5.3615170e-02   6.3704712e-03   6.1065855e-02   2.4904957e-01  -1.8875781e-01
  -1.4093015e-01  -6.6400553e-02  -1.9991863e-02   1.2617461e-01  -1.8050054e-01  -2.3645873e-02  -1.8230009e-01  -7.6431226e-02  -1.7460180e-01  -3.8571017e-02  -1.3723473e-01  -1.6264347e-01  -1.5101523e-01  -2.6654084e-01  -9.3174320e-02   2.1239250e-01  -2.6866375e-01   3.1165571e-02  -1.9369413e-01  -6.4033363e-02   1.3177012e-01  -1.6908240e-01   1.5404353e-01  -5.8117977e-02  -1.1054248e-01  -1.9810186e-01   2.9673381e-01  -8.5697628e-02  -1.5779950e-01   2.8387220e-01  -5.8904937e-02   1.2822422e-01  -1.1760947e-02  -8.1593234e-02   1.8581759e-01   4.6040574e-02  -1.6262652e-01  -1.8662893e-02   4.8472289e-03   2.2729747e-01  -4.5788489e-02   9.9273334e-03   1.2636516e-01  -5.9662832e-03  -1.5834122e-01  -8.6947699e-02   7.8452132e-02  -1.2461542e-01  -8.8144898e-02
  -1.4109597e-01   2.1289664e-01  -1.1577248e-01   1.7013264e-01   1.3880253e-01  -9.0427633e-02  -1.8947674e-01  -5.4203594e-02   2.3008339e-01  -2.1943470e-01   6.5553003e-02   6.6355756e-02   3.1117253e-02   1.4695992e-01   6.6226476e-02   1.9431013e-01  -1.5411378e-01  -1.0560197e-01   1.7256084e-02  -2.1460287e-01   1.8651969e-01   1.0843280e-01  -2.2103453e-03   5.2469641e-02   1.6462276e-01   1.7559814e-01  -1.4875288e-01  -1.7403611e-01  -1.1837927e-01  -7.8893676e-02  -2.6271825e-01   1.9893298e-01   1.5027971e-01   2.0352794e-01   5.2787676e-02   4.6832700e-02  -2.5251559e-01   1.5646313e-02  -1.6685271e-02  -1.4880627e-01  -9.8559331e-02   1.5697061e-01  -7.1413902e-02   9.5843418e-02   3.2825678e-02  -7.8283046e-02  -2.0251810e-01  -1.2163909e-01  -1.2173717e-01
  -1.3781686e-01  -1.3043132e-01   3.0687478e-01  -2.2255691e-01   6.4109019e-02  -7.9790828e-02   5.9755602e-02   1.5598301e-01  -1.0065147e-01   5.0603259e-02  -1.3581777e-01   7.0000059e-02   6.0990537e-02  -1.7549507e-02  -5.7904582e-02   5.8539350e-02  -5.0738871e-02  -8.7389172e-02   2.8684534e-01  -1.2924030e-01  -1.1808030e-02   2.4438379e-02   1.5159434e-01  -3.9617139e-02  -7.1029338e-02   8.1764004e-02   1.2998188e-01   2.5180548e-01   1.6955527e-01   2.3338885e-01  -4.4204985e-02   1.6207373e-01   9.4983036e-02   3.3134847e-01  -4.9703610e-02   1.1271789e-01   8.2751555e-02   2.7361744e-02  -1.7958762e-02  -9.0763729e-02   2.1560636e-01   1.0633049e-01   8.3404820e-02  -4.6795969e-02  -1.5961228e-01  -7.6136200e-02  -2.5696899e-01   1.6344058e-01  -2.3666143e-01
  -1.2986165e-01   1.8547514e-01  -1.5443321e-01  -6.1546758e-03  -7.3985452e-02   3.1575375e-02  -5.4297135e-02  -1.8816506e-01  -2.6327550e-01   7.1511466e-02  -2.2326591e-01   7.2392341e-02  -3.5433572e-01  -3.5118750e-02   1.9358853e-01   4.3056520e-02   6.3892246e-02  -9.7276621e-02   2.3181505e-02   1.1448796e-01  -2.2239446e-02  -1.5569078e-01  -2.1213445e-01   1.6345019e-01   1.4412026e-02  -6.4514419e-02  -1.2946527e-01   1.5341885e-01  -1.4298912e-01  -4.8392117e-02   1.1914064e-01  -8.4249203e-02   1.8608380e-01   1.6401812e-01  -6.9002082e-02   2.0814470e-01   6.7971766e-02   3.0542465e-01   3.0156081e-02   5.0604201e-02   2.2749184e-02   9.5046924e-02   2.0644734e-01   1.0427058e-01   2.7237226e-01   5.1078242e-02  -1.1339928e-01   7.9773183e-02  -4.4122260e-02
  -1.6541194e-01   1.6244143e-01  -4.8340045e-02  -1.2009195e-01  -1.6980235e-02   1.9440183e-01   4.0066690e-02   1.8962646e-01   2.0286240e-02   1.0764931e-01  -2.0957227e-02  -3.7784660e-02  -3.0389856e-02  -8.6642769e-02   1.3519236e-01  -2.7558014e-01  -3.5679167e-01  -4.9078413e-02  -9.4038359e-02   1.1926419e-02  -5.2694005e-04  -8.1605821e-02  -4.4094201e-02  -1.8867053e-01   2.5825069e-01  -1.4587903e-01  -1.7462307e-01   5.0453844e-03   3.3142131e-01   1.0378492e-02  -2.2316755e-03   1.5719344e-01  -8.0427961e-02   3.6095663e-03  -3.2536525e-02   1.9720693e-01   6.7136416e-02  -3.7712143e-02  -8.9849529e-02   2.2339109e-02  -8.4605997e-03  -8.9636280e-02  -1.5547623e-01  -9.3690378e-02   2.0723046e-01  -2.5462479e-01   1.5761789e-01  -1.6714045e-01  -1.9680663e-01
  -1.3484311e-01   8.3566486e-02  -3.8793290e-02   2.9997474e-01   5.9677608e-02   1.8053750e-01   9.6507073e-02  -8.8861964e-02  -1.6980632e-01  -3.9099922e-02  -1.5376800e-01   8.1746990e-03   1.6555405e-01   2.5227983e-01  -6.3716477e-02   1.6632106e-01   2.8825179e-01  -1.1356303e-02  -9.1698975e-02  -6.4326712e-02   1.3049045e-01   5.3531472e-02  -3.1636450e-01  -2.1524591e-01  -1.5834573e-01  -1.6698164e-01   1.3033383e-02  -2.0288454e-01   1.8713428e-01   2.5212630e-01  -2.0519617e-02   2.8800887e-02  -2.2231753e-01   1.9358082e-01  -1.0499965e-01  -6.1993611e-03   4.7241109e-02   5.2821942e-02  -1.2957917e-01  -1.8181637e-01   6.0277253e-02  -1.1052555e-01   6.9203904e-02  -6.3737275e-02  -1.9233555e-02   1.2309684e-02   1.2832221e-01  -8.5181884e-03  -4.8316145e-02
  -1.5780048e-01  -2.7829266e-02   1.9697519e-01  -7.3054477e-02   7.1745452e-02  -1.5104089e-01   2.0495294e-02   8.1793053e-02  -1.1802344e-02  -1.0325379e-01   3.0126643e-01  -1.1523040e-01  -1.4129084e-01   5.3644452e-02  -1.8642971e-02  -9.7382267e-02   7.8545930e-02  -5.6794335e-02  -1.7483703e-01   2.8951830e-01  -1.1464137e-01  -6.8700537e-02  -3.0029486e-01   1.2342255e-02   1.4050431e-01  -9.4188105e-02   1.0048236e-01   1.5488108e-02  -1.4260980e-02   3.9245611e-02   3.0144628e-03   1.5368947e-01  -2.2900616e-02   3.5443179e-02   2.9217584e-01  -1.3348017e-01  -1.1669149e-01  -5.0788672e-02   2.4937682e-01  -2.3205968e-01   3.5186587e-02  -1.0543439e-01   8.3363976e-02   3.0402335e-01  -2.1844701e-02   8.1804379e-02   7.7841068e-02   1.2723908e-01  -2.7009951e-01
