  -1.2212372e-01  -2.2348329e-01  -2.0203614e-01   2.3910229e-02   1.0927089e-01   1.7819776e-02  -1.0269423e-01   2.5373871e-02   2.7191182e-02   2.1737117e-01   1.0312698e-01  -1.6350720e-01   1.7430719e-01  -3.9457729e-02   2.0824378e-01  -1.3899004e-01   1.5802034e-01   1.8406337e-01  -6.8347419e-02  -9.9640680e-02  -1.2774171e-01  -1.4668273e-01  -2.2528435e-01   5.8102313e-02  -4.3748281e-02   1.0217959e-01   1.2679323e-01  -2.0316454e-01   1.0638457e-02   1.0896717e-01  -2.9044420e-02   1.1191369e-01  -3.8823129e-02  -6.7019728e-02   4.8685038e-02   3.6511164e-02  -4.0555347e-02  -1.3524252e-01  -1.5308315e-01  -2.0594767e-01   2.3394809e-02  -1.1568663e-01  -9.9544389e-02  -2.2142907e-01   1.5259794e-01  -1.1284114e-01  -9.7071859e-02  -4.5607525e-01   8.9677352e-02
  -1.2742075e-01  -8.9636198e-02  -7.9069021e-02  -1.4549647e-01   1.0154447e-01   2.1070448e-02   9.7867663e-02   9.8719094e-02   1.0105801e-01  -3.8833668e-01  -4.4245780e-02   1.4026332e-01  -5.3070261e-02   4.5612823e-02   1.5099131e-01  -3.7472868e-02   3.2632084e-02   8.4792628e-02  -2.8564315e-01  -9.4022199e-02   8.5054566e-02   2.6982487e-02  -1.1903036e-01  -1.7960736e-01  -3.1726309e-02   1.9133720e-01   1.0243594e-01  -3.3397632e-02  -1.1305994e-01  -1.1555525e-02   5.1556545e-02  -2.7394180e-01   1.7904486e-01  -1.8976111e-01   9.0824286e-02  -6.9120213e-02   3.4883769e-01   8.9624539e-02   1.2712726e-02  -1.4318297e-01  -1.7005210e-01   1.3754039e-01  -1.3308899e-01   9.1607036e-02   2.3984509e-02  -8.6493206e-02   4.4274430e-02  -2.4362421e-02  -3.1230564e-01
  -1.3936991e-01   5.4166423e-02   7.9969126e-02  -1.3589484e-01   1.7258657e-01  -1.9902585e-01  -2.3310464e-01  -2.2714940e-01   1.4943868e-02  -1.6588562e-01  -1.5241682e-01  -1.2403093e-01  -5.0344444e-02   4.3561423e-02  -1.8036117e-01   7.8607482e-02   8.4292380e-02  -2.8062866e-02   1.7670310e-02  -2.9945236e-01   1.1478025e-01  -2.4762548e-01   1.7825653e-01  -1.1341997e-01   5.4395379e-02  -1.0910232e-01   3.5912557e-02  -3.3851588e-01  -4.0522434e-02  -2.6678331e-01  -5.5205369e-02   1.8934678e-01  -8.0991569e-02  -6.7129831e-02  -3.8490310e-02   2.0013634e-01  -7.0652852e-02   7.1700787e-02  -1.0824524e-01  -1.8829156e-01   2.7538952e-02  -1.6118740e-01  -1.3742026e-01   1.2242294e-01   4.5967766e-02  -7.2929018e-02   9.8776291e-02   1.4304479e-01  -1.7708370e-02
  -1.6719055e-01  -7.4583727e-02   2.1286658e-01   1.3608370e-01   9.4692799e-02   4.1498624e-02  -7.7444364e-02   6.4144584e-02  -2.7293331e-01   2.1356988e-02  -1.3687768e-02   2.0731470e-01  -9.0061414e-02   8.0972167e-02   7.5416282e-02   1.5240294e-01   1.5315441e-01  -2.5002426e-01  -1.5206534e-01  -2.3509310e-01   3.2374100e-02   2.2749702e-01  -2.6377970e-02  -3.4999974e-02  -2.2018045e-02   1.2838930e-01   1.1159993e-01  -2.3271353e-02  -5.4614997e-02  -1.6457289e-01  -2.3828194e-02   1.6491446e-01   8.8151156e-02  -1.7000055e-02  -2.9480244e-01  -1.7824590e-01  -1.4309237e-01  -1.8933544e-01   1.3438677e-01   7.9986579e-02   1.9640350e-01   1.9583978e-01  -1.1443903e-01  -8.7496402e-02  -2.6587705e-01  -9.4833157e-02  -9.5148878e-04  -1.6551179e-01   3.1544783e-02
  -1.4490735e-01   1.9689982e-01   1.5883143e-02   3.6875468e-04   2.3551942e-01   1.9608326e-01  -2.0991651e-01   8.4135313e-02   2.9190930e-02  -1.3538873e-01   2.2541127e-01  -5.9368589e-03  -5.4808807e-02  -1.9965410e-01   8.8160878e-02   8.9560113e-02  -8.8909283e-02   6.6818509e-02   1.3515970e-01   1.7265371e-01   9.3999498e-02   1.6121765e-02  -1.8469447e-01   3.4755855e-06   1.9877145e-01   1.3965972e-01  -2.1103372e-01   1.9709685e-03   7.1187655e-02  -1.7178800e-01   1.1036025e-01   1.8772572e-01  -1.1969193e-02  -1.8323792e-01  -8.3414304e-02  -7.9217651e-02  -3.2909856e-02   1.9009749e-02  -9.4336105e-02   1.4072231e-01  -2.7713845e-01  -1.9625567e-02   2.1930318e-01   4.8071696e-02   3.1526755e-02  -3.8808553e-01  -5.9216407e-02   4.2420850e-02   1.2416896e-01
  -1.4393009e-01   1.9012637e-01   4.0903443e-02   2.2736502e-02   7.3090492e-02  -3.0250904e-01  -3.0520778e-02  -1.2687307e-01   1.1648303e-01   2.2537111e-01  -5.7956213e-02   1.4615084e-01   1.0722661e-01  -4.9722859e-02   1.8432645e-01   7.3259767e-02  -2.5731635e-01   3.7270382e-02   2.0814757e-02   2.6395208e-03   2.3102414e-01   1.4209543e-01   3.2006105e-01   8.0595570e-03   7.0679014e-02  -9.3287874e-02   1.7553098e-01   2.1338966e-01  -2.1538419e-01   1.5107856e-01  -2.8010413e-02   1.3987628e-01   1.3106758e-01  -1.8520758e-01  -1.7411659e-01  -5.7940158e-02   9.4077350e-02  -1.9959736e-03   9.6827010e-02  -4.6062604e-02  -1.7891245e-01  -9.2521509e-02  -5.7492405e-02  -3.9353124e-02   2.3973521e-01   4.8241882e-02  -1.7551537e-01  -1.3902827e-01  -9.4246236e-03
  -1.5847210e-01   1.3354763e-01  -1.2698114e-01   2.5417598e-02   1.6716651e-01   1.3404267e-01  -1.0545401e-01  -2.1160370e-02   8.7241628e-02  -4.0062387e-02  -1.3610955e-01  -1.1569044e-01   5.3630291e-02   3.4104550e-02   1.7624195e-01   1.2092429e-01   1.1558091e-01  -1.1254221e-01   2.6805369e-01  -2.2293719e-01  -8.6817910e-02  -6.2131962e-03   1.0587103e-01   3.1796084e-01   1.4245443e-01   2.2434613e-01  -6.1347020e-02   9.3586954e-02   1.3725938e-01   2.1303440e-01   9.7264109e-02  -2.5533310e-01   1.7823407e-01  -1.1678896e-01   1.2357356e-02   1.7336917e-01   4.4823886e-02  -4.9216275e-02   2.0077027e-01  -1.7591080e-01   1.0441455e-01   5.1950381e-02  -4.7266515e-02  -1.7281269e-01  -7.2684633e-02   6.7003146e-02   4.3396334e-02   2.5163760e-01   1.7460156e-01
  -1.2902676e-01   6.4640299e-02   2.6953313e-01   8.0836964e-03   1.1669972e-01  -2.3451279e-01  -1.0548462e-01   4.7654327e-02   7.0179646e-02  -9.2428598e-03   3.8492345e-02   6.0256890e-02  -1.7627896e-01  -1.0609518e-01   9.6150122e-03  -3.7822169e-02  -3.0292718e-02   1.0716752e-03   1.6682355e-01   3.8409490e-02  -3.4033317e-01  -1.1971244e-01   1.1238377e-01   5.2669877e-02  -9.4507174e-02  -1.2224086e-02  -7.2001966e-02  -3.7283690e-02   2.8466141e-01   6.2351573e-02  -4.2794882e-02  -1.5698863e-01  -7.3193956e-02  -1.2680946e-02   6.3056271e-02  -2.0112346e-02  -1.2956640e-01  -3.0020356e-01  -3.4688505e-02   6.8112666e-02  -1.5751242e-01   2.0321782e-02  -6.4389950e-02  -3.6386782e-02  -9.5351322e-02   3.7126311e-02  -2.2629397e-01  -7.3627392e-02  -4.9718010e-01
  -1.4011656e-01  -1.0364219e-01   2.0180449e-01  -1.7488476e-01  -2.1580835e-01   1.5089819e-01   9.1504509e-02   5.9987143e-02  -6.3816604e-02  -1.4578131e-02  -1.6314166e-01   2.3031754e-01   1.7225583e-01   3.3853081e-02   2.0073821e-01  -2.1436829e-02  -4.2225898e-02   7.0878994e-02   9.4873497e-02  -1.1582757e-03  -3.8117050e-02  -2.8402609e-02   1.6205888e-01  -1.9519572e-03  -1.2415112e-01  -1.1639097e-01   9.4837733e-02  -1.3292291e-01   2.8643841e-01   1.1137038e-01  -1.5130432e-03   1.8002000e-01   2.3233552e-01   1.1640827e-01   1.4745260e-01  -8.9999854e-02  -9.1509592e-02   1.2499185e-01  -1.8204780e-01  -8.9249508e-02   9.0013386e-02   2.0703560e-01  -1.0786005e-02   3.3520476e-02   1.7956322e-01  -3.1596733e-01  -1.7646099e-01   2.2144664e-01   8.7886955e-02
  -1.4884884e-01   1.4685595e-01   2.0795733e-01   1.1860367e-01  -1.2851743e-01   9.5829434e-02   9.6952562e-02   1.4631793e-02   2.1511033e-01   2.8942808e-02   2.4990412e-03  -1.1835446e-01  -4.9481684e-03  -7.8781875e-02  -1.9015471e-01  -9.1482335e-02   3.5476284e-02   2.4235744e-01   1.4029072e-01   2.0038940e-02   1.9029341e-01  -1.5749334e-01  -2.1127155e-01  -2.8874115e-03  -4.3848092e-02   1.2221759e-01  -6.1541948e-02   1.1105370e-01  -1.9609859e-01   6.4299211e-02   3.8375046e-02   1.7846147e-01   3.6273786e-02  -1.4156454e-01   1.4672840e-01  -2.7594948e-01  -5.5312775e-02  -1.6956671e-01   2.4335476e-02   4.9494237e-02   2.1849618e-01   2.1630356e-02  -4.7256722e-01   1.4203866e-02  -3.0658169e-03   4.7243675e-02   2.8349996e-02   1.6646096e-01  -2.7681859e-02
  -1.4744923e-01   1.2608011e-01  -2.0204756e-02  -2.4251280e-01  -2.1946074e-01  -1.7418791e-01   1.1796014e-02   1.2895963e-01   6.6438462e-02  -1.5012204e-01   1.7434868e-01  -3.5161721e-02   3.5036722e-02   7.0354963e-02  -3.1173248e-02  -1.9544468e-01   1.2357315e-01  -7.2534359e-02   1.6463664e-01  -2.3758815e-01  -2.1537279e-01  -6.2214197e-02   2.3268427e-02  -3.3758748e-01  -9.6210418e-02  -3.2350039e-02  -2.0099778e-01  -2.9467731e-02  -1.9708329e-01   1.6084599e-02  -1.6081509e-01   3.1426754e-02   9.4193969e-02  -1.4941338e-01   7.5274797e-02  -1.5795061e-02  -4.2542395e-02   1.8638009e-02   2.6170262e-01   1.5825372e-01  -5.6930715e-02   1.4137484e-01   1.9428279e-01  -1.0234580e-01   3.7589349e-02   8.8260950e-02  -1.3242085e-01  -9.9267219e-02   2.7699021e-01
  -1.2814979e-01  -2.3347345e-02  -5.9650474e-02   1.0423841e-02  -9.4422183e-02   1.2997978e-01   1.9693297e-01   2.8830563e-01   9.2092498e-02   5.6341676e-02   1.5538393e-01  -7.3249979e-02  -9.0426888e-02  -2.6255517e-01  -1.1257014e-01  -1.9253487e-01  -1.0215530e-01  -6.7565243e-02  -1.3021542e-01  -3.9463128e-02   1.0025687e-02   2.1673331e-01   1.6395679e-01  -1.6108105e-02  -1.8981125e-02  -1.5439356e-01   4.3736773e-02  -1.2253869e-01  -1.9322790e-01   4.0871076e-02  -2.7503498e-02  -1.4432420e-01  -1.8851112e-01  -8.2697016e-02  -1.7700358e-01   8.1668712e-02  -1.4273688e-01  -1.6901161e-01   5.5732940e-02  -3.7369113e-01   6.9066452e-02  -1.4108824e-01   7.2291411e-02  -6.5490471e-02  -7.8628992e-02  -2.4717655e-01  -9.7957581e-02   2.6392383e-01  -3.7389840e-02
  -1.3298166e-01   2.3787001e-01  -9.4751415e-02   1.4119592e-01   3.6801693e-02   7.3856518e-02  -5.4531862e-02  -3.1779544e-03   1.2328346e-01   2.7189565e-02  -1.1825157e-01   4.5308138e-02  -2.7045006e-01  -1.8426783e-01   3.4645816e-02  -2.8298777e-01   2.8417186e-01  -1.5709656e-01  -1.7744510e-02  -9.7241644e-03  -1.9113082e-01  -1.7224190e-01   1.0680124e-01   2.1231361e-01   4.1767062e-03  -2.0576966e-01   1.9637423e-01   7.6809863e-02  -1.3731837e-01   9.3876630e-02  -2.9118372e-02   1.2110226e-01  -7.1889941e-02   1.3093510e-01  -1.3660780e-02  -2.0037149e-01   2.4393053e-01   1.4397164e-01  -1.6427780e-01  -1.9905354e-02  -6.2191871e-02   1.8286537e-01   6.5628577e-02   2.2038494e-01  -1.3010270e-01  -3.9161441e-02   8.8108461e-02  -1.0168509e-01   1.0552458e-01
  -1.1974671e-01  -4.6663843e-02   5.2074205e-02   1.4035944e-01  -1.7810035e-01  -1.4045759e-01  -1.6098056e-02  -2.3541776e-02  -1.7330835e-02   9.0899669e-02   2.2234985e-01  -1.0762297e-01   1.1311713e-01   2.6135187e-01  -2.5156433e-01   2.0648609e-01   1.9798980e-01  -3.8539942e-01   6.9008259e-02   1.1793280e-01  -1.8358617e-02  -1.0047214e-01  -1.8464428e-01   9.7852547e-02   5.7413412e-02  -4.5764007e-02   2.6323627e-01   1.0264517e-02  -1.2531711e-01   3.9626017e-02  -3.9999212e-02  -7.7209624e-02   1.2605373e-01  -1.0721810e-02   8.8724477e-02  -4.8971867e-02   1.5854398e-01   1.0267596e-01  -4.5389518e-02   4.6199071e-02  -1.4608458e-01  -1.2648739e-01   3.7334833e-02  -2.0214837e-01   5.6325073e-02  -2.7770056e-01  -1.1816939e-01   1.7259961e-01  -1.4927788e-01
  -1.3651636e-01   1.2242439e-01  -5.3042718e-02  -7.8303234e-02   5.9442761e-02   3.2774713e-02  -1.5412106e-01   6.0556864e-02  -1.3824339e-01   2.2717454e-01  -1.6151635e-02   8.1423713e-03   1.1766858e-01  -1.2695680e-01  -2.5985943e-01   9.8791262e-02   1.5820661e-01  -1.7926141e-02  -2.2695126e-01   3.9018300e-01  -9.5727801e-02  -2.6988069e-02   1.8068827e-01  -1.6333520e-01  -2.7713361e-01   8.9347410e-02   4.1870809e-02   2.1396848e-01   9.8078353e-02  -1.1002336e-01  -5.0140565e-02  -4.5817856e-02   1.9005647e-01  -2.9943226e-01   1.6869141e-01   2.2304369e-01  -3.9842289e-02  -6.4025380e-02  -4.9871475e-02  -1.2866451e-01   2.8848082e-02   1.1072424e-01  -3.8488958e-02   1.1326813e-01  -6.0803147e-02   1.2573995e-02   1.2267120e-01  -3.5720372e-02   1.1759861e-01
  -1.4085298e-01  -2.8737674e-02  -2.8737154e-02   2.4071919e-01  -3.7152485e-02   1.7930566e-01   1.6938732e-02  -1.4486171e-01  -2.1240416e-01  -5.3234907e-02  -9.4914119e-02   8.8000254e-03   2.4508603e-01   8.7152510e-02   9.9530152e-02  -2.3769169e-01  -1.4855739e-01   3.3834853e-02   4.4709776e-02  -3.2932903e-04  -3.6442331e-01  -7.6461024e-02   1.1471561e-01  -2.6129116e-01   2.5858606e-01   1.9422018e-01   2.8940563e-01   1.4194184e-01  -5.0146861e-02  -5.9812327e-02   3.1886268e-02   6.3981765e-03  -2.2358823e-01  -1.5738902e-01   5.7876143e-02  -4.2916431e-02  -1.3785509e-01   1.1444831e-01   1.1084081e-01   1.0885994e-01   2.0802431e-02  -1.8835843e-01   1.6003183e-02   1.2975924e-01  -2.6929955e-02  -1.9718360e-02   4.4310761e-02   1.0201275e-01  -1.0506335e-01
  -1.3973806e-01  -2.6262679e-01   1.5611003e-02  -1.2293916e-01   1.9168690e-02  -4.8067650e-02  -3.0691319e-01   2.2682648e-01  -7.2615304e-02   9.5297488e-02  -2.5283464e-01  -1.7272814e-01  -3.0494254e-02   3.9198841e-02  -1.7363671e-01  -2.6328053e-01  -2.2554304e-01  -2.1148648e-01   1.7023358e-01   4.0572885e-03   2.6046038e-01   1.4185127e-02   2.3973401e-02  -1.6206801e-01   1.7768469e-01   8.0942552e-02  -7.3720000e-02   1.3391658e-01   2.4840055e-02   1.3220257e-01  -1.3236736e-02  -1.7431490e-01   8.8443216e-02   2.2753421e-01   8.8530735e-02  -6.7518257e-02   1.0077179e-01  -1.1849031e-01  -3.5664758e-02   3.2254959e-02   3.7492209e-02  -7.4570730e-02  -2.3852181e-02   1.9613886e-01  -7.0527163e-02  -1.5401718e-01  -1.1183226e-03  -1.7422740e-01   6.7784332e-02
  -1.6120297e-01   1.2919976e-02   1.3296654e-01   1.4275596e-01   1.6306702e-01   6.6185719e-02   1.2007426e-01  -2.6575714e-01  -2.0349488e-01   1.3393348e-01   2.6360739e-01  -2.2335916e-02  -8.8867966e-02   6.3232224e-02  -1.3081685e-01  -1.5105269e-01  -1.9493943e-01   1.7900450e-01   4.3990810e-02  -1.0074848e-01   1.6446213e-01   9.0324896e-02   9.1761704e-02  -1.1337850e-01   1.9700776e-02   1.0030234e-01   4.1229147e-02  -1.3208624e-01   3.2153877e-02   8.3202450e-02  -1.0614464e-01   4.2927784e-02  -3.7886482e-02   8.5956861e-02   2.4563970e-01   1.2788951e-01   2.8219049e-01   8.6078769e-03  -1.6131571e-01  -6.9045161e-02  -1.1740627e-01   2.4356425e-01   1.0626233e-01  -2.2530157e-01  -2.9190880e-01   1.1822586e-01  -7.0772383e-02   7.4736635e-02   9.1545396e-02
  -1.4463272e-01  -7.5527874e-02  -2.0445200e-01  -2.0320723e-01  -7.2543310e-03  -4.7896863e-02   2.0971622e-01  -1.3546260e-01   8.3449408e-02  -4.7161373e-02   1.4502537e-01  -8.3035709e-02  -2.9944788e-01   1.0441285e-01  -1.4678048e-01   4.6562721e-02  -1.4545609e-02   7.5104126e-02   3.4020762e-02   4.8280852e-02   1.9820328e-02   9.0576458e-02  -8.4056170e-02   7.8882640e-02   4.0820024e-01  -9.1507048e-02   2.2308079e-01   1.8307792e-01   2.2401290e-01  -1.2025680e-01  -1.5732241e-01  -1.8503652e-02   1.3264243e-01  -5.8568706e-02   5.8140702e-02  -9.8868852e-02  -3.6912000e-01   9.1087409e-02   2.1009154e-02  -1.6733988e-01   3.4911946e-02   1.6135921e-01  -3.3701458e-02   1.1425073e-01  -3.4740000e-03   7.3874569e-02  -9.7137090e-02  -1.4458537e-01   2.3156770e-02
  -1.1051635e-01  -7.5823546e-02  -1.7329888e-02  -4.0828913e-02  -1.9518859e-02  -2.3504506e-01   7.9652065e-02   1.4765968e-01  -2.3339587e-02  -3.1826576e-01  -8.9127536e-02   1.8142825e-01  -3.5985717e-02   2.0288503e-02  -1.1200882e-02   1.5321857e-01   7.8756960e-02   2.8508084e-02  -3.5384549e-02   9.1253187e-02   2.9080129e-02  -3.6491656e-02   2.8899919e-02   1.2441956e-01   1.4223508e-02   3.0546971e-01  -1.8904368e-02   2.9223790e-01  -8.0048075e-02   6.2668264e-02  -2.1306971e-01   1.1638353e-01  -3.9537255e-01   3.6268645e-02   4.3649055e-02   1.5563788e-01   8.8770619e-02  -2.5071597e-02  -2.7767131e-01  -1.6067592e-02   2.1563238e-01  -9.2435930e-02   5.2858625e-02  -3.8981194e-02  -1.9079595e-02   1.3731624e-02  -2.9537350e-01   3.1946320e-02   1.6383756e-01
  -1.7427341e-01   1.6050662e-01   4.7649848e-02  -6.5907908e-02  -1.0807899e-01  -2.0126578e-01  -1.1081095e-02   2.4058667e-01  -2.0641938e-02   1.5804602e-01   3.0564158e-02   9.7439789e-02   3.4012901e-02   2.6007364e-01   3.8648621e-02  -1.3590526e-01  -5.7785019e-02   2.4156638e-01   6.6368169e-02  -5.0315904e-02  -6.4162080e-02   2.5458800e-02   1.9966633e-02   2.3162785e-01  -1.0742523e-02   1.6312825e-01  -5.9999816e-02   1.5628392e-01  -1.2907541e-01  -3.8463159e-01   7.4078003e-02   1.3599501e-02   4.0884948e-03   2.7149059e-01   4.5607374e-02   1.3900252e-02  -5.6944623e-02   3.3988555e-02  -1.6920577e-02  -1.9489618e-01  -5.3925982e-02   3.2744056e-02   1.3070799e-01  -1.4091118e-01   5.6598681e-02  -7.7853969e-02   4.0445693e-01  -6.5392071e-03  -1.3234914e-01
  -1.4037152e-01  -3.0429822e-01   1.0147583e-02  -2.7351344e-02   1.0479709e-01   1.8748987e-01  -6.5211078e-02  -2.3438670e-01   2.0505137e-01   6.0107517e-02   1.7241107e-02  -1.2773525e-01  -1.4255159e-01   1.0600531e-01  -4.6142212e-02   1.9023117e-01  -1.6561624e-01  -1.0711369e-01  -2.0014410e-01  -8.9608476e-02  -1.1836326e-01  -1.0552301e-01   1.6224220e-01   2.5929385e-02  -1.8108172e-01  -2.8156937e-02  -1.0876156e-01   2.0175246e-01  -1.1130996e-01  -1.3986772e-01   2.2890108e-01  -1.0280592e-02  -2.4657806e-01   5.2433129e-02   1.6780992e-01  -1.9342066e-01   3.2081140e-02  -1.5592409e-01   1.1613560e-01   3.0998025e-03   2.4490718e-02   2.1300735e-01   1.3623085e-01  -4.8365989e-02   3.0731618e-01  -4.6013392e-02  -5.5424974e-02   3.7583595e-02   6.1643648e-02
  -1.5435443e-01  -4.2033457e-02   2.2767100e-01   7.5513495e-02  -1.2963606e-01   1.5849338e-01   9.2362870e-02  -8.1745048e-02   5.4999687e-02   7.5680695e-03  -3.0294341e-01  -7.5736248e-03   1.1203530e-01  -8.2314839e-02  -1.3646527e-01   1.4190800e-01   2.8434987e-01   2.3719514e-01  -2.7027219e-01  -5.6197895e-02   8.3441859e-02  -1.0231897e-01   9.3247801e-02   1.2069276e-02   1.9190482e-01  -3.6951360e-02  -2.4377847e-01   6.9486671e-02  -5.6754504e-02   7.4958290e-02   2.4991910e-02  -7.5345462e-02   8.2414250e-02   1.3722769e-01   5.1646771e-02  -3.8744223e-02  -1.5067652e-01   1.1383054e-01   1.2049147e-01  -5.7815722e-02  -2.7446874e-01  -2.0022608e-01   1.9202622e-01  -1.1395473e-01  -2.2742792e-01  -1.5945092e-02  -1.3947850e-01  -1.7119740e-01  -1.4416537e-02
  -1.2497371e-01   5.5361772e-02  -2.5930166e-02  -1.6737032e-01  -5.4508564e-02   1.9286737e-01  -1.8896111e-02  -3.3191178e-02  -1.7818762e-01   2.0970513e-02  -6.6314870e-02   3.7319720e-01  -2.4334573e-01   1.3975670e-03  -2.2718858e-01  -8.8651563e-02  -2.4445852e-01  -1.2453068e-01  -8.3787388e-02  -3.5676734e-02  -2.6612769e-02  -2.2656103e-01  -1.6261814e-01   1.5726693e-01  -2.5626043e-03   7.6664464e-02   1.5677781e-02  -8.9537210e-02  -2.2191616e-01   2.5492997e-01   1.7869582e-01  -5.4849155e-02   5.1749246e-02  -5.6895438e-02  -8.2437056e-02   2.6201528e-01  -2.5248741e-01   6.6355922e-02  -1.1188791e-01   1.4665576e-01  -1.1461040e-01  -4.4710212e-03  -7.4848460e-02  -1.4660106e-01   1.6421552e-01   9.5569192e-02   5.2866870e-02  -5.9197448e-02   1.2427364e-02
  -1.5103593e-01  -2.5261059e-01   1.3659919e-01  -6.3188852e-02  -2.4662731e-01  -1.6523714e-02   2.7807609e-03  -1.2814724e-01  -1.0118786e-01   7.7070515e-02   1.7419751e-01  -3.4523068e-02  -1.9055669e-01  -2.3824237e-02   6.3914163e-02   7.1021658e-02   6.8214214e-02   2.1044181e-01   1.1183760e-01   2.2721305e-02  -2.5129035e-01   1.6971392e-01   6.7584797e-02   1.4539939e-01   1.0644275e-01  -4.5913818e-02  -1.2708890e-01  -4.7031207e-02  -1.8709188e-01  -9.1428326e-02   2.6501641e-01  -2.1516904e-02   2.2334089e-01  -1.0190775e-01  -9.1042408e-02   2.1140335e-01   2.8564868e-01  -3.3021321e-02  -9.3708031e-02   9.4905087e-02   1.7121261e-01  -1.8634537e-01  -3.4681281e-02   3.1790876e-01  -4.4524731e-02   1.7020695e-02  -8.8295339e-02  -5.1178507e-02   3.5714925e-02
  -1.4436199e-01  -6.5801617e-02   8.7245531e-02   1.3406122e-01   3.7677913e-02  -1.1948658e-03   1.4992489e-01   2.3835864e-01  -3.1588380e-01   1.4473046e-01  -1.5687988e-01  -1.7612227e-01  -2.1325461e-01  -1.1073307e-01   1.8963325e-01  -1.4262045e-02  -8.8143466e-02  -7.3405774e-02  -3.7640105e-02  -1.2142893e-02   9.2475194e-02  -2.8505791e-01  -9.3380022e-02   2.4410832e-02  -9.9243920e-03  -1.0159460e-01  -1.0852871e-01   3.0191880e-03   8.7007828e-02  -2.5941242e-01  -1.6051081e-01  -1.0255230e-01   1.1182702e-01  -2.4253462e-01  -4.9764004e-02  -1.7354807e-01   1.0775663e-01   1.6655701e-01  -8.1512731e-02  -1.9173915e-02   9.5429015e-02  -1.1037680e-01   1.5109904e-01  -1.3146376e-01   1.8155609e-01   2.9274464e-01  -8.8567813e-02   1.1331724e-01  -5.4102319e-03
  -1.4944448e-01  -2.7214926e-02   1.5059886e-02  -7.3175479e-02   1.4434237e-01  -1.6118269e-01   1.6423824e-01  -5.7551078e-02  -1.4566034e-01  -1.7166850e-01   1.5453339e-02  -2.5525390e-01   2.3896165e-01  -1.9056175e-01  -2.1269115e-01   8.7816733e-02  -1.8357415e-01   1.9875522e-01   7.1389546e-02   3.4634789e-02  -2.4867124e-02  -1.8411678e-01  -3.7121016e-02   2.1241394e-01  -2.8820963e-01   1.2933421e-01   2.2566103e-01  -8.5387575e-02  -6.2800086e-02   8.6035913e-02   2.8354601e-02  -1.2953992e-01   8.0648971e-02   1.4050822e-01  -3.2269906e-01  -1.2628369e-01  -3.6648589e-02   7.9197497e-02   1.4837538e-01   8.0708656e-02   6.9763554e-02   1.2928981e-01   1.9513817e-01   1.7167247e-01  -6.4831541e-02  -5.8037307e-02  -1.0322335e-02  -5.8741837e-02   4.0137875e-02
  -1.4554807e-01  -4.7957603e-02   3.5850792e-02   3.7734141e-01   3.3111062e-02  -1.5439331e-01  -1.2899678e-01  -6.0647347e-03  -3.8553968e-02  -1.2341199e-02  -1.6832072e-01   1.2052182e-01  -1.4426398e-01   1.8535309e-01  -6.3629152e-02   1.2568765e-01   3.7470378e-02   1.8031315e-01   9.2327264e-02   7.6908090e-02  -9.4654634e-02   3.0424106e-01  -1.8837739e-01  -3.9566032e-02  -1.2774948e-01  -4.3215077e-02  -6.5109868e-02  -2.3699968e-01  -5.9355146e-02   1.8446235e-01  -1.6014891e-01  -2.3264817e-01  -1.0481426e-01  -7.0922672e-02   5.6195364e-02  -1.4857717e-01  -1.4671822e-01   1.0255837e-03  -1.2098254e-02  -1.3715637e-01  -1.6432558e-01   1.5850350e-02   4.1760406e-02   2.2518776e-01   2.1295380e-01   3.1361749e-02   1.1394068e-01   7.6250559e-02   2.4960794e-01
  -1.5677091e-01  -3.4031136e-02  -3.7086671e-01   4.8086106e-02  -2.3252250e-01  -7.4924804e-03  -1.8710678e-01  -1.6815194e-02  -1.5773399e-01   1.0277454e-01  -1.0851586e-01  -4.4925876e-02   2.4654730e-02  -1.8836628e-01  -1.2827333e-01   5.6676908e-02   2.1209763e-01   1.8195697e-01   1.3679494e-01  -2.8666449e-01   1.5997416e-01   1.7751483e-01  -1.0931304e-01  -1.3377837e-01  -8.7726680e-02  -7.2450541e-02   1.0478018e-02   1.9109843e-01   1.2095291e-01   4.5409127e-02   1.4822312e-01   6.5315180e-02  -1.4705119e-01  -2.5811239e-02  -1.4482853e-01   7.4643382e-02   8.3000274e-03   4.8106210e-02  -1.0717843e-01   1.2183337e-01  -3.9617528e-02   2.2140655e-01   9.9140468e-02  -4.0260209e-02   1.0652773e-01   4.9812324e-02  -7.0375079e-02   1.3293586e-01  -3.2484540e-01
  -1.3453936e-01   4.0044791e-03   2.5589805e-02  -1.8631578e-01  -2.6297204e-02   1.9722456e-01   2.5621336e-01   5.6790436e-02   9.4757329e-02   3.5082635e-01   1.5485926e-01   1.3563044e-01   1.4858906e-02   1.3524440e-01   8.6301455e-02   2.2053799e-01   1.7229751e-01  -9.0734621e-02   2.5821329e-01  -2.8381069e-03   2.0292562e-01  -1.7562932e-01   1.4937028e-01  -1.1956638e-01  -2.9496143e-02   1.9161776e-01  -6.0337256e-02  -1.4719647e-01   6.0726348e-02   8.2167755e-02  -8.2269991e-02  -1.5392420e-01  -3.3837978e-01  -5.9836549e-02  -1.4219030e-01  -4.5761687e-02   3.4790137e-02   1.1820146e-01   8.6001105e-03   1.5567024e-02  -2.4868536e-02  -5.9246332e-03  -5.6820313e-03   2.6348230e-01  -1.6059701e-02   1.7844142e-02   1.3156683e-01  -1.4584621e-01  -8.2686972e-02
  -1.5314548e-01  -2.3247611e-01  -5.0096812e-02   1.0143389e-01   2.0240834e-01  -1.2332054e-01   2.7811104e-01   4.8681269e-02  -6.2585759e-02  -1.1471749e-01   8.9838746e-03  -1.2580234e-02   5.1825450e-02   1.9226509e-02  -3.0350494e-02  -7.3355043e-02   1.8221063e-01  -1.3316518e-01   2.4488179e-02   2.4282644e-01  -8.7018718e-03  -5.4496549e-02   5.7341119e-02  -1.0379673e-01   2.0106982e-01  -3.0690857e-03  -2.0279239e-01  -5.0598247e-02  -1.1947206e-02   2.6710124e-01   1.0162537e-01   4.0687806e-01   1.2985553e-01   6.2650469e-02  -9.1725048e-02   8.1223288e-02   5.9699230e-03  -2.1230151e-01   7.0542697e-02  -8.7934490e-02  -2.0379192e-02   9.7804217e-02   1.5203584e-01   2.5899897e-02   1.8107080e-01   1.3379671e-01   2.6984979e-01   9.5574672e-02  -1.6739600e-01
  -1.5724384e-01   1.2063152e-01   6.8146157e-02   5.0064395e-02  -2.1244913e-01  -7.2234429e-02   1.0365005e-01  -2.7589718e-02   2.2699140e-01  -7.5628950e-02  -1.1518459e-01  -2.1110227e-01  -2.1785993e-01  -7.4614726e-02  -4.3374790e-02  -2.6288161e-03  -8.5556421e-02  -1.2619114e-01  -1.2502065e-01  -2.5832361e-02   4.8127941e-02   2.7469445e-01   1.0015111e-01   1.9147005e-02  -1.2640695e-01   2.5775525e-01   1.2067608e-01  -1.7697974e-01   2.8904178e-01   1.1424517e-01   1.0264813e-01   1.3943642e-01  -2.4955568e-03  -1.3934334e-01   1.4364777e-01  -1.5683391e-03   1.2514841e-02   1.3767592e-01  -2.3948656e-02   2.1044120e-01   1.6163574e-01  -2.0994923e-01   1.9142348e-01  -1.3908887e-01   5.5535374e-02  -4.5924808e-02   2.5653978e-01  -1.9086576e-01  -3.8361343e-02
  -1.4941369e-01  -6.7524403e-02  -9.3539961e-03  -1.8981690e-01   1.1755104e-01  -1.0358302e-01   1.3040782e-01  -2.9259797e-01   1.9778940e-01   1.3161599e-01  -1.4973885e-01   2.6623738e-01   8.3832485e-02  -5.1062878e-02   3.6472146e-02  -1.0682640e-01   3.9934948e-02   7.4859204e-02  -2.6393453e-02  -1.5461852e-02   7.0957950e-04  -3.4714656e-02  -2.5785275e-01  -7.5156000e-02   3.1339119e-02  -2.1877182e-01   5.5121093e-02   9.7312336e-02   9.2675123e-02  -5.7484291e-02  -1.5724751e-01  -1.9628525e-01   1.4732552e-02  -8.7535764e-02  -9.9161789e-02  -1.5508559e-02   9.9703234e-02  -3.0564514e-01  -9.6241172e-02   2.4145413e-01   1.5453293e-01  -1.4763768e-01   2.0402225e-01  -1.2685978e-01  -1.0513564e-01  -1.4337780e-01   2.4199885e-01   1.6332238e-01   1.0300855e-01
  -1.3556816e-01   3.0839319e-01  -7.1273787e-04   1.5351739e-01  -9.0650105e-02   1.1243910e-01   2.6733187e-01   2.4577767e-02   8.0075415e-02   5.3575082e-02  -8.8759910e-02  -2.1748195e-01   7.1087580e-02   6.4175051e-02   2.5067899e-02   1.5670315e-01  -1.9553063e-01  -1.2293146e-01  -1.7719117e-01  -1.9722696e-01  -1.8027991e-01   7.6544901e-03  -1.9557792e-01  -1.4069698e-01   3.5703228e-02   2.1591363e-02  -8.3867982e-02   8.8998115e-02   1.0605620e-01  -6.0570545e-02  -1.7723737e-01   2.1335521e-02   8.8258987e-02   2.6129255e-01  -1.5497324e-01   2.9756719e-01   1.0035265e-01  -2.1091964e-01  -1.4930258e-01   3.4051008e-02  -1.3605586e-01   6.0582104e-02  -1.4533947e-01   2.2249100e-01   1.5278474e-01  -4.2134588e-02  -6.0778612e-02  -5.1606983e-02   5.0572161e-02
  -1.1787613e-01   1.4633697e-01   1.6072447e-01  -2.2061391e-01  -1.3631958e-01  -2.8581359e-02  -8.9866848e-02  -2.0820331e-02  -1.7679487e-01  -1.3769343e-01   1.3777428e-01  -1.6560644e-01  -7.6265066e-02   2.4405237e-01   1.5903539e-01  -8.7157483e-02   1.0443503e-01   3.1172105e-02  -1.5305097e-01   9.4696138e-02   9.2984938e-02  -4.9683215e-02  -7.8538479e-02  -1.1186270e-01  -1.0012067e-01  -1.0662194e-01   1.6555285e-01   1.4281096e-01   2.4468267e-01   1.6269617e-01   3.4934353e-01  -1.6891267e-02  -1.7040159e-01   5.1768796e-02  -2.1594812e-01  -1.2186335e-01   1.9661716e-02  -1.6779034e-01  -3.1685312e-02  -1.5182570e-01  -1.9646639e-01  -1.8012795e-01  -5.3570516e-02  -1.4592660e-02  -5.4629037e-02   1.8692884e-01   2.6831060e-02   1.0501938e-01   2.1415282e-01
  -1.4681387e-01  -2.3399482e-01  -2.6002497e-01   1.6807472e-01  -1.0553572e-01  -1.0822595e-01   2.7646469e-02   4.7527105e-02  -4.9111838e-02  -8.7019158e-02   1.7649941e-01  -1.8800522e-02  -1.0425772e-01  -5.3071902e-02   9.6552273e-02  -3.2279786e-02   1.7836999e-02   1.1082199e-01  -1.2975390e-01   3.7420762e-02   7.5282295e-02  -1.3431112e-01   3.3468328e-01   8.7084449e-02  -4.1274431e-02  -2.5549781e-02  -8.3852932e-02   5.0520996e-03   1.3484677e-01  -3.7641706e-02  -1.7677021e-01  -8.6748444e-02   1.6278675e-02   9.8236622e-02  -7.4152294e-02   2.5394319e-02  -4.6035806e-02   2.3323042e-02   7.8599606e-02   3.6825576e-01  -2.4231998e-01  -3.5736737e-02  -4.0325019e-01  -1.1948258e-01  -1.8022337e-02  -1.5485541e-01   1.8041740e-01   1.0553442e-01   1.7059104e-01
  -1.4701567e-01  -1.3889476e-01   7.4132164e-02   1.8886904e-01   2.1280683e-01   1.3479075e-01  -1.8735175e-02   1.3748127e-01   3.5207588e-01  -4.9784352e-02   4.2557082e-02   8.6418243e-02  -1.0301046e-01  -3.1814694e-02   7.7283025e-02  -4.1322620e-02   1.2739285e-01   2.0267118e-02   2.0647265e-01   1.0483711e-01   1.0916627e-01   1.5467087e-02  -3.8564308e-02  -2.4548728e-01  -2.0863638e-01  -1.9755745e-03   3.0388278e-01   5.5669167e-02  -4.5332335e-02  -2.0292484e-01   1.3847258e-01  -3.9628236e-02   1.6414388e-01   2.9546557e-01  -4.6619220e-02   2.7560177e-01  -1.3966029e-01   1.2830846e-01   2.3309383e-02   8.9627049e-02   4.1850309e-03  -1.2745372e-01   4.1230526e-02  -5.2981985e-02   3.0387126e-02   2.2056840e-01  -1.4466599e-01   3.4973004e-02   6.0543500e-02
  -1.4885265e-01  -2.0176282e-01   2.8407800e-02  -2.0841928e-02  -1.3670986e-01  -6.8370558e-02  -1.7661253e-01  -2.0790570e-01   1.4252522e-01   2.0741112e-02   2.1305435e-01   1.5050202e-01   1.1247715e-01  -3.0573110e-01   4.2040291e-02   2.7279375e-02  -1.8263399e-01  -2.3410406e-01  -3.4382860e-02  -6.2880795e-02  -1.4112973e-01   2.3679032e-02  -2.0288358e-01  -4.5392334e-02  -1.1442335e-01   1.3172911e-01  -2.1035834e-01   1.3893563e-01   1.0225447e-01   4.8923471e-02  -1.4740689e-01   1.1518218e-01   5.0982724e-02   1.2303106e-01  -1.0652589e-01  -1.3413170e-01  -7.2852759e-03   3.0338976e-01  -2.1668389e-02  -3.0600539e-01  -5.4627993e-02  -1.2913172e-01  -8.9600193e-02   3.3371254e-02  -1.4186424e-01   1.8146068e-01   1.3499120e-01   9.0815615e-02  -1.5620266e-02
  -1.5287722e-01   9.2748789e-02  -1.5938125e-01   1.1825853e-01  -3.5103287e-01  -4.1646161e-02   7.2457230e-03  -1.3581032e-01  -7.8633522e-02  -1.6768620e-01  -1.0885534e-02   1.7997686e-01   1.5270573e-01  -2.8314827e-01   1.0914675e-01   8.3436669e-02  -4.6483151e-02  -1.8571071e-01   1.0394369e-01   1.4982725e-01   2.0825472e-01  -9.5277221e-02  -9.9710646e-03   6.3522560e-02   1.0531847e-01   3.5665489e-03   8.9731291e-02  -2.5974856e-01  -1.2382528e-02  -2.7108702e-01   1.3888183e-01  -1.2282530e-01  -5.4196889e-02   1.0641206e-01   2.4328989e-01  -2.5590428e-02   2.2466373e-02  -3.4659785e-01   9.4304339e-02  -1.0120708e-01  -2.8790666e-02   6.6713322e-02   5.0429505e-02   4.0392864e-02   1.2681331e-02   1.6703819e-01  -2.0829376e-02  -1.3334336e-01   7.2604133e-02
  -1.5374184e-01  -1.5774883e-02   1.3141354e-02  -2.0021629e-01  -6.8292037e-03   9.8787436e-02  -2.3796091e-01   1.9172982e-01   4.0100803e-03   1.4636644e-01  -6.0629953e-03   2.2563291e-02  -5.9634323e-02  -4.8486967e-03   5.9731698e-02   9.6693557e-02  -5.3105114e-02   1.3838551e-01  -2.0751703e-01   5.3518479e-02  -4.3712335e-03   6.5956259e-03  -1.8645574e-01   1.6529872e-01   7.5024105e-02  -4.6676854e-02   1.9579124e-01  -1.4784247e-01   4.2951770e-02   8.0785408e-02  -2.6700125e-01   2.5479268e-01  -1.1869348e-01   1.0357753e-01   1.6359391e-01   1.3697543e-01   1.6583143e-01  -3.3086589e-02   5.0283078e-01   1.2491623e-01  -1.0950680e-02  -4.6244168e-02   5.5538609e-02   1.4321786e-01  -1.8807787e-02   1.2378628e-01  -4.0366533e-02   1.8462062e-01  -8.3232658e-02
  -1.3027157e-01   3.2461353e-02  -1.1997451e-01   2.0273223e-01   4.8087516e-02   1.2307256e-02  -5.7755013e-02   3.4986433e-01   1.0174318e-01  -1.2229872e-01   1.5250118e-01   1.9048273e-01   1.3923359e-01   1.2479377e-01  -1.6829155e-01   3.0185546e-01  -2.6289678e-01   1.1685872e-01  -7.5279740e-03  -1.4432020e-01  -7.8942919e-02  -1.7062082e-01   4.3288152e-02  -8.5778245e-02   8.8249889e-02  -3.9746658e-01  -3.6176748e-03   1.7783647e-02   1.4726937e-01   1.1898975e-01   1.9252276e-01   3.5190546e-02  -6.5731681e-03  -8.7781569e-02   6.1670603e-02  -5.5345882e-02   1.1835053e-01   5.2509553e-02  -5.6824892e-02  -2.1908864e-02   2.1270494e-01  -5.6492525e-02   1.7956360e-02  -3.1480090e-02  -1.9143420e-01   5.5627615e-02   1.2305140e-01  -1.7275281e-01   3.1434365e-02
  -1.5332853e-01   7.2422643e-02  -1.2618535e-01  -1.0584780e-01   1.0865314e-02   3.4448023e-01  -3.5263908e-02  -1.4492154e-01  -1.8813712e-01  -2.6803193e-01  -5.0035256e-03  -1.4767173e-01  -5.1547511e-02   1.2357467e-01   1.8130416e-01   1.3053507e-01  -5.3366889e-02  -1.3931453e-02   2.2598386e-01   1.0354280e-01   5.5804990e-02   1.1426079e-01   5.6942094e-02   4.0170641e-02  -2.8515489e-01  -2.3964920e-01  -5.9378967e-02   1.2715086e-01  -2.3017630e-01   7.8170407e-02  -3.2045072e-01   6.9732662e-02   7.6691116e-02   5.2564833e-02   1.0580655e-01  -1.6501854e-02  -7.8043237e-02  -9.2171049e-02  -7.5496652e-02  -2.8233581e-02   3.3004505e-02  -2.1632919e-01   2.6185199e-02  -7.0069590e-02  -8.3205503e-02  -1.6680974e-02   1.3941999e-01  -1.5208372e-01  -2.2537816e-01
  -1.4601405e-01  -5.7969080e-02  -1.4357870e-01   1.3574148e-01   1.4140692e-02  -1.2379555e-01   8.4370210e-02  -4.7813277e-02   1.2262968e-01   5.1074121e-02  -5.2700574e-02  -2.6573914e-02   1.5348986e-01   3.1694902e-01   1.5634884e-01  -2.5821517e-01  -8.7958598e-02  -1.5619331e-01  -1.1201008e-01  -1.3771014e-03   2.0597854e-01  -2.0074833e-02  -1.2680117e-01   2.5952551e-01  -2.3872782e-01  -9.3729992e-02  -1.9630324e-01  -9.1569645e-03   2.1163993e-02  -5.8640615e-02   1.3733960e-01   1.0441303e-01  -2.7313907e-02  -2.3949889e-01   8.2154399e-02   1.5995591e-01  -1.9274514e-01   7.2526692e-02   1.1673676e-02   6.6583665e-02  -5.1376512e-02   5.1806908e-02   6.1114919e-02   2.7291097e-01  -3.1611661e-01  -1.0074512e-02  -1.9938963e-01   3.4068726e-02  -6.4693629e-02
  -1.3292820e-01   2.6897401e-01   3.9430380e-02   1.4378348e-01   4.7722647e-02  -9.3390687e-02  -1.4874736e-01  -1.9496460e-01  -9.6905376e-02  -1.4416539e-02   2.5053852e-01   3.1801828e-02  -5.0374785e-02   1.3501627e-02   1.4529754e-01  -1.1821738e-01   9.5052111e-02   2.9665935e-02  -2.2382277e-01   1.1761233e-01   1.4359120e-01  -9.0950079e-02  -2.7103340e-02  -1.1407311e-01   7.9382852e-02  -6.3024176e-02  -2.0364338e-01   1.9009610e-02   2.3357988e-02   1.4581368e-01   3.9343521e-05  -2.3794938e-01  -1.0335513e-02   2.1492617e-01   2.4797112e-03   9.7992351e-02  -6.9549486e-02   1.8704595e-01   1.5187372e-01  -2.9799877e-03   4.8549418e-01   4.5284270e-02   2.9560416e-02   2.9622108e-02   2.0563029e-01  -1.8014071e-01  -7.7354752e-02  -5.4609234e-02  -1.2807869e-01
  -1.4498289e-01   8.7827379e-02  -2.6661709e-03  -2.0764370e-01   3.3135981e-01  -9.8871908e-02   1.5513742e-01   1.1853945e-01  -1.6321192e-01   7.2477223e-02   1.3594828e-01  -3.5316048e-02   2.1850524e-01  -1.9947785e-01   3.4544118e-02   6.0092778e-02   1.2887104e-01  -1.3051278e-01  -1.1470670e-01  -2.0133143e-01  -3.7142550e-02   2.7692546e-01   1.2509334e-03   7.6402299e-02   4.6155731e-02  -8.2575339e-02  -1.7466671e-02  -1.5692113e-02  -1.0620846e-01   2.4836328e-02   1.5981116e-01  -8.7091659e-02  -4.0892029e-02   1.5249302e-01   3.7768103e-01  -1.5225020e-01  -1.5719792e-01   7.4371115e-02  -1.8361163e-01   2.2739650e-01  -3.2175499e-02  -1.5990206e-01  -1.2570373e-01   1.1803766e-01   7.5743209e-02   1.4709058e-01   9.7669635e-03   9.6955833e-02   3.3260167e-02
  -1.3348431e-01  -4.9769576e-02   1.2897466e-01  -1.0367998e-01  -1.1641415e-01  -2.2721503e-03  -2.2171213e-01   6.9313703e-02   2.1772664e-01  -2.0760904e-03  -6.2669686e-02  -2.6536194e-01   1.7198279e-01   2.3639763e-02   2.0970104e-01   1.0158747e-01  -7.5242275e-02  -6.3945639e-03  -1.2235260e-01   2.5013408e-01  -4.6345576e-02   6.1814159e-02   3.7115225e-02  -3.1927636e-02   2.4030185e-01  -6.3766454e-02   2.4320130e-02  -1.7762290e-01  -2.3159796e-01   4.3274376e-02  -6.1830460e-02  -1.1953370e-01  -8.9471494e-02  -4.1633032e-02  -1.5148901e-01   3.8152149e-02  -1.3042067e-01   8.6703888e-02  -3.1659913e-01   1.5045484e-01   5.1173842e-02   3.7342305e-01  -1.2681389e-02  -1.5438904e-01  -1.2702364e-01   1.9783490e-01   9.7367651e-02   6.6856266e-02  -5.1111357e-02
  -1.4054058e-01   5.3871612e-02  -1.1484722e-01  -1.3154495e-01   9.8592142e-02  -1.4624175e-01   2.0661012e-01  -5.0225307e-02  -9.2027491e-02   8.8887000e-02  -3.1703552e-01  -5.0437874e-02  -1.1047527e-01  -4.9997698e-02   4.1603949e-02   9.9804574e-02  -7.7624839e-02  -4.2853206e-02   1.6443922e-01   2.7855103e-01  -1.7261758e-01   1.0208659e-01  -1.6850701e-01  -1.6465051e-01  -3.0811075e-02  -1.4194720e-01  -1.1431497e-01  -6.7666759e-02  -2.6858221e-02  -7.8628863e-02   2.2444172e-01   5.6239275e-02  -2.1025865e-01   8.1402831e-02   1.4387208e-02   5.3230352e-02   1.3050941e-01   2.4756739e-01   2.2666079e-01  -6.7522049e-02   2.0203265e-03   5.8941788e-02  -3.0075362e-01  -2.5005318e-01  -1.6040191e-01  -1.8235900e-01  -7.6140459e-02  -7.3714554e-02   5.0067391e-02
  -1.3164191e-01  -6.6570257e-02   2.9178085e-01   2.9323749e-03   4.8564926e-02   2.0022203e-01   3.3329052e-03  -1.5763537e-03   6.7272218e-03  -2.0245851e-01   2.9755293e-02   4.2510348e-02   2.8618866e-01   8.4681083e-04  -2.4751179e-01  -2.6847256e-01   8.4404859e-02  -7.4048309e-02   7.6831326e-02   3.7021231e-02   4.3852741e-02   2.2662205e-01  -1.1318714e-02   2.6062212e-01   3.3264220e-02  -2.1238381e-01  -5.5139438e-02   5.8794805e-02   1.9312433e-01  -1.5662226e-01  -1.0323101e-01  -6.9650634e-02  -2.0783153e-01  -1.3244979e-01  -1.3122736e-01   1.3142927e-01   1.8292850e-01   1.1341520e-01   9.9980531e-02   1.6253532e-02  -3.2250006e-02   7.9503228e-02  -1.5794742e-01  -7.6150039e-02   2.7170107e-01   9.4902690e-02   3.2625275e-02  -2.1519053e-01   1.6685603e-02
  -1.3796086e-01   1.5593425e-01  -3.5546415e-01  -8.1808523e-02   6.5210912e-02   1.4609241e-01  -7.7484542e-02  -4.2909205e-02   9.2407429e-02   3.6855782e-02  -5.5708211e-02   1.1074005e-01   8.0956071e-02   2.4923036e-01  -2.3909322e-01  -1.1307605e-01   7.3322508e-03   3.1502229e-02  -9.3271698e-02   1.6740209e-01  -1.0782436e-01   1.1603355e-01   1.5438655e-01   1.6252987e-02  -2.0393798e-04   1.6055695e-01  -1.5492174e-01  -2.6952245e-01   7.0507499e-02  -1.2563375e-01  -2.3536605e-02   2.8634379e-02   1.2930797e-01   1.3655417e-01  -2.1854079e-01  -3.2554855e-01   1.3058466e-01  -4.1233557e-02  -9.1733037e-02   4.9357116e-02   9.7000590e-02  -1.7343182e-01  -2.8664760e-02  -7.8287003e-02   2.7864801e-02   1.9348315e-01  -2.8270580e-01   9.3118825e-02  -5.3021701e-02
