  -1.7191577e-01   5.1193224e-02   1.0080527e-01  -9.6832018e-02  -2.5497865e-01   6.8113082e-02  -8.1452165e-02  -2.2788701e-01   2.9092794e-02  -7.2649929e-02  -4.4962770e-02  -1.1511403e-01   1.4966035e-02  -2.0812814e-01   1.8830839e-01  -9.6551580e-02   5.5267739e-03   2.0154380e-01  -3.9657861e-01   1.9810056e-01  -1.5255881e-02  -6.9456036e-02  -1.5726327e-01  -1.8230370e-02  -6.3586618e-02  -9.1059235e-03  -1.0231729e-01  -2.2141654e-01   1.5911600e-01   1.1321490e-01   1.4261591e-01  -2.1986826e-01   2.0742681e-02   2.4757283e-02  -2.7826701e-02  -3.8220461e-02  -1.0566118e-01  -2.8075461e-01   1.4914246e-01   4.9227229e-03  -8.1744846e-02  -4.6056806e-02   1.3941460e-01  -1.9054927e-01  -3.2278467e-02   3.5356499e-02   9.3034343e-02  -2.4835679e-01   1.4109202e-01
  -1.5007976e-01  -4.1448628e-03   1.9400832e-01  -3.2269068e-01   8.5328544e-02  -1.8076894e-01   1.1506089e-02  -1.1975573e-01   2.1621185e-01   2.3493150e-02  -2.1502575e-01  -4.5900011e-02  -7.5087624e-02  -1.1412090e-01  -7.4251713e-02  -1.4378199e-01   7.7156907e-02   1.1240442e-01  -5.4000861e-02  -2.4703471e-01   1.1803287e-01   6.7017018e-02   7.4165897e-02   1.4999857e-01  -6.2042174e-02  -6.4459587e-02  -6.5666911e-02   1.5373752e-01   6.2583254e-02  -1.8453352e-02  -2.2363906e-01   1.7034426e-01  -2.2096009e-01  -2.5046387e-01   7.2376952e-02  -6.1548745e-02   3.5491353e-02   4.1351860e-02   1.1337616e-01   9.3386791e-02   1.1730266e-01   2.6688350e-02   1.2333084e-01  -1.1416140e-01  -1.7369748e-01  -8.3782042e-02   1.4423479e-01   2.9053736e-01   2.4965033e-01
  -1.4063768e-01   1.4834485e-01   2.2598376e-02   1.2510621e-01   2.3230858e-01   6.9567771e-02   1.5317495e-01  -2.1982812e-01  -3.5490065e-03  -2.5479834e-01   1.5966619e-01   2.2075848e-01  -7.0434799e-02  -1.1300634e-01   3.4794796e-01  -1.6976901e-01  -2.3551806e-02  -2.9617705e-02   1.0364023e-01  -4.3528641e-02   2.2420003e-01   3.2029772e-02   8.8373563e-02   7.8644373e-02   1.2633815e-01   6.8878862e-02  -1.2704358e-01  -1.1698729e-01   8.7579630e-02   2.8364401e-02   5.7270509e-02   1.1275929e-01   1.9440616e-02   5.4817883e-02   6.5350277e-02  -1.5491975e-02  -1.0363378e-01   8.2612317e-02   2.8503519e-01   8.5884075e-02  -2.1940177e-02  -9.2942350e-02   1.5903413e-01   1.0888484e-02   2.6960075e-01  -1.2020060e-01  -1.1531306e-01   1.8807920e-01  -2.5672351e-01
  -1.2901394e-01  -1.9104131e-01   4.8615002e-02   5.3341364e-03  -1.8282728e-02  -2.6897926e-02  -2.7920834e-02   2.0556306e-01  -2.4340108e-01  -1.5396027e-01  -5.8310595e-02  -3.5017297e-02  -1.6471976e-01   1.1117191e-01  -1.0023394e-01   1.4318709e-01   2.9019245e-01  -2.0732338e-02  -7.5470942e-02  -1.0885482e-01   4.7676689e-02   1.1318830e-01  -4.4551789e-02   7.6164322e-02  -4.4981418e-02  -5.5634635e-02  -2.4667894e-01  -1.9297868e-01   2.1507593e-01  -9.7621404e-02   1.4300302e-01   1.2458525e-01  -1.1616051e-01   1.1780356e-01  -1.3407648e-01   3.1094916e-02  -3.8798634e-01   2.2217718e-01  -1.3358796e-01  -2.8111092e-02   7.2146761e-02  -2.2663441e-01  -1.3609509e-02   7.1073098e-02   1.1352914e-01  -1.0363817e-01  -8.8470592e-02  -4.7492844e-02   2.4973626e-01
  -1.3775536e-01   7.2266288e-02  -1.3935506e-01   1.7720779e-01  -1.7680953e-01   1.3752325e-01   1.9266553e-01  -6.1339086e-02   2.4380987e-01   5.9655927e-02  -9.2017757e-02  -7.8550758e-02   2.5745772e-01   2.9542301e-01   1.7762469e-01   5.4008868e-02  -6.1210189e-02   1.4756608e-01   1.2481015e-02  -2.4276371e-01   2.0240966e-01   1.2240856e-01   6.0949004e-02   7.6232269e-02   4.3699248e-02  -3.7624050e-02  -3.0745172e-01  -6.5603821e-02  -2.5292042e-01  -6.7810614e-02   1.0997246e-02   1.0915727e-01  -1.3175726e-01   1.6546197e-01  -1.9753282e-01   3.4751983e-02   7.3885563e-02   7.5308433e-03  -4.2386591e-02  -1.1735756e-02  -2.8845443e-02   1.7695678e-01   9.1988476e-02   1.5287075e-02  -1.9598615e-01   7.0303818e-02  -1.6500973e-01  -1.5509578e-01   8.6674371e-02
  -1.5262609e-01   1.7897252e-01   3.5060619e-02  -1.9032606e-02  -1.7693743e-01  -1.3352745e-02  -8.1224394e-02  -1.5441606e-01  -3.2718048e-01   1.2189403e-01   3.0451973e-02   1.4853316e-01  -5.0440500e-02   3.5860634e-02   4.3535019e-02  -2.3498178e-01   1.6333055e-02   1.1138286e-01   7.7817393e-02  -2.4332622e-02   2.7866814e-02   4.8467415e-02   8.0542742e-02  -7.2459044e-02  -2.4659521e-01  -2.6766842e-01   8.2552806e-02   1.4317553e-01  -8.7183854e-03   1.9277909e-01   1.4990520e-01   6.2242499e-02  -3.7598590e-01   4.4393379e-02   1.1786947e-01   3.3683024e-01  -2.1030013e-03  -9.1261263e-02  -2.4189146e-01  -1.5700659e-02   1.6355929e-01   3.4644019e-02  -9.8073015e-02  -1.8051335e-02   1.5775931e-02   2.5855583e-02  -1.0879627e-01  -7.2219721e-03  -1.7118131e-01
  -1.5002675e-01   7.9498602e-02  -4.2526475e-02   8.8479182e-02   2.7008740e-01  -1.9225935e-01   7.6625925e-02   4.3644366e-02   7.9450877e-02  -3.0898828e-01  -2.4286949e-01  -7.1026982e-02   1.7895121e-01  -5.1954089e-02   5.5271774e-02   3.7402290e-02  -7.2336890e-02  -2.5793399e-01   2.0891271e-01   5.7158225e-02  -1.6831141e-01   9.8890236e-02  -1.7088834e-01   2.8056377e-02  -2.0353630e-01   2.2263387e-02   5.0921897e-02  -2.4930760e-01  -1.1569795e-01   1.0680296e-01   1.4621070e-01   1.2419662e-01  -2.7125611e-01  -1.6394988e-01   3.4325127e-02  -3.0368453e-02   2.0607096e-02  -5.2776643e-02  -2.2720649e-02  -2.1557327e-01  -1.2770631e-01  -3.1124385e-02  -1.7033107e-01  -1.9853488e-01  -9.3811032e-03   1.2126490e-01   1.3594827e-01  -1.0987650e-01  -2.1493561e-03
  -1.3606315e-01   1.0319823e-01   5.9763537e-03  -4.9495401e-02   1.3171128e-01   8.3241927e-03  -1.6861911e-01   4.4512486e-02   2.2343793e-01   2.8032864e-01   2.1569097e-01   1.3986352e-01  -1.5861616e-01  -4.6787851e-02   1.8906140e-01   1.8019922e-01   1.2227061e-01  -7.6069074e-02  -1.8783388e-01  -2.4443438e-01   5.5417677e-02   1.5949063e-01  -3.4945400e-02   2.3627790e-01  -2.8168826e-01   1.0752988e-01  -3.5025391e-02  -2.0966328e-01   1.0325013e-02   3.8028841e-02   1.1209818e-02  -2.1423997e-01   1.5664862e-01  -1.1618156e-01   8.4346130e-02   1.0720823e-01  -5.9052292e-03   5.0056373e-02  -3.7395715e-02  -1.2840414e-01  -7.5393461e-03   1.1045299e-01  -3.2967993e-01   1.2705676e-01  -1.0915388e-01  -5.4495265e-02   1.5497969e-02  -9.4329708e-03  -1.2646208e-01
  -1.5340069e-01   2.1110924e-03  -1.1521948e-01  -1.2613405e-01  -9.8330771e-02  -1.5993827e-01   2.2743805e-02  -2.5924435e-02   3.6843609e-02  -2.6367291e-02  -1.3779527e-01  -8.5900353e-02  -1.7577382e-01   4.2764093e-02   9.2423029e-02  -8.3373001e-02   2.5980455e-01  -1.4983899e-01   3.0601347e-03   2.6955391e-01   1.2100455e-02   2.5235174e-01  -4.4007205e-02   3.2874786e-01  -6.8260811e-02   1.2588181e-01   1.3199407e-01   2.3083631e-01  -6.3482632e-02  -1.6992488e-01  -1.0275790e-01  -1.7976713e-01  -9.5710660e-02   6.5131434e-02  -1.8598136e-01  -1.2293155e-01   1.3812537e-01   1.3056334e-01  -4.0646614e-02   2.4111532e-01   2.9468044e-02   4.6734153e-03   1.0056533e-01   1.3305626e-02   1.6300841e-01   1.4295840e-01  -7.2693106e-02  -2.3451299e-01  -2.3078662e-01
  -1.4363900e-01  -1.0662213e-01  -8.7183257e-02  -1.0879826e-01   1.6939132e-01   9.9410567e-02   1.5935049e-01   2.0337376e-01  -5.9198654e-02  -5.0272699e-02   2.0262694e-01   1.8805321e-01  -1.3417195e-01   2.2303600e-01  -1.0632775e-01  -3.8223991e-02   1.6939881e-02   1.9410377e-01   2.0954580e-02  -6.5113364e-02  -4.0370167e-02   7.7559505e-03  -5.1496739e-02  -9.2570027e-02  -1.9213437e-01  -1.3560909e-01   2.6944022e-02   3.2506693e-02   1.0877119e-01   1.3022061e-01  -1.9120615e-01  -1.2064875e-01   4.8399169e-02   1.2730728e-01  -2.1328934e-01   7.8640509e-02   1.2940513e-01   1.6119343e-01   1.3256319e-01  -1.8676438e-01  -1.8055175e-01  -5.2752293e-02   2.3642290e-01  -3.7432725e-01  -1.3916088e-01   6.1070233e-02   1.9969781e-01  -5.6918341e-02  -1.5715372e-01
  -1.4745621e-01  -2.2856137e-01   1.1665394e-01   5.5827057e-02  -2.1981271e-02  -1.8235591e-02   1.6280904e-01   2.7629803e-01   6.1598050e-02   5.8451867e-02   2.4166781e-01  -1.9128461e-01   2.9773609e-01  -8.5638901e-02  -1.0372575e-01  -2.8364039e-02  -9.3842266e-02   1.7776307e-01  -3.8072421e-02   3.0716256e-02  -9.3942423e-02   1.7263268e-01  -1.3343724e-01   1.3976704e-01   2.6792337e-02  -1.4705314e-01   1.1319853e-02  -7.2619206e-02   8.4181724e-02   4.2051680e-02   2.6598445e-01  -1.4529767e-01  -2.1003585e-01   1.3336381e-02   1.8474750e-01  -3.1668308e-02   1.0175875e-01   9.6449467e-02   3.2467786e-02   2.0822082e-01  -4.3319327e-02   1.0253613e-01   1.2783460e-01   2.8196971e-01   7.5443169e-02  -1.6612958e-02   1.8468979e-01   1.7638304e-01  -1.6041382e-01
  -1.3259910e-01  -2.1984208e-01  -5.9770667e-03   5.2669119e-02  -1.3335258e-01   4.6518830e-02   5.3735605e-03  -1.5007176e-01  -1.4545565e-02  -7.9680699e-02   1.4454240e-01   2.9068750e-02   3.5139898e-02  -8.3401393e-02  -1.8643637e-01  -1.2133955e-01   2.7544976e-01  -9.8638414e-02  -9.8003817e-02  -1.2726219e-01  -3.8426633e-02  -1.4942592e-02   1.5282053e-01   1.2599823e-02  -1.8734524e-01  -1.2420867e-02  -1.5801902e-01   1.7936756e-01  -4.7101640e-01   2.0267897e-02   1.0185827e-01   1.5855121e-01   2.0299651e-01   1.3548710e-01   1.1483123e-01  -1.9516652e-01  -1.0600391e-01  -1.3895199e-01   5.3764521e-02  -9.1127414e-02  -5.9850247e-02  -1.1438362e-01  -6.8472561e-02   2.0588161e-02   8.8563360e-02   2.0166530e-01   2.8210802e-01   7.9535456e-02  -8.5070261e-02
  -1.2520642e-01   7.0365229e-03  -1.2380504e-01  -8.6613443e-02   8.1272027e-02  -1.7141741e-01  -1.0906674e-01  -2.5299976e-01   6.5733069e-02   2.0820825e-01   2.2733093e-01   2.0419402e-01  -6.3069725e-02  -9.6286112e-02  -1.9187679e-01  -4.3817611e-02  -1.5534876e-01   1.3467060e-01   3.4951855e-01   1.2481352e-01   1.6574130e-02   1.8606737e-02  -7.0673557e-02   1.8788010e-01   2.8397666e-01  -9.0061834e-02  -7.2821620e-02  -2.3126375e-02   2.4550026e-02   1.3140368e-01   4.8018852e-02   4.9922794e-02  -3.2345759e-02   1.3148575e-01  -2.5887872e-02  -1.6243548e-01  -1.8563220e-01   1.0933331e-01  -3.6705424e-02   1.4029659e-01  -1.9099128e-01  -8.1564313e-02  -1.8772683e-01   2.6159346e-02  -1.7095748e-01   9.5803042e-02   8.1664428e-02  -2.2983325e-01   1.6895935e-01
  -1.4682908e-01  -1.4692407e-01  -2.3960170e-01   1.6523870e-01  -5.6224701e-03  -1.6049966e-01  -9.5817838e-02  -1.2558611e-02   2.2403478e-01  -1.2717201e-02  -7.7366561e-02   9.7894256e-03  -2.9386441e-01  -9.9718133e-02  -1.9063961e-01  -4.8804820e-02  -1.9206180e-01  -4.4679610e-02  -2.1823555e-02   1.1926357e-01   2.0118954e-01  -2.0193401e-02  -8.2941866e-02   2.8356702e-02  -1.4762043e-01  -1.2521969e-01   1.0522463e-01  -1.5878528e-01  -5.1353107e-02   1.2337461e-01  -2.9803642e-02   4.1324495e-02   1.0224418e-01   4.4038124e-02  -1.3070112e-01   2.0881455e-01   1.2189666e-01  -1.7186266e-01  -6.8267152e-02  -1.4550893e-01  -4.9612108e-02  -7.4401405e-02   2.9312247e-01   3.0919078e-01   1.0230370e-01   1.1851162e-01  -1.5279428e-01   2.1776464e-01   1.4520276e-01
  -1.2687095e-01   3.0030442e-02   1.3424962e-01   1.5190296e-01  -1.6132596e-01  -1.3386627e-01   9.3135727e-02  -1.7390447e-01   1.6762487e-01  -1.3914682e-01   2.5865875e-01  -7.0293546e-02   7.6958063e-02  -1.6350596e-01  -1.0666306e-01   3.7834780e-02  -1.1907400e-02   7.2632317e-02   7.9652636e-02  -4.1737183e-02  -1.9955523e-01  -2.0616394e-02  -1.6977284e-01  -1.4450661e-02   2.4157102e-02   1.9627926e-01  -2.0806467e-01   3.8596863e-01   2.5615067e-01  -1.0322548e-01   3.6775359e-02   5.4832945e-02   6.4720125e-02  -1.9516886e-01  -2.9810399e-01   2.2308231e-01   7.8649888e-02   3.9688361e-02  -6.3474340e-02  -2.7925920e-01   6.4982464e-02  -4.0307211e-02  -9.6968553e-02   2.6024963e-02   6.5968481e-02  -1.4591004e-02  -7.1940503e-02  -1.1914432e-02  -5.4695036e-02
  -1.5516466e-01  -1.4483457e-01  -1.9176221e-01   1.4250816e-01  -1.6723549e-01   1.0337223e-01   2.7392973e-01   8.0553204e-02  -3.4124176e-02   3.7909037e-01  -2.5552343e-02  -2.1860172e-01  -1.0829740e-01  -1.4617508e-01   1.0705089e-02  -5.1023660e-02   2.1272886e-01   1.6243100e-02   2.4354013e-01   9.3372154e-04   1.0389746e-01  -2.3321684e-01   6.5764530e-02   7.7721307e-02   2.5405558e-02   8.7393985e-02   5.2398394e-02  -1.0565381e-01   1.5301268e-01  -8.8599580e-04  -1.6249911e-01   1.3879093e-01  -5.9773720e-02  -1.3970246e-01   2.4435295e-01   6.6552053e-03   1.4689400e-02  -4.5415526e-02   7.7994171e-02  -1.9531672e-01  -7.8740910e-02   1.2751039e-01  -2.2125589e-02  -1.3006243e-01   2.4589608e-01  -1.0811237e-01   4.1624609e-02  -1.8050240e-01   3.4929567e-02
  -1.2631759e-01  -4.6855566e-02  -1.6670380e-01  -9.1021143e-02   3.7429971e-02   1.9539253e-01  -1.9316017e-02  -1.2522235e-01   1.0289110e-01   4.3647095e-02   8.0729267e-02  -2.5137887e-02  -1.8989825e-01   2.0932954e-01   3.2815785e-02  -7.6519186e-03  -1.0660404e-01   1.5445967e-01  -1.1814639e-01  -2.8834168e-02  -1.9158290e-01   1.9323913e-01  -1.1080356e-01  -1.9943204e-01   4.6660634e-02  -2.1868404e-02   2.4868226e-01   7.5569221e-02   3.5263256e-03  -4.6169555e-01   7.8415814e-02   7.3040880e-02  -2.4817557e-01  -3.0945587e-03   1.6314129e-01  -1.2990625e-01  -2.1134334e-02  -1.0012199e-01   2.2170220e-01  -1.7555037e-01  -1.3570935e-01  -1.7858921e-01  -1.6592996e-01   7.1797484e-02   5.4411976e-02   3.8774244e-02  -1.5931642e-01   7.8373308e-02   6.3153974e-02
  -1.4626433e-01  -2.0994633e-01   1.2133270e-01   6.0153881e-02  -1.0812769e-02   1.4916354e-01   5.7566982e-03  -5.2304939e-02  -7.7560516e-04  -4.5831334e-02   5.0290812e-02   7.3178027e-02   1.1258963e-01  -2.6422001e-01  -2.1942010e-01   2.3078504e-01   6.2095324e-02  -1.9781196e-01  -1.8868409e-01  -6.6963355e-02   6.2894503e-02  -2.4468637e-02   2.3967511e-01   1.4637885e-01   2.7743933e-01  -1.0148342e-01   1.9199264e-01  -4.8262371e-02  -1.0975468e-02   6.2048341e-02  -5.7297760e-02  -1.2370908e-01  -2.1835797e-01  -1.9415943e-02  -9.1059706e-02  -3.4860742e-02   3.8395058e-02  -7.4151108e-02  -7.3443557e-02  -4.6836335e-02  -1.3262942e-01  -6.2629182e-02  -4.8738879e-02  -2.6823232e-01  -1.3806708e-01   4.6981374e-02  -4.0225247e-01   8.7359581e-02  -1.5161398e-01
  -1.4800830e-01   2.5868469e-02   7.1449170e-02  -2.9677165e-01  -1.2453914e-01  -1.1343157e-01   1.2393854e-01  -7.3411246e-02   2.0337127e-01   4.6454884e-02  -1.7664325e-01   8.2231866e-02   1.9534676e-01  -6.9902393e-02  -1.0844543e-02   1.0266363e-01   8.1545224e-02   8.2285824e-02   2.2253025e-01  -4.1827342e-02   1.9393543e-02  -2.3252332e-01   1.3584953e-01  -3.2092122e-01  -7.7833898e-02  -3.4087314e-02   4.3232385e-02  -2.1596130e-01  -5.6577258e-02  -9.7534210e-02  -1.1953450e-01  -2.6801479e-01  -6.3401751e-02   1.4886339e-01  -1.6186571e-01  -4.0742697e-02  -1.5972500e-02   4.0421224e-02  -4.9308038e-02  -3.9602405e-02   3.7222303e-02  -3.0730042e-01  -9.3403438e-02   2.4003208e-01   1.0936984e-01  -1.6788592e-01   6.4804929e-02   1.5399470e-02  -1.9524069e-01
  -1.6225965e-01   1.5058275e-01   1.6301614e-01  -1.2278890e-01  -6.1032232e-02   1.9269111e-01   1.6719490e-01  -6.0755596e-03  -1.0644683e-01   2.7598041e-01   7.7848466e-03   4.8896799e-02   6.7573788e-02  -2.4101641e-02   1.6742656e-01   2.5278697e-01  -2.7000373e-01  -1.5864480e-01  -2.9913393e-02   1.8143613e-01  -5.8417462e-03   3.4187501e-02  -2.1599760e-01   1.2344102e-01  -1.8636025e-02   1.6948130e-01   4.2681026e-02   1.2309268e-01  -9.5703872e-02   6.3963582e-02  -1.2548189e-01   5.1787104e-02  -2.7840983e-02   1.8687565e-01   9.5213448e-03  -1.1896046e-01  -1.9622024e-01   7.4770194e-02  -2.4301004e-01  -2.1300371e-01   8.3753221e-02  -8.7426778e-02   1.7803475e-01  -7.1661670e-02   1.0264235e-01   1.0395898e-01   1.1324398e-01   2.9007451e-01   1.1185637e-01
  -1.4015709e-01   2.3167784e-01   2.5554048e-01   7.9261519e-02   1.5877352e-01   2.2723407e-01   1.5081953e-01   6.4003690e-02  -4.1740241e-02  -1.2548706e-02   3.6599917e-02  -9.5778061e-02  -1.9053521e-01  -2.8486538e-02  -6.5761807e-02  -8.0577411e-02   1.9778748e-01   1.7419309e-01   9.1294280e-02   1.3167223e-01  -1.4438309e-01  -1.3830406e-01   6.8726041e-02   7.0860682e-02   3.8768546e-02   1.0772043e-01   1.1638452e-01  -2.1134089e-01  -1.1497425e-01  -1.8317011e-01   1.0544783e-02   8.4108020e-02   3.0577376e-02   7.1764155e-02  -3.0384234e-01   2.0840396e-01   5.4562073e-02  -1.7513704e-01  -8.9668891e-02   2.7167780e-01  -1.1898055e-01   1.2807415e-01  -1.8703507e-01   1.7112247e-02  -4.4439074e-02   1.3773457e-01   1.1121889e-01   2.1913037e-01   1.2819484e-01
  -1.6821771e-01   1.3156048e-02  -1.4425585e-01  -2.5728019e-02   2.0614967e-01   1.6392414e-01  -1.2457879e-01  -1.0606608e-01   1.9631128e-02   1.9695830e-01  -1.2353642e-01  -2.2687653e-01   1.8097804e-01   1.2821445e-01  -7.4382906e-02  -1.3395773e-01   2.0605992e-02  -6.9510885e-02  -9.9612852e-02   4.0936236e-01  -2.1644810e-01   1.6695948e-01   2.5029558e-01  -2.6228732e-02  -3.7252646e-02  -1.1269375e-01  -3.0726875e-01  -3.6043141e-02   1.5820753e-01   7.6724870e-02  -1.2200531e-01   1.6624792e-01   1.7016044e-01  -7.3016045e-02  -2.2039555e-02   1.1083072e-02  -3.0529907e-03   2.1901479e-02  -7.1002381e-02  -3.0269149e-02  -5.8382940e-02  -1.1603648e-01  -3.8611592e-02   3.3029035e-02  -1.1139167e-01  -1.9791719e-01  -6.5306122e-02   1.3134542e-01  -1.9335845e-01
  -1.5164434e-01   1.2463960e-01  -1.4281717e-01  -1.5047137e-01   2.6730773e-01  -1.3819183e-01  -4.8998015e-03   2.2962666e-01  -3.9662531e-02  -1.6562423e-02  -7.6154763e-02  -9.9559453e-02   6.6429626e-02  -2.9794816e-01   2.3557349e-01   1.0853854e-01   6.4649692e-02   1.6537437e-01   3.2690663e-02  -1.2750190e-01  -7.2802335e-02  -6.0107425e-02   1.3446635e-01  -1.9857418e-02   1.2685272e-01  -2.7934700e-01  -4.5529585e-02   1.5500837e-01   1.4142690e-01  -1.9925284e-01   6.7118856e-02   3.6239691e-02   2.4824253e-01   1.4284728e-01   1.3183412e-01  -1.6455806e-02  -1.9960647e-02  -1.2259279e-01  -1.4540315e-01  -1.0854792e-01   1.0226085e-01   3.5485842e-02   9.3296123e-02   1.4186890e-02  -2.5473965e-02   3.8749975e-01  -9.9821547e-02  -6.9684544e-02  -2.8921198e-02
  -1.4372780e-01   4.5125302e-02  -1.9671175e-02  -1.4854736e-01  -4.8545188e-02   2.8948024e-01  -6.1122366e-02  -4.1346810e-03  -8.1044377e-02  -1.0930727e-01   4.4636435e-03   1.0675742e-01  -1.0133758e-01  -6.4432381e-02  -2.1935367e-01   1.3001842e-01  -3.0750073e-01  -1.9499100e-01   9.0572550e-02  -1.8320994e-01  -1.5165543e-01  -4.0212932e-02   2.0278543e-01  -9.5578824e-03  -2.5741590e-01   1.6088573e-01  -2.1542467e-01  -5.0198810e-02   2.8247237e-01  -2.7205532e-03  -2.5191346e-02   7.1001926e-02  -8.8608170e-02   8.2426466e-02   1.2535035e-02  -2.1880429e-01   2.4383268e-01  -1.2770699e-01   3.6133412e-02   1.9768773e-01   7.9929537e-02   1.5726016e-01   4.1191480e-02   1.3782321e-01   1.1907435e-01   1.1277156e-01  -8.0111889e-03  -1.7320710e-01   3.5260957e-02
  -1.5424478e-01  -1.3563125e-01   3.2700516e-02  -2.6296710e-01   1.1850262e-01   9.8303674e-02  -1.7922947e-01   3.0919885e-03   7.6381381e-02   7.7853545e-02   1.5102570e-01  -1.5456421e-01   2.3797858e-01   1.3393015e-02  -8.5222751e-02  -1.3106805e-01  -9.1993854e-02  -2.2806858e-01   2.5154032e-02  -1.3841953e-01   1.8316934e-01   1.1500193e-01  -1.6520707e-01  -1.9733285e-01   8.8360445e-02   1.2720742e-01   5.6866661e-02  -6.1745302e-02  -9.1824446e-02  -1.0511302e-01  -6.4455058e-02   8.1603286e-02   1.3457205e-01  -1.7382886e-03   5.8884797e-02   4.5340818e-01  -4.3636091e-02   6.4404768e-03  -2.2436443e-02   2.5153681e-01   4.8656859e-02  -9.1511272e-02   3.4693067e-02  -2.0362108e-01   2.1968698e-01   9.6309016e-02  -1.5073728e-02  -1.7479930e-01   5.1838769e-02
  -1.4417522e-01  -7.9689108e-02   1.9768938e-01   1.7966141e-01  -2.4657349e-02  -1.7086936e-01  -6.4636019e-02  -1.5411338e-01  -1.0751509e-01   2.4237326e-01   2.8497007e-02  -5.0803810e-02   2.5600741e-02   1.6489229e-01   2.1064920e-01  -1.9333313e-01  -7.3722331e-02  -3.4292876e-01  -1.0173204e-01  -9.5655861e-02  -3.9966588e-02  -1.5268065e-01   1.8730206e-01  -9.3489843e-02   6.6661862e-02  -2.0503385e-01   1.2584414e-01  -8.6631197e-02   1.5403205e-01  -9.2591038e-02   1.6223375e-01  -4.4436391e-02   5.7163949e-02  -1.5109039e-02  -2.1416329e-01  -1.1263702e-01   2.2162576e-01   3.0375098e-01   1.0408480e-01  -6.9330644e-02   2.3589270e-02   6.2285544e-03  -3.0785023e-02   7.8426380e-03   4.0171417e-02   2.0710675e-01   1.3781287e-01   2.8403980e-02   1.8387944e-01
  -1.3623651e-01  -1.2944415e-01   1.2889687e-01   2.6718285e-01   6.1198394e-02   4.6466317e-02  -6.3800808e-02   2.0391356e-01   1.9797341e-01   5.8984325e-02   1.7916596e-02   9.1792279e-02  -1.0381565e-02   1.3442975e-02   2.3933644e-01   1.9092625e-01  -1.2314990e-01   9.9946306e-02   7.1824898e-02   8.5181758e-02  -3.7935812e-02  -9.2725559e-02   4.3599761e-02  -2.4890046e-02  -2.6116599e-01  -2.5827155e-01   6.3216171e-03   2.9058661e-01  -1.0018619e-01   8.1821242e-02  -3.5025641e-02   9.2041741e-03   5.9211079e-02  -1.4061904e-01  -5.4293106e-02  -9.8444659e-02  -1.9607140e-02  -9.7235447e-02   1.1466579e-02   3.5169767e-01  -1.2136611e-02  -2.2541837e-01  -1.2615215e-01  -1.6934798e-01   2.0553999e-01  -1.7215934e-01  -1.1023607e-01  -8.8155627e-02   1.8755675e-01
  -1.3745332e-01  -3.6171573e-03  -7.6352922e-02  -2.4203693e-01  -2.7350424e-01   1.6026163e-01  -2.5138129e-01   9.3471382e-02   2.0730024e-01  -1.6579864e-01   4.2373110e-02  -9.7775398e-02  -1.2537276e-01   2.0263890e-01   2.0251011e-01   8.7733556e-03   5.8877831e-02  -6.3785146e-02   1.7183226e-01  -1.7580831e-01  -2.1212161e-01  -1.1276515e-01   1.1618683e-02   8.8639446e-02   2.3832741e-01  -5.4436176e-02   2.3276852e-01  -1.6664389e-02   1.9432384e-02   2.4461457e-01   2.0421577e-01   1.9585899e-01   1.0538189e-01  -1.5906737e-01  -1.1106234e-01  -7.8248546e-02  -9.2090596e-02  -3.8790753e-02  -1.7628153e-01  -7.1472088e-03  -6.3034981e-02   6.1901908e-02   1.5382224e-01   5.1696141e-03  -4.3610397e-03  -1.3328382e-01   7.5192018e-02   7.0203749e-02  -1.4341206e-01
  -1.4026257e-01  -1.9832537e-01   7.7484043e-02   1.1057656e-01   2.1216784e-01  -7.2486674e-02  -6.2878022e-02  -6.6682804e-02   6.3746889e-02  -1.3025807e-02   4.2611128e-02  -1.7416471e-01  -2.5878040e-01   1.5043783e-01  -6.2237262e-02   4.1619582e-02  -2.1339923e-01   1.2518073e-01  -2.7697098e-02   9.3958555e-02   1.6285285e-01  -2.7501195e-01   4.3704120e-02   2.2278576e-02   5.2969581e-02   1.7925784e-01  -6.8892605e-02  -6.2865648e-02  -1.0073333e-01  -1.7837541e-01   1.9655719e-01  -2.8235808e-02  -6.7942952e-02   8.4231502e-03   9.2862115e-02  -9.5879367e-02   1.9251917e-02  -3.8866461e-02  -2.0653146e-01  -2.5060802e-02   4.4309077e-01  -4.4704602e-02   4.2440912e-02  -1.7964910e-01  -1.7252991e-01  -9.1659449e-02   1.1222390e-01  -8.9654764e-02  -2.7062249e-01
  -1.2663892e-01  -1.2281607e-01  -2.7266335e-02  -1.1231266e-01  -1.5818336e-01  -1.1234814e-01   1.0772572e-01   1.2426756e-01   2.6956709e-02  -2.4308934e-01   1.6714250e-01   1.8593625e-01   1.7495003e-01   1.4354040e-01   6.3299290e-02   2.7315312e-02  -1.2023224e-01  -6.7874133e-02  -9.6381404e-02   3.1830040e-01   3.3129298e-01  -1.3599941e-02   2.1545640e-01   2.8387470e-03  -7.9308219e-02  -4.8226733e-02   1.7785084e-01   2.8147208e-02   1.8922427e-01  -1.7871010e-01  -1.4285745e-01   1.7301525e-01   4.4280663e-02  -1.0096431e-01  -4.1625000e-02   2.6644824e-02  -2.5259172e-01  -1.3780620e-01   1.1667706e-02  -3.9215970e-02   1.4734571e-02   2.8004203e-01  -2.0866341e-01   9.5503551e-02  -1.0276997e-01   4.4167288e-02   1.5542865e-01  -1.8396129e-02  -1.0991699e-03
  -1.4414343e-01   2.1189807e-01  -5.4626500e-02  -1.2161310e-01  -1.9327988e-01  -2.4608253e-01   2.7107131e-01   1.5488353e-01  -1.2978830e-01  -3.6002041e-02   1.3422794e-01  -1.6492537e-01  -1.9787198e-01   1.5662375e-01  -3.3958719e-02   1.1602269e-01  -1.9591226e-02  -1.7589509e-01   2.3480620e-02   6.1803796e-03   1.6836149e-01   2.0985593e-01   1.2040328e-03  -1.2604326e-01   2.1734160e-01  -3.5687737e-02  -1.6571515e-01   2.9225677e-03   3.9081933e-03   1.6007993e-01   8.9622436e-02  -9.3519820e-02   1.3673171e-01   1.7371976e-02   9.7375569e-02  -4.9530189e-02   2.8554759e-01  -2.6610751e-01   6.4207869e-02   7.5724482e-02   3.0631554e-02  -2.0853331e-01  -2.1936699e-01  -1.2534344e-01  -5.6780713e-02  -8.8666129e-02  -7.5724246e-03   1.5150093e-01   7.3684884e-02
  -1.1413768e-01  -1.4465906e-01   6.8063452e-02  -2.2499811e-01   1.4242932e-01   1.8689592e-01   1.7767404e-02  -1.9099966e-01  -9.2803179e-02  -2.6850414e-01   1.2982326e-01  -1.3507940e-01  -7.3419735e-03   4.8597258e-02   7.8280147e-02   8.1651004e-02   8.0172096e-02   1.0971639e-02   2.2695805e-01   2.0281299e-01  -2.1806551e-03  -2.8503225e-02   1.2552566e-01   5.9406349e-02  -3.4492637e-02  -8.4817001e-02  -1.6977630e-02   8.4328387e-02  -2.1627438e-01   7.0450984e-02   6.1941676e-02  -3.2430976e-01   7.1392581e-02  -1.8493235e-02   1.6275064e-01   1.0104502e-01   1.4253087e-01   1.6793603e-01   3.5498545e-02  -2.1630492e-01   6.7644610e-02   2.1909025e-01   1.5116532e-02   1.1063554e-01   8.9724493e-03  -1.4513347e-01  -1.4661452e-01  -3.6925689e-02   3.7970975e-01
  -1.3507235e-01  -2.5634063e-01   1.5571056e-01  -1.2346640e-01   2.3790960e-01  -4.7732991e-02   1.7376573e-01   9.2606111e-02  -1.4555168e-02   2.1674910e-01  -3.3105545e-01   2.1014955e-01  -2.7040202e-02   9.5954526e-02   2.5211832e-02  -2.6991366e-02   3.0048833e-02  -3.7845242e-02  -6.9775321e-02  -3.2981331e-03  -4.4186928e-02   2.3505522e-03   1.1920890e-03  -7.9703136e-02   1.4102844e-01   2.6880661e-01   2.9575041e-02   2.5650270e-01   2.1035939e-02   2.6332386e-01   2.9935709e-01   4.1350286e-02   2.0143414e-02   1.0505313e-01  -1.1251089e-01   1.1865385e-01  -7.1242149e-02  -2.1879208e-01   2.3477295e-01  -5.4567664e-02  -3.4733756e-02   1.2749657e-01  -3.0890641e-02   1.8821207e-01  -4.8202334e-02  -6.0699026e-02  -7.5601540e-02  -1.2653007e-01  -2.0219691e-02
  -1.2744010e-01   1.9184876e-01   1.9190111e-01   2.2073794e-01  -3.3216898e-02   5.7159958e-02  -8.5624252e-02   2.5963244e-01   1.9343042e-01  -4.7730851e-02   6.9686836e-02  -4.1152421e-02  -1.5986670e-01  -1.4147644e-01   1.2146484e-02  -2.5539030e-01   2.4944280e-02  -3.1411017e-01   8.0979727e-02   1.8466995e-02   1.0585361e-02   5.2541465e-02   9.4320130e-02  -2.3541171e-01   3.4495880e-02   5.6584176e-02  -4.0240578e-02   1.7621773e-01   2.8007712e-03  -1.0990288e-01  -8.1502670e-02  -1.6075090e-01  -1.3528623e-01   1.7018395e-01   1.8869933e-01   1.1707519e-02  -1.7365496e-01   7.6847262e-03  -8.3556198e-02  -5.5112292e-02  -1.9271005e-01  -9.0225261e-03   1.9715455e-01   1.0817540e-01  -3.2118037e-01  -1.6473779e-01   5.5091108e-02  -1.4870122e-01   6.0155601e-02
  -1.4253215e-01  -1.9683724e-01  -4.2206826e-02   6.6353861e-02   5.9161684e-02  -2.4410063e-01  -4.4763707e-02  -3.3394266e-02  -2.4500960e-01  -6.3517023e-02   5.4123825e-02  -2.7348236e-02  -6.9237032e-02  -1.0662567e-01   1.6568165e-01  -8.4206816e-02  -1.9097330e-01   4.5237278e-02  -1.3208270e-01  -1.8679773e-01  -2.9521668e-01   1.4894760e-01  -2.7268505e-02  -4.0970441e-02   1.8653365e-01  -3.4900948e-02  -2.1476609e-02  -9.3925573e-02  -1.9021919e-01  -1.0022206e-02  -4.2342300e-01  -1.9863831e-02  -3.2436500e-02   1.4202651e-01  -1.4074562e-01  -3.2907886e-02  -2.0405864e-02  -1.6216886e-01  -1.2243668e-01  -2.2463902e-02   1.8631550e-02   2.5261130e-01  -6.9316217e-02   3.9862333e-02   1.4510923e-01  -3.1684274e-01   8.5748693e-02  -5.0469483e-02  -1.2817429e-03
  -1.2984009e-01  -2.0381343e-02  -9.3023828e-02   6.3805625e-02  -1.3006141e-01  -1.6247568e-01   2.3193313e-01  -1.9919486e-01  -1.3993163e-01   1.0444056e-02  -1.1282768e-01  -1.2049170e-01   3.6150160e-02  -1.1560573e-02  -9.6002257e-02   2.6969846e-02  -1.6408428e-01  -5.0628945e-02   1.3779376e-01  -1.7263397e-01  -1.7415635e-01   1.1892115e-02  -8.4649185e-03   7.4706804e-02  -3.0281035e-01   4.3202477e-02   2.2896363e-01  -1.5155415e-02   5.0383408e-02  -1.5390843e-01   1.4143206e-01  -8.5915003e-02   3.4660635e-01   7.5214315e-02   8.3222509e-02   5.1168950e-02  -2.7687102e-01   6.9504892e-02   7.3954492e-02   2.1654392e-01  -6.9595710e-02   8.1828285e-02   9.1330936e-02  -1.4106868e-01  -2.6746534e-01  -1.6284427e-01  -1.9781409e-01   1.1507167e-01  -3.5654003e-02
  -1.4799964e-01   1.5795252e-01  -1.1620776e-01   1.0824736e-01   3.6985226e-02  -8.9983177e-02   2.0237593e-01  -1.1326920e-01   2.3537480e-01  -1.5819175e-01  -9.8384929e-02   1.6266731e-01  -3.1646473e-03   2.8351753e-01  -1.4859520e-01   4.4962281e-02   4.6433464e-02  -1.6761101e-02  -3.4179353e-01  -2.8448322e-02  -2.3611692e-01  -2.5696230e-01   4.2575195e-02   6.1218673e-02   1.6775328e-01   5.1184307e-03   1.7852231e-02   5.3144075e-02   8.4357888e-02   1.2910475e-01  -1.1910777e-01  -9.4258712e-02   6.4502340e-04   8.1883935e-02   3.7268792e-01   1.8840585e-01  -3.1920350e-02   1.6165326e-01  -1.8106085e-01   1.3391339e-01  -2.5534906e-02   1.2814376e-02  -5.0294526e-02   7.2972729e-03   1.9140689e-01   7.2001448e-02   6.4748124e-02  -4.0746514e-02   8.9444472e-02
  -1.3382179e-01   8.5357426e-02  -2.8875812e-01   1.6494771e-02   6.6545286e-02   4.3363356e-02   8.1618156e-02  -2.8043443e-02   4.5638908e-02  -9.0763340e-03   4.8125695e-02  -7.2400230e-02  -7.5423186e-02  -2.8647727e-01  -2.8095006e-02   7.5707356e-02   7.9598236e-02   9.2303436e-02  -2.0633436e-01   4.5415096e-02   1.2869207e-01   9.7146254e-02   6.6120861e-03  -5.0461782e-01  -3.9666003e-02   1.3725377e-01   1.2893818e-01   5.4595265e-02  -6.7518035e-02   2.0725073e-01   1.5336428e-01   1.1026840e-01  -3.5281541e-02  -6.2261249e-02  -1.4251322e-01  -1.9684767e-01  -1.3257833e-02   3.6629572e-01  -1.3195879e-01   1.4191632e-01   5.6542196e-02   2.3925720e-01  -7.1289813e-02  -4.2373673e-02   5.4118469e-03  -3.6166747e-02  -9.3669300e-03   3.8785089e-02   6.0669137e-02
  -1.6265999e-01   2.3833914e-01   8.9670452e-02  -1.2752975e-02  -9.7587668e-03  -1.7148291e-01  -2.9954485e-01   1.8020793e-01   9.2966142e-02   4.4765601e-02   6.6952428e-02  -5.5945741e-02   1.2181161e-01   1.3718385e-01  -2.3312795e-01  -6.6770724e-02   1.0665793e-01  -7.5809448e-03   2.7252065e-02   7.7567149e-02  -9.1155932e-04  -2.2053445e-01  -2.1509976e-01  -5.8591667e-03  -4.9565940e-02  -5.3193853e-02  -4.7290625e-02  -1.5751605e-02  -4.5196580e-02   3.1895807e-02  -3.7102057e-02   1.8137849e-02  -2.0190937e-02   2.6073166e-01  -1.8209216e-02  -2.0101895e-01  -8.9233500e-02  -1.4221600e-03   3.1144555e-01  -9.7339100e-02   1.3548940e-01   3.2701507e-01  -7.1994077e-02  -1.4775490e-01   1.6946146e-01  -4.4521698e-02  -3.0137792e-01   1.4564727e-01  -4.2648992e-02
  -1.4068171e-01  -6.4927676e-02   7.7757664e-02   1.7215587e-01  -2.9315664e-01   8.7047592e-03  -1.8001964e-01   5.9261042e-02   5.8570321e-02  -2.8533349e-03  -1.8915216e-01   2.2038038e-01  -9.9193384e-02  -1.1490238e-01   1.3334208e-02   2.6321706e-01   1.4856318e-02   9.8877290e-02   1.4810860e-01   1.7181227e-01  -2.0493293e-01   2.8166418e-01   1.2193020e-01  -1.0353055e-01   1.6805771e-01   2.1500613e-02  -1.6830794e-02  -1.4636091e-01  -8.3557905e-02  -2.7510665e-02  -5.3110735e-02   7.6418378e-02   7.0046647e-02   2.3279594e-02   1.4476054e-01   2.3984119e-01   4.4987600e-02   1.8882532e-01   3.1660267e-01   2.3202427e-03   2.8754642e-01   4.2761501e-02   3.2014779e-02  -1.0234435e-01  -8.3921213e-02   1.3111779e-01   1.3463883e-01   3.2836120e-02  -4.0060342e-02
  -1.4948897e-01  -1.0806929e-01   3.0368167e-01   1.4728002e-02  -1.7480611e-02  -2.1546752e-03   1.4573170e-02  -1.5441859e-01  -1.0107892e-01  -3.8749350e-03  -1.0708430e-01   2.4511528e-01  -3.6066279e-02   8.1022607e-02  -1.0209427e-02   1.0151099e-01   1.8665806e-01  -8.9104313e-03   4.7394307e-02   5.7396886e-02   1.0375491e-01   2.3269200e-04  -4.1382693e-01  -2.0789289e-01   2.3233838e-02  -1.5309828e-01  -1.0417309e-01  -8.7707296e-02   2.2661473e-02  -1.5329014e-01  -5.9797976e-02   1.6678556e-01   1.9217782e-01  -1.6169758e-01   1.9850334e-01  -1.6489620e-01   2.2963848e-01  -3.4405384e-03  -2.5006598e-01   6.7687190e-02  -2.2419275e-01   1.7022828e-01   1.0571061e-01   7.2387632e-02  -7.8416793e-02  -1.3904700e-02  -1.1557038e-01  -5.2431661e-02  -1.3360273e-01
  -1.4451050e-01   1.1568488e-01  -2.4346205e-01  -1.2944251e-01  -8.4685605e-02  -8.7216059e-02  -6.0265665e-02   2.5159964e-01  -1.8609038e-01   9.3580913e-02  -1.1645994e-02   3.4890767e-01   7.5308858e-02  -7.8677604e-02  -4.7172634e-02  -1.1646364e-01  -1.0912057e-01  -1.1715192e-02  -9.7077820e-02   7.5090569e-02  -7.7481756e-02  -1.9613787e-01   7.5005473e-02   7.9181419e-02   7.0228944e-02   1.1418910e-01  -2.3074011e-01  -2.1462652e-02  -2.7246007e-01  -2.9574814e-01   2.2623670e-01  -1.0988732e-01  -3.5498150e-02  -3.6820488e-01  -5.2777141e-02   6.4754969e-02   5.2372021e-02   7.0438903e-02  -1.8518431e-02  -5.2415846e-03  -1.4630953e-01   5.0093822e-04   1.5234332e-01  -8.2920169e-02   4.4352099e-02  -1.3467273e-01  -3.1996659e-02   6.5735084e-02   7.8390721e-02
  -1.4701354e-01  -7.7875628e-02  -1.8745116e-01   4.9228152e-02  -6.5647640e-02   1.6080877e-01  -2.5598885e-01   2.3171850e-02  -1.7181325e-01  -1.5666972e-01  -2.7922136e-01  -1.1469857e-01   2.6781824e-02  -1.2075999e-01   1.0753523e-01   6.0892584e-02  -9.5992642e-02   5.6739611e-04  -2.9521527e-02  -5.4172270e-02   2.2937131e-01  -2.4464725e-01  -2.2120189e-01   1.2441583e-01   3.7706159e-02   1.5568861e-02  -4.6544372e-02   2.2990757e-01   7.6779598e-02  -4.3073375e-02  -2.6407565e-02  -5.7684083e-03  -2.4690778e-02   2.4192543e-01   2.4290485e-02   1.4578800e-01   1.8586052e-01   1.6627312e-01   9.9853942e-02   4.7951991e-02  -2.2229463e-01  -5.5524182e-02  -3.0893079e-01   4.6713703e-02  -1.3487734e-01  -9.9432309e-02   2.0173816e-01   1.6431231e-01  -7.9796851e-02
  -1.3793921e-01   1.7692050e-01  -2.3425285e-01   1.3385609e-01   1.3595431e-01   2.0724654e-01   8.1825427e-02  -8.1999632e-02  -8.5287157e-02   2.4323481e-02   6.4857031e-02   1.3312253e-01   1.6492995e-01  -4.3366957e-02  -1.1840262e-01   7.6687672e-02   2.1431724e-01  -2.0963015e-01  -3.6254205e-02  -4.4322210e-02  -1.5801764e-02  -4.7282795e-02  -2.6039982e-01   7.7093548e-02   8.2287897e-02  -2.3869303e-01   1.8234789e-01   4.1114923e-02   4.1635188e-03  -5.7436183e-02  -2.4734869e-02   5.7181633e-03   5.4337662e-03  -8.4857409e-02  -1.3027394e-01  -1.9522855e-02   2.4046468e-02  -1.7295752e-01   1.5851675e-01   4.5436956e-02   4.2709665e-01  -8.8890365e-02   1.2304021e-01   1.6668026e-01  -1.7377602e-01  -2.1516237e-01   1.8637567e-01  -1.3693547e-01   7.5683259e-02
  -1.3612479e-01   1.6973478e-01   8.7330405e-02   1.3452232e-01   4.8663547e-02  -1.2669095e-01  -2.2860494e-01   4.2988534e-03  -1.0004021e-01  -2.6470190e-02   1.4170922e-02   6.7497314e-02   2.6609018e-01   6.0693508e-02  -9.4419256e-02   4.7221736e-02   8.6674046e-02   2.6753521e-01  -2.2661798e-02  -4.1764099e-02   1.2848114e-01   1.8247287e-01   2.2440052e-01   1.1063933e-01  -3.6840839e-02   3.0173954e-01   3.3017701e-01  -3.2166240e-03   8.1520323e-02  -1.4261474e-02   7.7479307e-02   1.4640781e-01   1.2525552e-01   1.5497322e-01   8.1050559e-02  -9.5847009e-02   2.7548395e-01  -4.5749120e-02  -1.2376994e-01  -1.3163048e-01  -9.9742871e-02  -1.5994664e-01   1.3594758e-01  -2.1908649e-02   8.0777436e-02  -2.3645723e-01   6.6879094e-02  -1.0688395e-01   1.6358170e-01
  -1.4025493e-01   6.7047837e-02  -5.2623545e-02   2.2566817e-01   8.8134944e-02   7.1523312e-02  -1.9134132e-01  -1.1467449e-01  -1.1999738e-01   1.6495844e-02  -1.7902765e-01  -5.7640356e-02   3.6435033e-02   1.9616832e-01  -1.3538878e-01   9.8899140e-02   1.7665687e-02   8.7575719e-02   1.7741502e-01  -1.3363521e-01   1.8041510e-01   1.7017260e-01   5.4335191e-02  -1.1913550e-01   1.0955943e-01   3.6320718e-02  -4.8688467e-02   1.1354451e-01   1.0204373e-01   1.6235862e-02  -3.6103125e-02  -4.5532051e-01   1.2802831e-03  -2.8741298e-01  -6.4072727e-02  -8.3801299e-02  -2.7116924e-01  -1.7688638e-01  -3.6894780e-02   3.4981610e-03  -8.3640446e-02   1.3839019e-01   5.1337166e-02  -1.4694969e-02   1.8826909e-01   1.7909174e-01   1.8951729e-01   1.5439551e-01  -3.8359177e-02
  -1.3506462e-01   5.1467798e-03  -3.4495591e-02   2.4522996e-02   4.3486755e-02  -2.1180179e-01  -1.2534820e-01  -2.8398210e-02  -2.4575148e-01   1.4465281e-02   2.4594162e-01  -1.8352507e-01   5.6169707e-02   1.2780043e-01   1.6262176e-01   2.6704133e-01   1.1627780e-01   3.3179136e-02  -2.2421413e-02   9.6484676e-03  -7.9691744e-02  -2.4316066e-01   2.3836779e-02  -9.8774857e-02  -6.7628478e-02   2.5258556e-01  -6.3903026e-03  -2.7629929e-03  -9.0162708e-02   1.5991104e-01  -2.3601102e-01   1.0095055e-01  -1.8992687e-01  -1.7565804e-01   5.7818887e-02   5.1464005e-02  -4.7696029e-02  -9.5091883e-03   1.9845382e-01   1.4849728e-01  -1.0449366e-01  -1.5442470e-01   1.8684970e-01   2.4736448e-01  -2.3774812e-01   2.1772948e-01  -1.1417395e-01  -1.3946606e-02  -2.9501976e-02
  -1.5593628e-01   2.2299348e-01   2.4495046e-01  -1.1654827e-02  -4.3233748e-02   1.3399757e-01   1.0544286e-01   1.4930059e-01  -1.4481512e-01  -8.4872090e-02  -1.4479385e-01  -1.6014724e-01  -8.9170383e-02  -1.9656749e-02  -1.9308763e-01  -1.4741089e-01  -2.8612236e-01   1.5630763e-01  -1.2558978e-01  -8.4375817e-02   9.9893871e-02   2.2436162e-02  -4.3743654e-03   1.0871578e-01   6.6330648e-02  -1.1186323e-01   1.1991080e-01  -1.0550792e-02  -2.0149335e-01   1.1907865e-01  -1.3171334e-01   5.9999661e-02   1.9603574e-01  -2.6493222e-01  -1.3556819e-02  -7.1097307e-02  -9.6764789e-02   2.3171286e-01   1.3271304e-01  -1.2709701e-01   2.0484894e-02  -1.3674610e-01  -1.2020076e-01   2.2023164e-01   3.1198781e-02   7.3333940e-02  -1.0097627e-01  -2.9005683e-01  -1.3557586e-01
  -1.2739494e-01  -2.1439153e-01  -1.0564414e-01   8.5317865e-02  -7.7530508e-02   1.2649875e-01   1.4956888e-02   1.6257848e-01  -1.4700830e-02  -9.3558609e-02  -2.1062956e-02   1.7554531e-01   1.5255399e-01   2.4180676e-02   1.2644479e-01  -4.5612269e-01   6.0576519e-02   9.5121227e-02   1.0531270e-01  -3.5316783e-02  -6.7480310e-02   7.6907091e-03  -1.3584447e-01  -4.7749412e-03   3.2043900e-03   2.7213758e-01   3.1548631e-02  -9.2131608e-02   1.0030477e-01   1.3242738e-01  -1.5757870e-01  -1.5718035e-01   9.3134780e-02  -5.3021088e-02   6.9849182e-02  -1.9235546e-01   5.1628383e-02  -9.8188541e-03  -1.4275076e-01   2.3435464e-02   2.7112409e-01  -1.6132686e-01  -1.7649341e-01   4.2035059e-03  -1.8052643e-01   2.0438209e-01  -2.1848366e-01   1.5670748e-01   1.3904455e-01
