  -1.4142902e-01  -6.3219038e-02   9.2915198e-02  -6.4307129e-03   3.6178547e-02   8.0524684e-02   6.2001953e-02  -2.6725108e-01   1.4532944e-01  -3.7780169e-02   2.8417079e-01   1.3700608e-02   1.6182552e-01   9.2362604e-02  -2.4716299e-01  -1.0072283e-01  -2.4343310e-02   3.9264078e-02  -7.2872953e-02   1.5812249e-01  -2.0089235e-01   2.5329562e-01  -1.2283947e-01  -8.1595469e-03   8.7220638e-02   1.3497868e-01   1.2052527e-01  -1.1901585e-01  -9.2976918e-02   2.4626201e-01  -6.9390176e-02   1.3797779e-01  -8.4147783e-02   1.4910689e-01   3.5781062e-02  -2.0371162e-02   3.7801605e-01   1.2577873e-01  -2.3828203e-02   2.1975069e-01   1.3703348e-01   1.4349203e-02  -1.8426509e-01  -1.1484241e-01  -8.9836452e-02   2.1078078e-01  -8.6828120e-02   2.9483335e-02   9.7090282e-02
  -1.3079193e-01  -5.2480968e-02   9.0790493e-02  -1.5421492e-01   1.3871514e-01  -2.1495442e-03   1.3035023e-01   8.0683206e-02   1.0039171e-02   3.2166368e-01  -2.3178135e-02   1.8044928e-02  -2.4841817e-01  -2.4350895e-01  -1.3712035e-01   5.4968615e-02  -2.0371679e-01  -8.5547459e-02   2.4806101e-02   2.6867103e-01  -1.5890276e-01   2.1703870e-01  -6.6946376e-02   7.6319411e-02   1.6921205e-01   1.0251976e-01   1.3905357e-01   2.4985805e-02  -6.5727904e-03  -8.6619040e-02   4.5510809e-02  -5.4142562e-02  -4.0194349e-03  -2.6678617e-01  -1.8766509e-01   9.9862591e-02   1.5048079e-01  -5.5787420e-02  -6.2396020e-02  -2.7753611e-01  -2.1473194e-01   3.0908967e-01   4.8671475e-02   3.0120607e-02   4.5955135e-02  -8.7912325e-02   5.3559826e-02   2.6260753e-02   2.8141522e-02
  -1.2454594e-01  -1.1043172e-01   3.0359049e-01  -7.8844546e-02   2.5980803e-02   2.5730394e-01  -5.9408157e-02  -1.7050215e-01   1.3447249e-01   1.0743935e-01  -7.0001866e-02  -9.0010115e-02   6.1899277e-02   1.4213721e-01  -2.9405753e-02  -1.5522087e-01  -6.5268654e-02   2.3380904e-01  -1.6506301e-01  -8.0448699e-02   1.3779909e-01  -9.7110192e-02  -2.9015526e-01   3.6686829e-02   8.9990013e-02   7.8453766e-02   1.4313287e-01   3.3332067e-02  -4.4367900e-02  -7.0616078e-02   4.7883952e-02   1.0430049e-01   3.2281999e-01  -1.1781130e-01  -5.4443153e-02   1.3965131e-04  -2.8065956e-01  -1.3230968e-02  -2.1512602e-02   2.7001786e-01  -1.4675244e-01   1.8078062e-02   1.1920567e-01   1.9754756e-01   1.9817938e-01  -5.2617866e-02  -7.9081511e-02  -1.4270141e-01   5.5656914e-02
  -1.3861654e-01   1.8685556e-02  -8.6275472e-02   7.0771205e-02  -2.3491447e-01  -3.9562498e-02  -3.2021434e-01  -2.5160822e-01  -5.5247080e-02   2.2761852e-02   8.8597530e-02   1.0682835e-02  -3.5790533e-02  -7.3792102e-03   2.9947872e-02   3.4847871e-01  -8.2239822e-02   1.6169395e-01   2.7945616e-02   2.6279617e-02  -2.0513035e-01   1.0642187e-01  -9.2657648e-02  -2.1118852e-01   2.5817063e-02   1.8793876e-02  -2.0758600e-02  -1.6333458e-01   1.5735591e-01  -2.0758384e-01  -1.3480664e-01  -1.8826504e-01   1.0890121e-01  -1.5911544e-01  -9.1106279e-02   2.1748568e-01   1.4500439e-02  -2.9626219e-02   1.1542785e-01  -4.4380350e-02   3.6013785e-01  -1.3709196e-01   1.1129252e-01   1.8072532e-01   7.0136310e-02  -2.3370473e-02  -2.7273208e-02   6.2391918e-02   8.2568778e-02
  -1.3960107e-01  -6.0307461e-03  -1.2137499e-01   1.0263048e-01   2.9068739e-01   3.5934871e-03  -3.3699465e-02  -8.6942410e-02   1.4296438e-01   2.2673801e-01   2.7044380e-02   8.2478226e-02   1.3674126e-01   1.1885666e-01  -6.5160644e-02   3.5437895e-02  -1.0994321e-01   2.0025178e-02   1.5676348e-01   1.9440620e-02   1.6950526e-01   1.3063740e-01  -5.9612805e-02   5.6323664e-02  -1.4709799e-01  -1.7746630e-01  -5.7513863e-02  -3.4782851e-01  -7.3216674e-02   1.4979878e-01  -1.6431206e-01   1.2760057e-01  -2.7683360e-01   6.2102479e-02   8.2925599e-02   1.5976550e-01  -2.5347078e-01  -2.2719181e-01   7.4592629e-02  -3.9427864e-02  -2.6194592e-02   3.3870427e-02   3.5144293e-02  -1.9265417e-02   2.3392655e-01  -1.3616651e-01  -2.2765523e-03   1.7885520e-01  -2.4748453e-01
  -1.4692643e-01   2.0195956e-02   2.4199049e-02   1.7360208e-01  -5.9575845e-02   3.5985213e-01   7.2636411e-02   1.5994319e-01   5.3921281e-02   1.0108610e-01  -1.1647178e-01  -9.3876941e-03   2.3726202e-02  -5.2851175e-02   1.7780136e-01  -8.9805559e-02   1.5237408e-01   2.3014068e-02   1.9637352e-01  -2.1265732e-01  -2.6388278e-01   3.9639163e-01  -1.2004153e-03   1.1236150e-01  -5.5880316e-02  -3.5230312e-01   1.1420151e-02   8.6789849e-02  -1.5488546e-01  -4.4645573e-02  -8.3561328e-02   1.2962489e-01   1.0025702e-01  -2.9766368e-02  -6.0404748e-02  -9.6689185e-02  -9.1311998e-02   1.8850020e-01  -1.9725575e-02  -1.1454635e-01   2.4916477e-01   5.0294113e-02   2.1705087e-02  -7.0801488e-02  -1.5452622e-02   2.0086190e-02   6.1488019e-02  -1.5988742e-01   2.4015187e-02
  -1.4723070e-01   1.8904545e-01   1.4635331e-01  -1.6132552e-02  -1.5350069e-01  -2.1410014e-01   1.2599569e-01  -6.8473822e-02   6.6472890e-03  -8.9839568e-02  -1.4229198e-01  -2.9891627e-01   8.9484810e-02   5.1034693e-02   1.2174570e-01  -4.5636186e-02  -5.4002219e-02  -1.6929555e-01  -1.1422876e-01   5.1707585e-02   2.1035980e-01   1.2874890e-01   1.4459904e-01  -1.6582647e-01  -1.2884518e-01  -1.1988765e-01  -9.2026012e-02  -6.6133659e-02  -4.4691695e-02   2.1486656e-02  -3.1802501e-01   1.0416275e-01   1.0421890e-01  -4.9558328e-02  -2.7833520e-02   1.0037602e-01   7.9101563e-02  -1.7839384e-01   1.3293061e-01   8.4239960e-02  -5.8217545e-02   3.2716293e-01   2.0285451e-01   3.2411133e-03  -6.4661178e-02   2.3822715e-01   1.7537120e-01  -6.0971874e-02   1.9210401e-01
  -1.4407848e-01  -2.5053347e-01  -5.7638551e-02   1.0719814e-01  -1.1939177e-01  -2.7722450e-01   4.5676433e-02  -4.7458657e-02   1.4178475e-01  -1.2504988e-01  -3.9889434e-02  -1.3624683e-01   1.5836135e-01  -1.2489569e-01   1.0608630e-01   1.3138539e-01  -1.4309704e-01   1.8297599e-01   6.2568060e-02   3.7810009e-02  -3.1683628e-03   6.8734339e-02  -1.4327135e-01  -2.3250400e-01   7.5714131e-02   2.8670242e-01  -5.2752488e-02   2.9578016e-01  -2.0675707e-01  -4.0917099e-02   4.8453923e-03   2.3398660e-01  -4.9843322e-02   5.7847465e-02   7.7076015e-02  -1.9690315e-02  -1.9078719e-01   1.7378925e-01  -9.3629246e-02  -1.3038846e-01   8.7802455e-03   8.1814284e-02   4.1978769e-02  -1.1132481e-01  -1.0248715e-01  -6.0067057e-02   1.3863942e-01   5.0294816e-03  -3.2603162e-01
  -1.4765791e-01  -2.5694468e-03  -1.9741123e-01  -2.2334814e-01  -6.6959628e-02  -1.2621010e-02  -6.0397164e-02   2.9317015e-01  -5.2951512e-03  -3.5216785e-02  -1.8752583e-02   1.0892967e-01  -6.4442287e-02  -8.0601360e-03   4.6151515e-02  -2.9809106e-01  -1.9657104e-01  -1.3350448e-01   1.2940750e-01   1.4943127e-02  -8.3834136e-02   2.3529745e-03  -4.1939979e-02  -3.3882803e-01   1.9755464e-02   7.0253097e-02  -5.3389346e-02  -2.3491093e-01   4.6505898e-02  -2.2683947e-01   1.4577127e-01   5.4538819e-02   1.0496476e-01   2.2464120e-01   4.5342524e-02  -6.9237435e-03  -8.4608235e-02   1.7543960e-01  -6.1176550e-02   1.2439740e-01   1.9112512e-02   9.6469718e-02   6.2403416e-02  -1.7221222e-01   3.2877825e-01   1.7728911e-01  -1.0667063e-01   1.4769844e-01   1.0718475e-01
  -1.4716526e-01  -3.2348346e-02  -4.9260750e-02  -6.6995446e-02   2.2876216e-01  -1.0312160e-01   1.8551328e-01   1.2542483e-01   1.3521581e-02  -5.2970804e-02   1.8183746e-01  -2.0389330e-01  -2.8080398e-02   1.4015871e-01  -2.6181645e-02  -8.3717752e-02  -1.2164247e-02   1.9948068e-01   2.3821369e-01   1.4697714e-01  -7.0275058e-03  -2.2224290e-01   1.8513304e-01  -1.5685267e-01   1.2514635e-01  -3.0641076e-01   7.8413938e-02   1.2531431e-01   2.1124849e-01  -3.3753069e-02  -1.2668646e-01   1.9378154e-01   9.4509167e-02  -1.4740283e-01  -2.2387317e-01   2.1811146e-01  -2.0454046e-02   1.8117121e-01   1.2422918e-01   1.0054471e-01   1.4376927e-02  -1.0721042e-01  -1.5449767e-01  -2.0856243e-02  -1.6056334e-01  -1.5993443e-01  -1.2526173e-01   6.1292040e-02   1.3916020e-02
  -1.4536914e-01  -1.2185031e-02  -1.4674607e-01   1.2289505e-01   1.5054122e-01   2.3178890e-01   5.4693339e-02  -6.2208251e-02  -7.0931834e-02   6.1152314e-02  -6.7700532e-02  -2.0557625e-01   1.1116846e-01   1.3916313e-02   3.9086533e-02  -1.1256368e-01  -2.1604671e-01  -4.7735673e-02   8.4478023e-03  -3.6854305e-01  -1.2332330e-01  -2.1107733e-01   3.6575590e-03  -2.0137130e-01   1.2833484e-01   1.4826628e-01  -1.9555772e-01  -9.3809052e-02   9.8183232e-02   1.1644049e-01   1.0723736e-01   2.4780707e-02  -3.1102443e-01  -2.4046393e-01  -6.0102676e-02  -5.3459459e-02  -8.3552072e-03  -1.0451888e-01  -2.5664025e-01  -6.9846274e-02   2.9052719e-02   3.3618269e-02  -2.3708726e-02   1.6791382e-01  -2.1040178e-01   1.1264251e-01   4.5498950e-02   2.0044520e-02   1.9378998e-01
  -1.5502831e-01  -2.0114994e-01  -1.0258820e-01   3.2122738e-01  -1.1194657e-02  -2.0872803e-01  -1.4676729e-01  -9.9846769e-02  -1.1242317e-01   4.1957823e-02  -1.9355927e-02   2.4457074e-01   8.0451759e-02   1.7003620e-02  -6.3587389e-03  -2.2423832e-01  -9.2667093e-02  -1.1372936e-01   1.1060642e-01  -1.3339834e-01   5.2118887e-02  -1.8380079e-01  -1.1599999e-01  -4.5320236e-02  -1.0672617e-01  -7.3324963e-02   3.3461720e-01   6.6780986e-02   1.4671475e-01   1.9239497e-01  -2.7277866e-01  -6.8434313e-02   1.9644217e-01  -2.3055411e-02   5.9381598e-02  -1.7749165e-01   1.8004864e-01   1.3102197e-01  -4.5425155e-03  -2.4445019e-01  -1.4779745e-01   4.8549851e-02   2.9628693e-02   1.8873304e-02   8.9725004e-02  -7.0199353e-02   2.1729731e-02  -5.2319088e-02   1.2407694e-01
  -1.4770266e-01  -3.3632702e-02   1.8686055e-01   1.3363274e-01  -2.5208441e-01  -1.5336668e-01   1.8250389e-01  -7.3457629e-02   1.7834340e-01   1.2358550e-01   5.0528697e-02   7.6167468e-04  -2.5975252e-01   9.1775206e-02   1.3874685e-01   9.7464100e-02   5.6274427e-02  -1.1108953e-01   1.6654763e-01  -3.8595225e-02   2.4205894e-02   5.7237948e-02  -4.0463515e-02  -7.4565109e-02  -1.2579403e-01  -5.6327350e-02   1.3902723e-01   2.1056865e-01   2.5552139e-01   2.1145671e-01   2.0178750e-01  -2.3745651e-01  -2.7306590e-01   8.9736673e-02  -2.2188467e-01  -2.7435454e-02  -1.9171364e-01  -3.6007751e-02  -1.0162598e-01   2.0107632e-01  -3.6559612e-03   4.0236187e-02  -9.8608848e-02   3.1667028e-02   1.3764868e-01   1.8320240e-01  -1.0731345e-01   1.8905195e-02  -2.2467353e-02
  -1.4636464e-01   1.6545044e-01   3.8548175e-01  -9.7910095e-02   4.1314034e-02  -3.1562021e-02  -1.9009229e-01   1.0314649e-01  -8.4418523e-02   1.7304541e-02   2.3231461e-01  -3.4536017e-01   1.3987098e-01  -1.1870841e-01   1.7066307e-01  -2.6165440e-02  -8.2251532e-02  -1.5863446e-01   6.1543157e-02   1.1552920e-02  -1.2869280e-02   3.2200714e-02  -2.2114969e-01  -2.1938431e-02  -1.4198170e-02   3.6848884e-03   3.7249730e-02  -8.8571644e-02   6.6137712e-02  -5.2552738e-02  -7.1032002e-02  -1.6566885e-01  -2.5182816e-02  -3.0779824e-02   8.2613336e-02  -2.5649088e-01  -7.7618987e-02  -1.2710966e-01   1.3771268e-03  -1.3030536e-01  -5.5103350e-02  -2.5911916e-01  -1.1755195e-01  -3.5767265e-01  -7.6862618e-02  -1.5681892e-01  -8.8377497e-02   1.6573196e-02  -4.5514982e-03
  -1.4667019e-01  -1.1280806e-01   4.1811603e-02   1.3212814e-01   1.2637702e-01  -1.2279939e-02  -6.4285380e-02  -6.1796092e-02  -3.1334908e-02  -2.6327679e-01  -5.5875616e-02   2.3500204e-03  -7.2473616e-02  -1.8722011e-01  -1.5907749e-02  -9.3060629e-02  -3.3692309e-01   8.7316660e-02   2.2634834e-02   6.6457712e-02   9.4663471e-02   1.4439230e-01   1.4780359e-01   2.5463636e-01  -2.5837660e-01   4.1550729e-02  -2.5056461e-01   1.4273652e-01   1.8196916e-02  -1.7652907e-01  -2.8709638e-03  -6.3345820e-02  -2.5708162e-01  -1.1135456e-01  -4.2028504e-02  -2.0312536e-01   1.0835036e-01   1.6093522e-01   1.5650093e-01   2.7725968e-01   2.0078595e-02  -1.9753897e-02   5.3336584e-02   4.7922355e-02   1.5034227e-01  -2.0880782e-01  -8.9547646e-02  -2.6040409e-02   1.6959321e-01
  -1.3278378e-01  -5.8083795e-02   1.1801314e-01  -5.6849364e-02  -1.2894259e-01  -1.8505484e-02  -5.0983662e-02   1.3247312e-01   2.4555109e-02  -3.2260706e-01  -1.8440936e-01   2.2978809e-03  -9.6394128e-02   2.0634794e-01  -2.7967934e-01   5.5039156e-02  -1.4606978e-01  -7.5415673e-02   1.0706267e-02  -1.9240927e-01  -1.0381564e-01  -5.9184741e-02  -3.2280185e-02   3.0745808e-01  -2.0447313e-01   9.5246954e-02   9.1555407e-02  -6.4110239e-02  -7.8582111e-02  -3.0984884e-02  -6.2288785e-02   7.4645687e-02   1.5258567e-01  -6.6606377e-02  -2.2956361e-01   3.3690665e-02  -1.2604778e-01  -8.7771211e-02  -2.4141960e-02  -1.2053167e-01   5.9102150e-02   1.3663515e-02  -2.4901452e-01  -3.5314645e-02  -1.1465710e-01   1.0605015e-01   6.6886639e-02   4.2388068e-01  -5.6577105e-02
  -1.2503476e-01   1.4601914e-01   1.2636292e-01  -1.0410785e-02  -1.8023784e-01   3.7720031e-02  -3.3533037e-02   6.6946819e-02   2.0199272e-02   1.9524989e-01  -7.6458267e-02   1.3529397e-01  -2.5510851e-02   5.9196105e-02  -1.1295542e-01  -1.0848739e-01   1.5535132e-01   8.8688631e-02  -1.5699082e-01   1.2631166e-01   1.8696016e-01  -1.3220892e-01   1.2181510e-01  -4.8265675e-02  -1.7329406e-03   2.1158175e-01  -1.6411157e-01  -7.2963131e-02  -1.7241312e-01   3.2518572e-02  -2.7978169e-01  -6.5443796e-02  -2.2912232e-01  -7.8490579e-02  -1.2828507e-01  -2.4989793e-02  -1.8634329e-01   3.5715826e-01   7.4842634e-02  -2.8939163e-01   5.7439845e-02   2.8121032e-03  -6.8826429e-02  -1.0456310e-02  -5.6049485e-02   7.5089218e-02  -3.6161675e-01  -7.1893287e-02   5.7217672e-02
  -1.2249736e-01  -6.4669478e-02  -5.1984927e-02   2.8931862e-02   1.6992216e-01  -1.1733406e-01   6.2452551e-02   1.6586898e-01   2.4734897e-01  -1.6071286e-01   1.2858753e-01   1.1229087e-01   1.0519124e-02   1.0156326e-01   8.0224372e-02   8.9265371e-02   2.8999118e-01   2.6342216e-01   1.2662600e-01   1.4803472e-01   4.0476983e-02   4.9679075e-02   6.8389151e-02  -6.2169983e-02  -2.2563534e-01   1.3449093e-01   9.2110338e-02  -2.4849183e-01  -1.3585425e-01  -7.0992008e-02   6.9441906e-02  -2.3049852e-01   8.1496064e-02  -2.1659025e-01   1.4692519e-01  -1.3437039e-01  -1.0406896e-01  -8.0315269e-02  -2.7361807e-01   1.6412602e-02  -2.6688841e-02   1.0672188e-01  -4.4970166e-02   1.8813696e-02  -1.2618851e-01  -4.6661957e-02   1.2065495e-01  -6.7261890e-02   3.1654223e-01
  -1.4887724e-01   1.2895629e-02  -1.9793309e-01  -2.1768585e-01   1.2262095e-01  -8.2490124e-02   1.4918650e-01  -6.2742464e-02  -2.5940531e-01  -3.0580638e-02  -6.1055375e-02   1.3645072e-01  -4.3541241e-02  -2.5216691e-02   1.7068569e-01   3.6448772e-01  -3.5210249e-02   1.0682720e-01  -2.1941255e-01  -2.4918407e-01   1.4416671e-01   3.2048868e-01   1.0107941e-01   3.3807352e-02   1.7208434e-01   6.0336171e-02   1.1109253e-01  -1.2877194e-02   8.5627728e-02   1.2922234e-01  -1.2216070e-01   1.6050347e-01   6.2723435e-02   8.0848868e-02  -8.8621379e-02  -1.2662478e-01  -1.3913400e-01   2.7638713e-02  -7.0788950e-02   1.6769546e-02  -1.7200221e-01  -1.7268306e-01  -1.0389990e-01  -1.2567970e-01   5.9496928e-02   4.2311728e-03  -1.2830815e-01   1.1138661e-02   2.3205521e-01
  -1.4437457e-01  -2.5360788e-01   1.1624837e-01  -4.4535086e-02   4.1505502e-02  -7.1949734e-02   4.7051893e-02   2.5791894e-02  -8.8052652e-02   2.9469733e-02  -2.2119989e-01  -2.9317478e-02   4.0044868e-01  -2.2289353e-01  -2.6734671e-01   1.7571315e-01   1.4060566e-01  -2.3070274e-02   1.8057627e-01  -2.4127191e-02   1.0018185e-01  -5.5034825e-02   1.6490493e-02   7.4240212e-02   9.4931861e-02  -1.1972206e-01  -9.9478986e-02  -2.1989737e-01   1.1094507e-01  -1.7066994e-01   1.5783059e-02  -2.0865630e-01   3.6580891e-02   3.1944370e-01  -2.8243178e-01  -3.8552002e-02   6.1722619e-02   4.2864517e-02  -1.5607864e-01   7.5376056e-02  -2.7319424e-02   4.2429993e-02   4.1227964e-02   7.0762758e-02  -1.0433508e-01   5.9308104e-02  -5.0554082e-02  -1.6427005e-01  -7.7967618e-02
  -1.6054260e-01   5.9947569e-02  -1.7058266e-01   7.9569721e-02   7.9053047e-02  -1.3098025e-01   4.2024532e-02   2.1389087e-01   3.8480620e-01  -1.6699114e-02   4.4960868e-02  -1.9628788e-01  -2.5338778e-01   2.4205562e-01  -1.3880567e-01   1.1412769e-01  -1.0503518e-01  -4.0962837e-03  -9.7581293e-02  -8.7225146e-02   7.7037149e-02   1.0433279e-02  -9.4146798e-02   1.6927001e-01   1.1404952e-01  -3.1633886e-03  -1.9332960e-01  -4.0945202e-02   1.4973508e-01  -4.1707409e-02  -2.6081338e-02   2.6352091e-02   1.3152534e-01   6.0847978e-02   6.5424696e-02  -1.8402845e-01   2.2375418e-01  -4.3482269e-02  -3.3578817e-02  -1.8351260e-01   4.0939050e-02  -1.8472838e-01   1.4241291e-01   6.3094056e-02   8.5722071e-02   1.5253265e-01  -1.1514976e-01  -3.1220282e-01  -1.5371335e-01
  -1.3422793e-01  -1.9579026e-01  -4.1198504e-02   9.0163389e-02   3.1820192e-02   1.2238469e-01  -8.1522821e-02   1.9888573e-01  -2.3603456e-01  -3.7425487e-02  -6.4209380e-02  -6.3268723e-02  -1.1948422e-01   7.3211763e-03   2.9603268e-01   5.7344562e-02   7.4508883e-02   1.1491390e-01  -1.4777360e-01   1.6537887e-01  -3.0973091e-01  -9.4373472e-02  -5.7819546e-02   1.4469617e-01  -8.1916636e-02   2.5234281e-02  -4.2067249e-02  -6.4507799e-02   9.1583444e-02   5.5060706e-02  -3.0599103e-01  -8.5679066e-02  -3.2740463e-02  -6.0605726e-03   1.7911974e-01   1.1209843e-01   3.9444613e-02  -2.3993531e-02  -1.2108743e-01   2.3531390e-01  -2.4114027e-01   1.1567203e-01   4.7902525e-02   2.2799706e-02  -9.5571247e-02   2.0244953e-01  -2.2251742e-01   2.9480916e-02  -2.9263367e-01
  -1.3911431e-01  -2.6707329e-01  -8.9458764e-02   7.2117594e-02  -2.1069008e-01  -6.9362356e-02  -2.8722503e-01   5.7882778e-03   1.4567916e-01   2.0313319e-01   6.9620305e-03  -1.0093231e-01  -2.7266045e-01  -9.5358835e-02  -6.6461643e-02  -5.4949239e-02   2.0258963e-01  -7.0832838e-02  -1.6790282e-02  -2.2681709e-01   1.5884358e-01   6.1976085e-02   3.6216049e-02   7.1579570e-02   2.3157200e-01  -5.0079620e-02  -1.6278809e-01  -7.7539760e-02  -1.8767991e-02   2.0133138e-02   8.4065068e-02   4.2847023e-02   5.0795820e-02   4.0999874e-02   1.8597468e-01   8.8515417e-02   2.7592068e-02  -4.2866520e-02   1.3606129e-01   1.8192131e-01  -7.3122240e-02   1.8550443e-01  -1.1674010e-01  -1.4681320e-01  -2.7903503e-01  -2.5943439e-01  -7.5458978e-02   1.3662430e-01   1.5436239e-01
  -1.6376457e-01   4.1452667e-02   1.3215612e-01  -1.3694643e-01   2.0180956e-01   5.0873942e-02  -1.2750580e-01  -1.2578273e-01   2.9501024e-01   1.1492998e-01  -8.0597194e-02   9.6230739e-02   5.9844884e-02   9.6213088e-03   2.5669900e-01  -1.5272361e-01  -1.3499380e-02  -1.0892878e-01  -1.0124135e-01  -4.8690374e-02   9.4603368e-02   8.8947655e-02   2.7932950e-01   1.1632935e-01   3.7269178e-02   1.2490202e-01   5.6110246e-02   1.1039674e-01   2.4334704e-01  -1.9392640e-01  -9.6972949e-02  -1.4377178e-01   1.2962169e-02   1.4486500e-01   1.5508194e-01   2.3404542e-01   4.5927695e-02   2.1681558e-01  -1.4353164e-01  -5.7850037e-02   1.2985865e-02  -1.7070517e-01  -9.4124558e-02   1.1969502e-01  -9.7957901e-02   7.8468925e-02   2.9086304e-01   1.5683110e-01  -9.0302608e-02
  -1.3196105e-01   2.8220077e-01   3.7121197e-02   7.0494428e-02   1.2459620e-01  -1.3927791e-02  -1.5364272e-01   1.4428530e-01   1.5296563e-02   2.6096420e-03  -2.4769430e-01   7.5454213e-04   3.0249496e-02  -1.9592863e-01  -1.8561109e-01  -5.5438489e-02   8.4494431e-02   4.0506674e-01   6.0478415e-03  -2.5905408e-01  -2.5565756e-02   4.9446532e-02   6.7955172e-02  -1.6794045e-01  -1.5566760e-01   1.5540835e-01   2.0744408e-01   7.6917060e-02   1.1755460e-01   5.0072650e-02   1.6428987e-01  -4.5089643e-02  -5.4465138e-02  -1.7976082e-02   4.2435222e-02   1.9449025e-01   1.6325351e-01  -1.4122729e-01   2.6959231e-01   2.2866584e-02  -8.2309955e-02   3.5000637e-02  -9.8329935e-02  -2.0858249e-01   4.2223477e-02   1.2295730e-01  -2.2684524e-02  -1.5578316e-01  -1.2446894e-01
  -1.5284915e-01   3.3067556e-02  -1.7073796e-01  -2.9882537e-01  -5.0633115e-02   1.2012604e-01   1.1278001e-01  -2.8055283e-01   1.6717053e-01  -1.4618799e-01  -2.2859364e-01  -6.5838376e-02   2.9958439e-02  -7.0061710e-02   2.5560780e-01   9.2640684e-03   5.8667756e-02   4.0089637e-02   1.3040943e-01   2.1446913e-02   9.5622612e-02  -9.7236379e-02  -2.3051424e-01   2.1265430e-02  -1.6772649e-01  -1.5640585e-01  -1.2821976e-01   1.7733574e-02  -1.8533847e-01   1.8808955e-01   1.8919982e-01  -1.6856707e-01   9.6287268e-02  -5.2215254e-02  -8.7175054e-03   1.4267260e-01   2.8837971e-01   8.1080472e-02   1.3108161e-02  -1.8695591e-01  -1.2324477e-01  -7.8789495e-02   4.5647667e-02  -4.8097720e-02  -1.6331186e-03  -4.8506231e-02  -2.4965130e-01   1.6056105e-01   5.1160987e-04
  -1.2156500e-01  -9.6576962e-02   1.1822982e-01   1.1882541e-02   3.4771171e-01   1.0212390e-01  -2.3632308e-01   1.6246153e-01   8.4735713e-02  -2.5142779e-01  -3.6102568e-02   1.4419243e-01   1.2615313e-02   9.7415582e-02   1.5987806e-02   1.4191405e-01   2.4636373e-02  -1.7750516e-01  -1.0095194e-01   1.0237834e-01  -7.9073803e-02   2.0355161e-02  -1.5812673e-02  -1.5702643e-01   2.2185543e-01  -5.2404917e-02  -2.6986615e-02   1.2766643e-01  -5.8506054e-02   3.1336513e-01   1.3313653e-01  -1.7871644e-01  -7.0629335e-03   9.5586846e-02  -9.5862014e-02  -5.6250421e-02  -1.6372903e-01   5.0674304e-02   3.6999655e-01  -5.4732227e-02   2.3278830e-02   6.3441594e-02   2.9802805e-01   3.7803641e-02  -1.3122788e-01   7.1023261e-02   4.1129240e-02   7.3347433e-02   7.7864922e-02
  -1.4496786e-01   2.3367620e-01  -1.9336292e-01  -5.0457393e-02   7.7772055e-02   1.3129405e-01  -2.7098895e-01  -1.1085828e-01  -3.6504120e-03   1.3018648e-01  -1.1715546e-01   9.0988250e-02  -3.4417064e-02   2.7637046e-01   7.3848582e-03   2.1966716e-01   1.1044507e-01  -1.3018359e-01   2.1491138e-01   1.3498088e-01  -3.2239091e-02  -1.8589835e-01  -1.6962959e-01  -1.2976615e-02  -4.5473818e-03   6.5609673e-02  -7.0296671e-02   2.6553003e-01  -1.3398685e-01  -2.3898438e-01  -1.4057558e-01   1.0378373e-01  -1.1844941e-01   8.8047080e-02  -1.7355774e-01  -1.3290555e-01   9.8088056e-02  -5.3073656e-02  -1.1878350e-02   1.8277658e-01  -1.6921057e-01   7.3835754e-02  -1.6694930e-01  -1.5165196e-01  -4.0324193e-03  -3.2556901e-03   2.0508324e-01  -1.3059394e-01   8.6482372e-02
  -1.3106490e-01  -5.7076943e-03  -2.0993009e-01  -4.6364386e-02  -4.4026943e-02   7.3710857e-03  -1.3185845e-01  -1.5542842e-01  -2.1938521e-01   1.4061158e-02   1.1004235e-01  -5.9282592e-02  -1.1266266e-02   1.2047716e-02   1.7029171e-01  -1.2689366e-01   7.2101855e-03  -5.8499941e-02   1.2150158e-01   2.0171526e-01   1.5441954e-01   5.4648237e-02   2.1769862e-02   2.5939036e-01  -9.4949748e-02   1.6314496e-01   5.6947429e-02  -2.5660745e-01   1.7483270e-01   8.7987868e-02   3.3822535e-01   1.5163875e-01   1.0076819e-01  -1.1585367e-01  -1.3113543e-01  -7.4295638e-02  -1.5741492e-01   1.1774954e-01   2.4246640e-01  -6.1133590e-02   3.8363130e-02   5.7987862e-02  -6.9382899e-02   2.6154551e-02  -1.9721264e-01   2.0284206e-01   1.3392973e-01  -2.5038662e-01  -1.7693464e-01
  -1.5641950e-01  -1.6271648e-01   1.9242615e-01  -2.8040627e-01  -7.8932622e-02   1.0022592e-01  -5.8439582e-02   8.7998740e-02  -9.4789872e-02   1.1438308e-02   3.1718535e-01   2.2202638e-01   6.0634534e-02   1.0810693e-01   1.5168554e-01  -1.6492066e-02   1.5391729e-01   1.5988555e-01   4.7644686e-03  -1.7771964e-01   1.1746275e-01  -4.7023053e-02   1.6606914e-01  -8.4273296e-02  -4.1595476e-02   5.3894415e-02  -2.1458221e-01   9.9065141e-02   9.0747021e-02   5.1632561e-02  -7.6476562e-03   1.1983648e-01   1.1888561e-02  -5.8752258e-02  -1.5335351e-01  -2.0739832e-01   2.9601971e-01  -2.2006219e-01   1.1451690e-03  -9.6510906e-02   1.3282650e-01   2.2417246e-01   4.6672761e-02   4.4183175e-02   1.6497466e-01  -8.6905446e-02   5.9419535e-02   8.7265321e-02  -2.3979558e-01
  -1.3646468e-01   1.3749488e-01  -1.1104664e-01  -9.3005469e-02   7.6714910e-02  -1.0376174e-01   7.7271380e-02  -2.3158765e-01  -1.8053322e-02   1.7501902e-01   6.9374448e-02  -2.2122603e-01   7.7393048e-03   4.5646453e-02  -1.1050649e-01  -6.2025752e-02   1.1629277e-01   5.5019803e-02  -9.7606380e-02  -3.0364822e-02  -4.1046656e-01  -3.8474085e-02   2.0642895e-01   1.2827079e-02  -2.5831790e-01   6.5879648e-02   1.0377922e-02   8.8394760e-02   2.2099276e-02  -7.3273270e-02   7.6942186e-02  -2.6702399e-03   1.0462227e-01   3.6055314e-01   6.0260330e-02  -2.6298139e-01  -1.5673226e-01  -4.3012265e-02   1.2601506e-01  -1.2255990e-01  -7.8430159e-02   1.3876599e-01   1.2071802e-01   2.1401974e-01  -6.6817405e-02  -1.7498187e-01  -1.4322100e-01   1.3434170e-01   3.6451860e-02
  -1.2472382e-01   2.0737966e-01   4.4765506e-02  -6.4636792e-02  -1.5456222e-01  -4.8254092e-02  -1.3597823e-01   1.5922003e-01  -1.8377914e-01  -1.9347867e-01   1.0194749e-01   5.7119931e-02   5.9164105e-02   2.8616234e-01  -3.1861967e-02  -7.1303227e-02  -8.9368595e-02  -4.3504773e-02   2.9231518e-03  -5.4059345e-02   1.4513652e-02   1.7615260e-01  -8.2591349e-02   7.9038050e-02  -4.5245981e-02   9.5099532e-03   9.3709105e-02   3.4559627e-02   7.7033126e-03   6.1271140e-02   1.3352563e-01   4.5906910e-02  -1.7383761e-01   1.8447655e-01  -4.8171387e-03   3.7522457e-01   4.3925499e-02   5.8295366e-02  -2.8002989e-01  -5.2444472e-02  -7.1783782e-02   8.1256521e-02   1.9278772e-01   1.4174824e-01  -1.5585710e-01  -3.7993298e-01  -8.8340997e-02  -2.3968739e-01   3.7258740e-02
  -1.6101738e-01  -3.3646646e-01  -1.2908372e-02  -3.9605832e-02   5.3116089e-02  -1.0829157e-02   1.8000020e-01   2.8533913e-02  -1.0709730e-01   2.6330423e-02  -1.0946765e-01  -1.1646512e-01  -2.5574870e-03   6.3530624e-02   3.2176240e-02  -8.8153769e-02   1.6257678e-01  -2.0670310e-01  -2.4556925e-02   6.3410327e-02  -1.5441104e-01  -1.0472958e-01   7.9248367e-02   7.3356072e-02  -6.5693712e-02   3.0010735e-01  -8.5346760e-02   7.5339151e-02  -7.6009368e-02   1.1964335e-01  -4.6008798e-02  -3.4573090e-02   3.9420665e-02   6.6499210e-02   4.7095831e-03   3.1583833e-01  -3.5140183e-02  -2.2103382e-01   1.1274502e-01  -6.3122343e-02   2.3189159e-01  -2.0405550e-01  -9.5657773e-02  -1.5172111e-01   2.8730261e-01  -1.5021623e-01   8.4145705e-02  -2.7863679e-01   1.7739960e-01
  -1.5494177e-01  -8.5210810e-02   1.7582538e-01   2.4458924e-02  -6.9114226e-02  -5.2859870e-02  -5.2542273e-02  -7.1749833e-02  -1.1567137e-01  -1.0755608e-01  -4.1371701e-01  -1.9596246e-02  -1.0777807e-01   1.6407287e-01   6.3256559e-02  -6.9125827e-02   9.9457530e-02   4.3088781e-03   6.5904499e-02   2.2786142e-01   8.3213328e-03   5.0034799e-02   1.6714267e-01  -1.3002326e-01   2.4494037e-01  -1.1774323e-01   2.5932261e-01  -1.1814810e-01  -8.5281439e-02  -1.4155433e-01   1.5371460e-01   2.1938951e-01  -2.1435200e-01  -2.3268890e-02   2.0732304e-01  -2.2956577e-01   1.3893416e-01  -1.9111001e-01  -2.0646026e-03  -8.9474857e-02   6.3576591e-02  -1.7200936e-01  -7.0187108e-02   2.1528417e-01   3.9601026e-02  -3.1581649e-02  -1.0868286e-01   4.1384151e-02  -5.6592961e-02
  -1.7940800e-01  -1.5411774e-02  -1.6388722e-01  -4.4302810e-02  -1.9687307e-02  -2.0322577e-01   2.3412875e-03   4.1826078e-02  -1.1273633e-01  -2.4447238e-02   2.8327432e-01  -7.6337017e-02  -3.7755950e-02  -6.8280888e-02   7.2820136e-02  -2.3103404e-01   5.4206380e-02   1.3716462e-01  -1.3405981e-01  -1.7283105e-01   1.1630674e-02  -5.3630581e-02  -7.8577596e-02   1.4915147e-01   2.0045035e-01  -1.6973401e-01   1.6028769e-01   2.2807034e-02  -4.6403548e-01  -1.7712715e-01  -1.3057746e-02  -2.5131539e-01  -2.1534661e-01   6.2228619e-02  -1.6432669e-01   5.6616053e-02   8.5596925e-03  -6.1377738e-02   1.2427316e-01   8.6859545e-03  -7.0524884e-02  -1.1719281e-01  -9.1619777e-03   1.6265805e-01   8.2743529e-02   1.9894599e-01   1.8042261e-01   2.0546909e-02  -2.0901351e-02
  -1.6143339e-01   9.7513704e-02   2.4745641e-03   1.9317359e-01   2.0269196e-03  -1.1853411e-01  -1.1062693e-02   1.6222200e-01  -1.6521682e-01   1.6124915e-01   6.1023213e-02   2.8408016e-02   1.6356426e-01  -6.0469559e-02  -1.5030272e-01  -5.7169914e-02   3.0937279e-01  -8.9867504e-02   8.8313873e-02   1.0172037e-01   6.6029363e-02   1.7520754e-01  -1.2432484e-01   4.2348955e-02  -7.2761530e-02   1.1054640e-01  -2.2080351e-01   2.1113083e-01   3.2828787e-02   2.0888276e-02   1.3344216e-01   2.0506604e-01   1.0789693e-01  -1.7772933e-01   2.0366679e-02   6.8505240e-02   4.8017282e-02  -1.5296878e-02  -6.9076197e-02   6.3553442e-02  -1.4846477e-01  -3.5234672e-01   2.1456237e-01   1.6436402e-01   3.6328653e-02   1.6644463e-01  -1.4743218e-02   3.2988829e-01   9.5186399e-02
  -1.4489697e-01   1.6747442e-03   1.3515313e-01  -3.6166035e-01  -8.8141071e-02  -2.8450760e-01  -7.9655467e-02  -6.5445387e-02  -1.4712893e-03   1.3762531e-01  -1.0067923e-01   1.9816627e-01  -5.4876243e-02  -6.5034359e-02  -1.6077061e-01   2.1491275e-02  -7.0544326e-02   1.0805514e-01  -6.4503077e-02  -1.3811133e-02  -2.7094683e-01  -2.1355172e-01   3.1761444e-03   1.1008665e-01  -6.4922365e-02  -2.9666101e-01  -1.3324913e-01  -3.0377024e-02   2.2897558e-02   2.0323745e-01   4.9472803e-02   1.1610703e-01  -1.1492483e-01  -1.7851532e-01   2.0013332e-01  -4.7762939e-02  -1.0815502e-01   1.1399216e-01  -1.1154430e-01   9.9893905e-02   5.5311323e-02  -1.3503751e-01   1.7809054e-01  -1.5378663e-01  -4.7315984e-02   7.2750508e-02   2.5590069e-01  -1.4751852e-01   4.3891556e-02
  -1.3499775e-01   1.6145601e-01   3.4337317e-02   5.7442241e-02  -1.4764486e-01   2.0466898e-01   2.3465358e-01   5.7866007e-03  -2.1829408e-01  -4.9785765e-02  -2.8878258e-02  -1.8503352e-02  -1.2918608e-01   2.9634366e-02  -1.0043960e-01  -4.9279793e-02  -9.4125367e-02   3.5449249e-01   2.5170488e-01   1.5904590e-01   1.4024273e-01  -5.1739216e-02  -1.1009955e-01   1.4133203e-01   2.6424190e-01   5.7957386e-02  -1.4640652e-01   5.0363230e-02   1.5227316e-01   1.4379980e-01  -9.5660734e-02  -2.0251342e-01   4.9042129e-02   2.6315015e-01   2.5926130e-01  -4.6859100e-02  -6.7300320e-02  -3.6714002e-02   5.1178738e-02  -9.1441754e-02   5.8264543e-02   6.1647298e-02   1.9622038e-02  -1.4316036e-02   1.4384655e-02  -7.6033006e-03   2.8230876e-01   1.4845339e-01   1.2059966e-01
  -1.4087403e-01  -1.0045076e-01  -1.3572243e-01  -2.6295896e-01  -1.1245621e-01   2.4236650e-01   9.0019203e-02  -6.3789468e-02   4.0640442e-02  -2.0470214e-01   1.7111499e-01   1.6099245e-01  -3.1823449e-02  -1.8606016e-01  -2.9412033e-01  -3.5392912e-02   3.6064704e-04  -2.2237136e-01   1.3199832e-01  -3.2041107e-02   7.8774058e-02   1.0852510e-01  -9.0152565e-03  -1.6894709e-01  -9.2240192e-02  -5.6823191e-02   4.5353604e-02   2.0433473e-01   6.2879830e-02  -1.2213845e-01  -1.8869128e-01  -4.3481410e-02  -4.5365328e-02  -1.0049575e-01   2.8457042e-01   1.0743877e-02  -1.9959416e-01  -2.1158205e-01   9.4073258e-02  -2.5715720e-02  -1.1701075e-01  -8.3529307e-02  -7.6016189e-02   1.7716700e-01  -1.6903623e-01   1.2024900e-01  -1.1541442e-01  -2.0019662e-01  -9.3460301e-02
  -1.3580848e-01  -1.4970294e-01   4.6377507e-02   1.7910959e-01  -4.5164735e-02   2.4412719e-01  -4.4269340e-02  -2.7904531e-02  -1.1142686e-01   2.0591803e-01   1.6554560e-01  -8.0444522e-03  -3.8244143e-02   7.1090049e-02  -6.0458451e-02   2.0253693e-01  -3.0046792e-01   5.0729558e-02  -5.1914718e-02   9.3649209e-02   1.8457123e-01  -1.4342103e-01   3.5125447e-01  -3.1893267e-02  -1.8193284e-01  -1.2208533e-01   1.2391800e-01   1.0708303e-01  -2.4467043e-01  -8.8919083e-02   2.1912523e-01  -5.7948640e-03   1.1739063e-01   1.1929831e-01   6.9746740e-02   9.3026118e-02   4.6628348e-02  -8.2567262e-02  -1.3794450e-01  -7.9804974e-02  -5.0262812e-03  -1.1092499e-01   1.7891390e-01  -2.6935080e-01  -1.1259864e-01   1.9284531e-01  -7.9796368e-02   1.1181724e-02   6.2346765e-02
  -1.3869596e-01   2.4899579e-02  -1.5035354e-01  -1.0672686e-01  -7.5312606e-02   7.8964041e-02  -1.1340369e-02   2.7344625e-01   2.6424528e-02   7.4532477e-02   2.8672001e-02  -2.1450155e-01   3.0106520e-01  -7.4957569e-02  -2.4407300e-02   2.9849254e-01   3.3832843e-02  -1.0286703e-01  -1.8990392e-01   5.4417840e-02   1.3556549e-01  -1.7470364e-01  -8.8372433e-02   1.6447739e-01  -4.3231780e-02  -7.9146068e-02   2.6877547e-01   1.3000206e-01   9.5987380e-02   1.9797090e-02   9.3879366e-02   5.1242437e-02  -1.4576094e-01  -8.6435310e-02   2.7571441e-01  -2.1181592e-02   3.6838806e-02   1.7566907e-01   7.1835852e-02   1.8281291e-02   2.4627317e-01   2.4419437e-01  -1.3021032e-01   1.4835190e-01   2.0505603e-01  -7.0219119e-03  -5.7462297e-03   1.0175695e-01   1.1332603e-01
  -1.3667681e-01  -1.3449658e-02   9.5298435e-02   1.8223210e-01   8.6535738e-02   1.2879951e-02   3.5993818e-02  -8.5099078e-02  -1.9707726e-01  -8.1390893e-02   3.8359614e-02  -1.3853009e-03  -7.1982136e-02   9.8228143e-02  -1.2532273e-01   4.6740231e-02   4.3718639e-02  -4.0451956e-02  -3.5671326e-01   5.7652630e-02  -1.2505320e-03   8.7008427e-02  -9.5488943e-02  -2.6250838e-01  -1.0935410e-01  -2.7826336e-01  -3.1036735e-01  -3.6856170e-02   1.5417161e-02  -5.1858191e-02   2.0485278e-01  -8.9366340e-02   1.1125607e-01  -8.8258865e-03   7.9410099e-02   5.8290587e-02  -1.6074749e-02   1.7653345e-01  -4.6211696e-02  -1.3075469e-01  -1.6303686e-01   7.2465749e-02  -4.5384456e-01   5.3887764e-02   1.4719718e-01  -4.2912219e-02   1.7973448e-01  -6.5344636e-02  -9.8592797e-02
  -1.4423541e-01   1.2751443e-01   1.5576212e-01   1.4390800e-01   1.7479693e-01  -4.8154959e-02   1.2992412e-01   3.0908871e-03   3.8905040e-02  -5.1347256e-02   6.9335841e-02   2.7499029e-01  -2.1406224e-01  -3.6918011e-01   1.8669953e-01   2.6302302e-02   1.5216269e-02  -2.3656156e-02  -1.2932353e-01   2.7845295e-02   6.2885935e-02  -2.5582102e-01  -3.0088473e-01   2.4093941e-02  -1.0839725e-01  -2.7353066e-02  -6.5449037e-03  -5.9144499e-02   1.8719787e-02  -1.3579832e-01   1.6591464e-02   3.3343453e-01   4.6735451e-03   2.6108059e-01  -4.2640458e-02   8.8086079e-02   5.4003690e-03  -1.5724403e-01  -2.0905836e-03  -4.7291953e-02   2.4839359e-01   3.6316755e-02  -4.4047282e-02   1.0367592e-01  -1.9404195e-01   1.2331662e-02  -7.6460611e-02  -2.2887075e-02   1.2741047e-01
  -1.3066538e-01   3.9929776e-02  -3.0809213e-01   3.9905949e-02  -1.1838308e-01   1.7934239e-01  -4.1701927e-02  -6.1027276e-03   9.4370117e-02  -9.1198682e-02  -9.5491172e-02  -5.5386788e-02  -3.3457103e-02  -1.5351524e-01  -1.2790448e-01  -2.2171434e-01   1.3136057e-01   2.7391368e-02  -4.0352118e-01   2.5859412e-01   9.4760614e-02   2.4257402e-02  -7.1074218e-03  -9.3025849e-02  -3.0927316e-02  -8.9862693e-02   1.3218851e-01   3.0498609e-02   1.7298925e-01   7.9129440e-02  -6.0026284e-02  -5.0842920e-02  -4.3463352e-02  -6.6454630e-03  -2.9234814e-01  -1.3549554e-01  -5.2230300e-02  -1.4980116e-01  -2.3980190e-01   6.2342386e-02   1.3122341e-01  -1.0018938e-01   1.5586858e-01  -2.1292313e-01  -3.6777769e-02  -2.0697458e-01   1.5521992e-01   9.4653973e-02  -1.2251893e-01
  -1.1666757e-01   1.7488257e-01   1.7207018e-02   1.9151372e-01   1.5270153e-02  -3.6864045e-02  -1.6624117e-02  -2.9227348e-01   6.4861514e-02  -3.1368868e-01   1.3539059e-01   7.8948052e-02   1.2889965e-01  -6.1347170e-02  -2.0046733e-02  -1.2508771e-02   1.8114808e-01  -8.2260228e-02   1.4933583e-02  -2.0699183e-02  -1.2533307e-01  -1.2372192e-01   1.8055005e-01   2.4710491e-01   3.3186763e-01  -4.7433091e-02  -4.4809084e-02   5.0062971e-02   1.0420256e-01  -1.5319932e-01   8.6537822e-02   5.0568384e-02   3.4106391e-03  -1.5434773e-01   6.7221431e-02   1.1037635e-01  -1.4481336e-01  -6.4649372e-02  -1.3731857e-01  -1.1911239e-01  -6.3079711e-02   2.3318894e-01   8.9615086e-02  -2.8697186e-01   2.5343498e-01   9.0485915e-02  -1.9324785e-01  -1.3509511e-03  -3.8220213e-03
  -1.4996386e-01   1.3734679e-01   7.7626189e-02   1.5852869e-02   1.8407589e-01   5.3512497e-02   1.9016744e-01  -1.2840165e-01  -2.0371450e-01  -5.1392628e-02   2.8793889e-02  -9.9895459e-02  -3.1358763e-01  -2.9159468e-02  -1.4507447e-01   1.3030553e-01   1.8893428e-01  -2.3651507e-01   9.4646081e-02  -2.2369752e-01   1.1910700e-01  -9.1767001e-02   1.6762812e-02  -1.0904028e-01  -2.9053341e-02   1.6136095e-01   1.6500391e-01  -1.5647283e-01  -1.5626465e-01  -8.6403345e-03  -5.4624206e-02  -7.2237382e-02   3.8155541e-02  -1.1590128e-01   9.6067142e-02  -3.2957931e-02   7.9955919e-02   3.0935746e-01  -5.6180181e-02   2.0951917e-01   1.5587788e-01   1.2543587e-02   2.4984275e-01  -4.8467234e-02   3.4102432e-02  -1.3705173e-01   9.1545848e-02   4.9914787e-02  -2.8233307e-01
  -1.2834676e-01   3.3867127e-02   5.5980018e-02   1.4952575e-01  -3.4237124e-01   2.0740641e-01   2.2556600e-01   1.0732937e-01   2.2644807e-01  -6.7717171e-02   9.8794157e-02   1.1095589e-01   1.0720052e-01  -6.7254658e-02   8.1298640e-02   1.7376370e-01  -1.0836382e-02  -5.7744927e-02  -4.9324860e-02  -2.7226735e-02  -1.7730819e-01  -1.5331060e-01   1.1744424e-01  -2.4204742e-02   1.6385243e-02   7.6543910e-02   4.9207998e-02  -2.9155759e-01   4.1179555e-02  -2.9227523e-02   2.9733803e-02   1.3691495e-01  -9.0025424e-02   1.7557297e-02  -6.5554385e-02  -2.4040572e-03   8.4610555e-02   9.7479128e-02   2.7342069e-01   2.3117174e-02  -4.2007915e-01  -2.0014403e-01   6.8894438e-02   2.6987195e-02   4.2363742e-02  -1.8559231e-01   2.2056209e-01  -8.3773553e-03   1.3811471e-02
  -1.5873501e-01   1.4535198e-01  -8.2333132e-02   8.5388546e-02  -4.6468812e-02  -1.4098279e-01   3.3231745e-01   5.6469047e-02  -3.1426071e-02   1.8410855e-01  -1.1534307e-01   3.3384337e-01   2.6093324e-01   2.1464163e-01   8.4731115e-02  -6.9291366e-02  -1.9418021e-01  -1.0154374e-01  -1.3403087e-01  -9.9474899e-03  -4.7014994e-02   2.5534964e-02  -4.9259101e-02   3.5535223e-02   1.2076026e-01   2.7846319e-02  -4.4153786e-02   5.2811475e-02  -4.7550722e-02  -1.3232630e-01   1.0453529e-01  -2.4826338e-01   1.5450505e-01  -1.7837733e-01   7.5261155e-02  -6.9158653e-02   1.5410005e-02  -1.3995120e-01   1.6368595e-01   2.2396760e-01   1.7113241e-01   3.2788431e-02  -5.4041624e-02  -1.0277197e-01  -2.3687229e-01  -1.4048988e-01  -1.3627041e-01   1.7668070e-02  -1.7782001e-01
  -1.3559288e-01   2.7978160e-01  -2.8023631e-02   4.6813202e-02  -5.7636154e-02  -2.8592563e-02  -1.9458354e-01   8.9216587e-02   7.7322635e-02  -1.0638935e-02   1.7339650e-02   4.7482621e-03   8.6593609e-03  -2.9176040e-01   3.2350277e-02   3.6632979e-02  -1.6641408e-01  -8.5897781e-02   1.2705045e-01   9.5134567e-02  -4.1238215e-02  -7.3261190e-02   2.9302420e-01  -5.8271706e-03   1.2727779e-01   3.6234778e-02  -6.6310371e-02   3.6460668e-03  -2.7077445e-01   3.8254271e-01  -3.5083622e-02  -2.0417307e-02   2.9612974e-01   2.3579207e-02  -4.5588600e-02  -4.1179984e-02  -3.3448896e-02  -8.5152433e-02  -1.9218361e-01   1.7325448e-01   3.1818835e-02  -3.6265926e-02  -2.5689887e-01   2.7795534e-01   1.2598330e-01  -9.1957963e-02  -4.3145465e-02  -8.3148116e-02  -1.1792449e-01
