  -1.3333157e-01  -6.2356656e-02   1.2565222e-01  -8.6295967e-02  -3.0166805e-02   1.0611953e-01   1.7547749e-01   5.1616618e-02  -6.0714964e-02  -3.7438299e-01   3.2437973e-01  -3.0859389e-02  -7.3457764e-02  -2.0220458e-01  -4.9526541e-02  -8.5323307e-02   8.3096880e-02   1.9275520e-01  -3.3749621e-02   1.5360360e-01  -1.6519643e-01   2.7990246e-02   4.1595227e-02  -2.9589183e-02  -1.4875858e-01  -8.3667911e-02  -1.1609956e-01  -1.3390104e-01   1.5986614e-01   2.0188347e-01  -7.4625798e-03  -1.8392040e-01  -6.4935586e-02  -2.8966274e-01   5.8949477e-02   5.6976134e-02   2.5072653e-03  -2.6936437e-02   1.2777377e-01  -1.7027700e-01   2.1689605e-01  -1.9393525e-01   6.6661059e-02   7.9020284e-02   9.5514838e-02   1.2924420e-01  -1.8511825e-01   1.7730747e-01  -1.2431484e-01
  -1.4076621e-01  -6.8479981e-02   2.6049874e-02  -1.4245137e-01  -1.3394521e-01  -1.4646369e-01   9.6440925e-02  -1.0167628e-01   1.4681265e-01   1.7653118e-02   3.3615363e-02   2.4798670e-01   1.4634913e-01  -6.7126487e-02  -2.3639929e-02   1.8252097e-02   2.8694408e-01   4.5071495e-02   2.5198438e-02  -1.5015417e-01  -7.1607686e-04   8.8193260e-02  -1.1744369e-01   6.6478394e-02  -7.4605793e-02   1.8097822e-01   3.3291793e-01  -1.2465585e-01  -2.3802660e-01   7.1607029e-02   1.0381357e-03  -7.7452761e-02  -6.2001407e-02  -3.1714673e-03  -2.3328635e-01  -1.9422800e-01   1.3721509e-01   1.5444810e-01   6.9074547e-02   2.2237314e-02  -1.4552727e-01  -1.4589334e-01   1.2096751e-01  -1.3676619e-01  -3.5055416e-01   6.6253069e-02  -2.4589515e-01  -3.3849267e-02  -9.7610772e-02
  -1.2574400e-01   5.3228794e-02  -3.3213565e-01  -5.7454155e-02  -2.7940544e-02  -6.6602518e-02  -3.1731683e-02   5.6736396e-02  -3.8018744e-02   1.7195840e-02   1.1757199e-01   1.7086979e-01  -1.1772293e-01  -2.3223510e-01   1.3404684e-01   6.0395909e-02  -2.3059323e-01  -1.8319741e-02  -1.8576489e-01  -1.4092253e-01  -1.3393483e-01   3.5268042e-01   2.0820984e-03   1.6521801e-02   1.4896605e-01  -2.4856220e-01  -1.5328371e-01   1.6698601e-02  -1.1638465e-01   2.4553178e-02  -1.3306776e-01   2.6612547e-02  -1.9358037e-01   7.8433843e-02   3.6431953e-02   8.0933383e-03   5.4681508e-02   2.5826059e-02   1.0756717e-01   1.0770354e-01   5.0347809e-02   1.9691230e-01   4.0270802e-01   1.3064907e-01  -4.6452202e-02  -3.1477927e-02  -9.0100068e-02  -1.0898871e-01   1.3340618e-01
  -1.4815713e-01  -2.3094774e-01   1.4046203e-01   3.4537475e-02  -8.5366826e-02   9.9821873e-02  -1.1479806e-01   2.3625437e-01   1.0120633e-01  -6.8740566e-02   2.3709605e-01   9.1136239e-02  -2.0938343e-01   1.3042414e-01  -2.1840919e-01  -3.2931655e-02  -6.0478730e-02  -9.6325266e-02   2.0081087e-01   8.7821785e-02   2.8750483e-01   3.6882878e-01  -1.2550469e-02   9.8421397e-02   8.5547733e-02   6.0324444e-02   2.9880966e-02   4.8933645e-02  -1.4104822e-01   1.9285087e-01   4.1794771e-02   1.3904129e-01   1.4151306e-01   2.4835556e-02   2.1882503e-01  -7.2343810e-02  -8.6829732e-02   3.7474282e-02  -4.1238123e-02   7.6784973e-02   1.2404837e-01  -4.4235220e-02  -8.5091827e-02  -1.6218019e-01  -2.2990643e-02   1.8909883e-01   7.5367047e-02  -1.7835854e-01   1.7755710e-01
  -1.7506894e-01  -1.7445185e-01  -3.6057879e-02  -1.6984390e-01  -1.0311897e-02   7.2831761e-02   8.4075261e-02   1.0703361e-01   2.6288224e-01   1.8271226e-01  -6.7999111e-02  -4.2369155e-02  -3.5861174e-01  -1.9376194e-02   6.0013839e-02   2.5007015e-02  -6.6665586e-02   1.1974841e-01  -7.0398049e-02   9.0669642e-02  -4.1966590e-01   8.3863080e-02  -1.2981622e-01   2.9764055e-02  -4.4705653e-03   6.4145117e-02   4.8319243e-02   2.6009108e-02   3.0285299e-02  -1.2629624e-01   8.5938677e-02   9.9402936e-02  -6.1749195e-03  -8.1668522e-02  -1.7135603e-01   9.1849108e-02  -1.1734763e-01  -1.4302955e-01   2.0271801e-02   6.8696682e-02  -1.9579020e-01  -1.0392706e-01  -2.9458689e-01   2.4571951e-01  -2.3080671e-02   9.7644969e-02   7.4787530e-02  -2.3760121e-01  -1.2772741e-01
  -1.7477977e-01   6.9572658e-02  -1.6758906e-01   2.5041054e-02  -1.9845470e-01   5.6989504e-02  -1.6092969e-01  -1.9448108e-01  -3.4955250e-02  -1.9798293e-02   1.5731326e-01  -2.3629926e-02  -1.9384282e-02   1.0635356e-01   4.4109717e-02   6.0017588e-02  -5.0751623e-02   2.5843974e-01   5.8549684e-02  -6.6199933e-02   2.5010625e-01   2.5476514e-02  -4.4628367e-02   1.2760543e-01  -3.2133865e-02   6.2685656e-02   2.3569687e-01  -6.6092011e-02   1.0151921e-01   1.4682661e-02   3.8862640e-02  -2.6164280e-01  -1.6314728e-01  -1.6754968e-01  -7.1293931e-02  -1.8391293e-01  -3.2592567e-01  -6.7406007e-02  -3.7825184e-02  -1.5379843e-01  -5.1875889e-02   2.7717503e-01  -7.7844919e-02   8.2927119e-02   2.3631140e-01  -2.3883157e-01   3.1084117e-03  -2.1243886e-01  -3.7873792e-02
  -1.5740216e-01   2.2354284e-01  -2.9610559e-02  -2.3843643e-02  -1.5168952e-01  -2.4522793e-01   2.0500171e-03   1.0075049e-01  -1.4147951e-01  -1.7673604e-01  -2.4193806e-01  -1.9336472e-02   8.0935841e-02   1.5747964e-03  -4.0261131e-02  -1.9016131e-01   1.5875717e-01  -1.2306642e-01   1.1835953e-01   5.0740936e-02  -2.1643916e-01   9.7817900e-02   2.0953864e-01  -5.3327621e-02  -4.6093912e-03  -1.6740638e-01   1.5913898e-01  -4.0072592e-03  -3.8535035e-02  -1.1777460e-01   3.2217128e-02   1.8644309e-01   1.2473039e-01   1.8975289e-01  -6.8362776e-02  -1.6793366e-01  -2.3105561e-01  -6.5422912e-02   9.0022900e-02  -2.3169525e-01   2.5787198e-02   3.0156478e-02   5.4575466e-02  -6.1302852e-02   2.9195068e-01   2.8666735e-01  -4.6259492e-02  -1.5936022e-01  -6.4954255e-02
  -1.4349049e-01  -4.4770224e-02  -1.5639766e-01   2.9128551e-02  -1.6192407e-01   2.9427019e-01  -6.7050311e-02  -2.9677601e-02   1.4564802e-01  -1.7003395e-01  -4.7339793e-02  -2.2711582e-01   1.5405796e-01   4.3618454e-02   1.1011450e-01  -4.6689099e-02  -1.7029061e-01  -2.9696036e-01   1.6800968e-02   2.3472907e-01  -1.3306209e-01  -1.4688494e-01   8.1509989e-02   4.5514081e-02   4.4475388e-02  -7.7927271e-02   2.6820107e-01  -2.3203376e-02  -8.6236245e-02   1.0429100e-01  -3.2848709e-02   6.0438691e-02  -2.8542745e-01  -8.3958098e-02  -8.2014706e-02   1.9787816e-01  -1.9622265e-01   2.2629941e-02  -1.8054937e-01   1.7340867e-01  -1.0263598e-01  -6.1411959e-02   9.0407315e-02  -2.0450896e-01  -6.1041572e-02   4.5600092e-02  -7.6683526e-02   1.7127396e-01   1.5647153e-01
  -1.2448738e-01   1.0416047e-01   1.5337073e-01  -3.8094148e-01  -7.2950417e-02   1.6359339e-01   1.2293174e-01   2.1418264e-02  -6.2094114e-02  -1.2387321e-01  -2.2071735e-02   8.5638830e-02  -7.6307054e-02   2.4086245e-01  -2.6753496e-01  -7.3428186e-02  -1.4911114e-01   1.2563803e-03  -1.3262807e-01  -4.3310106e-02   2.6680622e-02  -9.1031315e-02  -8.6006747e-02   3.0263771e-01   6.8828155e-02  -1.8517604e-01  -5.4724355e-02  -2.6163414e-01   1.0926486e-01   1.0299574e-01  -7.1860896e-02   6.2848422e-02   2.7692167e-02   3.6639008e-01  -1.8564573e-01  -8.1728805e-02   1.6598407e-01   4.9183914e-03  -8.8811482e-02   8.4142565e-04  -1.3259604e-01   6.5063900e-03  -2.6028897e-02   6.0009650e-02   1.0985856e-01  -1.7141369e-01   2.5113330e-02   1.3623123e-01   5.9594290e-02
  -1.4420075e-01   2.8522024e-01   4.7355761e-02   1.7959564e-01  -5.8718758e-03   1.8244337e-01  -1.6212351e-01   1.0066938e-01   1.0192484e-01   8.9172660e-02  -1.3993632e-01   1.5236741e-01   3.1965636e-02  -2.0486362e-02   1.9871616e-01   9.2216400e-02  -9.5762805e-02  -4.9098761e-02  -2.3379942e-02  -1.0408762e-01  -1.1703530e-01   3.7228429e-03  -2.2138628e-01   1.6738863e-01  -2.2430559e-02   5.4619385e-02  -6.2720275e-02   8.4090727e-02   1.2064063e-01   2.1856168e-01   2.8284636e-01   1.3436495e-01   2.1098195e-01  -5.0010269e-02  -5.9118208e-02  -2.1100906e-01  -7.1253853e-02   7.2697119e-02   6.0126554e-02   2.0355538e-01   2.7767573e-01   6.0995217e-02  -7.0227647e-02  -3.3076438e-02   7.6125176e-02  -1.4212004e-02  -2.5113839e-01   2.3343217e-01  -1.8335409e-01
  -1.3325461e-01   4.6644372e-02  -1.2795686e-01  -6.7921046e-02   2.0121866e-01  -4.2768644e-02   2.0834077e-01   1.6629382e-01   1.8437060e-01   1.2238473e-01   6.1305189e-02  -8.9606095e-02   1.2235033e-01  -4.1195277e-02  -2.4584055e-01   1.8696099e-01   9.8685896e-03  -1.1005628e-01  -9.0969282e-02   2.8592783e-01   1.6491993e-01   6.1997864e-02  -1.2601346e-01  -1.7632948e-01  -6.6934717e-02  -7.5063507e-02   5.8002286e-02  -1.1297888e-01   7.5511993e-02  -3.0443689e-01   1.7800328e-01   6.1452722e-02  -4.9878980e-02   1.3499710e-02   2.2454300e-01  -8.3681318e-02   6.2425513e-02  -1.0190158e-01  -5.3229541e-02   5.8822960e-02  -2.6431068e-02  -2.2574431e-02   5.7372821e-02  -1.4616381e-01   1.7165264e-01  -2.3683119e-01  -3.4743286e-01  -7.6693174e-02  -1.1776661e-01
  -1.5865349e-01  -5.3655335e-02  -4.4034553e-02  -2.0114648e-01  -3.5121317e-01   3.6473944e-02  -3.6902578e-02   3.4760168e-02   1.6084124e-01   1.3876268e-02  -3.3043770e-01  -8.2383340e-03  -1.1656278e-01  -6.7044059e-02   1.5875003e-01   2.0665991e-01   1.5345673e-01   1.8171019e-01   1.0839811e-01   4.8884622e-02   2.7736418e-01   4.8228337e-02   2.0803251e-01   9.8422340e-02  -1.2284965e-01   4.2149789e-02  -1.0773245e-01   3.5152123e-02   8.7267454e-02  -2.1653377e-01  -3.2161247e-01   5.8277907e-02  -4.1344792e-02  -1.5998206e-02   8.2533449e-02   1.2502015e-01   1.9877837e-01  -2.8692910e-02  -1.9713725e-02   1.1223669e-01   1.5331569e-01   1.0398929e-01  -4.2479807e-02  -6.2879997e-02   7.5497559e-02   1.1425401e-01  -4.5143155e-02   1.9535967e-01  -1.0125356e-01
  -1.5958745e-01   8.0854958e-02  -4.4297547e-02   1.0676066e-01   1.3714045e-01  -9.9911444e-03   2.2088002e-01   1.2692659e-01   1.7469697e-01   3.6025332e-02  -2.0505713e-01   5.2099021e-02  -1.6238371e-01   6.3959367e-03   1.7613634e-01  -4.7759283e-01  -1.6253465e-01   1.2592891e-01   1.4428622e-01  -9.7009299e-02   7.9786548e-02   2.9835013e-02  -2.3636771e-02  -2.1935974e-01   9.4350527e-02   5.5670989e-02  -1.7046967e-01  -3.7465141e-02   2.0263650e-01   4.9459935e-02  -9.2304204e-02  -3.1635276e-01  -3.7823216e-02   7.1665684e-02  -5.6514995e-02  -3.9465714e-02  -6.8484875e-03   4.0793517e-02  -1.4084182e-01  -5.9450962e-02  -8.1513126e-02  -1.3277779e-02  -3.0528657e-02  -3.4526232e-01  -5.9244415e-02  -8.9572679e-03  -1.0202570e-01  -4.9385568e-02   7.6899629e-02
  -1.3583991e-01  -3.5441714e-02  -5.3000414e-02   1.3050437e-01  -2.3543074e-01   1.3867501e-01  -3.3212107e-02   5.8730904e-02   4.3187677e-02   6.8604078e-02   1.8720334e-01   1.0266215e-01   6.8230541e-03  -8.3114764e-02   1.3118459e-01   1.1382002e-01   1.1337011e-01  -1.7313654e-03   1.4559680e-01  -3.6407154e-02   2.0249170e-03  -1.1522395e-01  -1.9226916e-01  -1.8589206e-01   1.1561763e-01  -1.4035977e-01   1.4789242e-01   1.5752385e-01  -8.1443254e-03  -7.0680008e-02   3.9772706e-02  -1.7458659e-01   1.6509772e-01   4.6369622e-01   3.6967948e-03   3.2040657e-01   3.0890459e-02   8.8534342e-02  -1.4393511e-01  -2.5142419e-01   1.4321979e-01  -2.2062624e-01  -1.1966607e-03   1.7545467e-01   4.8230945e-02  -1.0705132e-01  -5.7859211e-02   4.4738728e-03   1.0280522e-02
  -1.3596112e-01   4.0175373e-02   3.8545214e-02   1.1563699e-01   6.3292557e-02   1.2226016e-01   2.6055645e-01  -2.0318681e-01   6.8369935e-02  -1.8804449e-01   2.2193558e-01   5.6449848e-03   5.9722625e-02   6.3163463e-02   2.7832802e-01   1.1063832e-01  -2.2138473e-01  -2.9512418e-03   9.5490766e-02  -7.5444392e-02  -3.4844008e-02   1.7036291e-01   1.8491195e-01  -4.7082905e-02  -1.3298019e-01   1.7839279e-01  -8.6906531e-02  -1.2289863e-01  -6.9673503e-02  -3.5091444e-01   6.2189621e-02   2.6824749e-01  -3.6008667e-02   1.6628053e-01   6.7219465e-03  -2.2910771e-01  -4.6906354e-02  -5.1930624e-03  -1.2462763e-03  -2.0105786e-01   5.9290059e-02  -2.3615023e-02  -1.3303921e-01   3.1691960e-02  -1.8950167e-01  -6.7900161e-02   1.2486470e-01   1.8648036e-01   7.7902627e-02
  -1.1685278e-01   4.8426847e-03  -2.1505246e-02   1.2330783e-01  -1.9354231e-02  -8.7595408e-03   1.0686221e-01  -2.9170327e-01  -2.7233901e-02  -1.8987950e-01  -2.4970134e-01  -1.1224066e-01  -3.4682499e-02   3.0276351e-03  -2.2801221e-01   2.5261635e-01  -1.2286788e-01   2.9033828e-01   2.0608859e-01   1.1880801e-01   7.4170946e-03  -4.1988734e-02  -1.1299843e-01  -2.7828785e-02   1.2713733e-01   7.2177805e-02  -1.4535288e-01   5.7210467e-02  -2.9541593e-02   1.9378951e-01   3.1662011e-01   5.6682150e-02  -9.7007997e-03   1.5718413e-01  -2.5627800e-02   1.7450374e-01   5.5562821e-02  -2.6630666e-01   7.2953357e-02  -5.1796253e-02  -3.5184646e-02   1.2601445e-01   2.3051188e-01  -9.8353906e-02  -2.0389144e-01   1.1374238e-01   1.0280792e-03  -9.4696802e-02  -6.7841327e-02
  -1.3362966e-01  -2.0325679e-01   6.0452931e-02  -4.6634550e-02   6.6018802e-03   1.1220781e-02  -3.7449011e-02  -4.7197476e-02  -3.3596551e-01   4.4228301e-01   1.9534505e-01  -9.7839328e-02  -1.6350592e-01   4.9401847e-02   2.0462714e-02   7.6729970e-02   1.2469966e-01   2.7408086e-02  -2.4893044e-02   1.9560885e-01  -1.2240068e-01  -6.7094155e-02   2.0163351e-01  -1.9260409e-01   4.7754897e-02   1.8401145e-01  -3.2346617e-02   8.1057817e-02   1.7912046e-01   1.7999182e-01  -6.3056409e-02   9.7580438e-02  -1.4053134e-01   2.1029667e-01  -1.3923759e-01  -2.6901176e-01  -4.7869342e-02  -3.5714062e-02  -1.6955116e-01   1.2175480e-02   6.2206543e-02   8.8722073e-02   1.4847383e-01  -1.0170501e-01  -8.5417124e-03   5.9018005e-02  -1.0238588e-01   1.3415336e-01  -3.1426956e-02
  -1.5986797e-01  -2.8224041e-01   7.4932641e-02   1.4227761e-01  -1.3876799e-01   3.5047613e-02   6.7926748e-03  -3.7518959e-02  -1.3334642e-01  -4.4685377e-02  -5.0430297e-02  -1.8563365e-01   9.3976069e-02   1.1763033e-01   8.2335351e-02  -2.5105963e-01   1.3634367e-03   2.0780943e-01  -1.6739440e-01   9.1300574e-03  -7.2888643e-02  -2.2235285e-01  -2.9569426e-01   1.7065728e-01  -8.5924300e-02   1.1487487e-03   2.6116789e-02   9.8376614e-02   1.5602961e-01  -2.6750409e-01  -4.9869351e-02   1.4526558e-01   1.2357371e-01  -1.0004820e-02   2.4512906e-01  -1.4216359e-01   6.6861925e-02   1.4342094e-01   1.1996861e-01   6.6941708e-02   2.2113815e-02   3.4622417e-02   1.9605355e-01   5.2974197e-02  -8.3966543e-02   5.1269958e-02  -1.5046915e-01  -1.7091126e-01   2.7173771e-01
  -1.4803821e-01   2.8839190e-02   9.7447182e-02   8.5111323e-03   2.3393827e-01   2.6032019e-01  -1.2386125e-01  -1.8986227e-01  -2.1438794e-01   1.3666314e-01  -1.2547490e-02   5.5633070e-02  -9.7544194e-02   8.3043633e-02  -1.3411470e-01  -1.6827977e-01  -1.2935263e-01   1.4010802e-01  -7.3013030e-02  -5.9456041e-02   1.3285302e-01   2.0656259e-01   1.4448599e-01  -4.0926376e-02   1.3152062e-01  -1.1204256e-01   2.3862169e-01   1.2570820e-01  -6.9935770e-02  -2.7764020e-01   6.6676180e-02  -3.2310050e-02   1.1023091e-01  -8.7702304e-02   1.2636942e-02   2.3380479e-01  -1.6336764e-02   1.7188328e-01   1.6051210e-01  -6.0369842e-03  -2.0695419e-01  -3.1306254e-03   6.1617616e-02  -4.6725940e-03   1.1314615e-02   1.6577320e-01  -1.2125317e-01   2.6684199e-01  -2.3363529e-01
  -1.3316368e-01   7.1426409e-02   4.3123569e-02   1.6725054e-01  -1.5224460e-01  -6.4177005e-02  -2.4753895e-01  -4.7652759e-02   8.1899975e-02   1.7688949e-01  -2.5620851e-03  -1.0497151e-01   4.2319862e-02  -3.1841722e-01  -2.8376227e-01   1.0518539e-01  -2.0187583e-01  -8.1650644e-03  -2.2162402e-01  -8.0654027e-02  -1.2194582e-01   1.0993099e-02   3.9479761e-02   1.9117288e-01   6.3306630e-02   7.8537942e-02  -6.8365551e-02  -1.7495865e-01   1.4256742e-01  -1.0269831e-01  -1.9736005e-01  -3.1433681e-02   1.5568021e-01  -4.8747352e-02   5.3108089e-02  -2.7729276e-02  -9.2973906e-02  -6.4129193e-03  -8.4217047e-02  -2.3805268e-01   5.8540699e-03  -2.8018870e-01   8.6422232e-02  -2.9422169e-01  -1.1408063e-01  -5.5433048e-02   2.0735416e-01  -1.3533276e-02  -1.1135170e-01
  -1.3049219e-01   1.5500767e-01   8.4703603e-03  -3.2616921e-02   2.4261840e-01   1.7878248e-01   2.1911362e-02  -1.0172787e-01  -1.6563900e-01   4.4190595e-02  -1.8402663e-01   1.3955301e-01   5.0406885e-03   6.6590944e-02   8.3023805e-02   2.2113507e-01   5.0396265e-02  -8.7776500e-02   9.7410685e-02   3.4739786e-01  -1.8115520e-01   1.3765373e-01  -1.7889575e-01   7.2642587e-02   8.2478001e-02   1.0794881e-01   1.5196040e-01  -2.5264257e-02  -1.1433985e-02  -7.8877481e-02  -1.4261290e-01  -2.7919918e-01   2.3214062e-02  -1.4010938e-01  -4.3071454e-02  -9.3331413e-02   2.7354670e-01   6.0169845e-02   7.3947048e-02  -9.7082998e-02   1.7722251e-01  -5.9755086e-02   2.8209028e-02  -7.7174287e-02   1.3571154e-01   4.9098946e-02   2.3705421e-01  -9.2061089e-02   2.9252484e-01
  -1.3907075e-01  -7.7169217e-02  -2.6840828e-01  -5.1616450e-02   1.2278673e-01  -1.0853785e-01   4.9671607e-02  -1.6228795e-02  -3.2880114e-01  -7.6845595e-02   1.6399919e-01   2.0509916e-01   1.9457548e-01   8.4176384e-02   3.0951386e-01   9.8123545e-02   7.3437244e-02   2.1691660e-02  -7.8988935e-02  -2.6309296e-02   1.1124956e-01   2.1885780e-02  -1.0260938e-01   9.6404867e-02   4.0200729e-02  -2.2739697e-02  -6.3439591e-02  -1.4965459e-01   2.5083504e-01   8.0909422e-02  -2.2204148e-02   2.4959486e-01   1.6727034e-01  -8.1350438e-02  -4.6582623e-02   2.9922631e-01  -3.7457486e-03  -7.2806073e-02  -1.2243676e-01   7.1361801e-02  -1.4745085e-01  -1.0934498e-01  -1.3672549e-01  -2.6522883e-01   2.4695928e-02   1.1327760e-01   5.7065187e-02  -1.5550814e-01  -1.2432556e-01
  -1.4094015e-01  -1.5740642e-01  -5.8528139e-02   1.7885613e-01  -1.0814869e-02   8.8389374e-02   1.9388028e-01   1.1009589e-01  -1.5402647e-01  -3.7302672e-02  -1.6880314e-01   4.1690417e-02  -1.4641923e-01  -2.7206075e-01   2.3997954e-02  -1.4115598e-02  -2.6220891e-02  -1.5560019e-01  -3.5180389e-01   1.5577091e-01   2.1400954e-01  -1.1956931e-01   3.1421456e-01   7.8009980e-02  -2.1013052e-01  -2.0148266e-02   1.2260718e-01  -1.7507135e-03  -4.6983981e-02   1.2248794e-01   2.0523071e-01  -8.1741970e-02   1.1709695e-01   9.3854690e-02  -1.6292194e-01   4.9970317e-02   7.4155695e-02   1.3405229e-01   1.9793589e-01  -5.0082160e-02   8.1019842e-02   1.5150167e-01  -1.5732997e-01  -2.0637244e-02  -1.2469155e-01  -1.5889795e-01   7.7863237e-02  -1.6981808e-01   1.2786168e-02
  -1.4685177e-01  -1.3180473e-01   9.5141563e-02  -5.0503674e-02  -3.9437147e-02   9.6793294e-02   2.3633034e-01  -2.3943433e-02   5.5701146e-02   2.0219714e-01  -1.6341119e-01   2.8979875e-01   1.2663005e-01   1.5723969e-01  -1.4743900e-01   1.1754198e-01  -1.1410452e-01  -2.9540591e-01  -2.7181696e-02  -2.4446481e-01   1.1042898e-01  -7.4629547e-02  -1.2557376e-01  -2.0341337e-01  -2.7280518e-01  -1.2555901e-01   3.8396521e-03   9.0966446e-02   2.1894285e-01   8.2561719e-02  -8.2467477e-02   2.3832408e-02  -9.4987362e-02  -1.8535484e-01   3.4508538e-02   3.9446845e-02  -2.1108142e-01  -1.0735934e-01   5.4201950e-02  -2.0180184e-01   5.2392090e-02   4.6135126e-02   1.6889232e-01   1.2796033e-01  -5.7908994e-02   1.8914170e-01   1.3672666e-01   2.1569915e-02   2.9998577e-02
  -1.2934605e-01  -7.7840695e-02   1.9068667e-01  -2.3973597e-01   1.2558814e-01  -1.0551583e-01  -8.4643107e-02   2.4171802e-02  -2.7205426e-03   1.7715495e-02  -1.5355772e-01   1.4777641e-01   1.7734045e-01  -3.0013448e-02   4.7268611e-02  -1.3441269e-01   8.9666795e-02   2.0323552e-01  -1.5475122e-01  -8.7775738e-02  -6.5412151e-02   6.9046116e-02   1.6506471e-01  -5.7105507e-02   1.7609017e-01   7.2452107e-02   2.1101963e-01  -4.4062160e-02  -1.0169430e-03   5.2036669e-03   1.2209741e-01   1.2416583e-02  -5.2045682e-03   1.9652065e-02   1.4310185e-01   1.6304153e-01  -2.0850573e-01  -3.7462013e-01   9.1931434e-04   1.1462992e-01   3.3129997e-01  -6.5116245e-02  -1.9672530e-02  -1.8987017e-03  -1.1045222e-01  -2.9790238e-01   4.5738722e-02   9.4338968e-02   2.4739468e-01
  -1.6159645e-01   2.4128231e-02  -6.3186855e-02  -1.5509138e-01  -9.6572358e-02  -1.0278876e-01  -1.9914182e-01  -2.0951608e-01  -3.0198201e-02  -7.9275389e-02  -2.3976353e-02   1.8951134e-01  -2.4011273e-02   1.5823385e-01   8.1756498e-03  -4.6680902e-02   2.6926683e-02  -1.7852008e-02  -6.5565739e-02   1.7937878e-01  -1.2077364e-02  -3.0684694e-02   1.0960323e-01  -1.7561918e-02  -1.4728984e-01  -3.3393227e-01  -2.9596314e-01   4.2339926e-01  -8.5877950e-02  -6.6447703e-02   2.1011498e-01  -1.2388138e-01  -3.3305340e-02  -1.1348102e-01   4.0030960e-02  -2.1681614e-01   3.4192146e-02   1.4270317e-02  -1.8319884e-01   1.8251448e-02  -5.4252357e-02  -2.8277558e-01  -7.7805483e-02  -7.8667568e-02  -1.6346562e-01  -1.4829383e-01   6.2062209e-02  -3.8252039e-02  -3.0745258e-02
  -1.2963864e-01  -1.1729399e-01   2.0546280e-01  -3.3915075e-03   4.1347732e-02  -3.4253088e-03  -2.0488644e-02  -1.4591994e-01   4.0178367e-01   1.8109757e-01   1.3369324e-01   7.8503244e-03   1.7295380e-01   6.8341820e-02   2.3315906e-01   1.1091199e-01   1.2591608e-02   6.2340670e-03  -8.6623880e-03   6.7977056e-03   8.0294662e-03  -1.8984842e-01   3.1752929e-01   2.7882417e-02   2.8206917e-01  -1.7644591e-01  -1.2334479e-01  -6.1593152e-02  -2.2856734e-02   1.6228200e-01   5.7003368e-02   1.9669308e-03   1.4282214e-01  -6.7652078e-02   2.4675155e-02  -4.1684470e-02   1.3992674e-01  -6.0141107e-03   3.0330516e-01  -1.1629389e-01  -2.0275740e-01   1.8580979e-02   5.8972737e-02  -4.8708868e-02   2.4683776e-01   4.3661637e-02  -5.5258335e-02  -1.1312053e-01   1.1864324e-01
  -1.1608338e-01  -2.1178249e-03  -1.8046724e-01  -1.6388316e-01   1.4101585e-01   1.7118931e-01   1.6848363e-01   1.6849806e-01   5.4368676e-02   7.6151484e-02  -6.7183575e-02  -4.2440900e-01   1.7896869e-01   2.7270191e-02  -6.6179723e-03  -3.4444639e-02   2.7904756e-01   1.0119605e-02   1.0809483e-01  -1.9662794e-01   7.5999652e-03   1.8720816e-01   1.0568816e-01   1.8544825e-01   1.5338253e-01  -8.0915472e-02  -2.1320530e-02   1.3111699e-01   9.9198480e-02   9.9330359e-02   1.5905391e-01   4.8273287e-02   8.7109660e-02  -1.5747151e-01  -1.3766748e-02  -4.3537315e-02   7.0081070e-02   1.9969728e-01  -2.1619738e-01  -1.9171283e-01   7.8248608e-02   4.6488542e-02   1.4488304e-01   1.2937126e-01  -1.6604460e-01  -9.9084940e-02   1.8802660e-01  -2.2479111e-02  -8.7610160e-02
  -1.5989077e-01  -1.4690411e-01   1.3539048e-01   7.6295281e-02  -6.2894104e-02  -1.3247293e-01   1.2190365e-01  -1.5854788e-02  -8.7625553e-02  -5.5804509e-02  -9.7927077e-02   1.2654495e-01   2.6037554e-01  -9.2321020e-02  -8.7521595e-02   6.5648844e-03  -1.7862550e-01  -3.0522548e-02   1.3357590e-01   1.9706145e-01   7.6324519e-02  -4.2431881e-02   7.9544809e-02  -8.4994372e-02   3.0771657e-01   7.1448670e-02  -1.7908799e-01  -1.5831258e-01  -5.9724311e-02  -1.1247636e-01  -8.3962508e-02  -9.4705696e-02   1.5682768e-01  -1.3767731e-01  -1.8202375e-01  -5.6356299e-02  -1.5863579e-01   2.3077493e-01  -2.4701528e-01   2.8018519e-01   6.9008909e-02   4.7472373e-03   2.9337274e-02   3.8224033e-01   2.1752718e-03  -1.9343191e-03  -2.0788412e-02  -6.9613393e-02  -1.3026554e-01
  -1.4048038e-01   1.7283135e-01   2.3640883e-02   1.0603893e-01  -9.1429192e-02   7.5188728e-02   4.0035816e-02  -2.9271243e-01  -1.6236905e-01   1.6044233e-01  -5.5588478e-02  -2.9532478e-01   7.3249837e-02  -1.9543791e-01  -6.1784381e-03  -8.9145700e-02   6.5130482e-02  -1.6824799e-01   4.4885804e-02  -1.1769287e-01   1.5941300e-01   2.5225080e-01  -9.7382588e-03  -5.0460336e-02  -1.0324432e-01  -6.8551517e-02  -4.2542543e-02  -6.7568106e-02   3.9231215e-02   1.6846256e-01  -7.8101668e-02  -3.5415435e-02   6.6273662e-02   1.7062004e-02   2.9663192e-02  -5.0404819e-02   1.2765240e-01  -2.9891097e-01   1.4176522e-02   1.8550931e-01  -1.4146443e-01  -2.5076122e-01  -2.3123336e-01   2.5898869e-01  -4.8763217e-03   5.4198428e-02  -1.8917041e-01  -5.5424720e-02   2.2497207e-01
  -1.3745764e-01   1.0131149e-01   3.3412431e-01   2.8459902e-03   1.8056174e-01  -2.7894940e-01  -1.1092297e-01  -1.5919547e-01   1.4673149e-01  -2.4617146e-01   7.0974300e-02  -1.6312320e-01  -4.3254697e-02  -1.9746745e-02   1.4712007e-02   1.3686173e-01  -8.7846683e-02  -8.2264594e-02  -1.0977587e-01  -7.9579042e-02  -7.8675333e-03   6.6636586e-02  -1.1116864e-02  -1.2896453e-01   3.7005272e-02  -1.1871039e-01   2.6239854e-01   1.9700194e-01   3.5105525e-01   6.1123944e-02  -1.3061905e-01   5.5150849e-02  -1.7661656e-01   8.4286501e-02  -3.0686865e-02   5.5271497e-02   1.6802923e-01   2.1028135e-01  -1.1012186e-01   9.3277667e-02   1.3140267e-01   1.4750198e-01  -1.5507381e-01   9.9338648e-03  -9.1931683e-02   5.1995706e-02   2.4811551e-03  -1.8010104e-01  -9.7343772e-02
  -1.4471419e-01  -2.0816864e-02  -1.8349420e-01  -9.3421270e-03   1.1579693e-01   5.6766294e-02   2.6757436e-02  -4.3596717e-01   1.9441400e-01   4.1477281e-02   7.5881395e-02   1.1929275e-01   1.4822823e-04  -7.8740082e-02  -2.3016369e-01  -3.0125665e-01   1.5037279e-01  -5.8158706e-02   3.1095569e-02   5.4192956e-02  -1.6282327e-01  -4.3934807e-02  -4.8522833e-02  -3.3784340e-02  -1.4724487e-01   1.1645636e-01  -9.3070956e-02   6.0177174e-02  -1.8494026e-01   1.2798555e-01  -2.3833386e-01   2.4166988e-01   1.7521761e-01  -2.2619285e-02   3.9479291e-02   1.7143617e-01   3.3287015e-02   8.8703303e-02  -1.0631976e-01  -4.3432814e-02   1.6904328e-01   2.6979437e-01  -8.3956946e-02  -3.6663792e-02   1.5326278e-01  -1.7971248e-01  -1.7356551e-02  -3.2173093e-02  -4.0671193e-02
  -1.5315870e-01  -1.9973418e-02  -2.1350840e-02   2.4144813e-01  -1.3433717e-01  -1.8948913e-01   2.3826886e-01   1.9773697e-02  -8.6395836e-02   2.0050070e-01   4.5965579e-02  -9.8804727e-02   1.0259177e-01   3.3357123e-01   6.2780326e-03  -1.0737381e-01  -3.1567834e-02  -5.1652200e-02  -1.2551701e-02   2.5292481e-02  -1.0897467e-01   3.0118039e-02  -5.2892702e-02   1.7950522e-01   1.3123053e-01  -1.3148912e-01   1.0198786e-02  -4.7421666e-02  -2.0475896e-01   6.9327885e-02  -1.1214009e-01  -1.4715765e-01  -2.6376632e-01   6.4219180e-02   2.1761177e-01   5.1226862e-02   9.2064376e-02  -7.5322321e-02   2.1800172e-01   7.1519813e-02   2.1353931e-01  -1.6850118e-03  -2.0303470e-01  -4.4229964e-02  -5.1315560e-02  -4.2781110e-02   1.3149388e-01   6.1374829e-02  -3.7217340e-01
  -1.2893847e-01  -5.2195310e-02  -9.6578687e-02  -3.1080750e-02  -1.6845103e-01  -3.0124894e-01   6.1559053e-02   4.7014131e-02   5.2596513e-02   3.8468533e-02   8.1018080e-02  -2.1537049e-01   7.6001770e-02   7.8758190e-03  -6.5705060e-02   3.8726234e-02  -4.6279641e-02   1.6502485e-01  -7.8245091e-02   3.9384937e-02   2.5826615e-02   1.5519513e-01  -2.2394857e-01  -3.0170686e-01  -9.5438463e-02  -9.5273449e-02   2.3700431e-02   3.9041812e-02  -3.1562200e-02   5.3491690e-02   8.7740462e-02  -3.2624444e-03   1.9798148e-01  -6.2668241e-02  -2.5811551e-01   1.0341079e-02  -1.8727483e-02   1.5842541e-01   1.8522576e-01   1.3451747e-01  -6.3374034e-02   6.4954113e-02  -5.3773664e-02  -1.2539979e-01   1.4696702e-01  -4.7867959e-02   3.1206747e-01   3.9155154e-01   2.2893869e-01
  -1.2412958e-01   2.8628378e-02   3.6226476e-01   1.0429090e-01  -3.2451472e-02   1.4056769e-01  -6.5609981e-02   1.2056831e-01  -5.9616433e-02  -1.7313523e-01  -1.1229290e-01  -4.0071335e-02  -2.1105976e-02   5.0008553e-02   2.0523402e-01   4.8643774e-02   2.3559753e-01  -9.0256926e-02  -8.2955351e-02   1.0176792e-01  -4.3262044e-02   2.1172875e-01  -1.3043682e-01  -1.6306547e-01  -8.7179176e-02   8.3085115e-02  -1.2383582e-01   1.1423334e-02  -1.0100664e-01   1.1363770e-01  -2.0601208e-01   2.5255532e-02   5.9659438e-02   3.4511165e-02   1.1345046e-01   4.1039152e-02  -1.3720274e-01  -3.4491719e-02   5.8358736e-02   1.0279851e-02  -3.6841608e-01   7.6075873e-02   2.2079981e-01  -6.7156430e-03  -4.7077497e-03  -3.7589112e-01   1.1877918e-01  -3.1697263e-02  -2.2336422e-01
  -1.4351796e-01   2.2011810e-01   1.3565692e-01   1.3134381e-01  -1.1452920e-01  -1.9891409e-01   2.2203644e-01   9.7825169e-02  -7.0341670e-02   1.0840220e-01   1.0610390e-01   1.9840262e-01  -7.5320535e-02  -1.4424835e-01  -3.9083755e-02   3.2996045e-02  -2.0998590e-04   5.8927424e-02   1.4852478e-01  -2.5920534e-02  -1.9249372e-01  -8.3701693e-02   1.5756666e-01   2.0080434e-01  -1.2619051e-01   5.4132376e-02   1.5497763e-01   6.1324099e-02   3.6741577e-02   3.3400152e-02   1.8452808e-01  -3.4565751e-02   3.9439207e-03  -1.0837612e-01   3.4698974e-01   1.1784908e-01   1.2623335e-01   4.1980914e-02  -3.0675233e-01   9.3594314e-02  -3.1951435e-01   1.7966543e-01   4.0043554e-02   5.1163818e-02   6.5032256e-02   5.3774932e-03   9.4358014e-02   1.4309987e-01   1.6950829e-01
  -1.3155973e-01  -9.6722488e-02   4.8254263e-02  -1.1942078e-01   9.3992047e-02  -8.1210105e-02   1.6001163e-01  -9.6246716e-02  -1.5633842e-01  -1.0833776e-01  -9.0164109e-02  -2.0381285e-01  -2.6029026e-01   8.2176013e-02   3.0643804e-03   3.2539696e-01   5.0094200e-02  -1.3431179e-01  -1.1416982e-01  -4.1037674e-01  -9.2511421e-02  -1.2423489e-01  -9.4708388e-03   1.1749408e-02   5.1007918e-02   7.9005607e-02  -1.4079490e-01   9.8746234e-04  -3.1172213e-01  -4.2881839e-02   6.3374028e-03  -1.9266365e-01   7.3890279e-02  -3.8818958e-02   1.0144611e-01   5.3812459e-02  -2.2423134e-01   1.5980920e-01  -1.0276433e-01   4.7527424e-02   6.5005638e-02  -5.8846532e-02  -7.2339379e-02  -1.8424242e-01   1.8906324e-01   1.4689635e-02  -2.1037561e-01  -1.4499693e-02   1.1431551e-01
  -1.4202816e-01  -1.3659921e-01   1.8634203e-01  -1.5763195e-01   7.8841641e-03  -1.1998070e-02  -7.0965970e-02   2.1856736e-01  -2.2548387e-01   3.2421152e-03   7.9258595e-02  -6.6812007e-02   1.3162008e-01  -2.7764955e-01   2.4431388e-02  -6.8022610e-02  -2.7288586e-01  -1.0310817e-01   2.9618540e-01  -1.3169238e-01   9.3593543e-03  -1.3368668e-01  -1.4067571e-01   4.7618644e-02   2.8711655e-02   8.5074132e-03  -1.1046874e-02   2.7126119e-01  -2.0524911e-01  -9.2978852e-02  -5.6393848e-02   1.0258713e-01  -6.9597385e-02  -1.7534696e-01  -2.1278236e-01  -8.2433442e-03   2.3900732e-01  -2.4036550e-01   5.0576695e-02  -1.7573147e-01  -1.9859296e-02   1.3354401e-01  -1.1113072e-01  -1.3727447e-01   6.2079836e-02  -1.5869875e-01  -8.2971241e-02  -1.6035002e-02  -5.6639222e-02
  -1.4442937e-01  -1.5836086e-01  -1.3345696e-01   3.1747859e-01   3.1675109e-01  -3.8129660e-02   1.5864031e-03   9.8379986e-02   1.1514330e-01  -1.8767675e-01  -4.1305597e-02   1.0123954e-01  -2.5232740e-02  -1.3006531e-01  -8.7886784e-02   8.6208145e-02   2.4642695e-01   7.2481781e-02  -1.5638721e-01   6.1959387e-03   1.0731670e-01  -1.0401495e-01  -1.0806042e-01   1.5697071e-01   1.9829121e-01  -1.4505944e-01   3.2006622e-02   1.6532052e-01  -6.6904797e-02   8.0709318e-04  -2.2478792e-01  -1.8587771e-03  -5.5760685e-02   5.9619380e-02  -4.7137426e-02  -2.4382342e-01  -8.6069661e-02  -2.5253978e-01  -1.1846847e-01  -7.7430358e-02  -1.5458021e-01   5.4651475e-02  -1.3326234e-01   1.1151484e-01   3.5827738e-03   1.4793125e-01   2.3472203e-02   3.0835464e-01   6.1929574e-02
  -1.4849319e-01   1.8011832e-01  -2.1479627e-01   8.7766334e-02   4.7603482e-02  -1.2660045e-02   5.8847521e-02   1.7936043e-01  -2.1348619e-02  -1.0398950e-01   9.5957319e-03   5.7711557e-02   3.0835286e-02   1.5604019e-01  -2.1712309e-01   7.4410975e-02  -5.8914728e-02   1.0540383e-01   7.0559024e-02  -9.5645553e-02   8.0552549e-03  -1.2125124e-01   2.2173819e-01  -3.1768998e-02   3.6380688e-02   3.4820293e-01   1.1690718e-02   3.2206828e-01   1.1283780e-01   1.0130679e-01  -1.9548092e-01   1.6297739e-01  -1.1618806e-01  -6.5676821e-03  -5.0362971e-02   4.1191317e-02   6.4092247e-03   1.2071191e-01   3.0022618e-01   1.0118093e-01  -7.6587714e-02  -3.6717604e-01   3.1728688e-02   1.1669508e-01   1.0693656e-01  -2.0329040e-01  -4.0022874e-02  -6.7845015e-02   7.7743977e-02
  -1.3544216e-01  -1.7047969e-01  -2.2634884e-01  -2.5074097e-01   2.1325817e-01  -9.1696023e-02  -2.1361534e-01  -1.8845742e-02  -3.6974722e-02  -5.6895412e-02  -3.5648698e-02  -4.2570185e-02  -2.3340131e-02  -1.3176160e-01   2.2200763e-02   3.8409033e-02  -9.0258809e-02  -1.5153279e-01   3.8262103e-01   1.4528641e-02  -8.3071610e-02  -1.5389795e-01   8.6125423e-03   9.0035280e-03  -1.0891194e-01  -3.4761596e-02   6.4102596e-02  -1.4520570e-01   1.5618067e-01   8.0774161e-02  -5.2036496e-02  -1.8097277e-01   1.6195362e-01   1.8840795e-01   3.2637565e-01  -1.2798009e-01  -1.2340473e-01   8.7514496e-02   2.8137903e-01   9.4996953e-02  -1.2173249e-01   5.5104284e-02  -6.8494099e-02   8.2498823e-02  -1.9632355e-01  -5.2414604e-02   6.4215893e-02   1.3204247e-01  -1.0019131e-01
  -1.7288975e-01  -6.6504454e-02  -1.0234425e-01  -3.3325458e-02   4.0143547e-02  -2.1959368e-01  -2.6413243e-01   9.4514748e-02   9.7344481e-02  -8.7312841e-02   3.1484319e-02  -8.3935330e-02   1.0682984e-01   2.6434006e-01   4.1181702e-02  -1.0039072e-01  -1.1684674e-01  -2.2595756e-01  -2.3640987e-01   3.7067447e-02   1.4327169e-02   1.0282101e-01   3.8983880e-02   6.4801629e-02  -1.3249772e-01   4.3442274e-01  -1.0425560e-01   1.4113364e-02  -2.1279935e-02  -3.7078374e-03   1.2545621e-01  -2.4859676e-01   9.1284982e-02   6.7262597e-02  -3.4151458e-02   1.4896810e-01   2.1156966e-01  -1.6119827e-01  -1.0615278e-01  -1.8827010e-01  -3.9678597e-02   9.3112818e-02   1.0339636e-01   2.1449214e-01   4.6366812e-02   1.6327740e-01  -1.0389638e-01   1.1348187e-01  -2.1165731e-02
  -1.2783363e-01   8.3621237e-02   7.4214427e-02  -3.8532136e-02   7.4192521e-02  -2.8752185e-01  -6.4227571e-02  -1.1546734e-01  -2.8562869e-03   1.0206698e-01  -8.6513905e-02  -2.1597797e-02  -3.0995323e-01  -1.2147252e-01   1.4589978e-01  -1.5191734e-01   1.0018817e-01  -1.7087499e-01   7.2129101e-02   1.3851833e-01   2.9386292e-01  -1.0381447e-01  -2.1579625e-01   1.4692610e-01   1.3139947e-01   6.8181130e-02  -7.5278730e-02  -1.4550795e-01  -1.7965287e-02   2.3805247e-03   1.7813567e-01   2.6643050e-01  -3.0284534e-01  -8.3840215e-02  -1.1127591e-04   1.1399677e-01  -9.6879693e-02   1.7913368e-01   8.6398600e-02  -2.1181545e-01   3.2782566e-02  -1.9732680e-01   1.1535568e-01   1.4561671e-01   4.8312676e-02  -6.5515100e-02   5.5660801e-02   1.2802552e-01   5.9797309e-02
  -1.3468826e-01  -6.8016099e-02   6.0363799e-02   1.5983060e-01   3.2704871e-01  -3.2569421e-02  -1.3621801e-01   7.8891402e-02   5.8995079e-02   8.1650277e-02  -1.9322592e-02  -8.5898584e-02  -1.4926500e-02   5.4252369e-02   7.7700409e-02   1.3785240e-03  -9.7307727e-02   2.3819150e-01   1.4419910e-01  -9.8679225e-02   5.3585275e-02  -8.8370935e-02   7.7248311e-02   6.1350728e-02  -4.6822644e-01  -1.8679099e-01   8.4197246e-02  -1.8372568e-01  -2.2937794e-01   5.1174643e-02  -2.6768820e-02   2.9152420e-02  -3.2107446e-02   8.9167682e-02  -1.5199034e-01   1.0915437e-02   6.4335854e-02  -4.4326317e-02  -1.7345567e-01   1.7868707e-01   1.2408028e-01  -2.1665336e-01   2.7717763e-01   5.2777856e-02   1.8595503e-01   2.7294499e-02   1.4877226e-01  -1.1265740e-01  -8.2472943e-02
  -1.5602736e-01   2.3880313e-01  -1.0226314e-01   8.4205775e-02  -8.6777530e-02  -7.9024472e-03  -9.3912189e-02   9.8907304e-02  -2.3903991e-02  -6.7589624e-02   1.2001732e-01  -3.6628824e-02  -3.4689299e-01   2.3293741e-01  -2.0622914e-02   4.3050324e-03   7.7305043e-02  -9.3941168e-02   2.0298870e-02  -6.8258033e-02   2.8274890e-02  -2.8465867e-01   5.9214274e-02  -2.8148336e-01   1.4399144e-01  -1.0723836e-01   1.2428981e-01  -2.3874018e-01  -5.9587241e-02  -7.8911394e-02  -7.8721948e-02   9.7520466e-02   2.6509590e-01  -3.0419269e-01  -4.8665292e-02  -5.2899309e-02   1.9085052e-01  -2.0929657e-01  -1.6556140e-02   2.5730535e-02   9.3797745e-02   8.2932060e-02   9.2184309e-02   6.2505096e-02  -2.8826895e-01  -6.1604724e-02   9.5666892e-03  -1.2103958e-02   1.6543662e-03
  -1.3685437e-01   1.5879699e-01  -4.7743840e-02  -1.5381216e-01  -1.6042652e-03   1.4509524e-01  -1.5092270e-01   1.4114485e-01  -7.3645676e-02   3.5829277e-02  -1.2365799e-01  -6.6890349e-03   1.8995711e-01  -7.6225396e-02   1.8597491e-02   2.6497684e-02  -1.1496316e-01   2.6571797e-01  -2.1947792e-01   9.7735643e-03   4.8127622e-02  -1.4426673e-01  -7.1796376e-02  -3.3696382e-01   2.4032472e-02   6.1738299e-02  -1.9494614e-02  -1.3976692e-01  -2.8286186e-01   2.1632855e-01   3.0300420e-03   1.3824216e-01  -1.7730560e-01   1.2604956e-02   3.0532034e-01  -1.0302547e-01   9.4375241e-02   2.0191030e-01  -1.0896140e-01  -1.8381941e-01  -6.3693936e-02   1.8416253e-02  -2.4894972e-01   8.8946084e-02  -2.3153675e-02   2.0805272e-01   6.2807812e-02  -6.5617052e-02  -1.0149449e-02
  -1.4105459e-01   3.5101122e-01   1.3790839e-01  -4.7517027e-02   1.3336055e-01  -1.0901174e-02  -6.3524080e-02   1.7254562e-01   1.1917303e-02   1.6388445e-01   1.9436479e-01  -6.8628686e-02   1.4109026e-01   4.7202133e-02  -7.3041923e-02   6.8085916e-02   1.4839796e-01   8.4706480e-02   4.6592480e-02   1.5483726e-01   3.1127796e-02  -8.1453568e-02  -2.7440456e-03   1.6154807e-01  -1.6478509e-01  -7.6257952e-02  -2.6882298e-01   1.2370983e-02  -7.1819659e-02  -1.1715348e-01  -1.1967435e-01  -9.3894044e-02  -2.6546461e-02   7.1857059e-02  -1.7554430e-01   2.3883543e-01  -2.9843099e-01   6.1029605e-02   1.3544448e-01  -5.6387950e-03   1.8907396e-02   1.9989820e-01  -1.0907302e-01  -1.5930436e-02  -3.2501754e-01   1.2601767e-01  -1.3084132e-01  -8.1198043e-02   2.0800782e-01
  -1.4097134e-01  -2.0229678e-01  -4.7782140e-03   2.4410061e-01  -3.5662503e-02   1.2870858e-01  -2.9572278e-01   6.4577375e-02  -5.7677840e-02  -6.2536511e-02  -6.4847557e-02   1.1797941e-01   6.2218894e-02   2.5682124e-02  -2.2410236e-01   3.6096656e-03   2.7901656e-01  -7.1772703e-02   1.2698942e-01  -2.3014254e-01  -1.9045759e-01   7.4118315e-02   5.9470718e-02  -1.2278965e-01   3.2266702e-03  -4.3099101e-02  -2.1856728e-01  -2.8052246e-01   1.5769250e-01  -1.7210830e-01   2.4119426e-01   2.8924620e-03  -3.3477803e-01  -1.4753440e-02  -9.5680339e-02   7.7627495e-02   1.7175882e-01   1.1587429e-01   6.3622465e-02   6.5304512e-02  -3.5006025e-02   9.4794313e-02  -1.5321295e-01  -4.7135484e-02   6.7856471e-02  -6.4974450e-02   2.5254292e-02  -8.5901445e-03   1.1121413e-01
  -1.4711253e-01   1.7411091e-01   1.8858342e-02  -1.5664733e-01  -2.1883839e-02   1.9525813e-01   6.2366538e-02  -5.8398437e-02   6.0890888e-02  -6.9692211e-02   2.3313289e-01  -1.9362516e-02   2.9606356e-02  -2.1764644e-01   1.8350582e-03  -1.5620490e-01   1.6167569e-01  -1.2777619e-01  -1.1028457e-01  -1.1796379e-01   1.2633746e-01  -2.1371880e-01  -7.2834196e-02  -4.5274756e-02   9.1323073e-02   1.9515093e-01  -7.2252020e-02   1.0962575e-01  -7.7331168e-03  -1.8270218e-01   1.4972201e-01  -1.3144190e-01  -8.6484775e-02   1.3642317e-01   2.0319428e-02  -8.2687392e-02  -8.2845532e-03  -1.2955690e-01   8.8362423e-02   3.5459528e-01   3.8459869e-02   1.4189090e-02   1.4835990e-01  -7.1482300e-02   1.2255752e-01   2.3343544e-01   3.9142669e-01  -9.6293631e-02  -1.4977440e-01
