  -1.3191766e-01  -3.0553639e-01  -1.4068770e-01  -2.0078906e-01  -1.1767613e-01   1.9944247e-01  -3.2866255e-02   7.7319553e-02   5.0049015e-02  -8.6348096e-02   3.3499248e-02   1.1620235e-01   1.3198152e-01   2.1857379e-01   5.4946984e-02   9.7264089e-02  -2.4013505e-02  -2.1098757e-01   5.9173509e-02   6.0011141e-02  -2.0569669e-02  -1.8240801e-02  -9.4338868e-02  -1.9526551e-01   4.1897658e-02   2.7641865e-01  -8.5299128e-02  -7.5171706e-02  -1.1618739e-01  -1.2498035e-01  -7.6787444e-03   2.7252413e-01   8.4920697e-02  -8.5702222e-02   3.7722995e-01   5.7889641e-02  -3.1226629e-02  -1.1567280e-01  -1.9571989e-01  -6.4847022e-02   1.2246449e-01   1.2589425e-01   5.5296667e-02  -2.7901145e-03  -1.3299037e-03  -2.6788800e-01  -1.6806543e-01  -1.1334302e-01   8.8480964e-02
  -1.2560757e-01  -7.1472557e-03   3.8065483e-02   8.9461310e-02  -2.3027023e-01   4.9055434e-02  -3.5189756e-02   1.6850810e-01  -4.8093714e-02  -2.0065541e-01   1.6647606e-01  -1.6588713e-01  -3.4768577e-01  -1.5118900e-01  -5.5650793e-02   6.2259374e-02   2.1478969e-01  -1.1872472e-01   7.7389256e-02  -1.0694690e-01   4.6409699e-02  -1.2570430e-01   4.6858040e-02  -9.1183595e-02  -1.9993898e-02  -1.5332447e-01  -1.5588469e-01   1.8990869e-01   1.6272949e-01   1.3466595e-01   2.4858955e-01   2.0619748e-01   1.0710117e-01  -5.6061489e-02  -5.2426243e-02   2.2012577e-01   1.0597088e-01  -1.9996809e-02  -7.6287717e-03  -1.1093975e-01  -2.2753178e-01   2.6714289e-01  -1.4376637e-01  -3.9261722e-02   1.2073189e-01  -1.4800223e-01   5.7254831e-02   1.6017142e-01  -3.5086502e-02
  -1.4446397e-01   6.0153124e-02  -1.3951023e-02  -7.7989037e-02  -1.1212288e-01  -2.3973870e-02  -5.6439454e-02   2.1157779e-01   9.6565071e-02   3.8624234e-01   6.3642308e-02  -1.3950068e-02   1.4508407e-01  -1.0108334e-01   3.6882252e-02   7.1776280e-02   5.9061277e-02  -1.0407471e-01   5.8054782e-02   1.1760707e-01   4.7149637e-02   2.2740222e-01  -2.2427510e-01   2.8986170e-01  -5.2396748e-02   1.1409904e-01   1.1035354e-01   9.4493062e-02   7.1197803e-02  -1.2632928e-02   7.2048393e-02  -1.4031160e-01   3.5257983e-01  -9.4667258e-02   1.0453279e-02   2.8247892e-02  -7.0039676e-03   6.6243484e-02   1.0364593e-01  -3.1021928e-01   4.9661207e-02   1.4671600e-01  -1.6866536e-01   7.5155332e-02   1.2209734e-01   1.7293363e-01  -6.5398227e-02  -1.7986984e-01  -1.8900494e-01
  -1.3631624e-01  -3.1956137e-03  -2.8413544e-01   6.1041276e-02   1.2245418e-01  -5.4511405e-02  -1.0370027e-01   1.1700343e-01  -1.8232209e-01  -8.9007746e-02  -3.1909499e-02   1.5002674e-02   8.2952912e-02   7.7117490e-02   3.4689433e-01   6.3462766e-02   7.8523934e-02  -5.0549635e-02  -1.7352647e-01  -6.3204153e-02   9.3151870e-02  -1.0992845e-01  -7.0388335e-02   1.1519925e-01  -2.6463813e-01  -1.2697685e-01   2.4298483e-01  -2.0404738e-01   7.7763024e-02  -6.0461752e-02   1.8109844e-01  -1.0866015e-01   1.4361663e-03  -1.4085234e-02  -9.7707331e-02  -1.2000746e-02   1.2822512e-01   1.4508713e-01  -2.4564019e-01   2.9274334e-02  -1.4702820e-02  -1.7666344e-01  -1.8881651e-01   1.3240443e-01  -2.9634288e-02  -3.3796189e-01   1.9320364e-01  -7.6275942e-02  -2.3575547e-02
  -1.4767659e-01  -1.1850117e-01   9.0683159e-02  -2.6081409e-01  -3.3001106e-02   3.3571169e-02  -1.1178207e-02   5.7048558e-02  -6.2952148e-02  -1.9287742e-01  -2.3037502e-01   2.5475869e-01  -2.4123735e-01  -4.5093621e-02   8.4181714e-02   1.5087459e-01   1.3984827e-02   2.5218716e-01   1.2863501e-01   7.4587183e-02  -4.3880024e-02  -1.1284382e-01  -4.6739867e-02   1.8356961e-01  -8.0097269e-02  -2.7536492e-01   1.5055104e-01   1.0890065e-01   9.4254086e-02   1.1088902e-01   9.9051478e-02  -4.9051479e-02  -1.5127906e-01  -4.5725963e-02   2.8351399e-01   6.1495609e-02   7.2945461e-02   1.1571649e-01  -4.1334983e-02  -1.1021473e-01   2.2900302e-01   2.0650874e-02   2.7342918e-01   1.7092646e-02  -9.6414616e-02   2.1912357e-01  -3.6289396e-02  -2.6704501e-02  -1.3231698e-01
  -1.2450843e-01  -8.5811854e-02   2.3688250e-01  -1.6386073e-01  -7.9572795e-02  -3.3759963e-02  -2.9392540e-01  -1.1585995e-01   7.7639954e-02   2.0442409e-01  -1.4798256e-01  -1.1510555e-01  -6.8749678e-02   8.1445914e-02   2.2117016e-01  -6.6241467e-03   1.4573599e-01  -8.8954016e-02  -7.7157519e-02  -1.3856294e-01   2.5002347e-02   1.2348801e-01   9.6067540e-02   5.8874154e-02   2.6132647e-02  -5.7099690e-02  -3.8975305e-03   1.4020226e-01   2.1938146e-01  -1.4100941e-01  -1.6059157e-01   1.5953917e-01  -1.5902984e-01   1.8573140e-01  -3.4007240e-02  -3.0541571e-01   1.6809905e-01   4.0016433e-02   6.3665725e-02   1.5629299e-01   1.7629042e-01   2.8169230e-01  -1.8240820e-01  -6.6136716e-02  -1.3745032e-01  -4.7942575e-02   7.1388595e-02  -3.8267392e-02   1.7165421e-01
  -1.3588528e-01  -1.0080298e-01  -1.9110678e-02   3.0261109e-02  -7.7779351e-02   3.1371189e-01  -7.8286882e-02  -8.7470134e-02  -3.2742189e-01   9.3037046e-02  -7.0962467e-02   1.1936629e-01  -6.2808682e-03   5.9401971e-02  -9.3370188e-02  -1.8146681e-01   4.7194358e-02   2.7964308e-01  -2.1570429e-01  -9.3955399e-02   2.7073481e-01   1.2089285e-01   1.8235665e-02  -9.3280046e-02  -1.5239936e-01   6.4487683e-02  -8.1981610e-02   4.3167670e-02  -1.0786894e-01   2.6763668e-02   6.4001776e-02  -1.2873389e-01   1.2039482e-01   1.2217487e-01   1.4745144e-02   1.2916390e-01  -2.3836380e-02   2.2311496e-01   3.2330771e-01   1.4034735e-03  -1.7578689e-01   1.0608678e-01   1.7196768e-01  -7.0294140e-02  -2.4988054e-02  -9.6287365e-02   7.0418062e-03  -2.2567606e-01   1.7613361e-01
  -1.5184183e-01   1.9046134e-01   8.6445162e-02  -1.7791926e-01   1.9778145e-01   1.4073507e-01   5.5017156e-02  -6.6172419e-02   1.0591543e-01   5.5842652e-02  -1.5834918e-01  -7.2959204e-02   2.0146738e-01   2.2844084e-02  -5.5878316e-02   2.3018004e-02   6.2195305e-02   3.0913023e-01   2.8634844e-01  -1.0870301e-01   3.1844109e-02  -8.1940095e-02   1.3598490e-01  -1.8547675e-01  -4.0729107e-01   5.6158824e-02  -9.0725272e-02   4.9791987e-02   1.4545550e-01  -4.9006790e-02  -1.5509336e-01  -3.2275659e-02   1.2568814e-01   7.8383730e-02  -7.7175319e-02   1.0624899e-01   1.7331900e-01  -1.4971214e-01  -1.3411617e-01  -1.3521349e-01   5.7738396e-02  -1.0670725e-01  -1.1822934e-01  -1.7439792e-01   1.5767743e-01  -1.0439743e-01  -1.4173934e-01   1.3318004e-01  -5.3248342e-02
  -1.5424414e-01  -1.0519157e-01  -3.7018615e-01   1.7232951e-02   1.0808132e-03  -2.4991740e-02   7.4555763e-02  -8.9756691e-02  -3.0416572e-01   3.6592763e-02  -1.0395157e-01   1.0863000e-01   3.8721032e-02   6.3593432e-02  -1.1598721e-01   1.2649247e-01  -6.0364647e-02  -7.7826230e-02   1.2300097e-02  -1.8663843e-01   1.3260166e-02   1.2562819e-01   5.9937034e-02  -1.1432883e-01   5.0371316e-02   2.8349640e-01   7.9949153e-03   2.1757644e-01   3.2682739e-01  -1.2215036e-02   1.9478670e-01  -8.0697164e-02  -1.2893139e-01   1.2280083e-01  -2.5661879e-02  -8.1971044e-02  -1.4328801e-01  -1.2682083e-01  -7.7983803e-02  -7.9923794e-03   7.8007178e-02   3.7785723e-03  -5.9341678e-02   9.7267544e-02   1.2379035e-01   3.1921501e-01   1.2937296e-01   2.5756724e-01   4.2980836e-02
  -1.3310143e-01  -1.3978992e-01   2.5112286e-01   2.7268887e-02   1.2106505e-01  -9.2958363e-02  -6.1258714e-02   1.7492888e-01  -3.6311755e-02  -1.4341984e-01  -1.4542705e-01   2.3040273e-01   1.1508558e-01  -3.0161676e-01   1.7527678e-01  -7.8850525e-02   8.7125933e-02   6.0226050e-02   2.4508995e-02   9.0347685e-02   1.2942457e-01  -1.3933412e-01  -6.7558324e-02   6.6812454e-02   2.0775840e-02   4.0013552e-01  -1.0078449e-01  -8.2983418e-02  -8.0739564e-02   1.5338135e-01   2.1732670e-02   1.6439976e-01  -2.3742059e-02   2.7571841e-02  -3.3714370e-01   5.8118331e-02  -1.2297795e-01   1.2416134e-01  -2.1492305e-01   1.2623675e-01  -7.5711158e-02   9.4986088e-02  -8.8696328e-02  -2.7963488e-02  -7.4722823e-02   1.9778030e-01  -1.3209875e-01   1.7527639e-02   8.2512305e-02
  -1.3080910e-01  -1.0244298e-02  -1.4706404e-02   2.4730631e-01   1.2106642e-01   1.4336679e-01   8.5414703e-02   2.0832825e-01   1.6951708e-02   1.0462957e-01   1.2732963e-01   2.1045666e-01   5.1357716e-02   2.3304055e-01   7.0706727e-02  -1.1310401e-01  -7.6403352e-02  -1.1348888e-02  -1.5665061e-01  -7.1768244e-02  -2.1163869e-01  -8.7736973e-02   1.0471491e-02   1.3269102e-01  -5.1995917e-02  -1.0216422e-01  -1.7715405e-01   3.9819247e-01  -5.7171290e-02   2.8250503e-01   4.0982788e-02   2.1657076e-01   7.0050642e-02  -6.4544012e-02  -1.5942957e-01  -2.5144857e-01  -3.5278200e-02  -3.7718746e-03   5.2399090e-02  -6.8403731e-02   2.4413139e-01  -1.8368348e-01   5.2876829e-02  -1.7210968e-01  -2.8718613e-02  -1.0266941e-01  -5.6851565e-02   3.1810993e-02  -2.5519515e-02
  -1.3710877e-01  -1.4529376e-01  -1.7698614e-01   1.0076530e-03   4.1124092e-02   3.5568894e-02  -6.8548838e-02  -7.0907463e-02   9.5825992e-02   2.1423563e-01   1.6880304e-03   4.4389022e-02  -1.3984910e-01   2.0745787e-01   1.2877402e-01  -1.9072545e-01   1.2691970e-01   1.0173208e-01   3.9865537e-01  -6.7325735e-02  -1.3033591e-01  -1.1752920e-01  -3.0149963e-02  -8.6399210e-02   1.5489733e-01  -8.2710929e-02  -1.8475422e-01  -6.2834969e-02  -2.3738819e-01  -9.6241501e-02   1.0675281e-01  -2.8744277e-01  -9.5564853e-02  -2.3190260e-01  -2.3023624e-01   7.8101594e-02  -9.5963418e-02  -7.2463538e-02  -7.9600314e-02   6.5432770e-02   2.0464149e-02   1.8363776e-01  -4.9852479e-02  -1.1716152e-01  -6.1179938e-02   7.1435794e-02   2.3525914e-01  -1.2502874e-01  -9.2492932e-02
  -1.3919160e-01  -1.9366443e-01   7.2453764e-02   1.9422916e-01  -3.1876515e-02  -1.2552171e-01   5.2965053e-02   1.7507660e-01  -8.3477398e-02   1.2237612e-01  -2.5608675e-01   1.2688994e-02  -4.8378739e-02  -1.1912228e-01  -1.4755518e-01  -1.5724025e-01  -3.0007673e-01  -4.9589197e-02  -4.2263243e-02   1.1728177e-01  -3.0746532e-01   9.2792001e-03   5.1358746e-02  -4.0457104e-02  -2.0341565e-01  -1.0093834e-02   8.5476719e-02  -1.8651346e-01  -2.3822961e-01  -5.3782462e-02  -3.0863554e-02  -3.7425293e-02   7.6902611e-02   5.1590089e-02   1.2445907e-02   1.3909494e-02   2.7696845e-01  -2.6665799e-02   6.3587400e-02  -1.8359810e-02   1.4150490e-01   2.6700567e-01   3.5143576e-02   8.6030130e-02   1.6681376e-01  -6.4795772e-02   1.7261590e-01   2.9008853e-01   1.0018369e-01
  -1.4132641e-01   1.2880821e-01   1.4372174e-01   2.0806375e-01   1.6698914e-01  -3.4470870e-02  -2.9240540e-02   1.7660834e-01   1.0377832e-01   8.8098186e-02  -8.6767500e-02  -1.8747248e-01  -5.2276590e-02   1.4859505e-01   3.8495118e-02   3.5101117e-02   5.8333577e-02  -1.2865318e-01  -7.1059549e-02   1.6541950e-01   8.5476654e-03  -1.1387800e-03   5.7280221e-02  -1.9912807e-02  -1.9429548e-01   1.5976905e-01  -5.9207943e-02   8.1130843e-02   5.1816328e-03  -3.2944899e-01   2.0325996e-01   9.5511954e-02  -4.2575105e-01  -1.1102964e-01   5.5966920e-02   2.6949151e-01  -2.6152496e-02  -4.5047282e-02   1.6613942e-01  -2.2775574e-01  -5.4790811e-02  -1.6174351e-01   1.1276286e-01   2.3998046e-02  -1.5113091e-01   1.2936765e-01   2.0568500e-02  -7.1837752e-02   1.4832255e-01
  -1.5859776e-01   9.3580888e-02   1.9731677e-01   1.8982461e-01   1.6311432e-02   5.3807216e-03   2.4538923e-01  -1.9798209e-01  -1.6927945e-01  -2.3700620e-01  -6.4334679e-02  -5.3550029e-02  -9.0273458e-02   1.1801929e-01  -2.6387200e-01  -1.9733066e-01   1.7913201e-02  -1.7527964e-01   4.6508816e-02  -1.9705320e-01   8.9713988e-02   5.9102808e-02  -6.5801321e-02   2.6178492e-01  -7.2646427e-02   1.2332826e-01  -1.7094422e-01  -2.0844939e-01   1.1402016e-01   7.0260374e-03  -6.1273838e-02  -1.0769663e-01  -2.4692923e-02  -1.4366420e-01   7.5315416e-02  -1.5907756e-02  -3.1410355e-02   1.8069606e-02  -2.2976966e-02  -3.3848679e-02   2.7688354e-01   1.1293503e-01  -1.7754126e-01   8.9074895e-02  -2.3183186e-01  -1.0074952e-01  -9.5789866e-02  -9.6683965e-02  -2.2243188e-01
  -1.4736294e-01  -2.0964471e-01  -9.1392072e-02  -1.6318012e-01   9.3834559e-02  -2.4542008e-01   6.8270569e-02  -1.1823587e-01   2.0996662e-01  -8.7168220e-02   5.8145853e-02   6.2730241e-02   1.9350757e-02  -6.0239831e-02  -3.5196562e-02  -1.1127790e-01  -1.8683505e-01  -2.1576201e-01  -1.8067909e-01  -2.4455734e-02  -1.0911000e-01   5.3753780e-02   2.8103803e-01   3.8177834e-02  -1.3433456e-01  -1.1581807e-01   8.6153842e-02  -9.0804953e-02   1.5389423e-01   1.7890943e-01   4.2972794e-02  -7.9032943e-02  -1.1936189e-01   1.1290334e-01  -5.4890122e-02   2.1244226e-01  -2.0192738e-01  -3.5887203e-02   5.6723171e-02  -7.4372307e-02  -4.9305510e-02   9.0001976e-02  -6.9093593e-02  -3.8167255e-01   1.5569601e-01  -1.7522448e-02  -9.1723292e-02  -3.0708242e-01   3.1822581e-03
  -1.4724230e-01   6.2831458e-02   2.6492393e-01  -2.9418214e-01   1.1790228e-01  -1.3820692e-01  -9.8380056e-02   3.3762916e-01   2.8538695e-02   4.3653126e-03   1.1165251e-01  -8.4002139e-02   1.0186680e-01   2.4785818e-01  -8.5021470e-02  -9.3173819e-02   9.7168421e-02  -2.5882122e-02  -8.4548524e-02  -2.5979417e-01  -8.8280214e-02   1.6795369e-01  -1.3047033e-01  -1.4379406e-01  -1.1668318e-02  -9.5883064e-03  -7.1180128e-02  -1.6548395e-01   5.4175245e-02   1.6008089e-01  -5.1360467e-02  -7.7071342e-02  -6.9923307e-02   2.1412717e-02   6.9671982e-02  -3.3231738e-02  -2.6160038e-01   1.7319080e-01  -3.8709714e-02   4.1430328e-02  -1.2853178e-01   7.1099380e-03   2.5192467e-01   1.1448488e-01   1.1521695e-01  -4.4467424e-02   1.8867241e-01   2.0808173e-01  -1.5613557e-01
  -1.4483471e-01   4.0735361e-02  -4.2293581e-02  -1.5499100e-02   1.2426148e-01   1.8398331e-02   2.6844777e-01  -2.1944773e-01  -1.0696337e-01  -1.6714705e-01   9.6239596e-02  -1.6704375e-01   1.5497215e-01  -5.4575292e-02   9.1547988e-02   2.0724752e-01   2.4825837e-01  -7.3546515e-03  -1.2617131e-01   2.1995418e-01  -1.2714500e-01   3.2108460e-01  -2.2117359e-01  -2.6821256e-01  -1.0013860e-01  -5.7553087e-02   1.3279789e-01   1.2536148e-01  -2.6056717e-01   9.9381382e-02   2.1893377e-03   1.4823452e-02  -1.7843942e-01  -7.0615190e-02  -1.4498698e-01  -9.4515030e-02   9.7386200e-02   5.7411927e-02   1.2875444e-02   1.1100013e-02   3.8634843e-02   2.6220432e-01   3.2101292e-02  -1.1815801e-01  -4.0781001e-02   3.1042077e-02  -5.1836465e-02   2.3839871e-02  -1.5067662e-01
  -1.4229985e-01  -3.1730575e-01   1.0366861e-01   1.0116725e-01  -1.1092157e-01  -8.6672388e-02  -1.1240702e-01  -7.2275306e-02  -5.6571078e-02   5.2469825e-02   2.3829529e-01  -4.1954766e-02   1.9240014e-01   7.8180761e-02   2.1986421e-02  -1.5227028e-01  -9.3438231e-02  -1.6168289e-01   1.3388053e-01  -5.8757014e-02   3.7680113e-02  -2.0963371e-01   6.4289622e-02  -1.6303277e-01  -9.3044303e-02  -1.2383286e-02   2.2882921e-01   1.4981057e-01   8.4267750e-02  -8.7580766e-02  -1.8144488e-02  -1.0013676e-01   1.2631963e-03  -6.2812405e-02  -1.8337109e-02   1.1832596e-02   2.2991094e-01   1.0240255e-01   1.2326836e-01   1.9926410e-01  -1.7511275e-01  -1.1204088e-01   1.0058174e-01   9.3133624e-02  -1.5558454e-01   1.2608348e-01  -3.3154804e-01   1.0124409e-01  -3.2106860e-01
  -1.5862080e-01  -5.1652321e-03   2.0756396e-01   1.0038676e-01  -2.0574215e-01   1.5577751e-01  -1.4794450e-01  -9.1891239e-02   1.2835672e-01  -9.7004746e-02   5.9933013e-02   3.7453314e-02   3.7560175e-02  -8.8489436e-02  -1.1202308e-01   1.0925270e-01   7.6770642e-04  -3.3450813e-02   1.1340033e-01  -1.6965741e-01   4.3509708e-02  -4.4117209e-02  -8.1083060e-02  -8.1342591e-02   1.4668471e-01   2.3261631e-01   2.5589451e-01  -1.8333510e-01  -9.1156403e-02   2.0407778e-01   1.4491327e-01  -1.3527387e-02  -1.7467606e-01   9.7849736e-02  -9.9433782e-02  -2.0382075e-01   2.3167560e-01  -1.5129803e-01   1.0533354e-01  -2.2612581e-01   6.3887690e-02  -2.4841684e-01   7.6237831e-02  -1.2911099e-01   1.4812153e-01  -3.9391501e-02   2.7365602e-01  -1.8422549e-01  -5.9684377e-02
  -1.4476481e-01  -1.2354884e-01  -8.0480372e-02  -1.0110215e-01   1.1476899e-02   2.9843908e-01   1.0319501e-01   1.1965766e-02   2.8935601e-01  -9.1609141e-02  -1.0422746e-01  -4.4504793e-02  -2.2933946e-01  -7.7271947e-02   3.6782358e-02  -1.5332925e-01   1.2800344e-02  -6.2879026e-02  -2.2454051e-01  -7.9300045e-02   1.6635263e-01   3.5918739e-02   1.0899056e-01  -1.3238946e-01   5.7649905e-02  -9.6054220e-02   1.3955969e-01   4.8278384e-02  -1.8740902e-01  -1.9294220e-01  -1.6428461e-01   1.2097685e-01   7.8851920e-02   1.6903877e-01  -2.4123075e-01   8.9427663e-02  -1.8344116e-01  -1.4843548e-05   1.0239479e-02  -1.1338265e-01   1.6348405e-01  -1.2720385e-01  -6.9341123e-02   3.3769127e-01   2.8177866e-02   1.0332726e-01   2.4672271e-02   5.9793894e-02  -2.5724120e-01
  -1.3346131e-01   7.8712983e-02   1.7792326e-02   1.0461402e-02   4.4396704e-03  -4.5611506e-01   4.1827774e-02  -1.8889478e-01  -4.6709437e-02  -6.4432284e-02  -3.2160608e-02   9.3350048e-02  -3.7227110e-02   1.2629724e-01  -1.2543196e-01  -1.1714673e-01   9.8675799e-02   3.8876419e-02   7.6344808e-02   5.9789315e-02   3.2801660e-02   3.0995099e-02   3.1582312e-02   4.4944352e-02   2.9827753e-01   8.0528524e-02   3.7339925e-02   2.9460459e-01  -8.5166797e-02  -2.5060346e-01  -4.2437191e-02   8.5819836e-02   1.0806606e-01   1.2515532e-01  -8.5920678e-02   1.0067932e-01   1.3774133e-01   3.2539704e-01  -1.9393396e-01  -1.7478053e-01   3.6515119e-02  -9.4086732e-02   1.7869877e-01  -7.4037420e-03   2.1448280e-01  -2.1347660e-01   3.6416208e-02  -7.3884879e-02   1.4926013e-02
  -1.6073854e-01   1.6579986e-01  -4.4388435e-02  -4.2480017e-02  -4.7073043e-02  -1.6552131e-01  -3.3331592e-02   8.7953745e-02  -4.1203613e-02   9.5130642e-02   3.6033952e-01   1.0881219e-01  -1.5958341e-01   3.2912109e-02  -9.5948167e-02   2.6070526e-01  -1.4441793e-01   4.2147714e-02   8.3334805e-03   3.2891327e-02   2.5493258e-01  -1.1838686e-01   8.3729840e-02   9.1758075e-02  -1.5160727e-01   8.5476668e-02   1.2229068e-01   7.6516315e-02  -1.2123140e-01   3.8219098e-02  -2.5166434e-01  -1.2352326e-01  -6.4774807e-02   1.1269976e-01  -1.9762374e-01   2.4240050e-02  -8.9901784e-02  -3.1712027e-01  -7.8539927e-02   1.8586135e-03   7.3792113e-02   2.4642071e-01   2.2936480e-01   1.1894499e-01  -2.2308207e-01  -1.5623312e-01   6.3171457e-03  -1.4759779e-03   7.5568750e-02
  -1.6025171e-01  -1.1946653e-01  -4.1157517e-02   2.4106118e-01   7.8108192e-02  -2.2097010e-01  -1.3584291e-01   7.8234329e-02   1.3667734e-01  -1.1827817e-01   5.7643673e-02   8.1510549e-02  -2.2842129e-01   9.0491522e-02  -1.7948698e-01  -5.4485842e-02   1.9261950e-01   2.4151044e-01  -9.7317773e-02   1.2186551e-01  -1.2174487e-02   2.2781919e-01  -1.0941013e-01  -8.4407319e-02  -1.6694326e-01  -3.7936511e-02  -6.0868452e-02  -7.0705921e-02   4.6894637e-02  -9.7915009e-02   1.3897694e-02   9.5080054e-02   2.2309833e-01   1.1587696e-01   1.5613879e-01  -1.9944086e-01   6.5677300e-02  -3.1681715e-01  -1.2964806e-01   2.2203008e-01  -1.3231134e-01  -1.1859472e-01  -3.5864569e-02  -8.0319191e-03   6.3175898e-03   2.0771576e-01   4.3487539e-03  -2.2532572e-01  -8.7044841e-02
  -1.3357260e-01  -2.0268190e-01  -1.2519050e-01  -7.4553832e-02   3.9709396e-02   3.3469311e-02   9.7791374e-03  -1.3406481e-02   2.4150796e-01   8.6982473e-03   1.0426033e-01  -1.3246415e-01   8.6403970e-02  -4.1887289e-01  -2.7109549e-01  -1.0024888e-02   1.4271830e-01   1.9276814e-02   2.9573691e-02  -2.2645138e-02  -8.4617932e-02   2.5069384e-02  -9.4603266e-02   7.5481283e-02  -9.5976287e-02   4.9573697e-02  -1.1244986e-01   2.1529130e-01   1.1154023e-01   5.6457563e-02  -6.6475708e-02  -1.3703036e-01  -8.9701793e-02  -2.3885213e-01   1.2967327e-02   5.3611118e-02   3.1449530e-02   1.1027525e-01   1.8690363e-02   2.8339194e-01   1.7622163e-01  -1.8394872e-01   9.7335080e-02   2.3021871e-01   3.8468267e-03  -1.7718662e-01   1.2720264e-01  -9.6458106e-02   2.7070391e-01
  -1.4154239e-01  -1.5019847e-02   9.0611075e-03  -1.6867893e-01  -1.7071244e-01  -1.6623490e-01   1.7069564e-01   9.6520995e-02   3.2632988e-02  -2.3559587e-01   7.6273051e-03   2.7329045e-01   1.9054396e-01  -5.4625703e-02   5.0030648e-02   7.4449726e-02   6.4316389e-02  -8.3635677e-02   2.2426516e-01   8.0782796e-02   9.0474867e-02   2.0722171e-01   2.7552327e-01  -6.3582091e-03  -4.7726299e-02  -1.2225603e-01  -1.3605498e-01  -5.0508016e-02  -9.6556448e-02  -1.6668922e-01   6.5779214e-02  -6.1732984e-03   1.6405189e-01  -6.4249722e-02  -3.5315859e-02  -1.8078385e-01  -5.4866519e-02  -1.0571366e-02   3.4813164e-01  -5.0612323e-02  -8.2658182e-02  -1.7694035e-01  -1.1193064e-01  -3.5581514e-02  -2.8333042e-01  -4.8827876e-02   1.9670181e-01   1.6875511e-01   9.4419127e-02
  -1.2280478e-01   2.3284470e-02   3.2604863e-02  -2.6507191e-02  -2.2796521e-01   3.0259339e-02  -4.8524607e-02   4.0285166e-03   1.2613354e-01  -1.5104526e-01   3.5198196e-02   1.7337883e-01   1.5923452e-01   2.4214643e-01  -1.2885667e-01   4.3229740e-02  -2.2508986e-01   2.6058790e-01  -2.7318464e-01   1.2937918e-01   1.0843667e-01  -6.1862591e-02  -1.0639916e-01   5.5124559e-02   8.0664613e-02  -3.6810580e-02  -1.9638556e-02   9.3876762e-02   4.5704371e-02  -4.7250517e-02  -2.4591663e-01  -1.1277443e-02  -2.4046502e-01  -3.4880142e-01  -1.4910205e-02   9.9094031e-02   9.7737532e-02   3.2823795e-02  -1.7516099e-03   2.7998035e-02  -1.4596731e-01   6.5228451e-02  -3.7712076e-01   2.0888576e-03   1.8067611e-01   7.7736827e-02   1.3810954e-01   7.9493876e-02  -1.3766621e-02
  -1.2390292e-01   9.3649581e-02  -1.6007953e-01  -1.3421572e-01  -1.7165911e-01  -1.0053892e-01   3.1487475e-02  -8.6235637e-02  -5.7883699e-02   3.4838508e-01  -2.7069975e-01  -2.6883715e-02  -1.8646760e-01  -6.4800264e-02  -1.3753411e-01  -1.6087977e-01  -1.3117049e-02   4.7241128e-02   6.4125744e-02  -2.1483718e-02   3.7302148e-02   1.7298770e-01   1.6026188e-02   2.8607235e-02  -4.6917484e-02   3.9926735e-02   2.5260005e-01  -4.7378633e-02  -7.7848462e-02   2.2734528e-01  -1.1822677e-02   3.6053145e-01  -1.2842072e-01  -2.9908486e-01  -4.0953210e-03  -4.9386377e-02  -9.4854867e-02  -4.3047417e-02  -9.3746769e-02   3.2975641e-02  -2.4509251e-01  -1.7390956e-01  -1.8190934e-02  -5.9124691e-02  -1.8055326e-01  -1.5935774e-01  -1.0267001e-01   8.7807337e-02  -7.1742141e-02
  -1.6146245e-01   9.7452996e-02  -1.3361859e-01  -1.2377618e-01  -1.3704270e-01  -1.5699768e-01  -1.4969635e-01  -1.2349433e-01   8.2422670e-03  -9.5389068e-02  -6.7081937e-02  -9.9869409e-02   1.3539556e-01  -7.3056250e-02  -8.0958792e-02  -1.6605866e-01   1.6505958e-03   1.1082779e-01  -1.5902793e-01  -1.0310022e-02  -1.7930074e-01  -2.9652822e-01  -2.4153932e-01  -1.2419560e-01   4.0001001e-02  -1.7421311e-01  -1.3590140e-01  -1.1464518e-01   6.1635646e-02  -5.2553078e-02   1.2487026e-01  -3.5736806e-02   4.4901764e-03   9.7364746e-03  -1.4879617e-01  -2.6482800e-01  -1.0147463e-01  -1.1614809e-01   6.7738835e-02  -3.6801759e-01  -3.9351397e-02   6.3120783e-02   4.4716851e-02   2.0481424e-01  -1.1236774e-01   2.4767284e-02  -2.9334015e-01  -1.3181987e-02   2.1228621e-01
  -1.5448287e-01   3.3911979e-01   1.4045212e-01   1.3195495e-02   2.2637083e-02  -3.7001090e-02   7.6323544e-02  -1.4056497e-02   1.1427305e-02   1.1688128e-01  -1.8231692e-02   5.6440966e-02   1.4349131e-01  -2.1003275e-02   3.3903093e-02  -2.1994575e-01  -6.0566261e-02  -1.4704635e-01  -1.7331924e-02   1.7583096e-01   3.0870712e-01  -1.0021428e-01   1.7494855e-01  -3.7112919e-01   9.1504758e-02  -1.9198527e-01   6.1492980e-02   4.4556104e-02   1.0968156e-02   2.1668695e-01   2.2431314e-01  -3.8381831e-03   9.4527318e-02  -1.1495279e-01   1.9492986e-01  -1.0520004e-02   2.3216409e-02  -4.5222102e-02  -1.4065274e-01   1.7664436e-01   2.1704279e-01   7.3697307e-02  -3.3461299e-02   1.6176450e-01   6.5041027e-02   1.2949275e-01   9.7259238e-02  -1.6072077e-01   1.3007684e-01
  -1.3792823e-01   2.1865994e-01  -3.2320186e-03   5.2725203e-02   1.6320532e-01   7.8398119e-03  -1.8452832e-01   4.2629174e-02   2.9202095e-02  -1.2556560e-01  -2.7005671e-01   2.6182312e-02  -5.5843590e-02  -1.3081390e-01  -1.1032943e-01   1.4095001e-01   6.6573276e-02  -1.3881183e-01  -8.4429167e-02  -1.0455391e-01  -5.3539998e-02  -2.9693526e-01  -3.1866580e-02  -1.7227107e-02   4.3245001e-02   1.0552531e-01   2.2580419e-01   2.2123497e-01  -1.8522974e-01  -1.9208727e-01  -1.7431830e-02  -1.8653824e-01   1.3438094e-01  -1.1257664e-01   2.0488651e-01  -1.6629265e-01  -2.9228723e-01  -1.4613227e-02   1.8053820e-01   2.0158913e-01  -7.2434082e-02   8.1296817e-02  -7.7326195e-02  -2.4783286e-01   7.4764998e-02  -1.1316333e-01  -3.3599793e-02   4.7681013e-02  -1.0793705e-01
  -1.4408327e-01   8.2942676e-02   2.1250763e-01  -2.2851242e-01  -3.2133737e-02   1.8608196e-01  -1.3851076e-02  -1.9199254e-01  -2.6975692e-01  -6.2999689e-02   2.6513393e-01  -9.6444721e-02  -2.6994650e-01   1.5565196e-02   9.2859719e-02  -8.9732214e-02  -1.5640283e-01  -8.3505456e-02  -2.4614309e-02   2.1745636e-01  -3.0109729e-01  -5.0343736e-02  -2.7814516e-02  -1.9199652e-02  -1.1470271e-01   1.2644424e-01   1.2205038e-01  -2.4325926e-02   1.3346347e-01  -1.4712586e-01  -9.0474735e-02   2.7065022e-02   2.7425032e-01  -1.6883319e-01  -1.1011581e-01  -2.7305211e-02  -1.1958691e-01   5.2318867e-02  -1.0208304e-01   2.2134868e-02  -1.2396210e-02  -1.9061070e-01   2.3982615e-03  -1.0971806e-01  -1.4808811e-03   1.5849434e-01   1.8885157e-01  -2.6343111e-02   1.8687922e-01
  -1.3124828e-01   1.2843195e-03   6.4722375e-02   3.5245916e-02  -2.1868988e-01   2.0708327e-01  -8.7678274e-02  -1.1007294e-02  -1.1664466e-01   1.3553355e-01  -9.5639534e-02  -1.3834020e-03   2.2950878e-01   6.8451290e-02  -2.6415550e-01   1.2013082e-01   3.8228743e-01  -9.0328085e-02  -1.5452951e-01   3.0735689e-01  -2.4969234e-01  -1.0603074e-01   3.2619107e-01   1.6961790e-01   1.2891591e-01  -1.0078986e-01  -4.5214372e-02  -7.0588558e-02  -2.5188013e-02   7.0415306e-02  -3.5340190e-02  -1.2611000e-01  -1.9080032e-02   2.1092681e-01  -2.0530470e-02   1.1983220e-01  -6.0562729e-02  -5.5502858e-02  -2.3621799e-01   4.5975992e-02  -6.2092753e-02  -8.0767059e-02  -3.2142232e-03   1.5739407e-02  -1.0652807e-01  -4.5629971e-03   1.1915484e-02   3.2662356e-02  -1.0323868e-01
  -1.5356011e-01   1.1813332e-01  -1.5610002e-01   2.9087563e-01  -5.2891007e-02   1.0727889e-01  -1.5354335e-02  -1.9041038e-01   3.8443543e-01  -5.0456937e-03  -4.5800845e-02  -4.5115253e-02   5.3255428e-02  -2.5408680e-02   9.6632424e-02   1.2991087e-01  -2.0408070e-01   1.2218200e-01   8.8318105e-03   1.3367791e-01  -2.6858086e-02  -1.9050380e-02   1.0981903e-01  -3.4040207e-02  -1.7846558e-02   1.2378278e-01  -8.0015143e-02  -1.3788152e-01   2.9815965e-01   1.5303288e-02   2.1636485e-02   9.3496843e-02   1.3774988e-01  -3.8522630e-03   2.7997514e-02  -1.1187121e-01  -1.0235249e-01   3.2895228e-01  -6.1254206e-02  -6.7625038e-03  -1.0071339e-01   2.1129265e-01   2.8929213e-01  -2.7174129e-02  -1.7755081e-01  -4.2138658e-02   1.7455500e-01   7.8317646e-02  -1.7007885e-01
  -1.4115604e-01  -1.4987148e-01  -1.9461123e-01  -8.6104842e-02   3.4024994e-01   6.9721375e-02   6.8603473e-02   1.2812460e-01  -1.0922681e-02  -7.0196656e-02   9.5505599e-02  -3.1062421e-01  -3.8537261e-02   1.2040161e-01  -1.3048856e-01  -2.0460233e-01   2.5539869e-02   3.9832399e-02   1.8464328e-01   3.2658098e-01   2.1115956e-01  -1.8631462e-01  -1.5137295e-02   1.4513488e-01   1.6561021e-01   5.4610809e-02   1.2516153e-01  -1.1629689e-02   7.5450071e-03   2.0528172e-01  -1.2793371e-01   1.5268326e-02  -4.0386935e-02   2.0609683e-01   1.7349769e-01  -1.8048218e-01   5.8316866e-02   9.5499984e-02   1.2753935e-01  -1.3386255e-01  -9.8065396e-02   2.6360900e-02  -1.6209779e-01  -7.6889400e-02  -8.0560326e-02   3.3517776e-02   1.0168254e-01   1.0899016e-01   1.0313417e-01
  -1.5221099e-01   6.4186058e-02  -1.5570186e-01  -5.6635666e-02  -2.3579956e-01  -1.6347254e-01   4.6507050e-02  -8.4473756e-02   1.0135061e-01   7.6161114e-02  -2.8821173e-02  -2.0049467e-01  -1.2246444e-01   1.4208172e-01   1.2864865e-02   2.6053939e-01  -2.7394741e-03  -1.5372830e-01  -8.0291814e-02  -1.5865175e-01   1.1628064e-01  -1.7458642e-01  -9.1189929e-02   3.3427871e-02  -1.7463179e-01   1.6510227e-02  -2.5666364e-01  -1.2119215e-01  -3.2627775e-01   1.5517983e-01  -5.6648788e-02  -8.4389895e-03   9.4956463e-02   1.1336224e-01   6.9692563e-02   5.4638245e-02   1.1133756e-01   2.7506386e-01  -1.3189533e-02   1.2752566e-01   1.0224993e-01  -1.9835919e-01  -4.5397167e-02  -1.4859387e-01   2.0229473e-02   3.2503645e-01  -5.6701327e-02   7.2191055e-02   1.2974220e-01
  -1.3722693e-01  -5.0158722e-02   1.3049718e-01  -4.8829225e-02   2.9356583e-01   2.0214073e-02  -1.0003040e-01  -3.7023900e-01   1.3911131e-01   1.3218003e-01  -4.9512646e-03   2.1237620e-01   5.3094974e-03   3.6983115e-02  -3.5731953e-03   6.6186176e-02  -3.6862237e-02  -1.2415297e-01  -1.1057769e-01   4.2241985e-02   7.8976379e-02   3.3403784e-02  -3.6339667e-01   1.0736366e-01   1.5316219e-01  -1.1998936e-01  -3.8536054e-02  -4.0472115e-02   4.2992252e-02   6.9705407e-02   1.8049950e-01   1.9982737e-02   1.6114704e-01   1.0089129e-01   8.3451173e-03   3.2703266e-01   7.9065560e-02  -2.1175629e-01   1.0697571e-01   6.1529641e-02  -4.5124878e-02  -7.4849546e-02  -1.6794300e-03  -2.1914054e-02  -1.4447082e-01  -1.0089658e-01   5.7267636e-02   3.4787800e-01   4.9764592e-02
  -1.4274932e-01  -1.0661285e-01  -2.9483461e-03  -8.1797659e-03   2.0935185e-01   9.5146012e-02   1.9996241e-01   1.3775310e-01  -1.1257936e-01   8.5383290e-02  -7.7454819e-02  -7.1824004e-02   8.4449590e-02   3.6851411e-02  -1.8843743e-01   2.6354302e-01   2.2583746e-02  -6.1353943e-02  -2.8375063e-02  -1.3243837e-01   1.7198274e-01  -7.5254112e-02   4.8475462e-02   1.0402915e-01   2.2017433e-01  -2.5075274e-01   4.6216997e-02  -2.6453971e-01   1.4511315e-01  -2.2121519e-01  -3.8682894e-02   2.0980953e-01   1.1427143e-01  -2.6904098e-01  -2.5569031e-01  -9.0139748e-02   1.2389479e-01  -3.5546803e-02   2.9760078e-02   9.4040460e-02  -3.6184246e-02   6.3282575e-02   2.5901970e-01  -1.2041253e-01   1.5942283e-01   1.2686703e-01  -7.8108913e-02  -1.0786763e-01   1.0154365e-01
  -1.4396164e-01   1.6207996e-01  -1.3064525e-01  -2.0361797e-01   1.4540633e-03  -7.8962418e-02   2.1985291e-01   1.7921309e-01  -1.1919558e-01   8.5079884e-02  -9.2271614e-02   9.6330688e-03  -1.1375469e-01  -1.5791249e-01   2.0700052e-01  -2.7048442e-02  -5.8144655e-02   9.6258129e-03  -2.0293257e-01   5.7591729e-02  -1.4009084e-01  -1.2629848e-01  -3.7125614e-02  -1.2764683e-01   2.5787263e-01   2.0792068e-01  -2.7304656e-01  -2.2485768e-02   1.6723461e-01   1.7523452e-02  -1.4952564e-01  -6.8515299e-02  -2.4518538e-02   7.7653475e-02   3.1142573e-02   8.2181362e-02   3.2210591e-01  -1.5141695e-01   2.1285953e-01   1.2089201e-01  -5.8574020e-02  -9.2293678e-02   4.5827727e-02  -2.0490046e-02  -9.6002167e-02  -9.2839277e-02   5.7144972e-02  -1.7225956e-01  -2.9788931e-01
  -1.4211642e-01  -1.2302218e-02   3.9381566e-02   6.9745193e-03   2.1942547e-01  -4.7098490e-02  -1.5827444e-01  -5.9303627e-02   3.3229975e-03  -1.5164535e-01  -3.2483719e-02  -2.2091261e-01   1.3097314e-02   1.0573383e-01   1.3535178e-01   1.8929619e-01  -1.1573958e-01   1.9728293e-01  -5.0863001e-02  -2.3329358e-01  -2.0837563e-01   1.7032116e-01   3.7900919e-01   8.0395254e-02   2.3167169e-01   1.2314568e-01   6.0308425e-02   5.4887019e-02  -1.7960130e-01   2.3251816e-01   4.9360537e-02  -4.8045096e-02   2.0534536e-01  -1.9014595e-01   6.0795150e-02   1.1261872e-01   1.2737256e-01  -7.0085308e-02   2.2439236e-02  -6.1988503e-02  -8.7757976e-02   2.0286409e-02  -8.5943376e-02   2.8066194e-01  -1.1518942e-01   5.6936139e-02  -1.0691343e-01  -7.4854193e-02   1.1970469e-01
  -1.5526145e-01   5.3066114e-02  -9.2382393e-02   1.7828097e-01   2.1431202e-02   1.0474178e-02  -3.5911802e-02  -1.8393408e-01  -2.0697615e-02   2.3577137e-02   1.4595411e-01   1.7144774e-01  -5.0530604e-02  -1.3342070e-01   3.4756406e-01  -1.7678108e-01   3.3267294e-01  -9.0142970e-02  -4.2417434e-02  -2.6881812e-02   6.2487115e-02   1.3103826e-02   1.5194985e-01   1.4650032e-01  -1.5404473e-02   2.0337531e-02  -5.8332170e-02  -1.5817316e-01  -5.9091192e-03   4.4378863e-02  -3.2519634e-01  -5.3954424e-02  -9.5545876e-02  -1.8663875e-01   2.2449890e-01  -6.2377192e-02   1.3301167e-02  -1.1489657e-01   7.3825251e-02  -1.4322832e-01  -6.1780124e-02  -7.2479334e-03   1.7942361e-01   4.5516385e-02   3.4846896e-01   6.7962120e-02  -8.8868427e-02   2.1651465e-01   8.2086352e-02
  -1.2099282e-01   1.5675738e-01  -1.0219962e-02   3.8158368e-02  -2.2103981e-01   3.4910770e-02   3.8388623e-01   1.0125397e-02   1.2557653e-01  -8.5198222e-02  -3.8238923e-03  -4.3947704e-02   1.7131313e-01   1.7051685e-01   1.5819845e-01  -1.4551091e-01   1.0180708e-01   1.2899103e-01   1.4725358e-01  -1.6035036e-01  -2.0656396e-01  -1.0988561e-01  -1.4281897e-01   2.4618249e-01  -1.7795758e-02   3.3606462e-02   2.8939838e-01   3.0182476e-02   2.0644101e-02  -3.1355250e-02   6.1071651e-02   1.7123138e-01   1.7493955e-02   2.3611553e-01   2.9871861e-02   1.6368777e-01  -8.9052468e-02  -1.3612303e-01   1.4890419e-01   2.8734826e-01  -1.0199756e-01   1.1295254e-01   3.9677622e-02   1.2166162e-01   7.8241997e-02   4.6344081e-02   2.6575840e-02  -7.5772862e-02   1.7935371e-01
  -1.3929578e-01   1.4420782e-01  -1.5452324e-01   1.4909955e-01  -1.2604330e-01   9.9398512e-02  -2.1644724e-01   2.1782017e-01  -6.7462166e-02  -2.0455579e-01  -4.5726287e-02  -1.5245714e-01   1.8263362e-01  -1.6833450e-01   6.3156117e-02  -2.1547073e-01  -1.6155291e-01  -7.6407211e-02   6.3428958e-02  -1.4504993e-01   4.5179772e-02   2.7947810e-01  -1.4631509e-01   1.5977574e-02   1.7125188e-01  -1.8296506e-01   4.4918946e-02   8.0440084e-02   7.7255109e-04  -6.7109608e-02  -2.2494214e-01  -7.1783291e-02   1.9221026e-02   5.6098840e-02   3.0024130e-02   2.1369824e-01   5.1470879e-02  -9.0488254e-02  -2.2048477e-01  -3.2135959e-02   6.2926300e-02  -5.2386757e-02   1.2585125e-01  -3.2579153e-01  -2.2887412e-01   1.1877453e-01   5.5675574e-03   5.8200921e-02   1.0135855e-01
  -1.5256381e-01   1.4037242e-01  -1.0862499e-01  -5.0973209e-02  -1.2749436e-02  -1.2814962e-02  -2.4918932e-01   2.0375130e-02  -1.2212339e-01   1.6501559e-02   3.0832356e-01  -9.0871143e-02   2.8177056e-02  -1.2068181e-01  -2.5777043e-02  -2.4284270e-02  -7.4453526e-02   2.8768934e-01   3.4411426e-02   9.3367382e-02  -1.6700658e-02   7.9628351e-02   1.1593741e-01   1.0024267e-01   1.1119253e-01   1.3436017e-02  -4.0124404e-02  -2.2621244e-01  -6.5755864e-02  -1.6049018e-01   2.6989220e-01   2.1578660e-01  -1.3030787e-01   6.2442948e-02   1.5608302e-02   7.9056330e-02  -1.0672264e-01   6.9846988e-02   1.9282774e-01   2.1824791e-01   3.7578559e-01  -3.0486719e-02  -9.6726106e-02  -8.1097386e-02   1.6019508e-01  -7.0575142e-02  -1.8333808e-01   1.4212592e-01  -1.7476822e-01
  -1.4463169e-01  -6.3720906e-02   9.2726913e-02   1.0163495e-01   1.5001347e-01  -3.2102563e-02   5.9440986e-02  -1.2911269e-01  -2.0878992e-01   1.9522882e-01   1.6468376e-01   4.0809958e-02   1.7532811e-01  -2.9822573e-01  -9.5686328e-03   1.3218912e-01  -1.4397764e-01   5.9221368e-02   8.6289499e-02  -2.2143219e-01  -8.9471126e-02  -1.3451747e-01  -4.4496725e-02  -1.6525017e-02  -2.6052940e-02  -2.1120435e-01  -1.2934965e-01   4.4307271e-02  -1.5065260e-01  -1.0818938e-01  -1.5388582e-01   2.8490225e-01  -1.0142998e-01   1.4940696e-01   2.7204643e-01   7.0650667e-03  -1.5377408e-01   5.4629449e-02  -8.9742790e-02  -1.4362273e-01  -1.7200320e-01  -6.6577542e-04  -1.7677614e-01   1.0075530e-01  -6.2287404e-02   7.6470739e-02   2.4539282e-01  -1.8853140e-01  -1.1772863e-01
  -1.5282206e-01   1.8951604e-01   1.5780347e-03   2.6626788e-02   9.7855692e-02   2.1301633e-01   1.6102857e-01   1.4197677e-01   1.5827107e-01   1.1050971e-01   1.8796929e-01   3.2752328e-01  -2.3259837e-01  -5.7496780e-02  -1.0448949e-01   4.8007291e-02  -4.0168407e-02  -4.5634710e-02   5.7715273e-02  -1.0815697e-01  -1.6860312e-01   1.4445235e-01  -1.7418751e-03  -1.0528702e-01   1.3299941e-01  -3.0632215e-02   8.4170330e-02  -1.0812977e-01   1.1753506e-02  -1.0840487e-01   6.4818439e-02  -2.0018693e-01  -1.5990314e-01   1.4522511e-01   5.5891505e-02  -1.0412254e-01   1.5945822e-01   2.7868119e-01  -1.4786125e-01   1.0154968e-02  -1.7063720e-01   3.0964154e-03  -1.9826058e-01   2.0738444e-02  -6.8111733e-02  -1.8237386e-02  -3.2632899e-01   3.4360897e-02   2.2049231e-01
  -1.3693438e-01   1.4038238e-01  -3.6975645e-02  -4.4166496e-02   4.3455007e-02   1.5532856e-01  -2.0762542e-01  -6.6294161e-02  -7.3826317e-02  -1.5278348e-01  -1.8906847e-01  -8.0392648e-03  -2.4793334e-02   6.5927075e-02   3.1016051e-02   6.0365184e-02  -2.8127973e-01  -2.7123858e-01   3.0169634e-01   2.0630987e-01   7.3081840e-03   1.6201603e-01  -6.5383410e-02   1.6036256e-01  -9.1665296e-02  -1.2771275e-01  -2.5170291e-01   9.0848871e-02  -7.0399458e-02   7.7092950e-02  -2.4516346e-02   1.9184722e-02  -1.3131432e-01   1.2821379e-01  -1.4620509e-01  -1.0935924e-01  -3.0409151e-03  -3.0340807e-02   4.9897958e-02   1.7128434e-01  -2.3398054e-01  -3.9560086e-02   7.7871276e-02   2.5073973e-01   2.9638625e-01  -6.5236944e-02  -1.0971422e-01  -1.6112939e-01  -6.8227916e-02
  -1.4802025e-01  -1.7121779e-01   1.4227169e-01   3.0959445e-01  -1.1391099e-01  -1.1817337e-01   6.2528666e-02   6.9222507e-02  -1.0143609e-01   8.2041897e-02  -1.3444914e-01  -8.2433965e-02  -1.1066440e-01   6.9162169e-02   1.5348835e-01   2.5684475e-01  -5.1885647e-03   1.0322406e-01   1.6607002e-01   1.4007712e-01  -6.1547742e-03   4.7726400e-02  -1.3302083e-01  -2.7929018e-01   1.5804668e-01  -1.1916169e-01   6.8485258e-02  -7.9047117e-02   1.9990206e-01   1.4469814e-01  -2.4936328e-01  -1.1273951e-01   2.7573160e-02   4.0827332e-02  -3.4671797e-02   1.1873279e-01  -3.2551160e-01   4.2854284e-02   1.6285499e-01  -1.1749358e-02   1.5019491e-01  -1.8183674e-01  -1.4403772e-01   3.4400277e-02   6.7450668e-02  -1.8620778e-01  -1.4853842e-01  -2.8061120e-02   1.2239390e-01
  -1.3465832e-01  -1.9854283e-01   2.4189365e-01  -2.5429102e-02  -1.4131828e-01   2.6396638e-02   2.8755514e-01  -1.8965247e-02   4.0603404e-02   8.2056729e-02  -1.1464579e-03  -2.7858329e-01  -2.0056513e-02  -1.0164175e-01   1.9567998e-01  -8.7824181e-03  -1.9341551e-01   1.5935463e-01  -1.3380029e-01   2.7881016e-02   2.0076879e-01   5.9123225e-02   2.4415136e-02   1.7994565e-01   8.4235458e-02  -7.9595612e-03  -1.3554458e-01   1.1235264e-01  -9.7441134e-02  -1.3681824e-01   2.7063895e-01  -2.6787155e-01  -4.7298730e-02   2.6335665e-02   1.1588785e-01  -2.2675620e-01  -1.0275823e-01  -1.6456350e-01  -2.6959260e-01   2.0215648e-02  -1.3339702e-01  -8.4063973e-02   6.3287977e-02  -1.1243347e-01   1.0538204e-01  -1.4589146e-01  -8.1029376e-02   1.2521728e-01  -1.4018915e-02
