  -1.5461587e-01  -5.0688445e-02   4.3537892e-02  -1.0565426e-01   1.1194759e-01  -9.5046259e-03  -1.6672427e-01   2.9271996e-01  -2.2217516e-01   1.4034766e-01   1.1627201e-01  -3.6886353e-01   1.7112376e-01  -5.8121794e-03  -1.7054100e-01  -5.7026266e-02   4.8492048e-02   4.1033800e-02  -5.3996678e-02   2.8438922e-01  -2.0540362e-02  -9.3409103e-02  -7.8438572e-02  -5.7499259e-02   2.2367118e-02  -5.8034960e-02   6.7686925e-02   1.8454954e-01  -4.9662393e-02  -1.2316476e-02   1.0910586e-01  -1.7554065e-01  -1.2216987e-01   1.2061140e-02  -5.2060035e-02  -2.2997015e-01  -3.6769176e-02  -5.7173179e-02   1.1803750e-01   2.2548793e-01   2.0960956e-01  -2.3442284e-01   1.9474927e-02   9.1548342e-02  -1.5086970e-02  -1.9919570e-01  -1.1631026e-01  -2.4209616e-01   5.3687076e-03
  -1.4075166e-01  -1.4632094e-01   6.6244865e-02   2.7836054e-02   3.7392238e-02   1.9742669e-01  -2.2591897e-01  -1.4863188e-01  -1.8312103e-01  -8.1938081e-02  -1.1458802e-01  -7.1909252e-03   6.0647827e-02   1.7817403e-01   2.1050487e-01   1.9399516e-01  -1.4138511e-01  -2.4068982e-01  -1.6394530e-01   2.4431495e-02   1.8195538e-01   1.0634903e-01  -1.2256696e-01   6.1892637e-02   2.6663340e-03  -1.4951276e-01  -1.0199516e-01  -7.3709830e-02   1.1188987e-01   1.3978830e-01  -5.3241804e-02   1.1593090e-01  -1.0775144e-01   2.8796880e-02  -2.0504284e-01   3.3773085e-02   1.6748048e-02  -6.8652813e-03   2.2452076e-01   5.4222602e-02  -1.5412133e-01  -3.9598576e-01  -1.3458133e-01  -9.2209153e-02   6.2177745e-02  -7.3938118e-02   2.2702859e-01   1.8492336e-01   5.0652854e-02
  -1.6471635e-01   1.4022919e-02  -8.4335667e-02  -7.0511642e-02   1.9642796e-01   7.5893488e-02  -3.4709033e-02  -9.0983696e-02   5.9392374e-02   2.1943114e-01  -5.0165812e-02   5.9310869e-02   1.9743568e-02   8.1416050e-02  -2.2658321e-01   6.3356290e-02   1.1929230e-01   8.3361964e-02  -3.3647442e-02  -1.3823585e-01  -2.5694254e-01   2.1385442e-01  -4.4473945e-01   2.6191402e-01  -1.9793667e-02  -1.0746057e-01   2.2367630e-02  -5.1206262e-02  -2.6482986e-02  -1.6980200e-01   5.5550749e-02  -1.7499143e-01   3.0016670e-02   8.2011909e-02  -9.1048029e-02   7.8545462e-02  -3.3473242e-01  -1.1189052e-01  -1.1238667e-01   1.5432651e-01  -4.3984187e-02   1.1841550e-01   5.9312358e-02  -3.3863278e-02  -1.3713238e-01  -3.6156384e-02   8.2944036e-02   2.3236434e-01  -6.4035632e-02
  -1.4712713e-01  -7.8525571e-02   2.7362319e-01   2.3044124e-02  -1.5485692e-01  -2.1962707e-01   1.6671027e-01  -1.3006352e-01   2.4346555e-01   9.5004639e-02  -1.8075260e-01  -1.7616832e-01  -7.2224383e-02   1.4652480e-01  -1.1415057e-01   1.1542632e-01  -6.2561816e-02   1.0437437e-01   6.4437827e-02   1.1079201e-01  -7.4119918e-02   1.5325663e-01   3.0200060e-02  -1.1706349e-03   1.1795003e-01  -2.3431876e-02  -1.4792754e-01   2.5929155e-02   3.0373764e-01   8.4695981e-02   1.8715606e-01   1.0246966e-01  -1.4617367e-02   1.4536261e-02   2.0580793e-01   6.1719472e-02  -2.6471177e-01   1.0135413e-03   3.1038799e-02  -3.5075292e-02  -1.7853811e-02  -2.4110036e-01   5.2577724e-02   2.8812731e-01   1.1872657e-01   2.4695780e-01  -4.2550573e-02  -1.0773980e-01   1.0929810e-02
  -1.3980746e-01   2.0783873e-01  -1.7698399e-02  -2.5440910e-01  -2.0177825e-01  -4.0534176e-02   3.0501645e-02  -1.5765296e-01  -9.3510539e-02   1.0276773e-01   1.5799202e-01  -1.2649354e-01   5.1765547e-02  -1.9971805e-01  -5.0632775e-02  -3.4727087e-02   6.3365130e-02  -1.7421792e-01  -1.3973659e-01  -1.2554303e-01  -2.1356672e-01   1.0095879e-01   1.5476739e-01   9.7274497e-02   1.2768971e-01   1.2962817e-01   1.1594472e-01  -8.2475555e-02  -2.7652300e-01  -2.0433731e-01   1.8422800e-01   8.3536025e-02   5.8536495e-02  -5.7378488e-02  -1.9212895e-01   2.4770685e-03   1.2152370e-01   3.1605449e-01   1.6366283e-03   5.6728677e-02  -2.2132215e-01  -2.1177308e-01  -4.7599503e-02   1.3266769e-01   3.5768848e-02   1.9320400e-01   2.2404507e-02   1.9418818e-02   1.0680819e-01
  -1.3893801e-01  -2.8670554e-01  -6.0588257e-02  -2.8968346e-01  -1.0989621e-01   1.4554823e-01   1.5375807e-02   5.1976795e-02   3.8933967e-02   1.3388199e-01   3.8794412e-02   4.1917428e-02  -1.8879628e-02   8.7268225e-02  -7.2331169e-03   6.8217332e-02  -9.7505889e-02  -3.2840501e-04  -2.0394636e-02   2.0455718e-01  -2.8988283e-02   4.4643053e-02   4.5009714e-02  -1.3453234e-01   1.6480638e-01   1.4121528e-01   6.7231647e-02   1.9268833e-01  -6.1760220e-02   3.4303006e-01   2.8450502e-02  -2.3456898e-01   1.4747127e-01   1.1123795e-01  -2.0671722e-01   8.1301015e-02   1.1069612e-02  -1.2980428e-01  -1.6112739e-01  -1.2747811e-01  -8.4457122e-02   2.2303846e-01  -2.4753965e-01  -9.9429036e-02  -6.6308798e-02   2.6057901e-01   1.6580309e-01  -1.2064165e-01   1.1620409e-01
  -1.3420573e-01   1.5992966e-01  -2.3720473e-01  -1.3968638e-01   1.1205570e-01  -3.8708088e-02  -1.2795045e-01   1.0404541e-01   1.8880035e-01  -2.6274124e-01  -1.7292597e-01   1.1427521e-01  -9.4889621e-02   1.0972784e-01  -3.4282099e-02  -1.5185375e-01   1.9863549e-01  -2.1027439e-01   9.9781970e-02   2.9974232e-01   7.8718533e-02   6.7907704e-02  -1.0841392e-02   2.7507246e-02  -6.9115536e-02  -2.4517871e-02  -2.5254923e-02   1.3394676e-01  -2.7756708e-02  -4.0957997e-02  -2.3564435e-01  -5.3981305e-02  -3.5318527e-02  -2.6092040e-01   1.6670219e-01  -1.3188849e-01  -1.4959946e-01   1.4859559e-01  -8.3644831e-02   1.8945035e-01  -2.7481359e-01   3.8843171e-02  -1.3226876e-01   1.0990258e-01   1.8959640e-01   6.6227517e-02   6.5634484e-02  -4.3934181e-02   1.0687716e-01
  -1.3329361e-01  -1.5195674e-02   2.5215131e-01   6.4165159e-02  -6.9106297e-02  -9.9289216e-02  -6.5696802e-02   2.4777531e-01   1.9502207e-01   5.6993566e-02   1.7844141e-01   6.7726595e-02   3.1111541e-02   4.3171751e-03  -4.2213468e-02   2.5330720e-01  -9.1485573e-02   6.0028174e-02   2.6023653e-02   3.2682749e-01  -6.4131678e-02   7.4356009e-02   2.6587831e-01   8.5308138e-02  -2.1238947e-01  -1.0314473e-01  -8.9386781e-02  -1.8658095e-01  -1.3700672e-01  -1.2725004e-01  -1.1895589e-01   2.2880761e-01   1.4176450e-01  -6.9242004e-02  -2.5383953e-01   4.4254442e-02  -9.8001743e-02   4.6777827e-02   1.8998305e-01   1.7473019e-01   1.2532783e-01   2.5007431e-01  -4.9447520e-02  -9.8236218e-02   1.6434715e-02   1.6622710e-02   1.3686156e-02   1.4534694e-01   1.7997287e-02
  -1.4169726e-01   6.2850397e-02   1.5581035e-01   9.3153741e-02   3.1060992e-02   4.6308120e-02  -2.6258313e-01  -2.3898122e-01  -1.4159847e-01   8.8402809e-02   2.2433281e-01   1.8204624e-02  -1.9175374e-02   1.7360541e-01  -1.6617202e-01  -2.1831078e-01  -2.7064408e-01  -1.0096751e-02  -3.6815094e-02   1.1885182e-01   5.1010654e-02   1.3346467e-01  -2.4741460e-02  -4.7559402e-02  -6.9273075e-02  -7.5034689e-02   3.6793850e-01  -6.1759875e-02   1.2256812e-01   1.5044908e-02  -1.5937712e-01   1.0336686e-01   1.4812533e-01   4.1500263e-02   2.7863065e-01  -2.2228632e-01   1.2080529e-01   6.3533155e-02   2.3069315e-02  -9.9480071e-02  -7.9357766e-02   1.6366857e-01   7.6738063e-02   1.5307395e-01  -2.4344063e-01   1.0902521e-01   4.0186199e-02   3.8181335e-02   8.4414310e-03
  -1.5286984e-01   2.2327119e-01  -2.1215841e-01   1.8241747e-02   2.2323340e-01  -9.1219954e-03   3.8878055e-02   1.1426816e-02   9.4748580e-03  -2.2647060e-01  -1.4304134e-02   1.3813193e-01   5.0862902e-02  -5.4755921e-02  -1.0939463e-01   2.5883763e-01  -2.9187609e-01   7.6530278e-02   1.0091535e-02   8.7091360e-02  -5.2396927e-02  -1.1937445e-01   1.2996432e-01   1.2929500e-01   1.2591238e-01   1.7145935e-02   2.5041514e-01  -3.9308177e-02  -2.7278459e-02  -1.0120523e-01   1.3605761e-01   5.8034238e-02  -2.0157519e-01  -1.3596251e-01   8.4723509e-02   2.8428859e-01   9.7365168e-02  -3.0196934e-01  -6.4898711e-03  -1.4634251e-02   1.3580440e-01  -8.7362863e-02  -1.5661438e-01   1.9146802e-01  -1.2373554e-01   3.9182673e-02   2.0577985e-01  -1.1521228e-01  -6.5521287e-02
  -1.3937116e-01  -3.3212313e-01   7.6248334e-02  -1.9881958e-02  -2.7116754e-02   1.0386899e-01   2.6333144e-01  -1.9175189e-01   1.8007549e-01   2.1597326e-02   3.1109325e-02   7.9745402e-02   1.7907407e-02   1.7158782e-02  -9.4785650e-02  -1.7573879e-01   1.6892611e-01  -1.6204414e-01  -1.2094332e-01  -5.6636414e-04   7.4366461e-02   9.8883218e-02   1.3918728e-01  -5.3556759e-03   5.7697037e-02  -2.2245841e-01   8.9207785e-03  -2.0027932e-02  -9.8650281e-02  -1.0392819e-01   2.0026230e-02   5.1372271e-02  -2.9259852e-02   1.4015170e-01   1.3401987e-01  -3.3204191e-02   3.3536700e-01  -1.2502849e-01  -1.6509631e-01   2.9703525e-01   1.8672873e-01   4.5731006e-02  -1.4729586e-01   1.3911885e-01   1.7811883e-01  -1.8473419e-01   1.2144381e-01   3.5211728e-02  -2.0424198e-01
  -1.4101911e-01   1.2705809e-01  -9.1185175e-02  -1.0242017e-01   2.7572174e-01  -5.7420418e-02   1.5044381e-01   7.6208055e-02   1.3639944e-01   2.8749739e-02  -1.1916115e-01   9.6783240e-02  -1.3567223e-01   4.7681575e-02  -5.7895122e-02  -1.6058721e-01  -1.5504259e-01   3.6370620e-01  -2.1988123e-01   6.1415955e-03   2.0122754e-01  -2.1620017e-01  -7.2507790e-04  -1.0170786e-01  -1.0391558e-01  -2.6742084e-02   7.4738375e-02   3.5988132e-02   1.4493650e-01  -9.5891031e-02   1.9015226e-01  -5.6980075e-03   2.9286804e-01   1.6434975e-01  -1.8180578e-01  -1.4402392e-01   1.4223062e-01   4.4612135e-02   4.4590252e-02   1.0464007e-02  -6.5800482e-02  -1.5817662e-01  -6.5677617e-02  -5.2812583e-02   2.0778204e-01   5.3957777e-02  -8.2025511e-02   2.5711469e-01   1.0603886e-01
  -1.3977426e-01   4.8845729e-02   7.7014762e-02   1.9024373e-01  -9.0348972e-02   1.8566461e-01  -1.5335404e-02  -2.0503948e-01   9.6200490e-02  -8.8077429e-02   1.4699196e-01   2.2771268e-03  -1.0872208e-01   1.2473026e-01   2.7528177e-01  -2.1433174e-01  -2.0268276e-02   1.4172109e-01   1.9554715e-02  -6.5243810e-02   3.1783770e-01   3.5580435e-02  -6.5657370e-02   1.8782853e-01  -6.6961362e-02  -1.2253892e-01   2.0438577e-02   2.3828246e-02  -2.7823126e-01  -3.5466766e-02   1.6252128e-01  -2.7100132e-01   3.3921638e-02  -2.0160787e-01  -8.9856273e-02   1.3852837e-01  -1.5292479e-01   6.7977729e-03   1.1639254e-01   6.1748928e-02   1.7477963e-01  -9.7701551e-03  -1.2327931e-01   2.8283032e-02  -3.8484002e-02   1.9343403e-01  -2.4797994e-01  -2.0084524e-01   8.6656906e-03
  -1.6003700e-01   1.2966116e-01   9.6320087e-02   1.4410298e-01   1.8129075e-02   9.9184158e-02   9.8095834e-02   5.4235708e-03   2.3713479e-01   4.5325011e-02  -1.4706058e-02  -1.2797871e-01  -6.9882252e-02  -9.6565377e-03   1.7854597e-01  -1.0631659e-01  -1.7416689e-01  -1.3134803e-01  -2.0359372e-02   8.8676181e-02  -1.9610401e-01   1.2494396e-01  -6.7364118e-02   3.7726784e-02   1.2629626e-01   7.6896112e-02   1.1494276e-01   2.4717810e-01   1.1937866e-02  -3.0685689e-01  -2.2828555e-02   1.5640712e-01  -2.2268152e-02   1.8104094e-01   9.9156448e-02   2.2430460e-02  -3.6889516e-02  -3.7977134e-02   1.8040972e-02  -1.8817793e-01  -9.2395380e-02  -8.3452947e-03  -1.3477240e-01  -4.4900821e-01   7.2635545e-02  -2.7013088e-01  -4.3119141e-02  -2.3040970e-01   9.7981939e-02
  -1.4597215e-01  -2.6949316e-02   6.4932546e-02  -1.0587037e-01   1.5921061e-01  -1.7436706e-01   4.5170585e-02  -3.3465620e-04   1.3141098e-01  -1.2283167e-01  -6.6346243e-02  -8.9459048e-02  -1.0191119e-01   2.1211142e-02   1.6724050e-02   2.6208507e-01   2.5879378e-01   1.1398073e-02  -3.1992907e-01  -4.2483494e-02   6.5396648e-02   3.5900086e-02  -3.0543439e-02  -2.0981560e-01  -3.7266474e-02  -2.5271280e-02  -8.9268481e-03  -8.7228152e-02  -6.4102579e-02  -1.0641484e-01  -1.3701866e-01  -1.6976777e-01  -9.5693406e-03  -6.2066605e-03   1.2411020e-01  -7.9288473e-02   3.9944954e-02   2.8105224e-01   9.8205725e-02  -2.5207813e-01   1.3663842e-01  -6.4062255e-02  -1.5089510e-01  -1.4997317e-01  -3.5790776e-01   9.8447622e-02   6.4481385e-02  -8.9757002e-02  -3.0335007e-01
  -1.2434565e-01  -1.7389299e-01   7.2151006e-02  -3.9162647e-02   9.1989405e-02  -5.3897426e-02  -1.4877310e-01  -3.3900386e-01   1.8220112e-02  -2.7375207e-01   1.2856501e-02  -7.3542423e-02   1.1848750e-02   7.1096756e-03  -1.0783600e-01   8.3738072e-02  -2.1593230e-01  -3.1856202e-02   1.4113265e-02  -2.2478876e-01  -1.3679836e-01  -2.2474277e-01   1.2428114e-01  -2.2668554e-01   2.0365949e-01  -7.2589415e-04  -1.1396277e-01  -3.1921200e-02   1.1008419e-01  -1.9726455e-01  -1.8868615e-02  -2.1364226e-01   3.9487515e-02  -1.9966064e-01  -8.2200676e-02  -1.4068134e-01  -1.1432093e-01   6.0277225e-02  -1.7434608e-02   1.7392154e-01   1.3484279e-01   1.8119837e-01   1.7840761e-01  -1.7140055e-01   1.4007500e-01  -3.0424105e-02   9.4178325e-02  -7.2032706e-02   2.2463838e-01
  -1.3919070e-01  -2.3012651e-01  -6.3109346e-02  -1.2916427e-01  -4.3642871e-02  -1.1357799e-01  -1.8241088e-02   2.1711699e-01   1.6876625e-01  -1.4220480e-01   1.2459712e-02   1.6354161e-02   1.8451623e-01  -3.7265819e-01  -4.6890571e-03  -9.1767305e-02  -5.4164450e-02   5.2142502e-02   1.2959665e-02  -2.0904072e-01   2.6014609e-01   2.2143667e-01  -1.5880209e-01   6.3576379e-02  -5.4687958e-02  -1.8364311e-01   1.4840053e-01  -6.1987358e-02   1.4656488e-02   5.1167922e-02  -3.2457860e-02   2.5446240e-01   1.4960859e-01  -1.3009235e-01  -3.9802846e-02  -6.6505961e-02  -5.4635416e-02  -9.0628937e-02  -1.5293270e-01  -4.5481639e-02   2.2912207e-02  -1.4479052e-01   2.5487582e-01  -1.3124077e-01  -7.7766839e-02   8.3799070e-02   1.3577546e-01  -2.3690602e-01   1.1938373e-01
  -1.2505182e-01  -8.8466492e-02   7.4410562e-02   1.7413327e-01  -3.2119030e-02  -3.5619535e-02  -2.1641903e-01   5.7850531e-02   7.8814794e-02  -1.4378871e-01   7.4578337e-02  -1.5420423e-02  -1.7934600e-01  -2.0132843e-01   7.7915827e-02  -2.7613691e-01   1.0590917e-01   2.0518781e-01  -3.8832151e-02   2.1894375e-01  -1.6626083e-01  -1.2798403e-01  -6.4344261e-02   9.9330761e-02   3.2870955e-01   5.1091828e-02  -2.0440689e-01  -1.1732401e-02  -8.1776616e-02   1.0363229e-01  -1.9141765e-02   5.8862805e-02  -1.1515690e-01   4.9981721e-03   1.0331603e-01   5.9698865e-02   8.9602602e-02   5.4630405e-02  -1.9613061e-01  -8.3564778e-03   1.4888889e-01  -1.6667513e-01   1.5338140e-03  -6.2555214e-02  -2.3442421e-01   6.1543228e-02   8.8393252e-02   3.6970758e-01   1.7797801e-01
  -1.3846534e-01   7.8212448e-02  -1.3975139e-01  -1.2707347e-01  -7.2698012e-02  -1.4762728e-01  -1.0380893e-01   3.7480028e-02   2.1168532e-01   1.5736064e-01   1.4021792e-02   2.2976531e-02  -7.0685573e-02   3.0220761e-01   1.3200109e-01   2.7134625e-02   4.1981383e-02  -1.2348772e-01   2.9695823e-01  -1.4700449e-01   6.8102462e-02   8.5191426e-02   1.2500283e-01   5.4882057e-03   1.7703740e-02   1.2099077e-01  -1.3841627e-02   7.2036713e-04   1.6358126e-01  -9.1474680e-03   2.3838293e-01   5.7891495e-02  -2.2708109e-01  -1.2584176e-01  -1.0327868e-01  -2.7598134e-01   2.5288608e-01  -1.6993752e-01  -3.7228362e-02   1.5735853e-01   3.6167632e-02  -2.7509475e-02   7.6412002e-02  -2.1407194e-01  -3.0312197e-01   5.6076969e-02  -1.3760483e-01   1.1668073e-01  -6.2821447e-02
  -1.6055854e-01   8.4904575e-02  -5.6127826e-02  -2.7730759e-02  -3.0068764e-01   1.7532584e-01  -9.4237831e-02   2.8570689e-01   8.6087148e-02  -1.1051732e-01  -3.8559799e-02  -1.5154827e-01  -2.2803657e-01  -6.1404702e-02  -1.8982235e-01  -6.5007853e-02  -1.3849235e-01   5.4991167e-02   4.7529340e-02  -1.9254947e-01   9.3013018e-02   2.5303312e-01  -5.2081952e-03  -8.1940310e-02   1.3512391e-01  -1.2369250e-02  -1.4592537e-01   1.5909610e-02   1.1772991e-01  -5.8805335e-02   9.6022148e-03  -2.0906957e-01   6.8569153e-02  -1.2220771e-01  -6.8196717e-02   1.0808022e-01   1.4615370e-01   2.5466261e-02   2.2061979e-01  -1.8028751e-01  -4.8422431e-02   1.3804980e-01   1.6078820e-03   2.4688754e-01  -2.2547458e-03  -3.3864865e-01   8.3179711e-02   1.2907691e-01  -9.7495920e-02
  -1.5230875e-01  -5.1127150e-02  -6.7668850e-02  -1.3872221e-01   1.6380768e-01   8.5227220e-02  -2.5571052e-01  -1.5539710e-02   1.2350548e-01  -2.3485997e-02  -1.2187043e-02   8.8765349e-02   2.1302556e-02  -2.5288005e-02  -2.0668317e-01  -2.1642453e-01   3.5628948e-02  -4.9415405e-02  -7.3262785e-02  -1.2374603e-01  -2.5042041e-01  -1.0403343e-01  -4.0507118e-02   1.7925884e-01  -1.1782459e-01   8.6353402e-02  -2.9701282e-01  -2.7824496e-01   4.2895514e-02   2.1930177e-01   1.5649788e-02   1.2813389e-01  -2.3101398e-02   1.0898482e-01   7.5197729e-02   8.3382159e-02   1.8629673e-01  -6.8512495e-02   3.0945559e-01  -8.7449460e-02   6.3834731e-04   6.5322449e-02  -8.1530467e-02  -6.5959614e-02   1.1119375e-01   1.0729200e-01  -2.2061708e-01  -3.0592287e-01  -4.0642609e-02
  -1.5404471e-01   5.6116375e-02  -1.2090105e-01  -6.2487050e-02   8.9548602e-02  -2.4150037e-01  -2.3632785e-01  -8.6083351e-02  -1.5117575e-01   8.4664845e-02   1.5162553e-01  -1.3534588e-01  -8.4105421e-03  -2.0298728e-01   3.0093544e-01  -1.1312330e-01   8.0079083e-02  -7.7352661e-03   3.2115988e-02  -1.5121842e-01   3.9837143e-02  -1.5734769e-03   1.7943306e-01  -9.2306678e-02  -2.5464544e-01  -4.1182001e-02  -2.1514524e-01   2.7746906e-01   1.4461935e-01  -5.7980800e-02   1.7258317e-01   9.3813298e-02   1.2192936e-01   1.6980137e-01   1.4230508e-01   1.5988656e-01  -1.7617702e-01  -9.5054583e-02   3.4759915e-02   6.4465893e-02   1.8102396e-02   1.6229381e-01  -1.8068452e-01   9.1157024e-02  -3.2496832e-02  -3.5517940e-03   2.6808868e-01   3.7281348e-02  -8.2284654e-02
  -1.5388393e-01   6.9835992e-02  -4.7310912e-02  -6.4786974e-02  -2.6364042e-01   6.5358599e-02   3.9968783e-02  -2.2774079e-01   1.8058977e-01   4.7453504e-02  -1.9759746e-01   2.9338150e-02   6.2864492e-02  -2.3847474e-01  -3.7919206e-02   1.6735189e-01  -5.2036175e-02  -2.4737462e-01   2.5199795e-01   1.7021422e-01   8.2951766e-02  -3.8795461e-01  -2.1204577e-01   4.1865239e-02  -1.7690391e-01   4.2950936e-02  -5.7000304e-02   7.4876304e-02  -1.7050001e-01  -4.5977590e-04   3.6000797e-04  -8.1282197e-02   2.6424854e-01   1.4626447e-01   1.2110427e-01  -1.0309621e-01   4.9044317e-02  -6.2213933e-02   1.6880992e-01  -4.4776258e-02   1.0122976e-01  -7.7166588e-02   1.1299478e-01   6.9445949e-02  -1.7294450e-01  -7.9520540e-02   2.2462444e-02   9.4824741e-02   4.1916563e-02
  -1.4874925e-01  -9.6761075e-02  -2.6057897e-02  -6.7695349e-02  -1.2242538e-01  -7.7558099e-02   3.9838096e-02   6.0131188e-02  -3.4444481e-01  -5.6359940e-02   4.6663712e-02  -3.1206821e-02  -2.8226512e-01   2.4973499e-01  -2.0137163e-02   1.6525982e-01   6.3339298e-02   1.9414769e-01   3.2688563e-01  -1.3837835e-01  -1.3376227e-02  -1.5409005e-01  -1.5613434e-01   1.2545357e-01   4.1124942e-02  -2.7348520e-02  -6.0705352e-02  -1.4433644e-01  -3.4163912e-02  -1.1730160e-01  -1.4433590e-01   2.2673177e-01   2.6725144e-01   2.9830156e-02   4.2374118e-02  -2.9906806e-02   6.4164288e-02   6.7337886e-02  -2.2127709e-01   3.5988707e-02   1.5647584e-02  -8.9716924e-02  -3.0257350e-01   5.4588734e-03  -1.7322928e-03  -1.2876552e-01  -1.9929126e-02  -2.0568380e-01   5.8049973e-02
  -1.4590056e-01  -1.2501011e-01  -4.5491674e-01   1.9230190e-01  -1.3075321e-01   4.3163964e-02   9.8666096e-02  -8.3146735e-02   5.4854480e-02   1.8068134e-01   2.2919671e-01  -2.4660264e-01  -4.0326213e-02   6.3149323e-04   1.1523098e-01   1.1150352e-01   6.6131006e-02   5.2901113e-02  -2.4436752e-01   9.3142747e-02  -5.1211984e-02  -1.8533136e-01   1.1041350e-01   2.9876028e-01   7.9766688e-03   4.6175423e-03   2.6491405e-02  -1.0262486e-01   1.6464300e-01   6.9432922e-02  -1.1352354e-01  -1.5887376e-02   5.8489768e-02  -2.4540679e-01   3.2912677e-02  -2.1243450e-01  -7.2672793e-02  -7.7390122e-02  -2.4073016e-02  -1.9287393e-01  -4.9109547e-02   2.8872485e-02   1.0442570e-01  -2.5089001e-02   1.8932607e-01  -2.9386712e-02   4.9389484e-02   3.9015881e-02  -1.4995364e-01
  -1.5088026e-01   2.0163516e-01  -5.0216228e-02   5.8712766e-02  -2.6630603e-01  -5.1552082e-02  -3.5715819e-02  -1.1084627e-01   4.6898843e-02  -3.4173703e-01   3.3720745e-04  -1.1909052e-01   1.0615346e-01   5.2967259e-02  -7.7569440e-02  -9.7744528e-02   1.1385672e-01   7.4796100e-02   9.7943566e-02  -1.0073560e-01  -2.3013432e-01   1.2841315e-02  -3.3743931e-02  -1.5890761e-01  -1.9103771e-01  -9.1185771e-02   2.3608396e-01   8.3316295e-02   2.9293500e-02   1.6586424e-01  -2.1562285e-01   6.4564673e-02  -1.6713590e-01   2.2661128e-01  -3.2650121e-01  -8.9157716e-02  -8.8153434e-02  -1.0651327e-01  -7.8851026e-02  -1.1632620e-01   2.1873148e-01  -5.9080549e-02  -1.1090036e-01   2.6792536e-03   1.7631388e-01   1.0387592e-01  -4.5794999e-02   1.1788429e-01  -1.4869427e-01
  -1.2686334e-01   3.0677276e-02  -1.5407914e-02  -1.2109976e-01   1.9786188e-01   2.7863582e-01   6.8203057e-02   2.1217486e-01  -4.5802644e-02   1.3769286e-01   4.4228341e-02  -5.7131528e-02   9.5980559e-02   1.5115637e-01  -8.9003484e-02  -7.8547914e-02   9.6059292e-04  -2.0080346e-01   2.2224543e-01  -2.0046780e-01   5.0349635e-02  -1.3110170e-01   3.1284478e-01   3.4488422e-02   1.8854848e-01  -2.1295456e-01  -3.5510606e-02   1.4199831e-01  -4.8430399e-02  -5.5449917e-02  -2.4416622e-01   2.7438912e-02   1.1013264e-01   4.3260308e-02   1.3104166e-01   1.7715024e-01  -1.5203325e-01   6.4172999e-02   1.4203284e-02  -1.6330118e-01   1.6725711e-01  -1.7154871e-01   1.5208223e-01  -8.2427621e-02   2.8442823e-02   2.3480971e-01  -7.4296121e-02   2.0167003e-01  -7.9087256e-02
  -1.3778987e-01   2.2085287e-02  -7.8332963e-02  -1.8397661e-01   1.3679941e-01  -2.0191081e-01   3.4782507e-02  -2.5896781e-01   2.6926489e-02   3.5005685e-02   8.9086894e-02  -9.5118371e-03   2.1321992e-01  -6.8764994e-02   1.4599752e-01   4.3993940e-02  -1.7245540e-01   1.5133476e-01   9.3947288e-02   1.7920299e-01   6.4668871e-02   7.3144182e-02  -7.2843923e-02   3.9302304e-02   1.1825879e-01  -1.0412786e-01  -1.9110568e-01   1.4620599e-01   8.1175794e-02   2.4188802e-02  -3.1448795e-01  -2.1539304e-02  -5.4006405e-02   1.5589345e-02  -2.0160802e-01   2.5501006e-01   2.1251859e-01   1.6543363e-01  -1.4579569e-01  -7.5306426e-03  -1.2998048e-01   3.8299500e-02   1.5248620e-01   1.0510594e-01  -5.5811211e-02  -1.6400115e-01  -3.3765318e-01  -3.4248325e-02  -1.7204199e-01
  -1.5885235e-01  -8.0474189e-02   3.4151992e-02   6.9556321e-02  -4.0615965e-02  -2.4090785e-01  -3.5152048e-02   2.7151168e-02  -1.2800117e-01  -9.3761484e-02  -1.2428991e-01   3.2272851e-01   2.9336373e-01   9.7339589e-02   1.3311772e-01  -1.0959615e-01   2.7207571e-01  -1.1556996e-01  -1.0383435e-01   1.2864622e-02  -4.1125333e-02   5.6455500e-02   1.5574740e-01   4.4178038e-02   2.6984635e-01   1.6515293e-01   1.5417981e-01  -7.4739929e-02   1.1016051e-01  -5.3111787e-02   7.8386462e-03  -7.4999020e-02   3.2616472e-01  -2.3614861e-02  -6.2070507e-02   3.6465436e-03  -1.5235625e-01  -1.9321558e-01   1.4112862e-01  -1.4504152e-01   5.0353028e-02  -2.3783953e-02  -5.0901888e-02   1.2955138e-01  -8.1175432e-02  -2.2591791e-01  -2.2090069e-01   5.1076144e-02   8.5179102e-02
  -1.3654395e-01   2.1174090e-02  -6.8565740e-02   9.5345070e-02   1.2483949e-01   1.6883569e-02   3.5737853e-02  -1.5204284e-01  -2.0283395e-01   1.3766777e-01  -2.5786917e-01   1.8920267e-01  -2.7529663e-01  -2.2179959e-01  -5.2974760e-02  -1.3559456e-01  -8.9243785e-02   5.3048356e-02   1.8341813e-01   1.3313482e-01  -3.8502888e-02   1.1378345e-01   2.7245557e-01  -1.3163319e-01   8.3693062e-02  -1.6536722e-01  -8.3795560e-02  -1.5164593e-01  -2.3166275e-01   1.3731608e-01   1.0241986e-01   3.6220417e-02  -6.3088027e-02   1.0489799e-02  -1.7424414e-01  -2.5353793e-01  -2.3952688e-01  -6.9029738e-03  -1.8928703e-02  -1.1656778e-01  -9.0156972e-02  -5.8529399e-02   7.8639828e-02  -6.5390676e-02  -5.0394443e-02  -1.3388178e-01   3.5196044e-02  -1.2942623e-01  -2.6625479e-01
  -1.3645174e-01   1.5832445e-01   2.6131793e-02   1.9913856e-01  -1.4017273e-01   6.5270603e-02  -2.4602446e-02  -7.3000068e-03  -9.3212008e-02   1.4638497e-01  -2.2973799e-01   9.3218189e-02  -1.3829885e-01  -7.2641360e-02  -1.5898538e-01  -1.6375860e-02  -4.1560578e-03  -2.4494955e-02  -2.1439700e-01  -7.4005638e-02   1.4521005e-02   3.2684906e-02   1.8305622e-01   9.5139775e-02  -1.6983216e-01   2.6877547e-01   4.8613004e-02   1.4024507e-01   2.2857558e-01   1.6071436e-01  -2.2078248e-01  -8.6163078e-02   1.4168016e-01  -5.6428569e-02  -4.5643947e-02   2.3374470e-01   4.6838135e-02   1.1587800e-01  -1.6894017e-01   3.7936658e-01   1.5035183e-01  -1.4549268e-01   1.0330373e-01  -1.7212190e-01  -1.1439468e-01  -2.2551540e-02   2.5135874e-02  -1.6455387e-01  -5.6381251e-02
  -1.1831426e-01   1.4027613e-01   2.7528728e-01   1.3755163e-01   6.9445137e-02   6.0839985e-02   1.5642411e-01   1.3500092e-01  -3.3500544e-02   8.3813059e-02   1.0820006e-01   2.3395756e-01   1.3960476e-01  -6.1058697e-02   1.2229888e-01  -8.2017160e-02   7.3102533e-02  -8.7967925e-02   1.5174657e-01   1.4458190e-02  -1.5971874e-01  -1.0737540e-01  -3.5849850e-02   1.3437389e-01  -1.5367437e-01  -1.7588697e-01  -1.5750360e-01  -4.6357969e-02   3.2030259e-01  -9.3844766e-02   1.9070689e-02  -3.0603915e-01  -6.7142067e-02  -6.1289361e-02  -1.8845034e-01  -1.5018337e-01   1.8947142e-01   9.6993618e-02  -1.5115661e-01  -2.1292498e-01  -1.6232692e-02  -4.4356622e-02  -2.6743079e-02   1.1414613e-01  -9.4663224e-03   7.7630064e-02   2.8726131e-01  -1.7454124e-01   7.9862703e-02
  -1.5831199e-01  -2.1027590e-02  -1.0542253e-01   2.4522757e-01  -1.6456832e-01  -1.0281943e-01   5.3751481e-02   2.7033436e-01   2.5025639e-02  -7.4848014e-02  -1.5565969e-01   1.0774246e-02   2.0157203e-01   1.8496096e-01   1.7576412e-01   2.8233631e-02  -2.3740039e-01   7.2432538e-02  -1.7788764e-01  -2.1719281e-01  -1.9750198e-01  -1.2854078e-01   7.4723018e-02  -2.8756744e-02   1.6539234e-02  -2.2679548e-01  -9.3728873e-02   1.2792039e-02  -2.6082828e-01   7.7316820e-02  -2.9245491e-02  -1.0747531e-01  -2.6236132e-02   2.3875371e-01   1.5235937e-01  -9.6363674e-02   2.9117053e-02   3.7653921e-02  -1.8389527e-02   2.2320390e-01  -3.2362851e-01   6.7236819e-02   8.8731149e-02   9.0673009e-02  -1.6018535e-01   6.5522911e-02  -2.2068600e-02  -6.8348064e-02  -6.5979903e-04
  -1.3221297e-01  -4.7389604e-04   2.8973236e-01  -2.3196282e-01  -4.5222410e-02  -6.7503496e-02  -1.1177073e-01   7.9037760e-03  -2.6521910e-02   5.0610977e-02  -1.4930574e-01  -2.0620171e-01  -1.2139939e-01   1.0397474e-01   7.5850699e-02  -9.5380576e-02   6.5231454e-02  -4.7242411e-03  -1.0942659e-01   3.5754743e-02   4.7491903e-02  -1.8209167e-01   1.3369287e-01  -4.0602834e-02  -2.8554378e-01   5.6854729e-03   9.1374107e-02  -2.6099930e-01  -1.4684566e-01  -9.5503041e-02  -5.9151371e-02  -1.3438244e-01  -1.2765817e-01  -8.6496066e-02   4.1532532e-02   2.5124604e-01   1.4526808e-02  -3.4871694e-01  -2.7387104e-01  -1.7646587e-01  -2.2435764e-01  -3.0391124e-02   1.9954623e-01  -2.3802420e-02   5.5916831e-02  -1.2610680e-01  -2.4322538e-02   4.9237384e-02   6.4125967e-02
  -1.3097613e-01  -1.0486002e-01  -1.3112070e-01   2.6797619e-01   1.9392284e-01   1.7901426e-02  -4.3625187e-02   6.2864826e-02   1.5608050e-01   6.9977619e-02   1.1813260e-02  -1.1246095e-01   1.0373292e-01   1.7626134e-01   9.4454282e-02  -6.0422928e-02   4.0626545e-02  -1.3354922e-01   1.9277501e-01   4.3724989e-02  -1.4023876e-01  -5.2805467e-02  -1.5813580e-01  -3.4918338e-01  -9.3998365e-02   1.0299687e-01   1.7493782e-01  -1.8035939e-01  -7.7436354e-02   1.7336679e-01   2.6364880e-01   8.8294019e-02   1.7055780e-01  -1.4768912e-01  -6.2106489e-02   2.9842308e-01   5.4632311e-02   3.1726460e-01  -1.0702172e-01  -1.6114671e-02   4.2005331e-02  -2.8903783e-02   1.0456789e-01   6.3651019e-02   7.7333526e-02  -1.3891711e-01   9.7574335e-02  -4.9359387e-03  -8.4564478e-02
  -1.4819253e-01  -1.0419178e-01  -8.5943968e-02  -1.2929025e-02   1.1922270e-01   1.1449780e-02   4.1605789e-01   1.5153363e-03  -2.1115675e-01  -1.6211248e-01  -1.5251780e-01  -1.8452550e-01  -4.1663060e-02   1.8580341e-01   7.0911468e-03  -2.2375673e-01  -4.6550974e-02  -1.1143811e-01  -8.9553155e-02   6.5300044e-02   6.8348690e-02   3.7988683e-02  -4.5253921e-02   1.1340487e-01  -1.3738253e-01   2.7163876e-01  -1.5927438e-01   4.4166021e-02  -5.1165431e-02  -8.0615531e-02  -3.6582631e-02   2.2928296e-01  -1.4857648e-01   4.7410245e-02  -1.9755967e-01  -1.9986733e-02  -3.7709014e-02   4.5433569e-02   1.0546813e-01  -7.4957865e-02   1.5695767e-01   2.3130731e-01   2.0401464e-01   1.5917079e-01  -2.1640892e-01   5.5609081e-02   1.1792721e-01  -3.8540537e-03   1.8384958e-01
  -1.4225001e-01   1.5583529e-01   7.4918358e-02   9.5382114e-02   2.1999770e-01   3.8001858e-01   7.1014139e-02  -1.2137729e-01   1.0144510e-01  -1.7845009e-01   1.5777003e-01  -1.3126842e-01   1.4214296e-01  -4.9313664e-02  -6.8023404e-02   2.8527635e-01   2.8032733e-01   1.9288302e-01   5.9242997e-02  -7.5061441e-02   8.1978202e-02   1.5272591e-01   2.3908839e-01  -3.1822106e-02  -8.2424729e-02   1.1268704e-01  -1.0740785e-01   4.0474403e-03  -2.7631499e-02   2.1974208e-01   6.9494610e-02   4.8965202e-02   6.1107592e-02   1.1308661e-01   7.7270448e-02  -1.3426440e-01  -1.2444808e-02  -4.9376620e-02  -1.3383957e-01   2.9567741e-03  -1.7962100e-01  -7.4501964e-03   2.8719627e-02   6.5453023e-02  -1.2904789e-01  -1.8906796e-01  -9.3355545e-02  -6.7188989e-03   2.7418617e-01
  -1.4566555e-01  -1.5047413e-02  -4.2877389e-02  -1.8752079e-01  -6.8201764e-02   9.9185957e-02   2.1377906e-01   9.9630208e-02  -1.1735396e-01  -2.3680979e-01   3.7135475e-01   1.8116209e-01  -1.8437963e-01  -5.8362018e-02   2.1980143e-01   6.0559116e-03  -1.3526400e-02   2.5750987e-03   8.7955714e-02   1.4505747e-01  -7.1994133e-02   8.8234308e-02  -6.7971122e-02  -1.3426180e-01  -1.1812076e-02   1.8228551e-01   6.6256277e-02  -2.3660411e-01   1.4745894e-01  -2.4537594e-02  -2.3975735e-03  -1.7983490e-01  -1.8601180e-02   2.5399082e-01   1.6995884e-01   6.7211858e-02  -1.0754019e-01  -2.9490233e-02   1.5716714e-01   2.2395017e-01  -5.9967663e-02  -1.2882841e-01   2.9363541e-01  -9.1324053e-02   7.7488564e-02   5.1992047e-02   9.7851380e-04   4.4667164e-03  -1.5186136e-01
  -1.4296994e-01   2.6444074e-01   1.9281678e-01  -1.5080022e-01   1.0459364e-01   1.8589650e-02   2.2432458e-01   5.1531684e-02  -1.8120882e-01   2.7656244e-02  -1.2274918e-01  -9.2728801e-02  -1.1371350e-02  -1.2919229e-01   2.6750655e-01   5.9791956e-02  -1.0877971e-01  -6.9924047e-02  -9.1266550e-02  -6.7138151e-02  -2.0946442e-01   1.2695055e-01  -1.9656848e-01  -7.7859395e-02   4.6951903e-02  -7.9031916e-02  -3.0727648e-02  -4.1839672e-03  -5.5035456e-02   3.1827733e-01  -1.8509011e-02   5.7217891e-02   1.5112497e-01  -3.7198605e-01   1.8961769e-01  -1.3472015e-01   1.1180788e-01  -1.4613605e-01   5.5711902e-04   9.2275749e-02   1.8349300e-01   1.5737472e-01  -8.0879566e-02  -4.3031972e-02   1.3314707e-01   3.8088390e-02  -1.2003630e-01   1.6226431e-01  -1.3441985e-02
  -1.3108531e-01   9.7171871e-02   1.1680490e-01   9.5982996e-02   1.2736843e-01  -8.3024684e-02  -1.5456691e-01   1.0816321e-01   4.6569777e-03  -1.4492348e-02  -6.3557187e-02  -6.6332814e-02  -3.1927442e-01  -1.2878086e-01   9.6251382e-02   2.2424412e-01   1.6893705e-01  -2.5407264e-01  -4.7928515e-02  -5.1183048e-02   1.9729776e-01  -1.3734076e-01  -6.9143770e-02   1.8815857e-01   2.7197753e-01  -1.1971764e-01   2.3946720e-01  -6.9304911e-03   7.8523431e-02   1.2226534e-01   8.8211525e-02   4.6002811e-02  -8.2743318e-02   3.0666021e-01  -1.4275231e-01   8.7855302e-03   4.4621640e-02   9.3434543e-02  -4.9396192e-02   3.2071110e-02   1.9627719e-02   3.1614572e-01   1.8200817e-01   1.3326979e-01   1.5356126e-01   7.1701011e-02  -1.0053569e-01  -7.5916551e-02   3.2134280e-02
  -1.4190187e-01  -2.3500543e-02  -1.6387470e-01  -2.2978410e-02  -1.8772040e-01   1.1295421e-01   1.2906922e-01  -3.8969555e-02  -7.3495963e-02   1.8624862e-01   6.8308882e-02   2.2269730e-01  -1.2731671e-01  -6.2275688e-02  -6.4714034e-02   3.7948220e-02   1.9554837e-01   1.1420598e-02  -1.4165989e-01   1.2621131e-02  -6.5445087e-02  -1.4493792e-01  -5.9557014e-02  -3.5737912e-01  -5.0305454e-02  -3.7462043e-01   6.3271604e-02   6.0781279e-02   1.6735695e-01  -3.4182269e-02   1.0688416e-02   1.8397930e-01  -2.4610631e-01  -1.4683211e-01   1.1756546e-02   1.9154264e-01  -5.3513802e-02   2.1622068e-02   1.4337483e-01   4.1330587e-03  -3.1564347e-02   6.2268822e-02  -1.7569444e-02  -1.9267324e-03  -1.6032574e-01  -3.7855147e-02  -1.9030489e-01  -3.3091517e-02   3.5260738e-01
  -1.4661286e-01  -1.2116445e-01  -1.3116364e-01   2.9169431e-01   1.6135947e-02  -1.0217508e-01   8.4577036e-02   6.3750006e-02  -2.0524110e-01  -3.3966447e-02  -4.5598360e-02  -1.7189768e-01   1.1326832e-01  -2.5552380e-01  -2.0729278e-01   3.6471743e-02  -1.2776197e-01  -2.3211674e-01   1.0961611e-01   6.7899160e-02   1.7235317e-01   1.4809397e-01  -1.6504955e-02  -7.1431836e-02  -1.0084554e-01   3.8040823e-02  -7.4095328e-02  -2.3349620e-01   1.1200399e-01  -1.3792139e-01   6.5096693e-02  -2.0051543e-01  -7.4430605e-02   7.1117477e-02   8.6565903e-02   4.8977752e-02   3.4105488e-02  -2.6864050e-02  -1.6302647e-01  -1.9436363e-02  -6.9556603e-02   5.1616915e-02  -2.8701135e-01  -1.5349912e-01   3.3457062e-02   2.1322395e-01  -3.2029900e-01   1.7963518e-01   8.1215354e-02
  -1.3570587e-01   7.3217175e-02   7.2101251e-02   4.6494388e-02   8.6842532e-02  -3.0037526e-01   1.6725465e-01  -1.0320256e-02   1.4493911e-01   2.9976796e-01   1.9853822e-01   4.8674237e-02   2.0379146e-02  -3.9924332e-02  -6.9821335e-02  -8.1406087e-02  -6.5798728e-02   1.8695893e-02   1.0243485e-01  -2.4797529e-01   2.1527757e-01  -7.9496203e-02  -5.0408277e-02  -3.5686465e-02   8.9451989e-02   2.2018350e-01   7.2471088e-02  -1.3861017e-01  -1.5181870e-01   2.4312570e-01  -3.1012402e-01  -1.0215347e-01  -2.6467139e-01   2.9317583e-02   4.1541936e-02  -1.8597270e-02  -1.3815117e-01   2.2698374e-02   1.8172011e-01   4.8880092e-02  -1.4227911e-02  -4.4062645e-02  -1.8944294e-01   2.8655980e-02   8.9510530e-02  -1.6971754e-01   1.7994010e-01   4.1495938e-02   1.9032537e-01
  -1.4020915e-01  -1.2568173e-01   5.9704703e-02  -9.1235181e-02  -4.0720475e-02   2.3911573e-01  -1.7736019e-01   1.2821138e-01   7.1731526e-02   8.9334149e-02   3.3031771e-02   2.7833391e-01   2.5096039e-02  -6.9116453e-02   1.3214353e-01   1.0745302e-01  -2.3131600e-01  -4.9969979e-02  -1.7292419e-01  -1.2319065e-01   3.3707564e-02  -7.7709394e-02  -6.8941300e-02  -9.2652482e-02  -1.0693170e-01   3.0949442e-01  -7.6413623e-02   4.7304613e-02  -1.5081247e-02  -1.3409443e-01   9.3878773e-03   1.5379823e-01  -2.0126599e-01  -8.6039230e-03   3.3984741e-02  -1.8920149e-01  -2.3170750e-01   1.2963916e-01  -3.2013053e-01  -9.7246785e-02   1.4906134e-01  -1.2741280e-02  -8.8260327e-02   2.8013253e-01   7.9853896e-02  -5.1322415e-02  -2.1458905e-01   4.7204577e-02  -1.2279872e-01
  -1.4214721e-01   2.7437689e-01  -7.8918999e-02  -1.2650775e-01  -2.5057107e-01  -3.9634294e-02  -6.1378186e-02  -3.1605389e-02  -1.6316767e-01   3.1390400e-02  -6.5604336e-02   1.3464124e-01   3.0285732e-01   1.9085339e-01  -9.1439716e-02   2.1137267e-02   3.3644270e-02   1.4283313e-01  -7.7223746e-02   1.3156731e-01   2.4073243e-01   6.3961340e-02  -1.2909587e-02   6.7908194e-02   8.3631760e-02  -5.0099413e-02  -1.3102564e-01  -1.1191901e-01  -5.5483126e-02   5.5163011e-02   2.4346798e-01   3.5082557e-03  -1.3096472e-01   1.0254290e-01   2.2168937e-01   4.0392928e-02  -8.8785167e-03   2.3143345e-01  -1.1948748e-01  -1.3234998e-01   2.1516873e-01   1.6557249e-01   1.1886828e-01  -2.7119891e-01   2.1840104e-01  -8.8561473e-02   1.6382682e-01  -1.1594857e-02   4.6242894e-02
  -1.3605124e-01  -2.9307599e-01   1.5854361e-01  -1.1713267e-01  -2.4789565e-02   1.4093090e-01   4.1356185e-02   8.4220268e-04  -7.7826836e-02  -4.8503997e-02  -2.6477825e-01  -4.7579777e-02   1.5677268e-01  -1.6303431e-01   8.7011132e-02  -3.5321055e-02   7.1151457e-02   2.8723862e-01   2.3010235e-01  -5.1070227e-02  -5.0905757e-02  -1.3629811e-01   1.0221675e-01   2.3147441e-01  -7.2287078e-02   7.2091997e-02   3.4607542e-01   8.0971244e-02   1.3888439e-01   1.9490931e-02   7.4427273e-02  -1.9775919e-03  -2.0849976e-01  -1.0640939e-01   1.1025877e-01   1.3610077e-02   3.3584403e-03   2.7871954e-01   2.0881030e-01   6.3633442e-02  -1.6174818e-01   1.6027737e-01  -1.1374804e-01  -1.0034787e-01  -5.9466207e-03  -2.9129639e-02  -2.3025391e-03   1.3243741e-01  -1.3320252e-01
  -1.3904884e-01  -6.8603844e-02   2.1757432e-01   1.0971362e-01  -9.9538052e-03  -1.8780355e-01   1.0981717e-01   2.7258444e-02  -1.1669639e-01  -2.0783907e-01   3.0387038e-01   1.7833068e-01  -5.6564565e-02   6.6421025e-02  -3.3835248e-01   2.8167502e-02   1.3809748e-02  -1.4898197e-01  -6.9392334e-02  -5.5547527e-02   5.5278801e-02  -1.6268467e-01  -1.0048735e-01   7.6881262e-02  -6.6766875e-02   3.8822314e-02  -8.3015720e-02   3.9622218e-01  -1.1445961e-01   1.5185200e-01   2.2030415e-01   8.3430611e-02  -2.7511577e-03  -1.9213026e-01  -9.1761328e-03   3.4970540e-02  -2.0079954e-02  -4.2024842e-02  -1.2242379e-02  -9.5632641e-02  -2.6562853e-01  -1.4421655e-02   7.5495005e-02  -1.6274066e-01   3.2966458e-02  -5.5038415e-02  -4.9519674e-02   9.2133430e-02  -2.4402504e-01
  -1.3264846e-01  -2.1334735e-01  -9.5502310e-02   1.4197900e-01   8.4981551e-02  -1.2863150e-01  -1.3190293e-01  -1.9719626e-02  -1.1278743e-01   1.0031236e-01  -6.5714328e-02   1.7737246e-01  -1.4044995e-01   1.3003376e-02   4.3738784e-02   2.2364362e-01   7.1904515e-02   1.3792227e-01   9.1742598e-02  -4.3823837e-02  -1.3973191e-01   3.0246057e-01   2.5994235e-02   1.2510085e-02  -1.9027216e-01   7.6528035e-02   4.4851119e-02   2.7216167e-01  -2.5078110e-01  -9.7233149e-02  -7.6815811e-02  -1.3822002e-01  -6.4870865e-02   9.0166817e-03   1.1257849e-01  -1.7069002e-02   2.8856461e-01  -2.6841174e-02   1.3615290e-01  -1.7323696e-01   1.3173192e-01  -1.0312726e-01   2.2731786e-01   4.7125496e-02   2.8331539e-01   1.0700317e-01  -5.2949903e-03   3.8541760e-02   2.2112096e-01
  -1.5422828e-01   1.0285498e-01   9.3849455e-02   2.0794642e-01  -3.7115568e-02   1.6160781e-01  -6.7886344e-02  -1.8025047e-03  -6.7519565e-02   1.4161664e-01  -8.4263563e-02  -1.4828705e-02   1.7514311e-01  -4.6953794e-02  -2.4968704e-03   2.9368735e-03   2.2662029e-01   1.9396888e-01   3.8067783e-02   2.3621727e-02   1.6821576e-01  -8.7670600e-02  -1.8716089e-01  -2.8295794e-01   2.3750677e-01   2.1864657e-01  -1.1373534e-01   6.7212044e-03  -4.2298020e-02  -2.5779428e-01  -1.4626006e-01   1.7822141e-01   9.8339619e-04  -8.1889975e-02  -7.7394719e-02  -1.1350525e-02   1.1110621e-01  -2.5084604e-01   1.0450207e-01   9.1974654e-02  -1.9234595e-01   9.7767373e-02   7.3661675e-02  -1.7960315e-03   1.0914143e-01   2.9969720e-01   1.2975435e-01  -8.4095981e-02  -2.2558538e-01
