  -1.3837141e-01  -5.7862187e-02  -9.2972431e-02  -2.6725467e-01   1.0993851e-01  -1.0615622e-01   2.7317266e-01   1.5534258e-01  -6.7548798e-02   1.1141573e-01  -7.6790255e-02  -1.3815110e-01  -2.1175267e-01  -1.8786334e-01   1.5873191e-01   1.1753996e-01   1.1166862e-01  -2.7466393e-01  -3.3063068e-02   1.0196044e-02  -9.7971873e-02  -2.5241619e-01   2.7676640e-01  -3.5808414e-02   4.6166517e-02  -6.4309658e-02   1.5794451e-03  -9.6362544e-03  -1.1896405e-01   4.6367015e-02   2.9501189e-01  -8.9666515e-03  -1.9462688e-01   6.9698637e-03  -3.4334009e-02  -1.5376639e-01   2.6680151e-03   4.5722828e-02  -5.1817748e-02   2.1180064e-01   1.6885000e-01   6.6695503e-02  -8.7356047e-02  -1.6708745e-01  -5.4381901e-02  -1.9770718e-01  -2.3854678e-02   1.7314225e-01  -1.0320461e-01
  -1.3406064e-01   2.1268738e-01   2.8425593e-02  -4.0441726e-02  -1.3995230e-01   1.8132660e-01  -4.8805372e-02  -9.7508831e-02  -1.1171119e-02   1.9386924e-01  -3.0169507e-01  -1.7735472e-01  -1.7165660e-01   1.7113052e-01  -2.2696407e-02   3.4623753e-02   2.5621976e-01  -1.5819959e-02   9.2444702e-02   1.4389574e-01   6.8387586e-02   3.7583676e-02   1.5018520e-01  -8.9308095e-02  -7.7879408e-02  -1.8155094e-01  -8.9996023e-02  -6.1519929e-02  -2.5677152e-02   7.6238253e-02  -1.7335158e-01   9.9801059e-02  -1.3668652e-01  -1.8320109e-01   7.8679614e-02   7.8293973e-02  -1.2389422e-01   2.1946000e-01  -8.7888341e-03  -8.4233320e-02   1.0524647e-01  -5.9139596e-02   2.7951562e-01  -4.5868662e-02   1.5168828e-01  -1.5286097e-01   1.8615354e-01  -2.9015528e-01   1.5779825e-01
  -1.2287772e-01  -8.0898880e-03   8.2715458e-02   1.0664668e-01  -3.2142843e-01  -2.4879690e-02  -1.8110687e-01  -1.7659457e-01   1.5976790e-01   6.8428573e-02   3.3529479e-01   9.1081968e-02   1.9790259e-01  -1.9261255e-01   1.2696709e-01   9.1514326e-02   8.4944205e-02  -6.9369796e-02  -2.8296597e-01   2.3207465e-01   1.3895236e-01  -2.2102039e-01  -2.5988842e-02  -2.1363831e-01  -7.1296442e-02  -6.6864658e-02  -2.3040581e-01   3.2163867e-02   8.5354146e-02   3.9191459e-02   9.3712126e-02   8.8614846e-02  -6.1467900e-02  -1.5400221e-01  -1.5967443e-01   1.1312559e-01   3.1918184e-02  -2.1145230e-02   4.4097046e-02   2.5839418e-01   1.3598675e-01  -1.2096201e-01   2.2472541e-04   1.4449375e-01  -7.2717943e-02  -1.7004332e-02  -4.7296965e-03  -8.1507108e-03   4.2610654e-02
  -1.3415048e-01   2.4922454e-03   1.3952844e-01  -9.6333632e-02  -1.2779169e-01   1.1383631e-02  -1.5601397e-01  -2.5662517e-01  -1.3583650e-01   5.9594322e-02  -3.5478056e-01  -4.2695036e-02  -2.0296816e-01  -4.2071646e-02  -1.5479929e-01  -1.6645718e-02  -2.0774159e-02   9.6105939e-02   2.1812414e-01  -8.6140999e-03   1.5776997e-01  -1.4638606e-01   1.3742958e-01   3.2747853e-02  -1.9109997e-02   1.4215577e-02   1.1077040e-01   2.0899734e-02   1.2483463e-01  -2.8446696e-02   2.0077895e-01  -3.0598887e-02   1.4430125e-01  -1.5286332e-01   1.0055258e-01  -1.1869397e-01   1.1540339e-01  -6.8096802e-02   6.6413187e-02   1.9183693e-01  -8.9908123e-02  -1.4759399e-01  -2.5733164e-01   2.5319517e-01  -5.9836040e-02   3.1426993e-01  -8.4254155e-02   1.4291896e-01   1.3249050e-01
  -1.2865178e-01  -3.9868145e-03   5.5424807e-02  -1.6761202e-01  -4.6998239e-02   2.0565081e-01  -1.8956977e-01   2.0362794e-01  -1.2632279e-01  -3.7900362e-02   4.9740377e-02  -4.9795996e-02   1.8947752e-01   5.0309502e-02  -4.7564650e-02  -1.6005252e-01   5.5014574e-02   3.4520642e-01  -1.4946447e-01  -2.0726784e-01  -5.9734400e-02  -2.4748119e-01   8.9119353e-02  -1.2384751e-01   2.2679276e-01  -2.1672200e-01   7.0264781e-02  -8.7757086e-02   3.4330629e-02  -3.0729686e-01   1.4086238e-01  -1.0313151e-01  -1.1783650e-01   3.7561575e-02   1.0976122e-01   7.5277863e-02  -8.3768335e-02   1.8261891e-01  -8.7696426e-03  -2.2249821e-02  -2.9702071e-02   1.2288257e-01   2.2856873e-01   1.0433470e-01  -1.4187071e-02   2.4695722e-02  -2.4908791e-01   3.7379528e-02  -1.0803597e-01
  -1.2865841e-01   8.4094714e-02  -1.1113129e-01   2.3453616e-01   2.2256196e-01   2.7243064e-01  -6.4584847e-02  -7.6198050e-02   1.4786003e-01  -1.2326035e-01   8.7974372e-02  -2.9221272e-02  -1.4094455e-01   2.4164881e-01   1.8047301e-01  -1.3637409e-01   2.3864914e-01  -1.6510778e-01   2.7672736e-02   1.5612304e-02   5.3850072e-03   3.4337090e-02   4.5620928e-02   1.7337471e-01  -1.1065740e-01  -5.1654495e-03  -2.5576225e-02  -9.3814710e-02   3.8897488e-01  -5.7112438e-03   8.2115367e-02  -3.2823445e-02   8.0305124e-02   2.3254614e-01   3.5216872e-02  -7.1911860e-02  -8.1958064e-02   1.0260231e-01   4.7836533e-02   6.1904718e-02   1.2701455e-01  -2.6031219e-01   5.6764585e-02  -2.9123872e-02  -2.3828367e-01   3.7436912e-02  -1.5820291e-01   1.0861768e-01  -1.6577947e-01
  -1.4410220e-01   1.1766884e-01   2.3631664e-01   2.0878480e-02  -1.8182511e-01  -7.6989482e-02   1.4318111e-01   8.2522453e-03   8.1493950e-02   6.7617027e-02   6.3169721e-02  -7.7932978e-02   5.4069674e-02  -3.2404954e-02  -9.7014022e-02  -1.9361450e-01  -1.4938337e-01   4.9386646e-02   1.3330698e-01   3.3424427e-03  -7.6699855e-02   9.5207767e-02  -9.3824255e-02   1.4668948e-02  -1.0488955e-01  -2.0140452e-01   3.1801144e-01  -7.7310081e-02  -1.0070122e-01   2.6840402e-01   1.1658123e-01  -2.3421224e-06  -5.0274689e-02   2.3080761e-02  -1.9170808e-01  -2.1311235e-02  -8.2372578e-02   1.4556271e-01   1.7598930e-01  -1.5648899e-01   4.5011652e-02   7.4207202e-02  -5.4238286e-02   5.4463124e-02  -5.4542949e-01  -1.1939214e-01  -2.7777427e-02  -8.1760697e-02   1.0334229e-02
  -1.2846010e-01  -1.2964599e-01   2.1236024e-02   4.3090323e-01   3.0025474e-02   1.0864225e-01   1.2057804e-02  -3.2386769e-02  -7.2334009e-02   8.7549480e-02  -1.6734289e-01  -2.1387236e-01  -6.5659690e-03  -2.3217139e-02   2.3165666e-02   2.5681430e-02   1.8806308e-02   1.1847124e-01  -1.6286540e-03  -9.7181504e-02   9.0790334e-02  -2.2310164e-01  -7.3282676e-02  -2.3107319e-01  -7.6670039e-02   7.5567907e-02   9.4762224e-02   4.2177024e-02   1.9595607e-01  -1.4256561e-01  -8.6067702e-02   2.2108064e-01  -1.4909327e-01  -1.8912846e-02  -1.6153953e-01  -5.8586325e-02  -7.9788030e-03  -2.9341225e-01  -9.0993355e-03  -4.9972815e-02  -1.1864342e-01   2.8500488e-01  -1.5554479e-02  -3.6582311e-01  -1.3732656e-01   1.1319675e-02   8.2316558e-02   6.3965858e-02   1.3879473e-02
  -1.5057963e-01   1.0268141e-01   3.4014850e-01  -2.2480803e-01   1.2722075e-01   9.6992453e-02  -4.4142075e-02   1.4840720e-02   1.6334161e-01   2.9484292e-02   7.3859540e-02   3.9471244e-02   1.7522397e-01  -4.2620338e-02  -4.4780242e-02  -5.1311719e-02  -7.9498847e-02  -2.0160086e-01  -6.6380744e-02  -2.5095208e-02  -1.4629891e-01   7.6367824e-02  -5.4382394e-02   5.5273614e-02  -8.5046167e-02  -1.2012913e-01   1.9614423e-01   2.0850091e-01   1.7407251e-01  -3.9732052e-02   3.2636010e-02  -1.0730243e-01  -2.2453590e-01   3.7512783e-02   2.8431634e-01   8.7274615e-02  -1.7088656e-01  -2.1194081e-01  -1.2955236e-01   1.8286522e-01  -7.9396760e-02  -8.3688866e-02  -4.8572255e-02  -2.5689331e-01   5.8290925e-02   2.0262199e-01   2.3468822e-01  -9.5388823e-02   1.1327862e-01
  -1.6401029e-01   9.4786381e-03   1.4965974e-01   1.3188255e-01   2.0522570e-02   2.0501102e-01  -4.9853196e-02   5.9256668e-02   1.8126907e-02   1.8582876e-01   1.6548596e-01   1.4452182e-01   6.0268593e-02   2.5826920e-01   8.6214262e-02  -4.0086038e-02   1.5798959e-01  -1.2886527e-02   5.0017833e-02   1.6694411e-01  -1.5118689e-01   3.9086094e-03  -5.1459365e-02   6.2481093e-02   8.8797200e-02   1.8642290e-01   7.0642248e-02   2.2225720e-01  -2.0905625e-01  -3.8405944e-02   2.4236089e-01  -1.0902439e-01  -5.4316799e-03  -1.8068927e-01  -5.0633259e-02  -2.0333245e-01   3.9521656e-01   1.2908587e-01  -6.3326593e-03  -2.2596744e-01   6.3463688e-02   6.4826132e-02  -7.6603048e-02  -1.5819752e-01   1.3243242e-01   3.9112848e-02  -8.9377539e-02   5.1198711e-02   2.3486155e-01
  -1.2858718e-01  -6.2510672e-02   1.4768719e-01   3.0468998e-01  -9.8414105e-02  -1.4502617e-01  -1.3937583e-01   2.2164201e-01   9.8266611e-02  -4.9373022e-02  -1.3522810e-03  -1.6662896e-02  -1.4850818e-01  -1.5818768e-01  -7.7312791e-02  -1.2959861e-01  -4.7140295e-02   8.9136560e-02   1.5220710e-01   7.5398492e-02   8.0031164e-02   2.2914097e-01   2.2154830e-02  -1.5385349e-01  -1.0986689e-01   1.6637338e-02  -9.1552103e-02   1.0416228e-01  -2.6993457e-02   1.9248206e-01  -7.7497012e-02  -1.4296085e-01  -9.3744666e-02  -2.0441784e-02   3.0627702e-01  -1.7954751e-01   1.8355366e-02   8.6975843e-02  -3.6186533e-01   1.6033144e-01   1.6707851e-01   1.8340707e-01   6.8337066e-02   4.1472889e-02   8.3704893e-02   9.0113773e-03  -1.7341729e-01   6.9416205e-02  -2.3621604e-01
  -1.1860386e-01   3.2744039e-01   1.2991237e-01   1.7389603e-01   1.4949361e-01  -2.3673704e-01  -8.1475723e-02  -1.3852721e-02   1.0452195e-02   1.1557956e-01   6.5609174e-02   1.5446761e-01  -3.7596455e-02  -8.3283297e-02   2.1407438e-02   1.5611463e-01  -2.1759653e-01   1.8298111e-01   2.8096657e-01   9.4114789e-02  -8.6461391e-03  -1.6209913e-01   1.0383241e-02   1.0932317e-01   2.3543469e-01   6.3142365e-02   8.9253134e-03  -1.3666152e-01  -8.7738617e-02  -1.8773184e-01  -8.0659422e-02   2.3194322e-01  -1.9889417e-01   1.5172843e-01   1.2107685e-01   1.2297910e-01   1.6827174e-01   8.8723738e-02   3.5844642e-02   5.1377291e-02  -9.3997445e-03  -3.1517180e-01   3.9578975e-02  -1.1792689e-01  -2.2459209e-02  -1.2207147e-01   5.4776770e-02   6.4672297e-02  -1.1465790e-01
  -1.5612827e-01   9.4921629e-02  -1.0760731e-01   7.5666461e-02   1.0923192e-01  -1.9819732e-01  -1.5226067e-01   6.2030882e-03  -9.4978145e-02   1.8035668e-01   2.4791858e-01  -9.8946622e-02  -1.6588443e-01   9.2643819e-03  -5.6508006e-02   2.0010945e-01  -7.5301582e-03   1.9113050e-01  -1.8466966e-01  -1.8377738e-01  -1.8152264e-01   8.2728749e-02   1.2439667e-01   2.7262077e-01  -1.0294167e-01  -1.4637126e-02  -6.6842281e-02  -1.4517999e-02   5.8568999e-02   4.5225020e-02  -1.7058286e-01  -1.8729139e-01  -2.4314860e-01  -2.1677040e-01  -1.0694646e-01  -2.3455897e-01  -2.2607065e-01  -1.9925241e-01   2.9053234e-02  -7.6148768e-02  -5.2728031e-02  -8.5822654e-02  -1.2116313e-02   1.2729275e-01  -1.0178371e-02  -3.3079251e-02  -1.6123982e-01   3.2186577e-02   2.1745216e-01
  -1.4048947e-01  -9.6120146e-02  -2.0589185e-02  -1.4054507e-01   4.3120284e-02  -2.4643747e-01   2.3647141e-02   1.1659537e-01   1.1807205e-01  -1.1002469e-01   1.7568176e-01   1.2006932e-01  -2.2529620e-01   7.9685740e-02  -1.4541634e-01  -4.9818180e-02   1.7492854e-01   9.3361362e-02   8.8583050e-02  -1.0096478e-01   7.7546700e-02  -7.9609160e-02   2.4682123e-02  -3.3221780e-01  -2.5186822e-01   1.0409436e-02   1.1430491e-01  -1.0171548e-02   1.8320658e-02   8.1428215e-02   1.9881342e-01   2.8880458e-02   1.3923893e-01   7.2549478e-02   3.3469083e-03   3.0505360e-02   1.5747536e-01  -2.5139121e-01   5.2446953e-02  -7.8671645e-02  -2.4378671e-01  -2.6044311e-01   2.4883889e-01  -1.0732606e-01   1.0389813e-01  -1.3419822e-01  -1.3223061e-01  -2.1112492e-01   5.6722549e-02
  -1.5421433e-01   1.3158867e-01   4.9988361e-02   8.6202556e-02   1.1120774e-01  -2.2624093e-02  -1.3569123e-01   9.8048065e-02   5.7762204e-02  -5.0199856e-02  -8.1446449e-02  -1.6373853e-01  -1.0375597e-01   9.3725522e-02  -2.2524318e-01   5.2306551e-02  -4.5622782e-02  -9.6430457e-02  -3.5115177e-01  -1.2016418e-01   1.1783648e-01   2.8315754e-01  -5.8601350e-02  -2.3061047e-02  -2.2539094e-01  -1.3046076e-01   8.5416453e-02   9.9388252e-02  -3.2864946e-01  -3.0381936e-01   3.5413863e-02   1.2881750e-01   1.5413900e-01  -1.0043868e-01  -1.2280404e-01   1.2118128e-01   5.3544009e-02   1.0964872e-01   1.9722342e-01   1.5334739e-01   5.5709487e-02  -7.4740626e-02  -1.1871509e-01  -7.2271273e-02   9.0709140e-02  -3.9592409e-02   1.1093228e-02   1.8218427e-01  -1.8275689e-01
  -1.2422838e-01   7.6356173e-02  -9.4876038e-02   7.5903166e-02   1.4739892e-01   1.7446243e-01  -1.0610562e-02   1.9536076e-01  -1.0585760e-02  -2.2652902e-01   6.2635834e-02   6.4661751e-02  -1.1964719e-01  -1.3967520e-01  -3.8082063e-02  -1.9544599e-01   3.1832604e-01   7.0733016e-02   7.8788255e-02   5.8268080e-02   1.9525495e-01   4.6159976e-02  -1.2499249e-01   7.6693804e-02   3.8174823e-01  -2.9055794e-02   2.4304105e-01   2.2737878e-02  -5.0373317e-02   1.4930350e-01  -7.6960285e-02  -4.1283600e-02  -1.5398860e-01  -1.2810966e-01  -2.2911683e-01   1.0093894e-01  -1.3054119e-02  -1.7551566e-01   1.7892201e-02   2.1327531e-01  -6.1608376e-02  -1.5180284e-03  -1.7796719e-01   2.0579539e-01   1.1196775e-01  -1.3538345e-01   1.7803529e-01  -6.4968570e-02   3.9143082e-03
  -1.4826824e-01  -2.2648317e-01  -1.1846059e-01  -7.3192231e-02  -1.0142056e-01  -8.5249892e-02   2.1689933e-02   2.3567328e-02   1.5096882e-01  -1.0193553e-01  -9.9859802e-02   1.5978110e-01   3.4168480e-02   1.9441991e-01   7.0064066e-02   1.8628691e-02  -2.7071458e-02   2.3811494e-01  -5.1231614e-02   2.9336019e-01  -1.1452688e-01  -6.4377846e-02   1.0887013e-01   1.8262123e-01   3.1491225e-02  -9.2480843e-02   2.6488831e-01   1.4669682e-02  -2.0045622e-01  -1.9265183e-02  -2.4398910e-01   1.2293230e-01   2.0965301e-01   5.9454711e-02  -9.0703386e-02  -1.5285871e-01  -1.0886652e-01  -1.3263975e-01  -4.6019812e-02   2.8068935e-01   1.9009988e-01   5.6008605e-03   2.7866596e-01  -1.1766372e-01  -6.5444194e-02   1.5532320e-01   3.1556992e-02   1.1445020e-01   1.1197775e-01
  -1.2926096e-01  -5.4242467e-02  -5.7966753e-02  -1.3403900e-01  -5.5832364e-02  -1.0163462e-02  -6.0705886e-02   3.2117842e-02   1.0493624e-01   1.5814702e-01  -3.8923531e-01   2.2828099e-01   1.4449992e-01  -8.1835117e-02   6.9482358e-03   2.4069687e-01   1.1215060e-01   2.0153224e-01  -1.1451428e-01  -2.0589423e-01  -1.4049983e-01   1.5347398e-01  -2.1430841e-01   6.9440316e-02   1.9298060e-02   2.6373849e-02   3.9098072e-02   2.2729511e-01   3.3034915e-01   7.5614414e-02   1.4447774e-02   4.0042294e-04   6.2229351e-02   4.1492802e-02  -2.4780801e-02   4.0070740e-02   2.0731839e-01  -3.1972284e-02  -5.9329004e-02  -1.0897117e-02   1.9645464e-01  -5.9777759e-02  -3.3560232e-02   5.3612972e-02  -6.9826147e-02  -3.7043284e-01  -6.0641646e-03   1.9211237e-03  -1.0032717e-01
  -1.3410905e-01  -3.1503969e-01  -1.8018632e-01   1.6638787e-02   1.1335416e-01  -7.2502258e-02  -4.6272870e-02   8.9003594e-03   2.2756394e-01   1.4838261e-01   1.1823203e-01  -1.3030493e-01  -1.7231292e-02  -2.3638782e-02   6.5711836e-02  -9.5249275e-02   9.0634648e-02   4.7406055e-02   1.6340742e-02  -4.1336683e-02  -5.4487671e-02  -3.2561938e-02   1.2500909e-01   5.9796759e-02  -1.6981517e-02  -2.2656588e-01   2.3430028e-02  -7.4853790e-02  -3.4433682e-02   8.5111576e-02  -7.0054196e-02   1.3811164e-01   6.7031361e-02  -1.5199705e-01   2.5237943e-01   4.0655556e-01   1.4385013e-01   2.2665630e-02  -1.9374283e-01  -3.0370139e-01  -4.3390601e-02  -2.2724410e-02  -1.7043137e-01   1.0543838e-01  -8.5751116e-02   6.0730939e-02   1.9827014e-01   2.8499037e-01   5.6047235e-02
  -1.6392241e-01  -2.0884016e-02   3.2957493e-02  -1.3292235e-02  -2.4566293e-01  -5.7316561e-02   4.7249145e-02   6.3796366e-02  -1.8336279e-01  -1.0534778e-01   5.6718578e-02   1.3888081e-01   1.8645416e-01  -1.3171555e-01  -1.7239714e-01   1.5476186e-01   2.6399346e-01  -3.0542855e-02   2.4273051e-01  -9.6322677e-02   2.8307987e-02   8.7659899e-02   9.5303004e-02   1.5916221e-01  -1.2595954e-01  -1.3468132e-01  -8.9179211e-02   1.1010969e-02   9.1867071e-02   3.9779746e-02  -1.9480819e-02  -1.0425344e-02  -3.3905730e-02   1.2405616e-01  -3.8210895e-01   3.2900857e-02  -6.7320936e-02   2.3616983e-01  -1.4669240e-01  -1.0435837e-01  -1.7356087e-01  -7.8615136e-02   1.8497357e-02  -2.0808360e-01   1.6176546e-01   2.2593084e-01   8.8990724e-02   2.5368592e-01  -9.1594350e-02
  -1.4551988e-01  -1.3575384e-01   2.9981424e-02   1.2832511e-02   1.1580821e-01   2.9379417e-01   2.3969864e-01  -1.7396073e-01  -1.4289644e-01  -1.0153107e-01   2.2132841e-02   2.4924327e-01   1.1818511e-01   1.1700433e-01  -1.8207667e-01   1.6110148e-01  -1.7696272e-01  -6.8788454e-02  -9.6688482e-02   8.8760549e-02   1.5856357e-02  -6.6604549e-02  -8.1440953e-02  -1.2222097e-01  -2.0752743e-01  -1.4649579e-01   1.7364570e-01  -3.8839197e-01  -9.6634956e-03   6.6538311e-02  -1.2866636e-01   4.7709438e-02  -1.8421845e-01  -1.0328509e-01   8.4987344e-02  -1.8684311e-01   8.8368116e-02  -1.9947230e-02  -1.5248886e-01  -6.0657145e-02   1.1555903e-02  -8.8662290e-02  -1.1707414e-01   1.5440964e-01   1.6687730e-01  -1.4500790e-01  -7.6259398e-02   7.3784842e-02  -1.2575479e-01
  -1.0957531e-01   3.0171002e-02   4.1568693e-02   1.7370783e-01   1.9870036e-01  -1.6088342e-01  -1.4740605e-01   1.0788560e-01   6.4303920e-02  -2.2948288e-01  -3.4036385e-01   7.5376712e-02   2.0112373e-01   5.7663090e-02   7.4902338e-02   1.2778267e-01   6.3604562e-02  -1.9416809e-01  -2.2546824e-03   4.0991818e-03  -4.1300706e-02  -2.7457572e-01  -1.5007834e-01  -2.3448472e-03  -1.4939243e-01   7.0243764e-02  -6.5141584e-02  -8.6002414e-02  -1.6911396e-01   1.7476879e-01  -4.4407620e-02  -2.8820088e-01  -4.2263777e-02   2.5943887e-02   5.7500349e-02   1.9036072e-01  -6.8059138e-02   1.4436786e-01   9.5837587e-02   8.5337369e-02  -2.2237444e-01   9.9300025e-02   7.8578722e-02   7.7250940e-02  -6.3443401e-02  -8.5188918e-02  -9.9840994e-02   1.4466788e-01   3.0061070e-01
  -1.5812358e-01   1.2431826e-01  -8.3497193e-02   2.4276086e-01  -5.5810296e-02  -3.5312708e-01   2.3117207e-01  -1.6449846e-01  -2.8779997e-01  -5.7627402e-02   5.5693877e-02  -7.6716995e-02   1.1986641e-01   3.2290560e-01   6.9743592e-02  -1.1592237e-02   1.1924639e-01   1.4207091e-02   2.4040372e-02   2.4589434e-02  -2.6920608e-01  -4.0382903e-02  -1.7181110e-02   6.4055551e-02  -5.3881580e-02  -1.5033224e-01   5.2202388e-02   1.1247426e-01   7.4881045e-02  -7.3763363e-02   1.8333480e-01   1.5168380e-02   6.3213365e-02   5.2146093e-02   9.4713499e-02   1.5032533e-01   3.3614565e-02  -6.1061257e-02  -5.9576750e-02   1.5833399e-01   1.4849214e-02   2.0412457e-01  -9.5513202e-02   2.2642470e-01   1.5434980e-01   1.7985770e-02   1.0156808e-01  -2.3052974e-01  -1.5821414e-01
  -1.5737824e-01  -1.3382146e-01  -2.2445959e-01  -4.6110777e-02   1.0263596e-01   1.3195266e-02  -3.2892256e-01  -2.2364707e-01  -1.3685525e-02  -3.8748473e-01  -3.1271291e-02   3.6102836e-03   9.0523116e-02  -1.4912223e-02  -1.2207225e-01   7.5704799e-02  -1.3826278e-01  -1.7993898e-02   2.5320259e-02   7.9150301e-02   7.4174337e-02  -6.3889643e-02   1.2054989e-01   1.1482562e-01   9.3286398e-02  -1.9370670e-01  -1.7412279e-01   3.1588425e-01  -1.3021843e-01   1.3927063e-01   1.2542490e-01   1.0406556e-01  -1.4502133e-01   1.7975832e-02   9.2638871e-02  -1.9623404e-01   1.9549436e-02   1.0399256e-03   1.1544048e-01  -2.1174016e-01  -3.6548522e-02   4.2211109e-02  -6.8186966e-02  -1.3189636e-01  -1.0868532e-01  -5.4208141e-02   5.3979501e-02  -2.3782029e-01  -1.6206370e-01
  -1.1793071e-01  -4.4549918e-02   1.8212706e-01   7.3971756e-03   1.5811510e-01   1.1748110e-01   1.0977503e-01  -1.0583211e-01   2.4163240e-02   1.4749772e-02  -1.0875610e-02   2.0798568e-01  -4.0072411e-02  -5.8770075e-02   2.2395142e-01  -1.1320578e-01  -9.6089753e-02   9.5367782e-02   3.3765308e-02  -7.3138415e-02  -1.4150950e-01   1.2439736e-01   4.7921944e-01  -2.0023313e-01  -3.4200096e-02  -1.3362996e-01  -1.5251456e-01   1.3167552e-01   1.9638883e-02   1.4509666e-02  -3.5514592e-01  -1.3108404e-01   6.3524198e-02   1.0209507e-01  -1.5449924e-01   1.1713878e-01   1.7216474e-01   4.6435540e-02   2.4671806e-01   1.2326341e-01  -1.3102744e-01   1.1565639e-01  -1.7336695e-01  -6.5565651e-04   3.3658095e-02  -3.4675787e-02  -1.0321996e-01  -9.7204723e-02  -8.7431728e-03
  -1.4000452e-01  -3.7998924e-02  -1.1229490e-01  -6.7188342e-02   7.2941856e-02  -2.2904323e-01  -1.5994363e-01   1.0758982e-01  -9.7489054e-02   8.9504927e-02  -9.7469740e-02   2.8279751e-01   4.9453980e-02   2.1828760e-01  -1.7011999e-01  -3.1090418e-01  -1.6215997e-01  -1.5533213e-01  -1.5221421e-02  -4.6131252e-02   1.2897727e-01   1.2466201e-01   1.1540379e-01  -9.1831811e-02   4.8749764e-02   1.0267448e-01  -1.5401320e-01  -2.5578775e-01   1.7070752e-01   1.2589225e-02   1.0205057e-01  -2.0117327e-02  -2.1313825e-01   2.0323984e-02  -1.4124801e-01   8.2315913e-02   5.1905355e-02  -1.1759622e-01   1.5475155e-01  -5.4779568e-02   3.6874643e-01   1.4335703e-01   4.2113047e-02  -1.7576661e-02   1.9194069e-02   1.2636249e-01   1.7815143e-01   6.0914968e-02   9.4218452e-02
  -1.4642236e-01  -6.7868083e-02  -1.0361135e-01   3.7663673e-02   2.5506397e-01  -1.5904987e-01  -3.7580575e-02   8.7619996e-02  -3.5387365e-02   1.8234433e-01  -1.1831916e-01  -2.2416086e-01   1.4899495e-01  -2.0795268e-01   2.6653850e-01  -1.1890191e-01  -1.4188038e-01   2.1296492e-02  -1.2210507e-01   6.1349509e-02   6.4199598e-02  -1.4777900e-02  -1.9468471e-01  -1.4660075e-01   2.9498873e-02  -1.6162862e-01   1.4496258e-01   6.4396225e-04   8.4267644e-02   1.2908681e-01  -1.7015915e-02   4.1431160e-02   5.9161600e-02   1.7794505e-01  -1.6186638e-01  -2.4082803e-01   2.1391682e-02   2.3110649e-01   2.1629533e-02  -1.0003635e-01   3.1160808e-02  -2.3050532e-01  -2.6754569e-02   7.6375534e-02   2.9440313e-01   2.6256334e-01  -1.6086416e-02  -1.7862005e-01   6.3854513e-02
  -1.4738410e-01   1.0164753e-01  -5.8984228e-02   2.1674970e-01   3.3725527e-02   1.3541939e-01   2.6023981e-01  -3.5145349e-02  -9.6152222e-02   9.1105046e-02  -6.5185238e-02   2.0256729e-02  -3.3269135e-02  -1.4871401e-01  -3.9294381e-01  -2.1295732e-01  -1.7812410e-01  -2.0817575e-01  -1.2696396e-01  -3.3150276e-02  -1.3135429e-01  -1.3564746e-01   1.1628664e-02  -4.1301451e-03   2.3386114e-01  -1.0965416e-01  -2.2284021e-01   2.5721569e-01  -4.8511566e-02   3.2971529e-02  -2.3740385e-02  -3.6402088e-02   2.2305177e-01   8.3532404e-02  -5.1814994e-02   3.3505486e-02   1.2682134e-02  -1.2411146e-01  -1.9200573e-01  -5.3864084e-02   6.9458374e-03  -1.8808799e-01   2.6351706e-01   8.8782023e-02  -6.3088941e-02  -4.5225812e-02  -3.4108075e-02   8.5782671e-02   1.5731817e-01
  -1.4531377e-01  -7.1651297e-02  -2.8043556e-01   2.3652327e-02  -3.5254378e-01   6.7904604e-02   1.6101946e-01  -7.9643335e-02   2.6824320e-01   7.6658315e-02  -8.3767181e-02  -5.2203026e-02   8.6209474e-02   3.1946040e-02   4.8869485e-04  -2.5260460e-01  -3.9331710e-02  -3.9451633e-02  -3.6950595e-02  -2.3022246e-01   7.8584911e-02  -3.4532588e-02   4.9687065e-02   1.7651430e-01  -1.2802149e-01   2.9766795e-01   4.6460907e-02   7.2523340e-02  -1.9919640e-01  -8.4408179e-02  -6.4827447e-02   6.2496147e-02  -3.8229770e-01   2.4755011e-01   5.3990598e-02   1.7142833e-02   5.0320335e-02   5.1605551e-02   1.1795561e-02   8.6908570e-02  -1.2335151e-01  -1.0703946e-01  -9.3585690e-02   9.3516907e-02   1.1108393e-01   8.1286344e-04  -1.2604128e-01  -1.0350519e-01   3.3252174e-02
  -1.2470350e-01  -8.0135773e-02  -6.1915169e-02  -2.6475472e-02  -1.7759068e-01  -7.4009378e-02   1.9216710e-01   3.4596754e-01   3.9070795e-02   1.1204164e-01  -3.2597397e-02   3.6340740e-02   2.8259475e-02   1.1722041e-01  -3.0528204e-02  -9.2165492e-02  -6.0672436e-02  -6.8023636e-02   6.3766952e-02   1.5118135e-01   6.5210811e-02  -2.3205842e-01  -1.6154718e-01   9.4934002e-02   2.1379782e-02  -5.3415411e-02  -1.5945078e-01   6.8755144e-02   1.5219103e-01  -8.9258902e-02  -2.3568893e-01  -2.2047950e-01   9.6757526e-02  -3.3658413e-01   1.4516914e-01  -8.3370372e-02  -6.3814830e-02  -5.8655693e-03   3.4117983e-01  -6.2532742e-02  -1.1181352e-01  -1.4277877e-01  -1.2786206e-01  -1.2003719e-01  -1.0866053e-02   2.0806993e-02   2.2766047e-02  -5.0445693e-02  -3.1602953e-01
  -1.6533273e-01   9.6883227e-02  -1.8781050e-01  -2.0081084e-01   1.5716171e-01  -5.0793942e-02   2.2816583e-01  -1.6736067e-01   6.4967592e-02   3.5642477e-03  -3.2059869e-02  -1.0006108e-01   1.3933599e-01   3.7633986e-02  -9.0553228e-02   5.6086998e-02   9.7288341e-02   1.0191936e-01   9.7017403e-02   2.7282622e-01  -6.7738354e-02   3.2156229e-01  -1.6260185e-01  -2.8145701e-01   1.7095445e-01   1.2908552e-01  -1.3144121e-01   8.0817519e-02   3.4157264e-02   3.4425613e-02   1.2533300e-02   1.5004353e-01  -1.5608717e-01  -1.2629890e-01   4.0231218e-02   1.3965181e-01  -1.5177781e-01  -1.2936599e-02   9.0608201e-02   2.5924860e-02  -9.4798420e-02   3.5220101e-02   2.2927656e-03  -5.4987848e-02  -6.7958609e-02   1.6751022e-01  -3.8358360e-01   1.8496646e-01   3.3298119e-03
  -1.6673405e-01  -3.0996481e-01  -7.8091080e-02  -2.9350376e-02  -1.1213716e-01   1.1301542e-01  -1.3973638e-01   1.2505606e-01  -1.9712729e-01   3.8400983e-02   8.4554929e-02  -1.1020947e-01  -1.5048822e-01  -5.4803169e-02  -8.4167339e-02   1.1208959e-01   4.2061249e-02  -6.1081196e-02   7.3971356e-02   1.5381666e-01  -2.9535616e-01   2.2975877e-01  -2.1078128e-01  -1.5218656e-01   3.0885137e-02   2.3572352e-02  -1.6503233e-01  -1.4993976e-01  -3.8388610e-02  -2.2064814e-01  -3.9979544e-02  -6.8434967e-02  -4.6390983e-02   2.8736481e-01   8.7246202e-02  -1.1047254e-01   1.1814391e-01   6.5977377e-02   1.0977391e-01   1.6901600e-01  -1.6800831e-01  -4.4912255e-02  -2.1797913e-02   1.1573134e-01  -2.1396912e-01  -3.5150111e-02   2.7238141e-01  -6.3939358e-02   1.4464719e-01
  -1.5198197e-01  -9.1847061e-02   9.4849585e-02   6.2378295e-02  -2.8270085e-02   7.0607270e-02   2.1542175e-01   8.8782453e-02   3.8402409e-02  -2.2373777e-01   3.0036694e-02   1.1424325e-03  -1.7177572e-01  -2.0769040e-01   9.9536369e-02   4.7028920e-02  -2.4977456e-01   5.7549264e-02  -1.0633563e-01   7.4600482e-02   1.3803852e-02   1.2075494e-01   3.6141131e-02   2.7445493e-01  -4.9073242e-02   9.7746912e-02   1.4014325e-02   1.4760770e-02   2.9228294e-01   1.6804003e-02   2.3068244e-01   2.1892936e-01  -4.0731787e-02  -1.5124790e-01   8.9030751e-02   5.9841177e-02   6.0119750e-02   1.6064555e-01   2.7055649e-01  -1.9201032e-02  -1.3411240e-01   1.9142988e-01   3.3053867e-01   1.1914307e-01   1.9007228e-01  -2.2995119e-02   8.7183548e-02   8.1089199e-02   1.3095498e-01
  -1.5566317e-01  -1.6093085e-01   2.2678546e-01  -5.8502379e-02   1.1460425e-01  -1.9583182e-02   3.2410073e-02  -1.8784695e-01  -1.5350236e-01  -1.7029060e-02   6.4144742e-02  -2.5592455e-01   1.7868050e-01  -2.4282329e-01  -1.4175750e-01  -7.4453665e-02   1.9617237e-01   9.9015140e-02   3.4234698e-02   1.9664662e-01   7.4382931e-02  -6.7317898e-02   7.9120620e-02   1.1680502e-01  -1.3444828e-01   3.1711486e-01   6.7346517e-02   1.2627423e-02  -6.7783650e-02  -7.3487026e-02  -9.6933004e-02  -2.1082711e-01   9.2234031e-02   1.8538493e-01   8.5203052e-02   1.0325066e-01  -8.9476450e-02  -1.3031896e-01   2.1731832e-01  -1.9334474e-01   3.1837524e-01  -3.1233337e-02   4.2805052e-02   3.7969267e-02   1.2632783e-01  -1.6608331e-01   2.7892905e-02   5.1082672e-02  -8.3444338e-02
  -1.3182588e-01   1.7675527e-01   1.2765546e-01  -1.6408736e-01  -5.7624751e-02   5.0255759e-03   1.6685335e-03   1.1480715e-01  -8.5512762e-02  -1.2886175e-01   1.0925928e-02  -2.0742190e-01   2.2720452e-02   3.1876190e-02  -1.0783471e-01  -1.3491845e-01   5.8092102e-02   1.5897845e-01  -2.7698300e-01   2.9615177e-02  -3.0702483e-02  -7.0525195e-02  -5.3146769e-02   2.2547633e-01   2.2155476e-02   6.9017854e-02  -2.7163779e-01  -3.0700586e-01   5.6641846e-02   2.9363301e-01  -1.0406720e-01   2.0069991e-01   1.6686231e-01   1.0251903e-01   7.2300015e-02   1.6743322e-03   2.5492451e-01  -2.2658031e-02  -1.0854054e-01   1.0993385e-01  -4.1868733e-02   8.5761681e-02  -2.3938098e-01  -2.7301449e-01  -1.3625916e-03   9.0302730e-03  -1.2218793e-01  -1.1800654e-01   1.0348465e-01
  -1.5907147e-01  -1.7074263e-01   6.9828451e-02  -1.3247372e-01  -6.0071040e-02  -8.8676878e-02  -2.4512040e-01  -1.8927480e-01  -2.2941565e-01   2.0207201e-01   9.5037954e-02   1.3423971e-01  -3.1316599e-01   4.2954236e-02   2.6759349e-02  -2.1329433e-02  -4.6544132e-02  -3.3881887e-01  -1.1223716e-01   4.6301546e-02   5.9000416e-02  -6.7112689e-02  -1.6479060e-01   1.1146464e-01   1.5338323e-01   1.0500282e-01   2.4482355e-01   7.8013582e-02   6.2164653e-02   6.7688112e-02  -2.1004862e-01   7.5942309e-02   4.6804133e-02   5.9355084e-02  -4.7427231e-02   2.1927628e-01  -7.4770649e-02   1.4044246e-01  -8.3051919e-02  -2.9847883e-02  -1.4285765e-01   1.8846946e-01   6.6948925e-02  -6.3593827e-02   2.1768572e-02  -4.1285125e-02  -2.7272269e-01  -6.5445641e-02  -1.4665024e-01
  -1.4302977e-01   4.7214486e-02   1.6947219e-03  -2.1701218e-02  -9.2033612e-02   9.9708828e-02   7.0647425e-02   5.3484713e-02  -3.9824669e-01  -1.3369710e-01  -2.0680678e-03   1.5075568e-01  -1.4245089e-01   1.1068044e-01   3.2025278e-01  -4.6431742e-02  -1.1333456e-01   2.3738664e-01  -1.8861840e-01  -1.0672564e-01   4.7002357e-02   7.0243399e-03  -4.2245216e-02  -1.9372841e-01  -7.3477364e-02   2.6016064e-01  -4.3468935e-02   1.8249049e-01  -1.5653269e-01   2.1583709e-01   4.9378348e-02   9.9765619e-04  -4.6169473e-03  -1.5913152e-02   1.1128171e-01   1.2318428e-01  -2.4719407e-01   6.0388911e-02  -7.4653797e-02  -8.7290007e-02   4.8765630e-02  -2.6913525e-01  -7.8438749e-02  -5.9841527e-02  -1.2428013e-01   5.8361282e-02   2.2065833e-01   1.2737343e-01  -2.1909750e-02
  -1.5165529e-01  -5.9300059e-02  -6.4187378e-03   7.9611116e-02  -1.8164214e-01   1.5860369e-01   1.6433978e-02   2.3304848e-01   1.0100135e-01  -3.6368813e-02   1.6205893e-02  -1.2105563e-01  -8.1625230e-02   1.4870223e-01   4.0096393e-02   3.6215630e-01  -2.9236240e-01  -7.5592731e-03   1.4901246e-01   9.6723547e-02   1.5548369e-01   3.9513345e-02   5.8540486e-02  -2.8758881e-03   1.2859954e-01  -1.1181590e-01  -1.3832610e-02  -2.5764844e-02   4.0392303e-02  -2.2749862e-02   1.5243663e-01  -1.2374377e-01   1.0065335e-01   2.3177787e-01  -7.6039235e-02   2.7183469e-01  -1.9846391e-01  -1.6556169e-01  -5.2968167e-02  -1.1105261e-01   1.7829169e-01  -2.8053898e-03  -2.5665739e-01  -2.5929638e-02   1.6602980e-01  -5.5313872e-02  -2.1968242e-01  -1.1148190e-01   1.8550989e-01
  -1.3842798e-01  -2.0783613e-02  -1.1790019e-02  -7.2011832e-02   1.3223359e-01   1.8019596e-03   2.2624836e-02  -3.0834798e-01   2.9163638e-01   1.7088644e-01   8.5683248e-03   7.1944351e-02  -1.4610302e-01   6.1077670e-02  -4.4755155e-02  -1.3871997e-01  -1.2846797e-01   2.8303226e-01  -8.0964644e-03   6.8950021e-02   5.8078806e-02  -6.4196987e-02  -1.6358765e-01   4.1382837e-02  -7.1368017e-04   3.2136610e-02  -2.0885698e-01  -1.2529436e-01  -3.0703550e-02  -5.3471552e-02   2.3528259e-01  -2.6223299e-01   1.3518511e-01   4.4385693e-02  -1.7388339e-01  -6.0714953e-02  -2.5174215e-01   1.4081903e-01  -1.6423583e-01   7.6980965e-02  -2.0297823e-01   1.6500221e-01  -6.7955158e-02  -9.6214957e-02   1.3310950e-01  -1.7503649e-01   2.4100579e-01   4.0639178e-02  -9.9170526e-02
  -1.3276532e-01   1.6362057e-01  -2.6941451e-01  -1.5245747e-01   2.2760031e-02  -2.4356064e-02   1.0772562e-01  -1.0460851e-01  -1.8512501e-01  -5.0626653e-02   1.5930206e-01  -1.0308836e-01   1.0086436e-01  -4.3294013e-02   1.5880192e-01   1.2415170e-02  -1.3949189e-01   4.6276405e-03   1.0193519e-01  -3.3204272e-02   4.5511720e-01   1.0400145e-01  -7.0804149e-02   5.4665319e-02  -1.1293569e-01  -1.0562285e-01   7.1857345e-02   5.8940740e-02   6.3898306e-02  -1.9180415e-01  -1.2756330e-01  -3.0630643e-01   5.9083398e-02  -7.6341338e-02   5.6071654e-02   1.7582075e-02   3.1153841e-01   4.6790661e-02  -1.6868857e-01   1.0866269e-01   2.7100851e-02   9.0459466e-02   1.4103743e-01  -1.2548006e-01  -1.9684658e-01  -9.7754436e-02   1.6997732e-02   9.2403740e-03   1.9976043e-01
  -1.4225449e-01   3.9610271e-02   2.0633161e-01  -1.8405294e-01  -9.1411816e-02  -2.9330259e-02  -1.5753574e-01   2.5724921e-02   1.3637252e-02  -1.7703866e-01  -1.3676611e-01  -2.3000110e-01   1.0345857e-01   1.0769051e-01   3.4200433e-01  -1.9844612e-01  -1.5508818e-01  -1.7319071e-01   1.4390853e-01   6.4382882e-02  -1.3037605e-01   9.8644066e-02  -5.4583811e-04   3.1071438e-02  -4.9006333e-03   5.3841497e-02  -1.3478962e-01  -5.3475106e-02  -2.5378549e-02  -1.5370358e-01  -2.5525149e-02   8.6170100e-02  -4.4375746e-03  -1.4498595e-01  -2.6423186e-01  -6.8925153e-02   4.9872427e-02  -2.9723912e-01  -2.4125910e-01  -1.3681728e-01  -1.4780976e-01  -1.1659890e-01   1.0957802e-01   1.8411689e-01   3.1829931e-02  -1.9687602e-01  -2.5274741e-02   1.2533779e-01  -1.4673401e-01
  -1.5796767e-01  -2.2091195e-01   2.1545106e-01   4.6718011e-03   1.8402590e-01   6.4320075e-02   1.3387935e-01   1.0761227e-02   8.1639954e-02   1.3323147e-01   3.3840801e-02  -1.4911399e-01   1.1827865e-01   1.8275471e-01  -1.3831222e-02   3.1252293e-01   9.6671358e-04  -2.4860187e-02   2.3574466e-02  -2.8788321e-01   1.9286446e-01   4.3257417e-02   4.0375417e-02   7.6285032e-02   1.8747614e-01   1.8325624e-01  -1.2341239e-01  -7.3664150e-02  -1.5094026e-01   1.8458350e-01   2.8655544e-02  -4.6935919e-02   1.2696532e-02  -9.3963435e-02  -8.6003160e-02   4.2138230e-02   1.1162174e-01  -2.1198458e-02  -4.4840481e-02   1.4225039e-01  -9.6754390e-03  -3.0517714e-02   2.5152123e-01   1.2751500e-01  -1.6927926e-01   2.6528200e-01   9.2965219e-02  -2.2831522e-01  -2.3919537e-01
  -1.5447718e-01   2.5912582e-01  -1.8333748e-01  -8.6014378e-02   8.9048207e-02   7.8256141e-02  -1.2519250e-01   2.5618505e-01   4.8092064e-02   1.3492741e-01   1.1411315e-01   1.0012456e-02   2.2582554e-01   3.2527964e-02  -1.5079408e-01   1.1101399e-01  -6.8607781e-02  -8.2354720e-02   2.2384153e-02   1.2649536e-01   4.3584106e-02  -6.8739019e-02   3.2005431e-01  -1.2588285e-01  -1.0272889e-01   3.4285923e-01   1.5507811e-01   8.2997498e-02   1.2203210e-01   2.2720277e-02  -5.5136256e-02   1.9167398e-01   2.5296374e-01   3.8421414e-02   1.7252517e-02  -1.3451874e-01  -1.3120128e-01   1.1096478e-01  -1.0787137e-01  -8.7426277e-03  -1.8384770e-01   1.7164620e-01  -8.3775804e-02   2.2087168e-01  -7.4975496e-02  -8.6043049e-02   1.5866621e-01  -2.8695897e-02  -3.9344783e-02
  -1.3919056e-01  -2.1458685e-01   3.0346638e-02   1.2424333e-01   3.0380693e-02  -1.2816579e-01   4.8809136e-02  -6.5648191e-02   1.0821631e-03  -1.8361460e-01   4.4920371e-04   9.9628871e-02   1.2713991e-01  -1.5949271e-01   7.2261161e-03  -8.9832491e-02   4.4450896e-02  -1.0181187e-01   9.4244546e-02  -2.3088680e-01  -7.8727440e-02   1.0185728e-01   7.3631039e-02  -2.1575554e-02   1.4017313e-01   1.5630331e-01   2.1524316e-02  -1.6841528e-01   2.3685448e-02  -2.7137402e-01   2.1468365e-02   1.2304742e-01   2.0359083e-01  -3.4001080e-01   4.7838475e-02  -5.0659619e-02  -2.4797093e-01   2.2365476e-01  -1.4011505e-01   6.1722198e-02   1.1888354e-01  -1.3290747e-01  -1.5715113e-01  -1.6763707e-01  -6.4284302e-02  -1.3028513e-01  -9.5623013e-02  -2.8725678e-01   2.1652012e-01
  -1.4054106e-01   1.9323221e-01   5.9851949e-02  -9.2602696e-02  -1.2364680e-01  -1.5532474e-01   1.0900719e-01  -1.1934053e-01   2.9919086e-01  -3.6629545e-01   1.9249692e-02  -8.0345442e-02  -2.6065633e-01   2.2968203e-02  -5.6196112e-02   1.6372019e-01   4.0288317e-02  -5.9575633e-02  -1.5952643e-01  -8.8388140e-02  -1.1435935e-01  -1.4731948e-01  -4.4066008e-02  -2.2824531e-01   1.9212292e-01   1.2732366e-01   9.2389254e-02   3.0418784e-04   1.2191521e-01  -1.3286400e-01  -2.3211146e-01  -1.6838044e-01  -4.0768004e-02   4.4900537e-02  -5.7841327e-02  -9.6992157e-02   1.2558630e-01   1.3396308e-01  -6.0435711e-02  -2.6055857e-01   1.6460755e-01   8.0798302e-02  -5.4376803e-02   8.5057927e-02  -1.9417698e-02   2.0271591e-01   1.5747841e-01   2.8692789e-02  -3.4116654e-03
  -1.4385141e-01   1.8511702e-01  -1.3572986e-01   1.0330015e-02   6.3336309e-02   1.2425001e-01   1.2415947e-02   8.7975679e-02   9.9157368e-03   4.7236490e-02  -1.6211200e-01   2.7364570e-01  -1.2430048e-01  -3.6745438e-01   1.1814503e-01   3.7530909e-02   9.2071829e-02   1.2503668e-02  -6.2510303e-02   1.5350202e-01  -8.4370743e-02   7.1857722e-03  -4.5645628e-02   1.3045876e-01  -2.3774010e-01   2.2370914e-02  -5.8574741e-02  -1.6777344e-01  -1.8658273e-01  -2.0658684e-01   1.0057058e-01  -4.7327714e-02   3.2419820e-02  -4.3502518e-02  -3.6497054e-02   1.4022927e-01   1.4959906e-02  -1.9000355e-01  -1.1726709e-01  -2.0055386e-01   2.4804423e-02   1.3001440e-01   2.5413290e-02   4.6383126e-02  -1.5380529e-01   3.2042391e-01  -8.6742251e-02  -3.0885338e-01  -1.5879091e-01
  -1.3216946e-01   6.6142491e-02   1.8306893e-01   5.6257458e-02  -9.9969418e-02  -1.4843607e-01   1.2064864e-01  -3.6165437e-02   2.7441317e-02   1.0247786e-01  -4.9781237e-02   1.9932402e-01   6.8961753e-02   5.2537002e-03   1.7979695e-01   4.0928835e-02   2.5489020e-01  -1.0337859e-01  -1.8335888e-01  -5.4510160e-02   3.4944822e-01   1.9156601e-01   4.1826862e-02   1.5809016e-02   2.3517487e-01  -1.7208235e-01  -7.3494288e-02  -8.4054197e-02  -1.0675132e-01  -8.9722500e-02   1.6464127e-02   1.0001052e-01   9.7837706e-02   2.2927525e-01   2.7733057e-01  -2.9510918e-01  -1.4110502e-01  -1.7314196e-01   9.3897614e-02  -1.9752177e-01  -1.7584464e-01   1.1103542e-01  -2.4822034e-02   8.4121578e-02  -3.6392642e-02  -6.5332048e-02   1.9813997e-02   1.1852636e-01   7.9595773e-02
  -1.4052556e-01   6.3817220e-02   3.9506030e-02  -1.8499360e-01   1.1181546e-01   1.2039533e-01   3.9185126e-03   2.7274592e-02   3.4477527e-02   5.5373214e-03   1.8439416e-01   7.3107498e-02  -7.6883449e-02  -8.0548079e-03   6.0043064e-02  -1.7229321e-02   1.9990272e-02  -2.2727586e-02   3.5852985e-01  -3.2102262e-01  -1.1949749e-02  -2.0728715e-01  -3.4497305e-01   1.0536720e-02  -1.9111643e-01  -9.7012383e-02  -2.2278832e-01   1.4030293e-01  -1.0823536e-01  -1.4367084e-02  -1.4075894e-01   3.1312925e-01   9.7058743e-02   4.4037005e-02   2.9643825e-02  -1.0038530e-01  -1.1354736e-01  -2.4164285e-02   1.1696897e-01   5.4403013e-02   2.6488707e-01   2.0952350e-01  -2.2080750e-02   1.6407792e-01   9.5108926e-02   4.0517441e-02  -2.3749537e-02   6.4124465e-02   1.1463144e-01
  -1.5681548e-01   1.9271215e-01  -2.4997018e-01   8.3523486e-02  -2.2469661e-01   1.4307734e-01  -1.7162271e-01  -1.7395735e-01   2.6502939e-02   4.3426793e-02   5.8743774e-02  -5.8334605e-02   9.6367712e-02  -1.6496535e-01   1.0958271e-01   4.3803036e-02  -7.7458376e-02  -1.1138780e-01   1.0457420e-01  -2.4426321e-01  -2.3121660e-01   8.4236085e-02   4.9475453e-03  -1.1132465e-01   1.4878095e-01   1.9576398e-02   1.5295074e-01  -2.6227426e-01  -9.9857623e-02   2.5051479e-01   4.9060764e-02  -1.4566738e-01   2.2486462e-01  -8.7000653e-02   1.4481432e-01  -2.2154934e-02   2.4404226e-02  -1.6437462e-01   2.4151882e-01   5.7315605e-02   4.3596723e-03   4.9068703e-02   1.2874935e-01  -1.9341709e-01   2.0162730e-01   1.6575873e-02   5.3651811e-02   1.2471752e-01  -1.4361928e-01
