  -1.4182543e-01   1.8457469e-01  -2.8914514e-01  -1.4917136e-01   1.9521829e-01   1.1804901e-02  -9.6734844e-02   5.1516799e-02   8.9983852e-02  -1.9370856e-01   1.4512745e-01  -7.2188154e-02  -1.0464156e-02   1.7387573e-01  -3.0046070e-02  -1.0605190e-01  -5.2845616e-02   1.0756882e-01  -1.3995403e-01  -1.6102042e-01   1.5187066e-01   9.2822758e-02   1.1132594e-01   1.7938189e-01   2.0435703e-01  -2.0865627e-01  -1.8037540e-03   9.2417388e-02   3.5055794e-01  -1.5957959e-01  -1.8442678e-02   1.3724511e-01   2.3415100e-01  -8.0706000e-02   2.0260506e-01   8.6046300e-02  -1.0921236e-01   8.8388007e-03   1.6992078e-01  -1.1984000e-01  -8.0864691e-02   1.4947289e-01  -8.3829546e-02   5.9456381e-02   1.5844277e-01  -5.0964848e-02  -5.5640810e-02  -6.0861993e-03   2.0614617e-01
  -1.3975742e-01  -1.9210064e-01   1.9340846e-01  -2.5576748e-02  -1.7273720e-01   2.0604246e-02   3.2435251e-01   1.4422646e-01   3.1538013e-02   3.8293288e-02   7.8889939e-02  -1.4487772e-01  -1.0818901e-01   1.8946797e-02   4.8254482e-02   1.1545674e-02  -2.3786177e-01   2.6249380e-01   2.1111799e-01  -5.4242203e-02   1.5993403e-01   1.0559711e-01   5.2799216e-02  -3.5919470e-02  -1.0108133e-01  -2.4267654e-01   1.4040665e-01   8.8812610e-02  -1.3469303e-01   2.1753316e-02   3.5835259e-02  -7.4921935e-02   2.4068930e-01  -2.8914734e-02   5.2529893e-02  -1.1740987e-01  -1.8348976e-01   1.2972818e-01  -1.5354323e-02   1.4302319e-02   2.6343290e-01   7.4128556e-02  -1.1788066e-01   3.1194932e-01  -1.1899798e-01  -2.6896438e-02   1.8825780e-01   6.1948680e-02   4.9972746e-02
  -1.4076568e-01   1.7721671e-01   1.3491646e-01  -1.6313687e-01   1.0141714e-01   1.6282662e-01  -4.9851407e-02  -1.1759889e-01   1.9049709e-01   1.5136445e-01  -1.7370257e-01  -2.7917768e-01  -1.8813283e-02   1.9280120e-02   8.0711547e-02  -8.9763556e-02  -3.1483291e-01   1.2525417e-01  -8.9761392e-02   8.7345487e-02   2.0788315e-02   1.5357198e-02   2.1610581e-01  -2.1212674e-01  -1.7351905e-01  -1.0088050e-03  -1.4356473e-01  -7.4560076e-02   1.3055392e-01  -1.3618449e-01   4.0879926e-02  -2.0756541e-01  -6.0079437e-02   2.8701052e-01  -1.4405032e-01  -1.4365647e-01  -2.8971233e-02  -1.4136808e-01  -1.0067296e-01  -9.5487312e-02   8.0394297e-02   4.1341316e-02  -1.5009382e-02  -2.8708086e-01   1.1463840e-01  -1.3887844e-01  -8.1225426e-02   1.0659202e-01   1.0084288e-02
  -1.4022215e-01  -1.5432232e-01   1.6135445e-01   8.6029415e-02   1.1287496e-01  -3.2549029e-02  -1.4931125e-01   1.4619759e-01   6.7840144e-02   4.8516263e-02   2.2999446e-01   1.8926803e-01  -2.6450242e-01  -1.4308067e-01  -6.8831624e-02  -2.8681830e-02  -8.1042112e-02  -1.9394889e-01   9.5915430e-03  -1.3067968e-01  -2.2337678e-02   1.3630917e-01  -8.2933086e-04  -1.0605338e-01  -1.5998258e-01  -1.3221706e-02   9.6509912e-02  -8.4620402e-02  -9.8196505e-03  -1.0588802e-02   2.8724818e-01  -5.7864469e-03   1.6095426e-01   1.3093116e-02   5.1972660e-02   2.6825679e-01  -8.5982961e-02   3.3551530e-02  -9.0820923e-02  -1.8716812e-01  -4.4536076e-02  -4.0196720e-02   2.1588243e-01  -2.7981862e-01   2.5658581e-01   6.0773762e-02   3.1042362e-01  -9.6008429e-02   3.3430452e-02
  -1.6009487e-01  -1.4455413e-01   1.8281144e-01  -1.7341402e-02   2.8719278e-02   2.9732911e-01   8.3726229e-02  -1.1169275e-01   2.5735635e-01  -1.3174317e-01  -6.8499678e-02   3.5192272e-03   2.3291202e-01   1.1290614e-01  -7.3170221e-02  -1.9550028e-02   2.6143822e-01  -1.6785444e-01  -1.4326737e-01   1.3577415e-01   1.2498829e-02  -4.1206447e-02   2.7863922e-02  -1.5106572e-01   5.8162102e-02   2.2678805e-01   1.8589474e-01  -5.6373360e-03   1.2416019e-01   9.1065198e-02  -9.5712656e-02  -7.1309818e-03   1.3848038e-01   1.3492679e-01  -8.3252166e-02   1.4934916e-01  -9.8230159e-02   2.1371608e-02  -2.0292044e-01   7.7229694e-02   4.2720199e-02   2.6807159e-01   1.5503148e-01   3.1589901e-01   1.4185900e-01  -9.0899592e-03   8.7770131e-03  -1.4133532e-01   7.1505471e-02
  -1.4356134e-01   7.1482745e-02   1.9918396e-01  -5.6562356e-02   1.1539016e-01  -7.7047830e-02  -3.7919631e-02  -2.6839663e-01  -1.5538029e-01  -1.8849224e-01  -2.0135752e-01   2.1760602e-01   9.8587776e-02  -1.7426279e-01  -6.9952356e-02   3.2857739e-02  -3.3136701e-01   3.5757734e-02  -7.6216627e-02   1.0519370e-01   1.0023946e-01   8.5820365e-02  -1.4774758e-01  -1.9487615e-01   6.3535996e-02   7.4245961e-02   1.0141222e-01  -1.4404517e-02  -1.0981413e-01  -5.9112153e-02  -3.4036398e-01   3.0002307e-01   1.5656214e-01   7.9809967e-02   1.1682884e-01   3.1509240e-02  -6.4906087e-02   1.6102478e-01  -1.6076900e-02  -3.6669161e-02  -1.3246393e-01  -1.6181659e-01  -6.8366726e-02  -7.8129291e-02  -1.1774021e-01   1.0054931e-01   5.6972703e-02   1.2759027e-01   1.5212838e-01
  -1.3896065e-01   8.2204300e-02   2.2040234e-01  -1.5185426e-01   6.6277871e-02  -1.5895036e-01  -6.7786603e-03  -7.1655920e-02   2.0959726e-01  -5.6578441e-02   2.5012894e-02  -7.8116652e-02   8.0268075e-02  -1.6389425e-01   5.3231288e-02  -3.4189127e-02   9.9239927e-02  -1.3463038e-01   8.8575397e-02   2.2827588e-01  -6.1840869e-02  -6.5208698e-02  -8.5680857e-02   3.7785258e-01   6.0449315e-02   1.3407056e-01   1.9144022e-01  -9.4265911e-02   1.5159691e-01  -2.9989038e-02   1.6403919e-01  -2.2542867e-01  -2.0817187e-02  -7.5393053e-02  -9.0317320e-02   1.5606950e-01   2.4776065e-02  -2.8648837e-02   9.9882981e-02  -1.1030592e-01   5.2140532e-02  -1.6230405e-01  -4.1844778e-01   2.3148620e-02  -8.3640890e-02   8.9287057e-02   1.5898857e-01   2.2813246e-01   4.6924150e-02
  -1.4994496e-01   9.0743384e-02   9.5188645e-02   1.0561295e-01   2.2473123e-02   4.8343117e-02   3.7673717e-01   2.7364366e-02   2.2177323e-01  -5.2205865e-02   1.8254840e-01  -6.0933627e-02   1.0343346e-01   9.2896654e-02   1.4670112e-01   1.4791433e-01  -2.4120423e-01   7.9811965e-03  -1.2726808e-01  -4.3795175e-02  -2.3457594e-01  -5.1773354e-02  -2.0240795e-02   1.0849733e-01   1.4329959e-01   3.6642447e-02  -1.9958986e-01  -3.1282085e-02  -1.6707313e-01   1.7258528e-01  -2.7939400e-02   5.9773160e-02   1.1810447e-01  -1.4304470e-01   1.8871503e-01  -6.0754256e-02   1.6108966e-01  -3.4496050e-01  -1.2759497e-01   1.8962257e-02  -2.6608618e-01  -2.9000624e-02   3.0796147e-02  -3.6964285e-02   1.1878275e-01   2.0066377e-01   4.4394511e-02   4.8890209e-02  -1.1350865e-01
  -1.3977794e-01  -1.0890030e-01  -1.4109631e-01  -6.0594928e-02   3.2208015e-02   2.3248852e-01   1.4163937e-01   1.0473434e-02  -1.5710001e-01  -2.2386399e-02  -6.5075999e-03  -2.2141665e-01  -1.0752048e-02   9.7777709e-02  -5.0416671e-02   9.9037422e-02   2.2139374e-01   1.5457535e-01  -1.7051766e-01  -6.6322648e-02  -1.7473178e-01  -2.1437833e-01  -8.1891890e-02  -3.1650559e-01   1.2956935e-01  -6.3433764e-03  -5.6694388e-02  -8.8166453e-02  -7.4259164e-02  -1.1850291e-01  -5.7853170e-02  -7.8581187e-03  -5.9600347e-02  -2.8890727e-01  -4.8560629e-02   1.7075051e-01  -1.1018705e-01   1.4915484e-01  -6.6698030e-02  -3.5200299e-01   1.5978629e-01  -1.5770162e-01  -2.1120761e-01  -1.8228497e-01  -4.1952791e-02   9.3899689e-02   9.3425185e-02  -3.6228187e-02  -5.3085686e-02
  -1.2457287e-01  -2.1111521e-02  -5.3848387e-02  -3.2301031e-02   4.4275403e-02   2.8105015e-02  -2.1282196e-01   2.5362774e-01   8.1398333e-02   7.4297080e-02  -1.0296835e-01  -1.4212407e-01   1.5204535e-01  -1.1371209e-02  -2.5971652e-01   1.4415999e-01  -3.6999759e-02  -3.3196409e-02  -3.5555872e-02   8.6416371e-02   2.6286248e-01  -1.2263128e-01  -2.5938635e-01   6.4967013e-02  -1.7435945e-01  -2.5767894e-02  -9.9573200e-02  -2.4836142e-01  -3.1086457e-01   1.0752127e-01  -1.8049878e-02  -1.8656147e-01  -9.8376397e-02  -1.4771250e-01   7.8030803e-02  -1.6117485e-01  -9.0081218e-02  -3.9051529e-02   9.8608297e-02  -1.1181378e-01  -1.8505832e-01   9.5014493e-02   5.0679139e-02   8.5495547e-02   6.9805656e-02   3.8819539e-02  -3.7212175e-02  -4.0382616e-02   3.7747178e-01
  -1.2550368e-01  -1.4138159e-01  -6.4288086e-02   1.8896658e-01   1.8773317e-01  -1.2841926e-02  -1.9976498e-01  -5.9312055e-02  -1.0013959e-01   1.5534135e-01   5.3551633e-02  -2.5197125e-01  -7.5026756e-02  -9.8485324e-02  -3.9796745e-02   1.0009909e-01  -2.8698999e-02   3.5501396e-02   1.5771815e-01  -6.1755389e-02  -1.2929604e-01   7.9211359e-03   1.8261641e-02   1.9021701e-01  -9.9808536e-02   2.3223004e-01  -1.2806372e-02   4.6868061e-02   1.7119655e-01  -1.1594540e-01  -4.2417963e-01  -1.7737063e-01   1.6651608e-01   5.1241131e-02   1.2843505e-01  -1.3583968e-01   2.6513926e-01   1.0778372e-01   1.2058973e-02  -1.4533980e-01   1.2333118e-01   9.8316103e-02   1.4381357e-01   9.1374661e-02  -5.1097464e-03   2.6472521e-01   7.0932848e-02  -4.2438837e-02  -1.1976125e-01
  -1.3616029e-01  -1.0105170e-01   8.9750864e-02   7.4177886e-02  -9.7542268e-02   7.0144142e-02   2.6017341e-02   2.2495353e-02  -2.2306593e-01  -1.5369167e-01   2.2577868e-01   8.9548369e-02  -1.8617671e-01   1.2134962e-01   6.1364413e-02  -2.0113273e-01  -1.2756282e-01   2.1802521e-02  -1.8149722e-01   6.8111599e-02   5.4227897e-02  -2.3736973e-01  -1.9798792e-03   1.3726772e-02  -4.9597752e-02   1.8104091e-01  -2.3770882e-01   2.4655536e-01   2.6339324e-02   4.4617330e-02  -1.0205740e-02  -2.3419074e-01  -3.0122435e-01   1.7123934e-01   1.7307788e-01   2.4242870e-01  -4.7215322e-02   3.6718442e-02   1.2699768e-01   1.5150017e-02   3.9625478e-02  -6.7846338e-02   1.1366183e-01   1.4608557e-01  -4.1573625e-03   7.6901935e-02  -9.1293125e-02   2.7175060e-01   1.8668747e-01
  -1.5681193e-01   1.5683633e-03   1.3540612e-02  -3.8229981e-01   1.4672432e-01  -1.2957982e-01  -9.3745246e-02  -9.3825438e-03   1.7628639e-01   1.5002724e-01   1.8413663e-02   3.0504886e-03  -2.3722184e-02   2.0023600e-01   1.1747637e-01   5.4286117e-02   2.3582254e-01  -1.7090968e-01  -1.4328540e-02   4.7113934e-02   9.5275559e-02   3.4606654e-02  -4.1082063e-02  -8.5137040e-02   1.6077866e-01  -1.2452781e-01   8.3472011e-03   2.5329530e-01  -2.5831886e-01  -7.9282206e-02  -1.5866194e-02  -9.2143558e-02   1.1382455e-01   1.8218479e-03   1.2985998e-01  -1.4254904e-02   7.2169786e-02  -4.5170214e-02   1.9058771e-02  -2.6304113e-02   7.3153787e-02  -6.1461274e-02   3.7868959e-01  -8.9160919e-02  -3.6319470e-01  -5.4766655e-03   6.5568366e-03   1.9466467e-01  -8.9694928e-02
  -1.4191138e-01   1.8305389e-01   2.1112199e-01   4.7037605e-02   8.0385815e-02   2.1743650e-01  -1.0362648e-01  -1.3757018e-01  -4.2760238e-02   8.5595668e-02   9.0027556e-02  -1.3004223e-01  -8.7680121e-02  -1.5066869e-01  -2.8922035e-01   1.8221697e-01   6.8945404e-02   1.5502645e-01  -1.0708571e-01   1.8072157e-02   1.6644870e-01   1.3984004e-01  -1.9182333e-01   4.7343163e-02   1.3944894e-01  -1.9223369e-01  -9.7672113e-02   1.2416597e-01   1.2405060e-01   2.0986411e-01   1.3370387e-01   5.9677205e-03  -2.8845515e-02   6.0716514e-02  -3.5008801e-02   1.6791825e-02   6.3934535e-02  -2.3296002e-02   5.6983698e-02   7.4637034e-02   6.8811265e-02  -4.3334413e-01   8.8949488e-02   1.9864682e-01   7.8715871e-02  -4.1632169e-02  -9.3176636e-02  -1.7019334e-01  -2.1030040e-01
  -1.5051414e-01   4.1875320e-02   1.9195909e-01  -1.0357952e-02   1.7849675e-01  -4.9258244e-02   1.1860883e-01   1.2019164e-01  -1.8283452e-01  -2.2702709e-02   1.4894563e-01  -6.0174339e-02   1.6426837e-01  -9.6194832e-02   4.2932167e-02  -2.3143920e-01   2.2528155e-01   2.4602543e-01   1.4444657e-01   1.8666939e-01  -2.0960803e-02   1.9110177e-01  -2.8762332e-02  -7.2422473e-02  -1.2022844e-01   1.0749489e-01  -2.3810961e-01  -1.2966788e-01  -2.0027706e-02   3.5931621e-02  -9.3664697e-02   5.7923671e-02   1.7254835e-01  -2.5642622e-01  -1.4063615e-01   1.4780856e-01   7.1672741e-02  -1.2102842e-02   2.8887476e-01   2.5065994e-01   4.7610997e-02   1.2986227e-01   1.3073333e-01  -1.8193587e-01   6.8028895e-02  -1.6681811e-01  -7.5150461e-02   6.8824141e-02   1.4096719e-02
  -1.4799934e-01  -5.7873798e-02   1.4696983e-02   2.4641106e-01  -5.0750750e-02  -8.6869654e-02   8.5875678e-02  -4.7348355e-02   2.5142445e-01  -1.6091142e-02   6.9711403e-02   1.5423422e-01  -7.7030706e-02  -4.4935998e-02   3.4314125e-02   2.2259911e-01   4.4445752e-02  -1.3741169e-01  -1.3733478e-01   7.0763926e-02  -2.9879624e-02   1.0924067e-01  -1.3549908e-01  -1.5617146e-01   1.1859968e-01  -2.3769148e-01   3.0321476e-02   1.6155428e-01  -4.5072611e-02  -2.7188621e-01  -2.0135610e-01  -2.4860158e-01  -1.6230177e-01  -2.1242083e-02  -9.9334243e-02  -1.3922111e-01  -1.9777239e-02   1.9024822e-01   3.0245749e-01   2.0805300e-01  -6.1565370e-03   1.3771054e-01  -1.5599461e-01  -1.3808451e-01   2.6753928e-01   5.6116807e-03  -4.5954346e-02   4.4132328e-03  -5.9571007e-02
  -1.3500133e-01   8.6018118e-02  -1.0160170e-01  -5.4700831e-02  -7.0840131e-02   1.4806394e-01  -4.5318806e-02  -2.5994456e-01   2.4187044e-01  -2.0714443e-01   1.4694368e-01   4.7607205e-02  -8.3144010e-02   2.3362049e-01  -2.2473692e-02   1.8053453e-01   7.3502378e-02   4.9145674e-03   1.8164452e-01  -2.4696865e-01   4.6365471e-02   2.7099653e-01   1.2381457e-01   4.7339436e-02  -3.0835972e-01   2.0110731e-01  -1.7612397e-01  -1.7522055e-01  -9.9841661e-02  -1.1603528e-01  -6.8106134e-02   2.0239406e-02  -1.8379044e-01  -4.4460972e-02   4.3088164e-02   7.8411176e-02   1.8122202e-02   5.0093565e-02  -7.8085872e-03   2.2428788e-01   2.9197662e-02  -1.7563253e-01  -9.7203367e-02  -3.0883482e-03  -2.0072331e-01  -2.7510945e-02   1.2801465e-01  -1.2824231e-01   1.1969276e-01
  -1.3117659e-01  -9.9992586e-02  -1.0505304e-01   1.1548082e-01   1.9624202e-01  -1.7264866e-02  -9.0095880e-02  -1.2794634e-01  -1.3252483e-01   2.3393397e-02   1.8259063e-02  -1.4120352e-01   1.1215840e-01   6.0637576e-02   2.2899571e-01  -8.3923991e-02   4.8803700e-02  -6.1081039e-02  -5.5117290e-02   1.4275243e-01   1.3048089e-01   1.5761349e-01   2.4686805e-01   7.2476307e-03   1.3118271e-01  -7.2223056e-03  -7.8701525e-02   2.1379587e-01  -1.1680967e-01   4.4574639e-01   8.0996364e-02   2.3498247e-02  -1.6639632e-01   4.6504968e-02  -3.4910034e-02  -1.7489677e-01   5.3820292e-02   2.2569869e-01  -5.0629845e-03  -3.4872223e-02  -1.3654041e-01   6.0247135e-02  -1.7650147e-01  -9.3995688e-02   7.6682422e-03  -5.9023757e-02   3.8029543e-01  -1.3428551e-01   6.9317725e-02
  -1.2736179e-01  -8.4505245e-03  -6.8172588e-02   1.9654668e-02   1.8866560e-01  -5.0467823e-02   2.3437934e-01   1.2701107e-01   7.4117392e-02  -1.3363951e-01  -1.2335651e-02   3.3449816e-01   1.3993627e-01  -2.5338651e-01  -1.2286748e-01  -1.9322783e-02  -4.9853703e-02  -5.9940132e-02  -1.8739811e-01   1.0720364e-01  -9.6154387e-02   2.7664018e-02   2.4802230e-01  -4.0638949e-02  -1.9129843e-01  -4.2365381e-02  -2.6796087e-02   8.7062257e-02   1.2802264e-01   1.8709815e-02   7.3466298e-02  -5.4668517e-02  -1.0424232e-01  -1.1692783e-01   5.8930646e-02  -2.0503323e-01   1.4089336e-01  -9.1367132e-02   7.9536499e-02  -2.1722351e-01   2.8208991e-01  -6.6117357e-02   5.7820910e-02   3.4062833e-02  -2.8183448e-01   3.6087220e-03  -1.1712667e-01  -2.9881685e-01   1.2029603e-01
  -1.5733972e-01   1.9631047e-01  -1.6712969e-01  -1.6261296e-01   1.3795911e-01   3.1012506e-02  -7.1980547e-03   9.4971136e-02  -1.3312764e-01  -2.1838875e-01   7.8808168e-03   1.5157210e-01  -2.5973097e-01  -1.1731515e-01  -1.1927053e-01   1.5401839e-01   2.1019723e-02   9.4644687e-02   3.6026643e-01   2.1405534e-01   3.4443707e-02  -2.8944671e-01   1.3285229e-01  -1.0715902e-02   8.8463698e-02   2.5373835e-02   8.2600639e-03   1.7135390e-01  -1.0732669e-01   5.3438487e-02  -7.7665789e-02  -2.1134435e-01   9.5040337e-02   6.4768698e-02  -7.1489143e-02   3.9550877e-02  -1.7349119e-01  -1.5375101e-01  -1.9854464e-01   2.0065385e-01  -8.7785252e-02   1.0473056e-01  -1.0540216e-01  -1.0719637e-01   3.3830453e-02   6.8315715e-02   4.1335127e-03  -2.1584747e-01  -8.8941083e-02
  -1.5285370e-01   1.1482268e-01   6.6918969e-02   2.0216588e-02  -8.7973065e-02   1.3283748e-01   5.3065755e-02   3.5365050e-01  -1.6111868e-01  -1.0351074e-01   4.8809381e-02  -5.3536134e-02   1.2697668e-01   1.7443110e-01  -1.4308817e-01  -6.2750111e-02  -1.0866788e-01  -2.7134920e-01   1.5226000e-01  -1.1693730e-01  -1.8676038e-01   7.2435307e-02  -5.5833316e-02   5.6915583e-03   5.2665074e-02   4.9587307e-02   1.1489528e-01   1.5650755e-01   2.1854488e-01  -6.6641613e-02  -1.0815203e-01  -1.0671032e-01  -1.1581140e-02  -9.2947052e-02  -2.4277880e-01  -2.4064936e-01   1.1503420e-02   1.5517188e-01  -1.5171078e-01   2.3688814e-02  -2.4116166e-01  -2.5590455e-01   1.1102681e-01  -5.0638458e-02  -8.3916278e-02  -2.6077769e-01   6.1924292e-02   1.0168170e-01   8.6320175e-02
  -1.4226441e-01  -1.8987692e-01  -1.5455695e-02   8.4952803e-02  -2.6696543e-01   1.8426889e-01  -1.2075542e-01  -8.6767154e-02  -4.9082619e-03  -1.1936674e-01   8.7614271e-02   2.2962163e-01   6.0484999e-02  -1.2635816e-02   1.7016925e-01  -1.2896808e-01   2.0406042e-01   5.5367006e-02   4.9117570e-02   1.9609913e-01   2.4759224e-01  -1.2183776e-01   6.0060746e-02   7.1816094e-02  -6.0216836e-02  -2.0960565e-01  -7.2142806e-02  -2.8132592e-01   2.3669514e-01  -1.8438326e-02  -1.1658855e-01  -1.0571146e-02   6.5733161e-02  -4.4006603e-02   1.0596765e-01  -3.1879365e-01  -1.6331313e-01  -1.2059318e-01  -3.3452867e-02  -1.0258647e-01  -1.1530242e-01  -1.4694773e-01   9.3908053e-02  -1.0967351e-01  -2.9626593e-02   5.2482014e-02   9.5685585e-02   1.2004436e-01  -2.3971303e-01
  -1.5369124e-01  -7.5024582e-02   1.2518662e-01   7.8828277e-03  -3.7990020e-01  -1.6739509e-02  -3.0761521e-01   1.1436106e-01  -4.7329385e-02   1.7935648e-02   5.2227321e-02  -6.6580877e-02  -1.4979629e-01  -3.6860022e-02   4.3347857e-02   2.6267786e-01  -6.2452955e-02  -1.5817956e-02  -2.4814478e-02   1.3513940e-01  -1.5316170e-01   4.1800350e-02   2.8942513e-01  -6.5366367e-03   3.3446044e-01   1.0755181e-01   9.0136346e-02  -8.9513923e-02  -5.3400740e-02   5.2463536e-02  -1.3602900e-01   2.0160897e-01  -3.3834506e-02  -4.6880387e-02  -1.3402943e-02   2.7597366e-02   4.6756434e-02  -2.8596889e-01   1.7406146e-01  -5.7341603e-02   1.9715408e-01   1.7258754e-02   1.5747657e-02  -1.7644833e-02  -9.4309630e-03  -2.3502521e-01  -1.0770212e-02  -6.0318300e-02   2.0322439e-01
  -1.3327886e-01   1.8001731e-01   8.6141696e-03   1.9093809e-01  -3.1130900e-02   8.1375799e-02   4.6043070e-02   2.8106873e-01  -9.9996843e-02   3.0153393e-01  -1.3078732e-01   5.5940473e-02   7.3284016e-02   1.2287858e-01   1.8700405e-02  -3.9327760e-03   3.9878953e-03  -1.8946196e-01   3.7776403e-02   2.7685829e-01   1.1139756e-01   1.7308309e-01  -4.8012780e-02   8.1320621e-02   3.2676825e-02   9.2127112e-02  -3.0764458e-01   6.6034002e-02  -3.3278188e-03  -3.8110426e-01   7.6628969e-02   2.4831997e-01  -4.6827829e-02   1.3492962e-01   7.4793443e-02   1.1957564e-01  -1.6656411e-01  -6.1897879e-02  -5.0584451e-02  -4.2134918e-02   4.5016534e-02   6.6767519e-02  -1.4981770e-01   1.1087234e-01  -1.0122230e-01   1.2671262e-01   1.3164999e-01  -1.2617253e-01  -1.3783560e-01
  -1.6080183e-01  -2.8633758e-02   7.1860331e-02   3.4573449e-02   1.5501206e-01  -3.3268379e-01   5.5905398e-02   1.5172615e-01   5.0739783e-02   8.5732152e-02   1.2864552e-01  -1.7553828e-01  -1.3734858e-01   5.6983299e-02  -1.5867164e-02  -7.1654574e-02   8.4214372e-02   1.9013097e-01  -2.2051399e-01   5.7708000e-02   1.5330405e-01  -2.7063152e-01   1.7884601e-01  -9.1037666e-02  -7.1472344e-02   1.2888983e-01   3.1074120e-01  -1.4468217e-01   1.1799053e-02  -2.4901324e-01   1.6639907e-02   2.1600827e-01  -1.9669326e-01   8.1515342e-03   6.0866691e-02  -1.1114609e-01   9.3672156e-02   4.9445406e-02  -7.9615750e-02   2.3954879e-01  -2.1029020e-01  -1.6871101e-01   2.0616715e-02   1.1105733e-01   1.4078970e-03  -4.7952279e-02   4.4945614e-02  -1.1792616e-01  -8.5934209e-02
  -1.3854990e-01   4.5113165e-02  -1.9541676e-01  -1.0836277e-01  -3.0080144e-01  -2.5865435e-01   7.3011032e-02  -6.2672896e-02  -9.9154032e-04  -1.3423178e-01  -4.8278222e-02  -1.2809484e-01   2.2499057e-01  -7.2709818e-02  -7.2363760e-03   3.0940834e-02  -2.4926348e-01  -1.1678656e-01  -9.0491379e-02  -8.7036451e-02   3.0370191e-01  -9.6607490e-02   8.9231331e-02   7.2600830e-02  -7.5927123e-02   8.4075163e-02  -5.8512999e-02   6.6092525e-02  -3.6755130e-02  -1.5953659e-03  -6.0515878e-02  -2.5319541e-02   1.5746356e-02  -9.8297581e-02  -3.6880986e-01   2.4296840e-01  -1.4852194e-02   2.9294806e-02   1.5311823e-01  -1.0956086e-01   2.4740165e-02  -1.6781126e-02   2.2989276e-01   2.8497480e-02   8.0634797e-02   4.2250062e-02   1.1210178e-01  -1.2671769e-01  -3.2084640e-01
  -1.2460563e-01  -1.8484129e-01  -1.5517448e-01   4.7470559e-02  -1.2917297e-02  -2.1538351e-01   1.2946865e-01   4.2299937e-02  -9.2529533e-02  -2.8183548e-02  -1.9826997e-01  -1.2218039e-01  -2.6924153e-02   1.6792832e-01  -1.1301907e-01   2.3485510e-01   6.1730794e-02  -2.9730724e-02   1.7892385e-01   1.1402023e-01   8.3398057e-02   2.6728569e-01   5.0734256e-02  -2.6304950e-01  -9.0776819e-02  -9.8243983e-02   1.0057575e-01   1.8980902e-03   3.4411924e-01   1.8031569e-01   9.2723476e-02   4.7606501e-02  -1.2905647e-01  -6.3023972e-04  -2.2053569e-02   1.2366461e-01   6.4226907e-02  -2.2178906e-01  -2.1200579e-02   5.5722050e-02  -6.9838270e-02  -3.9705273e-02   1.6768891e-02  -3.9127953e-02   2.0288558e-02   3.5608279e-01  -1.2154774e-01   2.4222869e-01   1.0250680e-01
  -1.2993018e-01   1.5584819e-01  -1.5691708e-01  -9.2303351e-02  -1.6776934e-02   2.2577839e-01   8.9315255e-03  -3.7432531e-02   2.5329314e-02  -4.7028934e-02  -1.5250107e-01  -1.6675421e-01  -2.5082138e-01  -2.5254238e-01   2.0225078e-01  -2.2101013e-01   6.2702960e-02  -7.2674202e-02  -1.4979818e-02   5.5249828e-02  -3.1000886e-01   1.0880508e-01   3.4703662e-02   7.2530229e-02  -1.1723821e-01  -7.5411728e-02   1.5039965e-01   2.9723978e-02  -1.5929279e-01  -2.6869323e-02   2.9681275e-02   1.9891795e-01  -1.2602749e-01  -7.0404013e-02  -1.5136554e-01  -1.2441590e-01  -2.3103492e-01   9.9090416e-03   1.9905902e-01   4.3206322e-02  -9.0058610e-02  -6.2253727e-02   2.3402838e-01   1.8921684e-01   6.9689677e-02   3.1235046e-01  -6.0069247e-04   4.1669168e-02   7.2801352e-02
  -1.6034427e-01   1.5750579e-01  -8.3148486e-02  -7.6612725e-02  -1.5804072e-01  -1.2701220e-01   1.1423260e-01  -9.1281036e-02  -5.6444618e-02   2.8889236e-01   2.3247487e-01   1.6707602e-01   4.2304474e-02  -4.0228024e-02  -2.0403041e-01   1.5089448e-02   1.0274665e-01   2.7950853e-01  -1.8422224e-01  -1.6161909e-01  -1.2630229e-01   4.0315185e-02  -1.8954762e-01   9.4421584e-02   8.3062319e-02   4.4127795e-02   4.9601487e-02  -7.0572402e-02   1.3622978e-01   1.1697905e-01  -4.1252024e-02   3.1806398e-03  -1.0362256e-01   2.5190323e-01  -2.2293781e-01  -9.9707394e-02  -1.7053783e-01  -6.6001858e-02  -2.9071064e-02   1.1274095e-02  -2.5690067e-02   2.6957750e-01   7.9097877e-02  -1.2334447e-01  -2.2483327e-01   1.2140064e-01   2.2714495e-01   3.2096007e-02   1.3406690e-01
  -1.4358984e-01   5.6168659e-02  -2.7293041e-01   1.3498681e-01   7.2306178e-02   2.6066026e-01   1.8207733e-01   2.4389064e-01   3.0477844e-02   6.0154027e-02  -2.9990287e-02  -1.8832925e-02   2.5155330e-02  -8.0643272e-02   2.0395452e-01  -3.4917817e-02  -6.1222803e-02  -9.0270537e-02  -1.0817708e-02  -9.5140572e-02   2.3827831e-01   8.8763442e-03  -1.4372196e-01   1.5427736e-01   7.0139393e-02   6.1177884e-02   3.4363232e-01  -1.9018917e-01  -5.9995765e-02   1.9871386e-01  -1.3122917e-01   2.5700688e-02  -4.7685663e-02   2.3059890e-01   1.1615705e-01   1.5322498e-01   7.1362564e-02   3.5972404e-02   3.3508068e-02   1.4555095e-01   2.6811325e-01  -9.6411429e-02   1.7432642e-03  -2.8824563e-01  -4.6714192e-02  -6.2792035e-02  -1.4829032e-01   3.2944314e-02  -3.3252828e-02
  -1.3317331e-01  -4.3793454e-02   2.8683310e-01  -2.3076151e-01  -4.7946457e-02  -3.9247902e-03   9.1961866e-02   1.1208513e-01   6.0919172e-02  -1.0037303e-01  -2.8695537e-01   1.5324696e-01  -1.0684279e-01   9.0134106e-02  -1.4922294e-01  -2.2443614e-01   8.8538094e-02   8.3701139e-02   2.1109087e-01  -2.5278133e-01   1.2207288e-01   2.2890235e-03   1.7264111e-02   1.5419063e-01   2.4299297e-01   1.0880356e-02  -9.9876274e-02  -2.4804679e-02  -4.3341945e-02   6.4381378e-03  -3.9576750e-02   1.4308949e-01  -3.1466373e-01   3.0425420e-04   9.2179438e-03  -1.3731158e-01   2.6193916e-01   9.7008781e-02  -2.3349933e-02  -1.1936007e-01   1.2699641e-01   1.1593211e-01   1.8067190e-02  -9.4902406e-02   2.5635150e-01   1.8345818e-01   1.2433106e-02  -4.6400598e-02  -4.8463523e-02
  -1.3883789e-01  -1.1777073e-01  -9.8367287e-02   5.4820751e-02  -1.7062884e-01  -1.6912473e-01   1.1840807e-01  -2.6042919e-01   3.5774201e-02   1.8673830e-01  -4.6422390e-03  -8.4241644e-02  -1.4025269e-01   1.3910951e-01  -1.7742414e-01  -2.2209263e-01   5.2533827e-02  -2.0570162e-01  -3.1824657e-02   1.4120359e-01  -2.0038338e-02  -1.7319835e-01  -7.0961248e-02   2.0716551e-01  -1.1971378e-01  -6.7532259e-02  -1.2483867e-01   1.4565333e-01  -4.0215543e-02   4.0940474e-02  -4.6644287e-02   1.7996713e-01   2.6580200e-01  -5.9893720e-02  -6.7772351e-02  -8.8979297e-02   2.6659498e-05   2.0796375e-02  -1.8980214e-01   1.2927903e-01   2.1035931e-01  -1.8660095e-01  -6.4801263e-02  -2.0952200e-01   1.4912342e-01  -4.2325291e-03  -1.6159483e-01  -1.1538003e-01   2.9123984e-01
  -1.4582704e-01  -3.5631009e-01  -1.4140043e-01  -1.3316677e-01   2.2308820e-01  -2.0618924e-03   1.2250837e-01  -3.0367906e-03   1.8456228e-02   9.7059957e-02  -3.9234451e-04   1.2706693e-01  -1.5382966e-01  -3.5795411e-02  -1.9196929e-01   1.6904753e-01  -3.9205068e-02  -7.4688854e-02  -3.7363463e-02  -3.5524377e-02  -6.5973948e-02   8.5401291e-02   1.3552591e-01   1.7573313e-01   2.4916975e-02   2.3188381e-01  -1.4947909e-01  -1.1418544e-01  -8.3528183e-02   8.7711281e-02   5.9824313e-02   1.4087360e-01   4.1046604e-02   9.2464036e-02  -1.1382372e-01  -1.1047575e-01  -2.4433041e-01   1.2567940e-01   8.1002168e-02  -1.0232052e-01  -1.1431203e-01   7.4921645e-03  -9.2198637e-02   9.9409340e-02   4.4410156e-02  -2.4274014e-01  -2.5707954e-01   2.8028537e-01  -2.6357569e-01
  -1.3917177e-01  -1.8521481e-02   2.4110903e-01   1.5144732e-01  -5.9056886e-02  -2.3186265e-02  -1.4747907e-01   1.4471155e-01  -5.7794637e-02  -2.6881770e-01  -2.5837640e-01  -1.5796907e-01  -4.1923484e-02  -2.4212130e-02  -7.5550482e-02   9.6520980e-02   1.7098640e-01   2.2137332e-02  -3.0762459e-01  -1.5696527e-01  -1.1073990e-01  -9.0661654e-03   7.2514393e-02   2.7342377e-01  -3.0701860e-01  -2.4975509e-01  -7.7604425e-03   1.4929394e-01  -5.5970323e-02   6.9893171e-02  -4.9283942e-02   6.9561781e-02   4.0453003e-02   5.8227211e-02   4.1044388e-02   1.4033418e-01  -4.6211658e-02  -4.5182217e-03  -1.1631332e-01   7.4410317e-02  -7.0090122e-02   2.1693373e-01  -1.0238061e-01  -1.8691372e-01  -2.2580198e-01  -4.5894870e-02  -5.6264852e-02   6.9465835e-02  -1.6149682e-01
  -1.4925366e-01   3.0496970e-01   8.3211437e-02   5.9971318e-02   8.8096864e-02  -2.5401121e-01  -1.6126214e-01   4.5875075e-02  -1.5114097e-01   2.2217773e-02   5.7456974e-02   1.1812564e-01   1.6197773e-01   2.9002143e-01   8.8484284e-03  -8.5065259e-02   5.7519308e-02  -1.7972016e-01   1.8024520e-02  -1.8682234e-01  -1.9598154e-01  -7.7356080e-02   1.6417403e-01  -1.6153557e-01  -6.9466563e-02  -1.3327914e-01   2.1201698e-02  -2.6099245e-01  -1.3199245e-01   2.1365974e-01  -7.8966927e-02  -8.6812373e-02   1.0091133e-01   1.5941217e-01   2.6376306e-02  -6.9759708e-02  -1.7120433e-01   1.7332038e-02   1.0953308e-01  -5.2608176e-03   2.3951052e-01  -1.1622189e-01  -1.3176266e-01   1.8762743e-01   1.5925554e-01   1.4097244e-01  -8.8213404e-02   2.7000467e-02  -1.3890336e-01
  -1.5364431e-01  -6.3610637e-02   5.1814274e-02   1.8918001e-01  -4.1730669e-02  -2.3000636e-02   4.5849326e-03  -1.4016765e-01  -9.2368837e-02   1.0502754e-01  -4.0048480e-01   1.3992929e-01  -1.7560117e-02   2.6700336e-01   9.4403999e-02  -3.7367439e-02  -8.3085098e-02   2.4425227e-01  -4.4096781e-02  -4.1036119e-02  -7.6214662e-02   7.6104844e-02   4.7472643e-02   1.5106800e-01   1.7822232e-01   1.7927026e-01   1.4056927e-01  -6.5235026e-02  -3.3264477e-03  -5.4717787e-02   2.5572676e-01  -3.3912497e-01   1.6189898e-01  -1.4255236e-01   6.0517089e-02   3.5495750e-02  -1.3953363e-01   6.5686304e-02   1.5352733e-01   5.7670873e-02  -1.5102850e-01  -8.6627913e-02   1.4141752e-01  -8.3497610e-02  -9.8993507e-02   3.3988813e-02  -1.3404935e-01  -2.5205383e-01   2.0748746e-02
  -1.3763375e-01   2.4920361e-01  -7.8609709e-02   7.9224469e-02  -3.0251534e-02  -2.2183393e-02   5.6225470e-02  -1.7514404e-01  -1.0002402e-01   5.7381317e-02  -1.2899025e-01   4.7444686e-02  -4.1859491e-01   1.6352996e-02  -7.6889781e-02  -1.9593366e-01  -4.2294574e-02  -2.0722260e-01  -1.2356239e-01   8.6938288e-03   1.1652796e-01   9.4420788e-02  -1.5937410e-01  -1.4911682e-01  -3.6762611e-02   6.7543954e-02   7.0053474e-02  -1.3101992e-01   5.4124856e-02   1.2714304e-01  -5.6872455e-02  -1.1218578e-01  -2.8780241e-02  -3.5150616e-01   9.9118441e-02  -2.2996055e-02   1.5626914e-01  -1.4867059e-01  -9.4641450e-02  -5.6440999e-02   1.4385574e-02   2.6596730e-01  -7.9637826e-02   1.7414209e-01  -7.5385224e-02  -2.6348384e-01   1.0324905e-01   1.0340077e-01  -1.6939636e-01
  -1.4859893e-01  -1.2731869e-01  -7.7749902e-02  -1.3978173e-01  -8.5701072e-02   3.9727513e-02  -9.3839372e-02  -5.2629848e-02  -6.3085969e-02  -1.5677627e-01   2.1567865e-01   1.4204453e-03   2.9737823e-02   2.9347350e-01  -2.7281687e-02  -1.3606727e-01  -1.3646155e-01   1.0631477e-01   8.6018275e-02   2.8446807e-01  -1.9005222e-01   1.2895826e-01  -3.1068859e-01   1.0036037e-02  -1.7824671e-01  -8.4303388e-02   2.3737920e-01   2.1232938e-02  -1.4288551e-01  -2.7300467e-02   8.7742459e-02   8.1217790e-02  -5.4416120e-02   2.1097214e-01  -2.6833406e-02   1.1668451e-02   2.4562250e-01  -4.3435678e-02   9.6083131e-02  -2.3380417e-01  -1.0501527e-01   1.1301187e-01  -1.0878209e-01  -1.5893942e-03  -7.7971960e-03  -5.5420001e-02  -1.7151929e-01  -2.3347936e-01  -1.9590603e-01
  -1.2101771e-01  -1.0487511e-01  -1.0053028e-01   3.9127657e-02  -1.6756782e-01  -2.1043099e-01   7.0947921e-02   7.2327555e-02   9.9595500e-02  -1.3336859e-01  -3.6156835e-02  -1.9386102e-01  -8.7212212e-02  -3.1004028e-01   2.5765453e-02  -2.5861590e-01   1.3672576e-01  -8.1184653e-02   5.2086104e-02  -1.1953662e-01  -5.7029818e-02   1.3429110e-01  -3.7861598e-02  -1.8682989e-01   2.4988549e-01  -7.3025226e-02  -2.7301689e-01  -2.1500969e-01  -3.4380845e-02  -2.6556964e-02  -2.0222551e-02  -1.7620469e-01   1.2703620e-01   3.3124792e-01   5.9917672e-02   9.0999136e-02   8.6377283e-02   4.5053021e-02  -7.4532644e-02  -4.4639326e-02  -2.2805929e-01  -7.9231810e-02  -8.0310815e-02   1.1297079e-01  -1.8656289e-01  -4.8131415e-02  -1.2721454e-01  -1.7184402e-01   7.2877495e-02
  -1.5248929e-01  -1.8930407e-01   4.2178105e-02  -3.1695925e-01  -8.4908611e-02   7.3577560e-02  -1.1802386e-01  -4.4673544e-02  -9.3081962e-02   1.0562543e-01   2.2254297e-02  -1.2050565e-01   1.6747199e-01  -1.4995388e-01  -1.7040879e-02  -2.9041839e-02  -1.9602084e-01  -2.3333418e-01   3.8429208e-02  -1.5825290e-01  -1.2065124e-01  -1.5928519e-01  -1.2783221e-01  -1.4459757e-01   6.2780430e-06   4.6630247e-02  -5.1260745e-02   2.1089323e-02   2.3412796e-01   4.9056798e-02   1.8307390e-01   6.2518292e-02  -6.9015772e-02  -1.1536855e-01   3.3477333e-01  -8.9134935e-02  -1.0939207e-01   3.0813421e-02   1.5438794e-01   3.8229433e-01   2.9035031e-02   1.4487368e-01  -1.1777200e-01  -9.0242649e-02  -9.0896978e-02   6.8222754e-02  -8.4839752e-04  -1.6447012e-01  -1.4949527e-01
  -1.6224040e-01   1.2969842e-01  -2.2075489e-02   1.5425286e-01  -1.4229936e-01   2.1473211e-01  -1.0034478e-01  -2.1579367e-03   2.5750594e-01   3.3082937e-01   1.5256284e-02   1.6191797e-01   4.1473121e-02  -4.9102027e-02  -1.1832420e-01  -7.1896644e-02  -2.2859778e-02   6.4642969e-02   2.0099922e-01  -3.8623982e-02   1.5735609e-03  -2.7017310e-01   2.4784260e-01  -1.5071482e-01  -6.8609522e-02  -9.8146419e-02   2.8147000e-02   1.0135325e-01   1.4138338e-03   1.2305880e-01   3.7323518e-02   1.2937268e-01   9.1308523e-02  -7.4348166e-02  -6.8481618e-02   2.0918544e-01   2.6687910e-01   2.2911899e-01   1.5210458e-01  -6.6294918e-02  -2.5815485e-01   6.4886351e-02  -1.1192979e-01   2.9497656e-02  -1.6484218e-01   7.0662964e-02  -1.3958495e-01   1.3690606e-01   3.5922649e-03
  -1.4290296e-01   9.9176578e-02  -1.9392076e-01  -1.3108759e-01  -2.4648455e-01   8.1294754e-02   5.7667992e-02  -8.8744247e-03  -2.4465542e-01  -1.0604018e-02  -1.0686353e-01   8.7928358e-02   1.6095252e-01  -1.6305214e-01  -4.9640582e-02   1.2489698e-01   2.3396172e-01   7.1701845e-02  -1.3207748e-01  -6.3378408e-02  -3.0965308e-03   6.2339182e-02   8.6906424e-02  -3.9172194e-02  -1.3551206e-01   1.5816844e-01   7.2099703e-02   1.2218929e-01  -1.5815532e-01  -1.7508333e-01   2.5408768e-01  -8.4353768e-02   2.2286277e-01   1.5666244e-01   2.0269134e-01  -1.4064252e-01   3.0938176e-01  -2.2018048e-02   1.1838179e-02   5.1237644e-02  -7.1081701e-03  -5.9272199e-02  -8.2482315e-02   4.6148571e-02   3.0355649e-01  -6.8839508e-02   1.3878932e-01   2.1097096e-01   4.6245845e-02
  -1.3793292e-01   1.1383234e-01   8.6942681e-02   6.9584699e-02  -1.0021878e-03  -9.7151881e-02   2.4288471e-01  -3.0610912e-01  -1.6056921e-01   1.2430686e-01   4.4806543e-02  -1.0370635e-01   1.8627346e-01  -1.3361519e-01   3.3526055e-02   1.2780613e-01   1.0608244e-01  -7.9072657e-02   3.0930921e-01  -3.6177605e-02  -5.9509871e-02  -5.1600780e-02   9.0454190e-02   1.2336377e-01  -4.4111597e-02  -1.9110909e-01   1.1357059e-01   2.0020404e-03  -2.1164766e-02  -9.7324418e-02  -3.5547989e-02   7.6309089e-03  -2.9848601e-01   9.3307628e-03   3.0122430e-01   1.4959981e-01  -1.7068292e-01   2.2156164e-02  -8.6487929e-02  -2.2699623e-01  -1.0658402e-01   8.4653224e-02   1.8967942e-01  -9.1394403e-03   1.1422430e-01  -2.8965997e-01  -1.1929515e-01  -4.4512904e-02   6.3956582e-02
  -1.4319152e-01  -1.4574423e-01  -1.7459448e-01  -1.3257698e-01  -2.5627699e-02  -8.0013144e-02  -2.5683120e-01   1.1448632e-01   1.0924997e-01   2.0783525e-01  -4.5998493e-02   1.9627108e-01   1.9303529e-01  -1.1733307e-01   9.7790174e-02  -1.5753088e-01  -9.7817279e-02   2.3920574e-01  -7.6168427e-02   1.1673170e-02  -1.5170301e-01   2.2400994e-01  -3.9975215e-03   5.1805026e-02  -1.6484357e-02  -9.9665819e-02   2.2713731e-03   9.8335453e-02  -3.6493732e-02   2.1594142e-02  -2.0296942e-01  -1.1982390e-01  -1.8657756e-01  -2.1793483e-01   3.3313582e-02   2.1680726e-01  -4.0888652e-02  -3.1654858e-02  -4.2973658e-01   1.2777028e-01   4.1388282e-02  -1.2785957e-01  -7.2008873e-02   1.4790947e-01   1.6512813e-01  -5.3522533e-02  -4.8271604e-02   4.9046480e-02  -5.4323095e-02
  -1.5343304e-01  -1.7200879e-01   2.0248646e-02  -1.0237623e-01   2.1736214e-01   1.1873504e-01   1.9879197e-02  -9.6359891e-02  -2.9726154e-01   7.4447029e-02  -5.2563421e-02   1.4557463e-01  -3.6079361e-02   3.0973630e-02   2.6327576e-01   1.7283777e-01  -9.5062657e-02  -1.2549704e-01  -4.8757957e-02  -9.8896860e-02  -3.4829888e-03  -1.7295422e-01  -2.6213096e-02   1.2218465e-01   1.8236010e-02  -3.5205473e-01  -1.0516753e-01  -2.5456234e-01   4.0516069e-02  -1.6741966e-01   5.5078244e-02   2.7910653e-03   2.4278743e-02   4.5037818e-02  -3.3549278e-01   1.1212188e-01   3.0425850e-01  -5.6078764e-02  -5.4523018e-02   1.4598074e-01  -2.4338008e-02   5.5830472e-02   1.6125242e-02   1.9233034e-01  -3.9744976e-02  -2.6780614e-02   7.0203863e-02  -3.3965065e-02   1.8227789e-01
  -1.4265694e-01  -1.7907485e-01  -1.9131378e-03   2.5087113e-01   1.7927002e-01   2.7548008e-03  -1.0591477e-01  -8.5085912e-02   4.4295903e-02  -8.7461352e-03  -5.2397234e-02   1.8257216e-02   1.1213514e-01  -5.6414805e-02   6.6477074e-02  -1.6865133e-01   7.8669566e-02   4.1584780e-02   1.6505848e-01  -3.7984888e-01   1.0855273e-01  -1.0794740e-01  -1.6794999e-01  -1.1998468e-01  -2.1939070e-02   1.1411886e-01   6.8688872e-02   3.0426150e-01  -8.9907807e-02  -9.8025706e-02   1.1165678e-02   9.2465071e-02  -1.2515539e-02   2.9014580e-02  -1.6400536e-01  -7.4435746e-02  -1.0706721e-01  -5.3458101e-01   1.2993582e-01  -7.7788012e-02  -9.4846932e-04  -6.7990473e-02  -1.5233055e-01   4.9981957e-02  -1.9878721e-02  -1.0768425e-01   2.3646719e-02   1.6395943e-02   2.9874711e-02
  -1.4141946e-01   4.3538269e-02  -2.1518773e-01   2.1192247e-01   6.5757090e-02  -1.5048510e-01  -9.3156801e-02   1.8639920e-02   2.4342498e-01  -2.1125003e-01  -2.3401806e-01   9.6714328e-03   2.7344239e-02   3.8621179e-02  -6.2509382e-04   8.3966204e-02  -7.8060754e-02   1.7643274e-01   1.5924258e-01   1.2274142e-01  -2.5534798e-01  -2.4452155e-01  -2.4489220e-01  -3.7471256e-02   3.8566468e-02  -3.7198718e-02  -1.6756719e-01  -5.2404967e-02   1.0729067e-01   4.9655930e-02   2.0154745e-01   1.6275655e-01  -3.4317398e-02   9.0568445e-02   6.8479107e-02  -1.2189122e-02   3.0178820e-02   1.5175165e-01   4.6219044e-03   6.5029019e-02   2.1976476e-01  -7.8414162e-04   2.2458864e-01   7.0229961e-02   1.4215554e-02  -2.4337376e-01   2.7328836e-01   1.5261552e-01  -2.3973199e-02
  -1.2767850e-01   1.5624463e-01   1.1208208e-01  -1.0560980e-01  -9.4945288e-02  -1.4632069e-01  -3.9643564e-02   1.1429083e-01   3.6884121e-02   2.9031704e-02   1.5724267e-02   8.4240070e-02  -1.3230075e-01  -4.4800515e-02   5.3810189e-01   2.6780135e-01   1.2168372e-01   5.9431813e-02   6.0998159e-03  -9.4980638e-02   9.2662479e-02  -3.7245908e-02  -2.4879229e-01  -7.7888449e-02  -1.7635417e-01   2.1444188e-01  -9.4121282e-02   1.2767312e-01   1.9650312e-01   1.5030212e-01   3.9181393e-02   1.0999032e-01   7.0788224e-02  -5.1247317e-02  -6.3044918e-02  -1.1716318e-01  -3.5875888e-02   1.8235144e-01  -1.2008534e-01  -1.8988084e-01  -3.3625089e-02   2.6111150e-02  -5.8980531e-02   4.1105750e-02   6.4165344e-02  -1.4287309e-02  -2.6864206e-01  -1.3051139e-01   8.3111496e-02
  -1.4178491e-01   7.0934456e-02  -1.1379456e-02   2.4113056e-01   8.8314313e-03   8.3126848e-04  -1.9005431e-01  -1.2030330e-01  -7.1048038e-02  -1.9395167e-01   2.6074809e-01  -8.8500294e-02   1.2599213e-01  -1.0893046e-01  -2.4876110e-02  -1.3719504e-02  -8.6696665e-02  -1.6148221e-02   3.1755071e-02  -2.3639838e-02   1.2243731e-01   7.7834518e-02   3.7531625e-02  -8.2349909e-03   2.1783848e-01   6.1398270e-02   3.6927468e-02  -6.3156100e-02  -1.5529025e-01  -1.6854216e-01   3.5459963e-01   3.5341601e-02  -3.8716655e-02  -1.5567715e-01  -1.2733772e-01  -1.5386037e-01   1.3123234e-02   1.2364671e-01  -3.3413231e-01   4.1102366e-02   1.7852323e-01   2.0834017e-01   5.6984867e-02  -3.3997580e-02  -1.0573495e-01   1.9438287e-01  -3.0764920e-01   1.8222618e-01  -3.7147173e-03
